Date,Open,High,Low,Close,Volume,Dividends,Stock Splits,Ticker,Company Name,Industry,Sector,CEO,Headquarters,Website,Current Price,Open Price,Market Cap,P/E Ratio,EPS,Dividend Yield,52-Week High,52-Week Low
<<<<<<< HEAD
2002-07-01 00:00:00+05:30,-0.010454655947699962,2314.95,2213.75,-0.010442906990647316,1376164,0.0,0.0,ADANIENT.NS,Adani Enterprises Limited,Thermal Coal,Energy,Mr. Gautambhai Shantilal Adani S.Y. B.Com,"Ahmedabad, India",https://www.adanienterprises.com,2311.75,2238.85,2668245024768,77.16122,29.96,0.00059999997,3743.9,2025.0
2002-07-02 00:00:00+05:30,-0.010624978593510737,2314.95,2213.75,-0.010525133460760117,1376164,0.0,0.0,ADANIENT.NS,Adani Enterprises Limited,Thermal Coal,Energy,Mr. Gautambhai Shantilal Adani S.Y. B.Com,"Ahmedabad, India",https://www.adanienterprises.com,2311.75,2238.85,2668245024768,77.16122,29.96,0.00059999997,3743.9,2025.0
2002-07-03 00:00:00+05:30,-0.010513385416051778,2314.95,2213.75,-0.010525133460760117,1376164,0.0,0.0,ADANIENT.NS,Adani Enterprises Limited,Thermal Coal,Energy,Mr. Gautambhai Shantilal Adani S.Y. B.Com,"Ahmedabad, India",https://www.adanienterprises.com,2311.75,2238.85,2668245024768,77.16122,29.96,0.00059999997,3743.9,2025.0
2002-07-04 00:00:00+05:30,-0.010572118363624438,2314.95,2213.75,-0.010583867318928242,1376164,0.0,0.0,ADANIENT.NS,Adani Enterprises Limited,Thermal Coal,Energy,Mr. Gautambhai Shantilal Adani S.Y. B.Com,"Ahmedabad, India",https://www.adanienterprises.com,2311.75,2238.85,2668245024768,77.16122,29.96,0.00059999997,3743.9,2025.0
2002-07-05 00:00:00+05:30,-0.01064260360645085,2314.95,2213.75,-0.010560370050370693,1376164,0.0,0.0,ADANIENT.NS,Adani Enterprises Limited,Thermal Coal,Energy,Mr. Gautambhai Shantilal Adani S.Y. B.Com,"Ahmedabad, India",https://www.adanienterprises.com,2311.75,2238.85,2668245024768,77.16122,29.96,0.00059999997,3743.9,2025.0
2002-07-08 00:00:00+05:30,-0.01068959223929221,2314.95,2213.75,-0.011024372652173042,1376164,0.0,0.0,ADANIENT.NS,Adani Enterprises Limited,Thermal Coal,Energy,Mr. Gautambhai Shantilal Adani S.Y. B.Com,"Ahmedabad, India",https://www.adanienterprises.com,2311.75,2238.85,2668245024768,77.16122,29.96,0.00059999997,3743.9,2025.0
2002-07-09 00:00:00+05:30,-0.010983255064350706,2314.95,2213.75,-0.010736578144133091,1376164,0.0,0.0,ADANIENT.NS,Adani Enterprises Limited,Thermal Coal,Energy,Mr. Gautambhai Shantilal Adani S.Y. B.Com,"Ahmedabad, India",https://www.adanienterprises.com,2311.75,2238.85,2668245024768,77.16122,29.96,0.00059999997,3743.9,2025.0
2002-07-10 00:00:00+05:30,-0.010807055761465473,2314.95,2213.75,-0.010724829509854317,1376164,0.0,0.0,ADANIENT.NS,Adani Enterprises Limited,Thermal Coal,Energy,Mr. Gautambhai Shantilal Adani S.Y. B.Com,"Ahmedabad, India",https://www.adanienterprises.com,2311.75,2238.85,2668245024768,77.16122,29.96,0.00059999997,3743.9,2025.0
2002-07-11 00:00:00+05:30,-0.011106599323147474,2314.95,2213.75,-0.010548630729317665,1376164,0.0,0.0,ADANIENT.NS,Adani Enterprises Limited,Thermal Coal,Energy,Mr. Gautambhai Shantilal Adani S.Y. B.Com,"Ahmedabad, India",https://www.adanienterprises.com,2311.75,2238.85,2668245024768,77.16122,29.96,0.00059999997,3743.9,2025.0
2002-07-12 00:00:00+05:30,-0.0106660921158534,2314.95,2213.75,-0.010630853474140167,1376164,0.0,0.0,ADANIENT.NS,Adani Enterprises Limited,Thermal Coal,Energy,Mr. Gautambhai Shantilal Adani S.Y. B.Com,"Ahmedabad, India",https://www.adanienterprises.com,2311.75,2238.85,2668245024768,77.16122,29.96,0.00059999997,3743.9,2025.0
2002-07-15 00:00:00+05:30,-0.010513385662313902,2314.95,2213.75,-0.01041354052722454,1376164,0.0,0.0,ADANIENT.NS,Adani Enterprises Limited,Thermal Coal,Energy,Mr. Gautambhai Shantilal Adani S.Y. B.Com,"Ahmedabad, India",https://www.adanienterprises.com,2311.75,2238.85,2668245024768,77.16122,29.96,0.00059999997,3743.9,2025.0
2002-07-16 00:00:00+05:30,-0.010454654397891025,2314.95,2213.75,-0.010507511906325817,1376164,0.0,0.0,ADANIENT.NS,Adani Enterprises Limited,Thermal Coal,Energy,Mr. Gautambhai Shantilal Adani S.Y. B.Com,"Ahmedabad, India",https://www.adanienterprises.com,2311.75,2238.85,2668245024768,77.16122,29.96,0.00059999997,3743.9,2025.0
2002-07-17 00:00:00+05:30,-0.01051338345687885,2314.95,2213.75,-0.010425287298858166,1376164,0.0,0.0,ADANIENT.NS,Adani Enterprises Limited,Thermal Coal,Energy,Mr. Gautambhai Shantilal Adani S.Y. B.Com,"Ahmedabad, India",https://www.adanienterprises.com,2311.75,2238.85,2668245024768,77.16122,29.96,0.00059999997,3743.9,2025.0
2002-07-18 00:00:00+05:30,-0.010707211507843137,2314.95,2213.75,-0.010548630729317665,1376164,0.0,0.0,ADANIENT.NS,Adani Enterprises Limited,Thermal Coal,Energy,Mr. Gautambhai Shantilal Adani S.Y. B.Com,"Ahmedabad, India",https://www.adanienterprises.com,2311.75,2238.85,2668245024768,77.16122,29.96,0.00059999997,3743.9,2025.0
2002-07-19 00:00:00+05:30,-0.010630854010580303,2314.95,2213.75,-0.010507511906325817,1376164,0.0,0.0,ADANIENT.NS,Adani Enterprises Limited,Thermal Coal,Energy,Mr. Gautambhai Shantilal Adani S.Y. B.Com,"Ahmedabad, India",https://www.adanienterprises.com,2311.75,2238.85,2668245024768,77.16122,29.96,0.00059999997,3743.9,2025.0
2002-07-22 00:00:00+05:30,-0.010337184222385803,2314.95,2213.75,-0.010260829702019691,1376164,0.0,0.0,ADANIENT.NS,Adani Enterprises Limited,Thermal Coal,Energy,Mr. Gautambhai Shantilal Adani S.Y. B.Com,"Ahmedabad, India",https://www.adanienterprises.com,2311.75,2238.85,2668245024768,77.16122,29.96,0.00059999997,3743.9,2025.0
2002-07-23 00:00:00+05:30,-0.009984776705731523,2314.95,2213.75,-0.010260829702019691,1376164,0.0,0.0,ADANIENT.NS,Adani Enterprises Limited,Thermal Coal,Energy,Mr. Gautambhai Shantilal Adani S.Y. B.Com,"Ahmedabad, India",https://www.adanienterprises.com,2311.75,2238.85,2668245024768,77.16122,29.96,0.00059999997,3743.9,2025.0
2002-07-24 00:00:00+05:30,-0.010160984622893655,2314.95,2213.75,-0.00999065488576889,1376164,0.0,0.0,ADANIENT.NS,Adani Enterprises Limited,Thermal Coal,Energy,Mr. Gautambhai Shantilal Adani S.Y. B.Com,"Ahmedabad, India",https://www.adanienterprises.com,2311.75,2238.85,2668245024768,77.16122,29.96,0.00059999997,3743.9,2025.0
2002-07-25 00:00:00+05:30,-0.01027844848634803,2314.95,2213.75,-0.01008462905883789,1376164,0.0,0.0,ADANIENT.NS,Adani Enterprises Limited,Thermal Coal,Energy,Mr. Gautambhai Shantilal Adani S.Y. B.Com,"Ahmedabad, India",https://www.adanienterprises.com,2311.75,2238.85,2668245024768,77.16122,29.96,0.00059999997,3743.9,2025.0
2002-07-26 00:00:00+05:30,-0.009837945626120106,2314.95,2213.75,-0.00977333914488554,1376164,0.0,0.0,ADANIENT.NS,Adani Enterprises Limited,Thermal Coal,Energy,Mr. Gautambhai Shantilal Adani S.Y. B.Com,"Ahmedabad, India",https://www.adanienterprises.com,2311.75,2238.85,2668245024768,77.16122,29.96,0.00059999997,3743.9,2025.0
2002-07-29 00:00:00+05:30,-0.00992604775956309,2314.95,2213.75,-0.009532530792057514,1376164,0.0,0.0,ADANIENT.NS,Adani Enterprises Limited,Thermal Coal,Energy,Mr. Gautambhai Shantilal Adani S.Y. B.Com,"Ahmedabad, India",https://www.adanienterprises.com,2311.75,2238.85,2668245024768,77.16122,29.96,0.00059999997,3743.9,2025.0
2002-07-30 00:00:00+05:30,-0.009926045287448879,2314.95,2213.75,-0.009426805190742016,1376164,0.0,0.0,ADANIENT.NS,Adani Enterprises Limited,Thermal Coal,Energy,Mr. Gautambhai Shantilal Adani S.Y. B.Com,"Ahmedabad, India",https://www.adanienterprises.com,2311.75,2238.85,2668245024768,77.16122,29.96,0.00059999997,3743.9,2025.0
2002-07-31 00:00:00+05:30,-0.009573639178273407,2314.95,2213.75,-0.009338703006505966,1376164,0.0,0.0,ADANIENT.NS,Adani Enterprises Limited,Thermal Coal,Energy,Mr. Gautambhai Shantilal Adani S.Y. B.Com,"Ahmedabad, India",https://www.adanienterprises.com,2311.75,2238.85,2668245024768,77.16122,29.96,0.00059999997,3743.9,2025.0
2002-08-01 00:00:00+05:30,-0.009397438431707743,2314.95,2213.75,-0.009450295940041542,1376164,0.0,0.0,ADANIENT.NS,Adani Enterprises Limited,Thermal Coal,Energy,Mr. Gautambhai Shantilal Adani S.Y. B.Com,"Ahmedabad, India",https://www.adanienterprises.com,2311.75,2238.85,2668245024768,77.16122,29.96,0.00059999997,3743.9,2025.0
2002-08-02 00:00:00+05:30,-0.009397439478361328,2314.95,2213.75,-0.009356322698295116,1376164,0.0,0.0,ADANIENT.NS,Adani Enterprises Limited,Thermal Coal,Energy,Mr. Gautambhai Shantilal Adani S.Y. B.Com,"Ahmedabad, India",https://www.adanienterprises.com,2311.75,2238.85,2668245024768,77.16122,29.96,0.00059999997,3743.9,2025.0
2002-08-05 00:00:00+05:30,-0.009867310991790812,2314.95,2213.75,-0.009338703006505966,1376164,0.0,0.0,ADANIENT.NS,Adani Enterprises Limited,Thermal Coal,Energy,Mr. Gautambhai Shantilal Adani S.Y. B.Com,"Ahmedabad, India",https://www.adanienterprises.com,2311.75,2238.85,2668245024768,77.16122,29.96,0.00059999997,3743.9,2025.0
2002-08-06 00:00:00+05:30,-0.009397439909704866,2314.95,2213.75,-0.009209491312503815,1376164,0.0,0.0,ADANIENT.NS,Adani Enterprises Limited,Thermal Coal,Energy,Mr. Gautambhai Shantilal Adani S.Y. B.Com,"Ahmedabad, India",https://www.adanienterprises.com,2311.75,2238.85,2668245024768,77.16122,29.96,0.00059999997,3743.9,2025.0
2002-08-07 00:00:00+05:30,-0.009514904698949781,2314.95,2213.75,-0.009379821829497814,1376164,0.0,0.0,ADANIENT.NS,Adani Enterprises Limited,Thermal Coal,Energy,Mr. Gautambhai Shantilal Adani S.Y. B.Com,"Ahmedabad, India",https://www.adanienterprises.com,2311.75,2238.85,2668245024768,77.16122,29.96,0.00059999997,3743.9,2025.0
2002-08-08 00:00:00+05:30,-0.009573641947858737,2314.95,2213.75,-0.009238860569894314,1376164,0.0,0.0,ADANIENT.NS,Adani Enterprises Limited,Thermal Coal,Energy,Mr. Gautambhai Shantilal Adani S.Y. B.Com,"Ahmedabad, India",https://www.adanienterprises.com,2311.75,2238.85,2668245024768,77.16122,29.96,0.00059999997,3743.9,2025.0
2002-08-09 00:00:00+05:30,-0.009279968717925904,2314.95,2213.75,-0.009309336543083191,1376164,0.0,0.0,ADANIENT.NS,Adani Enterprises Limited,Thermal Coal,Energy,Mr. Gautambhai Shantilal Adani S.Y. B.Com,"Ahmedabad, India",https://www.adanienterprises.com,2311.75,2238.85,2668245024768,77.16122,29.96,0.00059999997,3743.9,2025.0
2002-08-12 00:00:00+05:30,-0.009344582679101017,2314.95,2213.75,-0.00935045350342989,1376164,0.0,0.0,ADANIENT.NS,Adani Enterprises Limited,Thermal Coal,Energy,Mr. Gautambhai Shantilal Adani S.Y. B.Com,"Ahmedabad, India",https://www.adanienterprises.com,2311.75,2238.85,2668245024768,77.16122,29.96,0.00059999997,3743.9,2025.0
2002-08-13 00:00:00+05:30,-0.009362202682128246,2314.95,2213.75,-0.009315215982496738,1376164,0.0,0.0,ADANIENT.NS,Adani Enterprises Limited,Thermal Coal,Energy,Mr. Gautambhai Shantilal Adani S.Y. B.Com,"Ahmedabad, India",https://www.adanienterprises.com,2311.75,2238.85,2668245024768,77.16122,29.96,0.00059999997,3743.9,2025.0
2002-08-14 00:00:00+05:30,-0.009373943527578008,2314.95,2213.75,-0.009221240878105164,1376164,0.0,0.0,ADANIENT.NS,Adani Enterprises Limited,Thermal Coal,Energy,Mr. Gautambhai Shantilal Adani S.Y. B.Com,"Ahmedabad, India",https://www.adanienterprises.com,2311.75,2238.85,2668245024768,77.16122,29.96,0.00059999997,3743.9,2025.0
2002-08-15 00:00:00+05:30,-0.009221240878105164,2314.95,2213.75,-0.009221240878105164,1376164,0.0,0.0,ADANIENT.NS,Adani Enterprises Limited,Thermal Coal,Energy,Mr. Gautambhai Shantilal Adani S.Y. B.Com,"Ahmedabad, India",https://www.adanienterprises.com,2311.75,2238.85,2668245024768,77.16122,29.96,0.00059999997,3743.9,2025.0
2002-08-16 00:00:00+05:30,-0.009197740413824438,2314.95,2213.75,-0.009074398316442966,1376164,0.0,0.0,ADANIENT.NS,Adani Enterprises Limited,Thermal Coal,Energy,Mr. Gautambhai Shantilal Adani S.Y. B.Com,"Ahmedabad, India",https://www.adanienterprises.com,2311.75,2238.85,2668245024768,77.16122,29.96,0.00059999997,3743.9,2025.0
2002-08-19 00:00:00+05:30,-0.00927996736450296,2314.95,2213.75,-0.009068528190255165,1376164,0.0,0.0,ADANIENT.NS,Adani Enterprises Limited,Thermal Coal,Energy,Mr. Gautambhai Shantilal Adani S.Y. B.Com,"Ahmedabad, India",https://www.adanienterprises.com,2311.75,2238.85,2668245024768,77.16122,29.96,0.00059999997,3743.9,2025.0
2002-08-20 00:00:00+05:30,-0.00915663422976624,2314.95,2213.75,-0.009062659926712513,1376164,0.0,0.0,ADANIENT.NS,Adani Enterprises Limited,Thermal Coal,Energy,Mr. Gautambhai Shantilal Adani S.Y. B.Com,"Ahmedabad, India",https://www.adanienterprises.com,2311.75,2238.85,2668245024768,77.16122,29.96,0.00059999997,3743.9,2025.0
2002-08-21 00:00:00+05:30,-0.009180125284902222,2314.95,2213.75,-0.00915075745433569,1376164,0.0,0.0,ADANIENT.NS,Adani Enterprises Limited,Thermal Coal,Energy,Mr. Gautambhai Shantilal Adani S.Y. B.Com,"Ahmedabad, India",https://www.adanienterprises.com,2311.75,2238.85,2668245024768,77.16122,29.96,0.00059999997,3743.9,2025.0
2002-08-22 00:00:00+05:30,-0.00918012298643589,2314.95,2213.75,-0.00918012298643589,1376164,0.0,0.0,ADANIENT.NS,Adani Enterprises Limited,Thermal Coal,Energy,Mr. Gautambhai Shantilal Adani S.Y. B.Com,"Ahmedabad, India",https://www.adanienterprises.com,2311.75,2238.85,2668245024768,77.16122,29.96,0.00059999997,3743.9,2025.0
2002-08-23 00:00:00+05:30,-0.00922711018018458,2314.95,2213.75,-0.009209491312503815,1376164,0.0,0.0,ADANIENT.NS,Adani Enterprises Limited,Thermal Coal,Energy,Mr. Gautambhai Shantilal Adani S.Y. B.Com,"Ahmedabad, India",https://www.adanienterprises.com,2311.75,2238.85,2668245024768,77.16122,29.96,0.00059999997,3743.9,2025.0
2002-08-26 00:00:00+05:30,-0.009274097279905254,2314.95,2213.75,-0.00918012298643589,1376164,0.0,0.0,ADANIENT.NS,Adani Enterprises Limited,Thermal Coal,Energy,Mr. Gautambhai Shantilal Adani S.Y. B.Com,"Ahmedabad, India",https://www.adanienterprises.com,2311.75,2238.85,2668245024768,77.16122,29.96,0.00059999997,3743.9,2025.0
2002-08-27 00:00:00+05:30,-0.009209492053112731,2314.95,2213.75,-0.009127266705036163,1376164,0.0,0.0,ADANIENT.NS,Adani Enterprises Limited,Thermal Coal,Energy,Mr. Gautambhai Shantilal Adani S.Y. B.Com,"Ahmedabad, India",https://www.adanienterprises.com,2311.75,2238.85,2668245024768,77.16122,29.96,0.00059999997,3743.9,2025.0
2002-08-28 00:00:00+05:30,-0.009221240901655834,2314.95,2213.75,-0.009144885465502739,1376164,0.0,0.0,ADANIENT.NS,Adani Enterprises Limited,Thermal Coal,Energy,Mr. Gautambhai Shantilal Adani S.Y. B.Com,"Ahmedabad, India",https://www.adanienterprises.com,2311.75,2238.85,2668245024768,77.16122,29.96,0.00059999997,3743.9,2025.0
2002-08-29 00:00:00+05:30,-0.0091625026065418,2314.95,2213.75,-0.009092018008232117,1376164,0.0,0.0,ADANIENT.NS,Adani Enterprises Limited,Thermal Coal,Energy,Mr. Gautambhai Shantilal Adani S.Y. B.Com,"Ahmedabad, India",https://www.adanienterprises.com,2311.75,2238.85,2668245024768,77.16122,29.96,0.00059999997,3743.9,2025.0
2002-08-30 00:00:00+05:30,-0.009092018295916689,2314.95,2213.75,-0.00911551620811224,1376164,0.0,0.0,ADANIENT.NS,Adani Enterprises Limited,Thermal Coal,Energy,Mr. Gautambhai Shantilal Adani S.Y. B.Com,"Ahmedabad, India",https://www.adanienterprises.com,2311.75,2238.85,2668245024768,77.16122,29.96,0.00059999997,3743.9,2025.0
2002-09-02 00:00:00+05:30,-0.009150754045008116,2314.95,2213.75,-0.009215360507369041,1376164,0.0,0.0,ADANIENT.NS,Adani Enterprises Limited,Thermal Coal,Energy,Mr. Gautambhai Shantilal Adani S.Y. B.Com,"Ahmedabad, India",https://www.adanienterprises.com,2311.75,2238.85,2668245024768,77.16122,29.96,0.00059999997,3743.9,2025.0
2002-09-03 00:00:00+05:30,-0.009221238490826043,2314.95,2213.75,-0.009191869758069515,1376164,0.0,0.0,ADANIENT.NS,Adani Enterprises Limited,Thermal Coal,Energy,Mr. Gautambhai Shantilal Adani S.Y. B.Com,"Ahmedabad, India",https://www.adanienterprises.com,2311.75,2238.85,2668245024768,77.16122,29.96,0.00059999997,3743.9,2025.0
2002-09-04 00:00:00+05:30,0.036625366121057296,2314.95,2213.75,0.036437902599573135,1376164,1.5,0.0,ADANIENT.NS,Adani Enterprises Limited,Thermal Coal,Energy,Mr. Gautambhai Shantilal Adani S.Y. B.Com,"Ahmedabad, India",https://www.adanienterprises.com,2311.75,2238.85,2668245024768,77.16122,29.96,0.00059999997,3743.9,2025.0
2002-09-05 00:00:00+05:30,0.03674253810680607,2314.95,2213.75,0.03648478165268898,1376164,0.0,0.0,ADANIENT.NS,Adani Enterprises Limited,Thermal Coal,Energy,Mr. Gautambhai Shantilal Adani S.Y. B.Com,"Ahmedabad, India",https://www.adanienterprises.com,2311.75,2238.85,2668245024768,77.16122,29.96,0.00059999997,3743.9,2025.0
2002-09-06 00:00:00+05:30,0.03667223821041575,2314.95,2213.75,0.036414485424757004,1376164,0.0,0.0,ADANIENT.NS,Adani Enterprises Limited,Thermal Coal,Energy,Mr. Gautambhai Shantilal Adani S.Y. B.Com,"Ahmedabad, India",https://www.adanienterprises.com,2311.75,2238.85,2668245024768,77.16122,29.96,0.00059999997,3743.9,2025.0
2002-09-09 00:00:00+05:30,0.03514909076039538,2314.95,2213.75,0.035992685705423355,1376164,0.0,0.0,ADANIENT.NS,Adani Enterprises Limited,Thermal Coal,Energy,Mr. Gautambhai Shantilal Adani S.Y. B.Com,"Ahmedabad, India",https://www.adanienterprises.com,2311.75,2238.85,2668245024768,77.16122,29.96,0.00059999997,3743.9,2025.0
2002-09-10 00:00:00+05:30,0.035992685705423355,2314.95,2213.75,0.035992685705423355,1376164,0.0,0.0,ADANIENT.NS,Adani Enterprises Limited,Thermal Coal,Energy,Mr. Gautambhai Shantilal Adani S.Y. B.Com,"Ahmedabad, India",https://www.adanienterprises.com,2311.75,2238.85,2668245024768,77.16122,29.96,0.00059999997,3743.9,2025.0
2002-09-11 00:00:00+05:30,0.036297317043302905,2314.95,2213.75,0.03585210070014,1376164,0.0,0.0,ADANIENT.NS,Adani Enterprises Limited,Thermal Coal,Energy,Mr. Gautambhai Shantilal Adani S.Y. B.Com,"Ahmedabad, India",https://www.adanienterprises.com,2311.75,2238.85,2668245024768,77.16122,29.96,0.00059999997,3743.9,2025.0
2002-09-12 00:00:00+05:30,0.03526625391662217,2314.95,2213.75,0.03573492541909218,1376164,0.0,0.0,ADANIENT.NS,Adani Enterprises Limited,Thermal Coal,Energy,Mr. Gautambhai Shantilal Adani S.Y. B.Com,"Ahmedabad, India",https://www.adanienterprises.com,2311.75,2238.85,2668245024768,77.16122,29.96,0.00059999997,3743.9,2025.0
2002-09-13 00:00:00+05:30,0.03622702873517767,2314.95,2213.75,0.03596927225589752,1376164,0.0,0.0,ADANIENT.NS,Adani Enterprises Limited,Thermal Coal,Energy,Mr. Gautambhai Shantilal Adani S.Y. B.Com,"Ahmedabad, India",https://www.adanienterprises.com,2311.75,2238.85,2668245024768,77.16122,29.96,0.00059999997,3743.9,2025.0
2002-09-16 00:00:00+05:30,0.03585210392543772,2314.95,2213.75,0.0356646403670311,1376164,0.0,0.0,ADANIENT.NS,Adani Enterprises Limited,Thermal Coal,Energy,Mr. Gautambhai Shantilal Adani S.Y. B.Com,"Ahmedabad, India",https://www.adanienterprises.com,2311.75,2238.85,2668245024768,77.16122,29.96,0.00059999997,3743.9,2025.0
2002-09-17 00:00:00+05:30,0.03550059069517834,2314.95,2213.75,0.03561776131391525,1376164,0.0,0.0,ADANIENT.NS,Adani Enterprises Limited,Thermal Coal,Energy,Mr. Gautambhai Shantilal Adani S.Y. B.Com,"Ahmedabad, India",https://www.adanienterprises.com,2311.75,2238.85,2668245024768,77.16122,29.96,0.00059999997,3743.9,2025.0
2002-09-18 00:00:00+05:30,0.035266255816772514,2314.95,2213.75,0.03550058975815773,1376164,0.0,0.0,ADANIENT.NS,Adani Enterprises Limited,Thermal Coal,Energy,Mr. Gautambhai Shantilal Adani S.Y. B.Com,"Ahmedabad, India",https://www.adanienterprises.com,2311.75,2238.85,2668245024768,77.16122,29.96,0.00059999997,3743.9,2025.0
2002-09-19 00:00:00+05:30,0.0353834293782711,2314.95,2213.75,0.0353834293782711,1376164,0.0,0.0,ADANIENT.NS,Adani Enterprises Limited,Thermal Coal,Energy,Mr. Gautambhai Shantilal Adani S.Y. B.Com,"Ahmedabad, India",https://www.adanienterprises.com,2311.75,2238.85,2668245024768,77.16122,29.96,0.00059999997,3743.9,2025.0
2002-09-20 00:00:00+05:30,0.03538341358686888,2314.95,2213.75,0.035266246646642685,1376164,0.0,0.0,ADANIENT.NS,Adani Enterprises Limited,Thermal Coal,Energy,Mr. Gautambhai Shantilal Adani S.Y. B.Com,"Ahmedabad, India",https://www.adanienterprises.com,2311.75,2238.85,2668245024768,77.16122,29.96,0.00059999997,3743.9,2025.0
2002-09-23 00:00:00+05:30,0.03514909078093729,2314.95,2213.75,0.03540687635540962,1376164,0.0,0.0,ADANIENT.NS,Adani Enterprises Limited,Thermal Coal,Energy,Mr. Gautambhai Shantilal Adani S.Y. B.Com,"Ahmedabad, India",https://www.adanienterprises.com,2311.75,2238.85,2668245024768,77.16122,29.96,0.00059999997,3743.9,2025.0
2002-09-24 00:00:00+05:30,0.0332744794832893,2314.95,2213.75,0.03444612771272659,1376164,0.0,0.0,ADANIENT.NS,Adani Enterprises Limited,Thermal Coal,Energy,Mr. Gautambhai Shantilal Adani S.Y. B.Com,"Ahmedabad, India",https://www.adanienterprises.com,2311.75,2238.85,2668245024768,77.16122,29.96,0.00059999997,3743.9,2025.0
2002-09-25 00:00:00+05:30,0.03332135058938721,2314.95,2213.75,0.03404777869582176,1376164,0.0,0.0,ADANIENT.NS,Adani Enterprises Limited,Thermal Coal,Energy,Mr. Gautambhai Shantilal Adani S.Y. B.Com,"Ahmedabad, India",https://www.adanienterprises.com,2311.75,2238.85,2668245024768,77.16122,29.96,0.00059999997,3743.9,2025.0
2002-09-26 00:00:00+05:30,0.034211778942878454,2314.95,2213.75,0.033860307186841965,1376164,0.0,0.0,ADANIENT.NS,Adani Enterprises Limited,Thermal Coal,Energy,Mr. Gautambhai Shantilal Adani S.Y. B.Com,"Ahmedabad, India",https://www.adanienterprises.com,2311.75,2238.85,2668245024768,77.16122,29.96,0.00059999997,3743.9,2025.0
2002-09-27 00:00:00+05:30,0.03093122595105901,2314.95,2213.75,0.033743154257535934,1376164,0.0,0.0,ADANIENT.NS,Adani Enterprises Limited,Thermal Coal,Energy,Mr. Gautambhai Shantilal Adani S.Y. B.Com,"Ahmedabad, India",https://www.adanienterprises.com,2311.75,2238.85,2668245024768,77.16122,29.96,0.00059999997,3743.9,2025.0
2002-09-30 00:00:00+05:30,0.03104838046699978,2314.95,2213.75,0.03306358680129051,1376164,0.0,0.0,ADANIENT.NS,Adani Enterprises Limited,Thermal Coal,Energy,Mr. Gautambhai Shantilal Adani S.Y. B.Com,"Ahmedabad, India",https://www.adanienterprises.com,2311.75,2238.85,2668245024768,77.16122,29.96,0.00059999997,3743.9,2025.0
2002-10-01 00:00:00+05:30,0.030087623038214596,2314.95,2213.75,0.031868524849414825,1376164,0.0,0.0,ADANIENT.NS,Adani Enterprises Limited,Thermal Coal,Energy,Mr. Gautambhai Shantilal Adani S.Y. B.Com,"Ahmedabad, India",https://www.adanienterprises.com,2311.75,2238.85,2668245024768,77.16122,29.96,0.00059999997,3743.9,2025.0
2002-10-02 00:00:00+05:30,0.031868524849414825,2314.95,2213.75,0.031868524849414825,1376164,0.0,0.0,ADANIENT.NS,Adani Enterprises Limited,Thermal Coal,Energy,Mr. Gautambhai Shantilal Adani S.Y. B.Com,"Ahmedabad, India",https://www.adanienterprises.com,2311.75,2238.85,2668245024768,77.16122,29.96,0.00059999997,3743.9,2025.0
2002-10-03 00:00:00+05:30,0.03050941241670605,2314.95,2213.75,0.031493593007326126,1376164,0.0,0.0,ADANIENT.NS,Adani Enterprises Limited,Thermal Coal,Energy,Mr. Gautambhai Shantilal Adani S.Y. B.Com,"Ahmedabad, India",https://www.adanienterprises.com,2311.75,2238.85,2668245024768,77.16122,29.96,0.00059999997,3743.9,2025.0
2002-10-04 00:00:00+05:30,0.03205598655560207,2314.95,2213.75,0.0313764326274395,1376164,0.0,0.0,ADANIENT.NS,Adani Enterprises Limited,Thermal Coal,Energy,Mr. Gautambhai Shantilal Adani S.Y. B.Com,"Ahmedabad, India",https://www.adanienterprises.com,2311.75,2238.85,2668245024768,77.16122,29.96,0.00059999997,3743.9,2025.0
2002-10-07 00:00:00+05:30,0.031399844923888635,2314.95,2213.75,0.03207939863204956,1376164,0.0,0.0,ADANIENT.NS,Adani Enterprises Limited,Thermal Coal,Energy,Mr. Gautambhai Shantilal Adani S.Y. B.Com,"Ahmedabad, India",https://www.adanienterprises.com,2311.75,2238.85,2668245024768,77.16122,29.96,0.00059999997,3743.9,2025.0
2002-10-08 00:00:00+05:30,0.03198569549269306,2314.95,2213.75,0.03395402804017067,1376164,0.0,0.0,ADANIENT.NS,Adani Enterprises Limited,Thermal Coal,Energy,Mr. Gautambhai Shantilal Adani S.Y. B.Com,"Ahmedabad, India",https://www.adanienterprises.com,2311.75,2238.85,2668245024768,77.16122,29.96,0.00059999997,3743.9,2025.0
2002-10-09 00:00:00+05:30,0.03444611869552509,2314.95,2213.75,0.03486791253089905,1376164,0.0,0.0,ADANIENT.NS,Adani Enterprises Limited,Thermal Coal,Energy,Mr. Gautambhai Shantilal Adani S.Y. B.Com,"Ahmedabad, India",https://www.adanienterprises.com,2311.75,2238.85,2668245024768,77.16122,29.96,0.00059999997,3743.9,2025.0
2002-10-10 00:00:00+05:30,0.03332134276113037,2314.95,2213.75,0.033860307186841965,1376164,0.0,0.0,ADANIENT.NS,Adani Enterprises Limited,Thermal Coal,Energy,Mr. Gautambhai Shantilal Adani S.Y. B.Com,"Ahmedabad, India",https://www.adanienterprises.com,2311.75,2238.85,2668245024768,77.16122,29.96,0.00059999997,3743.9,2025.0
2002-10-11 00:00:00+05:30,0.03442268906180638,2314.95,2213.75,0.034539856016635895,1376164,0.0,0.0,ADANIENT.NS,Adani Enterprises Limited,Thermal Coal,Energy,Mr. Gautambhai Shantilal Adani S.Y. B.Com,"Ahmedabad, India",https://www.adanienterprises.com,2311.75,2238.85,2668245024768,77.16122,29.96,0.00059999997,3743.9,2025.0
2002-10-14 00:00:00+05:30,0.03456329348280401,2314.95,2213.75,0.03439925238490105,1376164,0.0,0.0,ADANIENT.NS,Adani Enterprises Limited,Thermal Coal,Energy,Mr. Gautambhai Shantilal Adani S.Y. B.Com,"Ahmedabad, India",https://www.adanienterprises.com,2311.75,2238.85,2668245024768,77.16122,29.96,0.00059999997,3743.9,2025.0
2002-10-15 00:00:00+05:30,0.03439925238490105,2314.95,2213.75,0.03439925238490105,1376164,0.0,0.0,ADANIENT.NS,Adani Enterprises Limited,Thermal Coal,Energy,Mr. Gautambhai Shantilal Adani S.Y. B.Com,"Ahmedabad, India",https://www.adanienterprises.com,2311.75,2238.85,2668245024768,77.16122,29.96,0.00059999997,3743.9,2025.0
2002-10-16 00:00:00+05:30,0.034657029974042186,2314.95,2213.75,0.03421178087592125,1376164,0.0,0.0,ADANIENT.NS,Adani Enterprises Limited,Thermal Coal,Energy,Mr. Gautambhai Shantilal Adani S.Y. B.Com,"Ahmedabad, India",https://www.adanienterprises.com,2311.75,2238.85,2668245024768,77.16122,29.96,0.00059999997,3743.9,2025.0
2002-10-17 00:00:00+05:30,0.03428210479918134,2314.95,2213.75,0.03411806374788284,1376164,0.0,0.0,ADANIENT.NS,Adani Enterprises Limited,Thermal Coal,Energy,Mr. Gautambhai Shantilal Adani S.Y. B.Com,"Ahmedabad, India",https://www.adanienterprises.com,2311.75,2238.85,2668245024768,77.16122,29.96,0.00059999997,3743.9,2025.0
2002-10-18 00:00:00+05:30,0.03374314731584321,2314.95,2213.75,0.03393061086535454,1376164,0.0,0.0,ADANIENT.NS,Adani Enterprises Limited,Thermal Coal,Energy,Mr. Gautambhai Shantilal Adani S.Y. B.Com,"Ahmedabad, India",https://www.adanienterprises.com,2311.75,2238.85,2668245024768,77.16122,29.96,0.00059999997,3743.9,2025.0
2002-10-21 00:00:00+05:30,0.03397747966310494,2314.95,2213.75,0.03395402804017067,1376164,0.0,0.0,ADANIENT.NS,Adani Enterprises Limited,Thermal Coal,Energy,Mr. Gautambhai Shantilal Adani S.Y. B.Com,"Ahmedabad, India",https://www.adanienterprises.com,2311.75,2238.85,2668245024768,77.16122,29.96,0.00059999997,3743.9,2025.0
2002-10-22 00:00:00+05:30,0.033977479143496976,2314.95,2213.75,0.03390718623995781,1376164,0.0,0.0,ADANIENT.NS,Adani Enterprises Limited,Thermal Coal,Energy,Mr. Gautambhai Shantilal Adani S.Y. B.Com,"Ahmedabad, India",https://www.adanienterprises.com,2311.75,2238.85,2668245024768,77.16122,29.96,0.00059999997,3743.9,2025.0
2002-10-23 00:00:00+05:30,0.03397747966310494,2314.95,2213.75,0.03395402804017067,1376164,0.0,0.0,ADANIENT.NS,Adani Enterprises Limited,Thermal Coal,Energy,Mr. Gautambhai Shantilal Adani S.Y. B.Com,"Ahmedabad, India",https://www.adanienterprises.com,2311.75,2238.85,2668245024768,77.16122,29.96,0.00059999997,3743.9,2025.0
2002-10-24 00:00:00+05:30,0.033040170272190604,2314.95,2213.75,0.032501205801963806,1376164,0.0,0.0,ADANIENT.NS,Adani Enterprises Limited,Thermal Coal,Energy,Mr. Gautambhai Shantilal Adani S.Y. B.Com,"Ahmedabad, India",https://www.adanienterprises.com,2311.75,2238.85,2668245024768,77.16122,29.96,0.00059999997,3743.9,2025.0
2002-10-25 00:00:00+05:30,0.032102855721430804,2314.95,2213.75,0.03158731013536453,1376164,0.0,0.0,ADANIENT.NS,Adani Enterprises Limited,Thermal Coal,Energy,Mr. Gautambhai Shantilal Adani S.Y. B.Com,"Ahmedabad, India",https://www.adanienterprises.com,2311.75,2238.85,2668245024768,77.16122,29.96,0.00059999997,3743.9,2025.0
2002-10-28 00:00:00+05:30,0.030931221933703814,2314.95,2213.75,0.03128272294998169,1376164,0.0,0.0,ADANIENT.NS,Adani Enterprises Limited,Thermal Coal,Energy,Mr. Gautambhai Shantilal Adani S.Y. B.Com,"Ahmedabad, India",https://www.adanienterprises.com,2311.75,2238.85,2668245024768,77.16122,29.96,0.00059999997,3743.9,2025.0
2002-10-29 00:00:00+05:30,0.031165542169893642,2314.95,2213.75,0.0316576324403286,1376164,0.0,0.0,ADANIENT.NS,Adani Enterprises Limited,Thermal Coal,Energy,Mr. Gautambhai Shantilal Adani S.Y. B.Com,"Ahmedabad, India",https://www.adanienterprises.com,2311.75,2238.85,2668245024768,77.16122,29.96,0.00059999997,3743.9,2025.0
2002-10-30 00:00:00+05:30,0.03203255974864972,2314.95,2213.75,0.03177477419376373,1376164,0.0,0.0,ADANIENT.NS,Adani Enterprises Limited,Thermal Coal,Energy,Mr. Gautambhai Shantilal Adani S.Y. B.Com,"Ahmedabad, India",https://www.adanienterprises.com,2311.75,2238.85,2668245024768,77.16122,29.96,0.00059999997,3743.9,2025.0
2002-10-31 00:00:00+05:30,0.03229032039430562,2314.95,2213.75,0.032102860510349274,1376164,0.0,0.0,ADANIENT.NS,Adani Enterprises Limited,Thermal Coal,Energy,Mr. Gautambhai Shantilal Adani S.Y. B.Com,"Ahmedabad, India",https://www.adanienterprises.com,2311.75,2238.85,2668245024768,77.16122,29.96,0.00059999997,3743.9,2025.0
2002-11-01 00:00:00+05:30,0.03212627847674725,2314.95,2213.75,0.03198569267988205,1376164,0.0,0.0,ADANIENT.NS,Adani Enterprises Limited,Thermal Coal,Energy,Mr. Gautambhai Shantilal Adani S.Y. B.Com,"Ahmedabad, India",https://www.adanienterprises.com,2311.75,2238.85,2668245024768,77.16122,29.96,0.00059999997,3743.9,2025.0
2002-11-04 00:00:00+05:30,0.03233715654675304,2314.95,2213.75,0.03205597773194313,1376164,0.0,0.0,ADANIENT.NS,Adani Enterprises Limited,Thermal Coal,Energy,Mr. Gautambhai Shantilal Adani S.Y. B.Com,"Ahmedabad, India",https://www.adanienterprises.com,2311.75,2238.85,2668245024768,77.16122,29.96,0.00059999997,3743.9,2025.0
2002-11-05 00:00:00+05:30,0.03236061355481373,2314.95,2213.75,0.03189194202423096,1376164,0.0,0.0,ADANIENT.NS,Adani Enterprises Limited,Thermal Coal,Energy,Mr. Gautambhai Shantilal Adani S.Y. B.Com,"Ahmedabad, India",https://www.adanienterprises.com,2311.75,2238.85,2668245024768,77.16122,29.96,0.00059999997,3743.9,2025.0
2002-11-06 00:00:00+05:30,0.03189194202423096,2314.95,2213.75,0.03189194202423096,1376164,0.0,0.0,ADANIENT.NS,Adani Enterprises Limited,Thermal Coal,Energy,Mr. Gautambhai Shantilal Adani S.Y. B.Com,"Ahmedabad, India",https://www.adanienterprises.com,2311.75,2238.85,2668245024768,77.16122,29.96,0.00059999997,3743.9,2025.0
2002-11-07 00:00:00+05:30,0.03282925558003569,2314.95,2213.75,0.03268866613507271,1376164,0.0,0.0,ADANIENT.NS,Adani Enterprises Limited,Thermal Coal,Energy,Mr. Gautambhai Shantilal Adani S.Y. B.Com,"Ahmedabad, India",https://www.adanienterprises.com,2311.75,2238.85,2668245024768,77.16122,29.96,0.00059999997,3743.9,2025.0
2002-11-08 00:00:00+05:30,0.03341508816441148,2314.95,2213.75,0.03252461925148964,1376164,0.0,0.0,ADANIENT.NS,Adani Enterprises Limited,Thermal Coal,Energy,Mr. Gautambhai Shantilal Adani S.Y. B.Com,"Ahmedabad, India",https://www.adanienterprises.com,2311.75,2238.85,2668245024768,77.16122,29.96,0.00059999997,3743.9,2025.0
2002-11-11 00:00:00+05:30,0.03285270588946255,2314.95,2213.75,0.03421178087592125,1376164,0.0,0.0,ADANIENT.NS,Adani Enterprises Limited,Thermal Coal,Energy,Mr. Gautambhai Shantilal Adani S.Y. B.Com,"Ahmedabad, India",https://www.adanienterprises.com,2311.75,2238.85,2668245024768,77.16122,29.96,0.00059999997,3743.9,2025.0
2002-11-12 00:00:00+05:30,0.03486790369568274,2314.95,2213.75,0.034563276916742325,1376164,0.0,0.0,ADANIENT.NS,Adani Enterprises Limited,Thermal Coal,Energy,Mr. Gautambhai Shantilal Adani S.Y. B.Com,"Ahmedabad, India",https://www.adanienterprises.com,2311.75,2238.85,2668245024768,77.16122,29.96,0.00059999997,3743.9,2025.0
2002-11-13 00:00:00+05:30,0.03409464773248978,2314.95,2213.75,0.03498508408665657,1376164,0.0,0.0,ADANIENT.NS,Adani Enterprises Limited,Thermal Coal,Energy,Mr. Gautambhai Shantilal Adani S.Y. B.Com,"Ahmedabad, India",https://www.adanienterprises.com,2311.75,2238.85,2668245024768,77.16122,29.96,0.00059999997,3743.9,2025.0
2002-11-14 00:00:00+05:30,0.03482104024127794,2314.95,2213.75,0.03594581037759781,1376164,0.0,0.0,ADANIENT.NS,Adani Enterprises Limited,Thermal Coal,Energy,Mr. Gautambhai Shantilal Adani S.Y. B.Com,"Ahmedabad, India",https://www.adanienterprises.com,2311.75,2238.85,2668245024768,77.16122,29.96,0.00059999997,3743.9,2025.0
2002-11-15 00:00:00+05:30,0.036086403855319915,2314.95,2213.75,0.036859702318906784,1376164,0.0,0.0,ADANIENT.NS,Adani Enterprises Limited,Thermal Coal,Energy,Mr. Gautambhai Shantilal Adani S.Y. B.Com,"Ahmedabad, India",https://www.adanienterprises.com,2311.75,2238.85,2668245024768,77.16122,29.96,0.00059999997,3743.9,2025.0
2002-11-18 00:00:00+05:30,0.037000283719966276,2314.95,2213.75,0.03667223080992699,1376164,0.0,0.0,ADANIENT.NS,Adani Enterprises Limited,Thermal Coal,Energy,Mr. Gautambhai Shantilal Adani S.Y. B.Com,"Ahmedabad, India",https://www.adanienterprises.com,2311.75,2238.85,2668245024768,77.16122,29.96,0.00059999997,3743.9,2025.0
2002-11-19 00:00:00+05:30,0.03667223080992699,2314.95,2213.75,0.03667223080992699,1376164,0.0,0.0,ADANIENT.NS,Adani Enterprises Limited,Thermal Coal,Energy,Mr. Gautambhai Shantilal Adani S.Y. B.Com,"Ahmedabad, India",https://www.adanienterprises.com,2311.75,2238.85,2668245024768,77.16122,29.96,0.00059999997,3743.9,2025.0
2002-11-20 00:00:00+05:30,0.03676595392620282,2314.95,2213.75,0.03660194203257561,1376164,0.0,0.0,ADANIENT.NS,Adani Enterprises Limited,Thermal Coal,Energy,Mr. Gautambhai Shantilal Adani S.Y. B.Com,"Ahmedabad, India",https://www.adanienterprises.com,2311.75,2238.85,2668245024768,77.16122,29.96,0.00059999997,3743.9,2025.0
2002-11-21 00:00:00+05:30,0.03678940412481265,2314.95,2213.75,0.03629731014370918,1376164,0.0,0.0,ADANIENT.NS,Adani Enterprises Limited,Thermal Coal,Energy,Mr. Gautambhai Shantilal Adani S.Y. B.Com,"Ahmedabad, India",https://www.adanienterprises.com,2311.75,2238.85,2668245024768,77.16122,29.96,0.00059999997,3743.9,2025.0
2002-11-22 00:00:00+05:30,0.0372580441855793,2314.95,2213.75,0.03620356693863869,1376164,0.0,0.0,ADANIENT.NS,Adani Enterprises Limited,Thermal Coal,Energy,Mr. Gautambhai Shantilal Adani S.Y. B.Com,"Ahmedabad, India",https://www.adanienterprises.com,2311.75,2238.85,2668245024768,77.16122,29.96,0.00059999997,3743.9,2025.0
2002-11-25 00:00:00+05:30,0.03514909611405967,2314.95,2213.75,0.03608640655875206,1376164,0.0,0.0,ADANIENT.NS,Adani Enterprises Limited,Thermal Coal,Energy,Mr. Gautambhai Shantilal Adani S.Y. B.Com,"Ahmedabad, India",https://www.adanienterprises.com,2311.75,2238.85,2668245024768,77.16122,29.96,0.00059999997,3743.9,2025.0
2002-11-26 00:00:00+05:30,0.03690657258071255,2314.95,2213.75,0.036461323499679565,1376164,0.0,0.0,ADANIENT.NS,Adani Enterprises Limited,Thermal Coal,Energy,Mr. Gautambhai Shantilal Adani S.Y. B.Com,"Ahmedabad, India",https://www.adanienterprises.com,2311.75,2238.85,2668245024768,77.16122,29.96,0.00059999997,3743.9,2025.0
2002-11-27 00:00:00+05:30,0.035852097699146636,2314.95,2213.75,0.03655507043004036,1376164,0.0,0.0,ADANIENT.NS,Adani Enterprises Limited,Thermal Coal,Energy,Mr. Gautambhai Shantilal Adani S.Y. B.Com,"Ahmedabad, India",https://www.adanienterprises.com,2311.75,2238.85,2668245024768,77.16122,29.96,0.00059999997,3743.9,2025.0
2002-11-28 00:00:00+05:30,0.036555066541286436,2314.95,2213.75,0.03629731014370918,1376164,0.0,0.0,ADANIENT.NS,Adani Enterprises Limited,Thermal Coal,Energy,Mr. Gautambhai Shantilal Adani S.Y. B.Com,"Ahmedabad, India",https://www.adanienterprises.com,2311.75,2238.85,2668245024768,77.16122,29.96,0.00059999997,3743.9,2025.0
2002-11-29 00:00:00+05:30,0.035149089312277816,2314.95,2213.75,0.036273859441280365,1376164,0.0,0.0,ADANIENT.NS,Adani Enterprises Limited,Thermal Coal,Energy,Mr. Gautambhai Shantilal Adani S.Y. B.Com,"Ahmedabad, India",https://www.adanienterprises.com,2311.75,2238.85,2668245024768,77.16122,29.96,0.00059999997,3743.9,2025.0
2002-12-02 00:00:00+05:30,0.03585209388517545,2314.95,2213.75,0.03629731014370918,1376164,0.0,0.0,ADANIENT.NS,Adani Enterprises Limited,Thermal Coal,Energy,Mr. Gautambhai Shantilal Adani S.Y. B.Com,"Ahmedabad, India",https://www.adanienterprises.com,2311.75,2238.85,2668245024768,77.16122,29.96,0.00059999997,3743.9,2025.0
2002-12-03 00:00:00+05:30,0.03599267946970659,2314.95,2213.75,0.035898931324481964,1376164,0.0,0.0,ADANIENT.NS,Adani Enterprises Limited,Thermal Coal,Energy,Mr. Gautambhai Shantilal Adani S.Y. B.Com,"Ahmedabad, India",https://www.adanienterprises.com,2311.75,2238.85,2668245024768,77.16122,29.96,0.00059999997,3743.9,2025.0
2002-12-04 00:00:00+05:30,0.03493820395974265,2314.95,2213.75,0.03514908626675606,1376164,0.0,0.0,ADANIENT.NS,Adani Enterprises Limited,Thermal Coal,Energy,Mr. Gautambhai Shantilal Adani S.Y. B.Com,"Ahmedabad, India",https://www.adanienterprises.com,2311.75,2238.85,2668245024768,77.16122,29.96,0.00059999997,3743.9,2025.0
2002-12-05 00:00:00+05:30,0.03493820842642169,2314.95,2213.75,0.035992685705423355,1376164,0.0,0.0,ADANIENT.NS,Adani Enterprises Limited,Thermal Coal,Energy,Mr. Gautambhai Shantilal Adani S.Y. B.Com,"Ahmedabad, India",https://www.adanienterprises.com,2311.75,2238.85,2668245024768,77.16122,29.96,0.00059999997,3743.9,2025.0
2002-12-06 00:00:00+05:30,0.03627386585958658,2314.95,2213.75,0.0360395610332489,1376164,0.0,0.0,ADANIENT.NS,Adani Enterprises Limited,Thermal Coal,Energy,Mr. Gautambhai Shantilal Adani S.Y. B.Com,"Ahmedabad, India",https://www.adanienterprises.com,2311.75,2238.85,2668245024768,77.16122,29.96,0.00059999997,3743.9,2025.0
2002-12-09 00:00:00+05:30,0.03615672574837531,2314.95,2213.75,0.03561776131391525,1376164,0.0,0.0,ADANIENT.NS,Adani Enterprises Limited,Thermal Coal,Energy,Mr. Gautambhai Shantilal Adani S.Y. B.Com,"Ahmedabad, India",https://www.adanienterprises.com,2311.75,2238.85,2668245024768,77.16122,29.96,0.00059999997,3743.9,2025.0
2002-12-10 00:00:00+05:30,0.036086396844616155,2314.95,2213.75,0.03507879376411438,1376164,0.0,0.0,ADANIENT.NS,Adani Enterprises Limited,Thermal Coal,Energy,Mr. Gautambhai Shantilal Adani S.Y. B.Com,"Ahmedabad, India",https://www.adanienterprises.com,2311.75,2238.85,2668245024768,77.16122,29.96,0.00059999997,3743.9,2025.0
2002-12-11 00:00:00+05:30,0.035570893653690046,2314.95,2213.75,0.03524284064769745,1376164,0.0,0.0,ADANIENT.NS,Adani Enterprises Limited,Thermal Coal,Energy,Mr. Gautambhai Shantilal Adani S.Y. B.Com,"Ahmedabad, India",https://www.adanienterprises.com,2311.75,2238.85,2668245024768,77.16122,29.96,0.00059999997,3743.9,2025.0
2002-12-12 00:00:00+05:30,0.031165552207359462,2314.95,2213.75,0.03461015969514847,1376164,0.0,0.0,ADANIENT.NS,Adani Enterprises Limited,Thermal Coal,Energy,Mr. Gautambhai Shantilal Adani S.Y. B.Com,"Ahmedabad, India",https://www.adanienterprises.com,2311.75,2238.85,2668245024768,77.16122,29.96,0.00059999997,3743.9,2025.0
2002-12-13 00:00:00+05:30,0.03444611295258749,2314.95,2213.75,0.03484448790550232,1376164,0.0,0.0,ADANIENT.NS,Adani Enterprises Limited,Thermal Coal,Energy,Mr. Gautambhai Shantilal Adani S.Y. B.Com,"Ahmedabad, India",https://www.adanienterprises.com,2311.75,2238.85,2668245024768,77.16122,29.96,0.00059999997,3743.9,2025.0
2002-12-16 00:00:00+05:30,0.03491478553065772,2314.95,2213.75,0.03521941602230072,1376164,0.0,0.0,ADANIENT.NS,Adani Enterprises Limited,Thermal Coal,Energy,Mr. Gautambhai Shantilal Adani S.Y. B.Com,"Ahmedabad, India",https://www.adanienterprises.com,2311.75,2238.85,2668245024768,77.16122,29.96,0.00059999997,3743.9,2025.0
2002-12-17 00:00:00+05:30,0.035149088646089115,2314.95,2213.75,0.0342586524784565,1376164,0.0,0.0,ADANIENT.NS,Adani Enterprises Limited,Thermal Coal,Energy,Mr. Gautambhai Shantilal Adani S.Y. B.Com,"Ahmedabad, India",https://www.adanienterprises.com,2311.75,2238.85,2668245024768,77.16122,29.96,0.00059999997,3743.9,2025.0
2002-12-18 00:00:00+05:30,0.03444611847788018,2314.95,2213.75,0.03421178087592125,1376164,0.0,0.0,ADANIENT.NS,Adani Enterprises Limited,Thermal Coal,Energy,Mr. Gautambhai Shantilal Adani S.Y. B.Com,"Ahmedabad, India",https://www.adanienterprises.com,2311.75,2238.85,2668245024768,77.16122,29.96,0.00059999997,3743.9,2025.0
2002-12-19 00:00:00+05:30,0.035125660049850266,2314.95,2213.75,0.034563276916742325,1376164,0.0,0.0,ADANIENT.NS,Adani Enterprises Limited,Thermal Coal,Energy,Mr. Gautambhai Shantilal Adani S.Y. B.Com,"Ahmedabad, India",https://www.adanienterprises.com,2311.75,2238.85,2668245024768,77.16122,29.96,0.00059999997,3743.9,2025.0
2002-12-20 00:00:00+05:30,0.03437581498997227,2314.95,2213.75,0.034539856016635895,1376164,0.0,0.0,ADANIENT.NS,Adani Enterprises Limited,Thermal Coal,Energy,Mr. Gautambhai Shantilal Adani S.Y. B.Com,"Ahmedabad, India",https://www.adanienterprises.com,2311.75,2238.85,2668245024768,77.16122,29.96,0.00059999997,3743.9,2025.0
2002-12-23 00:00:00+05:30,0.034000899383196656,2314.95,2213.75,0.034328948706388474,1376164,0.0,0.0,ADANIENT.NS,Adani Enterprises Limited,Thermal Coal,Energy,Mr. Gautambhai Shantilal Adani S.Y. B.Com,"Ahmedabad, India",https://www.adanienterprises.com,2311.75,2238.85,2668245024768,77.16122,29.96,0.00059999997,3743.9,2025.0
2002-12-24 00:00:00+05:30,0.03367285226181247,2314.95,2213.75,0.03390718623995781,1376164,0.0,0.0,ADANIENT.NS,Adani Enterprises Limited,Thermal Coal,Energy,Mr. Gautambhai Shantilal Adani S.Y. B.Com,"Ahmedabad, India",https://www.adanienterprises.com,2311.75,2238.85,2668245024768,77.16122,29.96,0.00059999997,3743.9,2025.0
2002-12-25 00:00:00+05:30,0.03390718623995781,2314.95,2213.75,0.03390718623995781,1376164,0.0,0.0,ADANIENT.NS,Adani Enterprises Limited,Thermal Coal,Energy,Mr. Gautambhai Shantilal Adani S.Y. B.Com,"Ahmedabad, India",https://www.adanienterprises.com,2311.75,2238.85,2668245024768,77.16122,29.96,0.00059999997,3743.9,2025.0
2002-12-26 00:00:00+05:30,0.03423523943773954,2314.95,2213.75,0.034164946526288986,1376164,0.0,0.0,ADANIENT.NS,Adani Enterprises Limited,Thermal Coal,Energy,Mr. Gautambhai Shantilal Adani S.Y. B.Com,"Ahmedabad, India",https://www.adanienterprises.com,2311.75,2238.85,2668245024768,77.16122,29.96,0.00059999997,3743.9,2025.0
2002-12-27 00:00:00+05:30,0.03491479262173769,2314.95,2213.75,0.03404777869582176,1376164,0.0,0.0,ADANIENT.NS,Adani Enterprises Limited,Thermal Coal,Energy,Mr. Gautambhai Shantilal Adani S.Y. B.Com,"Ahmedabad, India",https://www.adanienterprises.com,2311.75,2238.85,2668245024768,77.16122,29.96,0.00059999997,3743.9,2025.0
2002-12-30 00:00:00+05:30,0.03411805697085766,2314.95,2213.75,0.03397746756672859,1376164,0.0,0.0,ADANIENT.NS,Adani Enterprises Limited,Thermal Coal,Energy,Mr. Gautambhai Shantilal Adani S.Y. B.Com,"Ahmedabad, India",https://www.adanienterprises.com,2311.75,2238.85,2668245024768,77.16122,29.96,0.00059999997,3743.9,2025.0
2002-12-31 00:00:00+05:30,0.03439924378472585,2314.95,2213.75,0.03376656398177147,1376164,0.0,0.0,ADANIENT.NS,Adani Enterprises Limited,Thermal Coal,Energy,Mr. Gautambhai Shantilal Adani S.Y. B.Com,"Ahmedabad, India",https://www.adanienterprises.com,2311.75,2238.85,2668245024768,77.16122,29.96,0.00059999997,3743.9,2025.0
2003-01-01 00:00:00+05:30,0.033532251415270366,2314.95,2213.75,0.03383684903383255,1376164,0.0,0.0,ADANIENT.NS,Adani Enterprises Limited,Thermal Coal,Energy,Mr. Gautambhai Shantilal Adani S.Y. B.Com,"Ahmedabad, India",https://www.adanienterprises.com,2311.75,2238.85,2668245024768,77.16122,29.96,0.00059999997,3743.9,2025.0
2003-01-02 00:00:00+05:30,0.03388373677683369,2314.95,2213.75,0.03393061086535454,1376164,0.0,0.0,ADANIENT.NS,Adani Enterprises Limited,Thermal Coal,Energy,Mr. Gautambhai Shantilal Adani S.Y. B.Com,"Ahmedabad, India",https://www.adanienterprises.com,2311.75,2238.85,2668245024768,77.16122,29.96,0.00059999997,3743.9,2025.0
2003-01-03 00:00:00+05:30,0.03421178448521568,2314.95,2213.75,0.03395402804017067,1376164,0.0,0.0,ADANIENT.NS,Adani Enterprises Limited,Thermal Coal,Energy,Mr. Gautambhai Shantilal Adani S.Y. B.Com,"Ahmedabad, India",https://www.adanienterprises.com,2311.75,2238.85,2668245024768,77.16122,29.96,0.00059999997,3743.9,2025.0
2003-01-06 00:00:00+05:30,0.03421177965393674,2314.95,2213.75,0.03371971845626831,1376164,0.0,0.0,ADANIENT.NS,Adani Enterprises Limited,Thermal Coal,Energy,Mr. Gautambhai Shantilal Adani S.Y. B.Com,"Ahmedabad, India",https://www.adanienterprises.com,2311.75,2238.85,2668245024768,77.16122,29.96,0.00059999997,3743.9,2025.0
2003-01-07 00:00:00+05:30,0.03374314804524679,2314.95,2213.75,0.033790022134780884,1376164,0.0,0.0,ADANIENT.NS,Adani Enterprises Limited,Thermal Coal,Energy,Mr. Gautambhai Shantilal Adani S.Y. B.Com,"Ahmedabad, India",https://www.adanienterprises.com,2311.75,2238.85,2668245024768,77.16122,29.96,0.00059999997,3743.9,2025.0
2003-01-08 00:00:00+05:30,0.034118070665034285,2314.95,2213.75,0.03367285430431366,1376164,0.0,0.0,ADANIENT.NS,Adani Enterprises Limited,Thermal Coal,Energy,Mr. Gautambhai Shantilal Adani S.Y. B.Com,"Ahmedabad, India",https://www.adanienterprises.com,2311.75,2238.85,2668245024768,77.16122,29.96,0.00059999997,3743.9,2025.0
2003-01-09 00:00:00+05:30,0.03418836628591925,2314.95,2213.75,0.03355568274855614,1376164,0.0,0.0,ADANIENT.NS,Adani Enterprises Limited,Thermal Coal,Energy,Mr. Gautambhai Shantilal Adani S.Y. B.Com,"Ahmedabad, India",https://www.adanienterprises.com,2311.75,2238.85,2668245024768,77.16122,29.96,0.00059999997,3743.9,2025.0
2003-01-10 00:00:00+05:30,0.03339164075704743,2314.95,2213.75,0.033438511192798615,1376164,0.0,0.0,ADANIENT.NS,Adani Enterprises Limited,Thermal Coal,Energy,Mr. Gautambhai Shantilal Adani S.Y. B.Com,"Ahmedabad, India",https://www.adanienterprises.com,2311.75,2238.85,2668245024768,77.16122,29.96,0.00059999997,3743.9,2025.0
2003-01-13 00:00:00+05:30,0.033415092626633815,2314.95,2213.75,0.03311046212911606,1376164,0.0,0.0,ADANIENT.NS,Adani Enterprises Limited,Thermal Coal,Energy,Mr. Gautambhai Shantilal Adani S.Y. B.Com,"Ahmedabad, India",https://www.adanienterprises.com,2311.75,2238.85,2668245024768,77.16122,29.96,0.00059999997,3743.9,2025.0
2003-01-14 00:00:00+05:30,0.03339164075704743,2314.95,2213.75,0.033438511192798615,1376164,0.0,0.0,ADANIENT.NS,Adani Enterprises Limited,Thermal Coal,Energy,Mr. Gautambhai Shantilal Adani S.Y. B.Com,"Ahmedabad, India",https://www.adanienterprises.com,2311.75,2238.85,2668245024768,77.16122,29.96,0.00059999997,3743.9,2025.0
2003-01-15 00:00:00+05:30,0.03353226392976828,2314.95,2213.75,0.03355568274855614,1376164,0.0,0.0,ADANIENT.NS,Adani Enterprises Limited,Thermal Coal,Energy,Mr. Gautambhai Shantilal Adani S.Y. B.Com,"Ahmedabad, India",https://www.adanienterprises.com,2311.75,2238.85,2668245024768,77.16122,29.96,0.00059999997,3743.9,2025.0
2003-01-16 00:00:00+05:30,0.03320418010052524,2314.95,2213.75,0.03332134708762169,1376164,0.0,0.0,ADANIENT.NS,Adani Enterprises Limited,Thermal Coal,Energy,Mr. Gautambhai Shantilal Adani S.Y. B.Com,"Ahmedabad, India",https://www.adanienterprises.com,2311.75,2238.85,2668245024768,77.16122,29.96,0.00059999997,3743.9,2025.0
2003-01-17 00:00:00+05:30,0.03341509237720632,2314.95,2213.75,0.033438511192798615,1376164,0.0,0.0,ADANIENT.NS,Adani Enterprises Limited,Thermal Coal,Energy,Mr. Gautambhai Shantilal Adani S.Y. B.Com,"Ahmedabad, India",https://www.adanienterprises.com,2311.75,2238.85,2668245024768,77.16122,29.96,0.00059999997,3743.9,2025.0
2003-01-20 00:00:00+05:30,0.03261836740795096,2314.95,2213.75,0.033251047134399414,1376164,0.0,0.0,ADANIENT.NS,Adani Enterprises Limited,Thermal Coal,Energy,Mr. Gautambhai Shantilal Adani S.Y. B.Com,"Ahmedabad, India",https://www.adanienterprises.com,2311.75,2238.85,2668245024768,77.16122,29.96,0.00059999997,3743.9,2025.0
2003-01-21 00:00:00+05:30,0.033274468034505844,2314.95,2213.75,0.033274468034505844,1376164,0.0,0.0,ADANIENT.NS,Adani Enterprises Limited,Thermal Coal,Energy,Mr. Gautambhai Shantilal Adani S.Y. B.Com,"Ahmedabad, India",https://www.adanienterprises.com,2311.75,2238.85,2668245024768,77.16122,29.96,0.00059999997,3743.9,2025.0
2003-01-22 00:00:00+05:30,0.03257149537650868,2314.95,2213.75,0.033274468034505844,1376164,0.0,0.0,ADANIENT.NS,Adani Enterprises Limited,Thermal Coal,Energy,Mr. Gautambhai Shantilal Adani S.Y. B.Com,"Ahmedabad, India",https://www.adanienterprises.com,2311.75,2238.85,2668245024768,77.16122,29.96,0.00059999997,3743.9,2025.0
2003-01-23 00:00:00+05:30,0.03327447589089931,2314.95,2213.75,0.03320418298244476,1376164,0.0,0.0,ADANIENT.NS,Adani Enterprises Limited,Thermal Coal,Energy,Mr. Gautambhai Shantilal Adani S.Y. B.Com,"Ahmedabad, India",https://www.adanienterprises.com,2311.75,2238.85,2668245024768,77.16122,29.96,0.00059999997,3743.9,2025.0
2003-01-24 00:00:00+05:30,0.03327447821758797,2314.95,2213.75,0.03264179825782776,1376164,0.0,0.0,ADANIENT.NS,Adani Enterprises Limited,Thermal Coal,Energy,Mr. Gautambhai Shantilal Adani S.Y. B.Com,"Ahmedabad, India",https://www.adanienterprises.com,2311.75,2238.85,2668245024768,77.16122,29.96,0.00059999997,3743.9,2025.0
2003-01-27 00:00:00+05:30,0.03165764643248657,2314.95,2213.75,0.03128272294998169,1376164,0.0,0.0,ADANIENT.NS,Adani Enterprises Limited,Thermal Coal,Energy,Mr. Gautambhai Shantilal Adani S.Y. B.Com,"Ahmedabad, India",https://www.adanienterprises.com,2311.75,2238.85,2668245024768,77.16122,29.96,0.00059999997,3743.9,2025.0
2003-01-28 00:00:00+05:30,0.031751349750246384,2314.95,2213.75,0.03200910612940788,1376164,0.0,0.0,ADANIENT.NS,Adani Enterprises Limited,Thermal Coal,Energy,Mr. Gautambhai Shantilal Adani S.Y. B.Com,"Ahmedabad, India",https://www.adanienterprises.com,2311.75,2238.85,2668245024768,77.16122,29.96,0.00059999997,3743.9,2025.0
2003-01-29 00:00:00+05:30,0.03210285825765152,2314.95,2213.75,0.031681060791015625,1376164,0.0,0.0,ADANIENT.NS,Adani Enterprises Limited,Thermal Coal,Energy,Mr. Gautambhai Shantilal Adani S.Y. B.Com,"Ahmedabad, India",https://www.adanienterprises.com,2311.75,2238.85,2668245024768,77.16122,29.96,0.00059999997,3743.9,2025.0
2003-01-30 00:00:00+05:30,0.03139985725283623,2314.95,2213.75,0.03139985725283623,1376164,0.0,0.0,ADANIENT.NS,Adani Enterprises Limited,Thermal Coal,Energy,Mr. Gautambhai Shantilal Adani S.Y. B.Com,"Ahmedabad, India",https://www.adanienterprises.com,2311.75,2238.85,2668245024768,77.16122,29.96,0.00059999997,3743.9,2025.0
2003-01-31 00:00:00+05:30,0.030486001486681437,2314.95,2213.75,0.031095262616872787,1376164,0.0,0.0,ADANIENT.NS,Adani Enterprises Limited,Thermal Coal,Energy,Mr. Gautambhai Shantilal Adani S.Y. B.Com,"Ahmedabad, India",https://www.adanienterprises.com,2311.75,2238.85,2668245024768,77.16122,29.96,0.00059999997,3743.9,2025.0
2003-02-03 00:00:00+05:30,0.0307203254479423,2314.95,2213.75,0.031329553574323654,1376164,0.0,0.0,ADANIENT.NS,Adani Enterprises Limited,Thermal Coal,Energy,Mr. Gautambhai Shantilal Adani S.Y. B.Com,"Ahmedabad, India",https://www.adanienterprises.com,2311.75,2238.85,2668245024768,77.16122,29.96,0.00059999997,3743.9,2025.0
2003-02-04 00:00:00+05:30,0.031517026458540695,2314.95,2213.75,0.030978091061115265,1376164,0.0,0.0,ADANIENT.NS,Adani Enterprises Limited,Thermal Coal,Energy,Mr. Gautambhai Shantilal Adani S.Y. B.Com,"Ahmedabad, India",https://www.adanienterprises.com,2311.75,2238.85,2668245024768,77.16122,29.96,0.00059999997,3743.9,2025.0
2003-02-05 00:00:00+05:30,0.031165554520539124,2314.95,2213.75,0.030720334500074387,1376164,0.0,0.0,ADANIENT.NS,Adani Enterprises Limited,Thermal Coal,Energy,Mr. Gautambhai Shantilal Adani S.Y. B.Com,"Ahmedabad, India",https://www.adanienterprises.com,2311.75,2238.85,2668245024768,77.16122,29.96,0.00059999997,3743.9,2025.0
2003-02-06 00:00:00+05:30,0.031001508632549055,2314.95,2213.75,0.03093121573328972,1376164,0.0,0.0,ADANIENT.NS,Adani Enterprises Limited,Thermal Coal,Energy,Mr. Gautambhai Shantilal Adani S.Y. B.Com,"Ahmedabad, India",https://www.adanienterprises.com,2311.75,2238.85,2668245024768,77.16122,29.96,0.00059999997,3743.9,2025.0
2003-02-07 00:00:00+05:30,0.030814051213730945,2314.95,2213.75,0.030532872304320335,1376164,0.0,0.0,ADANIENT.NS,Adani Enterprises Limited,Thermal Coal,Energy,Mr. Gautambhai Shantilal Adani S.Y. B.Com,"Ahmedabad, India",https://www.adanienterprises.com,2311.75,2238.85,2668245024768,77.16122,29.96,0.00059999997,3743.9,2025.0
2003-02-10 00:00:00+05:30,0.030251657760471895,2314.95,2213.75,0.03050941415131092,1376164,0.0,0.0,ADANIENT.NS,Adani Enterprises Limited,Thermal Coal,Energy,Mr. Gautambhai Shantilal Adani S.Y. B.Com,"Ahmedabad, India",https://www.adanienterprises.com,2311.75,2238.85,2668245024768,77.16122,29.96,0.00059999997,3743.9,2025.0
2003-02-11 00:00:00+05:30,0.030462548503180517,2314.95,2213.75,0.030392253771424294,1376164,0.0,0.0,ADANIENT.NS,Adani Enterprises Limited,Thermal Coal,Energy,Mr. Gautambhai Shantilal Adani S.Y. B.Com,"Ahmedabad, India",https://www.adanienterprises.com,2311.75,2238.85,2668245024768,77.16122,29.96,0.00059999997,3743.9,2025.0
2003-02-12 00:00:00+05:30,0.030462539770791063,2314.95,2213.75,0.03048599138855934,1376164,0.0,0.0,ADANIENT.NS,Adani Enterprises Limited,Thermal Coal,Energy,Mr. Gautambhai Shantilal Adani S.Y. B.Com,"Ahmedabad, India",https://www.adanienterprises.com,2311.75,2238.85,2668245024768,77.16122,29.96,0.00059999997,3743.9,2025.0
2003-02-13 00:00:00+05:30,0.03048599138855934,2314.95,2213.75,0.03048599138855934,1376164,0.0,0.0,ADANIENT.NS,Adani Enterprises Limited,Thermal Coal,Energy,Mr. Gautambhai Shantilal Adani S.Y. B.Com,"Ahmedabad, India",https://www.adanienterprises.com,2311.75,2238.85,2668245024768,77.16122,29.96,0.00059999997,3743.9,2025.0
2003-02-14 00:00:00+05:30,0.03050941175673017,2314.95,2213.75,0.03032195009291172,1376164,0.0,0.0,ADANIENT.NS,Adani Enterprises Limited,Thermal Coal,Energy,Mr. Gautambhai Shantilal Adani S.Y. B.Com,"Ahmedabad, India",https://www.adanienterprises.com,2311.75,2238.85,2668245024768,77.16122,29.96,0.00059999997,3743.9,2025.0
2003-02-17 00:00:00+05:30,0.03046254948544285,2314.95,2213.75,0.03041570819914341,1376164,0.0,0.0,ADANIENT.NS,Adani Enterprises Limited,Thermal Coal,Energy,Mr. Gautambhai Shantilal Adani S.Y. B.Com,"Ahmedabad, India",https://www.adanienterprises.com,2311.75,2238.85,2668245024768,77.16122,29.96,0.00059999997,3743.9,2025.0
2003-02-18 00:00:00+05:30,0.030814041468531686,2314.95,2213.75,0.030462536960840225,1376164,0.0,0.0,ADANIENT.NS,Adani Enterprises Limited,Thermal Coal,Energy,Mr. Gautambhai Shantilal Adani S.Y. B.Com,"Ahmedabad, India",https://www.adanienterprises.com,2311.75,2238.85,2668245024768,77.16122,29.96,0.00059999997,3743.9,2025.0
2003-02-19 00:00:00+05:30,0.0309312146963924,2314.95,2213.75,0.030556289479136467,1376164,0.0,0.0,ADANIENT.NS,Adani Enterprises Limited,Thermal Coal,Energy,Mr. Gautambhai Shantilal Adani S.Y. B.Com,"Ahmedabad, India",https://www.adanienterprises.com,2311.75,2238.85,2668245024768,77.16122,29.96,0.00059999997,3743.9,2025.0
2003-02-20 00:00:00+05:30,0.03048600012767143,2314.95,2213.75,0.030392253771424294,1376164,0.0,0.0,ADANIENT.NS,Adani Enterprises Limited,Thermal Coal,Energy,Mr. Gautambhai Shantilal Adani S.Y. B.Com,"Ahmedabad, India",https://www.adanienterprises.com,2311.75,2238.85,2668245024768,77.16122,29.96,0.00059999997,3743.9,2025.0
2003-02-21 00:00:00+05:30,0.030579706735845653,2314.95,2213.75,0.03048599138855934,1376164,0.0,0.0,ADANIENT.NS,Adani Enterprises Limited,Thermal Coal,Energy,Mr. Gautambhai Shantilal Adani S.Y. B.Com,"Ahmedabad, India",https://www.adanienterprises.com,2311.75,2238.85,2668245024768,77.16122,29.96,0.00059999997,3743.9,2025.0
2003-02-24 00:00:00+05:30,0.030017322005547457,2314.95,2213.75,0.03050941415131092,1376164,0.0,0.0,ADANIENT.NS,Adani Enterprises Limited,Thermal Coal,Energy,Mr. Gautambhai Shantilal Adani S.Y. B.Com,"Ahmedabad, India",https://www.adanienterprises.com,2311.75,2238.85,2668245024768,77.16122,29.96,0.00059999997,3743.9,2025.0
2003-02-25 00:00:00+05:30,0.03067345205828896,2314.95,2213.75,0.030462536960840225,1376164,0.0,0.0,ADANIENT.NS,Adani Enterprises Limited,Thermal Coal,Energy,Mr. Gautambhai Shantilal Adani S.Y. B.Com,"Ahmedabad, India",https://www.adanienterprises.com,2311.75,2238.85,2668245024768,77.16122,29.96,0.00059999997,3743.9,2025.0
2003-02-26 00:00:00+05:30,0.030532872304320335,2314.95,2213.75,0.030532872304320335,1376164,0.0,0.0,ADANIENT.NS,Adani Enterprises Limited,Thermal Coal,Energy,Mr. Gautambhai Shantilal Adani S.Y. B.Com,"Ahmedabad, India",https://www.adanienterprises.com,2311.75,2238.85,2668245024768,77.16122,29.96,0.00059999997,3743.9,2025.0
2003-02-27 00:00:00+05:30,0.030462552677770406,2314.95,2213.75,0.030579719692468643,1376164,0.0,0.0,ADANIENT.NS,Adani Enterprises Limited,Thermal Coal,Energy,Mr. Gautambhai Shantilal Adani S.Y. B.Com,"Ahmedabad, India",https://www.adanienterprises.com,2311.75,2238.85,2668245024768,77.16122,29.96,0.00059999997,3743.9,2025.0
2003-02-28 00:00:00+05:30,0.03067345205828896,2314.95,2213.75,0.030462536960840225,1376164,0.0,0.0,ADANIENT.NS,Adani Enterprises Limited,Thermal Coal,Energy,Mr. Gautambhai Shantilal Adani S.Y. B.Com,"Ahmedabad, India",https://www.adanienterprises.com,2311.75,2238.85,2668245024768,77.16122,29.96,0.00059999997,3743.9,2025.0
2003-03-03 00:00:00+05:30,0.03065000044268393,2314.95,2213.75,0.030462536960840225,1376164,0.0,0.0,ADANIENT.NS,Adani Enterprises Limited,Thermal Coal,Energy,Mr. Gautambhai Shantilal Adani S.Y. B.Com,"Ahmedabad, India",https://www.adanienterprises.com,2311.75,2238.85,2668245024768,77.16122,29.96,0.00059999997,3743.9,2025.0
2003-03-04 00:00:00+05:30,0.03048599017496208,2314.95,2213.75,0.030439117923378944,1376164,0.0,0.0,ADANIENT.NS,Adani Enterprises Limited,Thermal Coal,Energy,Mr. Gautambhai Shantilal Adani S.Y. B.Com,"Ahmedabad, India",https://www.adanienterprises.com,2311.75,2238.85,2668245024768,77.16122,29.96,0.00059999997,3743.9,2025.0
2003-03-05 00:00:00+05:30,0.030462543139396,2314.95,2213.75,0.030556289479136467,1376164,0.0,0.0,ADANIENT.NS,Adani Enterprises Limited,Thermal Coal,Energy,Mr. Gautambhai Shantilal Adani S.Y. B.Com,"Ahmedabad, India",https://www.adanienterprises.com,2311.75,2238.85,2668245024768,77.16122,29.96,0.00059999997,3743.9,2025.0
2003-03-06 00:00:00+05:30,0.03055628328156662,2314.95,2213.75,0.030462536960840225,1376164,0.0,0.0,ADANIENT.NS,Adani Enterprises Limited,Thermal Coal,Energy,Mr. Gautambhai Shantilal Adani S.Y. B.Com,"Ahmedabad, India",https://www.adanienterprises.com,2311.75,2238.85,2668245024768,77.16122,29.96,0.00059999997,3743.9,2025.0
2003-03-07 00:00:00+05:30,0.030462538373386108,2314.95,2213.75,0.030181361362338066,1376164,0.0,0.0,ADANIENT.NS,Adani Enterprises Limited,Thermal Coal,Energy,Mr. Gautambhai Shantilal Adani S.Y. B.Com,"Ahmedabad, India",https://www.adanienterprises.com,2311.75,2238.85,2668245024768,77.16122,29.96,0.00059999997,3743.9,2025.0
2003-03-10 00:00:00+05:30,0.029993905371986644,2314.95,2213.75,0.029947031289339066,1376164,0.0,0.0,ADANIENT.NS,Adani Enterprises Limited,Thermal Coal,Energy,Mr. Gautambhai Shantilal Adani S.Y. B.Com,"Ahmedabad, India",https://www.adanienterprises.com,2311.75,2238.85,2668245024768,77.16122,29.96,0.00059999997,3743.9,2025.0
2003-03-11 00:00:00+05:30,0.030228246598409347,2314.95,2213.75,0.029923617839813232,1376164,0.0,0.0,ADANIENT.NS,Adani Enterprises Limited,Thermal Coal,Energy,Mr. Gautambhai Shantilal Adani S.Y. B.Com,"Ahmedabad, India",https://www.adanienterprises.com,2311.75,2238.85,2668245024768,77.16122,29.96,0.00059999997,3743.9,2025.0
2003-03-12 00:00:00+05:30,0.030228238117473785,2314.95,2213.75,0.02990015782415867,1376164,0.0,0.0,ADANIENT.NS,Adani Enterprises Limited,Thermal Coal,Energy,Mr. Gautambhai Shantilal Adani S.Y. B.Com,"Ahmedabad, India",https://www.adanienterprises.com,2311.75,2238.85,2668245024768,77.16122,29.96,0.00059999997,3743.9,2025.0
2003-03-13 00:00:00+05:30,0.031165549675912424,2314.95,2213.75,0.029947031289339066,1376164,0.0,0.0,ADANIENT.NS,Adani Enterprises Limited,Thermal Coal,Energy,Mr. Gautambhai Shantilal Adani S.Y. B.Com,"Ahmedabad, India",https://www.adanienterprises.com,2311.75,2238.85,2668245024768,77.16122,29.96,0.00059999997,3743.9,2025.0
2003-03-14 00:00:00+05:30,0.029947031289339066,2314.95,2213.75,0.029947031289339066,1376164,0.0,0.0,ADANIENT.NS,Adani Enterprises Limited,Thermal Coal,Energy,Mr. Gautambhai Shantilal Adani S.Y. B.Com,"Ahmedabad, India",https://www.adanienterprises.com,2311.75,2238.85,2668245024768,77.16122,29.96,0.00059999997,3743.9,2025.0
2003-03-17 00:00:00+05:30,0.029993903596352574,2314.95,2213.75,0.02985331416130066,1376164,0.0,0.0,ADANIENT.NS,Adani Enterprises Limited,Thermal Coal,Energy,Mr. Gautambhai Shantilal Adani S.Y. B.Com,"Ahmedabad, India",https://www.adanienterprises.com,2311.75,2238.85,2668245024768,77.16122,29.96,0.00059999997,3743.9,2025.0
2003-03-18 00:00:00+05:30,0.02985331416130066,2314.95,2213.75,0.02985331416130066,1376164,0.0,0.0,ADANIENT.NS,Adani Enterprises Limited,Thermal Coal,Energy,Mr. Gautambhai Shantilal Adani S.Y. B.Com,"Ahmedabad, India",https://www.adanienterprises.com,2311.75,2238.85,2668245024768,77.16122,29.96,0.00059999997,3743.9,2025.0
2003-03-19 00:00:00+05:30,0.02997048164721009,2314.95,2213.75,0.029548685997724533,1376164,0.0,0.0,ADANIENT.NS,Adani Enterprises Limited,Thermal Coal,Energy,Mr. Gautambhai Shantilal Adani S.Y. B.Com,"Ahmedabad, India",https://www.adanienterprises.com,2311.75,2238.85,2668245024768,77.16122,29.96,0.00059999997,3743.9,2025.0
2003-03-20 00:00:00+05:30,0.02971269833567504,2314.95,2213.75,0.02982986532151699,1376164,0.0,0.0,ADANIENT.NS,Adani Enterprises Limited,Thermal Coal,Energy,Mr. Gautambhai Shantilal Adani S.Y. B.Com,"Ahmedabad, India",https://www.adanienterprises.com,2311.75,2238.85,2668245024768,77.16122,29.96,0.00059999997,3743.9,2025.0
2003-03-21 00:00:00+05:30,0.030204791881691243,2314.95,2213.75,0.029876742511987686,1376164,0.0,0.0,ADANIENT.NS,Adani Enterprises Limited,Thermal Coal,Energy,Mr. Gautambhai Shantilal Adani S.Y. B.Com,"Ahmedabad, India",https://www.adanienterprises.com,2311.75,2238.85,2668245024768,77.16122,29.96,0.00059999997,3743.9,2025.0
2003-03-24 00:00:00+05:30,0.029759571967296623,2314.95,2213.75,0.029290933161973953,1376164,0.0,0.0,ADANIENT.NS,Adani Enterprises Limited,Thermal Coal,Energy,Mr. Gautambhai Shantilal Adani S.Y. B.Com,"Ahmedabad, India",https://www.adanienterprises.com,2311.75,2238.85,2668245024768,77.16122,29.96,0.00059999997,3743.9,2025.0
2003-03-25 00:00:00+05:30,0.0293377696285044,2314.95,2213.75,0.028916003182530403,1376164,0.0,0.0,ADANIENT.NS,Adani Enterprises Limited,Thermal Coal,Energy,Mr. Gautambhai Shantilal Adani S.Y. B.Com,"Ahmedabad, India",https://www.adanienterprises.com,2311.75,2238.85,2668245024768,77.16122,29.96,0.00059999997,3743.9,2025.0
2003-03-26 00:00:00+05:30,0.029290936228848145,2314.95,2213.75,0.02893943339586258,1376164,0.0,0.0,ADANIENT.NS,Adani Enterprises Limited,Thermal Coal,Energy,Mr. Gautambhai Shantilal Adani S.Y. B.Com,"Ahmedabad, India",https://www.adanienterprises.com,2311.75,2238.85,2668245024768,77.16122,29.96,0.00059999997,3743.9,2025.0
2003-03-27 00:00:00+05:30,0.02893942469466941,2314.95,2213.75,0.028892550617456436,1376164,0.0,0.0,ADANIENT.NS,Adani Enterprises Limited,Thermal Coal,Energy,Mr. Gautambhai Shantilal Adani S.Y. B.Com,"Ahmedabad, India",https://www.adanienterprises.com,2311.75,2238.85,2668245024768,77.16122,29.96,0.00059999997,3743.9,2025.0
2003-03-28 00:00:00+05:30,0.028377033897261802,2314.95,2213.75,0.02886912412941456,1376164,0.0,0.0,ADANIENT.NS,Adani Enterprises Limited,Thermal Coal,Energy,Mr. Gautambhai Shantilal Adani S.Y. B.Com,"Ahmedabad, India",https://www.adanienterprises.com,2311.75,2238.85,2668245024768,77.16122,29.96,0.00059999997,3743.9,2025.0
2003-03-31 00:00:00+05:30,0.028916008807181703,2314.95,2213.75,0.02877538837492466,1376164,0.0,0.0,ADANIENT.NS,Adani Enterprises Limited,Thermal Coal,Energy,Mr. Gautambhai Shantilal Adani S.Y. B.Com,"Ahmedabad, India",https://www.adanienterprises.com,2311.75,2238.85,2668245024768,77.16122,29.96,0.00059999997,3743.9,2025.0
2003-04-01 00:00:00+05:30,0.028611381733000273,2314.95,2213.75,0.028751971200108528,1376164,0.0,0.0,ADANIENT.NS,Adani Enterprises Limited,Thermal Coal,Energy,Mr. Gautambhai Shantilal Adani S.Y. B.Com,"Ahmedabad, India",https://www.adanienterprises.com,2311.75,2238.85,2668245024768,77.16122,29.96,0.00059999997,3743.9,2025.0
2003-04-02 00:00:00+05:30,0.02936122493401631,2314.95,2213.75,0.02900972217321396,1376164,0.0,0.0,ADANIENT.NS,Adani Enterprises Limited,Thermal Coal,Energy,Mr. Gautambhai Shantilal Adani S.Y. B.Com,"Ahmedabad, India",https://www.adanienterprises.com,2311.75,2238.85,2668245024768,77.16122,29.96,0.00059999997,3743.9,2025.0
2003-04-03 00:00:00+05:30,0.02929092653479858,2314.95,2213.75,0.028916003182530403,1376164,0.0,0.0,ADANIENT.NS,Adani Enterprises Limited,Thermal Coal,Energy,Mr. Gautambhai Shantilal Adani S.Y. B.Com,"Ahmedabad, India",https://www.adanienterprises.com,2311.75,2238.85,2668245024768,77.16122,29.96,0.00059999997,3743.9,2025.0
2003-04-04 00:00:00+05:30,0.029244061672131994,2314.95,2213.75,0.028751971200108528,1376164,0.0,0.0,ADANIENT.NS,Adani Enterprises Limited,Thermal Coal,Energy,Mr. Gautambhai Shantilal Adani S.Y. B.Com,"Ahmedabad, India",https://www.adanienterprises.com,2311.75,2238.85,2668245024768,77.16122,29.96,0.00059999997,3743.9,2025.0
2003-04-07 00:00:00+05:30,0.02889255930455601,2314.95,2213.75,0.02893943339586258,1376164,0.0,0.0,ADANIENT.NS,Adani Enterprises Limited,Thermal Coal,Energy,Mr. Gautambhai Shantilal Adani S.Y. B.Com,"Ahmedabad, India",https://www.adanienterprises.com,2311.75,2238.85,2668245024768,77.16122,29.96,0.00059999997,3743.9,2025.0
2003-04-08 00:00:00+05:30,0.028822260069547197,2314.95,2213.75,0.02872854471206665,1376164,0.0,0.0,ADANIENT.NS,Adani Enterprises Limited,Thermal Coal,Energy,Mr. Gautambhai Shantilal Adani S.Y. B.Com,"Ahmedabad, India",https://www.adanienterprises.com,2311.75,2238.85,2668245024768,77.16122,29.96,0.00059999997,3743.9,2025.0
2003-04-09 00:00:00+05:30,0.029056601701236712,2314.95,2213.75,0.028845688328146935,1376164,0.0,0.0,ADANIENT.NS,Adani Enterprises Limited,Thermal Coal,Energy,Mr. Gautambhai Shantilal Adani S.Y. B.Com,"Ahmedabad, India",https://www.adanienterprises.com,2311.75,2238.85,2668245024768,77.16122,29.96,0.00059999997,3743.9,2025.0
2003-04-10 00:00:00+05:30,0.028822261076488692,2314.95,2213.75,0.02811928652226925,1376164,0.0,0.0,ADANIENT.NS,Adani Enterprises Limited,Thermal Coal,Energy,Mr. Gautambhai Shantilal Adani S.Y. B.Com,"Ahmedabad, India",https://www.adanienterprises.com,2311.75,2238.85,2668245024768,77.16122,29.96,0.00059999997,3743.9,2025.0
2003-04-11 00:00:00+05:30,0.02879883865580163,2314.95,2213.75,0.028470758348703384,1376164,0.0,0.0,ADANIENT.NS,Adani Enterprises Limited,Thermal Coal,Energy,Mr. Gautambhai Shantilal Adani S.Y. B.Com,"Ahmedabad, India",https://www.adanienterprises.com,2311.75,2238.85,2668245024768,77.16122,29.96,0.00059999997,3743.9,2025.0
2003-04-14 00:00:00+05:30,0.028470758348703384,2314.95,2213.75,0.028470758348703384,1376164,0.0,0.0,ADANIENT.NS,Adani Enterprises Limited,Thermal Coal,Energy,Mr. Gautambhai Shantilal Adani S.Y. B.Com,"Ahmedabad, India",https://www.adanienterprises.com,2311.75,2238.85,2668245024768,77.16122,29.96,0.00059999997,3743.9,2025.0
2003-04-15 00:00:00+05:30,0.028564502411534534,2314.95,2213.75,0.028681669384241104,1376164,0.0,0.0,ADANIENT.NS,Adani Enterprises Limited,Thermal Coal,Energy,Mr. Gautambhai Shantilal Adani S.Y. B.Com,"Ahmedabad, India",https://www.adanienterprises.com,2311.75,2238.85,2668245024768,77.16122,29.96,0.00059999997,3743.9,2025.0
2003-04-16 00:00:00+05:30,0.02870509701657067,2314.95,2213.75,0.02849421463906765,1376164,0.0,0.0,ADANIENT.NS,Adani Enterprises Limited,Thermal Coal,Energy,Mr. Gautambhai Shantilal Adani S.Y. B.Com,"Ahmedabad, India",https://www.adanienterprises.com,2311.75,2238.85,2668245024768,77.16122,29.96,0.00059999997,3743.9,2025.0
2003-04-17 00:00:00+05:30,0.028564508797070516,2314.95,2213.75,0.028400467708706856,1376164,0.0,0.0,ADANIENT.NS,Adani Enterprises Limited,Thermal Coal,Energy,Mr. Gautambhai Shantilal Adani S.Y. B.Com,"Ahmedabad, India",https://www.adanienterprises.com,2311.75,2238.85,2668245024768,77.16122,29.96,0.00059999997,3743.9,2025.0
2003-04-18 00:00:00+05:30,0.028400467708706856,2314.95,2213.75,0.028400467708706856,1376164,0.0,0.0,ADANIENT.NS,Adani Enterprises Limited,Thermal Coal,Energy,Mr. Gautambhai Shantilal Adani S.Y. B.Com,"Ahmedabad, India",https://www.adanienterprises.com,2311.75,2238.85,2668245024768,77.16122,29.96,0.00059999997,3743.9,2025.0
2003-04-21 00:00:00+05:30,0.028470762182106087,2314.95,2213.75,0.028377046808600426,1376164,0.0,0.0,ADANIENT.NS,Adani Enterprises Limited,Thermal Coal,Energy,Mr. Gautambhai Shantilal Adani S.Y. B.Com,"Ahmedabad, India",https://www.adanienterprises.com,2311.75,2238.85,2668245024768,77.16122,29.96,0.00059999997,3743.9,2025.0
2003-04-22 00:00:00+05:30,0.028587927020652482,2314.95,2213.75,0.028705094009637833,1376164,0.0,0.0,ADANIENT.NS,Adani Enterprises Limited,Thermal Coal,Energy,Mr. Gautambhai Shantilal Adani S.Y. B.Com,"Ahmedabad, India",https://www.adanienterprises.com,2311.75,2238.85,2668245024768,77.16122,29.96,0.00059999997,3743.9,2025.0
2003-04-23 00:00:00+05:30,0.028611380606889725,2314.95,2213.75,0.028611380606889725,1376164,0.0,0.0,ADANIENT.NS,Adani Enterprises Limited,Thermal Coal,Energy,Mr. Gautambhai Shantilal Adani S.Y. B.Com,"Ahmedabad, India",https://www.adanienterprises.com,2311.75,2238.85,2668245024768,77.16122,29.96,0.00059999997,3743.9,2025.0
2003-04-24 00:00:00+05:30,0.028705095400560734,2314.95,2213.75,0.02851763367652893,1376164,0.0,0.0,ADANIENT.NS,Adani Enterprises Limited,Thermal Coal,Energy,Mr. Gautambhai Shantilal Adani S.Y. B.Com,"Ahmedabad, India",https://www.adanienterprises.com,2311.75,2238.85,2668245024768,77.16122,29.96,0.00059999997,3743.9,2025.0
2003-04-25 00:00:00+05:30,0.02835361699586278,2314.95,2213.75,0.02814270369708538,1376164,0.0,0.0,ADANIENT.NS,Adani Enterprises Limited,Thermal Coal,Energy,Mr. Gautambhai Shantilal Adani S.Y. B.Com,"Ahmedabad, India",https://www.adanienterprises.com,2311.75,2238.85,2668245024768,77.16122,29.96,0.00059999997,3743.9,2025.0
2003-04-28 00:00:00+05:30,0.028353625172414774,2314.95,2213.75,0.02849421463906765,1376164,0.0,0.0,ADANIENT.NS,Adani Enterprises Limited,Thermal Coal,Energy,Mr. Gautambhai Shantilal Adani S.Y. B.Com,"Ahmedabad, India",https://www.adanienterprises.com,2311.75,2238.85,2668245024768,77.16122,29.96,0.00059999997,3743.9,2025.0
2003-04-29 00:00:00+05:30,0.028447330992092228,2314.95,2213.75,0.028330164030194283,1376164,0.0,0.0,ADANIENT.NS,Adani Enterprises Limited,Thermal Coal,Energy,Mr. Gautambhai Shantilal Adani S.Y. B.Com,"Ahmedabad, India",https://www.adanienterprises.com,2311.75,2238.85,2668245024768,77.16122,29.96,0.00059999997,3743.9,2025.0
2003-04-30 00:00:00+05:30,0.02624466770099532,2314.95,2213.75,0.028470758348703384,1376164,0.0,0.0,ADANIENT.NS,Adani Enterprises Limited,Thermal Coal,Energy,Mr. Gautambhai Shantilal Adani S.Y. B.Com,"Ahmedabad, India",https://www.adanienterprises.com,2311.75,2238.85,2668245024768,77.16122,29.96,0.00059999997,3743.9,2025.0
2003-05-01 00:00:00+05:30,0.028470758348703384,2314.95,2213.75,0.028470758348703384,1376164,0.0,0.0,ADANIENT.NS,Adani Enterprises Limited,Thermal Coal,Energy,Mr. Gautambhai Shantilal Adani S.Y. B.Com,"Ahmedabad, India",https://www.adanienterprises.com,2311.75,2238.85,2668245024768,77.16122,29.96,0.00059999997,3743.9,2025.0
2003-05-02 00:00:00+05:30,0.028587928771779552,2314.95,2213.75,0.028447339311242104,1376164,0.0,0.0,ADANIENT.NS,Adani Enterprises Limited,Thermal Coal,Energy,Mr. Gautambhai Shantilal Adani S.Y. B.Com,"Ahmedabad, India",https://www.adanienterprises.com,2311.75,2238.85,2668245024768,77.16122,29.96,0.00059999997,3743.9,2025.0
2003-05-05 00:00:00+05:30,0.02858792196736988,2314.95,2213.75,0.028892550617456436,1376164,0.0,0.0,ADANIENT.NS,Adani Enterprises Limited,Thermal Coal,Energy,Mr. Gautambhai Shantilal Adani S.Y. B.Com,"Ahmedabad, India",https://www.adanienterprises.com,2311.75,2238.85,2668245024768,77.16122,29.96,0.00059999997,3743.9,2025.0
2003-05-06 00:00:00+05:30,0.028822261097046137,2314.95,2213.75,0.029454940930008888,1376164,0.0,0.0,ADANIENT.NS,Adani Enterprises Limited,Thermal Coal,Energy,Mr. Gautambhai Shantilal Adani S.Y. B.Com,"Ahmedabad, India",https://www.adanienterprises.com,2311.75,2238.85,2668245024768,77.16122,29.96,0.00059999997,3743.9,2025.0
2003-05-07 00:00:00+05:30,0.02905659469417968,2314.95,2213.75,0.02903314307332039,1376164,0.0,0.0,ADANIENT.NS,Adani Enterprises Limited,Thermal Coal,Energy,Mr. Gautambhai Shantilal Adani S.Y. B.Com,"Ahmedabad, India",https://www.adanienterprises.com,2311.75,2238.85,2668245024768,77.16122,29.96,0.00059999997,3743.9,2025.0
2003-05-08 00:00:00+05:30,0.02905659643486921,2314.95,2213.75,0.02877538837492466,1376164,0.0,0.0,ADANIENT.NS,Adani Enterprises Limited,Thermal Coal,Energy,Mr. Gautambhai Shantilal Adani S.Y. B.Com,"Ahmedabad, India",https://www.adanienterprises.com,2311.75,2238.85,2668245024768,77.16122,29.96,0.00059999997,3743.9,2025.0
2003-05-09 00:00:00+05:30,0.028587926662326103,2314.95,2213.75,0.02877538837492466,1376164,0.0,0.0,ADANIENT.NS,Adani Enterprises Limited,Thermal Coal,Energy,Mr. Gautambhai Shantilal Adani S.Y. B.Com,"Ahmedabad, India",https://www.adanienterprises.com,2311.75,2238.85,2668245024768,77.16122,29.96,0.00059999997,3743.9,2025.0
2003-05-12 00:00:00+05:30,0.029080017155423354,2314.95,2213.75,0.02903314307332039,1376164,0.0,0.0,ADANIENT.NS,Adani Enterprises Limited,Thermal Coal,Energy,Mr. Gautambhai Shantilal Adani S.Y. B.Com,"Ahmedabad, India",https://www.adanienterprises.com,2311.75,2238.85,2668245024768,77.16122,29.96,0.00059999997,3743.9,2025.0
2003-05-13 00:00:00+05:30,0.028939430048032247,2314.95,2213.75,0.02922060713171959,1376164,0.0,0.0,ADANIENT.NS,Adani Enterprises Limited,Thermal Coal,Energy,Mr. Gautambhai Shantilal Adani S.Y. B.Com,"Ahmedabad, India",https://www.adanienterprises.com,2311.75,2238.85,2668245024768,77.16122,29.96,0.00059999997,3743.9,2025.0
2003-05-14 00:00:00+05:30,0.029267481295049233,2314.95,2213.75,0.02961898408830166,1376164,0.0,0.0,ADANIENT.NS,Adani Enterprises Limited,Thermal Coal,Energy,Mr. Gautambhai Shantilal Adani S.Y. B.Com,"Ahmedabad, India",https://www.adanienterprises.com,2311.75,2238.85,2668245024768,77.16122,29.96,0.00059999997,3743.9,2025.0
2003-05-15 00:00:00+05:30,0.03043912485984017,2314.95,2213.75,0.035547468811273575,1376164,0.0,0.0,ADANIENT.NS,Adani Enterprises Limited,Thermal Coal,Energy,Mr. Gautambhai Shantilal Adani S.Y. B.Com,"Ahmedabad, India",https://www.adanienterprises.com,2311.75,2238.85,2668245024768,77.16122,29.96,0.00059999997,3743.9,2025.0
2003-05-16 00:00:00+05:30,0.03796101656208429,2314.95,2213.75,0.04152282327413559,1376164,0.0,0.0,ADANIENT.NS,Adani Enterprises Limited,Thermal Coal,Energy,Mr. Gautambhai Shantilal Adani S.Y. B.Com,"Ahmedabad, India",https://www.adanienterprises.com,2311.75,2238.85,2668245024768,77.16122,29.96,0.00059999997,3743.9,2025.0
2003-05-19 00:00:00+05:30,0.04253043553913418,2314.95,2213.75,0.04318653792142868,1376164,0.0,0.0,ADANIENT.NS,Adani Enterprises Limited,Thermal Coal,Energy,Mr. Gautambhai Shantilal Adani S.Y. B.Com,"Ahmedabad, India",https://www.adanienterprises.com,2311.75,2238.85,2668245024768,77.16122,29.96,0.00059999997,3743.9,2025.0
2003-05-20 00:00:00+05:30,0.03985909452218788,2314.95,2213.75,0.04096044600009918,1376164,0.0,0.0,ADANIENT.NS,Adani Enterprises Limited,Thermal Coal,Energy,Mr. Gautambhai Shantilal Adani S.Y. B.Com,"Ahmedabad, India",https://www.adanienterprises.com,2311.75,2238.85,2668245024768,77.16122,29.96,0.00059999997,3743.9,2025.0
2003-05-21 00:00:00+05:30,0.040069967689700524,2314.95,2213.75,0.04105415195226669,1376164,0.0,0.0,ADANIENT.NS,Adani Enterprises Limited,Thermal Coal,Energy,Mr. Gautambhai Shantilal Adani S.Y. B.Com,"Ahmedabad, India",https://www.adanienterprises.com,2311.75,2238.85,2668245024768,77.16122,29.96,0.00059999997,3743.9,2025.0
2003-05-22 00:00:00+05:30,0.041944591787585486,2314.95,2213.75,0.041639961302280426,1376164,0.0,0.0,ADANIENT.NS,Adani Enterprises Limited,Thermal Coal,Energy,Mr. Gautambhai Shantilal Adani S.Y. B.Com,"Ahmedabad, India",https://www.adanienterprises.com,2311.75,2238.85,2668245024768,77.16122,29.96,0.00059999997,3743.9,2025.0
2003-05-23 00:00:00+05:30,0.04147596007095647,2314.95,2213.75,0.04185088351368904,1376164,0.0,0.0,ADANIENT.NS,Adani Enterprises Limited,Thermal Coal,Energy,Mr. Gautambhai Shantilal Adani S.Y. B.Com,"Ahmedabad, India",https://www.adanienterprises.com,2311.75,2238.85,2668245024768,77.16122,29.96,0.00059999997,3743.9,2025.0
2003-05-26 00:00:00+05:30,0.04171028329886407,2314.95,2213.75,0.04105415195226669,1376164,0.0,0.0,ADANIENT.NS,Adani Enterprises Limited,Thermal Coal,Energy,Mr. Gautambhai Shantilal Adani S.Y. B.Com,"Ahmedabad, India",https://www.adanienterprises.com,2311.75,2238.85,2668245024768,77.16122,29.96,0.00059999997,3743.9,2025.0
2003-05-27 00:00:00+05:30,0.04182742669274694,2314.95,2213.75,0.03971850126981735,1376164,0.0,0.0,ADANIENT.NS,Adani Enterprises Limited,Thermal Coal,Energy,Mr. Gautambhai Shantilal Adani S.Y. B.Com,"Ahmedabad, India",https://www.adanienterprises.com,2311.75,2238.85,2668245024768,77.16122,29.96,0.00059999997,3743.9,2025.0
2003-05-28 00:00:00+05:30,0.04030430106811663,2314.95,2213.75,0.03955445438623428,1376164,0.0,0.0,ADANIENT.NS,Adani Enterprises Limited,Thermal Coal,Energy,Mr. Gautambhai Shantilal Adani S.Y. B.Com,"Ahmedabad, India",https://www.adanienterprises.com,2311.75,2238.85,2668245024768,77.16122,29.96,0.00059999997,3743.9,2025.0
2003-05-29 00:00:00+05:30,0.0396013365083792,2314.95,2213.75,0.03915611654520035,1376164,0.0,0.0,ADANIENT.NS,Adani Enterprises Limited,Thermal Coal,Energy,Mr. Gautambhai Shantilal Adani S.Y. B.Com,"Ahmedabad, India",https://www.adanienterprises.com,2311.75,2238.85,2668245024768,77.16122,29.96,0.00059999997,3743.9,2025.0
2003-05-30 00:00:00+05:30,0.03962475331153696,2314.95,2213.75,0.039249829947948456,1376164,0.0,0.0,ADANIENT.NS,Adani Enterprises Limited,Thermal Coal,Energy,Mr. Gautambhai Shantilal Adani S.Y. B.Com,"Ahmedabad, India",https://www.adanienterprises.com,2311.75,2238.85,2668245024768,77.16122,29.96,0.00059999997,3743.9,2025.0
2003-06-02 00:00:00+05:30,0.03943729292026112,2314.95,2213.75,0.03978879749774933,1376164,0.0,0.0,ADANIENT.NS,Adani Enterprises Limited,Thermal Coal,Energy,Mr. Gautambhai Shantilal Adani S.Y. B.Com,"Ahmedabad, India",https://www.adanienterprises.com,2311.75,2238.85,2668245024768,77.16122,29.96,0.00059999997,3743.9,2025.0
2003-06-03 00:00:00+05:30,0.039601330290964194,2314.95,2213.75,0.039062365889549255,1376164,0.0,0.0,ADANIENT.NS,Adani Enterprises Limited,Thermal Coal,Energy,Mr. Gautambhai Shantilal Adani S.Y. B.Com,"Ahmedabad, India",https://www.adanienterprises.com,2311.75,2238.85,2668245024768,77.16122,29.96,0.00059999997,3743.9,2025.0
2003-06-04 00:00:00+05:30,0.03936699596802531,2314.95,2213.75,0.03913265839219093,1376164,0.0,0.0,ADANIENT.NS,Adani Enterprises Limited,Thermal Coal,Energy,Mr. Gautambhai Shantilal Adani S.Y. B.Com,"Ahmedabad, India",https://www.adanienterprises.com,2311.75,2238.85,2668245024768,77.16122,29.96,0.00059999997,3743.9,2025.0
2003-06-05 00:00:00+05:30,0.03971849505690186,2314.95,2213.75,0.040351174771785736,1376164,0.0,0.0,ADANIENT.NS,Adani Enterprises Limited,Thermal Coal,Energy,Mr. Gautambhai Shantilal Adani S.Y. B.Com,"Ahmedabad, India",https://www.adanienterprises.com,2311.75,2238.85,2668245024768,77.16122,29.96,0.00059999997,3743.9,2025.0
2003-06-06 00:00:00+05:30,0.04100728672443514,2314.95,2213.75,0.041616544127464294,1376164,0.0,0.0,ADANIENT.NS,Adani Enterprises Limited,Thermal Coal,Energy,Mr. Gautambhai Shantilal Adani S.Y. B.Com,"Ahmedabad, India",https://www.adanienterprises.com,2311.75,2238.85,2668245024768,77.16122,29.96,0.00059999997,3743.9,2025.0
2003-06-09 00:00:00+05:30,0.04215550961417065,2314.95,2213.75,0.040749531239271164,1376164,0.0,0.0,ADANIENT.NS,Adani Enterprises Limited,Thermal Coal,Energy,Mr. Gautambhai Shantilal Adani S.Y. B.Com,"Ahmedabad, India",https://www.adanienterprises.com,2311.75,2238.85,2668245024768,77.16122,29.96,0.00059999997,3743.9,2025.0
2003-06-10 00:00:00+05:30,0.04018714825107876,2314.95,2213.75,0.040421485900878906,1376164,0.0,0.0,ADANIENT.NS,Adani Enterprises Limited,Thermal Coal,Energy,Mr. Gautambhai Shantilal Adani S.Y. B.Com,"Ahmedabad, India",https://www.adanienterprises.com,2311.75,2238.85,2668245024768,77.16122,29.96,0.00059999997,3743.9,2025.0
2003-06-11 00:00:00+05:30,0.039835636271424696,2314.95,2213.75,0.039695046842098236,1376164,0.0,0.0,ADANIENT.NS,Adani Enterprises Limited,Thermal Coal,Energy,Mr. Gautambhai Shantilal Adani S.Y. B.Com,"Ahmedabad, India",https://www.adanienterprises.com,2311.75,2238.85,2668245024768,77.16122,29.96,0.00059999997,3743.9,2025.0
2003-06-12 00:00:00+05:30,0.039601328818942357,2314.95,2213.75,0.04006996750831604,1376164,0.0,0.0,ADANIENT.NS,Adani Enterprises Limited,Thermal Coal,Energy,Mr. Gautambhai Shantilal Adani S.Y. B.Com,"Ahmedabad, India",https://www.adanienterprises.com,2311.75,2238.85,2668245024768,77.16122,29.96,0.00059999997,3743.9,2025.0
2003-06-13 00:00:00+05:30,0.04096045499100696,2314.95,2213.75,0.03962476924061775,1376164,0.0,0.0,ADANIENT.NS,Adani Enterprises Limited,Thermal Coal,Energy,Mr. Gautambhai Shantilal Adani S.Y. B.Com,"Ahmedabad, India",https://www.adanienterprises.com,2311.75,2238.85,2668245024768,77.16122,29.96,0.00059999997,3743.9,2025.0
2003-06-16 00:00:00+05:30,0.03962475897052225,2314.95,2213.75,0.03915611654520035,1376164,0.0,0.0,ADANIENT.NS,Adani Enterprises Limited,Thermal Coal,Energy,Mr. Gautambhai Shantilal Adani S.Y. B.Com,"Ahmedabad, India",https://www.adanienterprises.com,2311.75,2238.85,2668245024768,77.16122,29.96,0.00059999997,3743.9,2025.0
2003-06-17 00:00:00+05:30,0.03995281865887294,2314.95,2213.75,0.03962476924061775,1376164,0.0,0.0,ADANIENT.NS,Adani Enterprises Limited,Thermal Coal,Energy,Mr. Gautambhai Shantilal Adani S.Y. B.Com,"Ahmedabad, India",https://www.adanienterprises.com,2311.75,2238.85,2668245024768,77.16122,29.96,0.00059999997,3743.9,2025.0
2003-06-18 00:00:00+05:30,0.040069976563442855,2314.95,2213.75,0.04089011996984482,1376164,0.0,0.0,ADANIENT.NS,Adani Enterprises Limited,Thermal Coal,Energy,Mr. Gautambhai Shantilal Adani S.Y. B.Com,"Ahmedabad, India",https://www.adanienterprises.com,2311.75,2238.85,2668245024768,77.16122,29.96,0.00059999997,3743.9,2025.0
2003-06-19 00:00:00+05:30,0.04171028841755087,2314.95,2213.75,0.04135878384113312,1376164,0.0,0.0,ADANIENT.NS,Adani Enterprises Limited,Thermal Coal,Energy,Mr. Gautambhai Shantilal Adani S.Y. B.Com,"Ahmedabad, India",https://www.adanienterprises.com,2311.75,2238.85,2668245024768,77.16122,29.96,0.00059999997,3743.9,2025.0
2003-06-20 00:00:00+05:30,0.04215550993972021,2314.95,2213.75,0.04276473820209503,1376164,0.0,0.0,ADANIENT.NS,Adani Enterprises Limited,Thermal Coal,Energy,Mr. Gautambhai Shantilal Adani S.Y. B.Com,"Ahmedabad, India",https://www.adanienterprises.com,2311.75,2238.85,2668245024768,77.16122,29.96,0.00059999997,3743.9,2025.0
2003-06-23 00:00:00+05:30,0.04403012544161172,2314.95,2213.75,0.04220234975218773,1376164,0.0,0.0,ADANIENT.NS,Adani Enterprises Limited,Thermal Coal,Energy,Mr. Gautambhai Shantilal Adani S.Y. B.Com,"Ahmedabad, India",https://www.adanienterprises.com,2311.75,2238.85,2668245024768,77.16122,29.96,0.00059999997,3743.9,2025.0
2003-06-24 00:00:00+05:30,0.04217892265357578,2314.95,2213.75,0.04222579672932625,1376164,0.0,0.0,ADANIENT.NS,Adani Enterprises Limited,Thermal Coal,Energy,Mr. Gautambhai Shantilal Adani S.Y. B.Com,"Ahmedabad, India",https://www.adanienterprises.com,2311.75,2238.85,2668245024768,77.16122,29.96,0.00059999997,3743.9,2025.0
2003-06-25 00:00:00+05:30,0.04224920764357858,2314.95,2213.75,0.042624134570360184,1376164,0.0,0.0,ADANIENT.NS,Adani Enterprises Limited,Thermal Coal,Energy,Mr. Gautambhai Shantilal Adani S.Y. B.Com,"Ahmedabad, India",https://www.adanienterprises.com,2311.75,2238.85,2668245024768,77.16122,29.96,0.00059999997,3743.9,2025.0
2003-06-26 00:00:00+05:30,0.04255385592307216,2314.95,2213.75,0.04440505430102348,1376164,0.0,0.0,ADANIENT.NS,Adani Enterprises Limited,Thermal Coal,Energy,Mr. Gautambhai Shantilal Adani S.Y. B.Com,"Ahmedabad, India",https://www.adanienterprises.com,2311.75,2238.85,2668245024768,77.16122,29.96,0.00059999997,3743.9,2025.0
2003-06-27 00:00:00+05:30,0.045928165711829276,2314.95,2213.75,0.04585787281394005,1376164,0.0,0.0,ADANIENT.NS,Adani Enterprises Limited,Thermal Coal,Energy,Mr. Gautambhai Shantilal Adani S.Y. B.Com,"Ahmedabad, India",https://www.adanienterprises.com,2311.75,2238.85,2668245024768,77.16122,29.96,0.00059999997,3743.9,2025.0
2003-06-30 00:00:00+05:30,0.04709980871260177,2314.95,2213.75,0.0458109974861145,1376164,0.0,0.0,ADANIENT.NS,Adani Enterprises Limited,Thermal Coal,Energy,Mr. Gautambhai Shantilal Adani S.Y. B.Com,"Ahmedabad, India",https://www.adanienterprises.com,2311.75,2238.85,2668245024768,77.16122,29.96,0.00059999997,3743.9,2025.0
2003-07-01 00:00:00+05:30,0.04599845333071244,2314.95,2213.75,0.04613903909921646,1376164,0.0,0.0,ADANIENT.NS,Adani Enterprises Limited,Thermal Coal,Energy,Mr. Gautambhai Shantilal Adani S.Y. B.Com,"Ahmedabad, India",https://www.adanienterprises.com,2311.75,2238.85,2668245024768,77.16122,29.96,0.00059999997,3743.9,2025.0
2003-07-02 00:00:00+05:30,0.04686547326317258,2314.95,2213.75,0.04623279348015785,1376164,0.0,0.0,ADANIENT.NS,Adani Enterprises Limited,Thermal Coal,Energy,Mr. Gautambhai Shantilal Adani S.Y. B.Com,"Ahmedabad, India",https://www.adanienterprises.com,2311.75,2238.85,2668245024768,77.16122,29.96,0.00059999997,3743.9,2025.0
2003-07-03 00:00:00+05:30,0.047099811338362725,2314.95,2213.75,0.04714668542146683,1376164,0.0,0.0,ADANIENT.NS,Adani Enterprises Limited,Thermal Coal,Energy,Mr. Gautambhai Shantilal Adani S.Y. B.Com,"Ahmedabad, India",https://www.adanienterprises.com,2311.75,2238.85,2668245024768,77.16122,29.96,0.00059999997,3743.9,2025.0
2003-07-04 00:00:00+05:30,0.04756845430691882,2314.95,2213.75,0.04733414947986603,1376164,0.0,0.0,ADANIENT.NS,Adani Enterprises Limited,Thermal Coal,Energy,Mr. Gautambhai Shantilal Adani S.Y. B.Com,"Ahmedabad, India",https://www.adanienterprises.com,2311.75,2238.85,2668245024768,77.16122,29.96,0.00059999997,3743.9,2025.0
2003-07-07 00:00:00+05:30,0.047802793382760646,2314.95,2213.75,0.04749816283583641,1376164,0.0,0.0,ADANIENT.NS,Adani Enterprises Limited,Thermal Coal,Energy,Mr. Gautambhai Shantilal Adani S.Y. B.Com,"Ahmedabad, India",https://www.adanienterprises.com,2311.75,2238.85,2668245024768,77.16122,29.96,0.00059999997,3743.9,2025.0
2003-07-08 00:00:00+05:30,0.04780278739088189,2314.95,2213.75,0.04707635939121246,1376164,0.0,0.0,ADANIENT.NS,Adani Enterprises Limited,Thermal Coal,Energy,Mr. Gautambhai Shantilal Adani S.Y. B.Com,"Ahmedabad, India",https://www.adanienterprises.com,2311.75,2238.85,2668245024768,77.16122,29.96,0.00059999997,3743.9,2025.0
2003-07-09 00:00:00+05:30,0.0467483086860029,2314.95,2213.75,0.04494398459792137,1376164,0.0,0.0,ADANIENT.NS,Adani Enterprises Limited,Thermal Coal,Energy,Mr. Gautambhai Shantilal Adani S.Y. B.Com,"Ahmedabad, India",https://www.adanienterprises.com,2311.75,2238.85,2668245024768,77.16122,29.96,0.00059999997,3743.9,2025.0
2003-07-10 00:00:00+05:30,0.04522518832947054,2314.95,2213.75,0.04475651681423187,1376164,0.0,0.0,ADANIENT.NS,Adani Enterprises Limited,Thermal Coal,Energy,Mr. Gautambhai Shantilal Adani S.Y. B.Com,"Ahmedabad, India",https://www.adanienterprises.com,2311.75,2238.85,2668245024768,77.16122,29.96,0.00059999997,3743.9,2025.0
2003-07-11 00:00:00+05:30,0.04534235868977883,2314.95,2213.75,0.04496743530035019,1376164,0.0,0.0,ADANIENT.NS,Adani Enterprises Limited,Thermal Coal,Energy,Mr. Gautambhai Shantilal Adani S.Y. B.Com,"Ahmedabad, India",https://www.adanienterprises.com,2311.75,2238.85,2668245024768,77.16122,29.96,0.00059999997,3743.9,2025.0
2003-07-14 00:00:00+05:30,0.04592816727598972,2314.95,2213.75,0.04583445191383362,1376164,0.0,0.0,ADANIENT.NS,Adani Enterprises Limited,Thermal Coal,Energy,Mr. Gautambhai Shantilal Adani S.Y. B.Com,"Ahmedabad, India",https://www.adanienterprises.com,2311.75,2238.85,2668245024768,77.16122,29.96,0.00059999997,3743.9,2025.0
2003-07-15 00:00:00+05:30,0.045928166259032864,2314.95,2213.75,0.04447534307837486,1376164,0.0,0.0,ADANIENT.NS,Adani Enterprises Limited,Thermal Coal,Energy,Mr. Gautambhai Shantilal Adani S.Y. B.Com,"Ahmedabad, India",https://www.adanienterprises.com,2311.75,2238.85,2668245024768,77.16122,29.96,0.00059999997,3743.9,2025.0
2003-07-16 00:00:00+05:30,0.04534235868977883,2314.95,2213.75,0.04496743530035019,1376164,0.0,0.0,ADANIENT.NS,Adani Enterprises Limited,Thermal Coal,Energy,Mr. Gautambhai Shantilal Adani S.Y. B.Com,"Ahmedabad, India",https://www.adanienterprises.com,2311.75,2238.85,2668245024768,77.16122,29.96,0.00059999997,3743.9,2025.0
2003-07-17 00:00:00+05:30,0.044522215285677486,2314.95,2213.75,0.04456906020641327,1376164,0.0,0.0,ADANIENT.NS,Adani Enterprises Limited,Thermal Coal,Energy,Mr. Gautambhai Shantilal Adani S.Y. B.Com,"Ahmedabad, India",https://www.adanienterprises.com,2311.75,2238.85,2668245024768,77.16122,29.96,0.00059999997,3743.9,2025.0
2003-07-18 00:00:00+05:30,0.044311307434703434,2314.95,2213.75,0.043725498020648956,1376164,0.0,0.0,ADANIENT.NS,Adani Enterprises Limited,Thermal Coal,Energy,Mr. Gautambhai Shantilal Adani S.Y. B.Com,"Ahmedabad, India",https://www.adanienterprises.com,2311.75,2238.85,2668245024768,77.16122,29.96,0.00059999997,3743.9,2025.0
2003-07-21 00:00:00+05:30,0.044358173778173325,2314.95,2213.75,0.043795790523290634,1376164,0.0,0.0,ADANIENT.NS,Adani Enterprises Limited,Thermal Coal,Energy,Mr. Gautambhai Shantilal Adani S.Y. B.Com,"Ahmedabad, India",https://www.adanienterprises.com,2311.75,2238.85,2668245024768,77.16122,29.96,0.00059999997,3743.9,2025.0
2003-07-22 00:00:00+05:30,0.04276472866471634,2314.95,2213.75,0.042741309851408005,1376164,0.0,0.0,ADANIENT.NS,Adani Enterprises Limited,Thermal Coal,Energy,Mr. Gautambhai Shantilal Adani S.Y. B.Com,"Ahmedabad, India",https://www.adanienterprises.com,2311.75,2238.85,2668245024768,77.16122,29.96,0.00059999997,3743.9,2025.0
2003-07-23 00:00:00+05:30,0.04335056832427575,2314.95,2213.75,0.04278818145394325,1376164,0.0,0.0,ADANIENT.NS,Adani Enterprises Limited,Thermal Coal,Energy,Mr. Gautambhai Shantilal Adani S.Y. B.Com,"Ahmedabad, India",https://www.adanienterprises.com,2311.75,2238.85,2668245024768,77.16122,29.96,0.00059999997,3743.9,2025.0
2003-07-24 00:00:00+05:30,0.04288190316154915,2314.95,2213.75,0.04299907013773918,1376164,0.0,0.0,ADANIENT.NS,Adani Enterprises Limited,Thermal Coal,Energy,Mr. Gautambhai Shantilal Adani S.Y. B.Com,"Ahmedabad, India",https://www.adanienterprises.com,2311.75,2238.85,2668245024768,77.16122,29.96,0.00059999997,3743.9,2025.0
2003-07-25 00:00:00+05:30,0.04370204072756755,2314.95,2213.75,0.043819207698106766,1376164,0.0,0.0,ADANIENT.NS,Adani Enterprises Limited,Thermal Coal,Energy,Mr. Gautambhai Shantilal Adani S.Y. B.Com,"Ahmedabad, India",https://www.adanienterprises.com,2311.75,2238.85,2668245024768,77.16122,29.96,0.00059999997,3743.9,2025.0
2003-07-28 00:00:00+05:30,0.04405354012607952,2314.95,2213.75,0.04482680559158325,1376164,0.0,0.0,ADANIENT.NS,Adani Enterprises Limited,Thermal Coal,Energy,Mr. Gautambhai Shantilal Adani S.Y. B.Com,"Ahmedabad, India",https://www.adanienterprises.com,2311.75,2238.85,2668245024768,77.16122,29.96,0.00059999997,3743.9,2025.0
2003-07-29 00:00:00+05:30,0.04459250611154225,2314.95,2213.75,0.04480338841676712,1376164,0.0,0.0,ADANIENT.NS,Adani Enterprises Limited,Thermal Coal,Energy,Mr. Gautambhai Shantilal Adani S.Y. B.Com,"Ahmedabad, India",https://www.adanienterprises.com,2311.75,2238.85,2668245024768,77.16122,29.96,0.00059999997,3743.9,2025.0
2003-07-30 00:00:00+05:30,0.04557665995455069,2314.95,2213.75,0.04391295462846756,1376164,0.0,0.0,ADANIENT.NS,Adani Enterprises Limited,Thermal Coal,Energy,Mr. Gautambhai Shantilal Adani S.Y. B.Com,"Ahmedabad, India",https://www.adanienterprises.com,2311.75,2238.85,2668245024768,77.16122,29.96,0.00059999997,3743.9,2025.0
2003-07-31 00:00:00+05:30,0.04311623992776725,2314.95,2213.75,0.0430225245654583,1376164,0.0,0.0,ADANIENT.NS,Adani Enterprises Limited,Thermal Coal,Energy,Mr. Gautambhai Shantilal Adani S.Y. B.Com,"Ahmedabad, India",https://www.adanienterprises.com,2311.75,2238.85,2668245024768,77.16122,29.96,0.00059999997,3743.9,2025.0
2003-08-01 00:00:00+05:30,0.042178931612928704,2314.95,2213.75,0.04304594546556473,1376164,0.0,0.0,ADANIENT.NS,Adani Enterprises Limited,Thermal Coal,Energy,Mr. Gautambhai Shantilal Adani S.Y. B.Com,"Ahmedabad, India",https://www.adanienterprises.com,2311.75,2238.85,2668245024768,77.16122,29.96,0.00059999997,3743.9,2025.0
2003-08-04 00:00:00+05:30,0.04323339816448631,2314.95,2213.75,0.042975641787052155,1376164,0.0,0.0,ADANIENT.NS,Adani Enterprises Limited,Thermal Coal,Energy,Mr. Gautambhai Shantilal Adani S.Y. B.Com,"Ahmedabad, India",https://www.adanienterprises.com,2311.75,2238.85,2668245024768,77.16122,29.96,0.00059999997,3743.9,2025.0
2003-08-05 00:00:00+05:30,0.04264760412620285,2314.95,2213.75,0.04316311702132225,1376164,0.0,0.0,ADANIENT.NS,Adani Enterprises Limited,Thermal Coal,Energy,Mr. Gautambhai Shantilal Adani S.Y. B.Com,"Ahmedabad, India",https://www.adanienterprises.com,2311.75,2238.85,2668245024768,77.16122,29.96,0.00059999997,3743.9,2025.0
2003-08-06 00:00:00+05:30,0.04335056443415539,2314.95,2213.75,0.04311623051762581,1376164,0.0,0.0,ADANIENT.NS,Adani Enterprises Limited,Thermal Coal,Energy,Mr. Gautambhai Shantilal Adani S.Y. B.Com,"Ahmedabad, India",https://www.adanienterprises.com,2311.75,2238.85,2668245024768,77.16122,29.96,0.00059999997,3743.9,2025.0
2003-08-07 00:00:00+05:30,0.04335056512461727,2314.95,2213.75,0.042975641787052155,1376164,0.0,0.0,ADANIENT.NS,Adani Enterprises Limited,Thermal Coal,Energy,Mr. Gautambhai Shantilal Adani S.Y. B.Com,"Ahmedabad, India",https://www.adanienterprises.com,2311.75,2238.85,2668245024768,77.16122,29.96,0.00059999997,3743.9,2025.0
2003-08-08 00:00:00+05:30,0.04356145927948178,2314.95,2213.75,0.04316311702132225,1376164,0.0,0.0,ADANIENT.NS,Adani Enterprises Limited,Thermal Coal,Energy,Mr. Gautambhai Shantilal Adani S.Y. B.Com,"Ahmedabad, India",https://www.adanienterprises.com,2311.75,2238.85,2668245024768,77.16122,29.96,0.00059999997,3743.9,2025.0
2003-08-11 00:00:00+05:30,0.04313964879773256,2314.95,2213.75,0.04482680559158325,1376164,0.0,0.0,ADANIENT.NS,Adani Enterprises Limited,Thermal Coal,Energy,Mr. Gautambhai Shantilal Adani S.Y. B.Com,"Ahmedabad, India",https://www.adanienterprises.com,2311.75,2238.85,2668245024768,77.16122,29.96,0.00059999997,3743.9,2025.0
2003-08-12 00:00:00+05:30,0.04616249510987478,2314.95,2213.75,0.04672488197684288,1376164,0.0,0.0,ADANIENT.NS,Adani Enterprises Limited,Thermal Coal,Energy,Mr. Gautambhai Shantilal Adani S.Y. B.Com,"Ahmedabad, India",https://www.adanienterprises.com,2311.75,2238.85,2668245024768,77.16122,29.96,0.00059999997,3743.9,2025.0
2003-08-13 00:00:00+05:30,0.04756844153578697,2314.95,2213.75,0.04677175357937813,1376164,0.0,0.0,ADANIENT.NS,Adani Enterprises Limited,Thermal Coal,Energy,Mr. Gautambhai Shantilal Adani S.Y. B.Com,"Ahmedabad, India",https://www.adanienterprises.com,2311.75,2238.85,2668245024768,77.16122,29.96,0.00059999997,3743.9,2025.0
2003-08-14 00:00:00+05:30,0.04663114189352762,2314.95,2213.75,0.046584296971559525,1376164,0.0,0.0,ADANIENT.NS,Adani Enterprises Limited,Thermal Coal,Energy,Mr. Gautambhai Shantilal Adani S.Y. B.Com,"Ahmedabad, India",https://www.adanienterprises.com,2311.75,2238.85,2668245024768,77.16122,29.96,0.00059999997,3743.9,2025.0
2003-08-15 00:00:00+05:30,0.046584296971559525,2314.95,2213.75,0.046584296971559525,1376164,0.0,0.0,ADANIENT.NS,Adani Enterprises Limited,Thermal Coal,Energy,Mr. Gautambhai Shantilal Adani S.Y. B.Com,"Ahmedabad, India",https://www.adanienterprises.com,2311.75,2238.85,2668245024768,77.16122,29.96,0.00059999997,3743.9,2025.0
2003-08-18 00:00:00+05:30,0.04663114089153753,2314.95,2213.75,0.04620937258005142,1376164,0.0,0.0,ADANIENT.NS,Adani Enterprises Limited,Thermal Coal,Energy,Mr. Gautambhai Shantilal Adani S.Y. B.Com,"Ahmedabad, India",https://www.adanienterprises.com,2311.75,2238.85,2668245024768,77.16122,29.96,0.00059999997,3743.9,2025.0
2003-08-19 00:00:00+05:30,0.04524861191094774,2314.95,2213.75,0.04513144493103027,1376164,0.0,0.0,ADANIENT.NS,Adani Enterprises Limited,Thermal Coal,Energy,Mr. Gautambhai Shantilal Adani S.Y. B.Com,"Ahmedabad, India",https://www.adanienterprises.com,2311.75,2238.85,2668245024768,77.16122,29.96,0.00059999997,3743.9,2025.0
2003-08-20 00:00:00+05:30,0.04522518832947054,2314.95,2213.75,0.04475651681423187,1376164,0.0,0.0,ADANIENT.NS,Adani Enterprises Limited,Thermal Coal,Energy,Mr. Gautambhai Shantilal Adani S.Y. B.Com,"Ahmedabad, India",https://www.adanienterprises.com,2311.75,2238.85,2668245024768,77.16122,29.96,0.00059999997,3743.9,2025.0
2003-08-21 00:00:00+05:30,0.04545951986827692,2314.95,2213.75,0.045787569135427475,1376164,0.0,0.0,ADANIENT.NS,Adani Enterprises Limited,Thermal Coal,Energy,Mr. Gautambhai Shantilal Adani S.Y. B.Com,"Ahmedabad, India",https://www.adanienterprises.com,2311.75,2238.85,2668245024768,77.16122,29.96,0.00059999997,3743.9,2025.0
2003-08-22 00:00:00+05:30,0.048013673193798664,2314.95,2213.75,0.045061156153678894,1376164,0.0,0.0,ADANIENT.NS,Adani Enterprises Limited,Thermal Coal,Energy,Mr. Gautambhai Shantilal Adani S.Y. B.Com,"Ahmedabad, India",https://www.adanienterprises.com,2311.75,2238.85,2668245024768,77.16122,29.96,0.00059999997,3743.9,2025.0
2003-08-25 00:00:00+05:30,0.045412644061948365,2314.95,2213.75,0.04351457580924034,1376164,0.0,0.0,ADANIENT.NS,Adani Enterprises Limited,Thermal Coal,Energy,Mr. Gautambhai Shantilal Adani S.Y. B.Com,"Ahmedabad, India",https://www.adanienterprises.com,2311.75,2238.85,2668245024768,77.16122,29.96,0.00059999997,3743.9,2025.0
2003-08-26 00:00:00+05:30,0.0421789320683657,2314.95,2213.75,0.04407697170972824,1376164,0.0,0.0,ADANIENT.NS,Adani Enterprises Limited,Thermal Coal,Energy,Mr. Gautambhai Shantilal Adani S.Y. B.Com,"Ahmedabad, India",https://www.adanienterprises.com,2311.75,2238.85,2668245024768,77.16122,29.96,0.00059999997,3743.9,2025.0
2003-08-27 00:00:00+05:30,0.04452221645036268,2314.95,2213.75,0.04461593180894852,1376164,0.0,0.0,ADANIENT.NS,Adani Enterprises Limited,Thermal Coal,Energy,Mr. Gautambhai Shantilal Adani S.Y. B.Com,"Ahmedabad, India",https://www.adanienterprises.com,2311.75,2238.85,2668245024768,77.16122,29.96,0.00059999997,3743.9,2025.0
2003-08-28 00:00:00+05:30,0.045061144796335044,2314.95,2213.75,0.04480338841676712,1376164,0.0,0.0,ADANIENT.NS,Adani Enterprises Limited,Thermal Coal,Energy,Mr. Gautambhai Shantilal Adani S.Y. B.Com,"Ahmedabad, India",https://www.adanienterprises.com,2311.75,2238.85,2668245024768,77.16122,29.96,0.00059999997,3743.9,2025.0
2003-08-29 00:00:00+05:30,0.04545952627556754,2314.95,2213.75,0.04541265219449997,1376164,0.0,0.0,ADANIENT.NS,Adani Enterprises Limited,Thermal Coal,Energy,Mr. Gautambhai Shantilal Adani S.Y. B.Com,"Ahmedabad, India",https://www.adanienterprises.com,2311.75,2238.85,2668245024768,77.16122,29.96,0.00059999997,3743.9,2025.0
2003-09-01 00:00:00+05:30,0.04545953527771781,2314.95,2213.75,0.05223158746957779,1376164,0.0,0.0,ADANIENT.NS,Adani Enterprises Limited,Thermal Coal,Energy,Mr. Gautambhai Shantilal Adani S.Y. B.Com,"Ahmedabad, India",https://www.adanienterprises.com,2311.75,2238.85,2668245024768,77.16122,29.96,0.00059999997,3743.9,2025.0
2003-09-02 00:00:00+05:30,0.05366097129839683,2314.95,2213.75,0.05068499967455864,1376164,0.0,0.0,ADANIENT.NS,Adani Enterprises Limited,Thermal Coal,Energy,Mr. Gautambhai Shantilal Adani S.Y. B.Com,"Ahmedabad, India",https://www.adanienterprises.com,2311.75,2238.85,2668245024768,77.16122,29.96,0.00059999997,3743.9,2025.0
2003-09-03 00:00:00+05:30,0.05124739092392868,2314.95,2213.75,0.050286661833524704,1376164,0.0,0.0,ADANIENT.NS,Adani Enterprises Limited,Thermal Coal,Energy,Mr. Gautambhai Shantilal Adani S.Y. B.Com,"Ahmedabad, India",https://www.adanienterprises.com,2311.75,2238.85,2668245024768,77.16122,29.96,0.00059999997,3743.9,2025.0
2003-09-04 00:00:00+05:30,0.5741822485327225,2314.95,2213.75,0.5587285161018372,1376164,1.5,0.0,ADANIENT.NS,Adani Enterprises Limited,Thermal Coal,Energy,Mr. Gautambhai Shantilal Adani S.Y. B.Com,"Ahmedabad, India",https://www.adanienterprises.com,2311.75,2238.85,2668245024768,77.16122,29.96,0.00059999997,3743.9,2025.0
2003-09-05 00:00:00+05:30,0.5648569460197044,2314.95,2213.75,0.5619261264801025,1376164,0.0,0.0,ADANIENT.NS,Adani Enterprises Limited,Thermal Coal,Energy,Mr. Gautambhai Shantilal Adani S.Y. B.Com,"Ahmedabad, India",https://www.adanienterprises.com,2311.75,2238.85,2668245024768,77.16122,29.96,0.00059999997,3743.9,2025.0
2003-09-08 00:00:00+05:30,0.5755144789432892,2314.95,2213.75,0.5640575289726257,1376164,0.0,0.0,ADANIENT.NS,Adani Enterprises Limited,Thermal Coal,Energy,Mr. Gautambhai Shantilal Adani S.Y. B.Com,"Ahmedabad, India",https://www.adanienterprises.com,2311.75,2238.85,2668245024768,77.16122,29.96,0.00059999997,3743.9,2025.0
2003-09-09 00:00:00+05:30,0.5755145607838489,2314.95,2213.75,0.5621923804283142,1376164,0.0,0.0,ADANIENT.NS,Adani Enterprises Limited,Thermal Coal,Energy,Mr. Gautambhai Shantilal Adani S.Y. B.Com,"Ahmedabad, India",https://www.adanienterprises.com,2311.75,2238.85,2668245024768,77.16122,29.96,0.00059999997,3743.9,2025.0
2003-09-10 00:00:00+05:30,0.5568636289030735,2314.95,2213.75,0.5608600378036499,1376164,0.0,0.0,ADANIENT.NS,Adani Enterprises Limited,Thermal Coal,Energy,Mr. Gautambhai Shantilal Adani S.Y. B.Com,"Ahmedabad, India",https://www.adanienterprises.com,2311.75,2238.85,2668245024768,77.16122,29.96,0.00059999997,3743.9,2025.0
2003-09-11 00:00:00+05:30,0.5595282192860236,2314.95,2213.75,0.5568637251853943,1376164,0.0,0.0,ADANIENT.NS,Adani Enterprises Limited,Thermal Coal,Energy,Mr. Gautambhai Shantilal Adani S.Y. B.Com,"Ahmedabad, India",https://www.adanienterprises.com,2311.75,2238.85,2668245024768,77.16122,29.96,0.00059999997,3743.9,2025.0
2003-09-12 00:00:00+05:30,0.5675212762259733,2314.95,2213.75,0.5603273510932922,1376164,0.0,0.0,ADANIENT.NS,Adani Enterprises Limited,Thermal Coal,Energy,Mr. Gautambhai Shantilal Adani S.Y. B.Com,"Ahmedabad, India",https://www.adanienterprises.com,2311.75,2238.85,2668245024768,77.16122,29.96,0.00059999997,3743.9,2025.0
2003-09-15 00:00:00+05:30,0.568586961947648,2314.95,2213.75,0.5467389822006226,1376164,0.0,0.0,ADANIENT.NS,Adani Enterprises Limited,Thermal Coal,Energy,Mr. Gautambhai Shantilal Adani S.Y. B.Com,"Ahmedabad, India",https://www.adanienterprises.com,2311.75,2238.85,2668245024768,77.16122,29.96,0.00059999997,3743.9,2025.0
2003-09-16 00:00:00+05:30,0.537146803573087,2314.95,2213.75,0.5366138219833374,1376164,0.0,0.0,ADANIENT.NS,Adani Enterprises Limited,Thermal Coal,Energy,Mr. Gautambhai Shantilal Adani S.Y. B.Com,"Ahmedabad, India",https://www.adanienterprises.com,2311.75,2238.85,2668245024768,77.16122,29.96,0.00059999997,3743.9,2025.0
2003-09-17 00:00:00+05:30,0.5355485196708565,2314.95,2213.75,0.5382130146026611,1376164,0.0,0.0,ADANIENT.NS,Adani Enterprises Limited,Thermal Coal,Energy,Mr. Gautambhai Shantilal Adani S.Y. B.Com,"Ahmedabad, India",https://www.adanienterprises.com,2311.75,2238.85,2668245024768,77.16122,29.96,0.00059999997,3743.9,2025.0
2003-09-18 00:00:00+05:30,0.5360813556783621,2314.95,2213.75,0.5211606025695801,1376164,0.0,0.0,ADANIENT.NS,Adani Enterprises Limited,Thermal Coal,Energy,Mr. Gautambhai Shantilal Adani S.Y. B.Com,"Ahmedabad, India",https://www.adanienterprises.com,2311.75,2238.85,2668245024768,77.16122,29.96,0.00059999997,3743.9,2025.0
2003-09-19 00:00:00+05:30,0.5302193824758848,2314.95,2213.75,0.5206276178359985,1376164,0.0,0.0,ADANIENT.NS,Adani Enterprises Limited,Thermal Coal,Energy,Mr. Gautambhai Shantilal Adani S.Y. B.Com,"Ahmedabad, India",https://www.adanienterprises.com,2311.75,2238.85,2668245024768,77.16122,29.96,0.00059999997,3743.9,2025.0
2003-09-22 00:00:00+05:30,0.5195615383545104,2314.95,2213.75,0.5326173901557922,1376164,0.0,0.0,ADANIENT.NS,Adani Enterprises Limited,Thermal Coal,Energy,Mr. Gautambhai Shantilal Adani S.Y. B.Com,"Ahmedabad, India",https://www.adanienterprises.com,2311.75,2238.85,2668245024768,77.16122,29.96,0.00059999997,3743.9,2025.0
2003-09-23 00:00:00+05:30,0.5248905817853387,2314.95,2213.75,0.5259562134742737,1376164,0.0,0.0,ADANIENT.NS,Adani Enterprises Limited,Thermal Coal,Energy,Mr. Gautambhai Shantilal Adani S.Y. B.Com,"Ahmedabad, India",https://www.adanienterprises.com,2311.75,2238.85,2668245024768,77.16122,29.96,0.00059999997,3743.9,2025.0
2003-09-24 00:00:00+05:30,0.5275551277692038,2314.95,2213.75,0.5310185551643372,1376164,0.0,0.0,ADANIENT.NS,Adani Enterprises Limited,Thermal Coal,Energy,Mr. Gautambhai Shantilal Adani S.Y. B.Com,"Ahmedabad, India",https://www.adanienterprises.com,2311.75,2238.85,2668245024768,77.16122,29.96,0.00059999997,3743.9,2025.0
2003-09-25 00:00:00+05:30,0.5323508949391761,2314.95,2213.75,0.5206276178359985,1376164,0.0,0.0,ADANIENT.NS,Adani Enterprises Limited,Thermal Coal,Energy,Mr. Gautambhai Shantilal Adani S.Y. B.Com,"Ahmedabad, India",https://www.adanienterprises.com,2311.75,2238.85,2668245024768,77.16122,29.96,0.00059999997,3743.9,2025.0
2003-09-26 00:00:00+05:30,0.5102362197928635,2314.95,2213.75,0.5246239900588989,1376164,0.0,0.0,ADANIENT.NS,Adani Enterprises Limited,Thermal Coal,Energy,Mr. Gautambhai Shantilal Adani S.Y. B.Com,"Ahmedabad, India",https://www.adanienterprises.com,2311.75,2238.85,2668245024768,77.16122,29.96,0.00059999997,3743.9,2025.0
2003-09-29 00:00:00+05:30,0.534216090850774,2314.95,2213.75,0.5227591395378113,1376164,0.0,0.0,ADANIENT.NS,Adani Enterprises Limited,Thermal Coal,Energy,Mr. Gautambhai Shantilal Adani S.Y. B.Com,"Ahmedabad, India",https://www.adanienterprises.com,2311.75,2238.85,2668245024768,77.16122,29.96,0.00059999997,3743.9,2025.0
2003-09-30 00:00:00+05:30,0.53288387666731,2314.95,2213.75,0.5206276178359985,1376164,0.0,0.0,ADANIENT.NS,Adani Enterprises Limited,Thermal Coal,Energy,Mr. Gautambhai Shantilal Adani S.Y. B.Com,"Ahmedabad, India",https://www.adanienterprises.com,2311.75,2238.85,2668245024768,77.16122,29.96,0.00059999997,3743.9,2025.0
2003-10-01 00:00:00+05:30,0.5222261186979837,2314.95,2213.75,0.5208938717842102,1376164,0.0,0.0,ADANIENT.NS,Adani Enterprises Limited,Thermal Coal,Energy,Mr. Gautambhai Shantilal Adani S.Y. B.Com,"Ahmedabad, India",https://www.adanienterprises.com,2311.75,2238.85,2668245024768,77.16122,29.96,0.00059999997,3743.9,2025.0
2003-10-02 00:00:00+05:30,0.5208938717842102,2314.95,2213.75,0.5208938717842102,1376164,0.0,0.0,ADANIENT.NS,Adani Enterprises Limited,Thermal Coal,Energy,Mr. Gautambhai Shantilal Adani S.Y. B.Com,"Ahmedabad, India",https://www.adanienterprises.com,2311.75,2238.85,2668245024768,77.16122,29.96,0.00059999997,3743.9,2025.0
2003-10-03 00:00:00+05:30,0.5067725924339856,2314.95,2213.75,0.5254237651824951,1376164,0.0,0.0,ADANIENT.NS,Adani Enterprises Limited,Thermal Coal,Energy,Mr. Gautambhai Shantilal Adani S.Y. B.Com,"Ahmedabad, India",https://www.adanienterprises.com,2311.75,2238.85,2668245024768,77.16122,29.96,0.00059999997,3743.9,2025.0
2003-10-06 00:00:00+05:30,0.545939411669453,2314.95,2213.75,0.5744490027427673,1376164,0.0,0.0,ADANIENT.NS,Adani Enterprises Limited,Thermal Coal,Energy,Mr. Gautambhai Shantilal Adani S.Y. B.Com,"Ahmedabad, India",https://www.adanienterprises.com,2311.75,2238.85,2668245024768,77.16122,29.96,0.00059999997,3743.9,2025.0
2003-10-07 00:00:00+05:30,0.5859058341195443,2314.95,2213.75,0.5605937242507935,1376164,0.0,0.0,ADANIENT.NS,Adani Enterprises Limited,Thermal Coal,Energy,Mr. Gautambhai Shantilal Adani S.Y. B.Com,"Ahmedabad, India",https://www.adanienterprises.com,2311.75,2238.85,2668245024768,77.16122,29.96,0.00059999997,3743.9,2025.0
2003-10-08 00:00:00+05:30,0.59096824651423,2314.95,2213.75,0.5595281720161438,1376164,0.0,0.0,ADANIENT.NS,Adani Enterprises Limited,Thermal Coal,Energy,Mr. Gautambhai Shantilal Adani S.Y. B.Com,"Ahmedabad, India",https://www.adanienterprises.com,2311.75,2238.85,2668245024768,77.16122,29.96,0.00059999997,3743.9,2025.0
2003-10-09 00:00:00+05:30,0.5725836687134015,2314.95,2213.75,0.5632582306861877,1376164,0.0,0.0,ADANIENT.NS,Adani Enterprises Limited,Thermal Coal,Energy,Mr. Gautambhai Shantilal Adani S.Y. B.Com,"Ahmedabad, India",https://www.adanienterprises.com,2311.75,2238.85,2668245024768,77.16122,29.96,0.00059999997,3743.9,2025.0
2003-10-10 00:00:00+05:30,0.5728500488894844,2314.95,2213.75,0.5765804648399353,1376164,0.0,0.0,ADANIENT.NS,Adani Enterprises Limited,Thermal Coal,Energy,Mr. Gautambhai Shantilal Adani S.Y. B.Com,"Ahmedabad, India",https://www.adanienterprises.com,2311.75,2238.85,2668245024768,77.16122,29.96,0.00059999997,3743.9,2025.0
2003-10-13 00:00:00+05:30,0.5928336507287901,2314.95,2213.75,0.6072214245796204,1376164,0.0,0.0,ADANIENT.NS,Adani Enterprises Limited,Thermal Coal,Energy,Mr. Gautambhai Shantilal Adani S.Y. B.Com,"Ahmedabad, India",https://www.adanienterprises.com,2311.75,2238.85,2668245024768,77.16122,29.96,0.00059999997,3743.9,2025.0
2003-10-14 00:00:00+05:30,0.6261382839043453,2314.95,2213.75,0.590968132019043,1376164,0.0,0.0,ADANIENT.NS,Adani Enterprises Limited,Thermal Coal,Energy,Mr. Gautambhai Shantilal Adani S.Y. B.Com,"Ahmedabad, India",https://www.adanienterprises.com,2311.75,2238.85,2668245024768,77.16122,29.96,0.00059999997,3743.9,2025.0
2003-10-15 00:00:00+05:30,0.5861722510293811,2314.95,2213.75,0.5656561851501465,1376164,0.0,0.0,ADANIENT.NS,Adani Enterprises Limited,Thermal Coal,Energy,Mr. Gautambhai Shantilal Adani S.Y. B.Com,"Ahmedabad, India",https://www.adanienterprises.com,2311.75,2238.85,2668245024768,77.16122,29.96,0.00059999997,3743.9,2025.0
2003-10-16 00:00:00+05:30,0.5677877655593063,2314.95,2213.75,0.5619261264801025,1376164,0.0,0.0,ADANIENT.NS,Adani Enterprises Limited,Thermal Coal,Energy,Mr. Gautambhai Shantilal Adani S.Y. B.Com,"Ahmedabad, India",https://www.adanienterprises.com,2311.75,2238.85,2668245024768,77.16122,29.96,0.00059999997,3743.9,2025.0
2003-10-17 00:00:00+05:30,0.56485678139854,2314.95,2213.75,0.5613930225372314,1376164,0.0,0.0,ADANIENT.NS,Adani Enterprises Limited,Thermal Coal,Energy,Mr. Gautambhai Shantilal Adani S.Y. B.Com,"Ahmedabad, India",https://www.adanienterprises.com,2311.75,2238.85,2668245024768,77.16122,29.96,0.00059999997,3743.9,2025.0
2003-10-20 00:00:00+05:30,0.5541992204451494,2314.95,2213.75,0.5488705635070801,1376164,0.0,0.0,ADANIENT.NS,Adani Enterprises Limited,Thermal Coal,Energy,Mr. Gautambhai Shantilal Adani S.Y. B.Com,"Ahmedabad, India",https://www.adanienterprises.com,2311.75,2238.85,2668245024768,77.16122,29.96,0.00059999997,3743.9,2025.0
2003-10-21 00:00:00+05:30,0.5462059512167342,2314.95,2213.75,0.5350152850151062,1376164,0.0,0.0,ADANIENT.NS,Adani Enterprises Limited,Thermal Coal,Energy,Mr. Gautambhai Shantilal Adani S.Y. B.Com,"Ahmedabad, India",https://www.adanienterprises.com,2311.75,2238.85,2668245024768,77.16122,29.96,0.00059999997,3743.9,2025.0
2003-10-22 00:00:00+05:30,0.5302194143685822,2314.95,2213.75,0.5291538238525391,1376164,0.0,0.0,ADANIENT.NS,Adani Enterprises Limited,Thermal Coal,Energy,Mr. Gautambhai Shantilal Adani S.Y. B.Com,"Ahmedabad, India",https://www.adanienterprises.com,2311.75,2238.85,2668245024768,77.16122,29.96,0.00059999997,3743.9,2025.0
2003-10-23 00:00:00+05:30,0.5198283462049269,2314.95,2213.75,0.5302193760871887,1376164,0.0,0.0,ADANIENT.NS,Adani Enterprises Limited,Thermal Coal,Energy,Mr. Gautambhai Shantilal Adani S.Y. B.Com,"Ahmedabad, India",https://www.adanienterprises.com,2311.75,2238.85,2668245024768,77.16122,29.96,0.00059999997,3743.9,2025.0
2003-10-24 00:00:00+05:30,0.5328839015579167,2314.95,2213.75,0.5222262144088745,1376164,0.0,0.0,ADANIENT.NS,Adani Enterprises Limited,Thermal Coal,Energy,Mr. Gautambhai Shantilal Adani S.Y. B.Com,"Ahmedabad, India",https://www.adanienterprises.com,2311.75,2238.85,2668245024768,77.16122,29.96,0.00059999997,3743.9,2025.0
2003-10-27 00:00:00+05:30,0.5121014314807631,2314.95,2213.75,0.5270221829414368,1376164,0.0,0.0,ADANIENT.NS,Adani Enterprises Limited,Thermal Coal,Energy,Mr. Gautambhai Shantilal Adani S.Y. B.Com,"Ahmedabad, India",https://www.adanienterprises.com,2311.75,2238.85,2668245024768,77.16122,29.96,0.00059999997,3743.9,2025.0
2003-10-28 00:00:00+05:30,0.5248905992614441,2314.95,2213.75,0.5190289616584778,1376164,0.0,0.0,ADANIENT.NS,Adani Enterprises Limited,Thermal Coal,Energy,Mr. Gautambhai Shantilal Adani S.Y. B.Com,"Ahmedabad, India",https://www.adanienterprises.com,2311.75,2238.85,2668245024768,77.16122,29.96,0.00059999997,3743.9,2025.0
2003-10-29 00:00:00+05:30,0.5062397803950607,2314.95,2213.75,0.5214268565177917,1376164,0.0,0.0,ADANIENT.NS,Adani Enterprises Limited,Thermal Coal,Energy,Mr. Gautambhai Shantilal Adani S.Y. B.Com,"Ahmedabad, India",https://www.adanienterprises.com,2311.75,2238.85,2668245024768,77.16122,29.96,0.00059999997,3743.9,2025.0
2003-10-30 00:00:00+05:30,0.5459391685642865,2314.95,2213.75,0.5230252742767334,1376164,0.0,0.0,ADANIENT.NS,Adani Enterprises Limited,Thermal Coal,Energy,Mr. Gautambhai Shantilal Adani S.Y. B.Com,"Ahmedabad, India",https://www.adanienterprises.com,2311.75,2238.85,2668245024768,77.16122,29.96,0.00059999997,3743.9,2025.0
2003-10-31 00:00:00+05:30,0.5222262015763094,2314.95,2213.75,0.5166308879852295,1376164,0.0,0.0,ADANIENT.NS,Adani Enterprises Limited,Thermal Coal,Energy,Mr. Gautambhai Shantilal Adani S.Y. B.Com,"Ahmedabad, India",https://www.adanienterprises.com,2311.75,2238.85,2668245024768,77.16122,29.96,0.00059999997,3743.9,2025.0
2003-11-03 00:00:00+05:30,0.5195615452985967,2314.95,2213.75,0.5280876755714417,1376164,0.0,0.0,ADANIENT.NS,Adani Enterprises Limited,Thermal Coal,Energy,Mr. Gautambhai Shantilal Adani S.Y. B.Com,"Ahmedabad, India",https://www.adanienterprises.com,2311.75,2238.85,2668245024768,77.16122,29.96,0.00059999997,3743.9,2025.0
2003-11-04 00:00:00+05:30,0.5382127267155083,2314.95,2213.75,0.5203608274459839,1376164,0.0,0.0,ADANIENT.NS,Adani Enterprises Limited,Thermal Coal,Energy,Mr. Gautambhai Shantilal Adani S.Y. B.Com,"Ahmedabad, India",https://www.adanienterprises.com,2311.75,2238.85,2668245024768,77.16122,29.96,0.00059999997,3743.9,2025.0
2003-11-05 00:00:00+05:30,0.5195616069874912,2314.95,2213.75,0.528620719909668,1376164,0.0,0.0,ADANIENT.NS,Adani Enterprises Limited,Thermal Coal,Energy,Mr. Gautambhai Shantilal Adani S.Y. B.Com,"Ahmedabad, India",https://www.adanienterprises.com,2311.75,2238.85,2668245024768,77.16122,29.96,0.00059999997,3743.9,2025.0
2003-11-06 00:00:00+05:30,0.5382129557500771,2314.95,2213.75,0.5374133586883545,1376164,0.0,0.0,ADANIENT.NS,Adani Enterprises Limited,Thermal Coal,Energy,Mr. Gautambhai Shantilal Adani S.Y. B.Com,"Ahmedabad, India",https://www.adanienterprises.com,2311.75,2238.85,2668245024768,77.16122,29.96,0.00059999997,3743.9,2025.0
2003-11-07 00:00:00+05:30,0.5459393662327796,2314.95,2213.75,0.5507354140281677,1376164,0.0,0.0,ADANIENT.NS,Adani Enterprises Limited,Thermal Coal,Energy,Mr. Gautambhai Shantilal Adani S.Y. B.Com,"Ahmedabad, India",https://www.adanienterprises.com,2311.75,2238.85,2668245024768,77.16122,29.96,0.00059999997,3743.9,2025.0
2003-11-10 00:00:00+05:30,0.5595281320756565,2314.95,2213.75,0.571518063545227,1376164,0.0,0.0,ADANIENT.NS,Adani Enterprises Limited,Thermal Coal,Energy,Mr. Gautambhai Shantilal Adani S.Y. B.Com,"Ahmedabad, India",https://www.adanienterprises.com,2311.75,2238.85,2668245024768,77.16122,29.96,0.00059999997,3743.9,2025.0
2003-11-11 00:00:00+05:30,0.567521421671196,2314.95,2213.75,0.587504506111145,1376164,0.0,0.0,ADANIENT.NS,Adani Enterprises Limited,Thermal Coal,Energy,Mr. Gautambhai Shantilal Adani S.Y. B.Com,"Ahmedabad, India",https://www.adanienterprises.com,2311.75,2238.85,2668245024768,77.16122,29.96,0.00059999997,3743.9,2025.0
2003-11-12 00:00:00+05:30,0.5941653222979849,2314.95,2213.75,0.5800442099571228,1376164,0.0,0.0,ADANIENT.NS,Adani Enterprises Limited,Thermal Coal,Energy,Mr. Gautambhai Shantilal Adani S.Y. B.Com,"Ahmedabad, India",https://www.adanienterprises.com,2311.75,2238.85,2668245024768,77.16122,29.96,0.00059999997,3743.9,2025.0
2003-11-13 00:00:00+05:30,0.574182394682064,2314.95,2213.75,0.5515347719192505,1376164,0.0,0.0,ADANIENT.NS,Adani Enterprises Limited,Thermal Coal,Energy,Mr. Gautambhai Shantilal Adani S.Y. B.Com,"Ahmedabad, India",https://www.adanienterprises.com,2311.75,2238.85,2668245024768,77.16122,29.96,0.00059999997,3743.9,2025.0
2003-11-14 00:00:00+05:30,0.5462060784182424,2314.95,2213.75,0.5472716689109802,1376164,0.0,0.0,ADANIENT.NS,Adani Enterprises Limited,Thermal Coal,Energy,Mr. Gautambhai Shantilal Adani S.Y. B.Com,"Ahmedabad, India",https://www.adanienterprises.com,2311.75,2238.85,2668245024768,77.16122,29.96,0.00059999997,3743.9,2025.0
2003-11-17 00:00:00+05:30,0.5475381963883054,2314.95,2213.75,0.5680542588233948,1376164,0.0,0.0,ADANIENT.NS,Adani Enterprises Limited,Thermal Coal,Energy,Mr. Gautambhai Shantilal Adani S.Y. B.Com,"Ahmedabad, India",https://www.adanienterprises.com,2311.75,2238.85,2668245024768,77.16122,29.96,0.00059999997,3743.9,2025.0
2003-11-18 00:00:00+05:30,0.5635246135750663,2314.95,2213.75,0.557396650314331,1376164,0.0,0.0,ADANIENT.NS,Adani Enterprises Limited,Thermal Coal,Energy,Mr. Gautambhai Shantilal Adani S.Y. B.Com,"Ahmedabad, India",https://www.adanienterprises.com,2311.75,2238.85,2668245024768,77.16122,29.96,0.00059999997,3743.9,2025.0
2003-11-19 00:00:00+05:30,0.556863634653075,2314.95,2213.75,0.5541990995407104,1376164,0.0,0.0,ADANIENT.NS,Adani Enterprises Limited,Thermal Coal,Energy,Mr. Gautambhai Shantilal Adani S.Y. B.Com,"Ahmedabad, India",https://www.adanienterprises.com,2311.75,2238.85,2668245024768,77.16122,29.96,0.00059999997,3743.9,2025.0
2003-11-20 00:00:00+05:30,0.5518012975917997,2314.95,2213.75,0.5435414910316467,1376164,0.0,0.0,ADANIENT.NS,Adani Enterprises Limited,Thermal Coal,Energy,Mr. Gautambhai Shantilal Adani S.Y. B.Com,"Ahmedabad, India",https://www.adanienterprises.com,2311.75,2238.85,2668245024768,77.16122,29.96,0.00059999997,3743.9,2025.0
2003-11-21 00:00:00+05:30,0.5368804600100681,2314.95,2213.75,0.5360811948776245,1376164,0.0,0.0,ADANIENT.NS,Adani Enterprises Limited,Thermal Coal,Energy,Mr. Gautambhai Shantilal Adani S.Y. B.Com,"Ahmedabad, India",https://www.adanienterprises.com,2311.75,2238.85,2668245024768,77.16122,29.96,0.00059999997,3743.9,2025.0
2003-11-24 00:00:00+05:30,0.5387455405783514,2314.95,2213.75,0.5424759984016418,1376164,0.0,0.0,ADANIENT.NS,Adani Enterprises Limited,Thermal Coal,Energy,Mr. Gautambhai Shantilal Adani S.Y. B.Com,"Ahmedabad, India",https://www.adanienterprises.com,2311.75,2238.85,2668245024768,77.16122,29.96,0.00059999997,3743.9,2025.0
2003-11-25 00:00:00+05:30,0.5507355176936397,2314.95,2213.75,0.54167640209198,1376164,0.0,0.0,ADANIENT.NS,Adani Enterprises Limited,Thermal Coal,Energy,Mr. Gautambhai Shantilal Adani S.Y. B.Com,"Ahmedabad, India",https://www.adanienterprises.com,2311.75,2238.85,2668245024768,77.16122,29.96,0.00059999997,3743.9,2025.0
2003-11-26 00:00:00+05:30,0.54167640209198,2314.95,2213.75,0.54167640209198,1376164,0.0,0.0,ADANIENT.NS,Adani Enterprises Limited,Thermal Coal,Energy,Mr. Gautambhai Shantilal Adani S.Y. B.Com,"Ahmedabad, India",https://www.adanienterprises.com,2311.75,2238.85,2668245024768,77.16122,29.96,0.00059999997,3743.9,2025.0
2003-11-27 00:00:00+05:30,0.5459392521584515,2314.95,2213.75,0.5603273510932922,1376164,0.0,0.0,ADANIENT.NS,Adani Enterprises Limited,Thermal Coal,Energy,Mr. Gautambhai Shantilal Adani S.Y. B.Com,"Ahmedabad, India",https://www.adanienterprises.com,2311.75,2238.85,2668245024768,77.16122,29.96,0.00059999997,3743.9,2025.0
2003-11-28 00:00:00+05:30,0.5755144725138901,2314.95,2213.75,0.571518063545227,1376164,0.0,0.0,ADANIENT.NS,Adani Enterprises Limited,Thermal Coal,Energy,Mr. Gautambhai Shantilal Adani S.Y. B.Com,"Ahmedabad, India",https://www.adanienterprises.com,2311.75,2238.85,2668245024768,77.16122,29.96,0.00059999997,3743.9,2025.0
2003-12-01 00:00:00+05:30,0.5808434830958187,2314.95,2213.75,0.5845735669136047,1376164,0.0,0.0,ADANIENT.NS,Adani Enterprises Limited,Thermal Coal,Energy,Mr. Gautambhai Shantilal Adani S.Y. B.Com,"Ahmedabad, India",https://www.adanienterprises.com,2311.75,2238.85,2668245024768,77.16122,29.96,0.00059999997,3743.9,2025.0
2003-12-02 00:00:00+05:30,0.5864386971133463,2314.95,2213.75,0.5803104043006897,1376164,0.0,0.0,ADANIENT.NS,Adani Enterprises Limited,Thermal Coal,Energy,Mr. Gautambhai Shantilal Adani S.Y. B.Com,"Ahmedabad, India",https://www.adanienterprises.com,2311.75,2238.85,2668245024768,77.16122,29.96,0.00059999997,3743.9,2025.0
2003-12-03 00:00:00+05:30,0.5835076447413995,2314.95,2213.75,0.5899022221565247,1376164,0.0,0.0,ADANIENT.NS,Adani Enterprises Limited,Thermal Coal,Energy,Mr. Gautambhai Shantilal Adani S.Y. B.Com,"Ahmedabad, India",https://www.adanienterprises.com,2311.75,2238.85,2668245024768,77.16122,29.96,0.00059999997,3743.9,2025.0
2003-12-04 00:00:00+05:30,0.5861722605377989,2314.95,2213.75,0.5933661460876465,1376164,0.0,0.0,ADANIENT.NS,Adani Enterprises Limited,Thermal Coal,Energy,Mr. Gautambhai Shantilal Adani S.Y. B.Com,"Ahmedabad, India",https://www.adanienterprises.com,2311.75,2238.85,2668245024768,77.16122,29.96,0.00059999997,3743.9,2025.0
2003-12-05 00:00:00+05:30,0.5992281176562735,2314.95,2213.75,0.5880374908447266,1376164,0.0,0.0,ADANIENT.NS,Adani Enterprises Limited,Thermal Coal,Energy,Mr. Gautambhai Shantilal Adani S.Y. B.Com,"Ahmedabad, India",https://www.adanienterprises.com,2311.75,2238.85,2668245024768,77.16122,29.96,0.00059999997,3743.9,2025.0
2003-12-08 00:00:00+05:30,0.5861722953952619,2314.95,2213.75,0.5917676091194153,1376164,0.0,0.0,ADANIENT.NS,Adani Enterprises Limited,Thermal Coal,Energy,Mr. Gautambhai Shantilal Adani S.Y. B.Com,"Ahmedabad, India",https://www.adanienterprises.com,2311.75,2238.85,2668245024768,77.16122,29.96,0.00059999997,3743.9,2025.0
2003-12-09 00:00:00+05:30,0.5994944627165385,2314.95,2213.75,0.6581115126609802,1376164,0.0,0.0,ADANIENT.NS,Adani Enterprises Limited,Thermal Coal,Energy,Mr. Gautambhai Shantilal Adani S.Y. B.Com,"Ahmedabad, India",https://www.adanienterprises.com,2311.75,2238.85,2668245024768,77.16122,29.96,0.00059999997,3743.9,2025.0
2003-12-10 00:00:00+05:30,0.660509700284601,2314.95,2213.75,0.6511842608451843,1376164,0.0,0.0,ADANIENT.NS,Adani Enterprises Limited,Thermal Coal,Energy,Mr. Gautambhai Shantilal Adani S.Y. B.Com,"Ahmedabad, India",https://www.adanienterprises.com,2311.75,2238.85,2668245024768,77.16122,29.96,0.00059999997,3743.9,2025.0
2003-12-11 00:00:00+05:30,0.6527827412957327,2314.95,2213.75,0.6533157229423523,1376164,0.0,0.0,ADANIENT.NS,Adani Enterprises Limited,Thermal Coal,Energy,Mr. Gautambhai Shantilal Adani S.Y. B.Com,"Ahmedabad, India",https://www.adanienterprises.com,2311.75,2238.85,2668245024768,77.16122,29.96,0.00059999997,3743.9,2025.0
2003-12-12 00:00:00+05:30,0.6607759175836677,2314.95,2213.75,0.6698350310325623,1376164,0.0,0.0,ADANIENT.NS,Adani Enterprises Limited,Thermal Coal,Energy,Mr. Gautambhai Shantilal Adani S.Y. B.Com,"Ahmedabad, India",https://www.adanienterprises.com,2311.75,2238.85,2668245024768,77.16122,29.96,0.00059999997,3743.9,2025.0
2003-12-15 00:00:00+05:30,0.6794268747354167,2314.95,2213.75,0.7340474724769592,1376164,0.0,0.0,ADANIENT.NS,Adani Enterprises Limited,Thermal Coal,Energy,Mr. Gautambhai Shantilal Adani S.Y. B.Com,"Ahmedabad, India",https://www.adanienterprises.com,2311.75,2238.85,2668245024768,77.16122,29.96,0.00059999997,3743.9,2025.0
2003-12-16 00:00:00+05:30,0.719393262574779,2314.95,2213.75,0.776411771774292,1376164,0.0,0.0,ADANIENT.NS,Adani Enterprises Limited,Thermal Coal,Energy,Mr. Gautambhai Shantilal Adani S.Y. B.Com,"Ahmedabad, India",https://www.adanienterprises.com,2311.75,2238.85,2668245024768,77.16122,29.96,0.00059999997,3743.9,2025.0
2003-12-17 00:00:00+05:30,0.7860039214498704,2314.95,2213.75,0.931747555732727,1376164,0.0,0.0,ADANIENT.NS,Adani Enterprises Limited,Thermal Coal,Energy,Mr. Gautambhai Shantilal Adani S.Y. B.Com,"Ahmedabad, India",https://www.adanienterprises.com,2311.75,2238.85,2668245024768,77.16122,29.96,0.00059999997,3743.9,2025.0
2003-12-18 00:00:00+05:30,0.9458691869834465,2314.95,2213.75,1.1099973917007446,1376164,0.0,0.0,ADANIENT.NS,Adani Enterprises Limited,Thermal Coal,Energy,Mr. Gautambhai Shantilal Adani S.Y. B.Com,"Ahmedabad, India",https://www.adanienterprises.com,2311.75,2238.85,2668245024768,77.16122,29.96,0.00059999997,3743.9,2025.0
2003-12-19 00:00:00+05:30,1.12438494364842,2314.95,2213.75,1.205649971961975,1376164,0.0,0.0,ADANIENT.NS,Adani Enterprises Limited,Thermal Coal,Energy,Mr. Gautambhai Shantilal Adani S.Y. B.Com,"Ahmedabad, India",https://www.adanienterprises.com,2311.75,2238.85,2668245024768,77.16122,29.96,0.00059999997,3743.9,2025.0
2003-12-22 00:00:00+05:30,1.2203043298710186,2314.95,2213.75,1.1782065629959106,1376164,0.0,0.0,ADANIENT.NS,Adani Enterprises Limited,Thermal Coal,Energy,Mr. Gautambhai Shantilal Adani S.Y. B.Com,"Ahmedabad, India",https://www.adanienterprises.com,2311.75,2238.85,2668245024768,77.16122,29.96,0.00059999997,3743.9,2025.0
2003-12-23 00:00:00+05:30,1.1933933925565956,2314.95,2213.75,1.1736769676208496,1376164,0.0,0.0,ADANIENT.NS,Adani Enterprises Limited,Thermal Coal,Energy,Mr. Gautambhai Shantilal Adani S.Y. B.Com,"Ahmedabad, India",https://www.adanienterprises.com,2311.75,2238.85,2668245024768,77.16122,29.96,0.00059999997,3743.9,2025.0
2003-12-24 00:00:00+05:30,1.1936600936087338,2314.95,2213.75,1.125717282295227,1376164,0.0,0.0,ADANIENT.NS,Adani Enterprises Limited,Thermal Coal,Energy,Mr. Gautambhai Shantilal Adani S.Y. B.Com,"Ahmedabad, India",https://www.adanienterprises.com,2311.75,2238.85,2668245024768,77.16122,29.96,0.00059999997,3743.9,2025.0
2003-12-25 00:00:00+05:30,1.125717282295227,2314.95,2213.75,1.125717282295227,1376164,0.0,0.0,ADANIENT.NS,Adani Enterprises Limited,Thermal Coal,Energy,Mr. Gautambhai Shantilal Adani S.Y. B.Com,"Ahmedabad, India",https://www.adanienterprises.com,2311.75,2238.85,2668245024768,77.16122,29.96,0.00059999997,3743.9,2025.0
2003-12-26 00:00:00+05:30,1.1856669663069885,2314.95,2213.75,1.0910797119140625,1376164,0.0,0.0,ADANIENT.NS,Adani Enterprises Limited,Thermal Coal,Energy,Mr. Gautambhai Shantilal Adani S.Y. B.Com,"Ahmedabad, India",https://www.adanienterprises.com,2311.75,2238.85,2668245024768,77.16122,29.96,0.00059999997,3743.9,2025.0
2003-12-29 00:00:00+05:30,1.1057341072339781,2314.95,2213.75,1.0998724699020386,1376164,0.0,0.0,ADANIENT.NS,Adani Enterprises Limited,Thermal Coal,Energy,Mr. Gautambhai Shantilal Adani S.Y. B.Com,"Ahmedabad, India",https://www.adanienterprises.com,2311.75,2238.85,2668245024768,77.16122,29.96,0.00059999997,3743.9,2025.0
2003-12-30 00:00:00+05:30,1.0950765896993684,2314.95,2213.75,1.0369921922683716,1376164,0.0,0.0,ADANIENT.NS,Adani Enterprises Limited,Thermal Coal,Energy,Mr. Gautambhai Shantilal Adani S.Y. B.Com,"Ahmedabad, India",https://www.adanienterprises.com,2311.75,2238.85,2668245024768,77.16122,29.96,0.00059999997,3743.9,2025.0
2003-12-31 00:00:00+05:30,1.0497812609532902,2314.95,2213.75,1.022870659828186,1376164,0.0,0.0,ADANIENT.NS,Adani Enterprises Limited,Thermal Coal,Energy,Mr. Gautambhai Shantilal Adani S.Y. B.Com,"Ahmedabad, India",https://www.adanienterprises.com,2311.75,2238.85,2668245024768,77.16122,29.96,0.00059999997,3743.9,2025.0
2004-01-01 00:00:00+05:30,1.039123468277489,2314.95,2213.75,1.114260196685791,1376164,0.0,0.0,ADANIENT.NS,Adani Enterprises Limited,Thermal Coal,Energy,Mr. Gautambhai Shantilal Adani S.Y. B.Com,"Ahmedabad, India",https://www.adanienterprises.com,2311.75,2238.85,2668245024768,77.16122,29.96,0.00059999997,3743.9,2025.0
2004-01-02 00:00:00+05:30,1.1323781985201324,2314.95,2213.75,1.1086649894714355,1376164,0.0,0.0,ADANIENT.NS,Adani Enterprises Limited,Thermal Coal,Energy,Mr. Gautambhai Shantilal Adani S.Y. B.Com,"Ahmedabad, India",https://www.adanienterprises.com,2311.75,2238.85,2668245024768,77.16122,29.96,0.00059999997,3743.9,2025.0
2004-01-05 00:00:00+05:30,1.1137273507286096,2314.95,2213.75,1.0756263732910156,1376164,0.0,0.0,ADANIENT.NS,Adani Enterprises Limited,Thermal Coal,Energy,Mr. Gautambhai Shantilal Adani S.Y. B.Com,"Ahmedabad, India",https://www.adanienterprises.com,2311.75,2238.85,2668245024768,77.16122,29.96,0.00059999997,3743.9,2025.0
2004-01-06 00:00:00+05:30,1.0657680910401248,2314.95,2213.75,1.0423212051391602,1376164,0.0,0.0,ADANIENT.NS,Adani Enterprises Limited,Thermal Coal,Energy,Mr. Gautambhai Shantilal Adani S.Y. B.Com,"Ahmedabad, India",https://www.adanienterprises.com,2311.75,2238.85,2668245024768,77.16122,29.96,0.00059999997,3743.9,2025.0
2004-01-07 00:00:00+05:30,1.0761590495364435,2314.95,2213.75,1.0305975675582886,1376164,0.0,0.0,ADANIENT.NS,Adani Enterprises Limited,Thermal Coal,Energy,Mr. Gautambhai Shantilal Adani S.Y. B.Com,"Ahmedabad, India",https://www.adanienterprises.com,2311.75,2238.85,2668245024768,77.16122,29.96,0.00059999997,3743.9,2025.0
2004-01-08 00:00:00+05:30,1.063103485905545,2314.95,2213.75,1.047383427619934,1376164,0.0,0.0,ADANIENT.NS,Adani Enterprises Limited,Thermal Coal,Energy,Mr. Gautambhai Shantilal Adani S.Y. B.Com,"Ahmedabad, India",https://www.adanienterprises.com,2311.75,2238.85,2668245024768,77.16122,29.96,0.00059999997,3743.9,2025.0
2004-01-09 00:00:00+05:30,1.0657679411595637,2314.95,2213.75,1.023403525352478,1376164,0.0,0.0,ADANIENT.NS,Adani Enterprises Limited,Thermal Coal,Energy,Mr. Gautambhai Shantilal Adani S.Y. B.Com,"Ahmedabad, India",https://www.adanienterprises.com,2311.75,2238.85,2668245024768,77.16122,29.96,0.00059999997,3743.9,2025.0
2004-01-12 00:00:00+05:30,1.0159429305621135,2314.95,2213.75,1.0489819049835205,1376164,0.0,0.0,ADANIENT.NS,Adani Enterprises Limited,Thermal Coal,Energy,Mr. Gautambhai Shantilal Adani S.Y. B.Com,"Ahmedabad, India",https://www.adanienterprises.com,2311.75,2238.85,2668245024768,77.16122,29.96,0.00059999997,3743.9,2025.0
2004-01-13 00:00:00+05:30,1.0708302622401586,2314.95,2213.75,1.063103437423706,1376164,0.0,0.0,ADANIENT.NS,Adani Enterprises Limited,Thermal Coal,Energy,Mr. Gautambhai Shantilal Adani S.Y. B.Com,"Ahmedabad, India",https://www.adanienterprises.com,2311.75,2238.85,2668245024768,77.16122,29.96,0.00059999997,3743.9,2025.0
2004-01-14 00:00:00+05:30,1.0710966702204003,2314.95,2213.75,1.0708303451538086,1376164,0.0,0.0,ADANIENT.NS,Adani Enterprises Limited,Thermal Coal,Energy,Mr. Gautambhai Shantilal Adani S.Y. B.Com,"Ahmedabad, India",https://www.adanienterprises.com,2311.75,2238.85,2668245024768,77.16122,29.96,0.00059999997,3743.9,2025.0
2004-01-15 00:00:00+05:30,1.0750934205148381,2314.95,2213.75,1.0532450675964355,1376164,0.0,0.0,ADANIENT.NS,Adani Enterprises Limited,Thermal Coal,Energy,Mr. Gautambhai Shantilal Adani S.Y. B.Com,"Ahmedabad, India",https://www.adanienterprises.com,2311.75,2238.85,2668245024768,77.16122,29.96,0.00059999997,3743.9,2025.0
2004-01-16 00:00:00+05:30,1.0551101424709655,2314.95,2213.75,1.0140780210494995,1376164,0.0,0.0,ADANIENT.NS,Adani Enterprises Limited,Thermal Coal,Energy,Mr. Gautambhai Shantilal Adani S.Y. B.Com,"Ahmedabad, India",https://www.adanienterprises.com,2311.75,2238.85,2668245024768,77.16122,29.96,0.00059999997,3743.9,2025.0
2004-01-19 00:00:00+05:30,1.017807998701263,2314.95,2213.75,1.0159428119659424,1376164,0.0,0.0,ADANIENT.NS,Adani Enterprises Limited,Thermal Coal,Energy,Mr. Gautambhai Shantilal Adani S.Y. B.Com,"Ahmedabad, India",https://www.adanienterprises.com,2311.75,2238.85,2668245024768,77.16122,29.96,0.00059999997,3743.9,2025.0
2004-01-20 00:00:00+05:30,1.0236699143310917,2314.95,2213.75,0.995160698890686,1376164,0.0,0.0,ADANIENT.NS,Adani Enterprises Limited,Thermal Coal,Energy,Mr. Gautambhai Shantilal Adani S.Y. B.Com,"Ahmedabad, India",https://www.adanienterprises.com,2311.75,2238.85,2668245024768,77.16122,29.96,0.00059999997,3743.9,2025.0
2004-01-21 00:00:00+05:30,1.0015553870326313,2314.95,2213.75,0.8675349354743958,1376164,0.0,0.0,ADANIENT.NS,Adani Enterprises Limited,Thermal Coal,Energy,Mr. Gautambhai Shantilal Adani S.Y. B.Com,"Ahmedabad, India",https://www.adanienterprises.com,2311.75,2238.85,2668245024768,77.16122,29.96,0.00059999997,3743.9,2025.0
2004-01-22 00:00:00+05:30,0.8286346197263984,2314.95,2213.75,0.8392923474311829,1376164,0.0,0.0,ADANIENT.NS,Adani Enterprises Limited,Thermal Coal,Energy,Mr. Gautambhai Shantilal Adani S.Y. B.Com,"Ahmedabad, India",https://www.adanienterprises.com,2311.75,2238.85,2668245024768,77.16122,29.96,0.00059999997,3743.9,2025.0
2004-01-23 00:00:00+05:30,0.8792584157338614,2314.95,2213.75,0.8971099853515625,1376164,0.0,0.0,ADANIENT.NS,Adani Enterprises Limited,Thermal Coal,Energy,Mr. Gautambhai Shantilal Adani S.Y. B.Com,"Ahmedabad, India",https://www.adanienterprises.com,2311.75,2238.85,2668245024768,77.16122,29.96,0.00059999997,3743.9,2025.0
2004-01-26 00:00:00+05:30,0.8971099853515625,2314.95,2213.75,0.8971099853515625,1376164,0.0,0.0,ADANIENT.NS,Adani Enterprises Limited,Thermal Coal,Energy,Mr. Gautambhai Shantilal Adani S.Y. B.Com,"Ahmedabad, India",https://www.adanienterprises.com,2311.75,2238.85,2668245024768,77.16122,29.96,0.00059999997,3743.9,2025.0
2004-01-27 00:00:00+05:30,0.9043038622633787,2314.95,2213.75,0.951197624206543,1376164,0.0,0.0,ADANIENT.NS,Adani Enterprises Limited,Thermal Coal,Energy,Mr. Gautambhai Shantilal Adani S.Y. B.Com,"Ahmedabad, India",https://www.adanienterprises.com,2311.75,2238.85,2668245024768,77.16122,29.96,0.00059999997,3743.9,2025.0
2004-01-28 00:00:00+05:30,0.9538624926794047,2314.95,2213.75,1.011680245399475,1376164,0.0,0.0,ADANIENT.NS,Adani Enterprises Limited,Thermal Coal,Energy,Mr. Gautambhai Shantilal Adani S.Y. B.Com,"Ahmedabad, India",https://www.adanienterprises.com,2311.75,2238.85,2668245024768,77.16122,29.96,0.00059999997,3743.9,2025.0
2004-01-29 00:00:00+05:30,1.0183413545499267,2314.95,2213.75,1.0084829330444336,1376164,0.0,0.0,ADANIENT.NS,Adani Enterprises Limited,Thermal Coal,Energy,Mr. Gautambhai Shantilal Adani S.Y. B.Com,"Ahmedabad, India",https://www.adanienterprises.com,2311.75,2238.85,2668245024768,77.16122,29.96,0.00059999997,3743.9,2025.0
2004-01-30 00:00:00+05:30,1.0252686025153597,2314.95,2213.75,0.9575921297073364,1376164,0.0,0.0,ADANIENT.NS,Adani Enterprises Limited,Thermal Coal,Energy,Mr. Gautambhai Shantilal Adani S.Y. B.Com,"Ahmedabad, India",https://www.adanienterprises.com,2311.75,2238.85,2668245024768,77.16122,29.96,0.00059999997,3743.9,2025.0
2004-02-02 00:00:00+05:30,0.9575921297073364,2314.95,2213.75,0.9575921297073364,1376164,0.0,0.0,ADANIENT.NS,Adani Enterprises Limited,Thermal Coal,Energy,Mr. Gautambhai Shantilal Adani S.Y. B.Com,"Ahmedabad, India",https://www.adanienterprises.com,2311.75,2238.85,2668245024768,77.16122,29.96,0.00059999997,3743.9,2025.0
2004-02-03 00:00:00+05:30,0.9655857485021379,2314.95,2213.75,0.8835214972496033,1376164,0.0,0.0,ADANIENT.NS,Adani Enterprises Limited,Thermal Coal,Energy,Mr. Gautambhai Shantilal Adani S.Y. B.Com,"Ahmedabad, India",https://www.adanienterprises.com,2311.75,2238.85,2668245024768,77.16122,29.96,0.00059999997,3743.9,2025.0
2004-02-04 00:00:00+05:30,0.8899161577139646,2314.95,2213.75,0.9080343842506409,1376164,0.0,0.0,ADANIENT.NS,Adani Enterprises Limited,Thermal Coal,Energy,Mr. Gautambhai Shantilal Adani S.Y. B.Com,"Ahmedabad, India",https://www.adanienterprises.com,2311.75,2238.85,2668245024768,77.16122,29.96,0.00059999997,3743.9,2025.0
2004-02-05 00:00:00+05:30,0.9112314890078871,2314.95,2213.75,0.8941792249679565,1376164,0.0,0.0,ADANIENT.NS,Adani Enterprises Limited,Thermal Coal,Energy,Mr. Gautambhai Shantilal Adani S.Y. B.Com,"Ahmedabad, India",https://www.adanienterprises.com,2311.75,2238.85,2668245024768,77.16122,29.96,0.00059999997,3743.9,2025.0
2004-02-06 00:00:00+05:30,0.9016396038196863,2314.95,2213.75,0.9011069536209106,1376164,0.0,0.0,ADANIENT.NS,Adani Enterprises Limited,Thermal Coal,Energy,Mr. Gautambhai Shantilal Adani S.Y. B.Com,"Ahmedabad, India",https://www.adanienterprises.com,2311.75,2238.85,2668245024768,77.16122,29.96,0.00059999997,3743.9,2025.0
2004-02-09 00:00:00+05:30,0.9122973637013034,2314.95,2213.75,0.9088335633277893,1376164,0.0,0.0,ADANIENT.NS,Adani Enterprises Limited,Thermal Coal,Energy,Mr. Gautambhai Shantilal Adani S.Y. B.Com,"Ahmedabad, India",https://www.adanienterprises.com,2311.75,2238.85,2668245024768,77.16122,29.96,0.00059999997,3743.9,2025.0
2004-02-10 00:00:00+05:30,0.9162939801210781,2314.95,2213.75,0.9221556186676025,1376164,0.0,0.0,ADANIENT.NS,Adani Enterprises Limited,Thermal Coal,Energy,Mr. Gautambhai Shantilal Adani S.Y. B.Com,"Ahmedabad, India",https://www.adanienterprises.com,2311.75,2238.85,2668245024768,77.16122,29.96,0.00059999997,3743.9,2025.0
2004-02-11 00:00:00+05:30,0.9453358191320393,2314.95,2213.75,0.9533289670944214,1376164,0.0,0.0,ADANIENT.NS,Adani Enterprises Limited,Thermal Coal,Energy,Mr. Gautambhai Shantilal Adani S.Y. B.Com,"Ahmedabad, India",https://www.adanienterprises.com,2311.75,2238.85,2668245024768,77.16122,29.96,0.00059999997,3743.9,2025.0
2004-02-12 00:00:00+05:30,0.9658522510889028,2314.95,2213.75,0.9501321911811829,1376164,0.0,0.0,ADANIENT.NS,Adani Enterprises Limited,Thermal Coal,Energy,Mr. Gautambhai Shantilal Adani S.Y. B.Com,"Ahmedabad, India",https://www.adanienterprises.com,2311.75,2238.85,2668245024768,77.16122,29.96,0.00059999997,3743.9,2025.0
2004-02-13 00:00:00+05:30,0.9408067839112425,2314.95,2213.75,0.9823715686798096,1376164,0.0,0.0,ADANIENT.NS,Adani Enterprises Limited,Thermal Coal,Energy,Mr. Gautambhai Shantilal Adani S.Y. B.Com,"Ahmedabad, India",https://www.adanienterprises.com,2311.75,2238.85,2668245024768,77.16122,29.96,0.00059999997,3743.9,2025.0
2004-02-16 00:00:00+05:30,0.9938285913463657,2314.95,2213.75,0.9903647899627686,1376164,0.0,0.0,ADANIENT.NS,Adani Enterprises Limited,Thermal Coal,Energy,Mr. Gautambhai Shantilal Adani S.Y. B.Com,"Ahmedabad, India",https://www.adanienterprises.com,2311.75,2238.85,2668245024768,77.16122,29.96,0.00059999997,3743.9,2025.0
2004-02-17 00:00:00+05:30,1.009281975790997,2314.95,2213.75,0.997825026512146,1376164,0.0,0.0,ADANIENT.NS,Adani Enterprises Limited,Thermal Coal,Energy,Mr. Gautambhai Shantilal Adani S.Y. B.Com,"Ahmedabad, India",https://www.adanienterprises.com,2311.75,2238.85,2668245024768,77.16122,29.96,0.00059999997,3743.9,2025.0
2004-02-18 00:00:00+05:30,1.0063513344929735,2314.95,2213.75,0.9972922205924988,1376164,0.0,0.0,ADANIENT.NS,Adani Enterprises Limited,Thermal Coal,Energy,Mr. Gautambhai Shantilal Adani S.Y. B.Com,"Ahmedabad, India",https://www.adanienterprises.com,2311.75,2238.85,2668245024768,77.16122,29.96,0.00059999997,3743.9,2025.0
2004-02-19 00:00:00+05:30,1.0015551522945811,2314.95,2213.75,0.9594573974609375,1376164,0.0,0.0,ADANIENT.NS,Adani Enterprises Limited,Thermal Coal,Energy,Mr. Gautambhai Shantilal Adani S.Y. B.Com,"Ahmedabad, India",https://www.adanienterprises.com,2311.75,2238.85,2668245024768,77.16122,29.96,0.00059999997,3743.9,2025.0
2004-02-20 00:00:00+05:30,0.9458688006566333,2314.95,2213.75,0.9533289670944214,1376164,0.0,0.0,ADANIENT.NS,Adani Enterprises Limited,Thermal Coal,Energy,Mr. Gautambhai Shantilal Adani S.Y. B.Com,"Ahmedabad, India",https://www.adanienterprises.com,2311.75,2238.85,2668245024768,77.16122,29.96,0.00059999997,3743.9,2025.0
2004-02-23 00:00:00+05:30,0.9671842459141171,2314.95,2213.75,0.9389413595199585,1376164,0.0,0.0,ADANIENT.NS,Adani Enterprises Limited,Thermal Coal,Energy,Mr. Gautambhai Shantilal Adani S.Y. B.Com,"Ahmedabad, India",https://www.adanienterprises.com,2311.75,2238.85,2668245024768,77.16122,29.96,0.00059999997,3743.9,2025.0
2004-02-24 00:00:00+05:30,0.929882236953946,2314.95,2213.75,0.9703813791275024,1376164,0.0,0.0,ADANIENT.NS,Adani Enterprises Limited,Thermal Coal,Energy,Mr. Gautambhai Shantilal Adani S.Y. B.Com,"Ahmedabad, India",https://www.adanienterprises.com,2311.75,2238.85,2668245024768,77.16122,29.96,0.00059999997,3743.9,2025.0
2004-02-25 00:00:00+05:30,0.9799735462047474,2314.95,2213.75,0.980772852897644,1376164,0.0,0.0,ADANIENT.NS,Adani Enterprises Limited,Thermal Coal,Energy,Mr. Gautambhai Shantilal Adani S.Y. B.Com,"Ahmedabad, India",https://www.adanienterprises.com,2311.75,2238.85,2668245024768,77.16122,29.96,0.00059999997,3743.9,2025.0
2004-02-26 00:00:00+05:30,0.9831708256602756,2314.95,2213.75,0.9869012832641602,1376164,0.0,0.0,ADANIENT.NS,Adani Enterprises Limited,Thermal Coal,Energy,Mr. Gautambhai Shantilal Adani S.Y. B.Com,"Ahmedabad, India",https://www.adanienterprises.com,2311.75,2238.85,2668245024768,77.16122,29.96,0.00059999997,3743.9,2025.0
2004-02-27 00:00:00+05:30,1.0018218947010507,2314.95,2213.75,1.00608491897583,1376164,0.0,0.0,ADANIENT.NS,Adani Enterprises Limited,Thermal Coal,Energy,Mr. Gautambhai Shantilal Adani S.Y. B.Com,"Ahmedabad, India",https://www.adanienterprises.com,2311.75,2238.85,2668245024768,77.16122,29.96,0.00059999997,3743.9,2025.0
2004-03-01 00:00:00+05:30,1.0255351792052603,2314.95,2213.75,1.020472764968872,1376164,0.0,0.0,ADANIENT.NS,Adani Enterprises Limited,Thermal Coal,Energy,Mr. Gautambhai Shantilal Adani S.Y. B.Com,"Ahmedabad, India",https://www.adanienterprises.com,2311.75,2238.85,2668245024768,77.16122,29.96,0.00059999997,3743.9,2025.0
2004-03-02 00:00:00+05:30,1.020472764968872,2314.95,2213.75,1.020472764968872,1376164,0.0,0.0,ADANIENT.NS,Adani Enterprises Limited,Thermal Coal,Energy,Mr. Gautambhai Shantilal Adani S.Y. B.Com,"Ahmedabad, India",https://www.adanienterprises.com,2311.75,2238.85,2668245024768,77.16122,29.96,0.00059999997,3743.9,2025.0
2004-03-03 00:00:00+05:30,1.0649686399283904,2314.95,2213.75,1.029798150062561,1376164,0.0,0.0,ADANIENT.NS,Adani Enterprises Limited,Thermal Coal,Energy,Mr. Gautambhai Shantilal Adani S.Y. B.Com,"Ahmedabad, India",https://www.adanienterprises.com,2311.75,2238.85,2668245024768,77.16122,29.96,0.00059999997,3743.9,2025.0
2004-03-04 00:00:00+05:30,1.038058135117368,2314.95,2213.75,1.0210058689117432,1376164,0.0,0.0,ADANIENT.NS,Adani Enterprises Limited,Thermal Coal,Energy,Mr. Gautambhai Shantilal Adani S.Y. B.Com,"Ahmedabad, India",https://www.adanienterprises.com,2311.75,2238.85,2668245024768,77.16122,29.96,0.00059999997,3743.9,2025.0
2004-03-05 00:00:00+05:30,1.0308640719466966,2314.95,2213.75,1.0388572216033936,1376164,0.0,0.0,ADANIENT.NS,Adani Enterprises Limited,Thermal Coal,Energy,Mr. Gautambhai Shantilal Adani S.Y. B.Com,"Ahmedabad, India",https://www.adanienterprises.com,2311.75,2238.85,2668245024768,77.16122,29.96,0.00059999997,3743.9,2025.0
2004-03-08 00:00:00+05:30,1.0417880948785105,2314.95,2213.75,1.0484490394592285,1376164,0.0,0.0,ADANIENT.NS,Adani Enterprises Limited,Thermal Coal,Energy,Mr. Gautambhai Shantilal Adani S.Y. B.Com,"Ahmedabad, India",https://www.adanienterprises.com,2311.75,2238.85,2668245024768,77.16122,29.96,0.00059999997,3743.9,2025.0
2004-03-09 00:00:00+05:30,1.0524459409906397,2314.95,2213.75,1.034860610961914,1376164,0.0,0.0,ADANIENT.NS,Adani Enterprises Limited,Thermal Coal,Energy,Mr. Gautambhai Shantilal Adani S.Y. B.Com,"Ahmedabad, India",https://www.adanienterprises.com,2311.75,2238.85,2668245024768,77.16122,29.96,0.00059999997,3743.9,2025.0
2004-03-10 00:00:00+05:30,1.0790899184025802,2314.95,2213.75,1.027933120727539,1376164,0.0,0.0,ADANIENT.NS,Adani Enterprises Limited,Thermal Coal,Energy,Mr. Gautambhai Shantilal Adani S.Y. B.Com,"Ahmedabad, India",https://www.adanienterprises.com,2311.75,2238.85,2668245024768,77.16122,29.96,0.00059999997,3743.9,2025.0
2004-03-11 00:00:00+05:30,1.0124792962859577,2314.95,2213.75,1.025801181793213,1376164,0.0,0.0,ADANIENT.NS,Adani Enterprises Limited,Thermal Coal,Energy,Mr. Gautambhai Shantilal Adani S.Y. B.Com,"Ahmedabad, India",https://www.adanienterprises.com,2311.75,2238.85,2668245024768,77.16122,29.96,0.00059999997,3743.9,2025.0
2004-03-12 00:00:00+05:30,1.0657680092763282,2314.95,2213.75,1.0327290296554565,1376164,0.0,0.0,ADANIENT.NS,Adani Enterprises Limited,Thermal Coal,Energy,Mr. Gautambhai Shantilal Adani S.Y. B.Com,"Ahmedabad, India",https://www.adanienterprises.com,2311.75,2238.85,2668245024768,77.16122,29.96,0.00059999997,3743.9,2025.0
2004-03-15 00:00:00+05:30,1.0657679607208668,2314.95,2213.75,1.035393476486206,1376164,0.0,0.0,ADANIENT.NS,Adani Enterprises Limited,Thermal Coal,Energy,Mr. Gautambhai Shantilal Adani S.Y. B.Com,"Ahmedabad, India",https://www.adanienterprises.com,2311.75,2238.85,2668245024768,77.16122,29.96,0.00059999997,3743.9,2025.0
2004-03-16 00:00:00+05:30,1.012479534538889,2314.95,2213.75,1.018607497215271,1376164,0.0,0.0,ADANIENT.NS,Adani Enterprises Limited,Thermal Coal,Energy,Mr. Gautambhai Shantilal Adani S.Y. B.Com,"Ahmedabad, India",https://www.adanienterprises.com,2311.75,2238.85,2668245024768,77.16122,29.96,0.00059999997,3743.9,2025.0
2004-03-17 00:00:00+05:30,1.0178079857096791,2314.95,2213.75,1.0356595516204834,1376164,0.0,0.0,ADANIENT.NS,Adani Enterprises Limited,Thermal Coal,Energy,Mr. Gautambhai Shantilal Adani S.Y. B.Com,"Ahmedabad, India",https://www.adanienterprises.com,2311.75,2238.85,2668245024768,77.16122,29.96,0.00059999997,3743.9,2025.0
2004-03-18 00:00:00+05:30,1.028999027613123,2314.95,2213.75,1.0178083181381226,1376164,0.0,0.0,ADANIENT.NS,Adani Enterprises Limited,Thermal Coal,Energy,Mr. Gautambhai Shantilal Adani S.Y. B.Com,"Ahmedabad, India",https://www.adanienterprises.com,2311.75,2238.85,2668245024768,77.16122,29.96,0.00059999997,3743.9,2025.0
2004-03-19 00:00:00+05:30,1.0337949862234286,2314.95,2213.75,1.020472764968872,1376164,0.0,0.0,ADANIENT.NS,Adani Enterprises Limited,Thermal Coal,Energy,Mr. Gautambhai Shantilal Adani S.Y. B.Com,"Ahmedabad, India",https://www.adanienterprises.com,2311.75,2238.85,2668245024768,77.16122,29.96,0.00059999997,3743.9,2025.0
2004-03-22 00:00:00+05:30,0.994627814557559,2314.95,2213.75,1.0090159177780151,1376164,0.0,0.0,ADANIENT.NS,Adani Enterprises Limited,Thermal Coal,Energy,Mr. Gautambhai Shantilal Adani S.Y. B.Com,"Ahmedabad, India",https://www.adanienterprises.com,2311.75,2238.85,2668245024768,77.16122,29.96,0.00059999997,3743.9,2025.0
2004-03-23 00:00:00+05:30,1.0071505924455038,2314.95,2213.75,1.0047527551651,1376164,0.0,0.0,ADANIENT.NS,Adani Enterprises Limited,Thermal Coal,Energy,Mr. Gautambhai Shantilal Adani S.Y. B.Com,"Ahmedabad, India",https://www.adanienterprises.com,2311.75,2238.85,2668245024768,77.16122,29.96,0.00059999997,3743.9,2025.0
2004-03-24 00:00:00+05:30,1.0044861163420227,2314.95,2213.75,1.0143444538116455,1376164,0.0,0.0,ADANIENT.NS,Adani Enterprises Limited,Thermal Coal,Energy,Mr. Gautambhai Shantilal Adani S.Y. B.Com,"Ahmedabad, India",https://www.adanienterprises.com,2311.75,2238.85,2668245024768,77.16122,29.96,0.00059999997,3743.9,2025.0
2004-03-25 00:00:00+05:30,1.0124798454485893,2314.95,2213.75,1.0218052864074707,1376164,0.0,0.0,ADANIENT.NS,Adani Enterprises Limited,Thermal Coal,Energy,Mr. Gautambhai Shantilal Adani S.Y. B.Com,"Ahmedabad, India",https://www.adanienterprises.com,2311.75,2238.85,2668245024768,77.16122,29.96,0.00059999997,3743.9,2025.0
2004-03-26 00:00:00+05:30,1.0258014589854882,2314.95,2213.75,1.0367257595062256,1376164,0.0,0.0,ADANIENT.NS,Adani Enterprises Limited,Thermal Coal,Energy,Mr. Gautambhai Shantilal Adani S.Y. B.Com,"Ahmedabad, India",https://www.adanienterprises.com,2311.75,2238.85,2668245024768,77.16122,29.96,0.00059999997,3743.9,2025.0
2004-03-29 00:00:00+05:30,1.0316635484591858,2314.95,2213.75,1.0425875186920166,1376164,0.0,0.0,ADANIENT.NS,Adani Enterprises Limited,Thermal Coal,Energy,Mr. Gautambhai Shantilal Adani S.Y. B.Com,"Ahmedabad, India",https://www.adanienterprises.com,2311.75,2238.85,2668245024768,77.16122,29.96,0.00059999997,3743.9,2025.0
2004-03-30 00:00:00+05:30,1.0428536966985849,2314.95,2213.75,1.0572417974472046,1376164,0.0,0.0,ADANIENT.NS,Adani Enterprises Limited,Thermal Coal,Energy,Mr. Gautambhai Shantilal Adani S.Y. B.Com,"Ahmedabad, India",https://www.adanienterprises.com,2311.75,2238.85,2668245024768,77.16122,29.96,0.00059999997,3743.9,2025.0
2004-03-31 00:00:00+05:30,1.0471168579749062,2314.95,2213.75,1.0750935077667236,1376164,0.0,0.0,ADANIENT.NS,Adani Enterprises Limited,Thermal Coal,Energy,Mr. Gautambhai Shantilal Adani S.Y. B.Com,"Ahmedabad, India",https://www.adanienterprises.com,2311.75,2238.85,2668245024768,77.16122,29.96,0.00059999997,3743.9,2025.0
2004-04-01 00:00:00+05:30,1.0790897382501803,2314.95,2213.75,1.100138783454895,1376164,0.0,0.0,ADANIENT.NS,Adani Enterprises Limited,Thermal Coal,Energy,Mr. Gautambhai Shantilal Adani S.Y. B.Com,"Ahmedabad, India",https://www.adanienterprises.com,2311.75,2238.85,2668245024768,77.16122,29.96,0.00059999997,3743.9,2025.0
2004-04-02 00:00:00+05:30,1.1030697753737475,2314.95,2213.75,1.0985404253005981,1376164,0.0,0.0,ADANIENT.NS,Adani Enterprises Limited,Thermal Coal,Energy,Mr. Gautambhai Shantilal Adani S.Y. B.Com,"Ahmedabad, India",https://www.adanienterprises.com,2311.75,2238.85,2668245024768,77.16122,29.96,0.00059999997,3743.9,2025.0
2004-04-05 00:00:00+05:30,1.119056100540932,2314.95,2213.75,1.120388388633728,1376164,0.0,0.0,ADANIENT.NS,Adani Enterprises Limited,Thermal Coal,Energy,Mr. Gautambhai Shantilal Adani S.Y. B.Com,"Ahmedabad, India",https://www.adanienterprises.com,2311.75,2238.85,2668245024768,77.16122,29.96,0.00059999997,3743.9,2025.0
2004-04-06 00:00:00+05:30,1.1323780006020392,2314.95,2213.75,1.107865571975708,1376164,0.0,0.0,ADANIENT.NS,Adani Enterprises Limited,Thermal Coal,Energy,Mr. Gautambhai Shantilal Adani S.Y. B.Com,"Ahmedabad, India",https://www.adanienterprises.com,2311.75,2238.85,2668245024768,77.16122,29.96,0.00059999997,3743.9,2025.0
2004-04-07 00:00:00+05:30,1.1323781740606864,2314.95,2213.75,1.098007321357727,1376164,0.0,0.0,ADANIENT.NS,Adani Enterprises Limited,Thermal Coal,Energy,Mr. Gautambhai Shantilal Adani S.Y. B.Com,"Ahmedabad, India",https://www.adanienterprises.com,2311.75,2238.85,2668245024768,77.16122,29.96,0.00059999997,3743.9,2025.0
2004-04-08 00:00:00+05:30,1.087083694429405,2314.95,2213.75,1.0865507125854492,1376164,0.0,0.0,ADANIENT.NS,Adani Enterprises Limited,Thermal Coal,Energy,Mr. Gautambhai Shantilal Adani S.Y. B.Com,"Ahmedabad, India",https://www.adanienterprises.com,2311.75,2238.85,2668245024768,77.16122,29.96,0.00059999997,3743.9,2025.0
2004-04-09 00:00:00+05:30,1.0865507125854492,2314.95,2213.75,1.0865507125854492,1376164,0.0,0.0,ADANIENT.NS,Adani Enterprises Limited,Thermal Coal,Energy,Mr. Gautambhai Shantilal Adani S.Y. B.Com,"Ahmedabad, India",https://www.adanienterprises.com,2311.75,2238.85,2668245024768,77.16122,29.96,0.00059999997,3743.9,2025.0
2004-04-12 00:00:00+05:30,1.079089492792359,2314.95,2213.75,1.0950762033462524,1376164,0.0,0.0,ADANIENT.NS,Adani Enterprises Limited,Thermal Coal,Energy,Mr. Gautambhai Shantilal Adani S.Y. B.Com,"Ahmedabad, India",https://www.adanienterprises.com,2311.75,2238.85,2668245024768,77.16122,29.96,0.00059999997,3743.9,2025.0
2004-04-13 00:00:00+05:30,1.0873500227302468,2314.95,2213.75,1.0988069772720337,1376164,0.0,0.0,ADANIENT.NS,Adani Enterprises Limited,Thermal Coal,Energy,Mr. Gautambhai Shantilal Adani S.Y. B.Com,"Ahmedabad, India",https://www.adanienterprises.com,2311.75,2238.85,2668245024768,77.16122,29.96,0.00059999997,3743.9,2025.0
2004-04-14 00:00:00+05:30,1.0988069772720337,2314.95,2213.75,1.0988069772720337,1376164,0.0,0.0,ADANIENT.NS,Adani Enterprises Limited,Thermal Coal,Energy,Mr. Gautambhai Shantilal Adani S.Y. B.Com,"Ahmedabad, India",https://www.adanienterprises.com,2311.75,2238.85,2668245024768,77.16122,29.96,0.00059999997,3743.9,2025.0
2004-04-15 00:00:00+05:30,1.095076677211059,2314.95,2213.75,1.094543695449829,1376164,0.0,0.0,ADANIENT.NS,Adani Enterprises Limited,Thermal Coal,Energy,Mr. Gautambhai Shantilal Adani S.Y. B.Com,"Ahmedabad, India",https://www.adanienterprises.com,2311.75,2238.85,2668245024768,77.16122,29.96,0.00059999997,3743.9,2025.0
2004-04-16 00:00:00+05:30,1.1057342235919518,2314.95,2213.75,1.1363749504089355,1376164,0.0,0.0,ADANIENT.NS,Adani Enterprises Limited,Thermal Coal,Energy,Mr. Gautambhai Shantilal Adani S.Y. B.Com,"Ahmedabad, India",https://www.adanienterprises.com,2311.75,2238.85,2668245024768,77.16122,29.96,0.00059999997,3743.9,2025.0
2004-04-19 00:00:00+05:30,1.198988914863615,2314.95,2213.75,1.1555589437484741,1376164,0.0,0.0,ADANIENT.NS,Adani Enterprises Limited,Thermal Coal,Energy,Mr. Gautambhai Shantilal Adani S.Y. B.Com,"Ahmedabad, India",https://www.adanienterprises.com,2311.75,2238.85,2668245024768,77.16122,29.96,0.00059999997,3743.9,2025.0
2004-04-20 00:00:00+05:30,1.1619534221168226,2314.95,2213.75,1.15848970413208,1376164,0.0,0.0,ADANIENT.NS,Adani Enterprises Limited,Thermal Coal,Energy,Mr. Gautambhai Shantilal Adani S.Y. B.Com,"Ahmedabad, India",https://www.adanienterprises.com,2311.75,2238.85,2668245024768,77.16122,29.96,0.00059999997,3743.9,2025.0
2004-04-21 00:00:00+05:30,1.1518287095776458,2314.95,2213.75,1.1528942584991455,1376164,0.0,0.0,ADANIENT.NS,Adani Enterprises Limited,Thermal Coal,Energy,Mr. Gautambhai Shantilal Adani S.Y. B.Com,"Ahmedabad, India",https://www.adanienterprises.com,2311.75,2238.85,2668245024768,77.16122,29.96,0.00059999997,3743.9,2025.0
2004-04-22 00:00:00+05:30,1.1483647959496477,2314.95,2213.75,1.1670156717300415,1376164,0.0,0.0,ADANIENT.NS,Adani Enterprises Limited,Thermal Coal,Energy,Mr. Gautambhai Shantilal Adani S.Y. B.Com,"Ahmedabad, India",https://www.adanienterprises.com,2311.75,2238.85,2668245024768,77.16122,29.96,0.00059999997,3743.9,2025.0
2004-04-23 00:00:00+05:30,1.172344603804998,2314.95,2213.75,1.170479416847229,1376164,0.0,0.0,ADANIENT.NS,Adani Enterprises Limited,Thermal Coal,Energy,Mr. Gautambhai Shantilal Adani S.Y. B.Com,"Ahmedabad, India",https://www.adanienterprises.com,2311.75,2238.85,2668245024768,77.16122,29.96,0.00059999997,3743.9,2025.0
2004-04-26 00:00:00+05:30,1.170479416847229,2314.95,2213.75,1.170479416847229,1376164,0.0,0.0,ADANIENT.NS,Adani Enterprises Limited,Thermal Coal,Energy,Mr. Gautambhai Shantilal Adani S.Y. B.Com,"Ahmedabad, India",https://www.adanienterprises.com,2311.75,2238.85,2668245024768,77.16122,29.96,0.00059999997,3743.9,2025.0
2004-04-27 00:00:00+05:30,1.1670157960655627,2314.95,2213.75,1.122786521911621,1376164,0.0,0.0,ADANIENT.NS,Adani Enterprises Limited,Thermal Coal,Energy,Mr. Gautambhai Shantilal Adani S.Y. B.Com,"Ahmedabad, India",https://www.adanienterprises.com,2311.75,2238.85,2668245024768,77.16122,29.96,0.00059999997,3743.9,2025.0
2004-04-28 00:00:00+05:30,1.1323781190081792,2314.95,2213.75,1.1331777572631836,1376164,0.0,0.0,ADANIENT.NS,Adani Enterprises Limited,Thermal Coal,Energy,Mr. Gautambhai Shantilal Adani S.Y. B.Com,"Ahmedabad, India",https://www.adanienterprises.com,2311.75,2238.85,2668245024768,77.16122,29.96,0.00059999997,3743.9,2025.0
2004-04-29 00:00:00+05:30,1.1419703990387786,2314.95,2213.75,1.1425033807754517,1376164,0.0,0.0,ADANIENT.NS,Adani Enterprises Limited,Thermal Coal,Energy,Mr. Gautambhai Shantilal Adani S.Y. B.Com,"Ahmedabad, India",https://www.adanienterprises.com,2311.75,2238.85,2668245024768,77.16122,29.96,0.00059999997,3743.9,2025.0
2004-04-30 00:00:00+05:30,1.1457002656746333,2314.95,2213.75,1.1358418464660645,1376164,0.0,0.0,ADANIENT.NS,Adani Enterprises Limited,Thermal Coal,Energy,Mr. Gautambhai Shantilal Adani S.Y. B.Com,"Ahmedabad, India",https://www.adanienterprises.com,2311.75,2238.85,2668245024768,77.16122,29.96,0.00059999997,3743.9,2025.0
2004-05-03 00:00:00+05:30,1.1457003277314122,2314.95,2213.75,1.13344407081604,1376164,0.0,0.0,ADANIENT.NS,Adani Enterprises Limited,Thermal Coal,Energy,Mr. Gautambhai Shantilal Adani S.Y. B.Com,"Ahmedabad, India",https://www.adanienterprises.com,2311.75,2238.85,2668245024768,77.16122,29.96,0.00059999997,3743.9,2025.0
2004-05-04 00:00:00+05:30,1.1723447971146528,2314.95,2213.75,1.179005742073059,1376164,0.0,0.0,ADANIENT.NS,Adani Enterprises Limited,Thermal Coal,Energy,Mr. Gautambhai Shantilal Adani S.Y. B.Com,"Ahmedabad, India",https://www.adanienterprises.com,2311.75,2238.85,2668245024768,77.16122,29.96,0.00059999997,3743.9,2025.0
2004-05-05 00:00:00+05:30,1.1963246564418737,2314.95,2213.75,1.209646463394165,1376164,0.0,0.0,ADANIENT.NS,Adani Enterprises Limited,Thermal Coal,Energy,Mr. Gautambhai Shantilal Adani S.Y. B.Com,"Ahmedabad, India",https://www.adanienterprises.com,2311.75,2238.85,2668245024768,77.16122,29.96,0.00059999997,3743.9,2025.0
2004-05-06 00:00:00+05:30,1.2522772550582886,2314.95,2213.75,1.2522772550582886,1376164,0.0,0.0,ADANIENT.NS,Adani Enterprises Limited,Thermal Coal,Energy,Mr. Gautambhai Shantilal Adani S.Y. B.Com,"Ahmedabad, India",https://www.adanienterprises.com,2311.75,2238.85,2668245024768,77.16122,29.96,0.00059999997,3743.9,2025.0
2004-05-07 00:00:00+05:30,1.2522771674411728,2314.95,2213.75,1.238155722618103,1376164,0.0,0.0,ADANIENT.NS,Adani Enterprises Limited,Thermal Coal,Energy,Mr. Gautambhai Shantilal Adani S.Y. B.Com,"Ahmedabad, India",https://www.adanienterprises.com,2311.75,2238.85,2668245024768,77.16122,29.96,0.00059999997,3743.9,2025.0
2004-05-10 00:00:00+05:30,1.2203042136764144,2314.95,2213.75,1.228031039237976,1376164,0.0,0.0,ADANIENT.NS,Adani Enterprises Limited,Thermal Coal,Energy,Mr. Gautambhai Shantilal Adani S.Y. B.Com,"Ahmedabad, India",https://www.adanienterprises.com,2311.75,2238.85,2668245024768,77.16122,29.96,0.00059999997,3743.9,2025.0
2004-05-11 00:00:00+05:30,1.1750092715500293,2314.95,2213.75,1.20405113697052,1376164,0.0,0.0,ADANIENT.NS,Adani Enterprises Limited,Thermal Coal,Energy,Mr. Gautambhai Shantilal Adani S.Y. B.Com,"Ahmedabad, India",https://www.adanienterprises.com,2311.75,2238.85,2668245024768,77.16122,29.96,0.00059999997,3743.9,2025.0
2004-05-12 00:00:00+05:30,1.172344777565317,2314.95,2213.75,1.20405113697052,1376164,0.0,0.0,ADANIENT.NS,Adani Enterprises Limited,Thermal Coal,Energy,Mr. Gautambhai Shantilal Adani S.Y. B.Com,"Ahmedabad, India",https://www.adanienterprises.com,2311.75,2238.85,2668245024768,77.16122,29.96,0.00059999997,3743.9,2025.0
2004-05-13 00:00:00+05:30,1.0790897936713773,2314.95,2213.75,1.2184392213821411,1376164,0.0,0.0,ADANIENT.NS,Adani Enterprises Limited,Thermal Coal,Energy,Mr. Gautambhai Shantilal Adani S.Y. B.Com,"Ahmedabad, India",https://www.adanienterprises.com,2311.75,2238.85,2668245024768,77.16122,29.96,0.00059999997,3743.9,2025.0
2004-05-14 00:00:00+05:30,1.1856669449187773,2314.95,2213.75,1.157423973083496,1376164,0.0,0.0,ADANIENT.NS,Adani Enterprises Limited,Thermal Coal,Energy,Mr. Gautambhai Shantilal Adani S.Y. B.Com,"Ahmedabad, India",https://www.adanienterprises.com,2311.75,2238.85,2668245024768,77.16122,29.96,0.00059999997,3743.9,2025.0
2004-05-17 00:00:00+05:30,1.1243848248649286,2314.95,2213.75,1.005551815032959,1376164,0.0,0.0,ADANIENT.NS,Adani Enterprises Limited,Thermal Coal,Energy,Mr. Gautambhai Shantilal Adani S.Y. B.Com,"Ahmedabad, India",https://www.adanienterprises.com,2311.75,2238.85,2668245024768,77.16122,29.96,0.00059999997,3743.9,2025.0
2004-05-18 00:00:00+05:30,1.052446031296308,2314.95,2213.75,1.1187899112701416,1376164,0.0,0.0,ADANIENT.NS,Adani Enterprises Limited,Thermal Coal,Energy,Mr. Gautambhai Shantilal Adani S.Y. B.Com,"Ahmedabad, India",https://www.adanienterprises.com,2311.75,2238.85,2668245024768,77.16122,29.96,0.00059999997,3743.9,2025.0
2004-05-19 00:00:00+05:30,1.1457001681667238,2314.95,2213.75,1.1808706521987915,1376164,0.0,0.0,ADANIENT.NS,Adani Enterprises Limited,Thermal Coal,Energy,Mr. Gautambhai Shantilal Adani S.Y. B.Com,"Ahmedabad, India",https://www.adanienterprises.com,2311.75,2238.85,2668245024768,77.16122,29.96,0.00059999997,3743.9,2025.0
2004-05-20 00:00:00+05:30,1.19765659949393,2314.95,2213.75,1.174209713935852,1376164,0.0,0.0,ADANIENT.NS,Adani Enterprises Limited,Thermal Coal,Energy,Mr. Gautambhai Shantilal Adani S.Y. B.Com,"Ahmedabad, India",https://www.adanienterprises.com,2311.75,2238.85,2668245024768,77.16122,29.96,0.00059999997,3743.9,2025.0
2004-05-21 00:00:00+05:30,1.1139938078889828,2314.95,2213.75,1.1869986057281494,1376164,0.0,0.0,ADANIENT.NS,Adani Enterprises Limited,Thermal Coal,Energy,Mr. Gautambhai Shantilal Adani S.Y. B.Com,"Ahmedabad, India",https://www.adanienterprises.com,2311.75,2238.85,2668245024768,77.16122,29.96,0.00059999997,3743.9,2025.0
2004-05-24 00:00:00+05:30,1.2016532196021306,2314.95,2213.75,1.2227022647857666,1376164,0.0,0.0,ADANIENT.NS,Adani Enterprises Limited,Thermal Coal,Energy,Mr. Gautambhai Shantilal Adani S.Y. B.Com,"Ahmedabad, India",https://www.adanienterprises.com,2311.75,2238.85,2668245024768,77.16122,29.96,0.00059999997,3743.9,2025.0
2004-05-25 00:00:00+05:30,1.2096465872322186,2314.95,2213.75,1.2541425228118896,1376164,0.0,0.0,ADANIENT.NS,Adani Enterprises Limited,Thermal Coal,Energy,Mr. Gautambhai Shantilal Adani S.Y. B.Com,"Ahmedabad, India",https://www.adanienterprises.com,2311.75,2238.85,2668245024768,77.16122,29.96,0.00059999997,3743.9,2025.0
2004-05-26 00:00:00+05:30,1.3295452899342377,2314.95,2213.75,1.289312720298767,1376164,0.0,0.0,ADANIENT.NS,Adani Enterprises Limited,Thermal Coal,Energy,Mr. Gautambhai Shantilal Adani S.Y. B.Com,"Ahmedabad, India",https://www.adanienterprises.com,2311.75,2238.85,2668245024768,77.16122,29.96,0.00059999997,3743.9,2025.0
2004-05-27 00:00:00+05:30,1.292243691830593,2314.95,2213.75,1.2887799739837646,1376164,0.0,0.0,ADANIENT.NS,Adani Enterprises Limited,Thermal Coal,Energy,Mr. Gautambhai Shantilal Adani S.Y. B.Com,"Ahmedabad, India",https://www.adanienterprises.com,2311.75,2238.85,2668245024768,77.16122,29.96,0.00059999997,3743.9,2025.0
2004-05-28 00:00:00+05:30,1.2895790175707948,2314.95,2213.75,1.2858489751815796,1376164,0.0,0.0,ADANIENT.NS,Adani Enterprises Limited,Thermal Coal,Energy,Mr. Gautambhai Shantilal Adani S.Y. B.Com,"Ahmedabad, India",https://www.adanienterprises.com,2311.75,2238.85,2668245024768,77.16122,29.96,0.00059999997,3743.9,2025.0
2004-05-31 00:00:00+05:30,1.2522771679130007,2314.95,2213.75,1.269862413406372,1376164,0.0,0.0,ADANIENT.NS,Adani Enterprises Limited,Thermal Coal,Energy,Mr. Gautambhai Shantilal Adani S.Y. B.Com,"Ahmedabad, India",https://www.adanienterprises.com,2311.75,2238.85,2668245024768,77.16122,29.96,0.00059999997,3743.9,2025.0
2004-06-01 00:00:00+05:30,1.2821187078221115,2314.95,2213.75,1.2938423156738281,1376164,0.0,0.0,ADANIENT.NS,Adani Enterprises Limited,Thermal Coal,Energy,Mr. Gautambhai Shantilal Adani S.Y. B.Com,"Ahmedabad, India",https://www.adanienterprises.com,2311.75,2238.85,2668245024768,77.16122,29.96,0.00059999997,3743.9,2025.0
2004-06-02 00:00:00+05:30,1.2922436283604564,2314.95,2213.75,1.3223514556884766,1376164,0.0,0.0,ADANIENT.NS,Adani Enterprises Limited,Thermal Coal,Energy,Mr. Gautambhai Shantilal Adani S.Y. B.Com,"Ahmedabad, India",https://www.adanienterprises.com,2311.75,2238.85,2668245024768,77.16122,29.96,0.00059999997,3743.9,2025.0
2004-06-03 00:00:00+05:30,1.3535252180810429,2314.95,2213.75,1.303433895111084,1376164,0.0,0.0,ADANIENT.NS,Adani Enterprises Limited,Thermal Coal,Energy,Mr. Gautambhai Shantilal Adani S.Y. B.Com,"Ahmedabad, India",https://www.adanienterprises.com,2311.75,2238.85,2668245024768,77.16122,29.96,0.00059999997,3743.9,2025.0
2004-06-04 00:00:00+05:30,1.3058322300420397,2314.95,2213.75,1.3135590553283691,1376164,0.0,0.0,ADANIENT.NS,Adani Enterprises Limited,Thermal Coal,Energy,Mr. Gautambhai Shantilal Adani S.Y. B.Com,"Ahmedabad, India",https://www.adanienterprises.com,2311.75,2238.85,2668245024768,77.16122,29.96,0.00059999997,3743.9,2025.0
2004-06-07 00:00:00+05:30,1.3194206552519896,2314.95,2213.75,1.3420683145523071,1376164,0.0,0.0,ADANIENT.NS,Adani Enterprises Limited,Thermal Coal,Energy,Mr. Gautambhai Shantilal Adani S.Y. B.Com,"Ahmedabad, India",https://www.adanienterprises.com,2311.75,2238.85,2668245024768,77.16122,29.96,0.00059999997,3743.9,2025.0
2004-06-08 00:00:00+05:30,1.3535252463381615,2314.95,2213.75,1.3223514556884766,1376164,0.0,0.0,ADANIENT.NS,Adani Enterprises Limited,Thermal Coal,Energy,Mr. Gautambhai Shantilal Adani S.Y. B.Com,"Ahmedabad, India",https://www.adanienterprises.com,2311.75,2238.85,2668245024768,77.16122,29.96,0.00059999997,3743.9,2025.0
2004-06-09 00:00:00+05:30,1.3295453901845455,2314.95,2213.75,1.3292790651321411,1376164,0.0,0.0,ADANIENT.NS,Adani Enterprises Limited,Thermal Coal,Energy,Mr. Gautambhai Shantilal Adani S.Y. B.Com,"Ahmedabad, India",https://www.adanienterprises.com,2311.75,2238.85,2668245024768,77.16122,29.96,0.00059999997,3743.9,2025.0
2004-06-10 00:00:00+05:30,1.324216658868623,2314.95,2213.75,1.3260815143585205,1376164,0.0,0.0,ADANIENT.NS,Adani Enterprises Limited,Thermal Coal,Energy,Mr. Gautambhai Shantilal Adani S.Y. B.Com,"Ahmedabad, India",https://www.adanienterprises.com,2311.75,2238.85,2668245024768,77.16122,29.96,0.00059999997,3743.9,2025.0
2004-06-11 00:00:00+05:30,1.3215520075895013,2314.95,2213.75,1.31222665309906,1376164,0.0,0.0,ADANIENT.NS,Adani Enterprises Limited,Thermal Coal,Energy,Mr. Gautambhai Shantilal Adani S.Y. B.Com,"Ahmedabad, India",https://www.adanienterprises.com,2311.75,2238.85,2668245024768,77.16122,29.96,0.00059999997,3743.9,2025.0
2004-06-14 00:00:00+05:30,1.2949078069755124,2314.95,2213.75,1.2914444208145142,1376164,0.0,0.0,ADANIENT.NS,Adani Enterprises Limited,Thermal Coal,Energy,Mr. Gautambhai Shantilal Adani S.Y. B.Com,"Ahmedabad, India",https://www.adanienterprises.com,2311.75,2238.85,2668245024768,77.16122,29.96,0.00059999997,3743.9,2025.0
2004-06-15 00:00:00+05:30,1.2698623508072229,2314.95,2213.75,1.303433895111084,1376164,0.0,0.0,ADANIENT.NS,Adani Enterprises Limited,Thermal Coal,Energy,Mr. Gautambhai Shantilal Adani S.Y. B.Com,"Ahmedabad, India",https://www.adanienterprises.com,2311.75,2238.85,2668245024768,77.16122,29.96,0.00059999997,3743.9,2025.0
2004-06-16 00:00:00+05:30,1.306897573536245,2314.95,2213.75,1.292243480682373,1376164,0.0,0.0,ADANIENT.NS,Adani Enterprises Limited,Thermal Coal,Energy,Mr. Gautambhai Shantilal Adani S.Y. B.Com,"Ahmedabad, India",https://www.adanienterprises.com,2311.75,2238.85,2668245024768,77.16122,29.96,0.00059999997,3743.9,2025.0
2004-06-17 00:00:00+05:30,1.300236887182318,2314.95,2213.75,1.3018354177474976,1376164,0.0,0.0,ADANIENT.NS,Adani Enterprises Limited,Thermal Coal,Energy,Mr. Gautambhai Shantilal Adani S.Y. B.Com,"Ahmedabad, India",https://www.adanienterprises.com,2311.75,2238.85,2668245024768,77.16122,29.96,0.00059999997,3743.9,2025.0
2004-06-18 00:00:00+05:30,1.302901247647485,2314.95,2213.75,1.296239972114563,1376164,0.0,0.0,ADANIENT.NS,Adani Enterprises Limited,Thermal Coal,Energy,Mr. Gautambhai Shantilal Adani S.Y. B.Com,"Ahmedabad, India",https://www.adanienterprises.com,2311.75,2238.85,2668245024768,77.16122,29.96,0.00059999997,3743.9,2025.0
2004-06-21 00:00:00+05:30,1.289578904455821,2314.95,2213.75,1.297572135925293,1376164,0.0,0.0,ADANIENT.NS,Adani Enterprises Limited,Thermal Coal,Energy,Mr. Gautambhai Shantilal Adani S.Y. B.Com,"Ahmedabad, India",https://www.adanienterprises.com,2311.75,2238.85,2668245024768,77.16122,29.96,0.00059999997,3743.9,2025.0
2004-06-22 00:00:00+05:30,1.2738590898667614,2314.95,2213.75,1.28851318359375,1376164,0.0,0.0,ADANIENT.NS,Adani Enterprises Limited,Thermal Coal,Energy,Mr. Gautambhai Shantilal Adani S.Y. B.Com,"Ahmedabad, India",https://www.adanienterprises.com,2311.75,2238.85,2668245024768,77.16122,29.96,0.00059999997,3743.9,2025.0
2004-06-23 00:00:00+05:30,1.2805198957289845,2314.95,2213.75,1.284250020980835,1376164,0.0,0.0,ADANIENT.NS,Adani Enterprises Limited,Thermal Coal,Energy,Mr. Gautambhai Shantilal Adani S.Y. B.Com,"Ahmedabad, India",https://www.adanienterprises.com,2311.75,2238.85,2668245024768,77.16122,29.96,0.00059999997,3743.9,2025.0
2004-06-24 00:00:00+05:30,1.2922435696255923,2314.95,2213.75,1.275191307067871,1376164,0.0,0.0,ADANIENT.NS,Adani Enterprises Limited,Thermal Coal,Energy,Mr. Gautambhai Shantilal Adani S.Y. B.Com,"Ahmedabad, India",https://www.adanienterprises.com,2311.75,2238.85,2668245024768,77.16122,29.96,0.00059999997,3743.9,2025.0
2004-06-25 00:00:00+05:30,1.2842501094050924,2314.95,2213.75,1.2983715534210205,1376164,0.0,0.0,ADANIENT.NS,Adani Enterprises Limited,Thermal Coal,Energy,Mr. Gautambhai Shantilal Adani S.Y. B.Com,"Ahmedabad, India",https://www.adanienterprises.com,2311.75,2238.85,2668245024768,77.16122,29.96,0.00059999997,3743.9,2025.0
2004-06-28 00:00:00+05:30,2.794298958631314,2314.95,2213.75,2.8149502277374268,1376164,2.0,0.0,ADANIENT.NS,Adani Enterprises Limited,Thermal Coal,Energy,Mr. Gautambhai Shantilal Adani S.Y. B.Com,"Ahmedabad, India",https://www.adanienterprises.com,2311.75,2238.85,2668245024768,77.16122,29.96,0.00059999997,3743.9,2025.0
2004-06-29 00:00:00+05:30,2.896983931096969,2314.95,2213.75,2.853959560394287,1376164,0.0,0.0,ADANIENT.NS,Adani Enterprises Limited,Thermal Coal,Energy,Mr. Gautambhai Shantilal Adani S.Y. B.Com,"Ahmedabad, India",https://www.adanienterprises.com,2311.75,2238.85,2668245024768,77.16122,29.96,0.00059999997,3743.9,2025.0
2004-06-30 00:00:00+05:30,2.890098832485536,2314.95,2213.75,2.8396167755126953,1376164,0.0,0.0,ADANIENT.NS,Adani Enterprises Limited,Thermal Coal,Energy,Mr. Gautambhai Shantilal Adani S.Y. B.Com,"Ahmedabad, India",https://www.adanienterprises.com,2311.75,2238.85,2668245024768,77.16122,29.96,0.00059999997,3743.9,2025.0
2004-07-01 00:00:00+05:30,2.8625635314061406,2314.95,2213.75,2.848222255706787,1376164,0.0,0.0,ADANIENT.NS,Adani Enterprises Limited,Thermal Coal,Energy,Mr. Gautambhai Shantilal Adani S.Y. B.Com,"Ahmedabad, India",https://www.adanienterprises.com,2311.75,2238.85,2668245024768,77.16122,29.96,0.00059999997,3743.9,2025.0
2004-07-02 00:00:00+05:30,2.796592919458032,2314.95,2213.75,2.8470749855041504,1376164,0.0,0.0,ADANIENT.NS,Adani Enterprises Limited,Thermal Coal,Energy,Mr. Gautambhai Shantilal Adani S.Y. B.Com,"Ahmedabad, India",https://www.adanienterprises.com,2311.75,2238.85,2668245024768,77.16122,29.96,0.00059999997,3743.9,2025.0
2004-07-05 00:00:00+05:30,2.914193531343865,2314.95,2213.75,2.833880662918091,1376164,0.0,0.0,ADANIENT.NS,Adani Enterprises Limited,Thermal Coal,Energy,Mr. Gautambhai Shantilal Adani S.Y. B.Com,"Ahmedabad, India",https://www.adanienterprises.com,2311.75,2238.85,2668245024768,77.16122,29.96,0.00059999997,3743.9,2025.0
2004-07-06 00:00:00+05:30,2.8510911460236894,2314.95,2213.75,2.8998522758483887,1376164,0.0,0.0,ADANIENT.NS,Adani Enterprises Limited,Thermal Coal,Energy,Mr. Gautambhai Shantilal Adani S.Y. B.Com,"Ahmedabad, India",https://www.adanienterprises.com,2311.75,2238.85,2668245024768,77.16122,29.96,0.00059999997,3743.9,2025.0
2004-07-07 00:00:00+05:30,2.9256663003682415,2314.95,2213.75,2.9182093143463135,1376164,0.0,0.0,ADANIENT.NS,Adani Enterprises Limited,Thermal Coal,Energy,Mr. Gautambhai Shantilal Adani S.Y. B.Com,"Ahmedabad, India",https://www.adanienterprises.com,2311.75,2238.85,2668245024768,77.16122,29.96,0.00059999997,3743.9,2025.0
2004-07-08 00:00:00+05:30,2.925666238391669,2314.95,2213.75,2.878626585006714,1376164,0.0,0.0,ADANIENT.NS,Adani Enterprises Limited,Thermal Coal,Energy,Mr. Gautambhai Shantilal Adani S.Y. B.Com,"Ahmedabad, India",https://www.adanienterprises.com,2311.75,2238.85,2668245024768,77.16122,29.96,0.00059999997,3743.9,2025.0
2004-07-09 00:00:00+05:30,2.6503095226591706,2314.95,2213.75,2.9325506687164307,1376164,0.0,0.0,ADANIENT.NS,Adani Enterprises Limited,Thermal Coal,Energy,Mr. Gautambhai Shantilal Adani S.Y. B.Com,"Ahmedabad, India",https://www.adanienterprises.com,2311.75,2238.85,2668245024768,77.16122,29.96,0.00059999997,3743.9,2025.0
2004-07-12 00:00:00+05:30,2.925665855407715,2314.95,2213.75,2.925665855407715,1376164,0.0,0.0,ADANIENT.NS,Adani Enterprises Limited,Thermal Coal,Energy,Mr. Gautambhai Shantilal Adani S.Y. B.Com,"Ahmedabad, India",https://www.adanienterprises.com,2311.75,2238.85,2668245024768,77.16122,29.96,0.00059999997,3743.9,2025.0
2004-07-13 00:00:00+05:30,2.971560207412321,2314.95,2213.75,2.9641025066375732,1376164,0.0,0.0,ADANIENT.NS,Adani Enterprises Limited,Thermal Coal,Energy,Mr. Gautambhai Shantilal Adani S.Y. B.Com,"Ahmedabad, India",https://www.adanienterprises.com,2311.75,2238.85,2668245024768,77.16122,29.96,0.00059999997,3743.9,2025.0
2004-07-14 00:00:00+05:30,2.9715596913736286,2314.95,2213.75,2.981311559677124,1376164,0.0,0.0,ADANIENT.NS,Adani Enterprises Limited,Thermal Coal,Energy,Mr. Gautambhai Shantilal Adani S.Y. B.Com,"Ahmedabad, India",https://www.adanienterprises.com,2311.75,2238.85,2668245024768,77.16122,29.96,0.00059999997,3743.9,2025.0
2004-07-15 00:00:00+05:30,3.0002422611826396,2314.95,2213.75,3.023188591003418,1376164,0.0,0.0,ADANIENT.NS,Adani Enterprises Limited,Thermal Coal,Energy,Mr. Gautambhai Shantilal Adani S.Y. B.Com,"Ahmedabad, India",https://www.adanienterprises.com,2311.75,2238.85,2668245024768,77.16122,29.96,0.00059999997,3743.9,2025.0
2004-07-16 00:00:00+05:30,3.034661796332014,2314.95,2213.75,3.198728322982788,1376164,0.0,0.0,ADANIENT.NS,Adani Enterprises Limited,Thermal Coal,Energy,Mr. Gautambhai Shantilal Adani S.Y. B.Com,"Ahmedabad, India",https://www.adanienterprises.com,2311.75,2238.85,2668245024768,77.16122,29.96,0.00059999997,3743.9,2025.0
2004-07-19 00:00:00+05:30,3.2010231977150254,2314.95,2213.75,3.3220653533935547,1376164,0.0,0.0,ADANIENT.NS,Adani Enterprises Limited,Thermal Coal,Energy,Mr. Gautambhai Shantilal Adani S.Y. B.Com,"Ahmedabad, India",https://www.adanienterprises.com,2311.75,2238.85,2668245024768,77.16122,29.96,0.00059999997,3743.9,2025.0
2004-07-20 00:00:00+05:30,3.2985456543139384,2314.95,2213.75,3.344438314437866,1376164,0.0,0.0,ADANIENT.NS,Adani Enterprises Limited,Thermal Coal,Energy,Mr. Gautambhai Shantilal Adani S.Y. B.Com,"Ahmedabad, India",https://www.adanienterprises.com,2311.75,2238.85,2668245024768,77.16122,29.96,0.00059999997,3743.9,2025.0
2004-07-21 00:00:00+05:30,3.378858548520581,2314.95,2213.75,3.4281930923461914,1376164,0.0,0.0,ADANIENT.NS,Adani Enterprises Limited,Thermal Coal,Energy,Mr. Gautambhai Shantilal Adani S.Y. B.Com,"Ahmedabad, India",https://www.adanienterprises.com,2311.75,2238.85,2668245024768,77.16122,29.96,0.00059999997,3743.9,2025.0
2004-07-22 00:00:00+05:30,3.212496930560088,2314.95,2213.75,3.7396907806396484,1376164,0.0,0.0,ADANIENT.NS,Adani Enterprises Limited,Thermal Coal,Energy,Mr. Gautambhai Shantilal Adani S.Y. B.Com,"Ahmedabad, India",https://www.adanienterprises.com,2311.75,2238.85,2668245024768,77.16122,29.96,0.00059999997,3743.9,2025.0
2004-07-23 00:00:00+05:30,3.832049407014539,2314.95,2213.75,4.068397521972656,1376164,0.0,0.0,ADANIENT.NS,Adani Enterprises Limited,Thermal Coal,Energy,Mr. Gautambhai Shantilal Adani S.Y. B.Com,"Ahmedabad, India",https://www.adanienterprises.com,2311.75,2238.85,2668245024768,77.16122,29.96,0.00059999997,3743.9,2025.0
2004-07-26 00:00:00+05:30,4.141825586878719,2314.95,2213.75,4.235332012176514,1376164,0.0,0.0,ADANIENT.NS,Adani Enterprises Limited,Thermal Coal,Energy,Mr. Gautambhai Shantilal Adani S.Y. B.Com,"Ahmedabad, India",https://www.adanienterprises.com,2311.75,2238.85,2668245024768,77.16122,29.96,0.00059999997,3743.9,2025.0
2004-07-27 00:00:00+05:30,4.210663961645375,2314.95,2213.75,4.043728828430176,1376164,0.0,0.0,ADANIENT.NS,Adani Enterprises Limited,Thermal Coal,Energy,Mr. Gautambhai Shantilal Adani S.Y. B.Com,"Ahmedabad, India",https://www.adanienterprises.com,2311.75,2238.85,2668245024768,77.16122,29.96,0.00059999997,3743.9,2025.0
2004-07-28 00:00:00+05:30,4.072987097873372,2314.95,2213.75,3.9318668842315674,1376164,0.0,0.0,ADANIENT.NS,Adani Enterprises Limited,Thermal Coal,Energy,Mr. Gautambhai Shantilal Adani S.Y. B.Com,"Ahmedabad, India",https://www.adanienterprises.com,2311.75,2238.85,2668245024768,77.16122,29.96,0.00059999997,3743.9,2025.0
2004-07-29 00:00:00+05:30,4.015621050782061,2314.95,2213.75,4.004147529602051,1376164,0.0,0.0,ADANIENT.NS,Adani Enterprises Limited,Thermal Coal,Energy,Mr. Gautambhai Shantilal Adani S.Y. B.Com,"Ahmedabad, India",https://www.adanienterprises.com,2311.75,2238.85,2668245024768,77.16122,29.96,0.00059999997,3743.9,2025.0
2004-07-30 00:00:00+05:30,4.044303604476397,2314.95,2213.75,4.004147529602051,1376164,0.0,0.0,ADANIENT.NS,Adani Enterprises Limited,Thermal Coal,Energy,Mr. Gautambhai Shantilal Adani S.Y. B.Com,"Ahmedabad, India",https://www.adanienterprises.com,2311.75,2238.85,2668245024768,77.16122,29.96,0.00059999997,3743.9,2025.0
2004-08-02 00:00:00+05:30,4.072986950075535,2314.95,2213.75,3.969728469848633,1376164,0.0,0.0,ADANIENT.NS,Adani Enterprises Limited,Thermal Coal,Energy,Mr. Gautambhai Shantilal Adani S.Y. B.Com,"Ahmedabad, India",https://www.adanienterprises.com,2311.75,2238.85,2668245024768,77.16122,29.96,0.00059999997,3743.9,2025.0
2004-08-03 00:00:00+05:30,3.9984111292665867,2314.95,2213.75,3.9582550525665283,1376164,0.0,0.0,ADANIENT.NS,Adani Enterprises Limited,Thermal Coal,Energy,Mr. Gautambhai Shantilal Adani S.Y. B.Com,"Ahmedabad, India",https://www.adanienterprises.com,2311.75,2238.85,2668245024768,77.16122,29.96,0.00059999997,3743.9,2025.0
2004-08-04 00:00:00+05:30,3.92957198013678,2314.95,2213.75,3.9238357543945312,1376164,0.0,0.0,ADANIENT.NS,Adani Enterprises Limited,Thermal Coal,Energy,Mr. Gautambhai Shantilal Adani S.Y. B.Com,"Ahmedabad, India",https://www.adanienterprises.com,2311.75,2238.85,2668245024768,77.16122,29.96,0.00059999997,3743.9,2025.0
2004-08-05 00:00:00+05:30,3.900888442993164,2314.95,2213.75,3.900888442993164,1376164,0.0,0.0,ADANIENT.NS,Adani Enterprises Limited,Thermal Coal,Energy,Mr. Gautambhai Shantilal Adani S.Y. B.Com,"Ahmedabad, India",https://www.adanienterprises.com,2311.75,2238.85,2668245024768,77.16122,29.96,0.00059999997,3743.9,2025.0
2004-08-06 00:00:00+05:30,3.955386887703947,2314.95,2213.75,3.8578646183013916,1376164,0.0,0.0,ADANIENT.NS,Adani Enterprises Limited,Thermal Coal,Energy,Mr. Gautambhai Shantilal Adani S.Y. B.Com,"Ahmedabad, India",https://www.adanienterprises.com,2311.75,2238.85,2668245024768,77.16122,29.96,0.00059999997,3743.9,2025.0
2004-08-09 00:00:00+05:30,3.9008878842432266,2314.95,2213.75,3.67142391204834,1376164,0.0,0.0,ADANIENT.NS,Adani Enterprises Limited,Thermal Coal,Energy,Mr. Gautambhai Shantilal Adani S.Y. B.Com,"Ahmedabad, India",https://www.adanienterprises.com,2311.75,2238.85,2668245024768,77.16122,29.96,0.00059999997,3743.9,2025.0
2004-08-10 00:00:00+05:30,3.7804211229947646,2314.95,2213.75,3.659952163696289,1376164,0.0,0.0,ADANIENT.NS,Adani Enterprises Limited,Thermal Coal,Energy,Mr. Gautambhai Shantilal Adani S.Y. B.Com,"Ahmedabad, India",https://www.adanienterprises.com,2311.75,2238.85,2668245024768,77.16122,29.96,0.00059999997,3743.9,2025.0
2004-08-11 00:00:00+05:30,3.585376044067729,2314.95,2213.75,3.602585792541504,1376164,0.0,0.0,ADANIENT.NS,Adani Enterprises Limited,Thermal Coal,Energy,Mr. Gautambhai Shantilal Adani S.Y. B.Com,"Ahmedabad, India",https://www.adanienterprises.com,2311.75,2238.85,2668245024768,77.16122,29.96,0.00059999997,3743.9,2025.0
2004-08-12 00:00:00+05:30,3.571033841865192,2314.95,2213.75,3.6570825576782227,1376164,0.0,0.0,ADANIENT.NS,Adani Enterprises Limited,Thermal Coal,Energy,Mr. Gautambhai Shantilal Adani S.Y. B.Com,"Ahmedabad, India",https://www.adanienterprises.com,2311.75,2238.85,2668245024768,77.16122,29.96,0.00059999997,3743.9,2025.0
2004-08-13 00:00:00+05:30,3.711581084288371,2314.95,2213.75,3.5997166633605957,1376164,0.0,0.0,ADANIENT.NS,Adani Enterprises Limited,Thermal Coal,Energy,Mr. Gautambhai Shantilal Adani S.Y. B.Com,"Ahmedabad, India",https://www.adanienterprises.com,2311.75,2238.85,2668245024768,77.16122,29.96,0.00059999997,3743.9,2025.0
2004-08-16 00:00:00+05:30,3.657083316680027,2314.95,2213.75,3.596849203109741,1376164,0.0,0.0,ADANIENT.NS,Adani Enterprises Limited,Thermal Coal,Energy,Mr. Gautambhai Shantilal Adani S.Y. B.Com,"Ahmedabad, India",https://www.adanienterprises.com,2311.75,2238.85,2668245024768,77.16122,29.96,0.00059999997,3743.9,2025.0
2004-08-17 00:00:00+05:30,3.642742373177912,2314.95,2213.75,3.6255319118499756,1376164,0.0,0.0,ADANIENT.NS,Adani Enterprises Limited,Thermal Coal,Energy,Mr. Gautambhai Shantilal Adani S.Y. B.Com,"Ahmedabad, India",https://www.adanienterprises.com,2311.75,2238.85,2668245024768,77.16122,29.96,0.00059999997,3743.9,2025.0
2004-08-18 00:00:00+05:30,3.6140593151209277,2314.95,2213.75,3.602585792541504,1376164,0.0,0.0,ADANIENT.NS,Adani Enterprises Limited,Thermal Coal,Energy,Mr. Gautambhai Shantilal Adani S.Y. B.Com,"Ahmedabad, India",https://www.adanienterprises.com,2311.75,2238.85,2668245024768,77.16122,29.96,0.00059999997,3743.9,2025.0
2004-08-19 00:00:00+05:30,3.6025857833063175,2314.95,2213.75,3.5939812660217285,1376164,0.0,0.0,ADANIENT.NS,Adani Enterprises Limited,Thermal Coal,Energy,Mr. Gautambhai Shantilal Adani S.Y. B.Com,"Ahmedabad, India",https://www.adanienterprises.com,2311.75,2238.85,2668245024768,77.16122,29.96,0.00059999997,3743.9,2025.0
2004-08-20 00:00:00+05:30,3.5280100664475063,2314.95,2213.75,3.5710344314575195,1376164,0.0,0.0,ADANIENT.NS,Adani Enterprises Limited,Thermal Coal,Energy,Mr. Gautambhai Shantilal Adani S.Y. B.Com,"Ahmedabad, India",https://www.adanienterprises.com,2311.75,2238.85,2668245024768,77.16122,29.96,0.00059999997,3743.9,2025.0
2004-08-23 00:00:00+05:30,3.728791638419864,2314.95,2213.75,3.548088550567627,1376164,0.0,0.0,ADANIENT.NS,Adani Enterprises Limited,Thermal Coal,Energy,Mr. Gautambhai Shantilal Adani S.Y. B.Com,"Ahmedabad, India",https://www.adanienterprises.com,2311.75,2238.85,2668245024768,77.16122,29.96,0.00059999997,3743.9,2025.0
2004-08-24 00:00:00+05:30,3.608321709974271,2314.95,2213.75,3.5509562492370605,1376164,0.0,0.0,ADANIENT.NS,Adani Enterprises Limited,Thermal Coal,Energy,Mr. Gautambhai Shantilal Adani S.Y. B.Com,"Ahmedabad, India",https://www.adanienterprises.com,2311.75,2238.85,2668245024768,77.16122,29.96,0.00059999997,3743.9,2025.0
2004-08-25 00:00:00+05:30,3.4735126107201486,2314.95,2213.75,3.548088550567627,1376164,0.0,0.0,ADANIENT.NS,Adani Enterprises Limited,Thermal Coal,Energy,Mr. Gautambhai Shantilal Adani S.Y. B.Com,"Ahmedabad, India",https://www.adanienterprises.com,2311.75,2238.85,2668245024768,77.16122,29.96,0.00059999997,3743.9,2025.0
2004-08-26 00:00:00+05:30,3.542350645698368,2314.95,2213.75,3.539482355117798,1376164,0.0,0.0,ADANIENT.NS,Adani Enterprises Limited,Thermal Coal,Energy,Mr. Gautambhai Shantilal Adani S.Y. B.Com,"Ahmedabad, India",https://www.adanienterprises.com,2311.75,2238.85,2668245024768,77.16122,29.96,0.00059999997,3743.9,2025.0
2004-08-27 00:00:00+05:30,3.571034513475779,2314.95,2213.75,3.542351245880127,1376164,0.0,0.0,ADANIENT.NS,Adani Enterprises Limited,Thermal Coal,Energy,Mr. Gautambhai Shantilal Adani S.Y. B.Com,"Ahmedabad, India",https://www.adanienterprises.com,2311.75,2238.85,2668245024768,77.16122,29.96,0.00059999997,3743.9,2025.0
2004-08-30 00:00:00+05:30,3.6599522818737094,2314.95,2213.75,3.548088550567627,1376164,0.0,0.0,ADANIENT.NS,Adani Enterprises Limited,Thermal Coal,Energy,Mr. Gautambhai Shantilal Adani S.Y. B.Com,"Ahmedabad, India",https://www.adanienterprises.com,2311.75,2238.85,2668245024768,77.16122,29.96,0.00059999997,3743.9,2025.0
2004-08-31 00:00:00+05:30,3.6714236533835973,2314.95,2213.75,3.6570825576782227,1376164,0.0,0.0,ADANIENT.NS,Adani Enterprises Limited,Thermal Coal,Energy,Mr. Gautambhai Shantilal Adani S.Y. B.Com,"Ahmedabad, India",https://www.adanienterprises.com,2311.75,2238.85,2668245024768,77.16122,29.96,0.00059999997,3743.9,2025.0
2004-09-01 00:00:00+05:30,3.7230543404526193,2314.95,2213.75,3.562429666519165,1376164,0.0,0.0,ADANIENT.NS,Adani Enterprises Limited,Thermal Coal,Energy,Mr. Gautambhai Shantilal Adani S.Y. B.Com,"Ahmedabad, India",https://www.adanienterprises.com,2311.75,2238.85,2668245024768,77.16122,29.96,0.00059999997,3743.9,2025.0
2004-09-02 00:00:00+05:30,3.6025857144310387,2314.95,2213.75,3.5366146564483643,1376164,0.0,0.0,ADANIENT.NS,Adani Enterprises Limited,Thermal Coal,Energy,Mr. Gautambhai Shantilal Adani S.Y. B.Com,"Ahmedabad, India",https://www.adanienterprises.com,2311.75,2238.85,2668245024768,77.16122,29.96,0.00059999997,3743.9,2025.0
2004-09-03 00:00:00+05:30,3.571035117538325,2314.95,2213.75,3.545220136642456,1376164,0.0,0.0,ADANIENT.NS,Adani Enterprises Limited,Thermal Coal,Energy,Mr. Gautambhai Shantilal Adani S.Y. B.Com,"Ahmedabad, India",https://www.adanienterprises.com,2311.75,2238.85,2668245024768,77.16122,29.96,0.00059999997,3743.9,2025.0
2004-09-06 00:00:00+05:30,3.5767709867812787,2314.95,2213.75,3.545220136642456,1376164,0.0,0.0,ADANIENT.NS,Adani Enterprises Limited,Thermal Coal,Energy,Mr. Gautambhai Shantilal Adani S.Y. B.Com,"Ahmedabad, India",https://www.adanienterprises.com,2311.75,2238.85,2668245024768,77.16122,29.96,0.00059999997,3743.9,2025.0
2004-09-07 00:00:00+05:30,3.5538240355386996,2314.95,2213.75,3.528010129928589,1376164,0.0,0.0,ADANIENT.NS,Adani Enterprises Limited,Thermal Coal,Energy,Mr. Gautambhai Shantilal Adani S.Y. B.Com,"Ahmedabad, India",https://www.adanienterprises.com,2311.75,2238.85,2668245024768,77.16122,29.96,0.00059999997,3743.9,2025.0
2004-09-08 00:00:00+05:30,3.55669211714345,2314.95,2213.75,3.5509562492370605,1376164,0.0,0.0,ADANIENT.NS,Adani Enterprises Limited,Thermal Coal,Energy,Mr. Gautambhai Shantilal Adani S.Y. B.Com,"Ahmedabad, India",https://www.adanienterprises.com,2311.75,2238.85,2668245024768,77.16122,29.96,0.00059999997,3743.9,2025.0
2004-09-09 00:00:00+05:30,3.5509569342826848,2314.95,2213.75,3.525141954421997,1376164,0.0,0.0,ADANIENT.NS,Adani Enterprises Limited,Thermal Coal,Energy,Mr. Gautambhai Shantilal Adani S.Y. B.Com,"Ahmedabad, India",https://www.adanienterprises.com,2311.75,2238.85,2668245024768,77.16122,29.96,0.00059999997,3743.9,2025.0
2004-09-10 00:00:00+05:30,3.5538247769386806,2314.95,2213.75,3.548088550567627,1376164,0.0,0.0,ADANIENT.NS,Adani Enterprises Limited,Thermal Coal,Energy,Mr. Gautambhai Shantilal Adani S.Y. B.Com,"Ahmedabad, India",https://www.adanienterprises.com,2311.75,2238.85,2668245024768,77.16122,29.96,0.00059999997,3743.9,2025.0
2004-09-13 00:00:00+05:30,3.6140595990752464,2314.95,2213.75,3.5337467193603516,1376164,0.0,0.0,ADANIENT.NS,Adani Enterprises Limited,Thermal Coal,Energy,Mr. Gautambhai Shantilal Adani S.Y. B.Com,"Ahmedabad, India",https://www.adanienterprises.com,2311.75,2238.85,2668245024768,77.16122,29.96,0.00059999997,3743.9,2025.0
2004-09-14 00:00:00+05:30,3.553823782985636,2314.95,2213.75,3.519404649734497,1376164,0.0,0.0,ADANIENT.NS,Adani Enterprises Limited,Thermal Coal,Energy,Mr. Gautambhai Shantilal Adani S.Y. B.Com,"Ahmedabad, India",https://www.adanienterprises.com,2311.75,2238.85,2668245024768,77.16122,29.96,0.00059999997,3743.9,2025.0
2004-09-15 00:00:00+05:30,3.5280101906119317,2314.95,2213.75,3.482117176055908,1376164,0.0,0.0,ADANIENT.NS,Adani Enterprises Limited,Thermal Coal,Energy,Mr. Gautambhai Shantilal Adani S.Y. B.Com,"Ahmedabad, India",https://www.adanienterprises.com,2311.75,2238.85,2668245024768,77.16122,29.96,0.00059999997,3743.9,2025.0
2004-09-16 00:00:00+05:30,3.470643786814589,2314.95,2213.75,3.4935901165008545,1376164,0.0,0.0,ADANIENT.NS,Adani Enterprises Limited,Thermal Coal,Energy,Mr. Gautambhai Shantilal Adani S.Y. B.Com,"Ahmedabad, India",https://www.adanienterprises.com,2311.75,2238.85,2668245024768,77.16122,29.96,0.00059999997,3743.9,2025.0
2004-09-17 00:00:00+05:30,3.525141910632022,2314.95,2213.75,3.487853765487671,1376164,0.0,0.0,ADANIENT.NS,Adani Enterprises Limited,Thermal Coal,Energy,Mr. Gautambhai Shantilal Adani S.Y. B.Com,"Ahmedabad, India",https://www.adanienterprises.com,2311.75,2238.85,2668245024768,77.16122,29.96,0.00059999997,3743.9,2025.0
2004-09-20 00:00:00+05:30,3.614058923660348,2314.95,2213.75,3.482117176055908,1376164,0.0,0.0,ADANIENT.NS,Adani Enterprises Limited,Thermal Coal,Energy,Mr. Gautambhai Shantilal Adani S.Y. B.Com,"Ahmedabad, India",https://www.adanienterprises.com,2311.75,2238.85,2668245024768,77.16122,29.96,0.00059999997,3743.9,2025.0
2004-09-21 00:00:00+05:30,3.611190932699336,2314.95,2213.75,3.4247512817382812,1376164,0.0,0.0,ADANIENT.NS,Adani Enterprises Limited,Thermal Coal,Energy,Mr. Gautambhai Shantilal Adani S.Y. B.Com,"Ahmedabad, India",https://www.adanienterprises.com,2311.75,2238.85,2668245024768,77.16122,29.96,0.00059999997,3743.9,2025.0
2004-09-22 00:00:00+05:30,3.4993274211883545,2314.95,2213.75,3.4993274211883545,1376164,0.0,0.0,ADANIENT.NS,Adani Enterprises Limited,Thermal Coal,Energy,Mr. Gautambhai Shantilal Adani S.Y. B.Com,"Ahmedabad, India",https://www.adanienterprises.com,2311.75,2238.85,2668245024768,77.16122,29.96,0.00059999997,3743.9,2025.0
2004-09-23 00:00:00+05:30,3.5337458092540985,2314.95,2213.75,3.4763803482055664,1376164,0.0,0.0,ADANIENT.NS,Adani Enterprises Limited,Thermal Coal,Energy,Mr. Gautambhai Shantilal Adani S.Y. B.Com,"Ahmedabad, India",https://www.adanienterprises.com,2311.75,2238.85,2668245024768,77.16122,29.96,0.00059999997,3743.9,2025.0
2004-09-24 00:00:00+05:30,3.5423518717489335,2314.95,2213.75,3.462038993835449,1376164,0.0,0.0,ADANIENT.NS,Adani Enterprises Limited,Thermal Coal,Energy,Mr. Gautambhai Shantilal Adani S.Y. B.Com,"Ahmedabad, India",https://www.adanienterprises.com,2311.75,2238.85,2668245024768,77.16122,29.96,0.00059999997,3743.9,2025.0
2004-09-27 00:00:00+05:30,3.4964589966211665,2314.95,2213.75,3.487853765487671,1376164,0.0,0.0,ADANIENT.NS,Adani Enterprises Limited,Thermal Coal,Energy,Mr. Gautambhai Shantilal Adani S.Y. B.Com,"Ahmedabad, India",https://www.adanienterprises.com,2311.75,2238.85,2668245024768,77.16122,29.96,0.00059999997,3743.9,2025.0
2004-09-28 00:00:00+05:30,3.5108004597151004,2314.95,2213.75,3.490722417831421,1376164,0.0,0.0,ADANIENT.NS,Adani Enterprises Limited,Thermal Coal,Energy,Mr. Gautambhai Shantilal Adani S.Y. B.Com,"Ahmedabad, India",https://www.adanienterprises.com,2311.75,2238.85,2668245024768,77.16122,29.96,0.00059999997,3743.9,2025.0
2004-09-29 00:00:00+05:30,3.525141542580116,2314.95,2213.75,3.482117176055908,1376164,0.0,0.0,ADANIENT.NS,Adani Enterprises Limited,Thermal Coal,Energy,Mr. Gautambhai Shantilal Adani S.Y. B.Com,"Ahmedabad, India",https://www.adanienterprises.com,2311.75,2238.85,2668245024768,77.16122,29.96,0.00059999997,3743.9,2025.0
2004-09-30 00:00:00+05:30,3.4878534301011035,2314.95,2213.75,3.505063533782959,1376164,0.0,0.0,ADANIENT.NS,Adani Enterprises Limited,Thermal Coal,Energy,Mr. Gautambhai Shantilal Adani S.Y. B.Com,"Ahmedabad, India",https://www.adanienterprises.com,2311.75,2238.85,2668245024768,77.16122,29.96,0.00059999997,3743.9,2025.0
2004-10-01 00:00:00+05:30,3.556692894462856,2314.95,2213.75,3.4993274211883545,1376164,0.0,0.0,ADANIENT.NS,Adani Enterprises Limited,Thermal Coal,Energy,Mr. Gautambhai Shantilal Adani S.Y. B.Com,"Ahmedabad, India",https://www.adanienterprises.com,2311.75,2238.85,2668245024768,77.16122,29.96,0.00059999997,3743.9,2025.0
2004-10-04 00:00:00+05:30,3.5394830272862605,2314.95,2213.75,3.505063533782959,1376164,0.0,0.0,ADANIENT.NS,Adani Enterprises Limited,Thermal Coal,Energy,Mr. Gautambhai Shantilal Adani S.Y. B.Com,"Ahmedabad, India",https://www.adanienterprises.com,2311.75,2238.85,2668245024768,77.16122,29.96,0.00059999997,3743.9,2025.0
2004-10-05 00:00:00+05:30,3.556691578302976,2314.95,2213.75,3.510798931121826,1376164,0.0,0.0,ADANIENT.NS,Adani Enterprises Limited,Thermal Coal,Energy,Mr. Gautambhai Shantilal Adani S.Y. B.Com,"Ahmedabad, India",https://www.adanienterprises.com,2311.75,2238.85,2668245024768,77.16122,29.96,0.00059999997,3743.9,2025.0
2004-10-06 00:00:00+05:30,3.519404858575195,2314.95,2213.75,3.4964585304260254,1376164,0.0,0.0,ADANIENT.NS,Adani Enterprises Limited,Thermal Coal,Energy,Mr. Gautambhai Shantilal Adani S.Y. B.Com,"Ahmedabad, India",https://www.adanienterprises.com,2311.75,2238.85,2668245024768,77.16122,29.96,0.00059999997,3743.9,2025.0
2004-10-07 00:00:00+05:30,3.499326846504399,2314.95,2213.75,3.516536235809326,1376164,0.0,0.0,ADANIENT.NS,Adani Enterprises Limited,Thermal Coal,Energy,Mr. Gautambhai Shantilal Adani S.Y. B.Com,"Ahmedabad, India",https://www.adanienterprises.com,2311.75,2238.85,2668245024768,77.16122,29.96,0.00059999997,3743.9,2025.0
2004-10-08 00:00:00+05:30,3.5280093876749987,2314.95,2213.75,3.510798931121826,1376164,0.0,0.0,ADANIENT.NS,Adani Enterprises Limited,Thermal Coal,Energy,Mr. Gautambhai Shantilal Adani S.Y. B.Com,"Ahmedabad, India",https://www.adanienterprises.com,2311.75,2238.85,2668245024768,77.16122,29.96,0.00059999997,3743.9,2025.0
2004-10-11 00:00:00+05:30,3.579637775893164,2314.95,2213.75,3.5079305171966553,1376164,0.0,0.0,ADANIENT.NS,Adani Enterprises Limited,Thermal Coal,Energy,Mr. Gautambhai Shantilal Adani S.Y. B.Com,"Ahmedabad, India",https://www.adanienterprises.com,2311.75,2238.85,2668245024768,77.16122,29.96,0.00059999997,3743.9,2025.0
2004-10-12 00:00:00+05:30,3.556691453110281,2314.95,2213.75,3.5079305171966553,1376164,0.0,0.0,ADANIENT.NS,Adani Enterprises Limited,Thermal Coal,Energy,Mr. Gautambhai Shantilal Adani S.Y. B.Com,"Ahmedabad, India",https://www.adanienterprises.com,2311.75,2238.85,2668245024768,77.16122,29.96,0.00059999997,3743.9,2025.0
2004-10-14 00:00:00+05:30,3.4735118702215226,2314.95,2213.75,3.516536235809326,1376164,0.0,0.0,ADANIENT.NS,Adani Enterprises Limited,Thermal Coal,Energy,Mr. Gautambhai Shantilal Adani S.Y. B.Com,"Ahmedabad, India",https://www.adanienterprises.com,2311.75,2238.85,2668245024768,77.16122,29.96,0.00059999997,3743.9,2025.0
2004-10-15 00:00:00+05:30,3.444829525563585,2314.95,2213.75,3.4993274211883545,1376164,0.0,0.0,ADANIENT.NS,Adani Enterprises Limited,Thermal Coal,Energy,Mr. Gautambhai Shantilal Adani S.Y. B.Com,"Ahmedabad, India",https://www.adanienterprises.com,2311.75,2238.85,2668245024768,77.16122,29.96,0.00059999997,3743.9,2025.0
2004-10-18 00:00:00+05:30,3.44196110204078,2314.95,2213.75,3.490722417831421,1376164,0.0,0.0,ADANIENT.NS,Adani Enterprises Limited,Thermal Coal,Energy,Mr. Gautambhai Shantilal Adani S.Y. B.Com,"Ahmedabad, India",https://www.adanienterprises.com,2311.75,2238.85,2668245024768,77.16122,29.96,0.00059999997,3743.9,2025.0
2004-10-19 00:00:00+05:30,3.4677754956038056,2314.95,2213.75,3.4935901165008545,1376164,0.0,0.0,ADANIENT.NS,Adani Enterprises Limited,Thermal Coal,Energy,Mr. Gautambhai Shantilal Adani S.Y. B.Com,"Ahmedabad, India",https://www.adanienterprises.com,2311.75,2238.85,2668245024768,77.16122,29.96,0.00059999997,3743.9,2025.0
2004-10-20 00:00:00+05:30,3.507931572554771,2314.95,2213.75,3.4935901165008545,1376164,0.0,0.0,ADANIENT.NS,Adani Enterprises Limited,Thermal Coal,Energy,Mr. Gautambhai Shantilal Adani S.Y. B.Com,"Ahmedabad, India",https://www.adanienterprises.com,2311.75,2238.85,2668245024768,77.16122,29.96,0.00059999997,3743.9,2025.0
2004-10-21 00:00:00+05:30,3.4735119458208645,2314.95,2213.75,3.482117176055908,1376164,0.0,0.0,ADANIENT.NS,Adani Enterprises Limited,Thermal Coal,Energy,Mr. Gautambhai Shantilal Adani S.Y. B.Com,"Ahmedabad, India",https://www.adanienterprises.com,2311.75,2238.85,2668245024768,77.16122,29.96,0.00059999997,3743.9,2025.0
2004-10-22 00:00:00+05:30,3.4821171760559078,2314.95,2213.75,3.482117176055908,1376164,0.0,0.0,ADANIENT.NS,Adani Enterprises Limited,Thermal Coal,Energy,Mr. Gautambhai Shantilal Adani S.Y. B.Com,"Ahmedabad, India",https://www.adanienterprises.com,2311.75,2238.85,2668245024768,77.16122,29.96,0.00059999997,3743.9,2025.0
2004-10-25 00:00:00+05:30,3.499327106572229,2314.95,2213.75,3.4362246990203857,1376164,0.0,0.0,ADANIENT.NS,Adani Enterprises Limited,Thermal Coal,Energy,Mr. Gautambhai Shantilal Adani S.Y. B.Com,"Ahmedabad, India",https://www.adanienterprises.com,2311.75,2238.85,2668245024768,77.16122,29.96,0.00059999997,3743.9,2025.0
2004-10-26 00:00:00+05:30,3.45343411726655,2314.95,2213.75,3.4591710567474365,1376164,0.0,0.0,ADANIENT.NS,Adani Enterprises Limited,Thermal Coal,Energy,Mr. Gautambhai Shantilal Adani S.Y. B.Com,"Ahmedabad, India",https://www.adanienterprises.com,2311.75,2238.85,2668245024768,77.16122,29.96,0.00059999997,3743.9,2025.0
2004-10-27 00:00:00+05:30,3.4935907095290895,2314.95,2213.75,3.490722417831421,1376164,0.0,0.0,ADANIENT.NS,Adani Enterprises Limited,Thermal Coal,Energy,Mr. Gautambhai Shantilal Adani S.Y. B.Com,"Ahmedabad, India",https://www.adanienterprises.com,2311.75,2238.85,2668245024768,77.16122,29.96,0.00059999997,3743.9,2025.0
2004-10-28 00:00:00+05:30,3.5280103248906842,2314.95,2213.75,3.4935901165008545,1376164,0.0,0.0,ADANIENT.NS,Adani Enterprises Limited,Thermal Coal,Energy,Mr. Gautambhai Shantilal Adani S.Y. B.Com,"Ahmedabad, India",https://www.adanienterprises.com,2311.75,2238.85,2668245024768,77.16122,29.96,0.00059999997,3743.9,2025.0
2004-10-29 00:00:00+05:30,3.413277475756771,2314.95,2213.75,3.482117176055908,1376164,0.0,0.0,ADANIENT.NS,Adani Enterprises Limited,Thermal Coal,Energy,Mr. Gautambhai Shantilal Adani S.Y. B.Com,"Ahmedabad, India",https://www.adanienterprises.com,2311.75,2238.85,2668245024768,77.16122,29.96,0.00059999997,3743.9,2025.0
2004-11-01 00:00:00+05:30,3.556692584696822,2314.95,2213.75,3.444829225540161,1376164,0.0,0.0,ADANIENT.NS,Adani Enterprises Limited,Thermal Coal,Energy,Mr. Gautambhai Shantilal Adani S.Y. B.Com,"Ahmedabad, India",https://www.adanienterprises.com,2311.75,2238.85,2668245024768,77.16122,29.96,0.00059999997,3743.9,2025.0
2004-11-02 00:00:00+05:30,3.4649074356221283,2314.95,2213.75,3.490722417831421,1376164,0.0,0.0,ADANIENT.NS,Adani Enterprises Limited,Thermal Coal,Energy,Mr. Gautambhai Shantilal Adani S.Y. B.Com,"Ahmedabad, India",https://www.adanienterprises.com,2311.75,2238.85,2668245024768,77.16122,29.96,0.00059999997,3743.9,2025.0
2004-11-03 00:00:00+05:30,3.5394836595659314,2314.95,2213.75,3.5337467193603516,1376164,0.0,0.0,ADANIENT.NS,Adani Enterprises Limited,Thermal Coal,Energy,Mr. Gautambhai Shantilal Adani S.Y. B.Com,"Ahmedabad, India",https://www.adanienterprises.com,2311.75,2238.85,2668245024768,77.16122,29.96,0.00059999997,3743.9,2025.0
2004-11-04 00:00:00+05:30,3.556692050268361,2314.95,2213.75,3.502194881439209,1376164,0.0,0.0,ADANIENT.NS,Adani Enterprises Limited,Thermal Coal,Energy,Mr. Gautambhai Shantilal Adani S.Y. B.Com,"Ahmedabad, India",https://www.adanienterprises.com,2311.75,2238.85,2668245024768,77.16122,29.96,0.00059999997,3743.9,2025.0
2004-11-05 00:00:00+05:30,3.5423512891897992,2314.95,2213.75,3.482117176055908,1376164,0.0,0.0,ADANIENT.NS,Adani Enterprises Limited,Thermal Coal,Energy,Mr. Gautambhai Shantilal Adani S.Y. B.Com,"Ahmedabad, India",https://www.adanienterprises.com,2311.75,2238.85,2668245024768,77.16122,29.96,0.00059999997,3743.9,2025.0
2004-11-08 00:00:00+05:30,3.513668154976337,2314.95,2213.75,3.4935901165008545,1376164,0.0,0.0,ADANIENT.NS,Adani Enterprises Limited,Thermal Coal,Energy,Mr. Gautambhai Shantilal Adani S.Y. B.Com,"Ahmedabad, India",https://www.adanienterprises.com,2311.75,2238.85,2668245024768,77.16122,29.96,0.00059999997,3743.9,2025.0
2004-11-09 00:00:00+05:30,3.548088237755627,2314.95,2213.75,3.484985113143921,1376164,0.0,0.0,ADANIENT.NS,Adani Enterprises Limited,Thermal Coal,Energy,Mr. Gautambhai Shantilal Adani S.Y. B.Com,"Ahmedabad, India",https://www.adanienterprises.com,2311.75,2238.85,2668245024768,77.16122,29.96,0.00059999997,3743.9,2025.0
2004-11-10 00:00:00+05:30,3.525142275133719,2314.95,2213.75,3.490722417831421,1376164,0.0,0.0,ADANIENT.NS,Adani Enterprises Limited,Thermal Coal,Energy,Mr. Gautambhai Shantilal Adani S.Y. B.Com,"Ahmedabad, India",https://www.adanienterprises.com,2311.75,2238.85,2668245024768,77.16122,29.96,0.00059999997,3743.9,2025.0
2004-11-11 00:00:00+05:30,3.5050631409464126,2314.95,2213.75,3.479248523712158,1376164,0.0,0.0,ADANIENT.NS,Adani Enterprises Limited,Thermal Coal,Energy,Mr. Gautambhai Shantilal Adani S.Y. B.Com,"Ahmedabad, India",https://www.adanienterprises.com,2311.75,2238.85,2668245024768,77.16122,29.96,0.00059999997,3743.9,2025.0
2004-11-12 00:00:00+05:30,3.522273063659668,2314.95,2213.75,3.522273063659668,1376164,0.0,0.0,ADANIENT.NS,Adani Enterprises Limited,Thermal Coal,Energy,Mr. Gautambhai Shantilal Adani S.Y. B.Com,"Ahmedabad, India",https://www.adanienterprises.com,2311.75,2238.85,2668245024768,77.16122,29.96,0.00059999997,3743.9,2025.0
2004-11-15 00:00:00+05:30,3.522273063659668,2314.95,2213.75,3.522273063659668,1376164,0.0,0.0,ADANIENT.NS,Adani Enterprises Limited,Thermal Coal,Energy,Mr. Gautambhai Shantilal Adani S.Y. B.Com,"Ahmedabad, India",https://www.adanienterprises.com,2311.75,2238.85,2668245024768,77.16122,29.96,0.00059999997,3743.9,2025.0
2004-11-16 00:00:00+05:30,3.591112969787228,2314.95,2213.75,3.487853765487671,1376164,0.0,0.0,ADANIENT.NS,Adani Enterprises Limited,Thermal Coal,Energy,Mr. Gautambhai Shantilal Adani S.Y. B.Com,"Ahmedabad, India",https://www.adanienterprises.com,2311.75,2238.85,2668245024768,77.16122,29.96,0.00059999997,3743.9,2025.0
2004-11-17 00:00:00+05:30,3.5107994820626147,2314.95,2213.75,3.4763803482055664,1376164,0.0,0.0,ADANIENT.NS,Adani Enterprises Limited,Thermal Coal,Energy,Mr. Gautambhai Shantilal Adani S.Y. B.Com,"Ahmedabad, India",https://www.adanienterprises.com,2311.75,2238.85,2668245024768,77.16122,29.96,0.00059999997,3743.9,2025.0
2004-11-18 00:00:00+05:30,3.493589719867893,2314.95,2213.75,3.4649064540863037,1376164,0.0,0.0,ADANIENT.NS,Adani Enterprises Limited,Thermal Coal,Energy,Mr. Gautambhai Shantilal Adani S.Y. B.Com,"Ahmedabad, India",https://www.adanienterprises.com,2311.75,2238.85,2668245024768,77.16122,29.96,0.00059999997,3743.9,2025.0
2004-11-19 00:00:00+05:30,3.487853039193412,2314.95,2213.75,3.479248523712158,1376164,0.0,0.0,ADANIENT.NS,Adani Enterprises Limited,Thermal Coal,Energy,Mr. Gautambhai Shantilal Adani S.Y. B.Com,"Ahmedabad, India",https://www.adanienterprises.com,2311.75,2238.85,2668245024768,77.16122,29.96,0.00059999997,3743.9,2025.0
2004-11-22 00:00:00+05:30,3.447697457128323,2314.95,2213.75,3.4935901165008545,1376164,0.0,0.0,ADANIENT.NS,Adani Enterprises Limited,Thermal Coal,Energy,Mr. Gautambhai Shantilal Adani S.Y. B.Com,"Ahmedabad, India",https://www.adanienterprises.com,2311.75,2238.85,2668245024768,77.16122,29.96,0.00059999997,3743.9,2025.0
2004-11-23 00:00:00+05:30,3.553824096666053,2314.95,2213.75,3.482117176055908,1376164,0.0,0.0,ADANIENT.NS,Adani Enterprises Limited,Thermal Coal,Energy,Mr. Gautambhai Shantilal Adani S.Y. B.Com,"Ahmedabad, India",https://www.adanienterprises.com,2311.75,2238.85,2668245024768,77.16122,29.96,0.00059999997,3743.9,2025.0
2004-11-24 00:00:00+05:30,3.533746058954756,2314.95,2213.75,3.482117176055908,1376164,0.0,0.0,ADANIENT.NS,Adani Enterprises Limited,Thermal Coal,Energy,Mr. Gautambhai Shantilal Adani S.Y. B.Com,"Ahmedabad, India",https://www.adanienterprises.com,2311.75,2238.85,2668245024768,77.16122,29.96,0.00059999997,3743.9,2025.0
2004-11-25 00:00:00+05:30,3.582507690432004,2314.95,2213.75,3.447697639465332,1376164,0.0,0.0,ADANIENT.NS,Adani Enterprises Limited,Thermal Coal,Energy,Mr. Gautambhai Shantilal Adani S.Y. B.Com,"Ahmedabad, India",https://www.adanienterprises.com,2311.75,2238.85,2668245024768,77.16122,29.96,0.00059999997,3743.9,2025.0
2004-11-26 00:00:00+05:30,3.447697639465332,2314.95,2213.75,3.447697639465332,1376164,0.0,0.0,ADANIENT.NS,Adani Enterprises Limited,Thermal Coal,Energy,Mr. Gautambhai Shantilal Adani S.Y. B.Com,"Ahmedabad, India",https://www.adanienterprises.com,2311.75,2238.85,2668245024768,77.16122,29.96,0.00059999997,3743.9,2025.0
2004-11-29 00:00:00+05:30,3.525142122309013,2314.95,2213.75,3.462038993835449,1376164,0.0,0.0,ADANIENT.NS,Adani Enterprises Limited,Thermal Coal,Energy,Mr. Gautambhai Shantilal Adani S.Y. B.Com,"Ahmedabad, India",https://www.adanienterprises.com,2311.75,2238.85,2668245024768,77.16122,29.96,0.00059999997,3743.9,2025.0
2004-11-30 00:00:00+05:30,3.528010554901384,2314.95,2213.75,3.484985113143921,1376164,0.0,0.0,ADANIENT.NS,Adani Enterprises Limited,Thermal Coal,Energy,Mr. Gautambhai Shantilal Adani S.Y. B.Com,"Ahmedabad, India",https://www.adanienterprises.com,2311.75,2238.85,2668245024768,77.16122,29.96,0.00059999997,3743.9,2025.0
2004-12-01 00:00:00+05:30,3.522273615175579,2314.95,2213.75,3.484985113143921,1376164,0.0,0.0,ADANIENT.NS,Adani Enterprises Limited,Thermal Coal,Energy,Mr. Gautambhai Shantilal Adani S.Y. B.Com,"Ahmedabad, India",https://www.adanienterprises.com,2311.75,2238.85,2668245024768,77.16122,29.96,0.00059999997,3743.9,2025.0
2004-12-02 00:00:00+05:30,3.52227267600074,2314.95,2213.75,4.0844597816467285,1376164,0.0,0.0,ADANIENT.NS,Adani Enterprises Limited,Thermal Coal,Energy,Mr. Gautambhai Shantilal Adani S.Y. B.Com,"Ahmedabad, India",https://www.adanienterprises.com,2311.75,2238.85,2668245024768,77.16122,29.96,0.00059999997,3743.9,2025.0
2004-12-03 00:00:00+05:30,4.302449768874132,2314.95,2213.75,4.73269510269165,1376164,0.0,0.0,ADANIENT.NS,Adani Enterprises Limited,Thermal Coal,Energy,Mr. Gautambhai Shantilal Adani S.Y. B.Com,"Ahmedabad, India",https://www.adanienterprises.com,2311.75,2238.85,2668245024768,77.16122,29.96,0.00059999997,3743.9,2025.0
2004-12-06 00:00:00+05:30,4.807271520160245,2314.95,2213.75,4.465943813323975,1376164,0.0,0.0,ADANIENT.NS,Adani Enterprises Limited,Thermal Coal,Energy,Mr. Gautambhai Shantilal Adani S.Y. B.Com,"Ahmedabad, India",https://www.adanienterprises.com,2311.75,2238.85,2668245024768,77.16122,29.96,0.00059999997,3743.9,2025.0
2004-12-07 00:00:00+05:30,4.511837607982304,2314.95,2213.75,4.3024516105651855,1376164,0.0,0.0,ADANIENT.NS,Adani Enterprises Limited,Thermal Coal,Energy,Mr. Gautambhai Shantilal Adani S.Y. B.Com,"Ahmedabad, India",https://www.adanienterprises.com,2311.75,2238.85,2668245024768,77.16122,29.96,0.00059999997,3743.9,2025.0
2004-12-08 00:00:00+05:30,4.273767371417013,2314.95,2213.75,4.377026557922363,1376164,0.0,0.0,ADANIENT.NS,Adani Enterprises Limited,Thermal Coal,Energy,Mr. Gautambhai Shantilal Adani S.Y. B.Com,"Ahmedabad, India",https://www.adanienterprises.com,2311.75,2238.85,2668245024768,77.16122,29.96,0.00059999997,3743.9,2025.0
2004-12-09 00:00:00+05:30,4.474548624397277,2314.95,2213.75,4.247952938079834,1376164,0.0,0.0,ADANIENT.NS,Adani Enterprises Limited,Thermal Coal,Energy,Mr. Gautambhai Shantilal Adani S.Y. B.Com,"Ahmedabad, India",https://www.adanienterprises.com,2311.75,2238.85,2668245024768,77.16122,29.96,0.00059999997,3743.9,2025.0
2004-12-10 00:00:00+05:30,4.285240920637387,2314.95,2213.75,4.2192702293396,1376164,0.0,0.0,ADANIENT.NS,Adani Enterprises Limited,Thermal Coal,Energy,Mr. Gautambhai Shantilal Adani S.Y. B.Com,"Ahmedabad, India",https://www.adanienterprises.com,2311.75,2238.85,2668245024768,77.16122,29.96,0.00059999997,3743.9,2025.0
2004-12-13 00:00:00+05:30,4.273767832907032,2314.95,2213.75,4.3741583824157715,1376164,0.0,0.0,ADANIENT.NS,Adani Enterprises Limited,Thermal Coal,Energy,Mr. Gautambhai Shantilal Adani S.Y. B.Com,"Ahmedabad, India",https://www.adanienterprises.com,2311.75,2238.85,2668245024768,77.16122,29.96,0.00059999997,3743.9,2025.0
2004-12-14 00:00:00+05:30,4.434393069835837,2314.95,2213.75,4.3569488525390625,1376164,0.0,0.0,ADANIENT.NS,Adani Enterprises Limited,Thermal Coal,Energy,Mr. Gautambhai Shantilal Adani S.Y. B.Com,"Ahmedabad, India",https://www.adanienterprises.com,2311.75,2238.85,2668245024768,77.16122,29.96,0.00059999997,3743.9,2025.0
2004-12-15 00:00:00+05:30,4.4171824516551865,2314.95,2213.75,4.247952938079834,1376164,0.0,0.0,ADANIENT.NS,Adani Enterprises Limited,Thermal Coal,Energy,Mr. Gautambhai Shantilal Adani S.Y. B.Com,"Ahmedabad, India",https://www.adanienterprises.com,2311.75,2238.85,2668245024768,77.16122,29.96,0.00059999997,3743.9,2025.0
2004-12-16 00:00:00+05:30,4.2938471588346765,2314.95,2213.75,4.3626861572265625,1376164,0.0,0.0,ADANIENT.NS,Adani Enterprises Limited,Thermal Coal,Energy,Mr. Gautambhai Shantilal Adani S.Y. B.Com,"Ahmedabad, India",https://www.adanienterprises.com,2311.75,2238.85,2668245024768,77.16122,29.96,0.00059999997,3743.9,2025.0
2004-12-17 00:00:00+05:30,4.216401537995516,2314.95,2213.75,4.276635646820068,1376164,0.0,0.0,ADANIENT.NS,Adani Enterprises Limited,Thermal Coal,Energy,Mr. Gautambhai Shantilal Adani S.Y. B.Com,"Ahmedabad, India",https://www.adanienterprises.com,2311.75,2238.85,2668245024768,77.16122,29.96,0.00059999997,3743.9,2025.0
2004-12-20 00:00:00+05:30,4.245084803889765,2314.95,2213.75,4.276635646820068,1376164,0.0,0.0,ADANIENT.NS,Adani Enterprises Limited,Thermal Coal,Energy,Mr. Gautambhai Shantilal Adani S.Y. B.Com,"Ahmedabad, India",https://www.adanienterprises.com,2311.75,2238.85,2668245024768,77.16122,29.96,0.00059999997,3743.9,2025.0
2004-12-21 00:00:00+05:30,4.130352981139731,2314.95,2213.75,4.411446571350098,1376164,0.0,0.0,ADANIENT.NS,Adani Enterprises Limited,Thermal Coal,Energy,Mr. Gautambhai Shantilal Adani S.Y. B.Com,"Ahmedabad, India",https://www.adanienterprises.com,2311.75,2238.85,2668245024768,77.16122,29.96,0.00059999997,3743.9,2025.0
2004-12-22 00:00:00+05:30,4.451602987624303,2314.95,2213.75,4.299582481384277,1376164,0.0,0.0,ADANIENT.NS,Adani Enterprises Limited,Thermal Coal,Energy,Mr. Gautambhai Shantilal Adani S.Y. B.Com,"Ahmedabad, India",https://www.adanienterprises.com,2311.75,2238.85,2668245024768,77.16122,29.96,0.00059999997,3743.9,2025.0
2004-12-23 00:00:00+05:30,4.342606061048844,2314.95,2213.75,4.336870193481445,1376164,0.0,0.0,ADANIENT.NS,Adani Enterprises Limited,Thermal Coal,Energy,Mr. Gautambhai Shantilal Adani S.Y. B.Com,"Ahmedabad, India",https://www.adanienterprises.com,2311.75,2238.85,2668245024768,77.16122,29.96,0.00059999997,3743.9,2025.0
2004-12-24 00:00:00+05:30,4.359817840581806,2314.95,2213.75,4.339739799499512,1376164,0.0,0.0,ADANIENT.NS,Adani Enterprises Limited,Thermal Coal,Energy,Mr. Gautambhai Shantilal Adani S.Y. B.Com,"Ahmedabad, India",https://www.adanienterprises.com,2311.75,2238.85,2668245024768,77.16122,29.96,0.00059999997,3743.9,2025.0
2004-12-27 00:00:00+05:30,4.417182740411151,2314.95,2213.75,4.551992416381836,1376164,0.0,0.0,ADANIENT.NS,Adani Enterprises Limited,Thermal Coal,Energy,Mr. Gautambhai Shantilal Adani S.Y. B.Com,"Ahmedabad, India",https://www.adanienterprises.com,2311.75,2238.85,2668245024768,77.16122,29.96,0.00059999997,3743.9,2025.0
2004-12-28 00:00:00+05:30,4.543388621198222,2314.95,2213.75,4.460207462310791,1376164,0.0,0.0,ADANIENT.NS,Adani Enterprises Limited,Thermal Coal,Energy,Mr. Gautambhai Shantilal Adani S.Y. B.Com,"Ahmedabad, India",https://www.adanienterprises.com,2311.75,2238.85,2668245024768,77.16122,29.96,0.00059999997,3743.9,2025.0
2004-12-29 00:00:00+05:30,4.503231878264772,2314.95,2213.75,4.414313793182373,1376164,0.0,0.0,ADANIENT.NS,Adani Enterprises Limited,Thermal Coal,Energy,Mr. Gautambhai Shantilal Adani S.Y. B.Com,"Ahmedabad, India",https://www.adanienterprises.com,2311.75,2238.85,2668245024768,77.16122,29.96,0.00059999997,3743.9,2025.0
2004-12-30 00:00:00+05:30,4.486021963503975,2314.95,2213.75,4.365553379058838,1376164,0.0,0.0,ADANIENT.NS,Adani Enterprises Limited,Thermal Coal,Energy,Mr. Gautambhai Shantilal Adani S.Y. B.Com,"Ahmedabad, India",https://www.adanienterprises.com,2311.75,2238.85,2668245024768,77.16122,29.96,0.00059999997,3743.9,2025.0
2004-12-31 00:00:00+05:30,4.411446216259087,2314.95,2213.75,4.414313793182373,1376164,0.0,0.0,ADANIENT.NS,Adani Enterprises Limited,Thermal Coal,Energy,Mr. Gautambhai Shantilal Adani S.Y. B.Com,"Ahmedabad, India",https://www.adanienterprises.com,2311.75,2238.85,2668245024768,77.16122,29.96,0.00059999997,3743.9,2025.0
2005-01-03 00:00:00+05:30,4.463075637817383,2314.95,2213.75,4.463075637817383,1376164,0.0,0.0,ADANIENT.NS,Adani Enterprises Limited,Thermal Coal,Energy,Mr. Gautambhai Shantilal Adani S.Y. B.Com,"Ahmedabad, India",https://www.adanienterprises.com,2311.75,2238.85,2668245024768,77.16122,29.96,0.00059999997,3743.9,2025.0
2005-01-04 00:00:00+05:30,4.5233102884949234,2314.95,2213.75,4.420051097869873,1376164,0.0,0.0,ADANIENT.NS,Adani Enterprises Limited,Thermal Coal,Energy,Mr. Gautambhai Shantilal Adani S.Y. B.Com,"Ahmedabad, India",https://www.adanienterprises.com,2311.75,2238.85,2668245024768,77.16122,29.96,0.00059999997,3743.9,2025.0
2005-01-05 00:00:00+05:30,4.161904800082528,2314.95,2213.75,4.262295722961426,1376164,0.0,0.0,ADANIENT.NS,Adani Enterprises Limited,Thermal Coal,Energy,Mr. Gautambhai Shantilal Adani S.Y. B.Com,"Ahmedabad, India",https://www.adanienterprises.com,2311.75,2238.85,2668245024768,77.16122,29.96,0.00059999997,3743.9,2025.0
2005-01-06 00:00:00+05:30,4.245083744004821,2314.95,2213.75,4.20492696762085,1376164,0.0,0.0,ADANIENT.NS,Adani Enterprises Limited,Thermal Coal,Energy,Mr. Gautambhai Shantilal Adani S.Y. B.Com,"Ahmedabad, India",https://www.adanienterprises.com,2311.75,2238.85,2668245024768,77.16122,29.96,0.00059999997,3743.9,2025.0
2005-01-07 00:00:00+05:30,4.187719040529313,2314.95,2213.75,4.230743408203125,1376164,0.0,0.0,ADANIENT.NS,Adani Enterprises Limited,Thermal Coal,Energy,Mr. Gautambhai Shantilal Adani S.Y. B.Com,"Ahmedabad, India",https://www.adanienterprises.com,2311.75,2238.85,2668245024768,77.16122,29.96,0.00059999997,3743.9,2025.0
2005-01-10 00:00:00+05:30,4.245084803889765,2314.95,2213.75,4.276635646820068,1376164,0.0,0.0,ADANIENT.NS,Adani Enterprises Limited,Thermal Coal,Energy,Mr. Gautambhai Shantilal Adani S.Y. B.Com,"Ahmedabad, India",https://www.adanienterprises.com,2311.75,2238.85,2668245024768,77.16122,29.96,0.00059999997,3743.9,2025.0
2005-01-11 00:00:00+05:30,4.302450491426606,2314.95,2213.75,4.181981563568115,1376164,0.0,0.0,ADANIENT.NS,Adani Enterprises Limited,Thermal Coal,Energy,Mr. Gautambhai Shantilal Adani S.Y. B.Com,"Ahmedabad, India",https://www.adanienterprises.com,2311.75,2238.85,2668245024768,77.16122,29.96,0.00059999997,3743.9,2025.0
2005-01-12 00:00:00+05:30,4.250821447187589,2314.95,2213.75,4.038567543029785,1376164,0.0,0.0,ADANIENT.NS,Adani Enterprises Limited,Thermal Coal,Energy,Mr. Gautambhai Shantilal Adani S.Y. B.Com,"Ahmedabad, India",https://www.adanienterprises.com,2311.75,2238.85,2668245024768,77.16122,29.96,0.00059999997,3743.9,2025.0
2005-01-13 00:00:00+05:30,4.113142389909723,2314.95,2213.75,4.21640157699585,1376164,0.0,0.0,ADANIENT.NS,Adani Enterprises Limited,Thermal Coal,Energy,Mr. Gautambhai Shantilal Adani S.Y. B.Com,"Ahmedabad, India",https://www.adanienterprises.com,2311.75,2238.85,2668245024768,77.16122,29.96,0.00059999997,3743.9,2025.0
2005-01-14 00:00:00+05:30,4.273766473618385,2314.95,2213.75,4.16763973236084,1376164,0.0,0.0,ADANIENT.NS,Adani Enterprises Limited,Thermal Coal,Energy,Mr. Gautambhai Shantilal Adani S.Y. B.Com,"Ahmedabad, India",https://www.adanienterprises.com,2311.75,2238.85,2668245024768,77.16122,29.96,0.00059999997,3743.9,2025.0
2005-01-17 00:00:00+05:30,4.204927789421174,2314.95,2213.75,4.110273838043213,1376164,0.0,0.0,ADANIENT.NS,Adani Enterprises Limited,Thermal Coal,Energy,Mr. Gautambhai Shantilal Adani S.Y. B.Com,"Ahmedabad, India",https://www.adanienterprises.com,2311.75,2238.85,2668245024768,77.16122,29.96,0.00059999997,3743.9,2025.0
2005-01-18 00:00:00+05:30,4.179113918767315,2314.95,2213.75,4.133220195770264,1376164,0.0,0.0,ADANIENT.NS,Adani Enterprises Limited,Thermal Coal,Energy,Mr. Gautambhai Shantilal Adani S.Y. B.Com,"Ahmedabad, India",https://www.adanienterprises.com,2311.75,2238.85,2668245024768,77.16122,29.96,0.00059999997,3743.9,2025.0
2005-01-19 00:00:00+05:30,4.130352954641332,2314.95,2213.75,4.116011142730713,1376164,0.0,0.0,ADANIENT.NS,Adani Enterprises Limited,Thermal Coal,Energy,Mr. Gautambhai Shantilal Adani S.Y. B.Com,"Ahmedabad, India",https://www.adanienterprises.com,2311.75,2238.85,2668245024768,77.16122,29.96,0.00059999997,3743.9,2025.0
2005-01-20 00:00:00+05:30,4.116011704798412,2314.95,2213.75,4.0873284339904785,1376164,0.0,0.0,ADANIENT.NS,Adani Enterprises Limited,Thermal Coal,Energy,Mr. Gautambhai Shantilal Adani S.Y. B.Com,"Ahmedabad, India",https://www.adanienterprises.com,2311.75,2238.85,2668245024768,77.16122,29.96,0.00059999997,3743.9,2025.0
2005-01-24 00:00:00+05:30,4.072986767415385,2314.95,2213.75,4.1074066162109375,1376164,0.0,0.0,ADANIENT.NS,Adani Enterprises Limited,Thermal Coal,Energy,Mr. Gautambhai Shantilal Adani S.Y. B.Com,"Ahmedabad, India",https://www.adanienterprises.com,2311.75,2238.85,2668245024768,77.16122,29.96,0.00059999997,3743.9,2025.0
2005-01-25 00:00:00+05:30,4.159035497078798,2314.95,2213.75,4.1074066162109375,1376164,0.0,0.0,ADANIENT.NS,Adani Enterprises Limited,Thermal Coal,Energy,Mr. Gautambhai Shantilal Adani S.Y. B.Com,"Ahmedabad, India",https://www.adanienterprises.com,2311.75,2238.85,2668245024768,77.16122,29.96,0.00059999997,3743.9,2025.0
2005-01-27 00:00:00+05:30,4.144694549655876,2314.95,2213.75,4.225007057189941,1376164,0.0,0.0,ADANIENT.NS,Adani Enterprises Limited,Thermal Coal,Energy,Mr. Gautambhai Shantilal Adani S.Y. B.Com,"Ahmedabad, India",https://www.adanienterprises.com,2311.75,2238.85,2668245024768,77.16122,29.96,0.00059999997,3743.9,2025.0
2005-01-28 00:00:00+05:30,4.2708996992128485,2314.95,2213.75,4.305318832397461,1376164,0.0,0.0,ADANIENT.NS,Adani Enterprises Limited,Thermal Coal,Energy,Mr. Gautambhai Shantilal Adani S.Y. B.Com,"Ahmedabad, India",https://www.adanienterprises.com,2311.75,2238.85,2668245024768,77.16122,29.96,0.00059999997,3743.9,2025.0
2005-01-31 00:00:00+05:30,4.371290264479099,2314.95,2213.75,4.319660663604736,1376164,0.0,0.0,ADANIENT.NS,Adani Enterprises Limited,Thermal Coal,Energy,Mr. Gautambhai Shantilal Adani S.Y. B.Com,"Ahmedabad, India",https://www.adanienterprises.com,2311.75,2238.85,2668245024768,77.16122,29.96,0.00059999997,3743.9,2025.0
2005-02-01 00:00:00+05:30,4.319660010266177,2314.95,2213.75,4.276635646820068,1376164,0.0,0.0,ADANIENT.NS,Adani Enterprises Limited,Thermal Coal,Energy,Mr. Gautambhai Shantilal Adani S.Y. B.Com,"Ahmedabad, India",https://www.adanienterprises.com,2311.75,2238.85,2668245024768,77.16122,29.96,0.00059999997,3743.9,2025.0
2005-02-02 00:00:00+05:30,4.336871507916327,2314.95,2213.75,4.339739799499512,1376164,0.0,0.0,ADANIENT.NS,Adani Enterprises Limited,Thermal Coal,Energy,Mr. Gautambhai Shantilal Adani S.Y. B.Com,"Ahmedabad, India",https://www.adanienterprises.com,2311.75,2238.85,2668245024768,77.16122,29.96,0.00059999997,3743.9,2025.0
2005-02-03 00:00:00+05:30,4.399973276831044,2314.95,2213.75,4.402841567993164,1376164,0.0,0.0,ADANIENT.NS,Adani Enterprises Limited,Thermal Coal,Energy,Mr. Gautambhai Shantilal Adani S.Y. B.Com,"Ahmedabad, India",https://www.adanienterprises.com,2311.75,2238.85,2668245024768,77.16122,29.96,0.00059999997,3743.9,2025.0
2005-02-04 00:00:00+05:30,4.526178887682471,2314.95,2213.75,4.3741583824157715,1376164,0.0,0.0,ADANIENT.NS,Adani Enterprises Limited,Thermal Coal,Energy,Mr. Gautambhai Shantilal Adani S.Y. B.Com,"Ahmedabad, India",https://www.adanienterprises.com,2311.75,2238.85,2668245024768,77.16122,29.96,0.00059999997,3743.9,2025.0
2005-02-07 00:00:00+05:30,4.374158663802392,2314.95,2213.75,4.308187961578369,1376164,0.0,0.0,ADANIENT.NS,Adani Enterprises Limited,Thermal Coal,Energy,Mr. Gautambhai Shantilal Adani S.Y. B.Com,"Ahmedabad, India",https://www.adanienterprises.com,2311.75,2238.85,2668245024768,77.16122,29.96,0.00059999997,3743.9,2025.0
2005-02-08 00:00:00+05:30,4.308186879494939,2314.95,2213.75,4.554860591888428,1376164,0.0,0.0,ADANIENT.NS,Adani Enterprises Limited,Thermal Coal,Energy,Mr. Gautambhai Shantilal Adani S.Y. B.Com,"Ahmedabad, India",https://www.adanienterprises.com,2311.75,2238.85,2668245024768,77.16122,29.96,0.00059999997,3743.9,2025.0
2005-02-09 00:00:00+05:30,4.597885267097949,2314.95,2213.75,4.609358787536621,1376164,0.0,0.0,ADANIENT.NS,Adani Enterprises Limited,Thermal Coal,Energy,Mr. Gautambhai Shantilal Adani S.Y. B.Com,"Ahmedabad, India",https://www.adanienterprises.com,2311.75,2238.85,2668245024768,77.16122,29.96,0.00059999997,3743.9,2025.0
2005-02-10 00:00:00+05:30,4.66098838837524,2314.95,2213.75,4.526178359985352,1376164,0.0,0.0,ADANIENT.NS,Adani Enterprises Limited,Thermal Coal,Energy,Mr. Gautambhai Shantilal Adani S.Y. B.Com,"Ahmedabad, India",https://www.adanienterprises.com,2311.75,2238.85,2668245024768,77.16122,29.96,0.00059999997,3743.9,2025.0
2005-02-11 00:00:00+05:30,4.546256784291772,2314.95,2213.75,4.454471111297607,1376164,0.0,0.0,ADANIENT.NS,Adani Enterprises Limited,Thermal Coal,Energy,Mr. Gautambhai Shantilal Adani S.Y. B.Com,"Ahmedabad, India",https://www.adanienterprises.com,2311.75,2238.85,2668245024768,77.16122,29.96,0.00059999997,3743.9,2025.0
2005-02-14 00:00:00+05:30,4.523310119146617,2314.95,2213.75,4.474548816680908,1376164,0.0,0.0,ADANIENT.NS,Adani Enterprises Limited,Thermal Coal,Energy,Mr. Gautambhai Shantilal Adani S.Y. B.Com,"Ahmedabad, India",https://www.adanienterprises.com,2311.75,2238.85,2668245024768,77.16122,29.96,0.00059999997,3743.9,2025.0
2005-02-15 00:00:00+05:30,4.463075624152509,2314.95,2213.75,4.3569488525390625,1376164,0.0,0.0,ADANIENT.NS,Adani Enterprises Limited,Thermal Coal,Energy,Mr. Gautambhai Shantilal Adani S.Y. B.Com,"Ahmedabad, India",https://www.adanienterprises.com,2311.75,2238.85,2668245024768,77.16122,29.96,0.00059999997,3743.9,2025.0
2005-02-16 00:00:00+05:30,4.388500097743669,2314.95,2213.75,4.391368389129639,1376164,0.0,0.0,ADANIENT.NS,Adani Enterprises Limited,Thermal Coal,Energy,Mr. Gautambhai Shantilal Adani S.Y. B.Com,"Ahmedabad, India",https://www.adanienterprises.com,2311.75,2238.85,2668245024768,77.16122,29.96,0.00059999997,3743.9,2025.0
2005-02-17 00:00:00+05:30,4.021357470012755,2314.95,2213.75,4.354080677032471,1376164,0.0,0.0,ADANIENT.NS,Adani Enterprises Limited,Thermal Coal,Energy,Mr. Gautambhai Shantilal Adani S.Y. B.Com,"Ahmedabad, India",https://www.adanienterprises.com,2311.75,2238.85,2668245024768,77.16122,29.96,0.00059999997,3743.9,2025.0
2005-02-18 00:00:00+05:30,4.411446942999464,2314.95,2213.75,4.325397491455078,1376164,0.0,0.0,ADANIENT.NS,Adani Enterprises Limited,Thermal Coal,Energy,Mr. Gautambhai Shantilal Adani S.Y. B.Com,"Ahmedabad, India",https://www.adanienterprises.com,2311.75,2238.85,2668245024768,77.16122,29.96,0.00059999997,3743.9,2025.0
2005-02-21 00:00:00+05:30,4.210665132536649,2314.95,2213.75,4.322528839111328,1376164,0.0,0.0,ADANIENT.NS,Adani Enterprises Limited,Thermal Coal,Energy,Mr. Gautambhai Shantilal Adani S.Y. B.Com,"Ahmedabad, India",https://www.adanienterprises.com,2311.75,2238.85,2668245024768,77.16122,29.96,0.00059999997,3743.9,2025.0
2005-02-22 00:00:00+05:30,4.411446574483996,2314.95,2213.75,4.322528839111328,1376164,0.0,0.0,ADANIENT.NS,Adani Enterprises Limited,Thermal Coal,Energy,Mr. Gautambhai Shantilal Adani S.Y. B.Com,"Ahmedabad, India",https://www.adanienterprises.com,2311.75,2238.85,2668245024768,77.16122,29.96,0.00059999997,3743.9,2025.0
2005-02-23 00:00:00+05:30,4.359817428605414,2314.95,2213.75,4.2967143058776855,1376164,0.0,0.0,ADANIENT.NS,Adani Enterprises Limited,Thermal Coal,Energy,Mr. Gautambhai Shantilal Adani S.Y. B.Com,"Ahmedabad, India",https://www.adanienterprises.com,2311.75,2238.85,2668245024768,77.16122,29.96,0.00059999997,3743.9,2025.0
2005-02-24 00:00:00+05:30,4.302452102262485,2314.95,2213.75,4.316793918609619,1376164,0.0,0.0,ADANIENT.NS,Adani Enterprises Limited,Thermal Coal,Energy,Mr. Gautambhai Shantilal Adani S.Y. B.Com,"Ahmedabad, India",https://www.adanienterprises.com,2311.75,2238.85,2668245024768,77.16122,29.96,0.00059999997,3743.9,2025.0
2005-02-25 00:00:00+05:30,4.359817563727408,2314.95,2213.75,4.308187961578369,1376164,0.0,0.0,ADANIENT.NS,Adani Enterprises Limited,Thermal Coal,Energy,Mr. Gautambhai Shantilal Adani S.Y. B.Com,"Ahmedabad, India",https://www.adanienterprises.com,2311.75,2238.85,2668245024768,77.16122,29.96,0.00059999997,3743.9,2025.0
2005-02-28 00:00:00+05:30,4.371289989885585,2314.95,2213.75,4.388499736785889,1376164,0.0,0.0,ADANIENT.NS,Adani Enterprises Limited,Thermal Coal,Energy,Mr. Gautambhai Shantilal Adani S.Y. B.Com,"Ahmedabad, India",https://www.adanienterprises.com,2311.75,2238.85,2668245024768,77.16122,29.96,0.00059999997,3743.9,2025.0
2005-03-01 00:00:00+05:30,4.460206661075224,2314.95,2213.75,4.3139238357543945,1376164,0.0,0.0,ADANIENT.NS,Adani Enterprises Limited,Thermal Coal,Energy,Mr. Gautambhai Shantilal Adani S.Y. B.Com,"Ahmedabad, India",https://www.adanienterprises.com,2311.75,2238.85,2668245024768,77.16122,29.96,0.00059999997,3743.9,2025.0
2005-03-02 00:00:00+05:30,4.331133712160904,2314.95,2213.75,4.322528839111328,1376164,0.0,0.0,ADANIENT.NS,Adani Enterprises Limited,Thermal Coal,Energy,Mr. Gautambhai Shantilal Adani S.Y. B.Com,"Ahmedabad, India",https://www.adanienterprises.com,2311.75,2238.85,2668245024768,77.16122,29.96,0.00059999997,3743.9,2025.0
2005-03-03 00:00:00+05:30,4.417182595107924,2314.95,2213.75,4.3512115478515625,1376164,0.0,0.0,ADANIENT.NS,Adani Enterprises Limited,Thermal Coal,Energy,Mr. Gautambhai Shantilal Adani S.Y. B.Com,"Ahmedabad, India",https://www.adanienterprises.com,2311.75,2238.85,2668245024768,77.16122,29.96,0.00059999997,3743.9,2025.0
2005-03-04 00:00:00+05:30,4.440129498630557,2314.95,2213.75,4.325397491455078,1376164,0.0,0.0,ADANIENT.NS,Adani Enterprises Limited,Thermal Coal,Energy,Mr. Gautambhai Shantilal Adani S.Y. B.Com,"Ahmedabad, India",https://www.adanienterprises.com,2311.75,2238.85,2668245024768,77.16122,29.96,0.00059999997,3743.9,2025.0
2005-03-07 00:00:00+05:30,4.474549466227825,2314.95,2213.75,4.319660663604736,1376164,0.0,0.0,ADANIENT.NS,Adani Enterprises Limited,Thermal Coal,Energy,Mr. Gautambhai Shantilal Adani S.Y. B.Com,"Ahmedabad, India",https://www.adanienterprises.com,2311.75,2238.85,2668245024768,77.16122,29.96,0.00059999997,3743.9,2025.0
2005-03-08 00:00:00+05:30,4.377027176478306,2314.95,2213.75,4.2967143058776855,1376164,0.0,0.0,ADANIENT.NS,Adani Enterprises Limited,Thermal Coal,Energy,Mr. Gautambhai Shantilal Adani S.Y. B.Com,"Ahmedabad, India",https://www.adanienterprises.com,2311.75,2238.85,2668245024768,77.16122,29.96,0.00059999997,3743.9,2025.0
2005-03-09 00:00:00+05:30,4.316793853954025,2314.95,2213.75,4.253690719604492,1376164,0.0,0.0,ADANIENT.NS,Adani Enterprises Limited,Thermal Coal,Energy,Mr. Gautambhai Shantilal Adani S.Y. B.Com,"Ahmedabad, India",https://www.adanienterprises.com,2311.75,2238.85,2668245024768,77.16122,29.96,0.00059999997,3743.9,2025.0
2005-03-10 00:00:00+05:30,4.26516229291433,2314.95,2213.75,4.227873802185059,1376164,0.0,0.0,ADANIENT.NS,Adani Enterprises Limited,Thermal Coal,Energy,Mr. Gautambhai Shantilal Adani S.Y. B.Com,"Ahmedabad, India",https://www.adanienterprises.com,2311.75,2238.85,2668245024768,77.16122,29.96,0.00059999997,3743.9,2025.0
2005-03-11 00:00:00+05:30,4.302450887025296,2314.95,2213.75,4.202060699462891,1376164,0.0,0.0,ADANIENT.NS,Adani Enterprises Limited,Thermal Coal,Energy,Mr. Gautambhai Shantilal Adani S.Y. B.Com,"Ahmedabad, India",https://www.adanienterprises.com,2311.75,2238.85,2668245024768,77.16122,29.96,0.00059999997,3743.9,2025.0
2005-03-14 00:00:00+05:30,4.230743329192393,2314.95,2213.75,4.3569488525390625,1376164,0.0,0.0,ADANIENT.NS,Adani Enterprises Limited,Thermal Coal,Energy,Mr. Gautambhai Shantilal Adani S.Y. B.Com,"Ahmedabad, India",https://www.adanienterprises.com,2311.75,2238.85,2668245024768,77.16122,29.96,0.00059999997,3743.9,2025.0
2005-03-15 00:00:00+05:30,4.41144774541024,2314.95,2213.75,4.279505252838135,1376164,0.0,0.0,ADANIENT.NS,Adani Enterprises Limited,Thermal Coal,Energy,Mr. Gautambhai Shantilal Adani S.Y. B.Com,"Ahmedabad, India",https://www.adanienterprises.com,2311.75,2238.85,2668245024768,77.16122,29.96,0.00059999997,3743.9,2025.0
2005-03-16 00:00:00+05:30,4.015621093540891,2314.95,2213.75,4.225007057189941,1376164,0.0,0.0,ADANIENT.NS,Adani Enterprises Limited,Thermal Coal,Energy,Mr. Gautambhai Shantilal Adani S.Y. B.Com,"Ahmedabad, India",https://www.adanienterprises.com,2311.75,2238.85,2668245024768,77.16122,29.96,0.00059999997,3743.9,2025.0
2005-03-17 00:00:00+05:30,4.13322165830705,2314.95,2213.75,4.279505252838135,1376164,0.0,0.0,ADANIENT.NS,Adani Enterprises Limited,Thermal Coal,Energy,Mr. Gautambhai Shantilal Adani S.Y. B.Com,"Ahmedabad, India",https://www.adanienterprises.com,2311.75,2238.85,2668245024768,77.16122,29.96,0.00059999997,3743.9,2025.0
2005-03-18 00:00:00+05:30,4.325397024780333,2314.95,2213.75,4.061513900756836,1376164,0.0,0.0,ADANIENT.NS,Adani Enterprises Limited,Thermal Coal,Energy,Mr. Gautambhai Shantilal Adani S.Y. B.Com,"Ahmedabad, India",https://www.adanienterprises.com,2311.75,2238.85,2668245024768,77.16122,29.96,0.00059999997,3743.9,2025.0
2005-03-21 00:00:00+05:30,4.12174735793674,2314.95,2213.75,4.110273838043213,1376164,0.0,0.0,ADANIENT.NS,Adani Enterprises Limited,Thermal Coal,Energy,Mr. Gautambhai Shantilal Adani S.Y. B.Com,"Ahmedabad, India",https://www.adanienterprises.com,2311.75,2238.85,2668245024768,77.16122,29.96,0.00059999997,3743.9,2025.0
2005-03-22 00:00:00+05:30,4.015621244759175,2314.95,2213.75,3.966860294342041,1376164,0.0,0.0,ADANIENT.NS,Adani Enterprises Limited,Thermal Coal,Energy,Mr. Gautambhai Shantilal Adani S.Y. B.Com,"Ahmedabad, India",https://www.adanienterprises.com,2311.75,2238.85,2668245024768,77.16122,29.96,0.00059999997,3743.9,2025.0
2005-03-23 00:00:00+05:30,3.9008884515459026,2314.95,2213.75,3.811971426010132,1376164,0.0,0.0,ADANIENT.NS,Adani Enterprises Limited,Thermal Coal,Energy,Mr. Gautambhai Shantilal Adani S.Y. B.Com,"Ahmedabad, India",https://www.adanienterprises.com,2311.75,2238.85,2668245024768,77.16122,29.96,0.00059999997,3743.9,2025.0
2005-03-24 00:00:00+05:30,3.9295718934572683,2314.95,2213.75,3.556692600250244,1376164,0.0,0.0,ADANIENT.NS,Adani Enterprises Limited,Thermal Coal,Energy,Mr. Gautambhai Shantilal Adani S.Y. B.Com,"Ahmedabad, India",https://www.adanienterprises.com,2311.75,2238.85,2668245024768,77.16122,29.96,0.00059999997,3743.9,2025.0
2005-03-28 00:00:00+05:30,3.7115818317306233,2314.95,2213.75,3.717318058013916,1376164,0.0,0.0,ADANIENT.NS,Adani Enterprises Limited,Thermal Coal,Energy,Mr. Gautambhai Shantilal Adani S.Y. B.Com,"Ahmedabad, India",https://www.adanienterprises.com,2311.75,2238.85,2668245024768,77.16122,29.96,0.00059999997,3743.9,2025.0
2005-03-29 00:00:00+05:30,3.757473927091768,2314.95,2213.75,3.4763803482055664,1376164,0.0,0.0,ADANIENT.NS,Adani Enterprises Limited,Thermal Coal,Energy,Mr. Gautambhai Shantilal Adani S.Y. B.Com,"Ahmedabad, India",https://www.adanienterprises.com,2311.75,2238.85,2668245024768,77.16122,29.96,0.00059999997,3743.9,2025.0
2005-03-30 00:00:00+05:30,3.5480881550455456,2314.95,2213.75,3.4161460399627686,1376164,0.0,0.0,ADANIENT.NS,Adani Enterprises Limited,Thermal Coal,Energy,Mr. Gautambhai Shantilal Adani S.Y. B.Com,"Ahmedabad, India",https://www.adanienterprises.com,2311.75,2238.85,2668245024768,77.16122,29.96,0.00059999997,3743.9,2025.0
2005-03-31 00:00:00+05:30,3.430487632751465,2314.95,2213.75,3.430487632751465,1376164,0.0,0.0,ADANIENT.NS,Adani Enterprises Limited,Thermal Coal,Energy,Mr. Gautambhai Shantilal Adani S.Y. B.Com,"Ahmedabad, India",https://www.adanienterprises.com,2311.75,2238.85,2668245024768,77.16122,29.96,0.00059999997,3743.9,2025.0
2005-04-01 00:00:00+05:30,3.4993272409201595,2314.95,2213.75,3.447697639465332,1376164,0.0,0.0,ADANIENT.NS,Adani Enterprises Limited,Thermal Coal,Energy,Mr. Gautambhai Shantilal Adani S.Y. B.Com,"Ahmedabad, India",https://www.adanienterprises.com,2311.75,2238.85,2668245024768,77.16122,29.96,0.00059999997,3743.9,2025.0
2005-04-04 00:00:00+05:30,3.496458560802046,2314.95,2213.75,3.427619218826294,1376164,0.0,0.0,ADANIENT.NS,Adani Enterprises Limited,Thermal Coal,Energy,Mr. Gautambhai Shantilal Adani S.Y. B.Com,"Ahmedabad, India",https://www.adanienterprises.com,2311.75,2238.85,2668245024768,77.16122,29.96,0.00059999997,3743.9,2025.0
2005-04-05 00:00:00+05:30,3.4649062556749857,2314.95,2213.75,3.407540798187256,1376164,0.0,0.0,ADANIENT.NS,Adani Enterprises Limited,Thermal Coal,Energy,Mr. Gautambhai Shantilal Adani S.Y. B.Com,"Ahmedabad, India",https://www.adanienterprises.com,2311.75,2238.85,2668245024768,77.16122,29.96,0.00059999997,3743.9,2025.0
2005-04-06 00:00:00+05:30,3.456302598477332,2314.95,2213.75,3.421882390975952,1376164,0.0,0.0,ADANIENT.NS,Adani Enterprises Limited,Thermal Coal,Energy,Mr. Gautambhai Shantilal Adani S.Y. B.Com,"Ahmedabad, India",https://www.adanienterprises.com,2311.75,2238.85,2668245024768,77.16122,29.96,0.00059999997,3743.9,2025.0
2005-04-07 00:00:00+05:30,3.3559112552815034,2314.95,2213.75,3.614058494567871,1376164,0.0,0.0,ADANIENT.NS,Adani Enterprises Limited,Thermal Coal,Energy,Mr. Gautambhai Shantilal Adani S.Y. B.Com,"Ahmedabad, India",https://www.adanienterprises.com,2311.75,2238.85,2668245024768,77.16122,29.96,0.00059999997,3743.9,2025.0
2005-04-08 00:00:00+05:30,3.6771606709079645,2314.95,2213.75,3.711580514907837,1376164,0.0,0.0,ADANIENT.NS,Adani Enterprises Limited,Thermal Coal,Energy,Mr. Gautambhai Shantilal Adani S.Y. B.Com,"Ahmedabad, India",https://www.adanienterprises.com,2311.75,2238.85,2668245024768,77.16122,29.96,0.00059999997,3743.9,2025.0
2005-04-11 00:00:00+05:30,3.711580724442328,2314.95,2213.75,3.6054532527923584,1376164,0.0,0.0,ADANIENT.NS,Adani Enterprises Limited,Thermal Coal,Energy,Mr. Gautambhai Shantilal Adani S.Y. B.Com,"Ahmedabad, India",https://www.adanienterprises.com,2311.75,2238.85,2668245024768,77.16122,29.96,0.00059999997,3743.9,2025.0
2005-04-12 00:00:00+05:30,3.654214930533116,2314.95,2213.75,3.616927146911621,1376164,0.0,0.0,ADANIENT.NS,Adani Enterprises Limited,Thermal Coal,Energy,Mr. Gautambhai Shantilal Adani S.Y. B.Com,"Ahmedabad, India",https://www.adanienterprises.com,2311.75,2238.85,2668245024768,77.16122,29.96,0.00059999997,3743.9,2025.0
2005-04-13 00:00:00+05:30,3.6140584819757318,2314.95,2213.75,3.6054532527923584,1376164,0.0,0.0,ADANIENT.NS,Adani Enterprises Limited,Thermal Coal,Energy,Mr. Gautambhai Shantilal Adani S.Y. B.Com,"Ahmedabad, India",https://www.adanienterprises.com,2311.75,2238.85,2668245024768,77.16122,29.96,0.00059999997,3743.9,2025.0
2005-04-15 00:00:00+05:30,3.5997167839868336,2314.95,2213.75,3.505063533782959,1376164,0.0,0.0,ADANIENT.NS,Adani Enterprises Limited,Thermal Coal,Energy,Mr. Gautambhai Shantilal Adani S.Y. B.Com,"Ahmedabad, India",https://www.adanienterprises.com,2311.75,2238.85,2668245024768,77.16122,29.96,0.00059999997,3743.9,2025.0
2005-04-18 00:00:00+05:30,3.384595229490829,2314.95,2213.75,3.447697639465332,1376164,0.0,0.0,ADANIENT.NS,Adani Enterprises Limited,Thermal Coal,Energy,Mr. Gautambhai Shantilal Adani S.Y. B.Com,"Ahmedabad, India",https://www.adanienterprises.com,2311.75,2238.85,2668245024768,77.16122,29.96,0.00059999997,3743.9,2025.0
2005-04-19 00:00:00+05:30,3.522273413744875,2314.95,2213.75,3.4190142154693604,1376164,0.0,0.0,ADANIENT.NS,Adani Enterprises Limited,Thermal Coal,Energy,Mr. Gautambhai Shantilal Adani S.Y. B.Com,"Ahmedabad, India",https://www.adanienterprises.com,2311.75,2238.85,2668245024768,77.16122,29.96,0.00059999997,3743.9,2025.0
2005-04-20 00:00:00+05:30,3.496458453829242,2314.95,2213.75,3.439091920852661,1376164,0.0,0.0,ADANIENT.NS,Adani Enterprises Limited,Thermal Coal,Energy,Mr. Gautambhai Shantilal Adani S.Y. B.Com,"Ahmedabad, India",https://www.adanienterprises.com,2311.75,2238.85,2668245024768,77.16122,29.96,0.00059999997,3743.9,2025.0
2005-04-21 00:00:00+05:30,3.4419605676646574,2314.95,2213.75,3.4362246990203857,1376164,0.0,0.0,ADANIENT.NS,Adani Enterprises Limited,Thermal Coal,Energy,Mr. Gautambhai Shantilal Adani S.Y. B.Com,"Ahmedabad, India",https://www.adanienterprises.com,2311.75,2238.85,2668245024768,77.16122,29.96,0.00059999997,3743.9,2025.0
2005-04-22 00:00:00+05:30,3.4993269771930735,2314.95,2213.75,3.430487632751465,1376164,0.0,0.0,ADANIENT.NS,Adani Enterprises Limited,Thermal Coal,Energy,Mr. Gautambhai Shantilal Adani S.Y. B.Com,"Ahmedabad, India",https://www.adanienterprises.com,2311.75,2238.85,2668245024768,77.16122,29.96,0.00059999997,3743.9,2025.0
2005-04-25 00:00:00+05:30,3.4706431940469287,2314.95,2213.75,3.407540798187256,1376164,0.0,0.0,ADANIENT.NS,Adani Enterprises Limited,Thermal Coal,Energy,Mr. Gautambhai Shantilal Adani S.Y. B.Com,"Ahmedabad, India",https://www.adanienterprises.com,2311.75,2238.85,2668245024768,77.16122,29.96,0.00059999997,3743.9,2025.0
2005-04-26 00:00:00+05:30,3.4390922541056255,2314.95,2213.75,3.4190142154693604,1376164,0.0,0.0,ADANIENT.NS,Adani Enterprises Limited,Thermal Coal,Energy,Mr. Gautambhai Shantilal Adani S.Y. B.Com,"Ahmedabad, India",https://www.adanienterprises.com,2311.75,2238.85,2668245024768,77.16122,29.96,0.00059999997,3743.9,2025.0
2005-04-27 00:00:00+05:30,3.4706435543280185,2314.95,2213.75,3.4964585304260254,1376164,0.0,0.0,ADANIENT.NS,Adani Enterprises Limited,Thermal Coal,Energy,Mr. Gautambhai Shantilal Adani S.Y. B.Com,"Ahmedabad, India",https://www.adanienterprises.com,2311.75,2238.85,2668245024768,77.16122,29.96,0.00059999997,3743.9,2025.0
2005-04-28 00:00:00+05:30,3.4964588153198726,2314.95,2213.75,3.4362246990203857,1376164,0.0,0.0,ADANIENT.NS,Adani Enterprises Limited,Thermal Coal,Energy,Mr. Gautambhai Shantilal Adani S.Y. B.Com,"Ahmedabad, India",https://www.adanienterprises.com,2311.75,2238.85,2668245024768,77.16122,29.96,0.00059999997,3743.9,2025.0
2005-04-29 00:00:00+05:30,3.4362240623263527,2314.95,2213.75,3.407540798187256,1376164,0.0,0.0,ADANIENT.NS,Adani Enterprises Limited,Thermal Coal,Energy,Mr. Gautambhai Shantilal Adani S.Y. B.Com,"Ahmedabad, India",https://www.adanienterprises.com,2311.75,2238.85,2668245024768,77.16122,29.96,0.00059999997,3743.9,2025.0
2005-05-02 00:00:00+05:30,3.3960678577423096,2314.95,2213.75,3.3960678577423096,1376164,0.0,0.0,ADANIENT.NS,Adani Enterprises Limited,Thermal Coal,Energy,Mr. Gautambhai Shantilal Adani S.Y. B.Com,"Ahmedabad, India",https://www.adanienterprises.com,2311.75,2238.85,2668245024768,77.16122,29.96,0.00059999997,3743.9,2025.0
2005-05-03 00:00:00+05:30,3.4304871239544097,2314.95,2213.75,3.407540798187256,1376164,0.0,0.0,ADANIENT.NS,Adani Enterprises Limited,Thermal Coal,Energy,Mr. Gautambhai Shantilal Adani S.Y. B.Com,"Ahmedabad, India",https://www.adanienterprises.com,2311.75,2238.85,2668245024768,77.16122,29.96,0.00059999997,3743.9,2025.0
2005-05-04 00:00:00+05:30,3.4132780370890075,2314.95,2213.75,3.462038993835449,1376164,0.0,0.0,ADANIENT.NS,Adani Enterprises Limited,Thermal Coal,Energy,Mr. Gautambhai Shantilal Adani S.Y. B.Com,"Ahmedabad, India",https://www.adanienterprises.com,2311.75,2238.85,2668245024768,77.16122,29.96,0.00059999997,3743.9,2025.0
2005-05-05 00:00:00+05:30,3.4677754956038056,2314.95,2213.75,3.4935901165008545,1376164,0.0,0.0,ADANIENT.NS,Adani Enterprises Limited,Thermal Coal,Energy,Mr. Gautambhai Shantilal Adani S.Y. B.Com,"Ahmedabad, India",https://www.adanienterprises.com,2311.75,2238.85,2668245024768,77.16122,29.96,0.00059999997,3743.9,2025.0
2005-05-06 00:00:00+05:30,3.49932667539705,2314.95,2213.75,3.4763803482055664,1376164,0.0,0.0,ADANIENT.NS,Adani Enterprises Limited,Thermal Coal,Energy,Mr. Gautambhai Shantilal Adani S.Y. B.Com,"Ahmedabad, India",https://www.adanienterprises.com,2311.75,2238.85,2668245024768,77.16122,29.96,0.00059999997,3743.9,2025.0
2005-05-09 00:00:00+05:30,3.4993269480181213,2314.95,2213.75,3.596849203109741,1376164,0.0,0.0,ADANIENT.NS,Adani Enterprises Limited,Thermal Coal,Energy,Mr. Gautambhai Shantilal Adani S.Y. B.Com,"Ahmedabad, India",https://www.adanienterprises.com,2311.75,2238.85,2668245024768,77.16122,29.96,0.00059999997,3743.9,2025.0
2005-05-10 00:00:00+05:30,3.6370048079843054,2314.95,2213.75,3.6054532527923584,1376164,0.0,0.0,ADANIENT.NS,Adani Enterprises Limited,Thermal Coal,Energy,Mr. Gautambhai Shantilal Adani S.Y. B.Com,"Ahmedabad, India",https://www.adanienterprises.com,2311.75,2238.85,2668245024768,77.16122,29.96,0.00059999997,3743.9,2025.0
2005-05-11 00:00:00+05:30,3.642741759108685,2314.95,2213.75,3.614058494567871,1376164,0.0,0.0,ADANIENT.NS,Adani Enterprises Limited,Thermal Coal,Energy,Mr. Gautambhai Shantilal Adani S.Y. B.Com,"Ahmedabad, India",https://www.adanienterprises.com,2311.75,2238.85,2668245024768,77.16122,29.96,0.00059999997,3743.9,2025.0
2005-05-12 00:00:00+05:30,3.6283998396571993,2314.95,2213.75,3.5308775901794434,1376164,0.0,0.0,ADANIENT.NS,Adani Enterprises Limited,Thermal Coal,Energy,Mr. Gautambhai Shantilal Adani S.Y. B.Com,"Ahmedabad, India",https://www.adanienterprises.com,2311.75,2238.85,2668245024768,77.16122,29.96,0.00059999997,3743.9,2025.0
2005-05-13 00:00:00+05:30,3.5308781824264086,2314.95,2213.75,3.6312687397003174,1376164,0.0,0.0,ADANIENT.NS,Adani Enterprises Limited,Thermal Coal,Energy,Mr. Gautambhai Shantilal Adani S.Y. B.Com,"Ahmedabad, India",https://www.adanienterprises.com,2311.75,2238.85,2668245024768,77.16122,29.96,0.00059999997,3743.9,2025.0
2005-05-16 00:00:00+05:30,3.6771611314341692,2314.95,2213.75,3.7029757499694824,1376164,0.0,0.0,ADANIENT.NS,Adani Enterprises Limited,Thermal Coal,Energy,Mr. Gautambhai Shantilal Adani S.Y. B.Com,"Ahmedabad, India",https://www.adanienterprises.com,2311.75,2238.85,2668245024768,77.16122,29.96,0.00059999997,3743.9,2025.0
2005-05-17 00:00:00+05:30,3.728790468948758,2314.95,2213.75,3.6054532527923584,1376164,0.0,0.0,ADANIENT.NS,Adani Enterprises Limited,Thermal Coal,Energy,Mr. Gautambhai Shantilal Adani S.Y. B.Com,"Ahmedabad, India",https://www.adanienterprises.com,2311.75,2238.85,2668245024768,77.16122,29.96,0.00059999997,3743.9,2025.0
2005-05-18 00:00:00+05:30,3.61979552123086,2314.95,2213.75,3.7775518894195557,1376164,0.0,0.0,ADANIENT.NS,Adani Enterprises Limited,Thermal Coal,Energy,Mr. Gautambhai Shantilal Adani S.Y. B.Com,"Ahmedabad, India",https://www.adanienterprises.com,2311.75,2238.85,2668245024768,77.16122,29.96,0.00059999997,3743.9,2025.0
2005-05-19 00:00:00+05:30,3.8291813737403504,2314.95,2213.75,3.7832887172698975,1376164,0.0,0.0,ADANIENT.NS,Adani Enterprises Limited,Thermal Coal,Energy,Mr. Gautambhai Shantilal Adani S.Y. B.Com,"Ahmedabad, India",https://www.adanienterprises.com,2311.75,2238.85,2668245024768,77.16122,29.96,0.00059999997,3743.9,2025.0
2005-05-20 00:00:00+05:30,3.786155544578829,2314.95,2213.75,3.7603416442871094,1376164,0.0,0.0,ADANIENT.NS,Adani Enterprises Limited,Thermal Coal,Energy,Mr. Gautambhai Shantilal Adani S.Y. B.Com,"Ahmedabad, India",https://www.adanienterprises.com,2311.75,2238.85,2668245024768,77.16122,29.96,0.00059999997,3743.9,2025.0
2005-05-23 00:00:00+05:30,3.771815079746788,2314.95,2213.75,3.786156177520752,1376164,0.0,0.0,ADANIENT.NS,Adani Enterprises Limited,Thermal Coal,Energy,Mr. Gautambhai Shantilal Adani S.Y. B.Com,"Ahmedabad, India",https://www.adanienterprises.com,2311.75,2238.85,2668245024768,77.16122,29.96,0.00059999997,3743.9,2025.0
2005-05-24 00:00:00+05:30,3.797629166167711,2314.95,2213.75,3.748868227005005,1376164,0.0,0.0,ADANIENT.NS,Adani Enterprises Limited,Thermal Coal,Energy,Mr. Gautambhai Shantilal Adani S.Y. B.Com,"Ahmedabad, India",https://www.adanienterprises.com,2311.75,2238.85,2668245024768,77.16122,29.96,0.00059999997,3743.9,2025.0
2005-05-25 00:00:00+05:30,3.77468424707975,2314.95,2213.75,3.717318058013916,1376164,0.0,0.0,ADANIENT.NS,Adani Enterprises Limited,Thermal Coal,Energy,Mr. Gautambhai Shantilal Adani S.Y. B.Com,"Ahmedabad, India",https://www.adanienterprises.com,2311.75,2238.85,2668245024768,77.16122,29.96,0.00059999997,3743.9,2025.0
2005-05-26 00:00:00+05:30,3.677161315284338,2314.95,2213.75,3.754605531692505,1376164,0.0,0.0,ADANIENT.NS,Adani Enterprises Limited,Thermal Coal,Energy,Mr. Gautambhai Shantilal Adani S.Y. B.Com,"Ahmedabad, India",https://www.adanienterprises.com,2311.75,2238.85,2668245024768,77.16122,29.96,0.00059999997,3743.9,2025.0
2005-05-27 00:00:00+05:30,3.797629252901806,2314.95,2213.75,3.725921630859375,1376164,0.0,0.0,ADANIENT.NS,Adani Enterprises Limited,Thermal Coal,Energy,Mr. Gautambhai Shantilal Adani S.Y. B.Com,"Ahmedabad, India",https://www.adanienterprises.com,2311.75,2238.85,2668245024768,77.16122,29.96,0.00059999997,3743.9,2025.0
2005-05-30 00:00:00+05:30,3.757474845626178,2314.95,2213.75,3.7087135314941406,1376164,0.0,0.0,ADANIENT.NS,Adani Enterprises Limited,Thermal Coal,Energy,Mr. Gautambhai Shantilal Adani S.Y. B.Com,"Ahmedabad, India",https://www.adanienterprises.com,2311.75,2238.85,2668245024768,77.16122,29.96,0.00059999997,3743.9,2025.0
2005-05-31 00:00:00+05:30,3.671423790152571,2314.95,2213.75,3.6685562133789062,1376164,0.0,0.0,ADANIENT.NS,Adani Enterprises Limited,Thermal Coal,Energy,Mr. Gautambhai Shantilal Adani S.Y. B.Com,"Ahmedabad, India",https://www.adanienterprises.com,2311.75,2238.85,2668245024768,77.16122,29.96,0.00059999997,3743.9,2025.0
2005-06-01 00:00:00+05:30,3.7517366865837967,2314.95,2213.75,3.7001070976257324,1376164,0.0,0.0,ADANIENT.NS,Adani Enterprises Limited,Thermal Coal,Energy,Mr. Gautambhai Shantilal Adani S.Y. B.Com,"Ahmedabad, India",https://www.adanienterprises.com,2311.75,2238.85,2668245024768,77.16122,29.96,0.00059999997,3743.9,2025.0
2005-06-02 00:00:00+05:30,3.7861556313977682,2314.95,2213.75,3.6570825576782227,1376164,0.0,0.0,ADANIENT.NS,Adani Enterprises Limited,Thermal Coal,Energy,Mr. Gautambhai Shantilal Adani S.Y. B.Com,"Ahmedabad, India",https://www.adanienterprises.com,2311.75,2238.85,2668245024768,77.16122,29.96,0.00059999997,3743.9,2025.0
2005-06-03 00:00:00+05:30,3.634137047902428,2314.95,2213.75,3.6456098556518555,1376164,0.0,0.0,ADANIENT.NS,Adani Enterprises Limited,Thermal Coal,Energy,Mr. Gautambhai Shantilal Adani S.Y. B.Com,"Ahmedabad, India",https://www.adanienterprises.com,2311.75,2238.85,2668245024768,77.16122,29.96,0.00059999997,3743.9,2025.0
2005-06-06 00:00:00+05:30,3.7287904290270637,2314.95,2213.75,3.6628193855285645,1376164,0.0,0.0,ADANIENT.NS,Adani Enterprises Limited,Thermal Coal,Energy,Mr. Gautambhai Shantilal Adani S.Y. B.Com,"Ahmedabad, India",https://www.adanienterprises.com,2311.75,2238.85,2668245024768,77.16122,29.96,0.00059999997,3743.9,2025.0
2005-06-07 00:00:00+05:30,3.7001071648932813,2314.95,2213.75,3.6628193855285645,1376164,0.0,0.0,ADANIENT.NS,Adani Enterprises Limited,Thermal Coal,Energy,Mr. Gautambhai Shantilal Adani S.Y. B.Com,"Ahmedabad, India",https://www.adanienterprises.com,2311.75,2238.85,2668245024768,77.16122,29.96,0.00059999997,3743.9,2025.0
2005-06-08 00:00:00+05:30,3.728790278394007,2314.95,2213.75,3.725921630859375,1376164,0.0,0.0,ADANIENT.NS,Adani Enterprises Limited,Thermal Coal,Energy,Mr. Gautambhai Shantilal Adani S.Y. B.Com,"Ahmedabad, India",https://www.adanienterprises.com,2311.75,2238.85,2668245024768,77.16122,29.96,0.00059999997,3743.9,2025.0
2005-06-09 00:00:00+05:30,3.786156294438915,2314.95,2213.75,3.7832887172698975,1376164,0.0,0.0,ADANIENT.NS,Adani Enterprises Limited,Thermal Coal,Energy,Mr. Gautambhai Shantilal Adani S.Y. B.Com,"Ahmedabad, India",https://www.adanienterprises.com,2311.75,2238.85,2668245024768,77.16122,29.96,0.00059999997,3743.9,2025.0
2005-06-10 00:00:00+05:30,3.8234452936501246,2314.95,2213.75,3.8004989624023438,1376164,0.0,0.0,ADANIENT.NS,Adani Enterprises Limited,Thermal Coal,Energy,Mr. Gautambhai Shantilal Adani S.Y. B.Com,"Ahmedabad, India",https://www.adanienterprises.com,2311.75,2238.85,2668245024768,77.16122,29.96,0.00059999997,3743.9,2025.0
2005-06-13 00:00:00+05:30,3.81483962542641,2314.95,2213.75,3.7402637004852295,1376164,0.0,0.0,ADANIENT.NS,Adani Enterprises Limited,Thermal Coal,Energy,Mr. Gautambhai Shantilal Adani S.Y. B.Com,"Ahmedabad, India",https://www.adanienterprises.com,2311.75,2238.85,2668245024768,77.16122,29.96,0.00059999997,3743.9,2025.0
2005-06-14 00:00:00+05:30,3.7316591841833917,2314.95,2213.75,3.7402637004852295,1376164,0.0,0.0,ADANIENT.NS,Adani Enterprises Limited,Thermal Coal,Energy,Mr. Gautambhai Shantilal Adani S.Y. B.Com,"Ahmedabad, India",https://www.adanienterprises.com,2311.75,2238.85,2668245024768,77.16122,29.96,0.00059999997,3743.9,2025.0
2005-06-15 00:00:00+05:30,3.7689467047310643,2314.95,2213.75,3.7230536937713623,1376164,0.0,0.0,ADANIENT.NS,Adani Enterprises Limited,Thermal Coal,Energy,Mr. Gautambhai Shantilal Adani S.Y. B.Com,"Ahmedabad, India",https://www.adanienterprises.com,2311.75,2238.85,2668245024768,77.16122,29.96,0.00059999997,3743.9,2025.0
2005-06-16 00:00:00+05:30,3.743131635530479,2314.95,2213.75,3.65421462059021,1376164,0.0,0.0,ADANIENT.NS,Adani Enterprises Limited,Thermal Coal,Energy,Mr. Gautambhai Shantilal Adani S.Y. B.Com,"Ahmedabad, India",https://www.adanienterprises.com,2311.75,2238.85,2668245024768,77.16122,29.96,0.00059999997,3743.9,2025.0
2005-06-17 00:00:00+05:30,3.7173176483347206,2314.95,2213.75,3.5739030838012695,1376164,0.0,0.0,ADANIENT.NS,Adani Enterprises Limited,Thermal Coal,Energy,Mr. Gautambhai Shantilal Adani S.Y. B.Com,"Ahmedabad, India",https://www.adanienterprises.com,2311.75,2238.85,2668245024768,77.16122,29.96,0.00059999997,3743.9,2025.0
2005-06-20 00:00:00+05:30,3.648478047436372,2314.95,2213.75,3.754605531692505,1376164,0.0,0.0,ADANIENT.NS,Adani Enterprises Limited,Thermal Coal,Energy,Mr. Gautambhai Shantilal Adani S.Y. B.Com,"Ahmedabad, India",https://www.adanienterprises.com,2311.75,2238.85,2668245024768,77.16122,29.96,0.00059999997,3743.9,2025.0
2005-06-21 00:00:00+05:30,3.7287901777858785,2314.95,2213.75,3.6570825576782227,1376164,0.0,0.0,ADANIENT.NS,Adani Enterprises Limited,Thermal Coal,Energy,Mr. Gautambhai Shantilal Adani S.Y. B.Com,"Ahmedabad, India",https://www.adanienterprises.com,2311.75,2238.85,2668245024768,77.16122,29.96,0.00059999997,3743.9,2025.0
2005-06-22 00:00:00+05:30,3.614058551299186,2314.95,2213.75,3.743131637573242,1376164,0.0,0.0,ADANIENT.NS,Adani Enterprises Limited,Thermal Coal,Energy,Mr. Gautambhai Shantilal Adani S.Y. B.Com,"Ahmedabad, India",https://www.adanienterprises.com,2311.75,2238.85,2668245024768,77.16122,29.96,0.00059999997,3743.9,2025.0
2005-06-23 00:00:00+05:30,3.6542158458266822,2314.95,2213.75,3.685767412185669,1376164,0.0,0.0,ADANIENT.NS,Adani Enterprises Limited,Thermal Coal,Energy,Mr. Gautambhai Shantilal Adani S.Y. B.Com,"Ahmedabad, India",https://www.adanienterprises.com,2311.75,2238.85,2668245024768,77.16122,29.96,0.00059999997,3743.9,2025.0
2005-06-24 00:00:00+05:30,3.6570830873424045,2314.95,2213.75,3.6972391605377197,1376164,0.0,0.0,ADANIENT.NS,Adani Enterprises Limited,Thermal Coal,Energy,Mr. Gautambhai Shantilal Adani S.Y. B.Com,"Ahmedabad, India",https://www.adanienterprises.com,2311.75,2238.85,2668245024768,77.16122,29.96,0.00059999997,3743.9,2025.0
2005-06-27 00:00:00+05:30,3.72305337849384,2314.95,2213.75,3.6685562133789062,1376164,0.0,0.0,ADANIENT.NS,Adani Enterprises Limited,Thermal Coal,Energy,Mr. Gautambhai Shantilal Adani S.Y. B.Com,"Ahmedabad, India",https://www.adanienterprises.com,2311.75,2238.85,2668245024768,77.16122,29.96,0.00059999997,3743.9,2025.0
2005-06-28 00:00:00+05:30,3.6857661076826824,2314.95,2213.75,3.6054532527923584,1376164,0.0,0.0,ADANIENT.NS,Adani Enterprises Limited,Thermal Coal,Energy,Mr. Gautambhai Shantilal Adani S.Y. B.Com,"Ahmedabad, India",https://www.adanienterprises.com,2311.75,2238.85,2668245024768,77.16122,29.96,0.00059999997,3743.9,2025.0
2005-06-29 00:00:00+05:30,3.6140593058563293,2314.95,2213.75,3.5939812660217285,1376164,0.0,0.0,ADANIENT.NS,Adani Enterprises Limited,Thermal Coal,Energy,Mr. Gautambhai Shantilal Adani S.Y. B.Com,"Ahmedabad, India",https://www.adanienterprises.com,2311.75,2238.85,2668245024768,77.16122,29.96,0.00059999997,3743.9,2025.0
2005-06-30 00:00:00+05:30,3.728791307928627,2314.95,2213.75,3.585376024246216,1376164,0.0,0.0,ADANIENT.NS,Adani Enterprises Limited,Thermal Coal,Energy,Mr. Gautambhai Shantilal Adani S.Y. B.Com,"Ahmedabad, India",https://www.adanienterprises.com,2311.75,2238.85,2668245024768,77.16122,29.96,0.00059999997,3743.9,2025.0
2005-07-01 00:00:00+05:30,3.6599518225213403,2314.95,2213.75,3.5739030838012695,1376164,0.0,0.0,ADANIENT.NS,Adani Enterprises Limited,Thermal Coal,Energy,Mr. Gautambhai Shantilal Adani S.Y. B.Com,"Ahmedabad, India",https://www.adanienterprises.com,2311.75,2238.85,2668245024768,77.16122,29.96,0.00059999997,3743.9,2025.0
2005-07-04 00:00:00+05:30,3.6226633485240596,2314.95,2213.75,3.5997166633605957,1376164,0.0,0.0,ADANIENT.NS,Adani Enterprises Limited,Thermal Coal,Energy,Mr. Gautambhai Shantilal Adani S.Y. B.Com,"Ahmedabad, India",https://www.adanienterprises.com,2311.75,2238.85,2668245024768,77.16122,29.96,0.00059999997,3743.9,2025.0
2005-07-05 00:00:00+05:30,3.5939803631587144,2314.95,2213.75,3.714448928833008,1376164,0.0,0.0,ADANIENT.NS,Adani Enterprises Limited,Thermal Coal,Energy,Mr. Gautambhai Shantilal Adani S.Y. B.Com,"Ahmedabad, India",https://www.adanienterprises.com,2311.75,2238.85,2668245024768,77.16122,29.96,0.00059999997,3743.9,2025.0
2005-07-06 00:00:00+05:30,3.728790278394007,2314.95,2213.75,3.725921630859375,1376164,0.0,0.0,ADANIENT.NS,Adani Enterprises Limited,Thermal Coal,Energy,Mr. Gautambhai Shantilal Adani S.Y. B.Com,"Ahmedabad, India",https://www.adanienterprises.com,2311.75,2238.85,2668245024768,77.16122,29.96,0.00059999997,3743.9,2025.0
2005-07-07 00:00:00+05:30,3.7345277157876025,2314.95,2213.75,3.642742395401001,1376164,0.0,0.0,ADANIENT.NS,Adani Enterprises Limited,Thermal Coal,Energy,Mr. Gautambhai Shantilal Adani S.Y. B.Com,"Ahmedabad, India",https://www.adanienterprises.com,2311.75,2238.85,2668245024768,77.16122,29.96,0.00059999997,3743.9,2025.0
2005-07-08 00:00:00+05:30,3.6599512333436652,2314.95,2213.75,3.6771609783172607,1376164,0.0,0.0,ADANIENT.NS,Adani Enterprises Limited,Thermal Coal,Energy,Mr. Gautambhai Shantilal Adani S.Y. B.Com,"Ahmedabad, India",https://www.adanienterprises.com,2311.75,2238.85,2668245024768,77.16122,29.96,0.00059999997,3743.9,2025.0
2005-07-11 00:00:00+05:30,3.728791054686758,2314.95,2213.75,3.774683713912964,1376164,0.0,0.0,ADANIENT.NS,Adani Enterprises Limited,Thermal Coal,Energy,Mr. Gautambhai Shantilal Adani S.Y. B.Com,"Ahmedabad, India",https://www.adanienterprises.com,2311.75,2238.85,2668245024768,77.16122,29.96,0.00059999997,3743.9,2025.0
2005-07-12 00:00:00+05:30,3.7029751212002795,2314.95,2213.75,3.7603416442871094,1376164,0.0,0.0,ADANIENT.NS,Adani Enterprises Limited,Thermal Coal,Energy,Mr. Gautambhai Shantilal Adani S.Y. B.Com,"Ahmedabad, India",https://www.adanienterprises.com,2311.75,2238.85,2668245024768,77.16122,29.96,0.00059999997,3743.9,2025.0
2005-07-13 00:00:00+05:30,3.7861567915120014,2314.95,2213.75,3.8004989624023438,1376164,0.0,0.0,ADANIENT.NS,Adani Enterprises Limited,Thermal Coal,Energy,Mr. Gautambhai Shantilal Adani S.Y. B.Com,"Ahmedabad, India",https://www.adanienterprises.com,2311.75,2238.85,2668245024768,77.16122,29.96,0.00059999997,3743.9,2025.0
2005-07-14 00:00:00+05:30,3.837786389699835,2314.95,2213.75,3.7976303100585938,1376164,0.0,0.0,ADANIENT.NS,Adani Enterprises Limited,Thermal Coal,Energy,Mr. Gautambhai Shantilal Adani S.Y. B.Com,"Ahmedabad, India",https://www.adanienterprises.com,2311.75,2238.85,2668245024768,77.16122,29.96,0.00059999997,3743.9,2025.0
2005-07-15 00:00:00+05:30,3.8148394741051286,2314.95,2213.75,3.8091025352478027,1376164,0.0,0.0,ADANIENT.NS,Adani Enterprises Limited,Thermal Coal,Energy,Mr. Gautambhai Shantilal Adani S.Y. B.Com,"Ahmedabad, India",https://www.adanienterprises.com,2311.75,2238.85,2668245024768,77.16122,29.96,0.00059999997,3743.9,2025.0
2005-07-18 00:00:00+05:30,3.8148400584762685,2314.95,2213.75,3.7976303100585938,1376164,0.0,0.0,ADANIENT.NS,Adani Enterprises Limited,Thermal Coal,Energy,Mr. Gautambhai Shantilal Adani S.Y. B.Com,"Ahmedabad, India",https://www.adanienterprises.com,2311.75,2238.85,2668245024768,77.16122,29.96,0.00059999997,3743.9,2025.0
2005-07-19 00:00:00+05:30,3.860731453503513,2314.95,2213.75,3.7603416442871094,1376164,0.0,0.0,ADANIENT.NS,Adani Enterprises Limited,Thermal Coal,Energy,Mr. Gautambhai Shantilal Adani S.Y. B.Com,"Ahmedabad, India",https://www.adanienterprises.com,2311.75,2238.85,2668245024768,77.16122,29.96,0.00059999997,3743.9,2025.0
2005-07-20 00:00:00+05:30,3.8377858018136917,2314.95,2213.75,3.8091025352478027,1376164,0.0,0.0,ADANIENT.NS,Adani Enterprises Limited,Thermal Coal,Energy,Mr. Gautambhai Shantilal Adani S.Y. B.Com,"Ahmedabad, India",https://www.adanienterprises.com,2311.75,2238.85,2668245024768,77.16122,29.96,0.00059999997,3743.9,2025.0
2005-07-21 00:00:00+05:30,3.7861564101370044,2314.95,2213.75,3.7804205417633057,1376164,0.0,0.0,ADANIENT.NS,Adani Enterprises Limited,Thermal Coal,Energy,Mr. Gautambhai Shantilal Adani S.Y. B.Com,"Ahmedabad, India",https://www.adanienterprises.com,2311.75,2238.85,2668245024768,77.16122,29.96,0.00059999997,3743.9,2025.0
2005-07-22 00:00:00+05:30,3.823444394013914,2314.95,2213.75,3.7574737071990967,1376164,0.0,0.0,ADANIENT.NS,Adani Enterprises Limited,Thermal Coal,Energy,Mr. Gautambhai Shantilal Adani S.Y. B.Com,"Ahmedabad, India",https://www.adanienterprises.com,2311.75,2238.85,2668245024768,77.16122,29.96,0.00059999997,3743.9,2025.0
2005-07-25 00:00:00+05:30,3.7947616069773766,2314.95,2213.75,3.754605531692505,1376164,0.0,0.0,ADANIENT.NS,Adani Enterprises Limited,Thermal Coal,Energy,Mr. Gautambhai Shantilal Adani S.Y. B.Com,"Ahmedabad, India",https://www.adanienterprises.com,2311.75,2238.85,2668245024768,77.16122,29.96,0.00059999997,3743.9,2025.0
2005-07-26 00:00:00+05:30,3.67716124536983,2314.95,2213.75,3.791893243789673,1376164,0.0,0.0,ADANIENT.NS,Adani Enterprises Limited,Thermal Coal,Energy,Mr. Gautambhai Shantilal Adani S.Y. B.Com,"Ahmedabad, India",https://www.adanienterprises.com,2311.75,2238.85,2668245024768,77.16122,29.96,0.00059999997,3743.9,2025.0
2005-07-27 00:00:00+05:30,3.7689465324049354,2314.95,2213.75,3.7718148231506348,1376164,0.0,0.0,ADANIENT.NS,Adani Enterprises Limited,Thermal Coal,Energy,Mr. Gautambhai Shantilal Adani S.Y. B.Com,"Ahmedabad, India",https://www.adanienterprises.com,2311.75,2238.85,2668245024768,77.16122,29.96,0.00059999997,3743.9,2025.0
2005-07-28 00:00:00+05:30,6.922016620635986,2314.95,2213.75,6.922016620635986,1376164,0.0,0.0,ADANIENT.NS,Adani Enterprises Limited,Thermal Coal,Energy,Mr. Gautambhai Shantilal Adani S.Y. B.Com,"Ahmedabad, India",https://www.adanienterprises.com,2311.75,2238.85,2668245024768,77.16122,29.96,0.00059999997,3743.9,2025.0
2005-07-29 00:00:00+05:30,3.731659004261999,2314.95,2213.75,3.6943705081939697,1376164,0.0,0.0,ADANIENT.NS,Adani Enterprises Limited,Thermal Coal,Energy,Mr. Gautambhai Shantilal Adani S.Y. B.Com,"Ahmedabad, India",https://www.adanienterprises.com,2311.75,2238.85,2668245024768,77.16122,29.96,0.00059999997,3743.9,2025.0
2005-08-01 00:00:00+05:30,3.6828979977908887,2314.95,2213.75,3.6456098556518555,1376164,0.0,0.0,ADANIENT.NS,Adani Enterprises Limited,Thermal Coal,Energy,Mr. Gautambhai Shantilal Adani S.Y. B.Com,"Ahmedabad, India",https://www.adanienterprises.com,2311.75,2238.85,2668245024768,77.16122,29.96,0.00059999997,3743.9,2025.0
2005-08-02 00:00:00+05:30,3.671425189225822,2314.95,2213.75,3.7517380714416504,1376164,0.0,0.0,ADANIENT.NS,Adani Enterprises Limited,Thermal Coal,Energy,Mr. Gautambhai Shantilal Adani S.Y. B.Com,"Ahmedabad, India",https://www.adanienterprises.com,2311.75,2238.85,2668245024768,77.16122,29.96,0.00059999997,3743.9,2025.0
2005-08-03 00:00:00+05:30,3.786155544578829,2314.95,2213.75,3.7603416442871094,1376164,0.0,0.0,ADANIENT.NS,Adani Enterprises Limited,Thermal Coal,Energy,Mr. Gautambhai Shantilal Adani S.Y. B.Com,"Ahmedabad, India",https://www.adanienterprises.com,2311.75,2238.85,2668245024768,77.16122,29.96,0.00059999997,3743.9,2025.0
2005-08-04 00:00:00+05:30,3.7660783391294106,2314.95,2213.75,3.754605531692505,1376164,0.0,0.0,ADANIENT.NS,Adani Enterprises Limited,Thermal Coal,Energy,Mr. Gautambhai Shantilal Adani S.Y. B.Com,"Ahmedabad, India",https://www.adanienterprises.com,2311.75,2238.85,2668245024768,77.16122,29.96,0.00059999997,3743.9,2025.0
2005-08-05 00:00:00+05:30,3.9224790202055635,2314.95,2213.75,3.8776679039001465,1376164,0.2,0.0,ADANIENT.NS,Adani Enterprises Limited,Thermal Coal,Energy,Mr. Gautambhai Shantilal Adani S.Y. B.Com,"Ahmedabad, India",https://www.adanienterprises.com,2311.75,2238.85,2668245024768,77.16122,29.96,0.00059999997,3743.9,2025.0
2005-08-08 00:00:00+05:30,3.901567893394398,2314.95,2213.75,3.8597445487976074,1376164,0.0,0.0,ADANIENT.NS,Adani Enterprises Limited,Thermal Coal,Energy,Mr. Gautambhai Shantilal Adani S.Y. B.Com,"Ahmedabad, India",https://www.adanienterprises.com,2311.75,2238.85,2668245024768,77.16122,29.96,0.00059999997,3743.9,2025.0
2005-08-09 00:00:00+05:30,3.8477945661852835,2314.95,2213.75,3.82688307762146,1376164,0.0,0.0,ADANIENT.NS,Adani Enterprises Limited,Thermal Coal,Energy,Mr. Gautambhai Shantilal Adani S.Y. B.Com,"Ahmedabad, India",https://www.adanienterprises.com,2311.75,2238.85,2668245024768,77.16122,29.96,0.00059999997,3743.9,2025.0
2005-08-10 00:00:00+05:30,3.8388317162960206,2314.95,2213.75,3.88065505027771,1376164,0.0,0.0,ADANIENT.NS,Adani Enterprises Limited,Thermal Coal,Energy,Mr. Gautambhai Shantilal Adani S.Y. B.Com,"Ahmedabad, India",https://www.adanienterprises.com,2311.75,2238.85,2668245024768,77.16122,29.96,0.00059999997,3743.9,2025.0
2005-08-11 00:00:00+05:30,3.925466535317992,2314.95,2213.75,3.88065505027771,1376164,0.0,0.0,ADANIENT.NS,Adani Enterprises Limited,Thermal Coal,Energy,Mr. Gautambhai Shantilal Adani S.Y. B.Com,"Ahmedabad, India",https://www.adanienterprises.com,2311.75,2238.85,2668245024768,77.16122,29.96,0.00059999997,3743.9,2025.0
2005-08-12 00:00:00+05:30,3.8866309132002357,2314.95,2213.75,3.868706464767456,1376164,0.0,0.0,ADANIENT.NS,Adani Enterprises Limited,Thermal Coal,Energy,Mr. Gautambhai Shantilal Adani S.Y. B.Com,"Ahmedabad, India",https://www.adanienterprises.com,2311.75,2238.85,2668245024768,77.16122,29.96,0.00059999997,3743.9,2025.0
2005-08-16 00:00:00+05:30,3.8567562334270726,2314.95,2213.75,3.853768825531006,1376164,0.0,0.0,ADANIENT.NS,Adani Enterprises Limited,Thermal Coal,Energy,Mr. Gautambhai Shantilal Adani S.Y. B.Com,"Ahmedabad, India",https://www.adanienterprises.com,2311.75,2238.85,2668245024768,77.16122,29.96,0.00059999997,3743.9,2025.0
2005-08-17 00:00:00+05:30,3.8716938102872978,2314.95,2213.75,3.8597445487976074,1376164,0.0,0.0,ADANIENT.NS,Adani Enterprises Limited,Thermal Coal,Energy,Mr. Gautambhai Shantilal Adani S.Y. B.Com,"Ahmedabad, India",https://www.adanienterprises.com,2311.75,2238.85,2668245024768,77.16122,29.96,0.00059999997,3743.9,2025.0
2005-08-18 00:00:00+05:30,3.8806550958605697,2314.95,2213.75,3.874680280685425,1376164,0.0,0.0,ADANIENT.NS,Adani Enterprises Limited,Thermal Coal,Energy,Mr. Gautambhai Shantilal Adani S.Y. B.Com,"Ahmedabad, India",https://www.adanienterprises.com,2311.75,2238.85,2668245024768,77.16122,29.96,0.00059999997,3743.9,2025.0
2005-08-19 00:00:00+05:30,3.8836432168119353,2314.95,2213.75,3.8477935791015625,1376164,0.0,0.0,ADANIENT.NS,Adani Enterprises Limited,Thermal Coal,Energy,Mr. Gautambhai Shantilal Adani S.Y. B.Com,"Ahmedabad, India",https://www.adanienterprises.com,2311.75,2238.85,2668245024768,77.16122,29.96,0.00059999997,3743.9,2025.0
2005-08-22 00:00:00+05:30,3.853768427572418,2314.95,2213.75,3.874680280685425,1376164,0.0,0.0,ADANIENT.NS,Adani Enterprises Limited,Thermal Coal,Energy,Mr. Gautambhai Shantilal Adani S.Y. B.Com,"Ahmedabad, India",https://www.adanienterprises.com,2311.75,2238.85,2668245024768,77.16122,29.96,0.00059999997,3743.9,2025.0
2005-08-23 00:00:00+05:30,3.928454674465225,2314.95,2213.75,3.78804612159729,1376164,0.0,0.0,ADANIENT.NS,Adani Enterprises Limited,Thermal Coal,Energy,Mr. Gautambhai Shantilal Adani S.Y. B.Com,"Ahmedabad, India",https://www.adanienterprises.com,2311.75,2238.85,2668245024768,77.16122,29.96,0.00059999997,3743.9,2025.0
2005-08-24 00:00:00+05:30,3.8836439912424052,2314.95,2213.75,3.7641472816467285,1376164,0.0,0.0,ADANIENT.NS,Adani Enterprises Limited,Thermal Coal,Energy,Mr. Gautambhai Shantilal Adani S.Y. B.Com,"Ahmedabad, India",https://www.adanienterprises.com,2311.75,2238.85,2668245024768,77.16122,29.96,0.00059999997,3743.9,2025.0
2005-08-25 00:00:00+05:30,3.823894504720405,2314.95,2213.75,3.7312848567962646,1376164,0.0,0.0,ADANIENT.NS,Adani Enterprises Limited,Thermal Coal,Energy,Mr. Gautambhai Shantilal Adani S.Y. B.Com,"Ahmedabad, India",https://www.adanienterprises.com,2311.75,2238.85,2668245024768,77.16122,29.96,0.00059999997,3743.9,2025.0
2005-08-26 00:00:00+05:30,3.814932618728399,2314.95,2213.75,3.7970077991485596,1376164,0.0,0.0,ADANIENT.NS,Adani Enterprises Limited,Thermal Coal,Energy,Mr. Gautambhai Shantilal Adani S.Y. B.Com,"Ahmedabad, India",https://www.adanienterprises.com,2311.75,2238.85,2668245024768,77.16122,29.96,0.00059999997,3743.9,2025.0
2005-08-29 00:00:00+05:30,3.7641466832193253,2314.95,2213.75,3.7970077991485596,1376164,0.0,0.0,ADANIENT.NS,Adani Enterprises Limited,Thermal Coal,Energy,Mr. Gautambhai Shantilal Adani S.Y. B.Com,"Ahmedabad, India",https://www.adanienterprises.com,2311.75,2238.85,2668245024768,77.16122,29.96,0.00059999997,3743.9,2025.0
2005-08-30 00:00:00+05:30,3.820907602768115,2314.95,2213.75,3.8059701919555664,1376164,0.0,0.0,ADANIENT.NS,Adani Enterprises Limited,Thermal Coal,Energy,Mr. Gautambhai Shantilal Adani S.Y. B.Com,"Ahmedabad, India",https://www.adanienterprises.com,2311.75,2238.85,2668245024768,77.16122,29.96,0.00059999997,3743.9,2025.0
2005-08-31 00:00:00+05:30,3.805970238708003,2314.95,2213.75,4.286944389343262,1376164,0.0,0.0,ADANIENT.NS,Adani Enterprises Limited,Thermal Coal,Energy,Mr. Gautambhai Shantilal Adani S.Y. B.Com,"Ahmedabad, India",https://www.adanienterprises.com,2311.75,2238.85,2668245024768,77.16122,29.96,0.00059999997,3743.9,2025.0
2005-09-01 00:00:00+05:30,4.3168193225065234,2314.95,2213.75,4.212259292602539,1376164,0.0,0.0,ADANIENT.NS,Adani Enterprises Limited,Thermal Coal,Energy,Mr. Gautambhai Shantilal Adani S.Y. B.Com,"Ahmedabad, India",https://www.adanienterprises.com,2311.75,2238.85,2668245024768,77.16122,29.96,0.00059999997,3743.9,2025.0
2005-09-02 00:00:00+05:30,4.188359601973586,2314.95,2213.75,4.0688629150390625,1376164,0.0,0.0,ADANIENT.NS,Adani Enterprises Limited,Thermal Coal,Energy,Mr. Gautambhai Shantilal Adani S.Y. B.Com,"Ahmedabad, India",https://www.adanienterprises.com,2311.75,2238.85,2668245024768,77.16122,29.96,0.00059999997,3743.9,2025.0
2005-09-05 00:00:00+05:30,4.092762001467375,2314.95,2213.75,4.167447566986084,1376164,0.0,0.0,ADANIENT.NS,Adani Enterprises Limited,Thermal Coal,Energy,Mr. Gautambhai Shantilal Adani S.Y. B.Com,"Ahmedabad, India",https://www.adanienterprises.com,2311.75,2238.85,2668245024768,77.16122,29.96,0.00059999997,3743.9,2025.0
2005-09-06 00:00:00+05:30,4.2122598031224765,2314.95,2213.75,4.074838638305664,1376164,0.0,0.0,ADANIENT.NS,Adani Enterprises Limited,Thermal Coal,Energy,Mr. Gautambhai Shantilal Adani S.Y. B.Com,"Ahmedabad, India",https://www.adanienterprises.com,2311.75,2238.85,2668245024768,77.16122,29.96,0.00059999997,3743.9,2025.0
2005-09-08 00:00:00+05:30,4.104713061346419,2314.95,2213.75,4.065876007080078,1376164,0.0,0.0,ADANIENT.NS,Adani Enterprises Limited,Thermal Coal,Energy,Mr. Gautambhai Shantilal Adani S.Y. B.Com,"Ahmedabad, India",https://www.adanienterprises.com,2311.75,2238.85,2668245024768,77.16122,29.96,0.00059999997,3743.9,2025.0
2005-09-09 00:00:00+05:30,4.188359913847498,2314.95,2213.75,4.030026912689209,1376164,0.0,0.0,ADANIENT.NS,Adani Enterprises Limited,Thermal Coal,Energy,Mr. Gautambhai Shantilal Adani S.Y. B.Com,"Ahmedabad, India",https://www.adanienterprises.com,2311.75,2238.85,2668245024768,77.16122,29.96,0.00059999997,3743.9,2025.0
2005-09-12 00:00:00+05:30,4.033014657273294,2314.95,2213.75,4.021064281463623,1376164,0.0,0.0,ADANIENT.NS,Adani Enterprises Limited,Thermal Coal,Energy,Mr. Gautambhai Shantilal Adani S.Y. B.Com,"Ahmedabad, India",https://www.adanienterprises.com,2311.75,2238.85,2668245024768,77.16122,29.96,0.00059999997,3743.9,2025.0
2005-09-13 00:00:00+05:30,4.056913639923863,2314.95,2213.75,4.009114742279053,1376164,0.0,0.0,ADANIENT.NS,Adani Enterprises Limited,Thermal Coal,Energy,Mr. Gautambhai Shantilal Adani S.Y. B.Com,"Ahmedabad, India",https://www.adanienterprises.com,2311.75,2238.85,2668245024768,77.16122,29.96,0.00059999997,3743.9,2025.0
2005-09-14 00:00:00+05:30,4.0569134498680315,2314.95,2213.75,3.940404176712036,1376164,0.0,0.0,ADANIENT.NS,Adani Enterprises Limited,Thermal Coal,Energy,Mr. Gautambhai Shantilal Adani S.Y. B.Com,"Ahmedabad, India",https://www.adanienterprises.com,2311.75,2238.85,2668245024768,77.16122,29.96,0.00059999997,3743.9,2025.0
2005-09-15 00:00:00+05:30,3.997165052546772,2314.95,2213.75,3.955341339111328,1376164,0.0,0.0,ADANIENT.NS,Adani Enterprises Limited,Thermal Coal,Energy,Mr. Gautambhai Shantilal Adani S.Y. B.Com,"Ahmedabad, India",https://www.adanienterprises.com,2311.75,2238.85,2668245024768,77.16122,29.96,0.00059999997,3743.9,2025.0
2005-09-16 00:00:00+05:30,3.979239265603216,2314.95,2213.75,4.0061259269714355,1376164,0.0,0.0,ADANIENT.NS,Adani Enterprises Limited,Thermal Coal,Energy,Mr. Gautambhai Shantilal Adani S.Y. B.Com,"Ahmedabad, India",https://www.adanienterprises.com,2311.75,2238.85,2668245024768,77.16122,29.96,0.00059999997,3743.9,2025.0
2005-09-19 00:00:00+05:30,4.033013984235871,2314.95,2213.75,4.185371398925781,1376164,0.0,0.0,ADANIENT.NS,Adani Enterprises Limited,Thermal Coal,Energy,Mr. Gautambhai Shantilal Adani S.Y. B.Com,"Ahmedabad, India",https://www.adanienterprises.com,2311.75,2238.85,2668245024768,77.16122,29.96,0.00059999997,3743.9,2025.0
2005-09-20 00:00:00+05:30,4.20031054069621,2314.95,2213.75,4.074838638305664,1376164,0.0,0.0,ADANIENT.NS,Adani Enterprises Limited,Thermal Coal,Energy,Mr. Gautambhai Shantilal Adani S.Y. B.Com,"Ahmedabad, India",https://www.adanienterprises.com,2311.75,2238.85,2668245024768,77.16122,29.96,0.00059999997,3743.9,2025.0
2005-09-21 00:00:00+05:30,3.9433913414617354,2314.95,2213.75,3.9374172687530518,1376164,0.0,0.0,ADANIENT.NS,Adani Enterprises Limited,Thermal Coal,Energy,Mr. Gautambhai Shantilal Adani S.Y. B.Com,"Ahmedabad, India",https://www.adanienterprises.com,2311.75,2238.85,2668245024768,77.16122,29.96,0.00059999997,3743.9,2025.0
2005-09-22 00:00:00+05:30,3.937417123886749,2314.95,2213.75,3.7312848567962646,1376164,0.0,0.0,ADANIENT.NS,Adani Enterprises Limited,Thermal Coal,Energy,Mr. Gautambhai Shantilal Adani S.Y. B.Com,"Ahmedabad, India",https://www.adanienterprises.com,2311.75,2238.85,2668245024768,77.16122,29.96,0.00059999997,3743.9,2025.0
2005-09-23 00:00:00+05:30,3.7611590995462034,2314.95,2213.75,3.758171319961548,1376164,0.0,0.0,ADANIENT.NS,Adani Enterprises Limited,Thermal Coal,Energy,Mr. Gautambhai Shantilal Adani S.Y. B.Com,"Ahmedabad, India",https://www.adanienterprises.com,2311.75,2238.85,2668245024768,77.16122,29.96,0.00059999997,3743.9,2025.0
2005-09-26 00:00:00+05:30,3.7790834790973187,2314.95,2213.75,3.868706464767456,1376164,0.0,0.0,ADANIENT.NS,Adani Enterprises Limited,Thermal Coal,Energy,Mr. Gautambhai Shantilal Adani S.Y. B.Com,"Ahmedabad, India",https://www.adanienterprises.com,2311.75,2238.85,2668245024768,77.16122,29.96,0.00059999997,3743.9,2025.0
2005-09-27 00:00:00+05:30,3.87169299138177,2314.95,2213.75,3.8418192863464355,1376164,0.0,0.0,ADANIENT.NS,Adani Enterprises Limited,Thermal Coal,Energy,Mr. Gautambhai Shantilal Adani S.Y. B.Com,"Ahmedabad, India",https://www.adanienterprises.com,2311.75,2238.85,2668245024768,77.16122,29.96,0.00059999997,3743.9,2025.0
2005-09-28 00:00:00+05:30,3.8627314209723034,2314.95,2213.75,3.853768825531006,1376164,0.0,0.0,ADANIENT.NS,Adani Enterprises Limited,Thermal Coal,Energy,Mr. Gautambhai Shantilal Adani S.Y. B.Com,"Ahmedabad, India",https://www.adanienterprises.com,2311.75,2238.85,2668245024768,77.16122,29.96,0.00059999997,3743.9,2025.0
2005-09-29 00:00:00+05:30,3.862731566525416,2314.95,2213.75,3.817920446395874,1376164,0.0,0.0,ADANIENT.NS,Adani Enterprises Limited,Thermal Coal,Energy,Mr. Gautambhai Shantilal Adani S.Y. B.Com,"Ahmedabad, India",https://www.adanienterprises.com,2311.75,2238.85,2668245024768,77.16122,29.96,0.00059999997,3743.9,2025.0
2005-09-30 00:00:00+05:30,3.832857675906172,2314.95,2213.75,3.7641472816467285,1376164,0.0,0.0,ADANIENT.NS,Adani Enterprises Limited,Thermal Coal,Energy,Mr. Gautambhai Shantilal Adani S.Y. B.Com,"Ahmedabad, India",https://www.adanienterprises.com,2311.75,2238.85,2668245024768,77.16122,29.96,0.00059999997,3743.9,2025.0
2005-10-03 00:00:00+05:30,3.85078148009686,2314.95,2213.75,3.8149325847625732,1376164,0.0,0.0,ADANIENT.NS,Adani Enterprises Limited,Thermal Coal,Energy,Mr. Gautambhai Shantilal Adani S.Y. B.Com,"Ahmedabad, India",https://www.adanienterprises.com,2311.75,2238.85,2668245024768,77.16122,29.96,0.00059999997,3743.9,2025.0
2005-10-04 00:00:00+05:30,3.850781649456561,2314.95,2213.75,3.946378707885742,1376164,0.0,0.0,ADANIENT.NS,Adani Enterprises Limited,Thermal Coal,Energy,Mr. Gautambhai Shantilal Adani S.Y. B.Com,"Ahmedabad, India",https://www.adanienterprises.com,2311.75,2238.85,2668245024768,77.16122,29.96,0.00059999997,3743.9,2025.0
2005-10-05 00:00:00+05:30,3.9433913349480774,2314.95,2213.75,3.955341339111328,1376164,0.0,0.0,ADANIENT.NS,Adani Enterprises Limited,Thermal Coal,Energy,Mr. Gautambhai Shantilal Adani S.Y. B.Com,"Ahmedabad, India",https://www.adanienterprises.com,2311.75,2238.85,2668245024768,77.16122,29.96,0.00059999997,3743.9,2025.0
2005-10-06 00:00:00+05:30,3.9075436499219856,2314.95,2213.75,3.8955936431884766,1376164,0.0,0.0,ADANIENT.NS,Adani Enterprises Limited,Thermal Coal,Energy,Mr. Gautambhai Shantilal Adani S.Y. B.Com,"Ahmedabad, India",https://www.adanienterprises.com,2311.75,2238.85,2668245024768,77.16122,29.96,0.00059999997,3743.9,2025.0
2005-10-07 00:00:00+05:30,3.8896183212723656,2314.95,2213.75,3.868706464767456,1376164,0.0,0.0,ADANIENT.NS,Adani Enterprises Limited,Thermal Coal,Energy,Mr. Gautambhai Shantilal Adani S.Y. B.Com,"Ahmedabad, India",https://www.adanienterprises.com,2311.75,2238.85,2668245024768,77.16122,29.96,0.00059999997,3743.9,2025.0
2005-10-10 00:00:00+05:30,3.9135177904380702,2314.95,2213.75,3.8149325847625732,1376164,0.0,0.0,ADANIENT.NS,Adani Enterprises Limited,Thermal Coal,Energy,Mr. Gautambhai Shantilal Adani S.Y. B.Com,"Ahmedabad, India",https://www.adanienterprises.com,2311.75,2238.85,2668245024768,77.16122,29.96,0.00059999997,3743.9,2025.0
2005-10-11 00:00:00+05:30,3.7701213590472302,2314.95,2213.75,3.767133951187134,1376164,0.0,0.0,ADANIENT.NS,Adani Enterprises Limited,Thermal Coal,Energy,Mr. Gautambhai Shantilal Adani S.Y. B.Com,"Ahmedabad, India",https://www.adanienterprises.com,2311.75,2238.85,2668245024768,77.16122,29.96,0.00059999997,3743.9,2025.0
2005-10-13 00:00:00+05:30,3.8029826909868985,2314.95,2213.75,3.7701215744018555,1376164,0.0,0.0,ADANIENT.NS,Adani Enterprises Limited,Thermal Coal,Energy,Mr. Gautambhai Shantilal Adani S.Y. B.Com,"Ahmedabad, India",https://www.adanienterprises.com,2311.75,2238.85,2668245024768,77.16122,29.96,0.00059999997,3743.9,2025.0
2005-10-14 00:00:00+05:30,3.7940213343224047,2314.95,2213.75,3.7103731632232666,1376164,0.0,0.0,ADANIENT.NS,Adani Enterprises Limited,Thermal Coal,Energy,Mr. Gautambhai Shantilal Adani S.Y. B.Com,"Ahmedabad, India",https://www.adanienterprises.com,2311.75,2238.85,2668245024768,77.16122,29.96,0.00059999997,3743.9,2025.0
2005-10-17 00:00:00+05:30,3.7342724942584384,2314.95,2213.75,3.671536922454834,1376164,0.0,0.0,ADANIENT.NS,Adani Enterprises Limited,Thermal Coal,Energy,Mr. Gautambhai Shantilal Adani S.Y. B.Com,"Ahmedabad, India",https://www.adanienterprises.com,2311.75,2238.85,2668245024768,77.16122,29.96,0.00059999997,3743.9,2025.0
2005-10-18 00:00:00+05:30,3.6864735076927206,2314.95,2213.75,3.668549060821533,1376164,0.0,0.0,ADANIENT.NS,Adani Enterprises Limited,Thermal Coal,Energy,Mr. Gautambhai Shantilal Adani S.Y. B.Com,"Ahmedabad, India",https://www.adanienterprises.com,2311.75,2238.85,2668245024768,77.16122,29.96,0.00059999997,3743.9,2025.0
2005-10-19 00:00:00+05:30,3.683485453711063,2314.95,2213.75,3.596850633621216,1376164,0.0,0.0,ADANIENT.NS,Adani Enterprises Limited,Thermal Coal,Energy,Mr. Gautambhai Shantilal Adani S.Y. B.Com,"Ahmedabad, India",https://www.adanienterprises.com,2311.75,2238.85,2668245024768,77.16122,29.96,0.00059999997,3743.9,2025.0
2005-10-20 00:00:00+05:30,3.7342729950029243,2314.95,2213.75,3.510216236114502,1376164,0.0,0.0,ADANIENT.NS,Adani Enterprises Limited,Thermal Coal,Energy,Mr. Gautambhai Shantilal Adani S.Y. B.Com,"Ahmedabad, India",https://www.adanienterprises.com,2311.75,2238.85,2668245024768,77.16122,29.96,0.00059999997,3743.9,2025.0
2005-10-21 00:00:00+05:30,3.5251531370600344,2314.95,2213.75,3.5281405448913574,1376164,0.0,0.0,ADANIENT.NS,Adani Enterprises Limited,Thermal Coal,Energy,Mr. Gautambhai Shantilal Adani S.Y. B.Com,"Ahmedabad, India",https://www.adanienterprises.com,2311.75,2238.85,2668245024768,77.16122,29.96,0.00059999997,3743.9,2025.0
2005-10-24 00:00:00+05:30,3.5281405448913574,2314.95,2213.75,3.5281405448913574,1376164,0.0,0.0,ADANIENT.NS,Adani Enterprises Limited,Thermal Coal,Energy,Mr. Gautambhai Shantilal Adani S.Y. B.Com,"Ahmedabad, India",https://www.adanienterprises.com,2311.75,2238.85,2668245024768,77.16122,29.96,0.00059999997,3743.9,2025.0
2005-10-25 00:00:00+05:30,3.5281405448913574,2314.95,2213.75,3.5281405448913574,1376164,0.0,0.0,ADANIENT.NS,Adani Enterprises Limited,Thermal Coal,Energy,Mr. Gautambhai Shantilal Adani S.Y. B.Com,"Ahmedabad, India",https://www.adanienterprises.com,2311.75,2238.85,2668245024768,77.16122,29.96,0.00059999997,3743.9,2025.0
2005-10-26 00:00:00+05:30,3.5400899682091187,2314.95,2213.75,3.5550270080566406,1376164,0.0,0.0,ADANIENT.NS,Adani Enterprises Limited,Thermal Coal,Energy,Mr. Gautambhai Shantilal Adani S.Y. B.Com,"Ahmedabad, India",https://www.adanienterprises.com,2311.75,2238.85,2668245024768,77.16122,29.96,0.00059999997,3743.9,2025.0
2005-10-27 00:00:00+05:30,3.5490528399133163,2314.95,2213.75,3.489304304122925,1376164,0.0,0.0,ADANIENT.NS,Adani Enterprises Limited,Thermal Coal,Energy,Mr. Gautambhai Shantilal Adani S.Y. B.Com,"Ahmedabad, India",https://www.adanienterprises.com,2311.75,2238.85,2668245024768,77.16122,29.96,0.00059999997,3743.9,2025.0
2005-10-28 00:00:00+05:30,3.46241600776178,2314.95,2213.75,3.4205923080444336,1376164,0.0,0.0,ADANIENT.NS,Adani Enterprises Limited,Thermal Coal,Energy,Mr. Gautambhai Shantilal Adani S.Y. B.Com,"Ahmedabad, India",https://www.adanienterprises.com,2311.75,2238.85,2668245024768,77.16122,29.96,0.00059999997,3743.9,2025.0
2005-10-31 00:00:00+05:30,3.3459079109535756,2314.95,2213.75,3.4833290576934814,1376164,0.0,0.0,ADANIENT.NS,Adani Enterprises Limited,Thermal Coal,Energy,Mr. Gautambhai Shantilal Adani S.Y. B.Com,"Ahmedabad, India",https://www.adanienterprises.com,2311.75,2238.85,2668245024768,77.16122,29.96,0.00059999997,3743.9,2025.0
2005-11-02 00:00:00+05:30,3.4982661708930314,2314.95,2213.75,3.5490524768829346,1376164,0.0,0.0,ADANIENT.NS,Adani Enterprises Limited,Thermal Coal,Energy,Mr. Gautambhai Shantilal Adani S.Y. B.Com,"Ahmedabad, India",https://www.adanienterprises.com,2311.75,2238.85,2668245024768,77.16122,29.96,0.00059999997,3743.9,2025.0
2005-11-04 00:00:00+05:30,3.5490524768829346,2314.95,2213.75,3.5490524768829346,1376164,0.0,0.0,ADANIENT.NS,Adani Enterprises Limited,Thermal Coal,Energy,Mr. Gautambhai Shantilal Adani S.Y. B.Com,"Ahmedabad, India",https://www.adanienterprises.com,2311.75,2238.85,2668245024768,77.16122,29.96,0.00059999997,3743.9,2025.0
2005-11-07 00:00:00+05:30,3.5669775738249725,2314.95,2213.75,3.5878894329071045,1376164,0.0,0.0,ADANIENT.NS,Adani Enterprises Limited,Thermal Coal,Energy,Mr. Gautambhai Shantilal Adani S.Y. B.Com,"Ahmedabad, India",https://www.adanienterprises.com,2311.75,2238.85,2668245024768,77.16122,29.96,0.00059999997,3743.9,2025.0
2005-11-08 00:00:00+05:30,3.5968516837220927,2314.95,2213.75,3.614776134490967,1376164,0.0,0.0,ADANIENT.NS,Adani Enterprises Limited,Thermal Coal,Energy,Mr. Gautambhai Shantilal Adani S.Y. B.Com,"Ahmedabad, India",https://www.adanienterprises.com,2311.75,2238.85,2668245024768,77.16122,29.96,0.00059999997,3743.9,2025.0
2005-11-09 00:00:00+05:30,3.5908762754438017,2314.95,2213.75,3.5550270080566406,1376164,0.0,0.0,ADANIENT.NS,Adani Enterprises Limited,Thermal Coal,Energy,Mr. Gautambhai Shantilal Adani S.Y. B.Com,"Ahmedabad, India",https://www.adanienterprises.com,2311.75,2238.85,2668245024768,77.16122,29.96,0.00059999997,3743.9,2025.0
2005-11-10 00:00:00+05:30,3.5849010232383574,2314.95,2213.75,3.546065092086792,1376164,0.0,0.0,ADANIENT.NS,Adani Enterprises Limited,Thermal Coal,Energy,Mr. Gautambhai Shantilal Adani S.Y. B.Com,"Ahmedabad, India",https://www.adanienterprises.com,2311.75,2238.85,2668245024768,77.16122,29.96,0.00059999997,3743.9,2025.0
2005-11-11 00:00:00+05:30,3.575938937699136,2314.95,2213.75,3.593863010406494,1376164,0.0,0.0,ADANIENT.NS,Adani Enterprises Limited,Thermal Coal,Energy,Mr. Gautambhai Shantilal Adani S.Y. B.Com,"Ahmedabad, India",https://www.adanienterprises.com,2311.75,2238.85,2668245024768,77.16122,29.96,0.00059999997,3743.9,2025.0
2005-11-14 00:00:00+05:30,3.7282976316387813,2314.95,2213.75,3.6177635192871094,1376164,0.0,0.0,ADANIENT.NS,Adani Enterprises Limited,Thermal Coal,Energy,Mr. Gautambhai Shantilal Adani S.Y. B.Com,"Ahmedabad, India",https://www.adanienterprises.com,2311.75,2238.85,2668245024768,77.16122,29.96,0.00059999997,3743.9,2025.0
2005-11-16 00:00:00+05:30,3.644650005638041,2314.95,2213.75,3.64166259765625,1376164,0.0,0.0,ADANIENT.NS,Adani Enterprises Limited,Thermal Coal,Energy,Mr. Gautambhai Shantilal Adani S.Y. B.Com,"Ahmedabad, India",https://www.adanienterprises.com,2311.75,2238.85,2668245024768,77.16122,29.96,0.00059999997,3743.9,2025.0
2005-11-17 00:00:00+05:30,3.638675747605504,2314.95,2213.75,3.8955936431884766,1376164,0.0,0.0,ADANIENT.NS,Adani Enterprises Limited,Thermal Coal,Energy,Mr. Gautambhai Shantilal Adani S.Y. B.Com,"Ahmedabad, India",https://www.adanienterprises.com,2311.75,2238.85,2668245024768,77.16122,29.96,0.00059999997,3743.9,2025.0
2005-11-18 00:00:00+05:30,3.919491233176054,2314.95,2213.75,3.8328564167022705,1376164,0.0,0.0,ADANIENT.NS,Adani Enterprises Limited,Thermal Coal,Energy,Mr. Gautambhai Shantilal Adani S.Y. B.Com,"Ahmedabad, India",https://www.adanienterprises.com,2311.75,2238.85,2668245024768,77.16122,29.96,0.00059999997,3743.9,2025.0
2005-11-21 00:00:00+05:30,3.8328570665551305,2314.95,2213.75,3.7970077991485596,1376164,0.0,0.0,ADANIENT.NS,Adani Enterprises Limited,Thermal Coal,Energy,Mr. Gautambhai Shantilal Adani S.Y. B.Com,"Ahmedabad, India",https://www.adanienterprises.com,2311.75,2238.85,2668245024768,77.16122,29.96,0.00059999997,3743.9,2025.0
2005-11-22 00:00:00+05:30,3.7641471846658585,2314.95,2213.75,3.746222734451294,1376164,0.0,0.0,ADANIENT.NS,Adani Enterprises Limited,Thermal Coal,Energy,Mr. Gautambhai Shantilal Adani S.Y. B.Com,"Ahmedabad, India",https://www.adanienterprises.com,2311.75,2238.85,2668245024768,77.16122,29.96,0.00059999997,3743.9,2025.0
2005-11-23 00:00:00+05:30,3.695435074292167,2314.95,2213.75,3.755183219909668,1376164,0.0,0.0,ADANIENT.NS,Adani Enterprises Limited,Thermal Coal,Energy,Mr. Gautambhai Shantilal Adani S.Y. B.Com,"Ahmedabad, India",https://www.adanienterprises.com,2311.75,2238.85,2668245024768,77.16122,29.96,0.00059999997,3743.9,2025.0
2005-11-24 00:00:00+05:30,3.7940207205483403,2314.95,2213.75,3.7402470111846924,1376164,0.0,0.0,ADANIENT.NS,Adani Enterprises Limited,Thermal Coal,Energy,Mr. Gautambhai Shantilal Adani S.Y. B.Com,"Ahmedabad, India",https://www.adanienterprises.com,2311.75,2238.85,2668245024768,77.16122,29.96,0.00059999997,3743.9,2025.0
2005-11-25 00:00:00+05:30,3.7342722184280897,2314.95,2213.75,3.73725962638855,1376164,0.0,0.0,ADANIENT.NS,Adani Enterprises Limited,Thermal Coal,Energy,Mr. Gautambhai Shantilal Adani S.Y. B.Com,"Ahmedabad, India",https://www.adanienterprises.com,2311.75,2238.85,2668245024768,77.16122,29.96,0.00059999997,3743.9,2025.0
2005-11-28 00:00:00+05:30,3.7940219545907725,2314.95,2213.75,3.82688307762146,1376164,0.0,0.0,ADANIENT.NS,Adani Enterprises Limited,Thermal Coal,Energy,Mr. Gautambhai Shantilal Adani S.Y. B.Com,"Ahmedabad, India",https://www.adanienterprises.com,2311.75,2238.85,2668245024768,77.16122,29.96,0.00059999997,3743.9,2025.0
2005-11-29 00:00:00+05:30,3.8776686269087177,2314.95,2213.75,3.8597445487976074,1376164,0.0,0.0,ADANIENT.NS,Adani Enterprises Limited,Thermal Coal,Energy,Mr. Gautambhai Shantilal Adani S.Y. B.Com,"Ahmedabad, India",https://www.adanienterprises.com,2311.75,2238.85,2668245024768,77.16122,29.96,0.00059999997,3743.9,2025.0
2005-11-30 00:00:00+05:30,3.8836435528328384,2314.95,2213.75,3.78804612159729,1376164,0.0,0.0,ADANIENT.NS,Adani Enterprises Limited,Thermal Coal,Energy,Mr. Gautambhai Shantilal Adani S.Y. B.Com,"Ahmedabad, India",https://www.adanienterprises.com,2311.75,2238.85,2668245024768,77.16122,29.96,0.00059999997,3743.9,2025.0
2005-12-01 00:00:00+05:30,3.7133605471235214,2314.95,2213.75,3.78804612159729,1376164,0.0,0.0,ADANIENT.NS,Adani Enterprises Limited,Thermal Coal,Energy,Mr. Gautambhai Shantilal Adani S.Y. B.Com,"Ahmedabad, India",https://www.adanienterprises.com,2311.75,2238.85,2668245024768,77.16122,29.96,0.00059999997,3743.9,2025.0
2005-12-02 00:00:00+05:30,3.8358440324115417,2314.95,2213.75,3.743234395980835,1376164,0.0,0.0,ADANIENT.NS,Adani Enterprises Limited,Thermal Coal,Energy,Mr. Gautambhai Shantilal Adani S.Y. B.Com,"Ahmedabad, India",https://www.adanienterprises.com,2311.75,2238.85,2668245024768,77.16122,29.96,0.00059999997,3743.9,2025.0
2005-12-05 00:00:00+05:30,3.7940201970846994,2314.95,2213.75,3.8089568614959717,1376164,0.0,0.0,ADANIENT.NS,Adani Enterprises Limited,Thermal Coal,Energy,Mr. Gautambhai Shantilal Adani S.Y. B.Com,"Ahmedabad, India",https://www.adanienterprises.com,2311.75,2238.85,2668245024768,77.16122,29.96,0.00059999997,3743.9,2025.0
2005-12-06 00:00:00+05:30,3.868706213592938,2314.95,2213.75,3.8567562103271484,1376164,0.0,0.0,ADANIENT.NS,Adani Enterprises Limited,Thermal Coal,Energy,Mr. Gautambhai Shantilal Adani S.Y. B.Com,"Ahmedabad, India",https://www.adanienterprises.com,2311.75,2238.85,2668245024768,77.16122,29.96,0.00059999997,3743.9,2025.0
2005-12-07 00:00:00+05:30,3.88364316681785,2314.95,2213.75,3.8059701919555664,1376164,0.0,0.0,ADANIENT.NS,Adani Enterprises Limited,Thermal Coal,Energy,Mr. Gautambhai Shantilal Adani S.Y. B.Com,"Ahmedabad, India",https://www.adanienterprises.com,2311.75,2238.85,2668245024768,77.16122,29.96,0.00059999997,3743.9,2025.0
2005-12-08 00:00:00+05:30,3.8537690999914562,2314.95,2213.75,3.78804612159729,1376164,0.0,0.0,ADANIENT.NS,Adani Enterprises Limited,Thermal Coal,Energy,Mr. Gautambhai Shantilal Adani S.Y. B.Com,"Ahmedabad, India",https://www.adanienterprises.com,2311.75,2238.85,2668245024768,77.16122,29.96,0.00059999997,3743.9,2025.0
2005-12-09 00:00:00+05:30,3.8119442687288294,2314.95,2213.75,3.8089568614959717,1376164,0.0,0.0,ADANIENT.NS,Adani Enterprises Limited,Thermal Coal,Energy,Mr. Gautambhai Shantilal Adani S.Y. B.Com,"Ahmedabad, India",https://www.adanienterprises.com,2311.75,2238.85,2668245024768,77.16122,29.96,0.00059999997,3743.9,2025.0
2005-12-12 00:00:00+05:30,3.847793700399232,2314.95,2213.75,3.8149325847625732,1376164,0.0,0.0,ADANIENT.NS,Adani Enterprises Limited,Thermal Coal,Energy,Mr. Gautambhai Shantilal Adani S.Y. B.Com,"Ahmedabad, India",https://www.adanienterprises.com,2311.75,2238.85,2668245024768,77.16122,29.96,0.00059999997,3743.9,2025.0
2005-12-13 00:00:00+05:30,3.7731093645407205,2314.95,2213.75,3.782071590423584,1376164,0.0,0.0,ADANIENT.NS,Adani Enterprises Limited,Thermal Coal,Energy,Mr. Gautambhai Shantilal Adani S.Y. B.Com,"Ahmedabad, India",https://www.adanienterprises.com,2311.75,2238.85,2668245024768,77.16122,29.96,0.00059999997,3743.9,2025.0
2005-12-14 00:00:00+05:30,3.8507815912318795,2314.95,2213.75,3.7701215744018555,1376164,0.0,0.0,ADANIENT.NS,Adani Enterprises Limited,Thermal Coal,Energy,Mr. Gautambhai Shantilal Adani S.Y. B.Com,"Ahmedabad, India",https://www.adanienterprises.com,2311.75,2238.85,2668245024768,77.16122,29.96,0.00059999997,3743.9,2025.0
2005-12-15 00:00:00+05:30,3.764146109566359,2314.95,2213.75,3.7163472175598145,1376164,0.0,0.0,ADANIENT.NS,Adani Enterprises Limited,Thermal Coal,Energy,Mr. Gautambhai Shantilal Adani S.Y. B.Com,"Ahmedabad, India",https://www.adanienterprises.com,2311.75,2238.85,2668245024768,77.16122,29.96,0.00059999997,3743.9,2025.0
2005-12-16 00:00:00+05:30,3.7611594850357677,2314.95,2213.75,3.722323179244995,1376164,0.0,0.0,ADANIENT.NS,Adani Enterprises Limited,Thermal Coal,Energy,Mr. Gautambhai Shantilal Adani S.Y. B.Com,"Ahmedabad, India",https://www.adanienterprises.com,2311.75,2238.85,2668245024768,77.16122,29.96,0.00059999997,3743.9,2025.0
2005-12-19 00:00:00+05:30,3.755184435454313,2314.95,2213.75,3.752197027206421,1376164,0.0,0.0,ADANIENT.NS,Adani Enterprises Limited,Thermal Coal,Energy,Mr. Gautambhai Shantilal Adani S.Y. B.Com,"Ahmedabad, India",https://www.adanienterprises.com,2311.75,2238.85,2668245024768,77.16122,29.96,0.00059999997,3743.9,2025.0
2005-12-20 00:00:00+05:30,3.7641462493684137,2314.95,2213.75,3.743234395980835,1376164,0.0,0.0,ADANIENT.NS,Adani Enterprises Limited,Thermal Coal,Energy,Mr. Gautambhai Shantilal Adani S.Y. B.Com,"Ahmedabad, India",https://www.adanienterprises.com,2311.75,2238.85,2668245024768,77.16122,29.96,0.00059999997,3743.9,2025.0
2005-12-21 00:00:00+05:30,3.773108633342334,2314.95,2213.75,3.692448616027832,1376164,0.0,0.0,ADANIENT.NS,Adani Enterprises Limited,Thermal Coal,Energy,Mr. Gautambhai Shantilal Adani S.Y. B.Com,"Ahmedabad, India",https://www.adanienterprises.com,2311.75,2238.85,2668245024768,77.16122,29.96,0.00059999997,3743.9,2025.0
2005-12-22 00:00:00+05:30,3.7551839895597467,2314.95,2213.75,3.6864736080169678,1376164,0.0,0.0,ADANIENT.NS,Adani Enterprises Limited,Thermal Coal,Energy,Mr. Gautambhai Shantilal Adani S.Y. B.Com,"Ahmedabad, India",https://www.adanienterprises.com,2311.75,2238.85,2668245024768,77.16122,29.96,0.00059999997,3743.9,2025.0
2005-12-23 00:00:00+05:30,3.728297730641795,2314.95,2213.75,3.635688066482544,1376164,0.0,0.0,ADANIENT.NS,Adani Enterprises Limited,Thermal Coal,Energy,Mr. Gautambhai Shantilal Adani S.Y. B.Com,"Ahmedabad, India",https://www.adanienterprises.com,2311.75,2238.85,2668245024768,77.16122,29.96,0.00059999997,3743.9,2025.0
2005-12-26 00:00:00+05:30,3.659587195809864,2314.95,2213.75,3.5759401321411133,1376164,0.0,0.0,ADANIENT.NS,Adani Enterprises Limited,Thermal Coal,Energy,Mr. Gautambhai Shantilal Adani S.Y. B.Com,"Ahmedabad, India",https://www.adanienterprises.com,2311.75,2238.85,2668245024768,77.16122,29.96,0.00059999997,3743.9,2025.0
2005-12-27 00:00:00+05:30,3.5580144306598744,2314.95,2213.75,3.64166259765625,1376164,0.0,0.0,ADANIENT.NS,Adani Enterprises Limited,Thermal Coal,Energy,Mr. Gautambhai Shantilal Adani S.Y. B.Com,"Ahmedabad, India",https://www.adanienterprises.com,2311.75,2238.85,2668245024768,77.16122,29.96,0.00059999997,3743.9,2025.0
2005-12-28 00:00:00+05:30,3.6565998029571944,2314.95,2213.75,3.590876817703247,1376164,0.0,0.0,ADANIENT.NS,Adani Enterprises Limited,Thermal Coal,Energy,Mr. Gautambhai Shantilal Adani S.Y. B.Com,"Ahmedabad, India",https://www.adanienterprises.com,2311.75,2238.85,2668245024768,77.16122,29.96,0.00059999997,3743.9,2025.0
2005-12-29 00:00:00+05:30,3.6327005008965463,2314.95,2213.75,3.581914186477661,1376164,0.0,0.0,ADANIENT.NS,Adani Enterprises Limited,Thermal Coal,Energy,Mr. Gautambhai Shantilal Adani S.Y. B.Com,"Ahmedabad, India",https://www.adanienterprises.com,2311.75,2238.85,2668245024768,77.16122,29.96,0.00059999997,3743.9,2025.0
2005-12-30 00:00:00+05:30,3.5849009688243494,2314.95,2213.75,3.5221657752990723,1376164,0.0,0.0,ADANIENT.NS,Adani Enterprises Limited,Thermal Coal,Energy,Mr. Gautambhai Shantilal Adani S.Y. B.Com,"Ahmedabad, India",https://www.adanienterprises.com,2311.75,2238.85,2668245024768,77.16122,29.96,0.00059999997,3743.9,2025.0
2006-01-02 00:00:00+05:30,3.56100232310164,2314.95,2213.75,3.578927516937256,1376164,0.0,0.0,ADANIENT.NS,Adani Enterprises Limited,Thermal Coal,Energy,Mr. Gautambhai Shantilal Adani S.Y. B.Com,"Ahmedabad, India",https://www.adanienterprises.com,2311.75,2238.85,2668245024768,77.16122,29.96,0.00059999997,3743.9,2025.0
2006-01-03 00:00:00+05:30,3.6386745018266535,2314.95,2213.75,3.6207504272460938,1376164,0.0,0.0,ADANIENT.NS,Adani Enterprises Limited,Thermal Coal,Energy,Mr. Gautambhai Shantilal Adani S.Y. B.Com,"Ahmedabad, India",https://www.adanienterprises.com,2311.75,2238.85,2668245024768,77.16122,29.96,0.00059999997,3743.9,2025.0
2006-01-04 00:00:00+05:30,3.659586673793889,2314.95,2213.75,3.64166259765625,1376164,0.0,0.0,ADANIENT.NS,Adani Enterprises Limited,Thermal Coal,Energy,Mr. Gautambhai Shantilal Adani S.Y. B.Com,"Ahmedabad, India",https://www.adanienterprises.com,2311.75,2238.85,2668245024768,77.16122,29.96,0.00059999997,3743.9,2025.0
2006-01-05 00:00:00+05:30,3.656599852951673,2314.95,2213.75,3.614776134490967,1376164,0.0,0.0,ADANIENT.NS,Adani Enterprises Limited,Thermal Coal,Energy,Mr. Gautambhai Shantilal Adani S.Y. B.Com,"Ahmedabad, India",https://www.adanienterprises.com,2311.75,2238.85,2668245024768,77.16122,29.96,0.00059999997,3743.9,2025.0
2006-01-06 00:00:00+05:30,3.629712222222867,2314.95,2213.75,3.64166259765625,1376164,0.0,0.0,ADANIENT.NS,Adani Enterprises Limited,Thermal Coal,Energy,Mr. Gautambhai Shantilal Adani S.Y. B.Com,"Ahmedabad, India",https://www.adanienterprises.com,2311.75,2238.85,2668245024768,77.16122,29.96,0.00059999997,3743.9,2025.0
2006-01-09 00:00:00+05:30,3.5938636525067906,2314.95,2213.75,3.647637367248535,1376164,0.0,0.0,ADANIENT.NS,Adani Enterprises Limited,Thermal Coal,Energy,Mr. Gautambhai Shantilal Adani S.Y. B.Com,"Ahmedabad, India",https://www.adanienterprises.com,2311.75,2238.85,2668245024768,77.16122,29.96,0.00059999997,3743.9,2025.0
2006-01-10 00:00:00+05:30,3.692449126242589,2314.95,2213.75,3.614776134490967,1376164,0.0,0.0,ADANIENT.NS,Adani Enterprises Limited,Thermal Coal,Energy,Mr. Gautambhai Shantilal Adani S.Y. B.Com,"Ahmedabad, India",https://www.adanienterprises.com,2311.75,2238.85,2668245024768,77.16122,29.96,0.00059999997,3743.9,2025.0
2006-01-12 00:00:00+05:30,3.6177635666569308,2314.95,2213.75,3.611788749694824,1376164,0.0,0.0,ADANIENT.NS,Adani Enterprises Limited,Thermal Coal,Energy,Mr. Gautambhai Shantilal Adani S.Y. B.Com,"Ahmedabad, India",https://www.adanienterprises.com,2311.75,2238.85,2668245024768,77.16122,29.96,0.00059999997,3743.9,2025.0
2006-01-13 00:00:00+05:30,3.611788950181746,2314.95,2213.75,3.599839687347412,1376164,0.0,0.0,ADANIENT.NS,Adani Enterprises Limited,Thermal Coal,Energy,Mr. Gautambhai Shantilal Adani S.Y. B.Com,"Ahmedabad, India",https://www.adanienterprises.com,2311.75,2238.85,2668245024768,77.16122,29.96,0.00059999997,3743.9,2025.0
2006-01-16 00:00:00+05:30,3.629712720751285,2314.95,2213.75,3.581914186477661,1376164,0.0,0.0,ADANIENT.NS,Adani Enterprises Limited,Thermal Coal,Energy,Mr. Gautambhai Shantilal Adani S.Y. B.Com,"Ahmedabad, India",https://www.adanienterprises.com,2311.75,2238.85,2668245024768,77.16122,29.96,0.00059999997,3743.9,2025.0
2006-01-17 00:00:00+05:30,3.5968510980900543,2314.95,2213.75,3.5849010944366455,1376164,0.0,0.0,ADANIENT.NS,Adani Enterprises Limited,Thermal Coal,Energy,Mr. Gautambhai Shantilal Adani S.Y. B.Com,"Ahmedabad, India",https://www.adanienterprises.com,2311.75,2238.85,2668245024768,77.16122,29.96,0.00059999997,3743.9,2025.0
2006-01-18 00:00:00+05:30,3.5729523907055816,2314.95,2213.75,3.5878894329071045,1376164,0.0,0.0,ADANIENT.NS,Adani Enterprises Limited,Thermal Coal,Energy,Mr. Gautambhai Shantilal Adani S.Y. B.Com,"Ahmedabad, India",https://www.adanienterprises.com,2311.75,2238.85,2668245024768,77.16122,29.96,0.00059999997,3743.9,2025.0
2006-01-19 00:00:00+05:30,3.632700118076984,2314.95,2213.75,3.626725673675537,1376164,0.0,0.0,ADANIENT.NS,Adani Enterprises Limited,Thermal Coal,Energy,Mr. Gautambhai Shantilal Adani S.Y. B.Com,"Ahmedabad, India",https://www.adanienterprises.com,2311.75,2238.85,2668245024768,77.16122,29.96,0.00059999997,3743.9,2025.0
2006-01-20 00:00:00+05:30,3.659586726640992,2314.95,2213.75,3.6655619144439697,1376164,0.0,0.0,ADANIENT.NS,Adani Enterprises Limited,Thermal Coal,Energy,Mr. Gautambhai Shantilal Adani S.Y. B.Com,"Ahmedabad, India",https://www.adanienterprises.com,2311.75,2238.85,2668245024768,77.16122,29.96,0.00059999997,3743.9,2025.0
2006-01-23 00:00:00+05:30,3.5998384129635808,2314.95,2213.75,3.596850633621216,1376164,0.0,0.0,ADANIENT.NS,Adani Enterprises Limited,Thermal Coal,Energy,Mr. Gautambhai Shantilal Adani S.Y. B.Com,"Ahmedabad, India",https://www.adanienterprises.com,2311.75,2238.85,2668245024768,77.16122,29.96,0.00059999997,3743.9,2025.0
2006-01-24 00:00:00+05:30,3.632699686382108,2314.95,2213.75,3.6207504272460938,1376164,0.0,0.0,ADANIENT.NS,Adani Enterprises Limited,Thermal Coal,Energy,Mr. Gautambhai Shantilal Adani S.Y. B.Com,"Ahmedabad, India",https://www.adanienterprises.com,2311.75,2238.85,2668245024768,77.16122,29.96,0.00059999997,3743.9,2025.0
2006-01-25 00:00:00+05:30,3.465404920530294,2314.95,2213.75,3.590876817703247,1376164,0.0,0.0,ADANIENT.NS,Adani Enterprises Limited,Thermal Coal,Energy,Mr. Gautambhai Shantilal Adani S.Y. B.Com,"Ahmedabad, India",https://www.adanienterprises.com,2311.75,2238.85,2668245024768,77.16122,29.96,0.00059999997,3743.9,2025.0
2006-01-27 00:00:00+05:30,3.584901629108816,2314.95,2213.75,3.590876817703247,1376164,0.0,0.0,ADANIENT.NS,Adani Enterprises Limited,Thermal Coal,Energy,Mr. Gautambhai Shantilal Adani S.Y. B.Com,"Ahmedabad, India",https://www.adanienterprises.com,2311.75,2238.85,2668245024768,77.16122,29.96,0.00059999997,3743.9,2025.0
2006-01-30 00:00:00+05:30,3.6416634084037516,2314.95,2213.75,3.599839687347412,1376164,0.0,0.0,ADANIENT.NS,Adani Enterprises Limited,Thermal Coal,Energy,Mr. Gautambhai Shantilal Adani S.Y. B.Com,"Ahmedabad, India",https://www.adanienterprises.com,2311.75,2238.85,2668245024768,77.16122,29.96,0.00059999997,3743.9,2025.0
2006-01-31 00:00:00+05:30,3.5998388778182373,2314.95,2213.75,3.5849010944366455,1376164,0.0,0.0,ADANIENT.NS,Adani Enterprises Limited,Thermal Coal,Energy,Mr. Gautambhai Shantilal Adani S.Y. B.Com,"Ahmedabad, India",https://www.adanienterprises.com,2311.75,2238.85,2668245024768,77.16122,29.96,0.00059999997,3743.9,2025.0
2006-02-01 00:00:00+05:30,3.5849010536820036,2314.95,2213.75,3.5729517936706543,1376164,0.0,0.0,ADANIENT.NS,Adani Enterprises Limited,Thermal Coal,Energy,Mr. Gautambhai Shantilal Adani S.Y. B.Com,"Ahmedabad, India",https://www.adanienterprises.com,2311.75,2238.85,2668245024768,77.16122,29.96,0.00059999997,3743.9,2025.0
2006-02-02 00:00:00+05:30,3.552040391812608,2314.95,2213.75,3.4713799953460693,1376164,0.0,0.0,ADANIENT.NS,Adani Enterprises Limited,Thermal Coal,Energy,Mr. Gautambhai Shantilal Adani S.Y. B.Com,"Ahmedabad, India",https://www.adanienterprises.com,2311.75,2238.85,2668245024768,77.16122,29.96,0.00059999997,3743.9,2025.0
2006-02-03 00:00:00+05:30,3.4893036474137316,2314.95,2213.75,3.450467348098755,1376164,0.0,0.0,ADANIENT.NS,Adani Enterprises Limited,Thermal Coal,Energy,Mr. Gautambhai Shantilal Adani S.Y. B.Com,"Ahmedabad, India",https://www.adanienterprises.com,2311.75,2238.85,2668245024768,77.16122,29.96,0.00059999997,3743.9,2025.0
2006-02-06 00:00:00+05:30,3.4176058697063283,2314.95,2213.75,3.5550270080566406,1376164,0.0,0.0,ADANIENT.NS,Adani Enterprises Limited,Thermal Coal,Energy,Mr. Gautambhai Shantilal Adani S.Y. B.Com,"Ahmedabad, India",https://www.adanienterprises.com,2311.75,2238.85,2668245024768,77.16122,29.96,0.00059999997,3743.9,2025.0
2006-02-07 00:00:00+05:30,3.5789272218488977,2314.95,2213.75,3.4982664585113525,1376164,0.0,0.0,ADANIENT.NS,Adani Enterprises Limited,Thermal Coal,Energy,Mr. Gautambhai Shantilal Adani S.Y. B.Com,"Ahmedabad, India",https://www.adanienterprises.com,2311.75,2238.85,2668245024768,77.16122,29.96,0.00059999997,3743.9,2025.0
2006-02-08 00:00:00+05:30,3.4654042771641556,2314.95,2213.75,3.4474802017211914,1376164,0.0,0.0,ADANIENT.NS,Adani Enterprises Limited,Thermal Coal,Energy,Mr. Gautambhai Shantilal Adani S.Y. B.Com,"Ahmedabad, India",https://www.adanienterprises.com,2311.75,2238.85,2668245024768,77.16122,29.96,0.00059999997,3743.9,2025.0
2006-02-10 00:00:00+05:30,3.4833284603814385,2314.95,2213.75,3.450467348098755,1376164,0.0,0.0,ADANIENT.NS,Adani Enterprises Limited,Thermal Coal,Energy,Mr. Gautambhai Shantilal Adani S.Y. B.Com,"Ahmedabad, India",https://www.adanienterprises.com,2311.75,2238.85,2668245024768,77.16122,29.96,0.00059999997,3743.9,2025.0
2006-02-13 00:00:00+05:30,3.4773541184749357,2314.95,2213.75,3.4683918952941895,1376164,0.0,0.0,ADANIENT.NS,Adani Enterprises Limited,Thermal Coal,Energy,Mr. Gautambhai Shantilal Adani S.Y. B.Com,"Ahmedabad, India",https://www.adanienterprises.com,2311.75,2238.85,2668245024768,77.16122,29.96,0.00059999997,3743.9,2025.0
2006-02-14 00:00:00+05:30,3.5251531963015963,2314.95,2213.75,3.462416887283325,1376164,0.0,0.0,ADANIENT.NS,Adani Enterprises Limited,Thermal Coal,Energy,Mr. Gautambhai Shantilal Adani S.Y. B.Com,"Ahmedabad, India",https://www.adanienterprises.com,2311.75,2238.85,2668245024768,77.16122,29.96,0.00059999997,3743.9,2025.0
2006-02-15 00:00:00+05:30,3.4922913378516967,2314.95,2213.75,3.462416887283325,1376164,0.0,0.0,ADANIENT.NS,Adani Enterprises Limited,Thermal Coal,Energy,Mr. Gautambhai Shantilal Adani S.Y. B.Com,"Ahmedabad, India",https://www.adanienterprises.com,2311.75,2238.85,2668245024768,77.16122,29.96,0.00059999997,3743.9,2025.0
2006-02-16 00:00:00+05:30,3.4922919347146157,2314.95,2213.75,3.581914186477661,1376164,0.0,0.0,ADANIENT.NS,Adani Enterprises Limited,Thermal Coal,Energy,Mr. Gautambhai Shantilal Adani S.Y. B.Com,"Ahmedabad, India",https://www.adanienterprises.com,2311.75,2238.85,2668245024768,77.16122,29.96,0.00059999997,3743.9,2025.0
2006-02-17 00:00:00+05:30,3.5819142897391196,2314.95,2213.75,3.465404987335205,1376164,0.0,0.0,ADANIENT.NS,Adani Enterprises Limited,Thermal Coal,Energy,Mr. Gautambhai Shantilal Adani S.Y. B.Com,"Ahmedabad, India",https://www.adanienterprises.com,2311.75,2238.85,2668245024768,77.16122,29.96,0.00059999997,3743.9,2025.0
2006-02-20 00:00:00+05:30,3.468392043856185,2314.95,2213.75,3.435530185699463,1376164,0.0,0.0,ADANIENT.NS,Adani Enterprises Limited,Thermal Coal,Energy,Mr. Gautambhai Shantilal Adani S.Y. B.Com,"Ahmedabad, India",https://www.adanienterprises.com,2311.75,2238.85,2668245024768,77.16122,29.96,0.00059999997,3743.9,2025.0
2006-02-21 00:00:00+05:30,3.4654050347811713,2314.95,2213.75,3.45943021774292,1376164,0.0,0.0,ADANIENT.NS,Adani Enterprises Limited,Thermal Coal,Energy,Mr. Gautambhai Shantilal Adani S.Y. B.Com,"Ahmedabad, India",https://www.adanienterprises.com,2311.75,2238.85,2668245024768,77.16122,29.96,0.00059999997,3743.9,2025.0
2006-02-22 00:00:00+05:30,3.4534548566596124,2314.95,2213.75,3.4683918952941895,1376164,0.0,0.0,ADANIENT.NS,Adani Enterprises Limited,Thermal Coal,Energy,Mr. Gautambhai Shantilal Adani S.Y. B.Com,"Ahmedabad, India",https://www.adanienterprises.com,2311.75,2238.85,2668245024768,77.16122,29.96,0.00059999997,3743.9,2025.0
2006-02-23 00:00:00+05:30,3.4683926551544486,2314.95,2213.75,3.4325437545776367,1376164,0.0,0.0,ADANIENT.NS,Adani Enterprises Limited,Thermal Coal,Energy,Mr. Gautambhai Shantilal Adani S.Y. B.Com,"Ahmedabad, India",https://www.adanienterprises.com,2311.75,2238.85,2668245024768,77.16122,29.96,0.00059999997,3743.9,2025.0
2006-02-24 00:00:00+05:30,3.4504682048660427,2314.95,2213.75,3.4325437545776367,1376164,0.0,0.0,ADANIENT.NS,Adani Enterprises Limited,Thermal Coal,Energy,Mr. Gautambhai Shantilal Adani S.Y. B.Com,"Ahmedabad, India",https://www.adanienterprises.com,2311.75,2238.85,2668245024768,77.16122,29.96,0.00059999997,3743.9,2025.0
2006-02-27 00:00:00+05:30,3.4444926249981473,2314.95,2213.75,3.4385178089141846,1376164,0.0,0.0,ADANIENT.NS,Adani Enterprises Limited,Thermal Coal,Energy,Mr. Gautambhai Shantilal Adani S.Y. B.Com,"Ahmedabad, India",https://www.adanienterprises.com,2311.75,2238.85,2668245024768,77.16122,29.96,0.00059999997,3743.9,2025.0
2006-02-28 00:00:00+05:30,3.486316555560348,2314.95,2213.75,3.4415054321289062,1376164,0.0,0.0,ADANIENT.NS,Adani Enterprises Limited,Thermal Coal,Energy,Mr. Gautambhai Shantilal Adani S.Y. B.Com,"Ahmedabad, India",https://www.adanienterprises.com,2311.75,2238.85,2668245024768,77.16122,29.96,0.00059999997,3743.9,2025.0
2006-03-01 00:00:00+05:30,3.4116305992322413,2314.95,2213.75,3.4564428329467773,1376164,0.0,0.0,ADANIENT.NS,Adani Enterprises Limited,Thermal Coal,Energy,Mr. Gautambhai Shantilal Adani S.Y. B.Com,"Ahmedabad, India",https://www.adanienterprises.com,2311.75,2238.85,2668245024768,77.16122,29.96,0.00059999997,3743.9,2025.0
2006-03-02 00:00:00+05:30,3.4654042771641556,2314.95,2213.75,3.4474802017211914,1376164,0.0,0.0,ADANIENT.NS,Adani Enterprises Limited,Thermal Coal,Energy,Mr. Gautambhai Shantilal Adani S.Y. B.Com,"Ahmedabad, India",https://www.adanienterprises.com,2311.75,2238.85,2668245024768,77.16122,29.96,0.00059999997,3743.9,2025.0
2006-03-03 00:00:00+05:30,3.4773534764548883,2314.95,2213.75,3.426567554473877,1376164,0.0,0.0,ADANIENT.NS,Adani Enterprises Limited,Thermal Coal,Energy,Mr. Gautambhai Shantilal Adani S.Y. B.Com,"Ahmedabad, India",https://www.adanienterprises.com,2311.75,2238.85,2668245024768,77.16122,29.96,0.00059999997,3743.9,2025.0
2006-03-06 00:00:00+05:30,3.495279035108154,2314.95,2213.75,3.408644199371338,1376164,0.0,0.0,ADANIENT.NS,Adani Enterprises Limited,Thermal Coal,Energy,Mr. Gautambhai Shantilal Adani S.Y. B.Com,"Ahmedabad, India",https://www.adanienterprises.com,2311.75,2238.85,2668245024768,77.16122,29.96,0.00059999997,3743.9,2025.0
2006-03-07 00:00:00+05:30,3.441505216163038,2314.95,2213.75,3.3638322353363037,1376164,0.0,0.0,ADANIENT.NS,Adani Enterprises Limited,Thermal Coal,Energy,Mr. Gautambhai Shantilal Adani S.Y. B.Com,"Ahmedabad, India",https://www.adanienterprises.com,2311.75,2238.85,2668245024768,77.16122,29.96,0.00059999997,3743.9,2025.0
2006-03-08 00:00:00+05:30,3.402669354513699,2314.95,2213.75,3.3817574977874756,1376164,0.0,0.0,ADANIENT.NS,Adani Enterprises Limited,Thermal Coal,Energy,Mr. Gautambhai Shantilal Adani S.Y. B.Com,"Ahmedabad, India",https://www.adanienterprises.com,2311.75,2238.85,2668245024768,77.16122,29.96,0.00059999997,3743.9,2025.0
2006-03-09 00:00:00+05:30,3.4265693336935734,2314.95,2213.75,3.3996822834014893,1376164,0.0,0.0,ADANIENT.NS,Adani Enterprises Limited,Thermal Coal,Energy,Mr. Gautambhai Shantilal Adani S.Y. B.Com,"Ahmedabad, India",https://www.adanienterprises.com,2311.75,2238.85,2668245024768,77.16122,29.96,0.00059999997,3743.9,2025.0
2006-03-10 00:00:00+05:30,3.3608456060245993,2314.95,2213.75,3.3727948665618896,1376164,0.0,0.0,ADANIENT.NS,Adani Enterprises Limited,Thermal Coal,Energy,Mr. Gautambhai Shantilal Adani S.Y. B.Com,"Ahmedabad, India",https://www.adanienterprises.com,2311.75,2238.85,2668245024768,77.16122,29.96,0.00059999997,3743.9,2025.0
2006-03-13 00:00:00+05:30,3.3757824737051894,2314.95,2213.75,3.3608458042144775,1376164,0.0,0.0,ADANIENT.NS,Adani Enterprises Limited,Thermal Coal,Energy,Mr. Gautambhai Shantilal Adani S.Y. B.Com,"Ahmedabad, India",https://www.adanienterprises.com,2311.75,2238.85,2668245024768,77.16122,29.96,0.00059999997,3743.9,2025.0
2006-03-14 00:00:00+05:30,3.357857056682377,2314.95,2213.75,3.3488948345184326,1376164,0.0,0.0,ADANIENT.NS,Adani Enterprises Limited,Thermal Coal,Energy,Mr. Gautambhai Shantilal Adani S.Y. B.Com,"Ahmedabad, India",https://www.adanienterprises.com,2311.75,2238.85,2668245024768,77.16122,29.96,0.00059999997,3743.9,2025.0
2006-03-16 00:00:00+05:30,3.3966942203200725,2314.95,2213.75,3.3309712409973145,1376164,0.0,0.0,ADANIENT.NS,Adani Enterprises Limited,Thermal Coal,Energy,Mr. Gautambhai Shantilal Adani S.Y. B.Com,"Ahmedabad, India",https://www.adanienterprises.com,2311.75,2238.85,2668245024768,77.16122,29.96,0.00059999997,3743.9,2025.0
2006-03-17 00:00:00+05:30,3.298109379582806,2314.95,2213.75,3.3309712409973145,1376164,0.0,0.0,ADANIENT.NS,Adani Enterprises Limited,Thermal Coal,Energy,Mr. Gautambhai Shantilal Adani S.Y. B.Com,"Ahmedabad, India",https://www.adanienterprises.com,2311.75,2238.85,2668245024768,77.16122,29.96,0.00059999997,3743.9,2025.0
2006-03-20 00:00:00+05:30,3.3757822392545918,2314.95,2213.75,3.3638322353363037,1376164,0.0,0.0,ADANIENT.NS,Adani Enterprises Limited,Thermal Coal,Energy,Mr. Gautambhai Shantilal Adani S.Y. B.Com,"Ahmedabad, India",https://www.adanienterprises.com,2311.75,2238.85,2668245024768,77.16122,29.96,0.00059999997,3743.9,2025.0
2006-03-21 00:00:00+05:30,3.4026694083752713,2314.95,2213.75,3.3309712409973145,1376164,0.0,0.0,ADANIENT.NS,Adani Enterprises Limited,Thermal Coal,Energy,Mr. Gautambhai Shantilal Adani S.Y. B.Com,"Ahmedabad, India",https://www.adanienterprises.com,2311.75,2238.85,2668245024768,77.16122,29.96,0.00059999997,3743.9,2025.0
2006-03-22 00:00:00+05:30,3.396694867768398,2314.95,2213.75,3.298110008239746,1376164,0.0,0.0,ADANIENT.NS,Adani Enterprises Limited,Thermal Coal,Energy,Mr. Gautambhai Shantilal Adani S.Y. B.Com,"Ahmedabad, India",https://www.adanienterprises.com,2311.75,2238.85,2668245024768,77.16122,29.96,0.00059999997,3743.9,2025.0
2006-03-23 00:00:00+05:30,3.3160327600482264,2314.95,2213.75,3.301095724105835,1376164,0.0,0.0,ADANIENT.NS,Adani Enterprises Limited,Thermal Coal,Energy,Mr. Gautambhai Shantilal Adani S.Y. B.Com,"Ahmedabad, India",https://www.adanienterprises.com,2311.75,2238.85,2668245024768,77.16122,29.96,0.00059999997,3743.9,2025.0
2006-03-24 00:00:00+05:30,3.3249961394540186,2314.95,2213.75,3.4415054321289062,1376164,0.0,0.0,ADANIENT.NS,Adani Enterprises Limited,Thermal Coal,Energy,Mr. Gautambhai Shantilal Adani S.Y. B.Com,"Ahmedabad, India",https://www.adanienterprises.com,2311.75,2238.85,2668245024768,77.16122,29.96,0.00059999997,3743.9,2025.0
2006-03-27 00:00:00+05:30,3.486316441048426,2314.95,2213.75,3.561002016067505,1376164,0.0,0.0,ADANIENT.NS,Adani Enterprises Limited,Thermal Coal,Energy,Mr. Gautambhai Shantilal Adani S.Y. B.Com,"Ahmedabad, India",https://www.adanienterprises.com,2311.75,2238.85,2668245024768,77.16122,29.96,0.00059999997,3743.9,2025.0
2006-03-28 00:00:00+05:30,3.6984244737079246,2314.95,2213.75,3.4922921657562256,1376164,0.0,0.0,ADANIENT.NS,Adani Enterprises Limited,Thermal Coal,Energy,Mr. Gautambhai Shantilal Adani S.Y. B.Com,"Ahmedabad, India",https://www.adanienterprises.com,2311.75,2238.85,2668245024768,77.16122,29.96,0.00059999997,3743.9,2025.0
2006-03-29 00:00:00+05:30,3.552039907918279,2314.95,2213.75,3.546065092086792,1376164,0.0,0.0,ADANIENT.NS,Adani Enterprises Limited,Thermal Coal,Energy,Mr. Gautambhai Shantilal Adani S.Y. B.Com,"Ahmedabad, India",https://www.adanienterprises.com,2311.75,2238.85,2668245024768,77.16122,29.96,0.00059999997,3743.9,2025.0
2006-03-30 00:00:00+05:30,3.6386755486347555,2314.95,2213.75,3.510216236114502,1376164,0.0,0.0,ADANIENT.NS,Adani Enterprises Limited,Thermal Coal,Energy,Mr. Gautambhai Shantilal Adani S.Y. B.Com,"Ahmedabad, India",https://www.adanienterprises.com,2311.75,2238.85,2668245024768,77.16122,29.96,0.00059999997,3743.9,2025.0
2006-03-31 00:00:00+05:30,3.566977535164175,2314.95,2213.75,3.5759401321411133,1376164,0.0,0.0,ADANIENT.NS,Adani Enterprises Limited,Thermal Coal,Energy,Mr. Gautambhai Shantilal Adani S.Y. B.Com,"Ahmedabad, India",https://www.adanienterprises.com,2311.75,2238.85,2668245024768,77.16122,29.96,0.00059999997,3743.9,2025.0
2006-04-03 00:00:00+05:30,3.5849020962088853,2314.95,2213.75,3.8388333320617676,1376164,0.0,0.0,ADANIENT.NS,Adani Enterprises Limited,Thermal Coal,Energy,Mr. Gautambhai Shantilal Adani S.Y. B.Com,"Ahmedabad, India",https://www.adanienterprises.com,2311.75,2238.85,2668245024768,77.16122,29.96,0.00059999997,3743.9,2025.0
2006-04-04 00:00:00+05:30,3.877668902732757,2314.95,2213.75,3.811945915222168,1376164,0.0,0.0,ADANIENT.NS,Adani Enterprises Limited,Thermal Coal,Energy,Mr. Gautambhai Shantilal Adani S.Y. B.Com,"Ahmedabad, India",https://www.adanienterprises.com,2311.75,2238.85,2668245024768,77.16122,29.96,0.00059999997,3743.9,2025.0
2006-04-05 00:00:00+05:30,3.8507813091339487,2314.95,2213.75,3.8059701919555664,1376164,0.0,0.0,ADANIENT.NS,Adani Enterprises Limited,Thermal Coal,Energy,Mr. Gautambhai Shantilal Adani S.Y. B.Com,"Ahmedabad, India",https://www.adanienterprises.com,2311.75,2238.85,2668245024768,77.16122,29.96,0.00059999997,3743.9,2025.0
2006-04-07 00:00:00+05:30,3.841819751075842,2314.95,2213.75,3.8298697471618652,1376164,0.0,0.0,ADANIENT.NS,Adani Enterprises Limited,Thermal Coal,Energy,Mr. Gautambhai Shantilal Adani S.Y. B.Com,"Ahmedabad, India",https://www.adanienterprises.com,2311.75,2238.85,2668245024768,77.16122,29.96,0.00059999997,3743.9,2025.0
2006-04-10 00:00:00+05:30,3.841819519442645,2314.95,2213.75,3.767133951187134,1376164,0.0,0.0,ADANIENT.NS,Adani Enterprises Limited,Thermal Coal,Energy,Mr. Gautambhai Shantilal Adani S.Y. B.Com,"Ahmedabad, India",https://www.adanienterprises.com,2311.75,2238.85,2668245024768,77.16122,29.96,0.00059999997,3743.9,2025.0
2006-04-12 00:00:00+05:30,3.764146379110299,2314.95,2213.75,3.6506245136260986,1376164,0.0,0.0,ADANIENT.NS,Adani Enterprises Limited,Thermal Coal,Energy,Mr. Gautambhai Shantilal Adani S.Y. B.Com,"Ahmedabad, India",https://www.adanienterprises.com,2311.75,2238.85,2668245024768,77.16122,29.96,0.00059999997,3743.9,2025.0
2006-04-13 00:00:00+05:30,3.7014112143702738,2314.95,2213.75,3.5430781841278076,1376164,0.0,0.0,ADANIENT.NS,Adani Enterprises Limited,Thermal Coal,Energy,Mr. Gautambhai Shantilal Adani S.Y. B.Com,"Ahmedabad, India",https://www.adanienterprises.com,2311.75,2238.85,2668245024768,77.16122,29.96,0.00059999997,3743.9,2025.0
2006-04-17 00:00:00+05:30,3.5669765577281654,2314.95,2213.75,3.596850633621216,1376164,0.0,0.0,ADANIENT.NS,Adani Enterprises Limited,Thermal Coal,Energy,Mr. Gautambhai Shantilal Adani S.Y. B.Com,"Ahmedabad, India",https://www.adanienterprises.com,2311.75,2238.85,2668245024768,77.16122,29.96,0.00059999997,3743.9,2025.0
2006-04-18 00:00:00+05:30,3.614775508113484,2314.95,2213.75,3.647637367248535,1376164,0.0,0.0,ADANIENT.NS,Adani Enterprises Limited,Thermal Coal,Energy,Mr. Gautambhai Shantilal Adani S.Y. B.Com,"Ahmedabad, India",https://www.adanienterprises.com,2311.75,2238.85,2668245024768,77.16122,29.96,0.00059999997,3743.9,2025.0
2006-04-19 00:00:00+05:30,3.6924486750983605,2314.95,2213.75,3.6237382888793945,1376164,0.0,0.0,ADANIENT.NS,Adani Enterprises Limited,Thermal Coal,Energy,Mr. Gautambhai Shantilal Adani S.Y. B.Com,"Ahmedabad, India",https://www.adanienterprises.com,2311.75,2238.85,2668245024768,77.16122,29.96,0.00059999997,3743.9,2025.0
2006-04-20 00:00:00+05:30,3.56996486802892,2314.95,2213.75,3.6327004432678223,1376164,0.0,0.0,ADANIENT.NS,Adani Enterprises Limited,Thermal Coal,Energy,Mr. Gautambhai Shantilal Adani S.Y. B.Com,"Ahmedabad, India",https://www.adanienterprises.com,2311.75,2238.85,2668245024768,77.16122,29.96,0.00059999997,3743.9,2025.0
2006-04-21 00:00:00+05:30,3.641661900720586,2314.95,2213.75,3.593863010406494,1376164,0.0,0.0,ADANIENT.NS,Adani Enterprises Limited,Thermal Coal,Energy,Mr. Gautambhai Shantilal Adani S.Y. B.Com,"Ahmedabad, India",https://www.adanienterprises.com,2311.75,2238.85,2668245024768,77.16122,29.96,0.00059999997,3743.9,2025.0
2006-04-24 00:00:00+05:30,3.6117886374544743,2314.95,2213.75,3.578927516937256,1376164,0.0,0.0,ADANIENT.NS,Adani Enterprises Limited,Thermal Coal,Energy,Mr. Gautambhai Shantilal Adani S.Y. B.Com,"Ahmedabad, India",https://www.adanienterprises.com,2311.75,2238.85,2668245024768,77.16122,29.96,0.00059999997,3743.9,2025.0
2006-04-25 00:00:00+05:30,3.5699644263143773,2314.95,2213.75,3.5849010944366455,1376164,0.0,0.0,ADANIENT.NS,Adani Enterprises Limited,Thermal Coal,Energy,Mr. Gautambhai Shantilal Adani S.Y. B.Com,"Ahmedabad, India",https://www.adanienterprises.com,2311.75,2238.85,2668245024768,77.16122,29.96,0.00059999997,3743.9,2025.0
2006-04-26 00:00:00+05:30,3.6088009222081325,2314.95,2213.75,3.6177635192871094,1376164,0.0,0.0,ADANIENT.NS,Adani Enterprises Limited,Thermal Coal,Energy,Mr. Gautambhai Shantilal Adani S.Y. B.Com,"Ahmedabad, India",https://www.adanienterprises.com,2311.75,2238.85,2668245024768,77.16122,29.96,0.00059999997,3743.9,2025.0
2006-04-27 00:00:00+05:30,3.6207502660887165,2314.95,2213.75,3.596850633621216,1376164,0.0,0.0,ADANIENT.NS,Adani Enterprises Limited,Thermal Coal,Energy,Mr. Gautambhai Shantilal Adani S.Y. B.Com,"Ahmedabad, India",https://www.adanienterprises.com,2311.75,2238.85,2668245024768,77.16122,29.96,0.00059999997,3743.9,2025.0
2006-04-28 00:00:00+05:30,3.5251530540414056,2314.95,2213.75,3.5699641704559326,1376164,0.0,0.0,ADANIENT.NS,Adani Enterprises Limited,Thermal Coal,Energy,Mr. Gautambhai Shantilal Adani S.Y. B.Com,"Ahmedabad, India",https://www.adanienterprises.com,2311.75,2238.85,2668245024768,77.16122,29.96,0.00059999997,3743.9,2025.0
2006-05-02 00:00:00+05:30,3.7043977814148215,2314.95,2213.75,4.352668285369873,1376164,0.0,0.0,ADANIENT.NS,Adani Enterprises Limited,Thermal Coal,Energy,Mr. Gautambhai Shantilal Adani S.Y. B.Com,"Ahmedabad, India",https://www.adanienterprises.com,2311.75,2238.85,2668245024768,77.16122,29.96,0.00059999997,3743.9,2025.0
2006-05-03 00:00:00+05:30,4.660371254702101,2314.95,2213.75,5.224992752075195,1376164,0.0,0.0,ADANIENT.NS,Adani Enterprises Limited,Thermal Coal,Energy,Mr. Gautambhai Shantilal Adani S.Y. B.Com,"Ahmedabad, India",https://www.adanienterprises.com,2311.75,2238.85,2668245024768,77.16122,29.96,0.00059999997,3743.9,2025.0
2006-05-04 00:00:00+05:30,5.496849019315322,2314.95,2213.75,6.270590305328369,1376164,0.0,0.0,ADANIENT.NS,Adani Enterprises Limited,Thermal Coal,Energy,Mr. Gautambhai Shantilal Adani S.Y. B.Com,"Ahmedabad, India",https://www.adanienterprises.com,2311.75,2238.85,2668245024768,77.16122,29.96,0.00059999997,3743.9,2025.0
2006-05-05 00:00:00+05:30,6.503608758160335,2314.95,2213.75,6.897947311401367,1376164,0.0,0.0,ADANIENT.NS,Adani Enterprises Limited,Thermal Coal,Energy,Mr. Gautambhai Shantilal Adani S.Y. B.Com,"Ahmedabad, India",https://www.adanienterprises.com,2311.75,2238.85,2668245024768,77.16122,29.96,0.00059999997,3743.9,2025.0
2006-05-08 00:00:00+05:30,7.1698021402737595,2314.95,2213.75,7.480494022369385,1376164,0.0,0.0,ADANIENT.NS,Adani Enterprises Limited,Thermal Coal,Energy,Mr. Gautambhai Shantilal Adani S.Y. B.Com,"Ahmedabad, India",https://www.adanienterprises.com,2311.75,2238.85,2668245024768,77.16122,29.96,0.00059999997,3743.9,2025.0
2006-05-09 00:00:00+05:30,7.528293713453367,2314.95,2213.75,7.57609224319458,1376164,0.0,0.0,ADANIENT.NS,Adani Enterprises Limited,Thermal Coal,Energy,Mr. Gautambhai Shantilal Adani S.Y. B.Com,"Ahmedabad, India",https://www.adanienterprises.com,2311.75,2238.85,2668245024768,77.16122,29.96,0.00059999997,3743.9,2025.0
2006-05-10 00:00:00+05:30,7.582066341481359,2314.95,2213.75,8.334896087646484,1376164,0.0,0.0,ADANIENT.NS,Adani Enterprises Limited,Thermal Coal,Energy,Mr. Gautambhai Shantilal Adani S.Y. B.Com,"Ahmedabad, India",https://www.adanienterprises.com,2311.75,2238.85,2668245024768,77.16122,29.96,0.00059999997,3743.9,2025.0
2006-05-11 00:00:00+05:30,8.944329908855115,2314.95,2213.75,9.16838550567627,1376164,0.0,0.0,ADANIENT.NS,Adani Enterprises Limited,Thermal Coal,Energy,Mr. Gautambhai Shantilal Adani S.Y. B.Com,"Ahmedabad, India",https://www.adanienterprises.com,2311.75,2238.85,2668245024768,77.16122,29.96,0.00059999997,3743.9,2025.0
2006-05-12 00:00:00+05:30,9.260995621256779,2314.95,2213.75,9.628447532653809,1376164,0.0,0.0,ADANIENT.NS,Adani Enterprises Limited,Thermal Coal,Energy,Mr. Gautambhai Shantilal Adani S.Y. B.Com,"Ahmedabad, India",https://www.adanienterprises.com,2311.75,2238.85,2668245024768,77.16122,29.96,0.00059999997,3743.9,2025.0
2006-05-15 00:00:00+05:30,10.112409591674805,2314.95,2213.75,10.112409591674805,1376164,0.0,0.0,ADANIENT.NS,Adani Enterprises Limited,Thermal Coal,Energy,Mr. Gautambhai Shantilal Adani S.Y. B.Com,"Ahmedabad, India",https://www.adanienterprises.com,2311.75,2238.85,2668245024768,77.16122,29.96,0.00059999997,3743.9,2025.0
2006-05-16 00:00:00+05:30,10.620270618571523,2314.95,2213.75,10.545584678649902,1376164,0.0,0.0,ADANIENT.NS,Adani Enterprises Limited,Thermal Coal,Energy,Mr. Gautambhai Shantilal Adani S.Y. B.Com,"Ahmedabad, India",https://www.adanienterprises.com,2311.75,2238.85,2668245024768,77.16122,29.96,0.00059999997,3743.9,2025.0
2006-05-17 00:00:00+05:30,10.814454829898697,2314.95,2213.75,11.074360847473145,1376164,0.0,0.0,ADANIENT.NS,Adani Enterprises Limited,Thermal Coal,Energy,Mr. Gautambhai Shantilal Adani S.Y. B.Com,"Ahmedabad, India",https://www.adanienterprises.com,2311.75,2238.85,2668245024768,77.16122,29.96,0.00059999997,3743.9,2025.0
2006-05-18 00:00:00+05:30,11.570268848955354,2314.95,2213.75,11.328288078308105,1376164,0.0,0.0,ADANIENT.NS,Adani Enterprises Limited,Thermal Coal,Energy,Mr. Gautambhai Shantilal Adani S.Y. B.Com,"Ahmedabad, India",https://www.adanienterprises.com,2311.75,2238.85,2668245024768,77.16122,29.96,0.00059999997,3743.9,2025.0
2006-05-19 00:00:00+05:30,11.895900477313326,2314.95,2213.75,10.856279373168945,1376164,0.0,0.0,ADANIENT.NS,Adani Enterprises Limited,Thermal Coal,Energy,Mr. Gautambhai Shantilal Adani S.Y. B.Com,"Ahmedabad, India",https://www.adanienterprises.com,2311.75,2238.85,2668245024768,77.16122,29.96,0.00059999997,3743.9,2025.0
2006-05-22 00:00:00+05:30,11.05344763651992,2314.95,2213.75,10.315555572509766,1376164,0.0,0.0,ADANIENT.NS,Adani Enterprises Limited,Thermal Coal,Energy,Mr. Gautambhai Shantilal Adani S.Y. B.Com,"Ahmedabad, India",https://www.adanienterprises.com,2311.75,2238.85,2668245024768,77.16122,29.96,0.00059999997,3743.9,2025.0
2006-05-23 00:00:00+05:30,9.80769427157237,2314.95,2213.75,9.801718711853027,1376164,0.0,0.0,ADANIENT.NS,Adani Enterprises Limited,Thermal Coal,Energy,Mr. Gautambhai Shantilal Adani S.Y. B.Com,"Ahmedabad, India",https://www.adanienterprises.com,2311.75,2238.85,2668245024768,77.16122,29.96,0.00059999997,3743.9,2025.0
2006-05-24 00:00:00+05:30,9.47310168716352,2314.95,2213.75,9.31178092956543,1376164,0.0,0.0,ADANIENT.NS,Adani Enterprises Limited,Thermal Coal,Energy,Mr. Gautambhai Shantilal Adani S.Y. B.Com,"Ahmedabad, India",https://www.adanienterprises.com,2311.75,2238.85,2668245024768,77.16122,29.96,0.00059999997,3743.9,2025.0
2006-05-25 00:00:00+05:30,8.84873126615196,2314.95,2213.75,8.881592750549316,1376164,0.0,0.0,ADANIENT.NS,Adani Enterprises Limited,Thermal Coal,Energy,Mr. Gautambhai Shantilal Adani S.Y. B.Com,"Ahmedabad, India",https://www.adanienterprises.com,2311.75,2238.85,2668245024768,77.16122,29.96,0.00059999997,3743.9,2025.0
2006-05-26 00:00:00+05:30,8.998102907151633,2314.95,2213.75,9.326719284057617,1376164,0.0,0.0,ADANIENT.NS,Adani Enterprises Limited,Thermal Coal,Energy,Mr. Gautambhai Shantilal Adani S.Y. B.Com,"Ahmedabad, India",https://www.adanienterprises.com,2311.75,2238.85,2668245024768,77.16122,29.96,0.00059999997,3743.9,2025.0
2006-05-29 00:00:00+05:30,9.79574203491211,2314.95,2213.75,9.79574203491211,1376164,0.0,0.0,ADANIENT.NS,Adani Enterprises Limited,Thermal Coal,Energy,Mr. Gautambhai Shantilal Adani S.Y. B.Com,"Ahmedabad, India",https://www.adanienterprises.com,2311.75,2238.85,2668245024768,77.16122,29.96,0.00059999997,3743.9,2025.0
2006-05-30 00:00:00+05:30,10.285680770874023,2314.95,2213.75,10.285680770874023,1376164,0.0,0.0,ADANIENT.NS,Adani Enterprises Limited,Thermal Coal,Energy,Mr. Gautambhai Shantilal Adani S.Y. B.Com,"Ahmedabad, India",https://www.adanienterprises.com,2311.75,2238.85,2668245024768,77.16122,29.96,0.00059999997,3743.9,2025.0
2006-05-31 00:00:00+05:30,10.802505493164062,2314.95,2213.75,10.802505493164062,1376164,0.0,0.0,ADANIENT.NS,Adani Enterprises Limited,Thermal Coal,Energy,Mr. Gautambhai Shantilal Adani S.Y. B.Com,"Ahmedabad, India",https://www.adanienterprises.com,2311.75,2238.85,2668245024768,77.16122,29.96,0.00059999997,3743.9,2025.0
2006-06-01 00:00:00+05:30,11.34322452545166,2314.95,2213.75,11.34322452545166,1376164,0.0,0.0,ADANIENT.NS,Adani Enterprises Limited,Thermal Coal,Energy,Mr. Gautambhai Shantilal Adani S.Y. B.Com,"Ahmedabad, India",https://www.adanienterprises.com,2311.75,2238.85,2668245024768,77.16122,29.96,0.00059999997,3743.9,2025.0
2006-06-02 00:00:00+05:30,11.910836039755276,2314.95,2213.75,11.029547691345215,1376164,0.0,0.0,ADANIENT.NS,Adani Enterprises Limited,Thermal Coal,Energy,Mr. Gautambhai Shantilal Adani S.Y. B.Com,"Ahmedabad, India",https://www.adanienterprises.com,2311.75,2238.85,2668245024768,77.16122,29.96,0.00059999997,3743.9,2025.0
2006-06-05 00:00:00+05:30,10.479860305786133,2314.95,2213.75,10.479860305786133,1376164,0.0,0.0,ADANIENT.NS,Adani Enterprises Limited,Thermal Coal,Energy,Mr. Gautambhai Shantilal Adani S.Y. B.Com,"Ahmedabad, India",https://www.adanienterprises.com,2311.75,2238.85,2668245024768,77.16122,29.96,0.00059999997,3743.9,2025.0
2006-06-06 00:00:00+05:30,9.95706558227539,2314.95,2213.75,9.95706558227539,1376164,0.0,0.0,ADANIENT.NS,Adani Enterprises Limited,Thermal Coal,Energy,Mr. Gautambhai Shantilal Adani S.Y. B.Com,"Ahmedabad, India",https://www.adanienterprises.com,2311.75,2238.85,2668245024768,77.16122,29.96,0.00059999997,3743.9,2025.0
2006-06-07 00:00:00+05:30,9.461152076721191,2314.95,2213.75,9.461152076721191,1376164,0.0,0.0,ADANIENT.NS,Adani Enterprises Limited,Thermal Coal,Energy,Mr. Gautambhai Shantilal Adani S.Y. B.Com,"Ahmedabad, India",https://www.adanienterprises.com,2311.75,2238.85,2668245024768,77.16122,29.96,0.00059999997,3743.9,2025.0
2006-06-08 00:00:00+05:30,8.989142417907715,2314.95,2213.75,8.989142417907715,1376164,0.0,0.0,ADANIENT.NS,Adani Enterprises Limited,Thermal Coal,Energy,Mr. Gautambhai Shantilal Adani S.Y. B.Com,"Ahmedabad, India",https://www.adanienterprises.com,2311.75,2238.85,2668245024768,77.16122,29.96,0.00059999997,3743.9,2025.0
2006-06-09 00:00:00+05:30,8.541028022766113,2314.95,2213.75,8.541028022766113,1376164,0.0,0.0,ADANIENT.NS,Adani Enterprises Limited,Thermal Coal,Energy,Mr. Gautambhai Shantilal Adani S.Y. B.Com,"Ahmedabad, India",https://www.adanienterprises.com,2311.75,2238.85,2668245024768,77.16122,29.96,0.00059999997,3743.9,2025.0
2006-06-12 00:00:00+05:30,8.113826751708984,2314.95,2213.75,8.113826751708984,1376164,0.0,0.0,ADANIENT.NS,Adani Enterprises Limited,Thermal Coal,Energy,Mr. Gautambhai Shantilal Adani S.Y. B.Com,"Ahmedabad, India",https://www.adanienterprises.com,2311.75,2238.85,2668245024768,77.16122,29.96,0.00059999997,3743.9,2025.0
2006-06-13 00:00:00+05:30,7.710525035858154,2314.95,2213.75,7.710525035858154,1376164,0.0,0.0,ADANIENT.NS,Adani Enterprises Limited,Thermal Coal,Energy,Mr. Gautambhai Shantilal Adani S.Y. B.Com,"Ahmedabad, India",https://www.adanienterprises.com,2311.75,2238.85,2668245024768,77.16122,29.96,0.00059999997,3743.9,2025.0
2006-06-14 00:00:00+05:30,7.325149059295653,2314.95,2213.75,7.325149059295654,1376164,0.0,0.0,ADANIENT.NS,Adani Enterprises Limited,Thermal Coal,Energy,Mr. Gautambhai Shantilal Adani S.Y. B.Com,"Ahmedabad, India",https://www.adanienterprises.com,2311.75,2238.85,2668245024768,77.16122,29.96,0.00059999997,3743.9,2025.0
2006-06-15 00:00:00+05:30,6.960684299468994,2314.95,2213.75,6.960684299468994,1376164,0.0,0.0,ADANIENT.NS,Adani Enterprises Limited,Thermal Coal,Energy,Mr. Gautambhai Shantilal Adani S.Y. B.Com,"Ahmedabad, India",https://www.adanienterprises.com,2311.75,2238.85,2668245024768,77.16122,29.96,0.00059999997,3743.9,2025.0
2006-06-16 00:00:00+05:30,6.638042117388898,2314.95,2213.75,7.2624125480651855,1376164,0.0,0.0,ADANIENT.NS,Adani Enterprises Limited,Thermal Coal,Energy,Mr. Gautambhai Shantilal Adani S.Y. B.Com,"Ahmedabad, India",https://www.adanienterprises.com,2311.75,2238.85,2668245024768,77.16122,29.96,0.00059999997,3743.9,2025.0
2006-06-19 00:00:00+05:30,7.626876354217529,2314.95,2213.75,7.626876354217529,1376164,0.0,0.0,ADANIENT.NS,Adani Enterprises Limited,Thermal Coal,Energy,Mr. Gautambhai Shantilal Adani S.Y. B.Com,"Ahmedabad, India",https://www.adanienterprises.com,2311.75,2238.85,2668245024768,77.16122,29.96,0.00059999997,3743.9,2025.0
2006-06-20 00:00:00+05:30,7.791185346544343,2314.95,2213.75,8.00926685333252,1376164,0.0,0.0,ADANIENT.NS,Adani Enterprises Limited,Thermal Coal,Energy,Mr. Gautambhai Shantilal Adani S.Y. B.Com,"Ahmedabad, India",https://www.adanienterprises.com,2311.75,2238.85,2668245024768,77.16122,29.96,0.00059999997,3743.9,2025.0
2006-06-21 00:00:00+05:30,8.185524856569685,2314.95,2213.75,8.409581184387207,1376164,0.0,0.0,ADANIENT.NS,Adani Enterprises Limited,Thermal Coal,Energy,Mr. Gautambhai Shantilal Adani S.Y. B.Com,"Ahmedabad, India",https://www.adanienterprises.com,2311.75,2238.85,2668245024768,77.16122,29.96,0.00059999997,3743.9,2025.0
2006-06-22 00:00:00+05:30,8.806909242501208,2314.95,2213.75,8.098891258239746,1376164,0.0,0.0,ADANIENT.NS,Adani Enterprises Limited,Thermal Coal,Energy,Mr. Gautambhai Shantilal Adani S.Y. B.Com,"Ahmedabad, India",https://www.adanienterprises.com,2311.75,2238.85,2668245024768,77.16122,29.96,0.00059999997,3743.9,2025.0
2006-06-23 00:00:00+05:30,8.006280353339287,2314.95,2213.75,8.164613723754883,1376164,0.0,0.0,ADANIENT.NS,Adani Enterprises Limited,Thermal Coal,Energy,Mr. Gautambhai Shantilal Adani S.Y. B.Com,"Ahmedabad, India",https://www.adanienterprises.com,2311.75,2238.85,2668245024768,77.16122,29.96,0.00059999997,3743.9,2025.0
2006-06-26 00:00:00+05:30,8.30501988658852,2314.95,2213.75,7.865869522094727,1376164,0.0,0.0,ADANIENT.NS,Adani Enterprises Limited,Thermal Coal,Energy,Mr. Gautambhai Shantilal Adani S.Y. B.Com,"Ahmedabad, India",https://www.adanienterprises.com,2311.75,2238.85,2668245024768,77.16122,29.96,0.00059999997,3743.9,2025.0
2006-06-27 00:00:00+05:30,7.528294968698232,2314.95,2213.75,7.537257194519043,1376164,0.0,0.0,ADANIENT.NS,Adani Enterprises Limited,Thermal Coal,Energy,Mr. Gautambhai Shantilal Adani S.Y. B.Com,"Ahmedabad, India",https://www.adanienterprises.com,2311.75,2238.85,2668245024768,77.16122,29.96,0.00059999997,3743.9,2025.0
2006-06-28 00:00:00+05:30,7.402820359961195,2314.95,2213.75,7.432694435119629,1376164,0.0,0.0,ADANIENT.NS,Adani Enterprises Limited,Thermal Coal,Energy,Mr. Gautambhai Shantilal Adani S.Y. B.Com,"Ahmedabad, India",https://www.adanienterprises.com,2311.75,2238.85,2668245024768,77.16122,29.96,0.00059999997,3743.9,2025.0
2006-06-29 00:00:00+05:30,7.731438283220411,2314.95,2213.75,7.44464635848999,1376164,0.0,0.0,ADANIENT.NS,Adani Enterprises Limited,Thermal Coal,Energy,Mr. Gautambhai Shantilal Adani S.Y. B.Com,"Ahmedabad, India",https://www.adanienterprises.com,2311.75,2238.85,2668245024768,77.16122,29.96,0.00059999997,3743.9,2025.0
2006-06-30 00:00:00+05:30,7.707538640861155,2314.95,2213.75,7.764299392700195,1376164,0.0,0.0,ADANIENT.NS,Adani Enterprises Limited,Thermal Coal,Energy,Mr. Gautambhai Shantilal Adani S.Y. B.Com,"Ahmedabad, India",https://www.adanienterprises.com,2311.75,2238.85,2668245024768,77.16122,29.96,0.00059999997,3743.9,2025.0
2006-07-03 00:00:00+05:30,7.821060307450939,2314.95,2213.75,7.471532821655273,1376164,0.0,0.0,ADANIENT.NS,Adani Enterprises Limited,Thermal Coal,Energy,Mr. Gautambhai Shantilal Adani S.Y. B.Com,"Ahmedabad, India",https://www.adanienterprises.com,2311.75,2238.85,2668245024768,77.16122,29.96,0.00059999997,3743.9,2025.0
2006-07-04 00:00:00+05:30,7.629865459587675,2314.95,2213.75,7.3819098472595215,1376164,0.0,0.0,ADANIENT.NS,Adani Enterprises Limited,Thermal Coal,Energy,Mr. Gautambhai Shantilal Adani S.Y. B.Com,"Ahmedabad, India",https://www.adanienterprises.com,2311.75,2238.85,2668245024768,77.16122,29.96,0.00059999997,3743.9,2025.0
2006-07-05 00:00:00+05:30,7.435682794360126,2314.95,2213.75,7.495430946350098,1376164,0.0,0.0,ADANIENT.NS,Adani Enterprises Limited,Thermal Coal,Energy,Mr. Gautambhai Shantilal Adani S.Y. B.Com,"Ahmedabad, India",https://www.adanienterprises.com,2311.75,2238.85,2668245024768,77.16122,29.96,0.00059999997,3743.9,2025.0
2006-07-06 00:00:00+05:30,7.432695982432728,2314.95,2213.75,7.44464635848999,1376164,0.0,0.0,ADANIENT.NS,Adani Enterprises Limited,Thermal Coal,Energy,Mr. Gautambhai Shantilal Adani S.Y. B.Com,"Ahmedabad, India",https://www.adanienterprises.com,2311.75,2238.85,2668245024768,77.16122,29.96,0.00059999997,3743.9,2025.0
2006-07-07 00:00:00+05:30,7.582066392076415,2314.95,2213.75,7.202664852142334,1376164,0.0,0.0,ADANIENT.NS,Adani Enterprises Limited,Thermal Coal,Energy,Mr. Gautambhai Shantilal Adani S.Y. B.Com,"Ahmedabad, India",https://www.adanienterprises.com,2311.75,2238.85,2668245024768,77.16122,29.96,0.00059999997,3743.9,2025.0
2006-07-10 00:00:00+05:30,7.468546597666502,2314.95,2213.75,7.029396057128906,1376164,0.0,0.0,ADANIENT.NS,Adani Enterprises Limited,Thermal Coal,Energy,Mr. Gautambhai Shantilal Adani S.Y. B.Com,"Ahmedabad, India",https://www.adanienterprises.com,2311.75,2238.85,2668245024768,77.16122,29.96,0.00059999997,3743.9,2025.0
2006-07-11 00:00:00+05:30,7.223578648830773,2314.95,2213.75,7.053295612335205,1376164,0.0,0.0,ADANIENT.NS,Adani Enterprises Limited,Thermal Coal,Energy,Mr. Gautambhai Shantilal Adani S.Y. B.Com,"Ahmedabad, India",https://www.adanienterprises.com,2311.75,2238.85,2668245024768,77.16122,29.96,0.00059999997,3743.9,2025.0
2006-07-12 00:00:00+05:30,6.811313964476029,2314.95,2213.75,7.280337810516357,1376164,0.0,0.0,ADANIENT.NS,Adani Enterprises Limited,Thermal Coal,Energy,Mr. Gautambhai Shantilal Adani S.Y. B.Com,"Ahmedabad, India",https://www.adanienterprises.com,2311.75,2238.85,2668245024768,77.16122,29.96,0.00059999997,3743.9,2025.0
2006-07-13 00:00:00+05:30,7.289301326585133,2314.95,2213.75,7.358011722564697,1376164,0.0,0.0,ADANIENT.NS,Adani Enterprises Limited,Thermal Coal,Energy,Mr. Gautambhai Shantilal Adani S.Y. B.Com,"Ahmedabad, India",https://www.adanienterprises.com,2311.75,2238.85,2668245024768,77.16122,29.96,0.00059999997,3743.9,2025.0
2006-07-14 00:00:00+05:30,7.349049969809886,2314.95,2213.75,7.184741020202637,1376164,0.0,0.0,ADANIENT.NS,Adani Enterprises Limited,Thermal Coal,Energy,Mr. Gautambhai Shantilal Adani S.Y. B.Com,"Ahmedabad, India",https://www.adanienterprises.com,2311.75,2238.85,2668245024768,77.16122,29.96,0.00059999997,3743.9,2025.0
2006-07-17 00:00:00+05:30,7.223576117941511,2314.95,2213.75,6.93977165222168,1376164,0.0,0.0,ADANIENT.NS,Adani Enterprises Limited,Thermal Coal,Energy,Mr. Gautambhai Shantilal Adani S.Y. B.Com,"Ahmedabad, India",https://www.adanienterprises.com,2311.75,2238.85,2668245024768,77.16122,29.96,0.00059999997,3743.9,2025.0
2006-07-18 00:00:00+05:30,6.9308106154635425,2314.95,2213.75,6.823263168334961,1376164,0.0,0.0,ADANIENT.NS,Adani Enterprises Limited,Thermal Coal,Energy,Mr. Gautambhai Shantilal Adani S.Y. B.Com,"Ahmedabad, India",https://www.adanienterprises.com,2311.75,2238.85,2668245024768,77.16122,29.96,0.00059999997,3743.9,2025.0
2006-07-19 00:00:00+05:30,6.930811501013331,2314.95,2213.75,6.596220970153809,1376164,0.0,0.0,ADANIENT.NS,Adani Enterprises Limited,Thermal Coal,Energy,Mr. Gautambhai Shantilal Adani S.Y. B.Com,"Ahmedabad, India",https://www.adanienterprises.com,2311.75,2238.85,2668245024768,77.16122,29.96,0.00059999997,3743.9,2025.0
2006-07-20 00:00:00+05:30,6.718702903216398,2314.95,2213.75,6.676878452301025,1376164,0.0,0.0,ADANIENT.NS,Adani Enterprises Limited,Thermal Coal,Energy,Mr. Gautambhai Shantilal Adani S.Y. B.Com,"Ahmedabad, India",https://www.adanienterprises.com,2311.75,2238.85,2668245024768,77.16122,29.96,0.00059999997,3743.9,2025.0
2006-07-21 00:00:00+05:30,6.635054731491354,2314.95,2213.75,6.402036190032959,1376164,0.0,0.0,ADANIENT.NS,Adani Enterprises Limited,Thermal Coal,Energy,Mr. Gautambhai Shantilal Adani S.Y. B.Com,"Ahmedabad, India",https://www.adanienterprises.com,2311.75,2238.85,2668245024768,77.16122,29.96,0.00059999997,3743.9,2025.0
2006-07-24 00:00:00+05:30,6.5424610535720795,2314.95,2213.75,6.591606140136719,1376164,0.225,0.0,ADANIENT.NS,Adani Enterprises Limited,Thermal Coal,Energy,Mr. Gautambhai Shantilal Adani S.Y. B.Com,"Ahmedabad, India",https://www.adanienterprises.com,2311.75,2238.85,2668245024768,77.16122,29.96,0.00059999997,3743.9,2025.0
2006-07-25 00:00:00+05:30,6.874193072125747,2314.95,2213.75,6.462602138519287,1376164,0.0,0.0,ADANIENT.NS,Adani Enterprises Limited,Thermal Coal,Energy,Mr. Gautambhai Shantilal Adani S.Y. B.Com,"Ahmedabad, India",https://www.adanienterprises.com,2311.75,2238.85,2668245024768,77.16122,29.96,0.00059999997,3743.9,2025.0
2006-07-26 00:00:00+05:30,6.450315844454717,2314.95,2213.75,6.656111717224121,1376164,0.0,0.0,ADANIENT.NS,Adani Enterprises Limited,Thermal Coal,Energy,Mr. Gautambhai Shantilal Adani S.Y. B.Com,"Ahmedabad, India",https://www.adanienterprises.com,2311.75,2238.85,2668245024768,77.16122,29.96,0.00059999997,3743.9,2025.0
2006-07-27 00:00:00+05:30,6.757474166696012,2314.95,2213.75,6.990913391113281,1376164,0.0,0.0,ADANIENT.NS,Adani Enterprises Limited,Thermal Coal,Energy,Mr. Gautambhai Shantilal Adani S.Y. B.Com,"Ahmedabad, India",https://www.adanienterprises.com,2311.75,2238.85,2668245024768,77.16122,29.96,0.00059999997,3743.9,2025.0
2006-07-28 00:00:00+05:30,7.248928205545182,2314.95,2213.75,7.0769195556640625,1376164,0.0,0.0,ADANIENT.NS,Adani Enterprises Limited,Thermal Coal,Energy,Mr. Gautambhai Shantilal Adani S.Y. B.Com,"Ahmedabad, India",https://www.adanienterprises.com,2311.75,2238.85,2668245024768,77.16122,29.96,0.00059999997,3743.9,2025.0
2006-07-31 00:00:00+05:30,7.3656491558036565,2314.95,2213.75,7.067706108093262,1376164,0.0,0.0,ADANIENT.NS,Adani Enterprises Limited,Thermal Coal,Energy,Mr. Gautambhai Shantilal Adani S.Y. B.Com,"Ahmedabad, India",https://www.adanienterprises.com,2311.75,2238.85,2668245024768,77.16122,29.96,0.00059999997,3743.9,2025.0
2006-08-01 00:00:00+05:30,6.886480530797775,2314.95,2213.75,6.898766040802002,1376164,0.0,0.0,ADANIENT.NS,Adani Enterprises Limited,Thermal Coal,Energy,Mr. Gautambhai Shantilal Adani S.Y. B.Com,"Ahmedabad, India",https://www.adanienterprises.com,2311.75,2238.85,2668245024768,77.16122,29.96,0.00059999997,3743.9,2025.0
2006-08-02 00:00:00+05:30,6.941768352679317,2314.95,2213.75,6.975556373596191,1376164,0.0,0.0,ADANIENT.NS,Adani Enterprises Limited,Thermal Coal,Energy,Mr. Gautambhai Shantilal Adani S.Y. B.Com,"Ahmedabad, India",https://www.adanienterprises.com,2311.75,2238.85,2668245024768,77.16122,29.96,0.00059999997,3743.9,2025.0
2006-08-03 00:00:00+05:30,7.104562034316869,2314.95,2213.75,7.132206916809082,1376164,0.0,0.0,ADANIENT.NS,Adani Enterprises Limited,Thermal Coal,Energy,Mr. Gautambhai Shantilal Adani S.Y. B.Com,"Ahmedabad, India",https://www.adanienterprises.com,2311.75,2238.85,2668245024768,77.16122,29.96,0.00059999997,3743.9,2025.0
2006-08-04 00:00:00+05:30,7.156780859985295,2314.95,2213.75,7.079990863800049,1376164,0.0,0.0,ADANIENT.NS,Adani Enterprises Limited,Thermal Coal,Energy,Mr. Gautambhai Shantilal Adani S.Y. B.Com,"Ahmedabad, India",https://www.adanienterprises.com,2311.75,2238.85,2668245024768,77.16122,29.96,0.00059999997,3743.9,2025.0
2006-08-07 00:00:00+05:30,7.003201519111851,2314.95,2213.75,7.030845642089844,1376164,0.0,0.0,ADANIENT.NS,Adani Enterprises Limited,Thermal Coal,Energy,Mr. Gautambhai Shantilal Adani S.Y. B.Com,"Ahmedabad, India",https://www.adanienterprises.com,2311.75,2238.85,2668245024768,77.16122,29.96,0.00059999997,3743.9,2025.0
2006-08-08 00:00:00+05:30,7.006272965424655,2314.95,2213.75,7.202854156494141,1376164,0.0,0.0,ADANIENT.NS,Adani Enterprises Limited,Thermal Coal,Energy,Mr. Gautambhai Shantilal Adani S.Y. B.Com,"Ahmedabad, India",https://www.adanienterprises.com,2311.75,2238.85,2668245024768,77.16122,29.96,0.00059999997,3743.9,2025.0
2006-08-09 00:00:00+05:30,7.1260638073958065,2314.95,2213.75,7.2519989013671875,1376164,0.0,0.0,ADANIENT.NS,Adani Enterprises Limited,Thermal Coal,Energy,Mr. Gautambhai Shantilal Adani S.Y. B.Com,"Ahmedabad, India",https://www.adanienterprises.com,2311.75,2238.85,2668245024768,77.16122,29.96,0.00059999997,3743.9,2025.0
2006-08-10 00:00:00+05:30,7.353360279189634,2314.95,2213.75,7.958460807800293,1376164,0.0,0.0,ADANIENT.NS,Adani Enterprises Limited,Thermal Coal,Energy,Mr. Gautambhai Shantilal Adani S.Y. B.Com,"Ahmedabad, India",https://www.adanienterprises.com,2311.75,2238.85,2668245024768,77.16122,29.96,0.00059999997,3743.9,2025.0
2006-08-11 00:00:00+05:30,8.047537577480357,2314.95,2213.75,8.204188346862793,1376164,0.0,0.0,ADANIENT.NS,Adani Enterprises Limited,Thermal Coal,Energy,Mr. Gautambhai Shantilal Adani S.Y. B.Com,"Ahmedabad, India",https://www.adanienterprises.com,2311.75,2238.85,2668245024768,77.16122,29.96,0.00059999997,3743.9,2025.0
2006-08-14 00:00:00+05:30,8.293264148544031,2314.95,2213.75,8.3331937789917,1376164,0.0,0.0,ADANIENT.NS,Adani Enterprises Limited,Thermal Coal,Energy,Mr. Gautambhai Shantilal Adani S.Y. B.Com,"Ahmedabad, India",https://www.adanienterprises.com,2311.75,2238.85,2668245024768,77.16122,29.96,0.00059999997,3743.9,2025.0
2006-08-16 00:00:00+05:30,8.416127982874709,2314.95,2213.75,8.652640342712402,1376164,0.0,0.0,ADANIENT.NS,Adani Enterprises Limited,Thermal Coal,Energy,Mr. Gautambhai Shantilal Adani S.Y. B.Com,"Ahmedabad, India",https://www.adanienterprises.com,2311.75,2238.85,2668245024768,77.16122,29.96,0.00059999997,3743.9,2025.0
2006-08-17 00:00:00+05:30,8.747856596883521,2314.95,2213.75,8.234902381896973,1376164,0.0,0.0,ADANIENT.NS,Adani Enterprises Limited,Thermal Coal,Energy,Mr. Gautambhai Shantilal Adani S.Y. B.Com,"Ahmedabad, India",https://www.adanienterprises.com,2311.75,2238.85,2668245024768,77.16122,29.96,0.00059999997,3743.9,2025.0
2006-08-18 00:00:00+05:30,8.354696244580605,2314.95,2213.75,8.044466972351074,1376164,0.0,0.0,ADANIENT.NS,Adani Enterprises Limited,Thermal Coal,Energy,Mr. Gautambhai Shantilal Adani S.Y. B.Com,"Ahmedabad, India",https://www.adanienterprises.com,2311.75,2238.85,2668245024768,77.16122,29.96,0.00059999997,3743.9,2025.0
2006-08-21 00:00:00+05:30,8.148899723753155,2314.95,2213.75,7.811025619506836,1376164,0.0,0.0,ADANIENT.NS,Adani Enterprises Limited,Thermal Coal,Energy,Mr. Gautambhai Shantilal Adani S.Y. B.Com,"Ahmedabad, India",https://www.adanienterprises.com,2311.75,2238.85,2668245024768,77.16122,29.96,0.00059999997,3743.9,2025.0
2006-08-22 00:00:00+05:30,7.811026599299582,2314.95,2213.75,7.685091495513916,1376164,0.0,0.0,ADANIENT.NS,Adani Enterprises Limited,Thermal Coal,Energy,Mr. Gautambhai Shantilal Adani S.Y. B.Com,"Ahmedabad, India",https://www.adanienterprises.com,2311.75,2238.85,2668245024768,77.16122,29.96,0.00059999997,3743.9,2025.0
2006-08-23 00:00:00+05:30,7.801811631916259,2314.95,2213.75,7.528440475463867,1376164,0.0,0.0,ADANIENT.NS,Adani Enterprises Limited,Thermal Coal,Energy,Mr. Gautambhai Shantilal Adani S.Y. B.Com,"Ahmedabad, India",https://www.adanienterprises.com,2311.75,2238.85,2668245024768,77.16122,29.96,0.00059999997,3743.9,2025.0
2006-08-24 00:00:00+05:30,7.463936079602644,2314.95,2213.75,7.365645885467529,1376164,0.0,0.0,ADANIENT.NS,Adani Enterprises Limited,Thermal Coal,Energy,Mr. Gautambhai Shantilal Adani S.Y. B.Com,"Ahmedabad, India",https://www.adanienterprises.com,2311.75,2238.85,2668245024768,77.16122,29.96,0.00059999997,3743.9,2025.0
2006-08-25 00:00:00+05:30,7.494654315082542,2314.95,2213.75,7.476224899291992,1376164,0.0,0.0,ADANIENT.NS,Adani Enterprises Limited,Thermal Coal,Energy,Mr. Gautambhai Shantilal Adani S.Y. B.Com,"Ahmedabad, India",https://www.adanienterprises.com,2311.75,2238.85,2668245024768,77.16122,29.96,0.00059999997,3743.9,2025.0
2006-08-28 00:00:00+05:30,7.55608635138077,2314.95,2213.75,7.685091495513916,1376164,0.0,0.0,ADANIENT.NS,Adani Enterprises Limited,Thermal Coal,Energy,Mr. Gautambhai Shantilal Adani S.Y. B.Com,"Ahmedabad, India",https://www.adanienterprises.com,2311.75,2238.85,2668245024768,77.16122,29.96,0.00059999997,3743.9,2025.0
2006-08-29 00:00:00+05:30,7.792595648319896,2314.95,2213.75,7.663589000701904,1376164,0.0,0.0,ADANIENT.NS,Adani Enterprises Limited,Thermal Coal,Energy,Mr. Gautambhai Shantilal Adani S.Y. B.Com,"Ahmedabad, India",https://www.adanienterprises.com,2311.75,2238.85,2668245024768,77.16122,29.96,0.00059999997,3743.9,2025.0
2006-08-30 00:00:00+05:30,7.663589290702077,2314.95,2213.75,7.491581439971924,1376164,0.0,0.0,ADANIENT.NS,Adani Enterprises Limited,Thermal Coal,Energy,Mr. Gautambhai Shantilal Adani S.Y. B.Com,"Ahmedabad, India",https://www.adanienterprises.com,2311.75,2238.85,2668245024768,77.16122,29.96,0.00059999997,3743.9,2025.0
2006-08-31 00:00:00+05:30,7.672804992895822,2314.95,2213.75,7.368718147277832,1376164,0.0,0.0,ADANIENT.NS,Adani Enterprises Limited,Thermal Coal,Energy,Mr. Gautambhai Shantilal Adani S.Y. B.Com,"Ahmedabad, India",https://www.adanienterprises.com,2311.75,2238.85,2668245024768,77.16122,29.96,0.00059999997,3743.9,2025.0
2006-09-01 00:00:00+05:30,7.07691853075219,2314.95,2213.75,7.33493185043335,1376164,0.0,0.0,ADANIENT.NS,Adani Enterprises Limited,Thermal Coal,Energy,Mr. Gautambhai Shantilal Adani S.Y. B.Com,"Ahmedabad, India",https://www.adanienterprises.com,2311.75,2238.85,2668245024768,77.16122,29.96,0.00059999997,3743.9,2025.0
2006-09-04 00:00:00+05:30,7.482366586950152,2314.95,2213.75,7.70352029800415,1376164,0.0,0.0,ADANIENT.NS,Adani Enterprises Limited,Thermal Coal,Energy,Mr. Gautambhai Shantilal Adani S.Y. B.Com,"Ahmedabad, India",https://www.adanienterprises.com,2311.75,2238.85,2668245024768,77.16122,29.96,0.00059999997,3743.9,2025.0
2006-09-05 00:00:00+05:30,7.709661683741731,2314.95,2213.75,7.903172016143799,1376164,0.0,0.0,ADANIENT.NS,Adani Enterprises Limited,Thermal Coal,Energy,Mr. Gautambhai Shantilal Adani S.Y. B.Com,"Ahmedabad, India",https://www.adanienterprises.com,2311.75,2238.85,2668245024768,77.16122,29.96,0.00059999997,3743.9,2025.0
2006-09-06 00:00:00+05:30,7.995319582919925,2314.95,2213.75,7.998391151428223,1376164,0.0,0.0,ADANIENT.NS,Adani Enterprises Limited,Thermal Coal,Energy,Mr. Gautambhai Shantilal Adani S.Y. B.Com,"Ahmedabad, India",https://www.adanienterprises.com,2311.75,2238.85,2668245024768,77.16122,29.96,0.00059999997,3743.9,2025.0
2006-09-07 00:00:00+05:30,8.062894224569144,2314.95,2213.75,7.820239543914795,1376164,0.0,0.0,ADANIENT.NS,Adani Enterprises Limited,Thermal Coal,Energy,Mr. Gautambhai Shantilal Adani S.Y. B.Com,"Ahmedabad, India",https://www.adanienterprises.com,2311.75,2238.85,2668245024768,77.16122,29.96,0.00059999997,3743.9,2025.0
2006-09-08 00:00:00+05:30,7.678947777841185,2314.95,2213.75,7.8908867835998535,1376164,0.0,0.0,ADANIENT.NS,Adani Enterprises Limited,Thermal Coal,Energy,Mr. Gautambhai Shantilal Adani S.Y. B.Com,"Ahmedabad, India",https://www.adanienterprises.com,2311.75,2238.85,2668245024768,77.16122,29.96,0.00059999997,3743.9,2025.0
2006-09-11 00:00:00+05:30,7.77109569903557,2314.95,2213.75,7.648232936859131,1376164,0.0,0.0,ADANIENT.NS,Adani Enterprises Limited,Thermal Coal,Energy,Mr. Gautambhai Shantilal Adani S.Y. B.Com,"Ahmedabad, India",https://www.adanienterprises.com,2311.75,2238.85,2668245024768,77.16122,29.96,0.00059999997,3743.9,2025.0
2006-09-12 00:00:00+05:30,7.494653514303031,2314.95,2213.75,7.553013324737549,1376164,0.0,0.0,ADANIENT.NS,Adani Enterprises Limited,Thermal Coal,Energy,Mr. Gautambhai Shantilal Adani S.Y. B.Com,"Ahmedabad, India",https://www.adanienterprises.com,2311.75,2238.85,2668245024768,77.16122,29.96,0.00059999997,3743.9,2025.0
2006-09-13 00:00:00+05:30,7.445509189066595,2314.95,2213.75,7.697378635406494,1376164,0.0,0.0,ADANIENT.NS,Adani Enterprises Limited,Thermal Coal,Energy,Mr. Gautambhai Shantilal Adani S.Y. B.Com,"Ahmedabad, India",https://www.adanienterprises.com,2311.75,2238.85,2668245024768,77.16122,29.96,0.00059999997,3743.9,2025.0
2006-09-14 00:00:00+05:30,7.752665303406834,2314.95,2213.75,7.749593734741211,1376164,0.0,0.0,ADANIENT.NS,Adani Enterprises Limited,Thermal Coal,Energy,Mr. Gautambhai Shantilal Adani S.Y. B.Com,"Ahmedabad, India",https://www.adanienterprises.com,2311.75,2238.85,2668245024768,77.16122,29.96,0.00059999997,3743.9,2025.0
2006-09-15 00:00:00+05:30,7.860170176089189,2314.95,2213.75,7.654375076293945,1376164,0.0,0.0,ADANIENT.NS,Adani Enterprises Limited,Thermal Coal,Energy,Mr. Gautambhai Shantilal Adani S.Y. B.Com,"Ahmedabad, India",https://www.adanienterprises.com,2311.75,2238.85,2668245024768,77.16122,29.96,0.00059999997,3743.9,2025.0
2006-09-18 00:00:00+05:30,7.648232918858726,2314.95,2213.75,7.7158074378967285,1376164,0.0,0.0,ADANIENT.NS,Adani Enterprises Limited,Thermal Coal,Energy,Mr. Gautambhai Shantilal Adani S.Y. B.Com,"Ahmedabad, India",https://www.adanienterprises.com,2311.75,2238.85,2668245024768,77.16122,29.96,0.00059999997,3743.9,2025.0
2006-09-19 00:00:00+05:30,7.783382476031277,2314.95,2213.75,7.685091495513916,1376164,0.0,0.0,ADANIENT.NS,Adani Enterprises Limited,Thermal Coal,Energy,Mr. Gautambhai Shantilal Adani S.Y. B.Com,"Ahmedabad, India",https://www.adanienterprises.com,2311.75,2238.85,2668245024768,77.16122,29.96,0.00059999997,3743.9,2025.0
2006-09-20 00:00:00+05:30,7.556084954731139,2314.95,2213.75,7.617515563964844,1376164,0.0,0.0,ADANIENT.NS,Adani Enterprises Limited,Thermal Coal,Energy,Mr. Gautambhai Shantilal Adani S.Y. B.Com,"Ahmedabad, India",https://www.adanienterprises.com,2311.75,2238.85,2668245024768,77.16122,29.96,0.00059999997,3743.9,2025.0
2006-09-21 00:00:00+05:30,7.789524637439621,2314.95,2213.75,7.811025619506836,1376164,0.0,0.0,ADANIENT.NS,Adani Enterprises Limited,Thermal Coal,Energy,Mr. Gautambhai Shantilal Adani S.Y. B.Com,"Ahmedabad, India",https://www.adanienterprises.com,2311.75,2238.85,2668245024768,77.16122,29.96,0.00059999997,3743.9,2025.0
2006-09-22 00:00:00+05:30,7.771096787912565,2314.95,2213.75,7.639018535614014,1376164,0.0,0.0,ADANIENT.NS,Adani Enterprises Limited,Thermal Coal,Energy,Mr. Gautambhai Shantilal Adani S.Y. B.Com,"Ahmedabad, India",https://www.adanienterprises.com,2311.75,2238.85,2668245024768,77.16122,29.96,0.00059999997,3743.9,2025.0
2006-09-25 00:00:00+05:30,7.623661452642371,2314.95,2213.75,7.639018535614014,1376164,0.0,0.0,ADANIENT.NS,Adani Enterprises Limited,Thermal Coal,Energy,Mr. Gautambhai Shantilal Adani S.Y. B.Com,"Ahmedabad, India",https://www.adanienterprises.com,2311.75,2238.85,2668245024768,77.16122,29.96,0.00059999997,3743.9,2025.0
2006-09-26 00:00:00+05:30,7.666661568689591,2314.95,2213.75,7.7158074378967285,1376164,0.0,0.0,ADANIENT.NS,Adani Enterprises Limited,Thermal Coal,Energy,Mr. Gautambhai Shantilal Adani S.Y. B.Com,"Ahmedabad, India",https://www.adanienterprises.com,2311.75,2238.85,2668245024768,77.16122,29.96,0.00059999997,3743.9,2025.0
2006-09-27 00:00:00+05:30,7.6175150436478765,2314.95,2213.75,7.81716775894165,1376164,0.0,0.0,ADANIENT.NS,Adani Enterprises Limited,Thermal Coal,Energy,Mr. Gautambhai Shantilal Adani S.Y. B.Com,"Ahmedabad, India",https://www.adanienterprises.com,2311.75,2238.85,2668245024768,77.16122,29.96,0.00059999997,3743.9,2025.0
2006-09-28 00:00:00+05:30,7.838670173189409,2314.95,2213.75,7.875529766082764,1376164,0.0,0.0,ADANIENT.NS,Adani Enterprises Limited,Thermal Coal,Energy,Mr. Gautambhai Shantilal Adani S.Y. B.Com,"Ahmedabad, India",https://www.adanienterprises.com,2311.75,2238.85,2668245024768,77.16122,29.96,0.00059999997,3743.9,2025.0
2006-09-29 00:00:00+05:30,7.924674053627245,2314.95,2213.75,8.27176284790039,1376164,0.0,0.0,ADANIENT.NS,Adani Enterprises Limited,Thermal Coal,Energy,Mr. Gautambhai Shantilal Adani S.Y. B.Com,"Ahmedabad, India",https://www.adanienterprises.com,2311.75,2238.85,2668245024768,77.16122,29.96,0.00059999997,3743.9,2025.0
2006-10-03 00:00:00+05:30,8.563562905779664,2314.95,2213.75,8.210330963134766,1376164,0.0,0.0,ADANIENT.NS,Adani Enterprises Limited,Thermal Coal,Energy,Mr. Gautambhai Shantilal Adani S.Y. B.Com,"Ahmedabad, India",https://www.adanienterprises.com,2311.75,2238.85,2668245024768,77.16122,29.96,0.00059999997,3743.9,2025.0
2006-10-04 00:00:00+05:30,8.250262167197558,2314.95,2213.75,8.585063934326172,1376164,0.0,0.0,ADANIENT.NS,Adani Enterprises Limited,Thermal Coal,Energy,Mr. Gautambhai Shantilal Adani S.Y. B.Com,"Ahmedabad, India",https://www.adanienterprises.com,2311.75,2238.85,2668245024768,77.16122,29.96,0.00059999997,3743.9,2025.0
2006-10-05 00:00:00+05:30,8.78471509665332,2314.95,2213.75,9.015084266662598,1376164,0.0,0.0,ADANIENT.NS,Adani Enterprises Limited,Thermal Coal,Energy,Mr. Gautambhai Shantilal Adani S.Y. B.Com,"Ahmedabad, India",https://www.adanienterprises.com,2311.75,2238.85,2668245024768,77.16122,29.96,0.00059999997,3743.9,2025.0
2006-10-06 00:00:00+05:30,9.362173018176144,2314.95,2213.75,8.732499122619629,1376164,0.0,0.0,ADANIENT.NS,Adani Enterprises Limited,Thermal Coal,Energy,Mr. Gautambhai Shantilal Adani S.Y. B.Com,"Ahmedabad, India",https://www.adanienterprises.com,2311.75,2238.85,2668245024768,77.16122,29.96,0.00059999997,3743.9,2025.0
2006-10-09 00:00:00+05:30,8.784714630328603,2314.95,2213.75,9.048871040344238,1376164,0.0,0.0,ADANIENT.NS,Adani Enterprises Limited,Thermal Coal,Energy,Mr. Gautambhai Shantilal Adani S.Y. B.Com,"Ahmedabad, India",https://www.adanienterprises.com,2311.75,2238.85,2668245024768,77.16122,29.96,0.00059999997,3743.9,2025.0
2006-10-10 00:00:00+05:30,9.153306892127056,2314.95,2213.75,8.652640342712402,1376164,0.0,0.0,ADANIENT.NS,Adani Enterprises Limited,Thermal Coal,Energy,Mr. Gautambhai Shantilal Adani S.Y. B.Com,"Ahmedabad, India",https://www.adanienterprises.com,2311.75,2238.85,2668245024768,77.16122,29.96,0.00059999997,3743.9,2025.0
2006-10-11 00:00:00+05:30,8.846147018862654,2314.95,2213.75,8.624993324279785,1376164,0.0,0.0,ADANIENT.NS,Adani Enterprises Limited,Thermal Coal,Energy,Mr. Gautambhai Shantilal Adani S.Y. B.Com,"Ahmedabad, India",https://www.adanienterprises.com,2311.75,2238.85,2668245024768,77.16122,29.96,0.00059999997,3743.9,2025.0
2006-10-12 00:00:00+05:30,8.692567533086102,2314.95,2213.75,8.793930053710938,1376164,0.0,0.0,ADANIENT.NS,Adani Enterprises Limited,Thermal Coal,Energy,Mr. Gautambhai Shantilal Adani S.Y. B.Com,"Ahmedabad, India",https://www.adanienterprises.com,2311.75,2238.85,2668245024768,77.16122,29.96,0.00059999997,3743.9,2025.0
2006-10-13 00:00:00+05:30,8.876861548395922,2314.95,2213.75,8.71713924407959,1376164,0.0,0.0,ADANIENT.NS,Adani Enterprises Limited,Thermal Coal,Energy,Mr. Gautambhai Shantilal Adani S.Y. B.Com,"Ahmedabad, India",https://www.adanienterprises.com,2311.75,2238.85,2668245024768,77.16122,29.96,0.00059999997,3743.9,2025.0
2006-10-16 00:00:00+05:30,8.815429828291029,2314.95,2213.75,8.631134986877441,1376164,0.0,0.0,ADANIENT.NS,Adani Enterprises Limited,Thermal Coal,Energy,Mr. Gautambhai Shantilal Adani S.Y. B.Com,"Ahmedabad, India",https://www.adanienterprises.com,2311.75,2238.85,2668245024768,77.16122,29.96,0.00059999997,3743.9,2025.0
2006-10-17 00:00:00+05:30,8.661853339726822,2314.95,2213.75,8.468343734741211,1376164,0.0,0.0,ADANIENT.NS,Adani Enterprises Limited,Thermal Coal,Energy,Mr. Gautambhai Shantilal Adani S.Y. B.Com,"Ahmedabad, India",https://www.adanienterprises.com,2311.75,2238.85,2668245024768,77.16122,29.96,0.00059999997,3743.9,2025.0
2006-10-18 00:00:00+05:30,8.46526995330199,2314.95,2213.75,8.409981727600098,1376164,0.0,0.0,ADANIENT.NS,Adani Enterprises Limited,Thermal Coal,Energy,Mr. Gautambhai Shantilal Adani S.Y. B.Com,"Ahmedabad, India",https://www.adanienterprises.com,2311.75,2238.85,2668245024768,77.16122,29.96,0.00059999997,3743.9,2025.0
2006-10-19 00:00:00+05:30,8.477558800184891,2314.95,2213.75,8.557418823242188,1376164,0.0,0.0,ADANIENT.NS,Adani Enterprises Limited,Thermal Coal,Energy,Mr. Gautambhai Shantilal Adani S.Y. B.Com,"Ahmedabad, India",https://www.adanienterprises.com,2311.75,2238.85,2668245024768,77.16122,29.96,0.00059999997,3743.9,2025.0
2006-10-20 00:00:00+05:30,8.597349208013437,2314.95,2213.75,8.624993324279785,1376164,0.0,0.0,ADANIENT.NS,Adani Enterprises Limited,Thermal Coal,Energy,Mr. Gautambhai Shantilal Adani S.Y. B.Com,"Ahmedabad, India",https://www.adanienterprises.com,2311.75,2238.85,2668245024768,77.16122,29.96,0.00059999997,3743.9,2025.0
2006-10-23 00:00:00+05:30,8.680284104929703,2314.95,2213.75,8.41919994354248,1376164,0.0,0.0,ADANIENT.NS,Adani Enterprises Limited,Thermal Coal,Energy,Mr. Gautambhai Shantilal Adani S.Y. B.Com,"Ahmedabad, India",https://www.adanienterprises.com,2311.75,2238.85,2668245024768,77.16122,29.96,0.00059999997,3743.9,2025.0
2006-10-26 00:00:00+05:30,8.323979836928526,2314.95,2213.75,8.3331937789917,1376164,0.0,0.0,ADANIENT.NS,Adani Enterprises Limited,Thermal Coal,Energy,Mr. Gautambhai Shantilal Adani S.Y. B.Com,"Ahmedabad, India",https://www.adanienterprises.com,2311.75,2238.85,2668245024768,77.16122,29.96,0.00059999997,3743.9,2025.0
2006-10-27 00:00:00+05:30,8.29326274608427,2314.95,2213.75,8.686424255371094,1376164,0.0,0.0,ADANIENT.NS,Adani Enterprises Limited,Thermal Coal,Energy,Mr. Gautambhai Shantilal Adani S.Y. B.Com,"Ahmedabad, India",https://www.adanienterprises.com,2311.75,2238.85,2668245024768,77.16122,29.96,0.00059999997,3743.9,2025.0
2006-10-30 00:00:00+05:30,8.66185326285178,2314.95,2213.75,8.413055419921875,1376164,0.0,0.0,ADANIENT.NS,Adani Enterprises Limited,Thermal Coal,Energy,Mr. Gautambhai Shantilal Adani S.Y. B.Com,"Ahmedabad, India",https://www.adanienterprises.com,2311.75,2238.85,2668245024768,77.16122,29.96,0.00059999997,3743.9,2025.0
2006-10-31 00:00:00+05:30,8.505200406424855,2314.95,2213.75,8.305547714233398,1376164,0.0,0.0,ADANIENT.NS,Adani Enterprises Limited,Thermal Coal,Energy,Mr. Gautambhai Shantilal Adani S.Y. B.Com,"Ahmedabad, India",https://www.adanienterprises.com,2311.75,2238.85,2668245024768,77.16122,29.96,0.00059999997,3743.9,2025.0
2006-11-01 00:00:00+05:30,8.382335944362977,2314.95,2213.75,8.237972259521484,1376164,0.0,0.0,ADANIENT.NS,Adani Enterprises Limited,Thermal Coal,Energy,Mr. Gautambhai Shantilal Adani S.Y. B.Com,"Ahmedabad, India",https://www.adanienterprises.com,2311.75,2238.85,2668245024768,77.16122,29.96,0.00059999997,3743.9,2025.0
2006-11-02 00:00:00+05:30,8.290190404332236,2314.95,2213.75,8.459127426147461,1376164,0.0,0.0,ADANIENT.NS,Adani Enterprises Limited,Thermal Coal,Energy,Mr. Gautambhai Shantilal Adani S.Y. B.Com,"Ahmedabad, India",https://www.adanienterprises.com,2311.75,2238.85,2668245024768,77.16122,29.96,0.00059999997,3743.9,2025.0
2006-11-03 00:00:00+05:30,8.474486252822402,2314.95,2213.75,8.394624710083008,1376164,0.0,0.0,ADANIENT.NS,Adani Enterprises Limited,Thermal Coal,Energy,Mr. Gautambhai Shantilal Adani S.Y. B.Com,"Ahmedabad, India",https://www.adanienterprises.com,2311.75,2238.85,2668245024768,77.16122,29.96,0.00059999997,3743.9,2025.0
2006-11-06 00:00:00+05:30,8.468343308346553,2314.95,2213.75,8.969011306762695,1376164,0.0,0.0,ADANIENT.NS,Adani Enterprises Limited,Thermal Coal,Energy,Mr. Gautambhai Shantilal Adani S.Y. B.Com,"Ahmedabad, India",https://www.adanienterprises.com,2311.75,2238.85,2668245024768,77.16122,29.96,0.00059999997,3743.9,2025.0
2006-11-07 00:00:00+05:30,9.088804643831219,2314.95,2213.75,9.067303657531738,1376164,0.0,0.0,ADANIENT.NS,Adani Enterprises Limited,Thermal Coal,Energy,Mr. Gautambhai Shantilal Adani S.Y. B.Com,"Ahmedabad, India",https://www.adanienterprises.com,2311.75,2238.85,2668245024768,77.16122,29.96,0.00059999997,3743.9,2025.0
2006-11-08 00:00:00+05:30,9.079588164335473,2314.95,2213.75,8.667996406555176,1376164,0.0,0.0,ADANIENT.NS,Adani Enterprises Limited,Thermal Coal,Energy,Mr. Gautambhai Shantilal Adani S.Y. B.Com,"Ahmedabad, India",https://www.adanienterprises.com,2311.75,2238.85,2668245024768,77.16122,29.96,0.00059999997,3743.9,2025.0
2006-11-09 00:00:00+05:30,8.760144240728174,2314.95,2213.75,9.13487720489502,1376164,0.0,0.0,ADANIENT.NS,Adani Enterprises Limited,Thermal Coal,Energy,Mr. Gautambhai Shantilal Adani S.Y. B.Com,"Ahmedabad, India",https://www.adanienterprises.com,2311.75,2238.85,2668245024768,77.16122,29.96,0.00059999997,3743.9,2025.0
2006-11-10 00:00:00+05:30,9.18402086176898,2314.95,2213.75,9.328385353088379,1376164,0.0,0.0,ADANIENT.NS,Adani Enterprises Limited,Thermal Coal,Energy,Mr. Gautambhai Shantilal Adani S.Y. B.Com,"Ahmedabad, India",https://www.adanienterprises.com,2311.75,2238.85,2668245024768,77.16122,29.96,0.00059999997,3743.9,2025.0
2006-11-13 00:00:00+05:30,9.399032915515807,2314.95,2213.75,9.13487720489502,1376164,0.0,0.0,ADANIENT.NS,Adani Enterprises Limited,Thermal Coal,Energy,Mr. Gautambhai Shantilal Adani S.Y. B.Com,"Ahmedabad, India",https://www.adanienterprises.com,2311.75,2238.85,2668245024768,77.16122,29.96,0.00059999997,3743.9,2025.0
2006-11-14 00:00:00+05:30,9.276166030671279,2314.95,2213.75,8.993581771850586,1376164,0.0,0.0,ADANIENT.NS,Adani Enterprises Limited,Thermal Coal,Energy,Mr. Gautambhai Shantilal Adani S.Y. B.Com,"Ahmedabad, India",https://www.adanienterprises.com,2311.75,2238.85,2668245024768,77.16122,29.96,0.00059999997,3743.9,2025.0
2006-11-15 00:00:00+05:30,9.144093029017823,2314.95,2213.75,8.990513801574707,1376164,0.0,0.0,ADANIENT.NS,Adani Enterprises Limited,Thermal Coal,Energy,Mr. Gautambhai Shantilal Adani S.Y. B.Com,"Ahmedabad, India",https://www.adanienterprises.com,2311.75,2238.85,2668245024768,77.16122,29.96,0.00059999997,3743.9,2025.0
2006-11-16 00:00:00+05:30,9.076514770077019,2314.95,2213.75,9.868983268737793,1376164,0.0,0.0,ADANIENT.NS,Adani Enterprises Limited,Thermal Coal,Energy,Mr. Gautambhai Shantilal Adani S.Y. B.Com,"Ahmedabad, India",https://www.adanienterprises.com,2311.75,2238.85,2668245024768,77.16122,29.96,0.00059999997,3743.9,2025.0
2006-11-17 00:00:00+05:30,10.099352181553527,2314.95,2213.75,9.580255508422852,1376164,0.0,0.0,ADANIENT.NS,Adani Enterprises Limited,Thermal Coal,Energy,Mr. Gautambhai Shantilal Adani S.Y. B.Com,"Ahmedabad, India",https://www.adanienterprises.com,2311.75,2238.85,2668245024768,77.16122,29.96,0.00059999997,3743.9,2025.0
2006-11-20 00:00:00+05:30,9.546467373195668,2314.95,2213.75,9.248523712158203,1376164,0.0,0.0,ADANIENT.NS,Adani Enterprises Limited,Thermal Coal,Energy,Mr. Gautambhai Shantilal Adani S.Y. B.Com,"Ahmedabad, India",https://www.adanienterprises.com,2311.75,2238.85,2668245024768,77.16122,29.96,0.00059999997,3743.9,2025.0
2006-11-21 00:00:00+05:30,9.340672697870357,2314.95,2213.75,9.853626251220703,1376164,0.0,0.0,ADANIENT.NS,Adani Enterprises Limited,Thermal Coal,Energy,Mr. Gautambhai Shantilal Adani S.Y. B.Com,"Ahmedabad, India",https://www.adanienterprises.com,2311.75,2238.85,2668245024768,77.16122,29.96,0.00059999997,3743.9,2025.0
2006-11-22 00:00:00+05:30,9.979558508210388,2314.95,2213.75,10.265215873718262,1376164,0.0,0.0,ADANIENT.NS,Adani Enterprises Limited,Thermal Coal,Energy,Mr. Gautambhai Shantilal Adani S.Y. B.Com,"Ahmedabad, India",https://www.adanienterprises.com,2311.75,2238.85,2668245024768,77.16122,29.96,0.00059999997,3743.9,2025.0
2006-11-23 00:00:00+05:30,10.326649927482194,2314.95,2213.75,11.294198036193848,1376164,0.0,0.0,ADANIENT.NS,Adani Enterprises Limited,Thermal Coal,Energy,Mr. Gautambhai Shantilal Adani S.Y. B.Com,"Ahmedabad, India",https://www.adanienterprises.com,2311.75,2238.85,2668245024768,77.16122,29.96,0.00059999997,3743.9,2025.0
2006-11-24 00:00:00+05:30,11.856295910119053,2314.95,2213.75,12.424537658691406,1376164,0.0,0.0,ADANIENT.NS,Adani Enterprises Limited,Thermal Coal,Energy,Mr. Gautambhai Shantilal Adani S.Y. B.Com,"Ahmedabad, India",https://www.adanienterprises.com,2311.75,2238.85,2668245024768,77.16122,29.96,0.00059999997,3743.9,2025.0
2006-11-27 00:00:00+05:30,13.044996108619735,2314.95,2213.75,12.455252647399902,1376164,0.0,0.0,ADANIENT.NS,Adani Enterprises Limited,Thermal Coal,Energy,Mr. Gautambhai Shantilal Adani S.Y. B.Com,"Ahmedabad, India",https://www.adanienterprises.com,2311.75,2238.85,2668245024768,77.16122,29.96,0.00059999997,3743.9,2025.0
2006-11-28 00:00:00+05:30,12.224884437815515,2314.95,2213.75,12.68562126159668,1376164,0.0,0.0,ADANIENT.NS,Adani Enterprises Limited,Thermal Coal,Energy,Mr. Gautambhai Shantilal Adani S.Y. B.Com,"Ahmedabad, India",https://www.adanienterprises.com,2311.75,2238.85,2668245024768,77.16122,29.96,0.00059999997,3743.9,2025.0
2006-11-29 00:00:00+05:30,12.839200383984036,2314.95,2213.75,13.321439743041992,1376164,0.0,0.0,ADANIENT.NS,Adani Enterprises Limited,Thermal Coal,Energy,Mr. Gautambhai Shantilal Adani S.Y. B.Com,"Ahmedabad, India",https://www.adanienterprises.com,2311.75,2238.85,2668245024768,77.16122,29.96,0.00059999997,3743.9,2025.0
2006-11-30 00:00:00+05:30,13.98797294901848,2314.95,2213.75,13.140216827392578,1376164,0.0,0.0,ADANIENT.NS,Adani Enterprises Limited,Thermal Coal,Energy,Mr. Gautambhai Shantilal Adani S.Y. B.Com,"Ahmedabad, India",https://www.adanienterprises.com,2311.75,2238.85,2668245024768,77.16122,29.96,0.00059999997,3743.9,2025.0
2006-12-01 00:00:00+05:30,13.324510120969308,2314.95,2213.75,13.201645851135254,1376164,0.0,0.0,ADANIENT.NS,Adani Enterprises Limited,Thermal Coal,Energy,Mr. Gautambhai Shantilal Adani S.Y. B.Com,"Ahmedabad, India",https://www.adanienterprises.com,2311.75,2238.85,2668245024768,77.16122,29.96,0.00059999997,3743.9,2025.0
2006-12-04 00:00:00+05:30,13.43815884669107,2314.95,2213.75,13.306079864501953,1376164,0.0,0.0,ADANIENT.NS,Adani Enterprises Limited,Thermal Coal,Energy,Mr. Gautambhai Shantilal Adani S.Y. B.Com,"Ahmedabad, India",https://www.adanienterprises.com,2311.75,2238.85,2668245024768,77.16122,29.96,0.00059999997,3743.9,2025.0
2006-12-05 00:00:00+05:30,13.637810500968154,2314.95,2213.75,12.949777603149414,1376164,0.0,0.0,ADANIENT.NS,Adani Enterprises Limited,Thermal Coal,Energy,Mr. Gautambhai Shantilal Adani S.Y. B.Com,"Ahmedabad, India",https://www.adanienterprises.com,2311.75,2238.85,2668245024768,77.16122,29.96,0.00059999997,3743.9,2025.0
2006-12-06 00:00:00+05:30,13.392084323420358,2314.95,2213.75,13.597879409790039,1376164,0.0,0.0,ADANIENT.NS,Adani Enterprises Limited,Thermal Coal,Energy,Mr. Gautambhai Shantilal Adani S.Y. B.Com,"Ahmedabad, India",https://www.adanienterprises.com,2311.75,2238.85,2668245024768,77.16122,29.96,0.00059999997,3743.9,2025.0
2006-12-07 00:00:00+05:30,14.129263978840152,2314.95,2213.75,14.279770851135254,1376164,0.0,0.0,ADANIENT.NS,Adani Enterprises Limited,Thermal Coal,Energy,Mr. Gautambhai Shantilal Adani S.Y. B.Com,"Ahmedabad, India",https://www.adanienterprises.com,2311.75,2238.85,2668245024768,77.16122,29.96,0.00059999997,3743.9,2025.0
2006-12-08 00:00:00+05:30,14.68214498759947,2314.95,2213.75,14.46406364440918,1376164,0.0,0.0,ADANIENT.NS,Adani Enterprises Limited,Thermal Coal,Energy,Mr. Gautambhai Shantilal Adani S.Y. B.Com,"Ahmedabad, India",https://www.adanienterprises.com,2311.75,2238.85,2668245024768,77.16122,29.96,0.00059999997,3743.9,2025.0
2006-12-11 00:00:00+05:30,14.620716447937683,2314.95,2213.75,14.986234664916992,1376164,0.0,0.0,ADANIENT.NS,Adani Enterprises Limited,Thermal Coal,Energy,Mr. Gautambhai Shantilal Adani S.Y. B.Com,"Ahmedabad, India",https://www.adanienterprises.com,2311.75,2238.85,2668245024768,77.16122,29.96,0.00059999997,3743.9,2025.0
2006-12-12 00:00:00+05:30,15.050736900708682,2314.95,2213.75,14.236769676208496,1376164,0.0,0.0,ADANIENT.NS,Adani Enterprises Limited,Thermal Coal,Energy,Mr. Gautambhai Shantilal Adani S.Y. B.Com,"Ahmedabad, India",https://www.adanienterprises.com,2311.75,2238.85,2668245024768,77.16122,29.96,0.00059999997,3743.9,2025.0
2006-12-13 00:00:00+05:30,13.822101947725042,2314.95,2213.75,14.414916038513184,1376164,0.0,0.0,ADANIENT.NS,Adani Enterprises Limited,Thermal Coal,Energy,Mr. Gautambhai Shantilal Adani S.Y. B.Com,"Ahmedabad, India",https://www.adanienterprises.com,2311.75,2238.85,2668245024768,77.16122,29.96,0.00059999997,3743.9,2025.0
2006-12-14 00:00:00+05:30,14.559287015030828,2314.95,2213.75,14.599217414855957,1376164,0.0,0.0,ADANIENT.NS,Adani Enterprises Limited,Thermal Coal,Energy,Mr. Gautambhai Shantilal Adani S.Y. B.Com,"Ahmedabad, India",https://www.adanienterprises.com,2311.75,2238.85,2668245024768,77.16122,29.96,0.00059999997,3743.9,2025.0
2006-12-15 00:00:00+05:30,14.743584273277026,2314.95,2213.75,14.295133590698242,1376164,0.0,0.0,ADANIENT.NS,Adani Enterprises Limited,Thermal Coal,Energy,Mr. Gautambhai Shantilal Adani S.Y. B.Com,"Ahmedabad, India",https://www.adanienterprises.com,2311.75,2238.85,2668245024768,77.16122,29.96,0.00059999997,3743.9,2025.0
2006-12-18 00:00:00+05:30,14.344271075762382,2314.95,2213.75,14.565423965454102,1376164,0.0,0.0,ADANIENT.NS,Adani Enterprises Limited,Thermal Coal,Energy,Mr. Gautambhai Shantilal Adani S.Y. B.Com,"Ahmedabad, India",https://www.adanienterprises.com,2311.75,2238.85,2668245024768,77.16122,29.96,0.00059999997,3743.9,2025.0
2006-12-19 00:00:00+05:30,14.374991542350742,2314.95,2213.75,13.880467414855957,1376164,0.0,0.0,ADANIENT.NS,Adani Enterprises Limited,Thermal Coal,Energy,Mr. Gautambhai Shantilal Adani S.Y. B.Com,"Ahmedabad, India",https://www.adanienterprises.com,2311.75,2238.85,2668245024768,77.16122,29.96,0.00059999997,3743.9,2025.0
2006-12-20 00:00:00+05:30,13.837463946946539,2314.95,2213.75,13.539520263671875,1376164,0.0,0.0,ADANIENT.NS,Adani Enterprises Limited,Thermal Coal,Energy,Mr. Gautambhai Shantilal Adani S.Y. B.Com,"Ahmedabad, India",https://www.adanienterprises.com,2311.75,2238.85,2668245024768,77.16122,29.96,0.00059999997,3743.9,2025.0
2006-12-21 00:00:00+05:30,13.582525750078982,2314.95,2213.75,13.643957138061523,1376164,0.0,0.0,ADANIENT.NS,Adani Enterprises Limited,Thermal Coal,Energy,Mr. Gautambhai Shantilal Adani S.Y. B.Com,"Ahmedabad, India",https://www.adanienterprises.com,2311.75,2238.85,2668245024768,77.16122,29.96,0.00059999997,3743.9,2025.0
2006-12-22 00:00:00+05:30,13.809818243557785,2314.95,2213.75,13.647025108337402,1376164,0.0,0.0,ADANIENT.NS,Adani Enterprises Limited,Thermal Coal,Energy,Mr. Gautambhai Shantilal Adani S.Y. B.Com,"Ahmedabad, India",https://www.adanienterprises.com,2311.75,2238.85,2668245024768,77.16122,29.96,0.00059999997,3743.9,2025.0
2006-12-26 00:00:00+05:30,13.699245060840711,2314.95,2213.75,13.883539199829102,1376164,0.0,0.0,ADANIENT.NS,Adani Enterprises Limited,Thermal Coal,Energy,Mr. Gautambhai Shantilal Adani S.Y. B.Com,"Ahmedabad, India",https://www.adanienterprises.com,2311.75,2238.85,2668245024768,77.16122,29.96,0.00059999997,3743.9,2025.0
2006-12-27 00:00:00+05:30,14.006402492206927,2314.95,2213.75,14.577715873718262,1376164,0.0,0.0,ADANIENT.NS,Adani Enterprises Limited,Thermal Coal,Energy,Mr. Gautambhai Shantilal Adani S.Y. B.Com,"Ahmedabad, India",https://www.adanienterprises.com,2311.75,2238.85,2668245024768,77.16122,29.96,0.00059999997,3743.9,2025.0
2006-12-28 00:00:00+05:30,14.688294809263853,2314.95,2213.75,14.196842193603516,1376164,0.0,0.0,ADANIENT.NS,Adani Enterprises Limited,Thermal Coal,Energy,Mr. Gautambhai Shantilal Adani S.Y. B.Com,"Ahmedabad, India",https://www.adanienterprises.com,2311.75,2238.85,2668245024768,77.16122,29.96,0.00059999997,3743.9,2025.0
2006-12-29 00:00:00+05:30,14.252124535405649,2314.95,2213.75,14.018685340881348,1376164,0.0,0.0,ADANIENT.NS,Adani Enterprises Limited,Thermal Coal,Energy,Mr. Gautambhai Shantilal Adani S.Y. B.Com,"Ahmedabad, India",https://www.adanienterprises.com,2311.75,2238.85,2668245024768,77.16122,29.96,0.00059999997,3743.9,2025.0
2007-01-02 00:00:00+05:30,14.12926324411232,2314.95,2213.75,14.236769676208496,1376164,0.0,0.0,ADANIENT.NS,Adani Enterprises Limited,Thermal Coal,Energy,Mr. Gautambhai Shantilal Adani S.Y. B.Com,"Ahmedabad, India",https://www.adanienterprises.com,2311.75,2238.85,2668245024768,77.16122,29.96,0.00059999997,3743.9,2025.0
2007-01-03 00:00:00+05:30,14.374989541634363,2314.95,2213.75,14.150763511657715,1376164,0.0,0.0,ADANIENT.NS,Adani Enterprises Limited,Thermal Coal,Energy,Mr. Gautambhai Shantilal Adani S.Y. B.Com,"Ahmedabad, India",https://www.adanienterprises.com,2311.75,2238.85,2668245024768,77.16122,29.96,0.00059999997,3743.9,2025.0
2007-01-04 00:00:00+05:30,14.218338946939632,2314.95,2213.75,13.966468811035156,1376164,0.0,0.0,ADANIENT.NS,Adani Enterprises Limited,Thermal Coal,Energy,Mr. Gautambhai Shantilal Adani S.Y. B.Com,"Ahmedabad, India",https://www.adanienterprises.com,2311.75,2238.85,2668245024768,77.16122,29.96,0.00059999997,3743.9,2025.0
2007-01-05 00:00:00+05:30,14.012542342810267,2314.95,2213.75,14.48863697052002,1376164,0.0,0.0,ADANIENT.NS,Adani Enterprises Limited,Thermal Coal,Energy,Mr. Gautambhai Shantilal Adani S.Y. B.Com,"Ahmedabad, India",https://www.adanienterprises.com,2311.75,2238.85,2668245024768,77.16122,29.96,0.00059999997,3743.9,2025.0
2007-01-08 00:00:00+05:30,14.436421847913925,2314.95,2213.75,14.307415962219238,1376164,0.0,0.0,ADANIENT.NS,Adani Enterprises Limited,Thermal Coal,Energy,Mr. Gautambhai Shantilal Adani S.Y. B.Com,"Ahmedabad, India",https://www.adanienterprises.com,2311.75,2238.85,2668245024768,77.16122,29.96,0.00059999997,3743.9,2025.0
2007-01-09 00:00:00+05:30,14.325845333970504,2314.95,2213.75,13.797533988952637,1376164,0.0,0.0,ADANIENT.NS,Adani Enterprises Limited,Thermal Coal,Energy,Mr. Gautambhai Shantilal Adani S.Y. B.Com,"Ahmedabad, India",https://www.adanienterprises.com,2311.75,2238.85,2668245024768,77.16122,29.96,0.00059999997,3743.9,2025.0
2007-01-10 00:00:00+05:30,13.825176012599634,2314.95,2213.75,13.524162292480469,1376164,0.0,0.0,ADANIENT.NS,Adani Enterprises Limited,Thermal Coal,Energy,Mr. Gautambhai Shantilal Adani S.Y. B.Com,"Ahmedabad, India",https://www.adanienterprises.com,2311.75,2238.85,2668245024768,77.16122,29.96,0.00059999997,3743.9,2025.0
2007-01-11 00:00:00+05:30,13.686957053745832,2314.95,2213.75,13.696171760559082,1376164,0.0,0.0,ADANIENT.NS,Adani Enterprises Limited,Thermal Coal,Energy,Mr. Gautambhai Shantilal Adani S.Y. B.Com,"Ahmedabad, India",https://www.adanienterprises.com,2311.75,2238.85,2668245024768,77.16122,29.96,0.00059999997,3743.9,2025.0
2007-01-12 00:00:00+05:30,13.822103772589942,2314.95,2213.75,13.831316947937012,1376164,0.0,0.0,ADANIENT.NS,Adani Enterprises Limited,Thermal Coal,Energy,Mr. Gautambhai Shantilal Adani S.Y. B.Com,"Ahmedabad, India",https://www.adanienterprises.com,2311.75,2238.85,2668245024768,77.16122,29.96,0.00059999997,3743.9,2025.0
2007-01-15 00:00:00+05:30,13.969543168071809,2314.95,2213.75,13.91118335723877,1376164,0.0,0.0,ADANIENT.NS,Adani Enterprises Limited,Thermal Coal,Energy,Mr. Gautambhai Shantilal Adani S.Y. B.Com,"Ahmedabad, India",https://www.adanienterprises.com,2311.75,2238.85,2668245024768,77.16122,29.96,0.00059999997,3743.9,2025.0
2007-01-16 00:00:00+05:30,14.006400646292269,2314.95,2213.75,13.68081283569336,1376164,0.0,0.0,ADANIENT.NS,Adani Enterprises Limited,Thermal Coal,Energy,Mr. Gautambhai Shantilal Adani S.Y. B.Com,"Ahmedabad, India",https://www.adanienterprises.com,2311.75,2238.85,2668245024768,77.16122,29.96,0.00059999997,3743.9,2025.0
2007-01-17 00:00:00+05:30,13.748392066811018,2314.95,2213.75,14.073978424072266,1376164,0.0,0.0,ADANIENT.NS,Adani Enterprises Limited,Thermal Coal,Energy,Mr. Gautambhai Shantilal Adani S.Y. B.Com,"Ahmedabad, India",https://www.adanienterprises.com,2311.75,2238.85,2668245024768,77.16122,29.96,0.00059999997,3743.9,2025.0
2007-01-18 00:00:00+05:30,14.12926224270611,2314.95,2213.75,13.957254409790039,1376164,0.0,0.0,ADANIENT.NS,Adani Enterprises Limited,Thermal Coal,Energy,Mr. Gautambhai Shantilal Adani S.Y. B.Com,"Ahmedabad, India",https://www.adanienterprises.com,2311.75,2238.85,2668245024768,77.16122,29.96,0.00059999997,3743.9,2025.0
2007-01-19 00:00:00+05:30,14.602286922633587,2314.95,2213.75,13.65931224822998,1376164,0.0,0.0,ADANIENT.NS,Adani Enterprises Limited,Thermal Coal,Energy,Mr. Gautambhai Shantilal Adani S.Y. B.Com,"Ahmedabad, India",https://www.adanienterprises.com,2311.75,2238.85,2668245024768,77.16122,29.96,0.00059999997,3743.9,2025.0
2007-01-22 00:00:00+05:30,13.776030068740166,2314.95,2213.75,13.674668312072754,1376164,0.0,0.0,ADANIENT.NS,Adani Enterprises Limited,Thermal Coal,Energy,Mr. Gautambhai Shantilal Adani S.Y. B.Com,"Ahmedabad, India",https://www.adanienterprises.com,2311.75,2238.85,2668245024768,77.16122,29.96,0.00059999997,3743.9,2025.0
2007-01-23 00:00:00+05:30,13.57945088180763,2314.95,2213.75,13.475017547607422,1376164,0.0,0.0,ADANIENT.NS,Adani Enterprises Limited,Thermal Coal,Energy,Mr. Gautambhai Shantilal Adani S.Y. B.Com,"Ahmedabad, India",https://www.adanienterprises.com,2311.75,2238.85,2668245024768,77.16122,29.96,0.00059999997,3743.9,2025.0
2007-01-24 00:00:00+05:30,13.815964472130839,2314.95,2213.75,13.533378601074219,1376164,0.0,0.0,ADANIENT.NS,Adani Enterprises Limited,Thermal Coal,Energy,Mr. Gautambhai Shantilal Adani S.Y. B.Com,"Ahmedabad, India",https://www.adanienterprises.com,2311.75,2238.85,2668245024768,77.16122,29.96,0.00059999997,3743.9,2025.0
2007-01-25 00:00:00+05:30,13.662384681188618,2314.95,2213.75,13.671599388122559,1376164,0.0,0.0,ADANIENT.NS,Adani Enterprises Limited,Thermal Coal,Energy,Mr. Gautambhai Shantilal Adani S.Y. B.Com,"Ahmedabad, India",https://www.adanienterprises.com,2311.75,2238.85,2668245024768,77.16122,29.96,0.00059999997,3743.9,2025.0
2007-01-29 00:00:00+05:30,13.760673721750068,2314.95,2213.75,13.6009521484375,1376164,0.0,0.0,ADANIENT.NS,Adani Enterprises Limited,Thermal Coal,Energy,Mr. Gautambhai Shantilal Adani S.Y. B.Com,"Ahmedabad, India",https://www.adanienterprises.com,2311.75,2238.85,2668245024768,77.16122,29.96,0.00059999997,3743.9,2025.0
2007-01-31 00:00:00+05:30,13.576377257830067,2314.95,2213.75,14.156905174255371,1376164,0.0,0.0,ADANIENT.NS,Adani Enterprises Limited,Thermal Coal,Energy,Mr. Gautambhai Shantilal Adani S.Y. B.Com,"Ahmedabad, India",https://www.adanienterprises.com,2311.75,2238.85,2668245024768,77.16122,29.96,0.00059999997,3743.9,2025.0
2007-02-01 00:00:00+05:30,14.344274232746677,2314.95,2213.75,14.583856582641602,1376164,0.0,0.0,ADANIENT.NS,Adani Enterprises Limited,Thermal Coal,Energy,Mr. Gautambhai Shantilal Adani S.Y. B.Com,"Ahmedabad, India",https://www.adanienterprises.com,2311.75,2238.85,2668245024768,77.16122,29.96,0.00059999997,3743.9,2025.0
2007-02-02 00:00:00+05:30,14.67600479092604,2314.95,2213.75,14.722078323364258,1376164,0.0,0.0,ADANIENT.NS,Adani Enterprises Limited,Thermal Coal,Energy,Mr. Gautambhai Shantilal Adani S.Y. B.Com,"Ahmedabad, India",https://www.adanienterprises.com,2311.75,2238.85,2668245024768,77.16122,29.96,0.00059999997,3743.9,2025.0
2007-02-05 00:00:00+05:30,14.74358009561958,2314.95,2213.75,14.725149154663086,1376164,0.0,0.0,ADANIENT.NS,Adani Enterprises Limited,Thermal Coal,Energy,Mr. Gautambhai Shantilal Adani S.Y. B.Com,"Ahmedabad, India",https://www.adanienterprises.com,2311.75,2238.85,2668245024768,77.16122,29.96,0.00059999997,3743.9,2025.0
2007-02-06 00:00:00+05:30,14.78351169253418,2314.95,2213.75,15.450043678283691,1376164,0.0,0.0,ADANIENT.NS,Adani Enterprises Limited,Thermal Coal,Energy,Mr. Gautambhai Shantilal Adani S.Y. B.Com,"Ahmedabad, India",https://www.adanienterprises.com,2311.75,2238.85,2668245024768,77.16122,29.96,0.00059999997,3743.9,2025.0
2007-02-07 00:00:00+05:30,15.480757813124674,2314.95,2213.75,14.783510208129883,1376164,0.0,0.0,ADANIENT.NS,Adani Enterprises Limited,Thermal Coal,Energy,Mr. Gautambhai Shantilal Adani S.Y. B.Com,"Ahmedabad, India",https://www.adanienterprises.com,2311.75,2238.85,2668245024768,77.16122,29.96,0.00059999997,3743.9,2025.0
2007-02-08 00:00:00+05:30,14.743582134024733,2314.95,2213.75,14.577715873718262,1376164,0.0,0.0,ADANIENT.NS,Adani Enterprises Limited,Thermal Coal,Energy,Mr. Gautambhai Shantilal Adani S.Y. B.Com,"Ahmedabad, India",https://www.adanienterprises.com,2311.75,2238.85,2668245024768,77.16122,29.96,0.00059999997,3743.9,2025.0
2007-02-09 00:00:00+05:30,14.620713220845378,2314.95,2213.75,13.855891227722168,1376164,0.0,0.0,ADANIENT.NS,Adani Enterprises Limited,Thermal Coal,Energy,Mr. Gautambhai Shantilal Adani S.Y. B.Com,"Ahmedabad, India",https://www.adanienterprises.com,2311.75,2238.85,2668245024768,77.16122,29.96,0.00059999997,3743.9,2025.0
2007-02-12 00:00:00+05:30,13.822106524660088,2314.95,2213.75,12.900632858276367,1376164,0.0,0.0,ADANIENT.NS,Adani Enterprises Limited,Thermal Coal,Energy,Mr. Gautambhai Shantilal Adani S.Y. B.Com,"Ahmedabad, India",https://www.adanienterprises.com,2311.75,2238.85,2668245024768,77.16122,29.96,0.00059999997,3743.9,2025.0
2007-02-13 00:00:00+05:30,12.60268957697394,2314.95,2213.75,13.204718589782715,1376164,0.0,0.0,ADANIENT.NS,Adani Enterprises Limited,Thermal Coal,Energy,Mr. Gautambhai Shantilal Adani S.Y. B.Com,"Ahmedabad, India",https://www.adanienterprises.com,2311.75,2238.85,2668245024768,77.16122,29.96,0.00059999997,3743.9,2025.0
2007-02-14 00:00:00+05:30,13.23850891907606,2314.95,2213.75,14.012547492980957,1376164,0.0,0.0,ADANIENT.NS,Adani Enterprises Limited,Thermal Coal,Energy,Mr. Gautambhai Shantilal Adani S.Y. B.Com,"Ahmedabad, India",https://www.adanienterprises.com,2311.75,2238.85,2668245024768,77.16122,29.96,0.00059999997,3743.9,2025.0
2007-02-15 00:00:00+05:30,14.215268839760055,2314.95,2213.75,13.932682991027832,1376164,0.0,0.0,ADANIENT.NS,Adani Enterprises Limited,Thermal Coal,Energy,Mr. Gautambhai Shantilal Adani S.Y. B.Com,"Ahmedabad, India",https://www.adanienterprises.com,2311.75,2238.85,2668245024768,77.16122,29.96,0.00059999997,3743.9,2025.0
2007-02-19 00:00:00+05:30,14.129262099403958,2314.95,2213.75,13.622451782226562,1376164,0.0,0.0,ADANIENT.NS,Adani Enterprises Limited,Thermal Coal,Energy,Mr. Gautambhai Shantilal Adani S.Y. B.Com,"Ahmedabad, India",https://www.adanienterprises.com,2311.75,2238.85,2668245024768,77.16122,29.96,0.00059999997,3743.9,2025.0
2007-02-20 00:00:00+05:30,13.643953392541546,2314.95,2213.75,13.401299476623535,1376164,0.0,0.0,ADANIENT.NS,Adani Enterprises Limited,Thermal Coal,Energy,Mr. Gautambhai Shantilal Adani S.Y. B.Com,"Ahmedabad, India",https://www.adanienterprises.com,2311.75,2238.85,2668245024768,77.16122,29.96,0.00059999997,3743.9,2025.0
2007-02-21 00:00:00+05:30,13.392085825390614,2314.95,2213.75,13.321439743041992,1376164,0.0,0.0,ADANIENT.NS,Adani Enterprises Limited,Thermal Coal,Energy,Mr. Gautambhai Shantilal Adani S.Y. B.Com,"Ahmedabad, India",https://www.adanienterprises.com,2311.75,2238.85,2668245024768,77.16122,29.96,0.00059999997,3743.9,2025.0
2007-02-22 00:00:00+05:30,13.392084121704102,2314.95,2213.75,13.392084121704102,1376164,0.0,0.0,ADANIENT.NS,Adani Enterprises Limited,Thermal Coal,Energy,Mr. Gautambhai Shantilal Adani S.Y. B.Com,"Ahmedabad, India",https://www.adanienterprises.com,2311.75,2238.85,2668245024768,77.16122,29.96,0.00059999997,3743.9,2025.0
2007-02-23 00:00:00+05:30,13.33065328553975,2314.95,2213.75,13.08799934387207,1376164,0.0,0.0,ADANIENT.NS,Adani Enterprises Limited,Thermal Coal,Energy,Mr. Gautambhai Shantilal Adani S.Y. B.Com,"Ahmedabad, India",https://www.adanienterprises.com,2311.75,2238.85,2668245024768,77.16122,29.96,0.00059999997,3743.9,2025.0
2007-02-26 00:00:00+05:30,13.207791997550864,2314.95,2213.75,13.149432182312012,1376164,0.0,0.0,ADANIENT.NS,Adani Enterprises Limited,Thermal Coal,Energy,Mr. Gautambhai Shantilal Adani S.Y. B.Com,"Ahmedabad, India",https://www.adanienterprises.com,2311.75,2238.85,2668245024768,77.16122,29.96,0.00059999997,3743.9,2025.0
2007-02-27 00:00:00+05:30,13.20164678861712,2314.95,2213.75,13.038853645324707,1376164,0.0,0.0,ADANIENT.NS,Adani Enterprises Limited,Thermal Coal,Energy,Mr. Gautambhai Shantilal Adani S.Y. B.Com,"Ahmedabad, India",https://www.adanienterprises.com,2311.75,2238.85,2668245024768,77.16122,29.96,0.00059999997,3743.9,2025.0
2007-02-28 00:00:00+05:30,12.470609909258265,2314.95,2213.75,12.93134593963623,1376164,0.0,0.0,ADANIENT.NS,Adani Enterprises Limited,Thermal Coal,Energy,Mr. Gautambhai Shantilal Adani S.Y. B.Com,"Ahmedabad, India",https://www.adanienterprises.com,2311.75,2238.85,2668245024768,77.16122,29.96,0.00059999997,3743.9,2025.0
2007-03-01 00:00:00+05:30,13.023494923561874,2314.95,2213.75,12.842270851135254,1376164,0.0,0.0,ADANIENT.NS,Adani Enterprises Limited,Thermal Coal,Energy,Mr. Gautambhai Shantilal Adani S.Y. B.Com,"Ahmedabad, India",https://www.adanienterprises.com,2311.75,2238.85,2668245024768,77.16122,29.96,0.00059999997,3743.9,2025.0
2007-03-02 00:00:00+05:30,12.931347153453878,2314.95,2213.75,12.6641206741333,1376164,0.0,0.0,ADANIENT.NS,Adani Enterprises Limited,Thermal Coal,Energy,Mr. Gautambhai Shantilal Adani S.Y. B.Com,"Ahmedabad, India",https://www.adanienterprises.com,2311.75,2238.85,2668245024768,77.16122,29.96,0.00059999997,3743.9,2025.0
2007-03-05 00:00:00+05:30,12.347749265006076,2314.95,2213.75,11.899298667907715,1376164,0.0,0.0,ADANIENT.NS,Adani Enterprises Limited,Thermal Coal,Energy,Mr. Gautambhai Shantilal Adani S.Y. B.Com,"Ahmedabad, India",https://www.adanienterprises.com,2311.75,2238.85,2668245024768,77.16122,29.96,0.00059999997,3743.9,2025.0
2007-03-06 00:00:00+05:30,12.16345280169829,2314.95,2213.75,11.460062026977539,1376164,0.0,0.0,ADANIENT.NS,Adani Enterprises Limited,Thermal Coal,Energy,Mr. Gautambhai Shantilal Adani S.Y. B.Com,"Ahmedabad, India",https://www.adanienterprises.com,2311.75,2238.85,2668245024768,77.16122,29.96,0.00059999997,3743.9,2025.0
2007-03-07 00:00:00+05:30,11.794862253764194,2314.95,2213.75,11.441630363464355,1376164,0.0,0.0,ADANIENT.NS,Adani Enterprises Limited,Thermal Coal,Energy,Mr. Gautambhai Shantilal Adani S.Y. B.Com,"Ahmedabad, India",https://www.adanienterprises.com,2311.75,2238.85,2668245024768,77.16122,29.96,0.00059999997,3743.9,2025.0
2007-03-08 00:00:00+05:30,11.549135569619141,2314.95,2213.75,11.862436294555664,1376164,0.0,0.0,ADANIENT.NS,Adani Enterprises Limited,Thermal Coal,Energy,Mr. Gautambhai Shantilal Adani S.Y. B.Com,"Ahmedabad, India",https://www.adanienterprises.com,2311.75,2238.85,2668245024768,77.16122,29.96,0.00059999997,3743.9,2025.0
2007-03-09 00:00:00+05:30,12.022161030803293,2314.95,2213.75,11.828651428222656,1376164,0.0,0.0,ADANIENT.NS,Adani Enterprises Limited,Thermal Coal,Energy,Mr. Gautambhai Shantilal Adani S.Y. B.Com,"Ahmedabad, India",https://www.adanienterprises.com,2311.75,2238.85,2668245024768,77.16122,29.96,0.00059999997,3743.9,2025.0
2007-03-12 00:00:00+05:30,11.856294633339392,2314.95,2213.75,12.08359146118164,1376164,0.0,0.0,ADANIENT.NS,Adani Enterprises Limited,Thermal Coal,Energy,Mr. Gautambhai Shantilal Adani S.Y. B.Com,"Ahmedabad, India",https://www.adanienterprises.com,2311.75,2238.85,2668245024768,77.16122,29.96,0.00059999997,3743.9,2025.0
2007-03-13 00:00:00+05:30,12.163453544251377,2314.95,2213.75,12.194169998168945,1376164,0.0,0.0,ADANIENT.NS,Adani Enterprises Limited,Thermal Coal,Energy,Mr. Gautambhai Shantilal Adani S.Y. B.Com,"Ahmedabad, India",https://www.adanienterprises.com,2311.75,2238.85,2668245024768,77.16122,29.96,0.00059999997,3743.9,2025.0
2007-03-14 00:00:00+05:30,11.874723768386731,2314.95,2213.75,11.801005363464355,1376164,0.0,0.0,ADANIENT.NS,Adani Enterprises Limited,Thermal Coal,Energy,Mr. Gautambhai Shantilal Adani S.Y. B.Com,"Ahmedabad, India",https://www.adanienterprises.com,2311.75,2238.85,2668245024768,77.16122,29.96,0.00059999997,3743.9,2025.0
2007-03-15 00:00:00+05:30,12.022161144883674,2314.95,2213.75,11.91158390045166,1376164,0.0,0.0,ADANIENT.NS,Adani Enterprises Limited,Thermal Coal,Energy,Mr. Gautambhai Shantilal Adani S.Y. B.Com,"Ahmedabad, India",https://www.adanienterprises.com,2311.75,2238.85,2668245024768,77.16122,29.96,0.00059999997,3743.9,2025.0
2007-03-16 00:00:00+05:30,12.145025389898363,2314.95,2213.75,11.905442237854004,1376164,0.0,0.0,ADANIENT.NS,Adani Enterprises Limited,Thermal Coal,Energy,Mr. Gautambhai Shantilal Adani S.Y. B.Com,"Ahmedabad, India",https://www.adanienterprises.com,2311.75,2238.85,2668245024768,77.16122,29.96,0.00059999997,3743.9,2025.0
2007-03-19 00:00:00+05:30,12.206454840808158,2314.95,2213.75,12.068233489990234,1376164,0.0,0.0,ADANIENT.NS,Adani Enterprises Limited,Thermal Coal,Energy,Mr. Gautambhai Shantilal Adani S.Y. B.Com,"Ahmedabad, India",https://www.adanienterprises.com,2311.75,2238.85,2668245024768,77.16122,29.96,0.00059999997,3743.9,2025.0
2007-03-20 00:00:00+05:30,12.11123427830086,2314.95,2213.75,11.930011749267578,1376164,0.0,0.0,ADANIENT.NS,Adani Enterprises Limited,Thermal Coal,Energy,Mr. Gautambhai Shantilal Adani S.Y. B.Com,"Ahmedabad, India",https://www.adanienterprises.com,2311.75,2238.85,2668245024768,77.16122,29.96,0.00059999997,3743.9,2025.0
2007-03-21 00:00:00+05:30,12.034447206738196,2314.95,2213.75,12.138879776000977,1376164,0.0,0.0,ADANIENT.NS,Adani Enterprises Limited,Thermal Coal,Energy,Mr. Gautambhai Shantilal Adani S.Y. B.Com,"Ahmedabad, India",https://www.adanienterprises.com,2311.75,2238.85,2668245024768,77.16122,29.96,0.00059999997,3743.9,2025.0
2007-03-22 00:00:00+05:30,12.565153646366856,2314.95,2213.75,12.658690452575684,1376164,0.225,0.0,ADANIENT.NS,Adani Enterprises Limited,Thermal Coal,Energy,Mr. Gautambhai Shantilal Adani S.Y. B.Com,"Ahmedabad, India",https://www.adanienterprises.com,2311.75,2238.85,2668245024768,77.16122,29.96,0.00059999997,3743.9,2025.0
2007-03-23 00:00:00+05:30,12.795880252734628,2314.95,2213.75,12.876945495605469,1376164,0.0,0.0,ADANIENT.NS,Adani Enterprises Limited,Thermal Coal,Energy,Mr. Gautambhai Shantilal Adani S.Y. B.Com,"Ahmedabad, India",https://www.adanienterprises.com,2311.75,2238.85,2668245024768,77.16122,29.96,0.00059999997,3743.9,2025.0
2007-03-26 00:00:00+05:30,13.029721937576996,2314.95,2213.75,12.817705154418945,1376164,0.0,0.0,ADANIENT.NS,Adani Enterprises Limited,Thermal Coal,Energy,Mr. Gautambhai Shantilal Adani S.Y. B.Com,"Ahmedabad, India",https://www.adanienterprises.com,2311.75,2238.85,2668245024768,77.16122,29.96,0.00059999997,3743.9,2025.0
2007-03-28 00:00:00+05:30,12.721047376804226,2314.95,2213.75,12.515266418457031,1376164,0.0,0.0,ADANIENT.NS,Adani Enterprises Limited,Thermal Coal,Energy,Mr. Gautambhai Shantilal Adani S.Y. B.Com,"Ahmedabad, India",https://www.adanienterprises.com,2311.75,2238.85,2668245024768,77.16122,29.96,0.00059999997,3743.9,2025.0
2007-03-29 00:00:00+05:30,12.714815076309367,2314.95,2213.75,12.929949760437012,1376164,0.0,0.0,ADANIENT.NS,Adani Enterprises Limited,Thermal Coal,Energy,Mr. Gautambhai Shantilal Adani S.Y. B.Com,"Ahmedabad, India",https://www.adanienterprises.com,2311.75,2238.85,2668245024768,77.16122,29.96,0.00059999997,3743.9,2025.0
2007-03-30 00:00:00+05:30,13.011014394698396,2314.95,2213.75,13.098316192626953,1376164,0.0,0.0,ADANIENT.NS,Adani Enterprises Limited,Thermal Coal,Energy,Mr. Gautambhai Shantilal Adani S.Y. B.Com,"Ahmedabad, India",https://www.adanienterprises.com,2311.75,2238.85,2668245024768,77.16122,29.96,0.00059999997,3743.9,2025.0
2007-04-02 00:00:00+05:30,13.032839082290897,2314.95,2213.75,12.770936012268066,1376164,0.0,0.0,ADANIENT.NS,Adani Enterprises Limited,Thermal Coal,Energy,Mr. Gautambhai Shantilal Adani S.Y. B.Com,"Ahmedabad, India",https://www.adanienterprises.com,2311.75,2238.85,2668245024768,77.16122,29.96,0.00059999997,3743.9,2025.0
2007-04-03 00:00:00+05:30,12.783408875163898,2314.95,2213.75,12.901888847351074,1376164,0.0,0.0,ADANIENT.NS,Adani Enterprises Limited,Thermal Coal,Energy,Mr. Gautambhai Shantilal Adani S.Y. B.Com,"Ahmedabad, India",https://www.adanienterprises.com,2311.75,2238.85,2668245024768,77.16122,29.96,0.00059999997,3743.9,2025.0
2007-04-04 00:00:00+05:30,12.979835957747742,2314.95,2213.75,13.154438018798828,1376164,0.0,0.0,ADANIENT.NS,Adani Enterprises Limited,Thermal Coal,Energy,Mr. Gautambhai Shantilal Adani S.Y. B.Com,"Ahmedabad, India",https://www.adanienterprises.com,2311.75,2238.85,2668245024768,77.16122,29.96,0.00059999997,3743.9,2025.0
2007-04-05 00:00:00+05:30,13.406988192984125,2314.95,2213.75,13.191853523254395,1376164,0.0,0.0,ADANIENT.NS,Adani Enterprises Limited,Thermal Coal,Energy,Mr. Gautambhai Shantilal Adani S.Y. B.Com,"Ahmedabad, India",https://www.adanienterprises.com,2311.75,2238.85,2668245024768,77.16122,29.96,0.00059999997,3743.9,2025.0
2007-04-09 00:00:00+05:30,13.344630590183394,2314.95,2213.75,13.609651565551758,1376164,0.0,0.0,ADANIENT.NS,Adani Enterprises Limited,Thermal Coal,Energy,Mr. Gautambhai Shantilal Adani S.Y. B.Com,"Ahmedabad, India",https://www.adanienterprises.com,2311.75,2238.85,2668245024768,77.16122,29.96,0.00059999997,3743.9,2025.0
2007-04-10 00:00:00+05:30,13.656421635914121,2314.95,2213.75,13.594063758850098,1376164,0.0,0.0,ADANIENT.NS,Adani Enterprises Limited,Thermal Coal,Energy,Mr. Gautambhai Shantilal Adani S.Y. B.Com,"Ahmedabad, India",https://www.adanienterprises.com,2311.75,2238.85,2668245024768,77.16122,29.96,0.00059999997,3743.9,2025.0
2007-04-11 00:00:00+05:30,13.594062761997396,2314.95,2213.75,13.603416442871094,1376164,0.0,0.0,ADANIENT.NS,Adani Enterprises Limited,Thermal Coal,Energy,Mr. Gautambhai Shantilal Adani S.Y. B.Com,"Ahmedabad, India",https://www.adanienterprises.com,2311.75,2238.85,2668245024768,77.16122,29.96,0.00059999997,3743.9,2025.0
2007-04-12 00:00:00+05:30,12.783409024557344,2314.95,2213.75,13.622125625610352,1376164,0.0,0.0,ADANIENT.NS,Adani Enterprises Limited,Thermal Coal,Energy,Mr. Gautambhai Shantilal Adani S.Y. B.Com,"Ahmedabad, India",https://www.adanienterprises.com,2311.75,2238.85,2668245024768,77.16122,29.96,0.00059999997,3743.9,2025.0
2007-04-13 00:00:00+05:30,13.71877764790294,2314.95,2213.75,13.790489196777344,1376164,0.0,0.0,ADANIENT.NS,Adani Enterprises Limited,Thermal Coal,Energy,Mr. Gautambhai Shantilal Adani S.Y. B.Com,"Ahmedabad, India",https://www.adanienterprises.com,2311.75,2238.85,2668245024768,77.16122,29.96,0.00059999997,3743.9,2025.0
2007-04-16 00:00:00+05:30,13.999390281974906,2314.95,2213.75,13.93079662322998,1376164,0.0,0.0,ADANIENT.NS,Adani Enterprises Limited,Thermal Coal,Energy,Mr. Gautambhai Shantilal Adani S.Y. B.Com,"Ahmedabad, India",https://www.adanienterprises.com,2311.75,2238.85,2668245024768,77.16122,29.96,0.00059999997,3743.9,2025.0
2007-04-17 00:00:00+05:30,14.030568161937953,2314.95,2213.75,13.802960395812988,1376164,0.0,0.0,ADANIENT.NS,Adani Enterprises Limited,Thermal Coal,Energy,Mr. Gautambhai Shantilal Adani S.Y. B.Com,"Ahmedabad, India",https://www.adanienterprises.com,2311.75,2238.85,2668245024768,77.16122,29.96,0.00059999997,3743.9,2025.0
2007-04-18 00:00:00+05:30,13.99939125160754,2314.95,2213.75,13.784255027770996,1376164,0.0,0.0,ADANIENT.NS,Adani Enterprises Limited,Thermal Coal,Energy,Mr. Gautambhai Shantilal Adani S.Y. B.Com,"Ahmedabad, India",https://www.adanienterprises.com,2311.75,2238.85,2668245024768,77.16122,29.96,0.00059999997,3743.9,2025.0
2007-04-19 00:00:00+05:30,13.74995897089414,2314.95,2213.75,13.821670532226562,1376164,0.0,0.0,ADANIENT.NS,Adani Enterprises Limited,Thermal Coal,Energy,Mr. Gautambhai Shantilal Adani S.Y. B.Com,"Ahmedabad, India",https://www.adanienterprises.com,2311.75,2238.85,2668245024768,77.16122,29.96,0.00059999997,3743.9,2025.0
2007-04-20 00:00:00+05:30,13.96820902782098,2314.95,2213.75,13.880908012390137,1376164,0.0,0.0,ADANIENT.NS,Adani Enterprises Limited,Thermal Coal,Energy,Mr. Gautambhai Shantilal Adani S.Y. B.Com,"Ahmedabad, India",https://www.adanienterprises.com,2311.75,2238.85,2668245024768,77.16122,29.96,0.00059999997,3743.9,2025.0
2007-04-23 00:00:00+05:30,13.999393252440537,2314.95,2213.75,13.837261199951172,1376164,0.0,0.0,ADANIENT.NS,Adani Enterprises Limited,Thermal Coal,Energy,Mr. Gautambhai Shantilal Adani S.Y. B.Com,"Ahmedabad, India",https://www.adanienterprises.com,2311.75,2238.85,2668245024768,77.16122,29.96,0.00059999997,3743.9,2025.0
2007-04-24 00:00:00+05:30,13.793606667053954,2314.95,2213.75,13.884025573730469,1376164,0.0,0.0,ADANIENT.NS,Adani Enterprises Limited,Thermal Coal,Energy,Mr. Gautambhai Shantilal Adani S.Y. B.Com,"Ahmedabad, India",https://www.adanienterprises.com,2311.75,2238.85,2668245024768,77.16122,29.96,0.00059999997,3743.9,2025.0
2007-04-25 00:00:00+05:30,13.60964973276662,2314.95,2213.75,14.099162101745605,1376164,0.0,0.0,ADANIENT.NS,Adani Enterprises Limited,Thermal Coal,Energy,Mr. Gautambhai Shantilal Adani S.Y. B.Com,"Ahmedabad, India",https://www.adanienterprises.com,2311.75,2238.85,2668245024768,77.16122,29.96,0.00059999997,3743.9,2025.0
2007-04-26 00:00:00+05:30,14.155286788940431,2314.95,2213.75,14.15528678894043,1376164,0.0,0.0,ADANIENT.NS,Adani Enterprises Limited,Thermal Coal,Energy,Mr. Gautambhai Shantilal Adani S.Y. B.Com,"Ahmedabad, India",https://www.adanienterprises.com,2311.75,2238.85,2668245024768,77.16122,29.96,0.00059999997,3743.9,2025.0
2007-04-27 00:00:00+05:30,14.149052093053243,2314.95,2213.75,13.721899032592773,1376164,0.0,0.0,ADANIENT.NS,Adani Enterprises Limited,Thermal Coal,Energy,Mr. Gautambhai Shantilal Adani S.Y. B.Com,"Ahmedabad, India",https://www.adanienterprises.com,2311.75,2238.85,2668245024768,77.16122,29.96,0.00059999997,3743.9,2025.0
2007-04-30 00:00:00+05:30,13.893379501002432,2314.95,2213.75,13.899615287780762,1376164,0.0,0.0,ADANIENT.NS,Adani Enterprises Limited,Thermal Coal,Energy,Mr. Gautambhai Shantilal Adani S.Y. B.Com,"Ahmedabad, India",https://www.adanienterprises.com,2311.75,2238.85,2668245024768,77.16122,29.96,0.00059999997,3743.9,2025.0
2007-05-03 00:00:00+05:30,14.024335887940557,2314.95,2213.75,13.877793312072754,1376164,0.0,0.0,ADANIENT.NS,Adani Enterprises Limited,Thermal Coal,Energy,Mr. Gautambhai Shantilal Adani S.Y. B.Com,"Ahmedabad, India",https://www.adanienterprises.com,2311.75,2238.85,2668245024768,77.16122,29.96,0.00059999997,3743.9,2025.0
2007-05-04 00:00:00+05:30,13.843495009881085,2314.95,2213.75,13.784255027770996,1376164,0.0,0.0,ADANIENT.NS,Adani Enterprises Limited,Thermal Coal,Energy,Mr. Gautambhai Shantilal Adani S.Y. B.Com,"Ahmedabad, India",https://www.adanienterprises.com,2311.75,2238.85,2668245024768,77.16122,29.96,0.00059999997,3743.9,2025.0
2007-05-07 00:00:00+05:30,13.905855711665625,2314.95,2213.75,13.852849960327148,1376164,0.0,0.0,ADANIENT.NS,Adani Enterprises Limited,Thermal Coal,Energy,Mr. Gautambhai Shantilal Adani S.Y. B.Com,"Ahmedabad, India",https://www.adanienterprises.com,2311.75,2238.85,2668245024768,77.16122,29.96,0.00059999997,3743.9,2025.0
2007-05-08 00:00:00+05:30,13.899616690582993,2314.95,2213.75,13.734368324279785,1376164,0.0,0.0,ADANIENT.NS,Adani Enterprises Limited,Thermal Coal,Energy,Mr. Gautambhai Shantilal Adani S.Y. B.Com,"Ahmedabad, India",https://www.adanienterprises.com,2311.75,2238.85,2668245024768,77.16122,29.96,0.00059999997,3743.9,2025.0
2007-05-09 00:00:00+05:30,13.718779041390745,2314.95,2213.75,13.831023216247559,1376164,0.0,0.0,ADANIENT.NS,Adani Enterprises Limited,Thermal Coal,Energy,Mr. Gautambhai Shantilal Adani S.Y. B.Com,"Ahmedabad, India",https://www.adanienterprises.com,2311.75,2238.85,2668245024768,77.16122,29.96,0.00059999997,3743.9,2025.0
2007-05-10 00:00:00+05:30,13.796726602952067,2314.95,2213.75,13.784255027770996,1376164,0.0,0.0,ADANIENT.NS,Adani Enterprises Limited,Thermal Coal,Energy,Mr. Gautambhai Shantilal Adani S.Y. B.Com,"Ahmedabad, India",https://www.adanienterprises.com,2311.75,2238.85,2668245024768,77.16122,29.96,0.00059999997,3743.9,2025.0
2007-05-11 00:00:00+05:30,13.46934560891537,2314.95,2213.75,13.70942497253418,1376164,0.0,0.0,ADANIENT.NS,Adani Enterprises Limited,Thermal Coal,Energy,Mr. Gautambhai Shantilal Adani S.Y. B.Com,"Ahmedabad, India",https://www.adanienterprises.com,2311.75,2238.85,2668245024768,77.16122,29.96,0.00059999997,3743.9,2025.0
2007-05-14 00:00:00+05:30,13.955739244779267,2314.95,2213.75,13.968209266662598,1376164,0.0,0.0,ADANIENT.NS,Adani Enterprises Limited,Thermal Coal,Energy,Mr. Gautambhai Shantilal Adani S.Y. B.Com,"Ahmedabad, India",https://www.adanienterprises.com,2311.75,2238.85,2668245024768,77.16122,29.96,0.00059999997,3743.9,2025.0
2007-05-15 00:00:00+05:30,14.15528590571163,2314.95,2213.75,14.208290100097656,1376164,0.0,0.0,ADANIENT.NS,Adani Enterprises Limited,Thermal Coal,Energy,Mr. Gautambhai Shantilal Adani S.Y. B.Com,"Ahmedabad, India",https://www.adanienterprises.com,2311.75,2238.85,2668245024768,77.16122,29.96,0.00059999997,3743.9,2025.0
2007-05-16 00:00:00+05:30,14.336118900649899,2314.95,2213.75,14.289350509643555,1376164,0.0,0.0,ADANIENT.NS,Adani Enterprises Limited,Thermal Coal,Energy,Mr. Gautambhai Shantilal Adani S.Y. B.Com,"Ahmedabad, India",https://www.adanienterprises.com,2311.75,2238.85,2668245024768,77.16122,29.96,0.00059999997,3743.9,2025.0
2007-05-17 00:00:00+05:30,14.529435490389961,2314.95,2213.75,14.526317596435547,1376164,0.0,0.0,ADANIENT.NS,Adani Enterprises Limited,Thermal Coal,Energy,Mr. Gautambhai Shantilal Adani S.Y. B.Com,"Ahmedabad, India",https://www.adanienterprises.com,2311.75,2238.85,2668245024768,77.16122,29.96,0.00059999997,3743.9,2025.0
2007-05-18 00:00:00+05:30,14.467073239996198,2314.95,2213.75,15.589519500732422,1376164,0.0,0.0,ADANIENT.NS,Adani Enterprises Limited,Thermal Coal,Energy,Mr. Gautambhai Shantilal Adani S.Y. B.Com,"Ahmedabad, India",https://www.adanienterprises.com,2311.75,2238.85,2668245024768,77.16122,29.96,0.00059999997,3743.9,2025.0
2007-05-21 00:00:00+05:30,15.704883549777536,2314.95,2213.75,14.669739723205566,1376164,0.0,0.0,ADANIENT.NS,Adani Enterprises Limited,Thermal Coal,Energy,Mr. Gautambhai Shantilal Adani S.Y. B.Com,"Ahmedabad, India",https://www.adanienterprises.com,2311.75,2238.85,2668245024768,77.16122,29.96,0.00059999997,3743.9,2025.0
2007-05-22 00:00:00+05:30,14.828749426064325,2314.95,2213.75,15.031414031982422,1376164,0.0,0.0,ADANIENT.NS,Adani Enterprises Limited,Thermal Coal,Energy,Mr. Gautambhai Shantilal Adani S.Y. B.Com,"Ahmedabad, India",https://www.adanienterprises.com,2311.75,2238.85,2668245024768,77.16122,29.96,0.00059999997,3743.9,2025.0
2007-05-23 00:00:00+05:30,15.040771158956957,2314.95,2213.75,15.177958488464355,1376164,0.0,0.0,ADANIENT.NS,Adani Enterprises Limited,Thermal Coal,Energy,Mr. Gautambhai Shantilal Adani S.Y. B.Com,"Ahmedabad, India",https://www.adanienterprises.com,2311.75,2238.85,2668245024768,77.16122,29.96,0.00059999997,3743.9,2025.0
2007-05-24 00:00:00+05:30,14.98464987975229,2314.95,2213.75,14.728981018066406,1376164,0.0,0.0,ADANIENT.NS,Adani Enterprises Limited,Thermal Coal,Energy,Mr. Gautambhai Shantilal Adani S.Y. B.Com,"Ahmedabad, India",https://www.adanienterprises.com,2311.75,2238.85,2668245024768,77.16122,29.96,0.00059999997,3743.9,2025.0
2007-05-25 00:00:00+05:30,14.504490347970556,2314.95,2213.75,14.822515487670898,1376164,0.0,0.0,ADANIENT.NS,Adani Enterprises Limited,Thermal Coal,Energy,Mr. Gautambhai Shantilal Adani S.Y. B.Com,"Ahmedabad, India",https://www.adanienterprises.com,2311.75,2238.85,2668245024768,77.16122,29.96,0.00059999997,3743.9,2025.0
2007-05-28 00:00:00+05:30,14.978412739596862,2314.95,2213.75,14.741451263427734,1376164,0.0,0.0,ADANIENT.NS,Adani Enterprises Limited,Thermal Coal,Energy,Mr. Gautambhai Shantilal Adani S.Y. B.Com,"Ahmedabad, India",https://www.adanienterprises.com,2311.75,2238.85,2668245024768,77.16122,29.96,0.00059999997,3743.9,2025.0
2007-05-29 00:00:00+05:30,13.26979923248291,2314.95,2213.75,13.26979923248291,1376164,0.0,0.0,ADANIENT.NS,Adani Enterprises Limited,Thermal Coal,Energy,Mr. Gautambhai Shantilal Adani S.Y. B.Com,"Ahmedabad, India",https://www.adanienterprises.com,2311.75,2238.85,2668245024768,77.16122,29.96,0.00059999997,3743.9,2025.0
2007-05-30 00:00:00+05:30,12.471616444262747,2314.95,2213.75,13.44752025604248,1376164,0.0,0.0,ADANIENT.NS,Adani Enterprises Limited,Thermal Coal,Energy,Mr. Gautambhai Shantilal Adani S.Y. B.Com,"Ahmedabad, India",https://www.adanienterprises.com,2311.75,2238.85,2668245024768,77.16122,29.96,0.00059999997,3743.9,2025.0
2007-05-31 00:00:00+05:30,13.656421853962204,2314.95,2213.75,14.644797325134277,1376164,0.0,0.0,ADANIENT.NS,Adani Enterprises Limited,Thermal Coal,Energy,Mr. Gautambhai Shantilal Adani S.Y. B.Com,"Ahmedabad, India",https://www.adanienterprises.com,2311.75,2238.85,2668245024768,77.16122,29.96,0.00059999997,3743.9,2025.0
2007-06-01 00:00:00+05:30,15.090657331282154,2314.95,2213.75,14.866168975830078,1376164,0.0,0.0,ADANIENT.NS,Adani Enterprises Limited,Thermal Coal,Energy,Mr. Gautambhai Shantilal Adani S.Y. B.Com,"Ahmedabad, India",https://www.adanienterprises.com,2311.75,2238.85,2668245024768,77.16122,29.96,0.00059999997,3743.9,2025.0
2007-06-04 00:00:00+05:30,14.810044925697918,2314.95,2213.75,14.741451263427734,1376164,0.0,0.0,ADANIENT.NS,Adani Enterprises Limited,Thermal Coal,Energy,Mr. Gautambhai Shantilal Adani S.Y. B.Com,"Ahmedabad, India",https://www.adanienterprises.com,2311.75,2238.85,2668245024768,77.16122,29.96,0.00059999997,3743.9,2025.0
2007-06-05 00:00:00+05:30,14.660387284417407,2314.95,2213.75,14.88487720489502,1376164,0.0,0.0,ADANIENT.NS,Adani Enterprises Limited,Thermal Coal,Energy,Mr. Gautambhai Shantilal Adani S.Y. B.Com,"Ahmedabad, India",https://www.adanienterprises.com,2311.75,2238.85,2668245024768,77.16122,29.96,0.00059999997,3743.9,2025.0
2007-06-06 00:00:00+05:30,14.810043762850151,2314.95,2213.75,14.716506958007812,1376164,0.0,0.0,ADANIENT.NS,Adani Enterprises Limited,Thermal Coal,Energy,Mr. Gautambhai Shantilal Adani S.Y. B.Com,"Ahmedabad, India",https://www.adanienterprises.com,2311.75,2238.85,2668245024768,77.16122,29.96,0.00059999997,3743.9,2025.0
2007-06-07 00:00:00+05:30,14.654149088112922,2314.95,2213.75,14.716506958007812,1376164,0.0,0.0,ADANIENT.NS,Adani Enterprises Limited,Thermal Coal,Energy,Mr. Gautambhai Shantilal Adani S.Y. B.Com,"Ahmedabad, India",https://www.adanienterprises.com,2311.75,2238.85,2668245024768,77.16122,29.96,0.00059999997,3743.9,2025.0
2007-06-08 00:00:00+05:30,14.591793079607514,2314.95,2213.75,14.520081520080566,1376164,0.0,0.0,ADANIENT.NS,Adani Enterprises Limited,Thermal Coal,Energy,Mr. Gautambhai Shantilal Adani S.Y. B.Com,"Ahmedabad, India",https://www.adanienterprises.com,2311.75,2238.85,2668245024768,77.16122,29.96,0.00059999997,3743.9,2025.0
2007-06-11 00:00:00+05:30,14.532552840253603,2314.95,2213.75,14.710272789001465,1376164,0.0,0.0,ADANIENT.NS,Adani Enterprises Limited,Thermal Coal,Energy,Mr. Gautambhai Shantilal Adani S.Y. B.Com,"Ahmedabad, India",https://www.adanienterprises.com,2311.75,2238.85,2668245024768,77.16122,29.96,0.00059999997,3743.9,2025.0
2007-06-12 00:00:00+05:30,14.535669719315104,2314.95,2213.75,14.657267570495605,1376164,0.0,0.0,ADANIENT.NS,Adani Enterprises Limited,Thermal Coal,Energy,Mr. Gautambhai Shantilal Adani S.Y. B.Com,"Ahmedabad, India",https://www.adanienterprises.com,2311.75,2238.85,2668245024768,77.16122,29.96,0.00059999997,3743.9,2025.0
2007-06-13 00:00:00+05:30,14.654152301102016,2314.95,2213.75,14.507611274719238,1376164,0.0,0.0,ADANIENT.NS,Adani Enterprises Limited,Thermal Coal,Energy,Mr. Gautambhai Shantilal Adani S.Y. B.Com,"Ahmedabad, India",https://www.adanienterprises.com,2311.75,2238.85,2668245024768,77.16122,29.96,0.00059999997,3743.9,2025.0
2007-06-14 00:00:00+05:30,14.619854969212964,2314.95,2213.75,14.7445707321167,1376164,0.0,0.0,ADANIENT.NS,Adani Enterprises Limited,Thermal Coal,Energy,Mr. Gautambhai Shantilal Adani S.Y. B.Com,"Ahmedabad, India",https://www.adanienterprises.com,2311.75,2238.85,2668245024768,77.16122,29.96,0.00059999997,3743.9,2025.0
2007-06-15 00:00:00+05:30,14.810042723470596,2314.95,2213.75,14.663501739501953,1376164,0.0,0.0,ADANIENT.NS,Adani Enterprises Limited,Thermal Coal,Energy,Mr. Gautambhai Shantilal Adani S.Y. B.Com,"Ahmedabad, India",https://www.adanienterprises.com,2311.75,2238.85,2668245024768,77.16122,29.96,0.00059999997,3743.9,2025.0
2007-06-18 00:00:00+05:30,14.7788642388905,2314.95,2213.75,14.77574634552002,1376164,0.0,0.0,ADANIENT.NS,Adani Enterprises Limited,Thermal Coal,Energy,Mr. Gautambhai Shantilal Adani S.Y. B.Com,"Ahmedabad, India",https://www.adanienterprises.com,2311.75,2238.85,2668245024768,77.16122,29.96,0.00059999997,3743.9,2025.0
2007-06-19 00:00:00+05:30,14.75704441384863,2314.95,2213.75,14.906704902648926,1376164,0.0,0.0,ADANIENT.NS,Adani Enterprises Limited,Thermal Coal,Energy,Mr. Gautambhai Shantilal Adani S.Y. B.Com,"Ahmedabad, India",https://www.adanienterprises.com,2311.75,2238.85,2668245024768,77.16122,29.96,0.00059999997,3743.9,2025.0
2007-06-20 00:00:00+05:30,14.903581044885538,2314.95,2213.75,15.243432998657227,1376164,0.0,0.0,ADANIENT.NS,Adani Enterprises Limited,Thermal Coal,Energy,Mr. Gautambhai Shantilal Adani S.Y. B.Com,"Ahmedabad, India",https://www.adanienterprises.com,2311.75,2238.85,2668245024768,77.16122,29.96,0.00059999997,3743.9,2025.0
2007-06-21 00:00:00+05:30,15.458569882808623,2314.95,2213.75,15.237197875976562,1376164,0.0,0.0,ADANIENT.NS,Adani Enterprises Limited,Thermal Coal,Energy,Mr. Gautambhai Shantilal Adani S.Y. B.Com,"Ahmedabad, India",https://www.adanienterprises.com,2311.75,2238.85,2668245024768,77.16122,29.96,0.00059999997,3743.9,2025.0
2007-06-22 00:00:00+05:30,15.340092092798951,2314.95,2213.75,15.118720054626465,1376164,0.0,0.0,ADANIENT.NS,Adani Enterprises Limited,Thermal Coal,Energy,Mr. Gautambhai Shantilal Adani S.Y. B.Com,"Ahmedabad, India",https://www.adanienterprises.com,2311.75,2238.85,2668245024768,77.16122,29.96,0.00059999997,3743.9,2025.0
2007-06-25 00:00:00+05:30,15.153012324690915,2314.95,2213.75,15.433624267578125,1376164,0.0,0.0,ADANIENT.NS,Adani Enterprises Limited,Thermal Coal,Energy,Mr. Gautambhai Shantilal Adani S.Y. B.Com,"Ahmedabad, India",https://www.adanienterprises.com,2311.75,2238.85,2668245024768,77.16122,29.96,0.00059999997,3743.9,2025.0
2007-06-26 00:00:00+05:30,15.589521918974231,2314.95,2213.75,15.96367073059082,1376164,0.0,0.0,ADANIENT.NS,Adani Enterprises Limited,Thermal Coal,Energy,Mr. Gautambhai Shantilal Adani S.Y. B.Com,"Ahmedabad, India",https://www.adanienterprises.com,2311.75,2238.85,2668245024768,77.16122,29.96,0.00059999997,3743.9,2025.0
2007-06-27 00:00:00+05:30,15.832717259957192,2314.95,2213.75,16.181922912597656,1376164,0.0,0.0,ADANIENT.NS,Adani Enterprises Limited,Thermal Coal,Energy,Mr. Gautambhai Shantilal Adani S.Y. B.Com,"Ahmedabad, India",https://www.adanienterprises.com,2311.75,2238.85,2668245024768,77.16122,29.96,0.00059999997,3743.9,2025.0
2007-06-28 00:00:00+05:30,16.09773830214905,2314.95,2213.75,16.802385330200195,1376164,0.0,0.0,ADANIENT.NS,Adani Enterprises Limited,Thermal Coal,Energy,Mr. Gautambhai Shantilal Adani S.Y. B.Com,"Ahmedabad, India",https://www.adanienterprises.com,2311.75,2238.85,2668245024768,77.16122,29.96,0.00059999997,3743.9,2025.0
2007-06-29 00:00:00+05:30,16.80238647171729,2314.95,2213.75,17.104822158813477,1376164,0.0,0.0,ADANIENT.NS,Adani Enterprises Limited,Thermal Coal,Energy,Mr. Gautambhai Shantilal Adani S.Y. B.Com,"Ahmedabad, India",https://www.adanienterprises.com,2311.75,2238.85,2668245024768,77.16122,29.96,0.00059999997,3743.9,2025.0
2007-07-02 00:00:00+05:30,17.21083121199476,2314.95,2213.75,16.880332946777344,1376164,0.0,0.0,ADANIENT.NS,Adani Enterprises Limited,Thermal Coal,Energy,Mr. Gautambhai Shantilal Adani S.Y. B.Com,"Ahmedabad, India",https://www.adanienterprises.com,2311.75,2238.85,2668245024768,77.16122,29.96,0.00059999997,3743.9,2025.0
2007-07-03 00:00:00+05:30,16.961398717016717,2314.95,2213.75,17.25448226928711,1376164,0.0,0.0,ADANIENT.NS,Adani Enterprises Limited,Thermal Coal,Energy,Mr. Gautambhai Shantilal Adani S.Y. B.Com,"Ahmedabad, India",https://www.adanienterprises.com,2311.75,2238.85,2668245024768,77.16122,29.96,0.00059999997,3743.9,2025.0
2007-07-04 00:00:00+05:30,17.33554835725264,2314.95,2213.75,17.34490203857422,1376164,0.0,0.0,ADANIENT.NS,Adani Enterprises Limited,Thermal Coal,Energy,Mr. Gautambhai Shantilal Adani S.Y. B.Com,"Ahmedabad, India",https://www.adanienterprises.com,2311.75,2238.85,2668245024768,77.16122,29.96,0.00059999997,3743.9,2025.0
2007-07-05 00:00:00+05:30,17.397904845086227,2314.95,2213.75,17.014402389526367,1376164,0.0,0.0,ADANIENT.NS,Adani Enterprises Limited,Thermal Coal,Energy,Mr. Gautambhai Shantilal Adani S.Y. B.Com,"Ahmedabad, India",https://www.adanienterprises.com,2311.75,2238.85,2668245024768,77.16122,29.96,0.00059999997,3743.9,2025.0
2007-07-06 00:00:00+05:30,17.117291047677877,2314.95,2213.75,16.852270126342773,1376164,0.0,0.0,ADANIENT.NS,Adani Enterprises Limited,Thermal Coal,Energy,Mr. Gautambhai Shantilal Adani S.Y. B.Com,"Ahmedabad, India",https://www.adanienterprises.com,2311.75,2238.85,2668245024768,77.16122,29.96,0.00059999997,3743.9,2025.0
2007-07-09 00:00:00+05:30,16.774329028812595,2314.95,2213.75,17.207717895507812,1376164,0.0,0.0,ADANIENT.NS,Adani Enterprises Limited,Thermal Coal,Energy,Mr. Gautambhai Shantilal Adani S.Y. B.Com,"Ahmedabad, India",https://www.adanienterprises.com,2311.75,2238.85,2668245024768,77.16122,29.96,0.00059999997,3743.9,2025.0
2007-07-10 00:00:00+05:30,17.210837190168323,2314.95,2213.75,17.310609817504883,1376164,0.0,0.0,ADANIENT.NS,Adani Enterprises Limited,Thermal Coal,Energy,Mr. Gautambhai Shantilal Adani S.Y. B.Com,"Ahmedabad, India",https://www.adanienterprises.com,2311.75,2238.85,2668245024768,77.16122,29.96,0.00059999997,3743.9,2025.0
2007-07-11 00:00:00+05:30,17.148472325418766,2314.95,2213.75,17.53197479248047,1376164,0.0,0.0,ADANIENT.NS,Adani Enterprises Limited,Thermal Coal,Energy,Mr. Gautambhai Shantilal Adani S.Y. B.Com,"Ahmedabad, India",https://www.adanienterprises.com,2311.75,2238.85,2668245024768,77.16122,29.96,0.00059999997,3743.9,2025.0
2007-07-12 00:00:00+05:30,17.584977609585188,2314.95,2213.75,18.411222457885742,1376164,0.0,0.0,ADANIENT.NS,Adani Enterprises Limited,Thermal Coal,Energy,Mr. Gautambhai Shantilal Adani S.Y. B.Com,"Ahmedabad, India",https://www.adanienterprises.com,2311.75,2238.85,2668245024768,77.16122,29.96,0.00059999997,3743.9,2025.0
2007-07-13 00:00:00+05:30,18.69183486504824,2314.95,2213.75,19.384010314941406,1376164,0.0,0.0,ADANIENT.NS,Adani Enterprises Limited,Thermal Coal,Energy,Mr. Gautambhai Shantilal Adani S.Y. B.Com,"Ahmedabad, India",https://www.adanienterprises.com,2311.75,2238.85,2668245024768,77.16122,29.96,0.00059999997,3743.9,2025.0
2007-07-16 00:00:00+05:30,19.393364416724243,2314.95,2213.75,19.642797470092773,1376164,0.0,0.0,ADANIENT.NS,Adani Enterprises Limited,Thermal Coal,Energy,Mr. Gautambhai Shantilal Adani S.Y. B.Com,"Ahmedabad, India",https://www.adanienterprises.com,2311.75,2238.85,2668245024768,77.16122,29.96,0.00059999997,3743.9,2025.0
2007-07-17 00:00:00+05:30,19.705154198720646,2314.95,2213.75,19.399599075317383,1376164,0.0,0.0,ADANIENT.NS,Adani Enterprises Limited,Thermal Coal,Energy,Mr. Gautambhai Shantilal Adani S.Y. B.Com,"Ahmedabad, India",https://www.adanienterprises.com,2311.75,2238.85,2668245024768,77.16122,29.96,0.00059999997,3743.9,2025.0
2007-07-18 00:00:00+05:30,19.331002812857406,2314.95,2213.75,19.415185928344727,1376164,0.0,0.0,ADANIENT.NS,Adani Enterprises Limited,Thermal Coal,Energy,Mr. Gautambhai Shantilal Adani S.Y. B.Com,"Ahmedabad, India",https://www.adanienterprises.com,2311.75,2238.85,2668245024768,77.16122,29.96,0.00059999997,3743.9,2025.0
2007-07-19 00:00:00+05:30,19.33100552304579,2314.95,2213.75,19.867284774780273,1376164,0.0,0.0,ADANIENT.NS,Adani Enterprises Limited,Thermal Coal,Energy,Mr. Gautambhai Shantilal Adani S.Y. B.Com,"Ahmedabad, India",https://www.adanienterprises.com,2311.75,2238.85,2668245024768,77.16122,29.96,0.00059999997,3743.9,2025.0
2007-07-20 00:00:00+05:30,20.2040153595257,2314.95,2213.75,20.001352310180664,1376164,0.0,0.0,ADANIENT.NS,Adani Enterprises Limited,Thermal Coal,Energy,Mr. Gautambhai Shantilal Adani S.Y. B.Com,"Ahmedabad, India",https://www.adanienterprises.com,2311.75,2238.85,2668245024768,77.16122,29.96,0.00059999997,3743.9,2025.0
2007-07-23 00:00:00+05:30,20.079300809842465,2314.95,2213.75,19.88287353515625,1376164,0.0,0.0,ADANIENT.NS,Adani Enterprises Limited,Thermal Coal,Energy,Mr. Gautambhai Shantilal Adani S.Y. B.Com,"Ahmedabad, India",https://www.adanienterprises.com,2311.75,2238.85,2668245024768,77.16122,29.96,0.00059999997,3743.9,2025.0
2007-07-24 00:00:00+05:30,19.829865934990185,2314.95,2213.75,20.387971878051758,1376164,0.0,0.0,ADANIENT.NS,Adani Enterprises Limited,Thermal Coal,Energy,Mr. Gautambhai Shantilal Adani S.Y. B.Com,"Ahmedabad, India",https://www.adanienterprises.com,2311.75,2238.85,2668245024768,77.16122,29.96,0.00059999997,3743.9,2025.0
2007-07-25 00:00:00+05:30,19.55237592787952,2314.95,2213.75,20.381738662719727,1376164,0.0,0.0,ADANIENT.NS,Adani Enterprises Limited,Thermal Coal,Energy,Mr. Gautambhai Shantilal Adani S.Y. B.Com,"Ahmedabad, India",https://www.adanienterprises.com,2311.75,2238.85,2668245024768,77.16122,29.96,0.00059999997,3743.9,2025.0
2007-07-26 00:00:00+05:30,20.450332754297502,2314.95,2213.75,20.347440719604492,1376164,0.0,0.0,ADANIENT.NS,Adani Enterprises Limited,Thermal Coal,Energy,Mr. Gautambhai Shantilal Adani S.Y. B.Com,"Ahmedabad, India",https://www.adanienterprises.com,2311.75,2238.85,2668245024768,77.16122,29.96,0.00059999997,3743.9,2025.0
2007-07-27 00:00:00+05:30,19.76751103794212,2314.95,2213.75,19.203170776367188,1376164,0.0,0.0,ADANIENT.NS,Adani Enterprises Limited,Thermal Coal,Energy,Mr. Gautambhai Shantilal Adani S.Y. B.Com,"Ahmedabad, India",https://www.adanienterprises.com,2311.75,2238.85,2668245024768,77.16122,29.96,0.00059999997,3743.9,2025.0
2007-07-30 00:00:00+05:30,19.455724285689442,2314.95,2213.75,19.683330535888672,1376164,0.0,0.0,ADANIENT.NS,Adani Enterprises Limited,Thermal Coal,Energy,Mr. Gautambhai Shantilal Adani S.Y. B.Com,"Ahmedabad, India",https://www.adanienterprises.com,2311.75,2238.85,2668245024768,77.16122,29.96,0.00059999997,3743.9,2025.0
2007-07-31 00:00:00+05:30,19.923406965547045,2314.95,2213.75,20.687294006347656,1376164,0.0,0.0,ADANIENT.NS,Adani Enterprises Limited,Thermal Coal,Energy,Mr. Gautambhai Shantilal Adani S.Y. B.Com,"Ahmedabad, India",https://www.adanienterprises.com,2311.75,2238.85,2668245024768,77.16122,29.96,0.00059999997,3743.9,2025.0
2007-08-01 00:00:00+05:30,20.144781465139577,2314.95,2213.75,19.592912673950195,1376164,0.0,0.0,ADANIENT.NS,Adani Enterprises Limited,Thermal Coal,Energy,Mr. Gautambhai Shantilal Adani S.Y. B.Com,"Ahmedabad, India",https://www.adanienterprises.com,2311.75,2238.85,2668245024768,77.16122,29.96,0.00059999997,3743.9,2025.0
2007-08-02 00:00:00+05:30,19.79869332922689,2314.95,2213.75,20.010711669921875,1376164,0.0,0.0,ADANIENT.NS,Adani Enterprises Limited,Thermal Coal,Energy,Mr. Gautambhai Shantilal Adani S.Y. B.Com,"Ahmedabad, India",https://www.adanienterprises.com,2311.75,2238.85,2668245024768,77.16122,29.96,0.00059999997,3743.9,2025.0
2007-08-03 00:00:00+05:30,20.25390746758368,2314.95,2213.75,21.29840660095215,1376164,0.0,0.0,ADANIENT.NS,Adani Enterprises Limited,Thermal Coal,Energy,Mr. Gautambhai Shantilal Adani S.Y. B.Com,"Ahmedabad, India",https://www.adanienterprises.com,2311.75,2238.85,2668245024768,77.16122,29.96,0.00059999997,3743.9,2025.0
2007-08-06 00:00:00+05:30,20.578169743797627,2314.95,2213.75,21.62266731262207,1376164,0.0,0.0,ADANIENT.NS,Adani Enterprises Limited,Thermal Coal,Energy,Mr. Gautambhai Shantilal Adani S.Y. B.Com,"Ahmedabad, India",https://www.adanienterprises.com,2311.75,2238.85,2668245024768,77.16122,29.96,0.00059999997,3743.9,2025.0
2007-08-07 00:00:00+05:30,21.76297237047014,2314.95,2213.75,21.868982315063477,1376164,0.0,0.0,ADANIENT.NS,Adani Enterprises Limited,Thermal Coal,Energy,Mr. Gautambhai Shantilal Adani S.Y. B.Com,"Ahmedabad, India",https://www.adanienterprises.com,2311.75,2238.85,2668245024768,77.16122,29.96,0.00059999997,3743.9,2025.0
2007-08-08 00:00:00+05:30,21.950045174991697,2314.95,2213.75,22.324193954467773,1376164,0.0,0.0,ADANIENT.NS,Adani Enterprises Limited,Thermal Coal,Energy,Mr. Gautambhai Shantilal Adani S.Y. B.Com,"Ahmedabad, India",https://www.adanienterprises.com,2311.75,2238.85,2668245024768,77.16122,29.96,0.00059999997,3743.9,2025.0
2007-08-09 00:00:00+05:30,22.570507606802543,2314.95,2213.75,21.819093704223633,1376164,0.0,0.0,ADANIENT.NS,Adani Enterprises Limited,Thermal Coal,Energy,Mr. Gautambhai Shantilal Adani S.Y. B.Com,"Ahmedabad, India",https://www.adanienterprises.com,2311.75,2238.85,2668245024768,77.16122,29.96,0.00059999997,3743.9,2025.0
2007-08-10 00:00:00+05:30,20.95854941717115,2314.95,2213.75,21.482357025146484,1376164,0.0,0.0,ADANIENT.NS,Adani Enterprises Limited,Thermal Coal,Energy,Mr. Gautambhai Shantilal Adani S.Y. B.Com,"Ahmedabad, India",https://www.adanienterprises.com,2311.75,2238.85,2668245024768,77.16122,29.96,0.00059999997,3743.9,2025.0
2007-08-13 00:00:00+05:30,21.825326700601654,2314.95,2213.75,21.510417938232422,1376164,0.0,0.0,ADANIENT.NS,Adani Enterprises Limited,Thermal Coal,Energy,Mr. Gautambhai Shantilal Adani S.Y. B.Com,"Ahmedabad, India",https://www.adanienterprises.com,2311.75,2238.85,2668245024768,77.16122,29.96,0.00059999997,3743.9,2025.0
2007-08-14 00:00:00+05:30,21.884570978163065,2314.95,2213.75,21.769208908081055,1376164,0.0,0.0,ADANIENT.NS,Adani Enterprises Limited,Thermal Coal,Energy,Mr. Gautambhai Shantilal Adani S.Y. B.Com,"Ahmedabad, India",https://www.adanienterprises.com,2311.75,2238.85,2668245024768,77.16122,29.96,0.00059999997,3743.9,2025.0
2007-08-16 00:00:00+05:30,21.201750463820165,2314.95,2213.75,20.92737579345703,1376164,0.0,0.0,ADANIENT.NS,Adani Enterprises Limited,Thermal Coal,Energy,Mr. Gautambhai Shantilal Adani S.Y. B.Com,"Ahmedabad, India",https://www.adanienterprises.com,2311.75,2238.85,2668245024768,77.16122,29.96,0.00059999997,3743.9,2025.0
2007-08-17 00:00:00+05:30,21.513538228722503,2314.95,2213.75,20.41603660583496,1376164,0.0,0.0,ADANIENT.NS,Adani Enterprises Limited,Thermal Coal,Energy,Mr. Gautambhai Shantilal Adani S.Y. B.Com,"Ahmedabad, India",https://www.adanienterprises.com,2311.75,2238.85,2668245024768,77.16122,29.96,0.00059999997,3743.9,2025.0
2007-08-20 00:00:00+05:30,20.57816949573294,2314.95,2213.75,20.715356826782227,1376164,0.0,0.0,ADANIENT.NS,Adani Enterprises Limited,Thermal Coal,Energy,Mr. Gautambhai Shantilal Adani S.Y. B.Com,"Ahmedabad, India",https://www.adanienterprises.com,2311.75,2238.85,2668245024768,77.16122,29.96,0.00059999997,3743.9,2025.0
2007-08-21 00:00:00+05:30,21.10821323730228,2314.95,2213.75,20.802658081054688,1376164,0.0,0.0,ADANIENT.NS,Adani Enterprises Limited,Thermal Coal,Energy,Mr. Gautambhai Shantilal Adani S.Y. B.Com,"Ahmedabad, India",https://www.adanienterprises.com,2311.75,2238.85,2668245024768,77.16122,29.96,0.00059999997,3743.9,2025.0
2007-08-22 00:00:00+05:30,21.01467812004132,2314.95,2213.75,20.849428176879883,1376164,0.0,0.0,ADANIENT.NS,Adani Enterprises Limited,Thermal Coal,Energy,Mr. Gautambhai Shantilal Adani S.Y. B.Com,"Ahmedabad, India",https://www.adanienterprises.com,2311.75,2238.85,2668245024768,77.16122,29.96,0.00059999997,3743.9,2025.0
2007-08-23 00:00:00+05:30,21.1581001713812,2314.95,2213.75,20.53763771057129,1376164,0.0,0.0,ADANIENT.NS,Adani Enterprises Limited,Thermal Coal,Energy,Mr. Gautambhai Shantilal Adani S.Y. B.Com,"Ahmedabad, India",https://www.adanienterprises.com,2311.75,2238.85,2668245024768,77.16122,29.96,0.00059999997,3743.9,2025.0
2007-08-24 00:00:00+05:30,20.578169031459645,2314.95,2213.75,21.02714729309082,1376164,0.0,0.0,ADANIENT.NS,Adani Enterprises Limited,Thermal Coal,Energy,Mr. Gautambhai Shantilal Adani S.Y. B.Com,"Ahmedabad, India",https://www.adanienterprises.com,2311.75,2238.85,2668245024768,77.16122,29.96,0.00059999997,3743.9,2025.0
2007-08-27 00:00:00+05:30,21.357644037707615,2314.95,2213.75,21.02714729309082,1376164,0.0,0.0,ADANIENT.NS,Adani Enterprises Limited,Thermal Coal,Energy,Mr. Gautambhai Shantilal Adani S.Y. B.Com,"Ahmedabad, India",https://www.adanienterprises.com,2311.75,2238.85,2668245024768,77.16122,29.96,0.00059999997,3743.9,2025.0
2007-08-28 00:00:00+05:30,21.139395955463268,2314.95,2213.75,21.154985427856445,1376164,0.0,0.0,ADANIENT.NS,Adani Enterprises Limited,Thermal Coal,Energy,Mr. Gautambhai Shantilal Adani S.Y. B.Com,"Ahmedabad, India",https://www.adanienterprises.com,2311.75,2238.85,2668245024768,77.16122,29.96,0.00059999997,3743.9,2025.0
2007-08-29 00:00:00+05:30,20.64675744255439,2314.95,2213.75,20.94295883178711,1376164,0.0,0.0,ADANIENT.NS,Adani Enterprises Limited,Thermal Coal,Energy,Mr. Gautambhai Shantilal Adani S.Y. B.Com,"Ahmedabad, India",https://www.adanienterprises.com,2311.75,2238.85,2668245024768,77.16122,29.96,0.00059999997,3743.9,2025.0
2007-08-30 00:00:00+05:30,20.95231840657412,2314.95,2213.75,20.771480560302734,1376164,0.0,0.0,ADANIENT.NS,Adani Enterprises Limited,Thermal Coal,Energy,Mr. Gautambhai Shantilal Adani S.Y. B.Com,"Ahmedabad, India",https://www.adanienterprises.com,2311.75,2238.85,2668245024768,77.16122,29.96,0.00059999997,3743.9,2025.0
2007-08-31 00:00:00+05:30,20.871252447846842,2314.95,2213.75,21.332700729370117,1376164,0.0,0.0,ADANIENT.NS,Adani Enterprises Limited,Thermal Coal,Energy,Mr. Gautambhai Shantilal Adani S.Y. B.Com,"Ahmedabad, India",https://www.adanienterprises.com,2311.75,2238.85,2668245024768,77.16122,29.96,0.00059999997,3743.9,2025.0
2007-09-03 00:00:00+05:30,22.3241954934926,2314.95,2213.75,23.858203887939453,1376164,0.0,0.0,ADANIENT.NS,Adani Enterprises Limited,Thermal Coal,Energy,Mr. Gautambhai Shantilal Adani S.Y. B.Com,"Ahmedabad, India",https://www.adanienterprises.com,2311.75,2238.85,2668245024768,77.16122,29.96,0.00059999997,3743.9,2025.0
2007-09-04 00:00:00+05:30,24.070222062130654,2314.95,2213.75,22.57050895690918,1376164,0.0,0.0,ADANIENT.NS,Adani Enterprises Limited,Thermal Coal,Energy,Mr. Gautambhai Shantilal Adani S.Y. B.Com,"Ahmedabad, India",https://www.adanienterprises.com,2311.75,2238.85,2668245024768,77.16122,29.96,0.00059999997,3743.9,2025.0
2007-09-05 00:00:00+05:30,22.760701465510273,2314.95,2213.75,21.928220748901367,1376164,0.0,0.0,ADANIENT.NS,Adani Enterprises Limited,Thermal Coal,Energy,Mr. Gautambhai Shantilal Adani S.Y. B.Com,"Ahmedabad, India",https://www.adanienterprises.com,2311.75,2238.85,2668245024768,77.16122,29.96,0.00059999997,3743.9,2025.0
2007-09-06 00:00:00+05:30,21.264105581615652,2314.95,2213.75,22.08723258972168,1376164,0.0,0.0,ADANIENT.NS,Adani Enterprises Limited,Thermal Coal,Energy,Mr. Gautambhai Shantilal Adani S.Y. B.Com,"Ahmedabad, India",https://www.adanienterprises.com,2311.75,2238.85,2668245024768,77.16122,29.96,0.00059999997,3743.9,2025.0
2007-09-07 00:00:00+05:30,22.380318753626906,2314.95,2213.75,22.423969268798828,1376164,0.0,0.0,ADANIENT.NS,Adani Enterprises Limited,Thermal Coal,Energy,Mr. Gautambhai Shantilal Adani S.Y. B.Com,"Ahmedabad, India",https://www.adanienterprises.com,2311.75,2238.85,2668245024768,77.16122,29.96,0.00059999997,3743.9,2025.0
2007-09-10 00:00:00+05:30,22.080995676009756,2314.95,2213.75,22.910358428955078,1376164,0.0,0.0,ADANIENT.NS,Adani Enterprises Limited,Thermal Coal,Energy,Mr. Gautambhai Shantilal Adani S.Y. B.Com,"Ahmedabad, India",https://www.adanienterprises.com,2311.75,2238.85,2668245024768,77.16122,29.96,0.00059999997,3743.9,2025.0
2007-09-11 00:00:00+05:30,23.003897035224856,2314.95,2213.75,22.72016716003418,1376164,0.0,0.0,ADANIENT.NS,Adani Enterprises Limited,Thermal Coal,Energy,Mr. Gautambhai Shantilal Adani S.Y. B.Com,"Ahmedabad, India",https://www.adanienterprises.com,2311.75,2238.85,2668245024768,77.16122,29.96,0.00059999997,3743.9,2025.0
2007-09-12 00:00:00+05:30,23.010131185923825,2314.95,2213.75,22.377197265625,1376164,0.0,0.0,ADANIENT.NS,Adani Enterprises Limited,Thermal Coal,Energy,Mr. Gautambhai Shantilal Adani S.Y. B.Com,"Ahmedabad, India",https://www.adanienterprises.com,2311.75,2238.85,2668245024768,77.16122,29.96,0.00059999997,3743.9,2025.0
2007-09-13 00:00:00+05:30,22.44891074171334,2314.95,2213.75,23.83637809753418,1376164,0.0,0.0,ADANIENT.NS,Adani Enterprises Limited,Thermal Coal,Energy,Mr. Gautambhai Shantilal Adani S.Y. B.Com,"Ahmedabad, India",https://www.adanienterprises.com,2311.75,2238.85,2668245024768,77.16122,29.96,0.00059999997,3743.9,2025.0
2007-09-14 00:00:00+05:30,24.007863880437913,2314.95,2213.75,24.453725814819336,1376164,0.0,0.0,ADANIENT.NS,Adani Enterprises Limited,Thermal Coal,Energy,Mr. Gautambhai Shantilal Adani S.Y. B.Com,"Ahmedabad, India",https://www.adanienterprises.com,2311.75,2238.85,2668245024768,77.16122,29.96,0.00059999997,3743.9,2025.0
2007-09-17 00:00:00+05:30,24.818517639882984,2314.95,2213.75,25.666587829589844,1376164,0.0,0.0,ADANIENT.NS,Adani Enterprises Limited,Thermal Coal,Energy,Mr. Gautambhai Shantilal Adani S.Y. B.Com,"Ahmedabad, India",https://www.adanienterprises.com,2311.75,2238.85,2668245024768,77.16122,29.96,0.00059999997,3743.9,2025.0
2007-09-18 00:00:00+05:30,25.940972993888142,2314.95,2213.75,28.77826499938965,1376164,0.0,0.0,ADANIENT.NS,Adani Enterprises Limited,Thermal Coal,Energy,Mr. Gautambhai Shantilal Adani S.Y. B.Com,"Ahmedabad, India",https://www.adanienterprises.com,2311.75,2238.85,2668245024768,77.16122,29.96,0.00059999997,3743.9,2025.0
2007-09-19 00:00:00+05:30,28.68471578722098,2314.95,2213.75,29.068218231201172,1376164,0.0,0.0,ADANIENT.NS,Adani Enterprises Limited,Thermal Coal,Energy,Mr. Gautambhai Shantilal Adani S.Y. B.Com,"Ahmedabad, India",https://www.adanienterprises.com,2311.75,2238.85,2668245024768,77.16122,29.96,0.00059999997,3743.9,2025.0
2007-09-20 00:00:00+05:30,29.27088764528605,2314.95,2213.75,29.42366600036621,1376164,0.0,0.0,ADANIENT.NS,Adani Enterprises Limited,Thermal Coal,Energy,Mr. Gautambhai Shantilal Adani S.Y. B.Com,"Ahmedabad, India",https://www.adanienterprises.com,2311.75,2238.85,2668245024768,77.16122,29.96,0.00059999997,3743.9,2025.0
2007-09-21 00:00:00+05:30,29.732335302390172,2314.95,2213.75,29.816516876220703,1376164,0.0,0.0,ADANIENT.NS,Adani Enterprises Limited,Thermal Coal,Energy,Mr. Gautambhai Shantilal Adani S.Y. B.Com,"Ahmedabad, India",https://www.adanienterprises.com,2311.75,2238.85,2668245024768,77.16122,29.96,0.00059999997,3743.9,2025.0
2007-09-24 00:00:00+05:30,30.056600109490102,2314.95,2213.75,31.247638702392578,1376164,0.0,0.0,ADANIENT.NS,Adani Enterprises Limited,Thermal Coal,Energy,Mr. Gautambhai Shantilal Adani S.Y. B.Com,"Ahmedabad, India",https://www.adanienterprises.com,2311.75,2238.85,2668245024768,77.16122,29.96,0.00059999997,3743.9,2025.0
2007-09-25 00:00:00+05:30,31.172801564769525,2314.95,2213.75,30.9794921875,1376164,0.0,0.0,ADANIENT.NS,Adani Enterprises Limited,Thermal Coal,Energy,Mr. Gautambhai Shantilal Adani S.Y. B.Com,"Ahmedabad, India",https://www.adanienterprises.com,2311.75,2238.85,2668245024768,77.16122,29.96,0.00059999997,3743.9,2025.0
2007-09-26 00:00:00+05:30,31.425351984593505,2314.95,2213.75,30.720705032348633,1376164,0.0,0.0,ADANIENT.NS,Adani Enterprises Limited,Thermal Coal,Energy,Mr. Gautambhai Shantilal Adani S.Y. B.Com,"Ahmedabad, India",https://www.adanienterprises.com,2311.75,2238.85,2668245024768,77.16122,29.96,0.00059999997,3743.9,2025.0
2007-09-27 00:00:00+05:30,30.745651159888176,2314.95,2213.75,30.764358520507812,1376164,0.0,0.0,ADANIENT.NS,Adani Enterprises Limited,Thermal Coal,Energy,Mr. Gautambhai Shantilal Adani S.Y. B.Com,"Ahmedabad, India",https://www.adanienterprises.com,2311.75,2238.85,2668245024768,77.16122,29.96,0.00059999997,3743.9,2025.0
2007-09-28 00:00:00+05:30,31.179046939331826,2314.95,2213.75,34.69292449951172,1376164,0.0,0.0,ADANIENT.NS,Adani Enterprises Limited,Thermal Coal,Energy,Mr. Gautambhai Shantilal Adani S.Y. B.Com,"Ahmedabad, India",https://www.adanienterprises.com,2311.75,2238.85,2668245024768,77.16122,29.96,0.00059999997,3743.9,2025.0
2007-10-01 00:00:00+05:30,35.38197463086076,2314.95,2213.75,38.36268997192383,1376164,0.0,0.0,ADANIENT.NS,Adani Enterprises Limited,Thermal Coal,Energy,Mr. Gautambhai Shantilal Adani S.Y. B.Com,"Ahmedabad, India",https://www.adanienterprises.com,2311.75,2238.85,2668245024768,77.16122,29.96,0.00059999997,3743.9,2025.0
2007-10-03 00:00:00+05:30,39.282473591673984,2314.95,2213.75,40.34256362915039,1376164,0.0,0.0,ADANIENT.NS,Adani Enterprises Limited,Thermal Coal,Energy,Mr. Gautambhai Shantilal Adani S.Y. B.Com,"Ahmedabad, India",https://www.adanienterprises.com,2311.75,2238.85,2668245024768,77.16122,29.96,0.00059999997,3743.9,2025.0
2007-10-04 00:00:00+05:30,40.53898810085732,2314.95,2213.75,40.18666458129883,1376164,0.0,0.0,ADANIENT.NS,Adani Enterprises Limited,Thermal Coal,Energy,Mr. Gautambhai Shantilal Adani S.Y. B.Com,"Ahmedabad, India",https://www.adanienterprises.com,2311.75,2238.85,2668245024768,77.16122,29.96,0.00059999997,3743.9,2025.0
2007-10-05 00:00:00+05:30,40.53275875161775,2314.95,2213.75,43.843971252441406,1376164,0.0,0.0,ADANIENT.NS,Adani Enterprises Limited,Thermal Coal,Energy,Mr. Gautambhai Shantilal Adani S.Y. B.Com,"Ahmedabad, India",https://www.adanienterprises.com,2311.75,2238.85,2668245024768,77.16122,29.96,0.00059999997,3743.9,2025.0
2007-10-08 00:00:00+05:30,44.96018998310595,2314.95,2213.75,40.49223327636719,1376164,0.0,0.0,ADANIENT.NS,Adani Enterprises Limited,Thermal Coal,Energy,Mr. Gautambhai Shantilal Adani S.Y. B.Com,"Ahmedabad, India",https://www.adanienterprises.com,2311.75,2238.85,2668245024768,77.16122,29.96,0.00059999997,3743.9,2025.0
2007-10-09 00:00:00+05:30,40.844550457656375,2314.95,2213.75,44.54238510131836,1376164,0.0,0.0,ADANIENT.NS,Adani Enterprises Limited,Thermal Coal,Energy,Mr. Gautambhai Shantilal Adani S.Y. B.Com,"Ahmedabad, India",https://www.adanienterprises.com,2311.75,2238.85,2668245024768,77.16122,29.96,0.00059999997,3743.9,2025.0
2007-10-10 00:00:00+05:30,45.911144626804855,2314.95,2213.75,46.37259292602539,1376164,0.0,0.0,ADANIENT.NS,Adani Enterprises Limited,Thermal Coal,Energy,Mr. Gautambhai Shantilal Adani S.Y. B.Com,"Ahmedabad, India",https://www.adanienterprises.com,2311.75,2238.85,2668245024768,77.16122,29.96,0.00059999997,3743.9,2025.0
2007-10-11 00:00:00+05:30,46.76855878536116,2314.95,2213.75,46.42559051513672,1376164,0.0,0.0,ADANIENT.NS,Adani Enterprises Limited,Thermal Coal,Energy,Mr. Gautambhai Shantilal Adani S.Y. B.Com,"Ahmedabad, India",https://www.adanienterprises.com,2311.75,2238.85,2668245024768,77.16122,29.96,0.00059999997,3743.9,2025.0
2007-10-12 00:00:00+05:30,46.525365967625504,2314.95,2213.75,44.171348571777344,1376164,0.0,0.0,ADANIENT.NS,Adani Enterprises Limited,Thermal Coal,Energy,Mr. Gautambhai Shantilal Adani S.Y. B.Com,"Ahmedabad, India",https://www.adanienterprises.com,2311.75,2238.85,2668245024768,77.16122,29.96,0.00059999997,3743.9,2025.0
2007-10-15 00:00:00+05:30,47.08035701894256,2314.95,2213.75,45.80513381958008,1376164,0.0,0.0,ADANIENT.NS,Adani Enterprises Limited,Thermal Coal,Energy,Mr. Gautambhai Shantilal Adani S.Y. B.Com,"Ahmedabad, India",https://www.adanienterprises.com,2311.75,2238.85,2668245024768,77.16122,29.96,0.00059999997,3743.9,2025.0
2007-10-16 00:00:00+05:30,46.4567664945746,2314.95,2213.75,44.71385955810547,1376164,0.0,0.0,ADANIENT.NS,Adani Enterprises Limited,Thermal Coal,Energy,Mr. Gautambhai Shantilal Adani S.Y. B.Com,"Ahmedabad, India",https://www.adanienterprises.com,2311.75,2238.85,2668245024768,77.16122,29.96,0.00059999997,3743.9,2025.0
2007-10-17 00:00:00+05:30,40.470396906684066,2314.95,2213.75,43.3451042175293,1376164,0.0,0.0,ADANIENT.NS,Adani Enterprises Limited,Thermal Coal,Energy,Mr. Gautambhai Shantilal Adani S.Y. B.Com,"Ahmedabad, India",https://www.adanienterprises.com,2311.75,2238.85,2668245024768,77.16122,29.96,0.00059999997,3743.9,2025.0
2007-10-18 00:00:00+05:30,44.2742342184424,2314.95,2213.75,41.39329147338867,1376164,0.0,0.0,ADANIENT.NS,Adani Enterprises Limited,Thermal Coal,Energy,Mr. Gautambhai Shantilal Adani S.Y. B.Com,"Ahmedabad, India",https://www.adanienterprises.com,2311.75,2238.85,2668245024768,77.16122,29.96,0.00059999997,3743.9,2025.0
2007-10-19 00:00:00+05:30,39.28559631405059,2314.95,2213.75,38.30033874511719,1376164,0.0,0.0,ADANIENT.NS,Adani Enterprises Limited,Thermal Coal,Energy,Mr. Gautambhai Shantilal Adani S.Y. B.Com,"Ahmedabad, India",https://www.adanienterprises.com,2311.75,2238.85,2668245024768,77.16122,29.96,0.00059999997,3743.9,2025.0
2007-10-22 00:00:00+05:30,36.495072290285115,2314.95,2213.75,41.91710662841797,1376164,0.0,0.0,ADANIENT.NS,Adani Enterprises Limited,Thermal Coal,Energy,Mr. Gautambhai Shantilal Adani S.Y. B.Com,"Ahmedabad, India",https://www.adanienterprises.com,2311.75,2238.85,2668245024768,77.16122,29.96,0.00059999997,3743.9,2025.0
2007-10-23 00:00:00+05:30,43.42618017189604,2314.95,2213.75,46.110694885253906,1376164,0.0,0.0,ADANIENT.NS,Adani Enterprises Limited,Thermal Coal,Energy,Mr. Gautambhai Shantilal Adani S.Y. B.Com,"Ahmedabad, India",https://www.adanienterprises.com,2311.75,2238.85,2668245024768,77.16122,29.96,0.00059999997,3743.9,2025.0
2007-10-24 00:00:00+05:30,48.290101102419335,2314.95,2213.75,47.09282684326172,1376164,0.0,0.0,ADANIENT.NS,Adani Enterprises Limited,Thermal Coal,Energy,Mr. Gautambhai Shantilal Adani S.Y. B.Com,"Ahmedabad, India",https://www.adanienterprises.com,2311.75,2238.85,2668245024768,77.16122,29.96,0.00059999997,3743.9,2025.0
2007-10-25 00:00:00+05:30,48.29009986533051,2314.95,2213.75,49.110107421875,1376164,0.0,0.0,ADANIENT.NS,Adani Enterprises Limited,Thermal Coal,Energy,Mr. Gautambhai Shantilal Adani S.Y. B.Com,"Ahmedabad, India",https://www.adanienterprises.com,2311.75,2238.85,2668245024768,77.16122,29.96,0.00059999997,3743.9,2025.0
2007-10-26 00:00:00+05:30,49.87399992861312,2314.95,2213.75,52.368324279785156,1376164,0.0,0.0,ADANIENT.NS,Adani Enterprises Limited,Thermal Coal,Energy,Mr. Gautambhai Shantilal Adani S.Y. B.Com,"Ahmedabad, India",https://www.adanienterprises.com,2311.75,2238.85,2668245024768,77.16122,29.96,0.00059999997,3743.9,2025.0
2007-10-29 00:00:00+05:30,53.62796051288783,2314.95,2213.75,52.976322174072266,1376164,0.0,0.0,ADANIENT.NS,Adani Enterprises Limited,Thermal Coal,Energy,Mr. Gautambhai Shantilal Adani S.Y. B.Com,"Ahmedabad, India",https://www.adanienterprises.com,2311.75,2238.85,2668245024768,77.16122,29.96,0.00059999997,3743.9,2025.0
2007-10-30 00:00:00+05:30,53.60924974958868,2314.95,2213.75,50.84678649902344,1376164,0.0,0.0,ADANIENT.NS,Adani Enterprises Limited,Thermal Coal,Energy,Mr. Gautambhai Shantilal Adani S.Y. B.Com,"Ahmedabad, India",https://www.adanienterprises.com,2311.75,2238.85,2668245024768,77.16122,29.96,0.00059999997,3743.9,2025.0
2007-10-31 00:00:00+05:30,51.13363165128612,2314.95,2213.75,49.6214485168457,1376164,0.0,0.0,ADANIENT.NS,Adani Enterprises Limited,Thermal Coal,Energy,Mr. Gautambhai Shantilal Adani S.Y. B.Com,"Ahmedabad, India",https://www.adanienterprises.com,2311.75,2238.85,2668245024768,77.16122,29.96,0.00059999997,3743.9,2025.0
2007-11-01 00:00:00+05:30,50.51003880755113,2314.95,2213.75,51.510887145996094,1376164,0.0,0.0,ADANIENT.NS,Adani Enterprises Limited,Thermal Coal,Energy,Mr. Gautambhai Shantilal Adani S.Y. B.Com,"Ahmedabad, India",https://www.adanienterprises.com,2311.75,2238.85,2668245024768,77.16122,29.96,0.00059999997,3743.9,2025.0
2007-11-02 00:00:00+05:30,50.02676869703889,2314.95,2213.75,49.534141540527344,1376164,0.0,0.0,ADANIENT.NS,Adani Enterprises Limited,Thermal Coal,Energy,Mr. Gautambhai Shantilal Adani S.Y. B.Com,"Ahmedabad, India",https://www.adanienterprises.com,2311.75,2238.85,2668245024768,77.16122,29.96,0.00059999997,3743.9,2025.0
2007-11-05 00:00:00+05:30,49.88647149388658,2314.95,2213.75,49.736812591552734,1376164,0.0,0.0,ADANIENT.NS,Adani Enterprises Limited,Thermal Coal,Energy,Mr. Gautambhai Shantilal Adani S.Y. B.Com,"Ahmedabad, India",https://www.adanienterprises.com,2311.75,2238.85,2668245024768,77.16122,29.96,0.00059999997,3743.9,2025.0
2007-11-06 00:00:00+05:30,49.88646561179705,2314.95,2213.75,49.69003677368164,1376164,0.0,0.0,ADANIENT.NS,Adani Enterprises Limited,Thermal Coal,Energy,Mr. Gautambhai Shantilal Adani S.Y. B.Com,"Ahmedabad, India",https://www.adanienterprises.com,2311.75,2238.85,2668245024768,77.16122,29.96,0.00059999997,3743.9,2025.0
2007-11-07 00:00:00+05:30,49.7617489399268,2314.95,2213.75,49.895816802978516,1376164,0.0,0.0,ADANIENT.NS,Adani Enterprises Limited,Thermal Coal,Energy,Mr. Gautambhai Shantilal Adani S.Y. B.Com,"Ahmedabad, India",https://www.adanienterprises.com,2311.75,2238.85,2668245024768,77.16122,29.96,0.00059999997,3743.9,2025.0
2007-11-08 00:00:00+05:30,48.951102003587074,2314.95,2213.75,49.95818328857422,1376164,0.0,0.0,ADANIENT.NS,Adani Enterprises Limited,Thermal Coal,Energy,Mr. Gautambhai Shantilal Adani S.Y. B.Com,"Ahmedabad, India",https://www.adanienterprises.com,2311.75,2238.85,2668245024768,77.16122,29.96,0.00059999997,3743.9,2025.0
2007-11-12 00:00:00+05:30,48.14044530273991,2314.95,2213.75,48.770259857177734,1376164,0.0,0.0,ADANIENT.NS,Adani Enterprises Limited,Thermal Coal,Energy,Mr. Gautambhai Shantilal Adani S.Y. B.Com,"Ahmedabad, India",https://www.adanienterprises.com,2311.75,2238.85,2668245024768,77.16122,29.96,0.00059999997,3743.9,2025.0
2007-11-13 00:00:00+05:30,48.95109811989725,2314.95,2213.75,50.20449447631836,1376164,0.0,0.0,ADANIENT.NS,Adani Enterprises Limited,Thermal Coal,Energy,Mr. Gautambhai Shantilal Adani S.Y. B.Com,"Ahmedabad, India",https://www.adanienterprises.com,2311.75,2238.85,2668245024768,77.16122,29.96,0.00059999997,3743.9,2025.0
2007-11-14 00:00:00+05:30,50.82183627125716,2314.95,2213.75,52.71752166748047,1376164,0.0,0.0,ADANIENT.NS,Adani Enterprises Limited,Thermal Coal,Energy,Mr. Gautambhai Shantilal Adani S.Y. B.Com,"Ahmedabad, India",https://www.adanienterprises.com,2311.75,2238.85,2668245024768,77.16122,29.96,0.00059999997,3743.9,2025.0
2007-11-15 00:00:00+05:30,54.18917259701044,2314.95,2213.75,52.486793518066406,1376164,0.0,0.0,ADANIENT.NS,Adani Enterprises Limited,Thermal Coal,Energy,Mr. Gautambhai Shantilal Adani S.Y. B.Com,"Ahmedabad, India",https://www.adanienterprises.com,2311.75,2238.85,2668245024768,77.16122,29.96,0.00059999997,3743.9,2025.0
2007-11-16 00:00:00+05:30,51.50778042857673,2314.95,2213.75,51.903751373291016,1376164,0.0,0.0,ADANIENT.NS,Adani Enterprises Limited,Thermal Coal,Energy,Mr. Gautambhai Shantilal Adani S.Y. B.Com,"Ahmedabad, India",https://www.adanienterprises.com,2311.75,2238.85,2668245024768,77.16122,29.96,0.00059999997,3743.9,2025.0
2007-11-19 00:00:00+05:30,52.982543210083755,2314.95,2213.75,54.5009651184082,1376164,0.0,0.0,ADANIENT.NS,Adani Enterprises Limited,Thermal Coal,Energy,Mr. Gautambhai Shantilal Adani S.Y. B.Com,"Ahmedabad, India",https://www.adanienterprises.com,2311.75,2238.85,2668245024768,77.16122,29.96,0.00059999997,3743.9,2025.0
2007-11-20 00:00:00+05:30,54.182942307717845,2314.95,2213.75,53.87739181518555,1376164,0.0,0.0,ADANIENT.NS,Adani Enterprises Limited,Thermal Coal,Energy,Mr. Gautambhai Shantilal Adani S.Y. B.Com,"Ahmedabad, India",https://www.adanienterprises.com,2311.75,2238.85,2668245024768,77.16122,29.96,0.00059999997,3743.9,2025.0
2007-11-21 00:00:00+05:30,54.12681577333199,2314.95,2213.75,51.76655960083008,1376164,0.0,0.0,ADANIENT.NS,Adani Enterprises Limited,Thermal Coal,Energy,Mr. Gautambhai Shantilal Adani S.Y. B.Com,"Ahmedabad, India",https://www.adanienterprises.com,2311.75,2238.85,2668245024768,77.16122,29.96,0.00059999997,3743.9,2025.0
2007-11-22 00:00:00+05:30,51.4454125425343,2314.95,2213.75,51.694847106933594,1376164,0.0,0.0,ADANIENT.NS,Adani Enterprises Limited,Thermal Coal,Energy,Mr. Gautambhai Shantilal Adani S.Y. B.Com,"Ahmedabad, India",https://www.adanienterprises.com,2311.75,2238.85,2668245024768,77.16122,29.96,0.00059999997,3743.9,2025.0
2007-11-23 00:00:00+05:30,50.722073669147086,2314.95,2213.75,52.942020416259766,1376164,0.0,0.0,ADANIENT.NS,Adani Enterprises Limited,Thermal Coal,Energy,Mr. Gautambhai Shantilal Adani S.Y. B.Com,"Ahmedabad, India",https://www.adanienterprises.com,2311.75,2238.85,2668245024768,77.16122,29.96,0.00059999997,3743.9,2025.0
2007-11-26 00:00:00+05:30,55.165077160806916,2314.95,2213.75,53.79631423950195,1376164,0.0,0.0,ADANIENT.NS,Adani Enterprises Limited,Thermal Coal,Energy,Mr. Gautambhai Shantilal Adani S.Y. B.Com,"Ahmedabad, India",https://www.adanienterprises.com,2311.75,2238.85,2668245024768,77.16122,29.96,0.00059999997,3743.9,2025.0
2007-11-27 00:00:00+05:30,53.93974427941928,2314.95,2213.75,51.10868453979492,1376164,0.0,0.0,ADANIENT.NS,Adani Enterprises Limited,Thermal Coal,Energy,Mr. Gautambhai Shantilal Adani S.Y. B.Com,"Ahmedabad, India",https://www.adanienterprises.com,2311.75,2238.85,2668245024768,77.16122,29.96,0.00059999997,3743.9,2025.0
2007-11-28 00:00:00+05:30,51.13362860517081,2314.95,2213.75,48.788963317871094,1376164,0.0,0.0,ADANIENT.NS,Adani Enterprises Limited,Thermal Coal,Energy,Mr. Gautambhai Shantilal Adani S.Y. B.Com,"Ahmedabad, India",https://www.adanienterprises.com,2311.75,2238.85,2668245024768,77.16122,29.96,0.00059999997,3743.9,2025.0
2007-11-29 00:00:00+05:30,49.01345950548143,2314.95,2213.75,49.28783416748047,1376164,0.0,0.0,ADANIENT.NS,Adani Enterprises Limited,Thermal Coal,Energy,Mr. Gautambhai Shantilal Adani S.Y. B.Com,"Ahmedabad, India",https://www.adanienterprises.com,2311.75,2238.85,2668245024768,77.16122,29.96,0.00059999997,3743.9,2025.0
2007-11-30 00:00:00+05:30,50.13589291547177,2314.95,2213.75,49.824100494384766,1376164,0.0,0.0,ADANIENT.NS,Adani Enterprises Limited,Thermal Coal,Energy,Mr. Gautambhai Shantilal Adani S.Y. B.Com,"Ahmedabad, India",https://www.adanienterprises.com,2311.75,2238.85,2668245024768,77.16122,29.96,0.00059999997,3743.9,2025.0
2007-12-03 00:00:00+05:30,50.49134243493198,2314.95,2213.75,49.680686950683594,1376164,0.0,0.0,ADANIENT.NS,Adani Enterprises Limited,Thermal Coal,Energy,Mr. Gautambhai Shantilal Adani S.Y. B.Com,"Ahmedabad, India",https://www.adanienterprises.com,2311.75,2238.85,2668245024768,77.16122,29.96,0.00059999997,3743.9,2025.0
2007-12-04 00:00:00+05:30,50.322981392239754,2314.95,2213.75,49.340843200683594,1376164,0.0,0.0,ADANIENT.NS,Adani Enterprises Limited,Thermal Coal,Energy,Mr. Gautambhai Shantilal Adani S.Y. B.Com,"Ahmedabad, India",https://www.adanienterprises.com,2311.75,2238.85,2668245024768,77.16122,29.96,0.00059999997,3743.9,2025.0
2007-12-05 00:00:00+05:30,50.073548960576304,2314.95,2213.75,50.00495529174805,1376164,0.0,0.0,ADANIENT.NS,Adani Enterprises Limited,Thermal Coal,Energy,Mr. Gautambhai Shantilal Adani S.Y. B.Com,"Ahmedabad, India",https://www.adanienterprises.com,2311.75,2238.85,2668245024768,77.16122,29.96,0.00059999997,3743.9,2025.0
2007-12-06 00:00:00+05:30,50.44768548186181,2314.95,2213.75,49.895816802978516,1376164,0.0,0.0,ADANIENT.NS,Adani Enterprises Limited,Thermal Coal,Energy,Mr. Gautambhai Shantilal Adani S.Y. B.Com,"Ahmedabad, India",https://www.adanienterprises.com,2311.75,2238.85,2668245024768,77.16122,29.96,0.00059999997,3743.9,2025.0
2007-12-07 00:00:00+05:30,49.94882990070943,2314.95,2213.75,49.683807373046875,1376164,0.0,0.0,ADANIENT.NS,Adani Enterprises Limited,Thermal Coal,Energy,Mr. Gautambhai Shantilal Adani S.Y. B.Com,"Ahmedabad, India",https://www.adanienterprises.com,2311.75,2238.85,2668245024768,77.16122,29.96,0.00059999997,3743.9,2025.0
2007-12-10 00:00:00+05:30,50.004952965403575,2314.95,2213.75,49.53726577758789,1376164,0.0,0.0,ADANIENT.NS,Adani Enterprises Limited,Thermal Coal,Energy,Mr. Gautambhai Shantilal Adani S.Y. B.Com,"Ahmedabad, India",https://www.adanienterprises.com,2311.75,2238.85,2668245024768,77.16122,29.96,0.00059999997,3743.9,2025.0
2007-12-11 00:00:00+05:30,49.88646662696259,2314.95,2213.75,52.00352096557617,1376164,0.0,0.0,ADANIENT.NS,Adani Enterprises Limited,Thermal Coal,Energy,Mr. Gautambhai Shantilal Adani S.Y. B.Com,"Ahmedabad, India",https://www.adanienterprises.com,2311.75,2238.85,2668245024768,77.16122,29.96,0.00059999997,3743.9,2025.0
2007-12-12 00:00:00+05:30,50.5162838867221,2314.95,2213.75,54.47290802001953,1376164,0.0,0.0,ADANIENT.NS,Adani Enterprises Limited,Thermal Coal,Energy,Mr. Gautambhai Shantilal Adani S.Y. B.Com,"Ahmedabad, India",https://www.adanienterprises.com,2311.75,2238.85,2668245024768,77.16122,29.96,0.00059999997,3743.9,2025.0
2007-12-13 00:00:00+05:30,54.99983753530706,2314.95,2213.75,57.19796371459961,1376164,0.0,0.0,ADANIENT.NS,Adani Enterprises Limited,Thermal Coal,Energy,Mr. Gautambhai Shantilal Adani S.Y. B.Com,"Ahmedabad, India",https://www.adanienterprises.com,2311.75,2238.85,2668245024768,77.16122,29.96,0.00059999997,3743.9,2025.0
2007-12-14 00:00:00+05:30,58.89098110400643,2314.95,2213.75,56.761451721191406,1376164,0.0,0.0,ADANIENT.NS,Adani Enterprises Limited,Thermal Coal,Energy,Mr. Gautambhai Shantilal Adani S.Y. B.Com,"Ahmedabad, India",https://www.adanienterprises.com,2311.75,2238.85,2668245024768,77.16122,29.96,0.00059999997,3743.9,2025.0
2007-12-17 00:00:00+05:30,57.24472873879086,2314.95,2213.75,56.42783737182617,1376164,0.0,0.0,ADANIENT.NS,Adani Enterprises Limited,Thermal Coal,Energy,Mr. Gautambhai Shantilal Adani S.Y. B.Com,"Ahmedabad, India",https://www.adanienterprises.com,2311.75,2238.85,2668245024768,77.16122,29.96,0.00059999997,3743.9,2025.0
2007-12-18 00:00:00+05:30,53.634196603914624,2314.95,2213.75,54.56956481933594,1376164,0.0,0.0,ADANIENT.NS,Adani Enterprises Limited,Thermal Coal,Energy,Mr. Gautambhai Shantilal Adani S.Y. B.Com,"Ahmedabad, India",https://www.adanienterprises.com,2311.75,2238.85,2668245024768,77.16122,29.96,0.00059999997,3743.9,2025.0
2007-12-19 00:00:00+05:30,55.685769730673705,2314.95,2213.75,55.76683807373047,1376164,0.0,0.0,ADANIENT.NS,Adani Enterprises Limited,Thermal Coal,Energy,Mr. Gautambhai Shantilal Adani S.Y. B.Com,"Ahmedabad, India",https://www.adanienterprises.com,2311.75,2238.85,2668245024768,77.16122,29.96,0.00059999997,3743.9,2025.0
2007-12-20 00:00:00+05:30,56.43406709125396,2314.95,2213.75,56.15033721923828,1376164,0.0,0.0,ADANIENT.NS,Adani Enterprises Limited,Thermal Coal,Energy,Mr. Gautambhai Shantilal Adani S.Y. B.Com,"Ahmedabad, India",https://www.adanienterprises.com,2311.75,2238.85,2668245024768,77.16122,29.96,0.00059999997,3743.9,2025.0
2007-12-24 00:00:00+05:30,58.678954503882444,2314.95,2213.75,58.95956802368164,1376164,0.0,0.0,ADANIENT.NS,Adani Enterprises Limited,Thermal Coal,Energy,Mr. Gautambhai Shantilal Adani S.Y. B.Com,"Ahmedabad, India",https://www.adanienterprises.com,2311.75,2238.85,2668245024768,77.16122,29.96,0.00059999997,3743.9,2025.0
2007-12-26 00:00:00+05:30,61.85921709836806,2314.95,2213.75,61.90910339355469,1376164,0.0,0.0,ADANIENT.NS,Adani Enterprises Limited,Thermal Coal,Energy,Mr. Gautambhai Shantilal Adani S.Y. B.Com,"Ahmedabad, India",https://www.adanienterprises.com,2311.75,2238.85,2668245024768,77.16122,29.96,0.00059999997,3743.9,2025.0
2007-12-27 00:00:00+05:30,64.75264154125558,2314.95,2213.75,65.00519561767578,1376164,0.0,0.0,ADANIENT.NS,Adani Enterprises Limited,Thermal Coal,Energy,Mr. Gautambhai Shantilal Adani S.Y. B.Com,"Ahmedabad, India",https://www.adanienterprises.com,2311.75,2238.85,2668245024768,77.16122,29.96,0.00059999997,3743.9,2025.0
2007-12-28 00:00:00+05:30,66.03721730259386,2314.95,2213.75,68.25716400146484,1376164,0.0,0.0,ADANIENT.NS,Adani Enterprises Limited,Thermal Coal,Energy,Mr. Gautambhai Shantilal Adani S.Y. B.Com,"Ahmedabad, India",https://www.adanienterprises.com,2311.75,2238.85,2668245024768,77.16122,29.96,0.00059999997,3743.9,2025.0
2007-12-31 00:00:00+05:30,70.11543417255515,2314.95,2213.75,71.6712646484375,1376164,0.0,0.0,ADANIENT.NS,Adani Enterprises Limited,Thermal Coal,Energy,Mr. Gautambhai Shantilal Adani S.Y. B.Com,"Ahmedabad, India",https://www.adanienterprises.com,2311.75,2238.85,2668245024768,77.16122,29.96,0.00059999997,3743.9,2025.0
2008-01-01 00:00:00+05:30,74.76109839231273,2314.95,2213.75,75.25685119628906,1376164,0.0,0.0,ADANIENT.NS,Adani Enterprises Limited,Thermal Coal,Energy,Mr. Gautambhai Shantilal Adani S.Y. B.Com,"Ahmedabad, India",https://www.adanienterprises.com,2311.75,2238.85,2668245024768,77.16122,29.96,0.00059999997,3743.9,2025.0
2008-01-02 00:00:00+05:30,78.22197615406127,2314.95,2213.75,79.02015686035156,1376164,0.0,0.0,ADANIENT.NS,Adani Enterprises Limited,Thermal Coal,Energy,Mr. Gautambhai Shantilal Adani S.Y. B.Com,"Ahmedabad, India",https://www.adanienterprises.com,2311.75,2238.85,2668245024768,77.16122,29.96,0.00059999997,3743.9,2025.0
2008-01-03 00:00:00+05:30,79.56890863881135,2314.95,2213.75,79.3600082397461,1376164,0.0,0.0,ADANIENT.NS,Adani Enterprises Limited,Thermal Coal,Energy,Mr. Gautambhai Shantilal Adani S.Y. B.Com,"Ahmedabad, India",https://www.adanienterprises.com,2311.75,2238.85,2668245024768,77.16122,29.96,0.00059999997,3743.9,2025.0
2008-01-04 00:00:00+05:30,80.7474760492042,2314.95,2213.75,79.11992645263672,1376164,0.0,0.0,ADANIENT.NS,Adani Enterprises Limited,Thermal Coal,Energy,Mr. Gautambhai Shantilal Adani S.Y. B.Com,"Ahmedabad, India",https://www.adanienterprises.com,2311.75,2238.85,2668245024768,77.16122,29.96,0.00059999997,3743.9,2025.0
2008-01-07 00:00:00+05:30,75.62788639887334,2314.95,2213.75,78.09415435791016,1376164,0.0,0.0,ADANIENT.NS,Adani Enterprises Limited,Thermal Coal,Energy,Mr. Gautambhai Shantilal Adani S.Y. B.Com,"Ahmedabad, India",https://www.adanienterprises.com,2311.75,2238.85,2668245024768,77.16122,29.96,0.00059999997,3743.9,2025.0
2008-01-08 00:00:00+05:30,78.571181430724,2314.95,2213.75,76.11115264892578,1376164,0.0,0.0,ADANIENT.NS,Adani Enterprises Limited,Thermal Coal,Energy,Mr. Gautambhai Shantilal Adani S.Y. B.Com,"Ahmedabad, India",https://www.adanienterprises.com,2311.75,2238.85,2668245024768,77.16122,29.96,0.00059999997,3743.9,2025.0
2008-01-09 00:00:00+05:30,72.95897478696978,2314.95,2213.75,73.04315948486328,1376164,0.0,0.0,ADANIENT.NS,Adani Enterprises Limited,Thermal Coal,Energy,Mr. Gautambhai Shantilal Adani S.Y. B.Com,"Ahmedabad, India",https://www.adanienterprises.com,2311.75,2238.85,2668245024768,77.16122,29.96,0.00059999997,3743.9,2025.0
2008-01-10 00:00:00+05:30,72.34162648432627,2314.95,2213.75,70.33993530273438,1376164,0.0,0.0,ADANIENT.NS,Adani Enterprises Limited,Thermal Coal,Energy,Mr. Gautambhai Shantilal Adani S.Y. B.Com,"Ahmedabad, India",https://www.adanienterprises.com,2311.75,2238.85,2668245024768,77.16122,29.96,0.00059999997,3743.9,2025.0
2008-01-11 00:00:00+05:30,71.71179831482212,2314.95,2213.75,66.9195785522461,1376164,0.0,0.0,ADANIENT.NS,Adani Enterprises Limited,Thermal Coal,Energy,Mr. Gautambhai Shantilal Adani S.Y. B.Com,"Ahmedabad, India",https://www.adanienterprises.com,2311.75,2238.85,2668245024768,77.16122,29.96,0.00059999997,3743.9,2025.0
2008-01-14 00:00:00+05:30,66.72315152510538,2314.95,2213.75,64.88982391357422,1376164,0.0,0.0,ADANIENT.NS,Adani Enterprises Limited,Thermal Coal,Energy,Mr. Gautambhai Shantilal Adani S.Y. B.Com,"Ahmedabad, India",https://www.adanienterprises.com,2311.75,2238.85,2668245024768,77.16122,29.96,0.00059999997,3743.9,2025.0
2008-01-15 00:00:00+05:30,67.34673493393565,2314.95,2213.75,68.13556671142578,1376164,0.0,0.0,ADANIENT.NS,Adani Enterprises Limited,Thermal Coal,Energy,Mr. Gautambhai Shantilal Adani S.Y. B.Com,"Ahmedabad, India",https://www.adanienterprises.com,2311.75,2238.85,2668245024768,77.16122,29.96,0.00059999997,3743.9,2025.0
2008-01-16 00:00:00+05:30,66.09958452193845,2314.95,2213.75,67.72713470458984,1376164,0.0,0.0,ADANIENT.NS,Adani Enterprises Limited,Thermal Coal,Energy,Mr. Gautambhai Shantilal Adani S.Y. B.Com,"Ahmedabad, India",https://www.adanienterprises.com,2311.75,2238.85,2668245024768,77.16122,29.96,0.00059999997,3743.9,2025.0
2008-01-17 00:00:00+05:30,69.03040316478803,2314.95,2213.75,67.4122085571289,1376164,0.0,0.0,ADANIENT.NS,Adani Enterprises Limited,Thermal Coal,Energy,Mr. Gautambhai Shantilal Adani S.Y. B.Com,"Ahmedabad, India",https://www.adanienterprises.com,2311.75,2238.85,2668245024768,77.16122,29.96,0.00059999997,3743.9,2025.0
2008-01-18 00:00:00+05:30,65.85014284362752,2314.95,2213.75,64.26313018798828,1376164,0.0,0.0,ADANIENT.NS,Adani Enterprises Limited,Thermal Coal,Energy,Mr. Gautambhai Shantilal Adani S.Y. B.Com,"Ahmedabad, India",https://www.adanienterprises.com,2311.75,2238.85,2668245024768,77.16122,29.96,0.00059999997,3743.9,2025.0
2008-01-21 00:00:00+05:30,63.35580080999865,2314.95,2213.75,60.923831939697266,1376164,0.0,0.0,ADANIENT.NS,Adani Enterprises Limited,Thermal Coal,Energy,Mr. Gautambhai Shantilal Adani S.Y. B.Com,"Ahmedabad, India",https://www.adanienterprises.com,2311.75,2238.85,2668245024768,77.16122,29.96,0.00059999997,3743.9,2025.0
2008-01-22 00:00:00+05:30,57.880777578901075,2314.95,2213.75,57.877655029296875,1376164,0.0,0.0,ADANIENT.NS,Adani Enterprises Limited,Thermal Coal,Energy,Mr. Gautambhai Shantilal Adani S.Y. B.Com,"Ahmedabad, India",https://www.adanienterprises.com,2311.75,2238.85,2668245024768,77.16122,29.96,0.00059999997,3743.9,2025.0
2008-01-23 00:00:00+05:30,57.87765138604473,2314.95,2213.75,57.84023666381836,1376164,0.0,0.0,ADANIENT.NS,Adani Enterprises Limited,Thermal Coal,Energy,Mr. Gautambhai Shantilal Adani S.Y. B.Com,"Ahmedabad, India",https://www.adanienterprises.com,2311.75,2238.85,2668245024768,77.16122,29.96,0.00059999997,3743.9,2025.0
2008-01-24 00:00:00+05:30,59.863762524394744,2314.95,2213.75,54.94994354248047,1376164,0.0,0.0,ADANIENT.NS,Adani Enterprises Limited,Thermal Coal,Energy,Mr. Gautambhai Shantilal Adani S.Y. B.Com,"Ahmedabad, India",https://www.adanienterprises.com,2311.75,2238.85,2668245024768,77.16122,29.96,0.00059999997,3743.9,2025.0
2008-01-25 00:00:00+05:30,55.498701004474476,2314.95,2213.75,57.69994354248047,1376164,0.0,0.0,ADANIENT.NS,Adani Enterprises Limited,Thermal Coal,Energy,Mr. Gautambhai Shantilal Adani S.Y. B.Com,"Ahmedabad, India",https://www.adanienterprises.com,2311.75,2238.85,2668245024768,77.16122,29.96,0.00059999997,3743.9,2025.0
2008-01-28 00:00:00+05:30,57.99301693818652,2314.95,2213.75,56.32805252075195,1376164,0.0,0.0,ADANIENT.NS,Adani Enterprises Limited,Thermal Coal,Energy,Mr. Gautambhai Shantilal Adani S.Y. B.Com,"Ahmedabad, India",https://www.adanienterprises.com,2311.75,2238.85,2668245024768,77.16122,29.96,0.00059999997,3743.9,2025.0
2008-01-29 00:00:00+05:30,58.92838497507258,2314.95,2213.75,56.32805252075195,1376164,0.0,0.0,ADANIENT.NS,Adani Enterprises Limited,Thermal Coal,Energy,Mr. Gautambhai Shantilal Adani S.Y. B.Com,"Ahmedabad, India",https://www.adanienterprises.com,2311.75,2238.85,2668245024768,77.16122,29.96,0.00059999997,3743.9,2025.0
2008-01-30 00:00:00+05:30,56.32805138272057,2314.95,2213.75,55.52051544189453,1376164,0.0,0.0,ADANIENT.NS,Adani Enterprises Limited,Thermal Coal,Energy,Mr. Gautambhai Shantilal Adani S.Y. B.Com,"Ahmedabad, India",https://www.adanienterprises.com,2311.75,2238.85,2668245024768,77.16122,29.96,0.00059999997,3743.9,2025.0
2008-01-31 00:00:00+05:30,56.122278995642965,2314.95,2213.75,54.68804168701172,1376164,0.0,0.0,ADANIENT.NS,Adani Enterprises Limited,Thermal Coal,Energy,Mr. Gautambhai Shantilal Adani S.Y. B.Com,"Ahmedabad, India",https://www.adanienterprises.com,2311.75,2238.85,2668245024768,77.16122,29.96,0.00059999997,3743.9,2025.0
2008-02-01 00:00:00+05:30,56.116045929520446,2314.95,2213.75,53.93663024902344,1376164,0.0,0.0,ADANIENT.NS,Adani Enterprises Limited,Thermal Coal,Energy,Mr. Gautambhai Shantilal Adani S.Y. B.Com,"Ahmedabad, India",https://www.adanienterprises.com,2311.75,2238.85,2668245024768,77.16122,29.96,0.00059999997,3743.9,2025.0
2008-02-04 00:00:00+05:30,56.053683618531046,2314.95,2213.75,53.852447509765625,1376164,0.0,0.0,ADANIENT.NS,Adani Enterprises Limited,Thermal Coal,Energy,Mr. Gautambhai Shantilal Adani S.Y. B.Com,"Ahmedabad, India",https://www.adanienterprises.com,2311.75,2238.85,2668245024768,77.16122,29.96,0.00059999997,3743.9,2025.0
2008-02-05 00:00:00+05:30,54.87511409513118,2314.95,2213.75,54.245296478271484,1376164,0.0,0.0,ADANIENT.NS,Adani Enterprises Limited,Thermal Coal,Energy,Mr. Gautambhai Shantilal Adani S.Y. B.Com,"Ahmedabad, India",https://www.adanienterprises.com,2311.75,2238.85,2668245024768,77.16122,29.96,0.00059999997,3743.9,2025.0
2008-02-06 00:00:00+05:30,52.2342549673906,2314.95,2213.75,52.19060134887695,1376164,0.0,0.0,ADANIENT.NS,Adani Enterprises Limited,Thermal Coal,Energy,Mr. Gautambhai Shantilal Adani S.Y. B.Com,"Ahmedabad, India",https://www.adanienterprises.com,2311.75,2238.85,2668245024768,77.16122,29.96,0.00059999997,3743.9,2025.0
2008-02-07 00:00:00+05:30,54.68804049006617,2314.95,2213.75,52.221778869628906,1376164,0.0,0.0,ADANIENT.NS,Adani Enterprises Limited,Thermal Coal,Energy,Mr. Gautambhai Shantilal Adani S.Y. B.Com,"Ahmedabad, India",https://www.adanienterprises.com,2311.75,2238.85,2668245024768,77.16122,29.96,0.00059999997,3743.9,2025.0
2008-02-08 00:00:00+05:30,51.133637227487874,2314.95,2213.75,49.612098693847656,1376164,0.0,0.0,ADANIENT.NS,Adani Enterprises Limited,Thermal Coal,Energy,Mr. Gautambhai Shantilal Adani S.Y. B.Com,"Ahmedabad, India",https://www.adanienterprises.com,2311.75,2238.85,2668245024768,77.16122,29.96,0.00059999997,3743.9,2025.0
2008-02-11 00:00:00+05:30,50.135904498070246,2314.95,2213.75,47.13336181640625,1376164,0.0,0.0,ADANIENT.NS,Adani Enterprises Limited,Thermal Coal,Energy,Mr. Gautambhai Shantilal Adani S.Y. B.Com,"Ahmedabad, India",https://www.adanienterprises.com,2311.75,2238.85,2668245024768,77.16122,29.96,0.00059999997,3743.9,2025.0
2008-02-12 00:00:00+05:30,44.91029036453935,2314.95,2213.75,44.77933883666992,1376164,0.0,0.0,ADANIENT.NS,Adani Enterprises Limited,Thermal Coal,Energy,Mr. Gautambhai Shantilal Adani S.Y. B.Com,"Ahmedabad, India",https://www.adanienterprises.com,2311.75,2238.85,2668245024768,77.16122,29.96,0.00059999997,3743.9,2025.0
2008-02-13 00:00:00+05:30,42.540701457934794,2314.95,2213.75,43.4698371887207,1376164,0.0,0.0,ADANIENT.NS,Adani Enterprises Limited,Thermal Coal,Energy,Mr. Gautambhai Shantilal Adani S.Y. B.Com,"Ahmedabad, India",https://www.adanienterprises.com,2311.75,2238.85,2668245024768,77.16122,29.96,0.00059999997,3743.9,2025.0
2008-02-14 00:00:00+05:30,42.71529312669175,2314.95,2213.75,44.79181671142578,1376164,0.0,0.0,ADANIENT.NS,Adani Enterprises Limited,Thermal Coal,Energy,Mr. Gautambhai Shantilal Adani S.Y. B.Com,"Ahmedabad, India",https://www.adanienterprises.com,2311.75,2238.85,2668245024768,77.16122,29.96,0.00059999997,3743.9,2025.0
2008-02-15 00:00:00+05:30,44.274240126352936,2314.95,2213.75,45.61494064331055,1376164,0.0,0.0,ADANIENT.NS,Adani Enterprises Limited,Thermal Coal,Energy,Mr. Gautambhai Shantilal Adani S.Y. B.Com,"Ahmedabad, India",https://www.adanienterprises.com,2311.75,2238.85,2668245024768,77.16122,29.96,0.00059999997,3743.9,2025.0
2008-02-18 00:00:00+05:30,46.144974710355335,2314.95,2213.75,44.701385498046875,1376164,0.0,0.0,ADANIENT.NS,Adani Enterprises Limited,Thermal Coal,Energy,Mr. Gautambhai Shantilal Adani S.Y. B.Com,"Ahmedabad, India",https://www.adanienterprises.com,2311.75,2238.85,2668245024768,77.16122,29.96,0.00059999997,3743.9,2025.0
2008-02-19 00:00:00+05:30,45.521407723801445,2314.95,2213.75,44.85105895996094,1376164,0.0,0.0,ADANIENT.NS,Adani Enterprises Limited,Thermal Coal,Energy,Mr. Gautambhai Shantilal Adani S.Y. B.Com,"Ahmedabad, India",https://www.adanienterprises.com,2311.75,2238.85,2668245024768,77.16122,29.96,0.00059999997,3743.9,2025.0
2008-02-20 00:00:00+05:30,44.46132038408299,2314.95,2213.75,44.0123405456543,1376164,0.0,0.0,ADANIENT.NS,Adani Enterprises Limited,Thermal Coal,Energy,Mr. Gautambhai Shantilal Adani S.Y. B.Com,"Ahmedabad, India",https://www.adanienterprises.com,2311.75,2238.85,2668245024768,77.16122,29.96,0.00059999997,3743.9,2025.0
2008-02-21 00:00:00+05:30,43.650659734421524,2314.95,2213.75,43.96556854248047,1376164,0.0,0.0,ADANIENT.NS,Adani Enterprises Limited,Thermal Coal,Energy,Mr. Gautambhai Shantilal Adani S.Y. B.Com,"Ahmedabad, India",https://www.adanienterprises.com,2311.75,2238.85,2668245024768,77.16122,29.96,0.00059999997,3743.9,2025.0
2008-02-22 00:00:00+05:30,43.34510235184373,2314.95,2213.75,42.7059326171875,1376164,0.0,0.0,ADANIENT.NS,Adani Enterprises Limited,Thermal Coal,Energy,Mr. Gautambhai Shantilal Adani S.Y. B.Com,"Ahmedabad, India",https://www.adanienterprises.com,2311.75,2238.85,2668245024768,77.16122,29.96,0.00059999997,3743.9,2025.0
2008-02-25 00:00:00+05:30,43.65066030656662,2314.95,2213.75,41.24363708496094,1376164,0.0,0.0,ADANIENT.NS,Adani Enterprises Limited,Thermal Coal,Energy,Mr. Gautambhai Shantilal Adani S.Y. B.Com,"Ahmedabad, India",https://www.adanienterprises.com,2311.75,2238.85,2668245024768,77.16122,29.96,0.00059999997,3743.9,2025.0
2008-02-26 00:00:00+05:30,42.02934723685435,2314.95,2213.75,41.86098098754883,1376164,0.0,0.0,ADANIENT.NS,Adani Enterprises Limited,Thermal Coal,Energy,Mr. Gautambhai Shantilal Adani S.Y. B.Com,"Ahmedabad, India",https://www.adanienterprises.com,2311.75,2238.85,2668245024768,77.16122,29.96,0.00059999997,3743.9,2025.0
2008-02-27 00:00:00+05:30,43.02707795710345,2314.95,2213.75,42.97407531738281,1376164,0.0,0.0,ADANIENT.NS,Adani Enterprises Limited,Thermal Coal,Energy,Mr. Gautambhai Shantilal Adani S.Y. B.Com,"Ahmedabad, India",https://www.adanienterprises.com,2311.75,2238.85,2668245024768,77.16122,29.96,0.00059999997,3743.9,2025.0
2008-02-28 00:00:00+05:30,43.02707989978502,2314.95,2213.75,42.83065414428711,1376164,0.0,0.0,ADANIENT.NS,Adani Enterprises Limited,Thermal Coal,Energy,Mr. Gautambhai Shantilal Adani S.Y. B.Com,"Ahmedabad, India",https://www.adanienterprises.com,2311.75,2238.85,2668245024768,77.16122,29.96,0.00059999997,3743.9,2025.0
2008-02-29 00:00:00+05:30,43.33887214865821,2314.95,2213.75,42.827537536621094,1376164,0.0,0.0,ADANIENT.NS,Adani Enterprises Limited,Thermal Coal,Energy,Mr. Gautambhai Shantilal Adani S.Y. B.Com,"Ahmedabad, India",https://www.adanienterprises.com,2311.75,2238.85,2668245024768,77.16122,29.96,0.00059999997,3743.9,2025.0
2008-03-03 00:00:00+05:30,42.40350246824051,2314.95,2213.75,41.32782745361328,1376164,0.0,0.0,ADANIENT.NS,Adani Enterprises Limited,Thermal Coal,Energy,Mr. Gautambhai Shantilal Adani S.Y. B.Com,"Ahmedabad, India",https://www.adanienterprises.com,2311.75,2238.85,2668245024768,77.16122,29.96,0.00059999997,3743.9,2025.0
2008-03-04 00:00:00+05:30,40.85078374869453,2314.95,2213.75,41.66767501831055,1376164,0.0,0.0,ADANIENT.NS,Adani Enterprises Limited,Thermal Coal,Energy,Mr. Gautambhai Shantilal Adani S.Y. B.Com,"Ahmedabad, India",https://www.adanienterprises.com,2311.75,2238.85,2668245024768,77.16122,29.96,0.00059999997,3743.9,2025.0
2008-03-05 00:00:00+05:30,40.598237655860885,2314.95,2213.75,41.27482223510742,1376164,0.0,0.0,ADANIENT.NS,Adani Enterprises Limited,Thermal Coal,Energy,Mr. Gautambhai Shantilal Adani S.Y. B.Com,"Ahmedabad, India",https://www.adanienterprises.com,2311.75,2238.85,2668245024768,77.16122,29.96,0.00059999997,3743.9,2025.0
2008-03-07 00:00:00+05:30,39.9715325019343,2314.95,2213.75,39.90293884277344,1376164,0.0,0.0,ADANIENT.NS,Adani Enterprises Limited,Thermal Coal,Energy,Mr. Gautambhai Shantilal Adani S.Y. B.Com,"Ahmedabad, India",https://www.adanienterprises.com,2311.75,2238.85,2668245024768,77.16122,29.96,0.00059999997,3743.9,2025.0
2008-03-10 00:00:00+05:30,37.414848876660855,2314.95,2213.75,38.00725173950195,1376164,0.0,0.0,ADANIENT.NS,Adani Enterprises Limited,Thermal Coal,Energy,Mr. Gautambhai Shantilal Adani S.Y. B.Com,"Ahmedabad, India",https://www.adanienterprises.com,2311.75,2238.85,2668245024768,77.16122,29.96,0.00059999997,3743.9,2025.0
2008-03-11 00:00:00+05:30,39.03616259332292,2314.95,2213.75,41.35900115966797,1376164,0.0,0.0,ADANIENT.NS,Adani Enterprises Limited,Thermal Coal,Energy,Mr. Gautambhai Shantilal Adani S.Y. B.Com,"Ahmedabad, India",https://www.adanienterprises.com,2311.75,2238.85,2668245024768,77.16122,29.96,0.00059999997,3743.9,2025.0
2008-03-12 00:00:00+05:30,45.14725231997261,2314.95,2213.75,40.04636001586914,1376164,0.0,0.0,ADANIENT.NS,Adani Enterprises Limited,Thermal Coal,Energy,Mr. Gautambhai Shantilal Adani S.Y. B.Com,"Ahmedabad, India",https://www.adanienterprises.com,2311.75,2238.85,2668245024768,77.16122,29.96,0.00059999997,3743.9,2025.0
2008-03-13 00:00:00+05:30,37.414841609458236,2314.95,2213.75,36.52623748779297,1376164,0.0,0.0,ADANIENT.NS,Adani Enterprises Limited,Thermal Coal,Energy,Mr. Gautambhai Shantilal Adani S.Y. B.Com,"Ahmedabad, India",https://www.adanienterprises.com,2311.75,2238.85,2668245024768,77.16122,29.96,0.00059999997,3743.9,2025.0
2008-03-14 00:00:00+05:30,36.797508778233876,2314.95,2213.75,37.16230392456055,1376164,0.0,0.0,ADANIENT.NS,Adani Enterprises Limited,Thermal Coal,Energy,Mr. Gautambhai Shantilal Adani S.Y. B.Com,"Ahmedabad, India",https://www.adanienterprises.com,2311.75,2238.85,2668245024768,77.16122,29.96,0.00059999997,3743.9,2025.0
2008-03-17 00:00:00+05:30,34.92364126331115,2314.95,2213.75,33.45822525024414,1376164,0.0,0.0,ADANIENT.NS,Adani Enterprises Limited,Thermal Coal,Energy,Mr. Gautambhai Shantilal Adani S.Y. B.Com,"Ahmedabad, India",https://www.adanienterprises.com,2311.75,2238.85,2668245024768,77.16122,29.96,0.00059999997,3743.9,2025.0
2008-03-18 00:00:00+05:30,32.800350746911235,2314.95,2213.75,32.46049880981445,1376164,0.0,0.0,ADANIENT.NS,Adani Enterprises Limited,Thermal Coal,Energy,Mr. Gautambhai Shantilal Adani S.Y. B.Com,"Ahmedabad, India",https://www.adanienterprises.com,2311.75,2238.85,2668245024768,77.16122,29.96,0.00059999997,3743.9,2025.0
2008-03-19 00:00:00+05:30,34.92052394662214,2314.95,2213.75,32.5727424621582,1376164,0.0,0.0,ADANIENT.NS,Adani Enterprises Limited,Thermal Coal,Energy,Mr. Gautambhai Shantilal Adani S.Y. B.Com,"Ahmedabad, India",https://www.adanienterprises.com,2311.75,2238.85,2668245024768,77.16122,29.96,0.00059999997,3743.9,2025.0
2008-03-24 00:00:00+05:30,33.04978252339368,2314.95,2213.75,31.621784210205078,1376164,0.0,0.0,ADANIENT.NS,Adani Enterprises Limited,Thermal Coal,Energy,Mr. Gautambhai Shantilal Adani S.Y. B.Com,"Ahmedabad, India",https://www.adanienterprises.com,2311.75,2238.85,2668245024768,77.16122,29.96,0.00059999997,3743.9,2025.0
2008-03-25 00:00:00+05:30,32.92506685939817,2314.95,2213.75,34.57755661010742,1376164,0.0,0.0,ADANIENT.NS,Adani Enterprises Limited,Thermal Coal,Energy,Mr. Gautambhai Shantilal Adani S.Y. B.Com,"Ahmedabad, India",https://www.adanienterprises.com,2311.75,2238.85,2668245024768,77.16122,29.96,0.00059999997,3743.9,2025.0
2008-03-26 00:00:00+05:30,34.61497309651308,2314.95,2213.75,33.766902923583984,1376164,0.0,0.0,ADANIENT.NS,Adani Enterprises Limited,Thermal Coal,Energy,Mr. Gautambhai Shantilal Adani S.Y. B.Com,"Ahmedabad, India",https://www.adanienterprises.com,2311.75,2238.85,2668245024768,77.16122,29.96,0.00059999997,3743.9,2025.0
2008-03-27 00:00:00+05:30,33.04978902256185,2314.95,2213.75,35.65947723388672,1376164,0.0,0.0,ADANIENT.NS,Adani Enterprises Limited,Thermal Coal,Energy,Mr. Gautambhai Shantilal Adani S.Y. B.Com,"Ahmedabad, India",https://www.adanienterprises.com,2311.75,2238.85,2668245024768,77.16122,29.96,0.00059999997,3743.9,2025.0
2008-03-28 00:00:00+05:30,36.479481729505274,2314.95,2213.75,37.93242645263672,1376164,0.0,0.0,ADANIENT.NS,Adani Enterprises Limited,Thermal Coal,Energy,Mr. Gautambhai Shantilal Adani S.Y. B.Com,"Ahmedabad, India",https://www.adanienterprises.com,2311.75,2238.85,2668245024768,77.16122,29.96,0.00059999997,3743.9,2025.0
2008-03-31 00:00:00+05:30,37.10305906988982,2314.95,2213.75,37.396141052246094,1376164,0.0,0.0,ADANIENT.NS,Adani Enterprises Limited,Thermal Coal,Energy,Mr. Gautambhai Shantilal Adani S.Y. B.Com,"Ahmedabad, India",https://www.adanienterprises.com,2311.75,2238.85,2668245024768,77.16122,29.96,0.00059999997,3743.9,2025.0
2008-04-01 00:00:00+05:30,39.285590321024415,2314.95,2213.75,37.470970153808594,1376164,0.0,0.0,ADANIENT.NS,Adani Enterprises Limited,Thermal Coal,Energy,Mr. Gautambhai Shantilal Adani S.Y. B.Com,"Ahmedabad, India",https://www.adanienterprises.com,2311.75,2238.85,2668245024768,77.16122,29.96,0.00059999997,3743.9,2025.0
2008-04-02 00:00:00+05:30,38.6557741052228,2314.95,2213.75,38.44999313354492,1376164,0.0,0.0,ADANIENT.NS,Adani Enterprises Limited,Thermal Coal,Energy,Mr. Gautambhai Shantilal Adani S.Y. B.Com,"Ahmedabad, India",https://www.adanienterprises.com,2311.75,2238.85,2668245024768,77.16122,29.96,0.00059999997,3743.9,2025.0
2008-04-03 00:00:00+05:30,38.35334099301099,2314.95,2213.75,39.98088455200195,1376164,0.0,0.0,ADANIENT.NS,Adani Enterprises Limited,Thermal Coal,Energy,Mr. Gautambhai Shantilal Adani S.Y. B.Com,"Ahmedabad, India",https://www.adanienterprises.com,2311.75,2238.85,2668245024768,77.16122,29.96,0.00059999997,3743.9,2025.0
2008-04-04 00:00:00+05:30,40.03389239522912,2314.95,2213.75,38.55912399291992,1376164,0.0,0.0,ADANIENT.NS,Adani Enterprises Limited,Thermal Coal,Energy,Mr. Gautambhai Shantilal Adani S.Y. B.Com,"Ahmedabad, India",https://www.adanienterprises.com,2311.75,2238.85,2668245024768,77.16122,29.96,0.00059999997,3743.9,2025.0
2008-04-07 00:00:00+05:30,39.223235510780285,2314.95,2213.75,39.6223258972168,1376164,0.0,0.0,ADANIENT.NS,Adani Enterprises Limited,Thermal Coal,Energy,Mr. Gautambhai Shantilal Adani S.Y. B.Com,"Ahmedabad, India",https://www.adanienterprises.com,2311.75,2238.85,2668245024768,77.16122,29.96,0.00059999997,3743.9,2025.0
2008-04-08 00:00:00+05:30,39.60361886648662,2314.95,2213.75,40.19290542602539,1376164,0.0,0.0,ADANIENT.NS,Adani Enterprises Limited,Thermal Coal,Energy,Mr. Gautambhai Shantilal Adani S.Y. B.Com,"Ahmedabad, India",https://www.adanienterprises.com,2311.75,2238.85,2668245024768,77.16122,29.96,0.00059999997,3743.9,2025.0
2008-04-09 00:00:00+05:30,39.909180723483914,2314.95,2213.75,41.59284973144531,1376164,0.0,0.0,ADANIENT.NS,Adani Enterprises Limited,Thermal Coal,Energy,Mr. Gautambhai Shantilal Adani S.Y. B.Com,"Ahmedabad, India",https://www.adanienterprises.com,2311.75,2238.85,2668245024768,77.16122,29.96,0.00059999997,3743.9,2025.0
2008-04-10 00:00:00+05:30,42.091709311987316,2314.95,2213.75,42.05429458618164,1376164,0.0,0.0,ADANIENT.NS,Adani Enterprises Limited,Thermal Coal,Energy,Mr. Gautambhai Shantilal Adani S.Y. B.Com,"Ahmedabad, India",https://www.adanienterprises.com,2311.75,2238.85,2668245024768,77.16122,29.96,0.00059999997,3743.9,2025.0
2008-04-11 00:00:00+05:30,42.840005340123376,2314.95,2213.75,42.39102554321289,1376164,0.0,0.0,ADANIENT.NS,Adani Enterprises Limited,Thermal Coal,Energy,Mr. Gautambhai Shantilal Adani S.Y. B.Com,"Ahmedabad, India",https://www.adanienterprises.com,2311.75,2238.85,2668245024768,77.16122,29.96,0.00059999997,3743.9,2025.0
2008-04-15 00:00:00+05:30,41.46812701681041,2314.95,2213.75,44.19005584716797,1376164,0.0,0.0,ADANIENT.NS,Adani Enterprises Limited,Thermal Coal,Energy,Mr. Gautambhai Shantilal Adani S.Y. B.Com,"Ahmedabad, India",https://www.adanienterprises.com,2311.75,2238.85,2668245024768,77.16122,29.96,0.00059999997,3743.9,2025.0
2008-04-16 00:00:00+05:30,44.89782758830986,2314.95,2213.75,45.01319122314453,1376164,0.0,0.0,ADANIENT.NS,Adani Enterprises Limited,Thermal Coal,Energy,Mr. Gautambhai Shantilal Adani S.Y. B.Com,"Ahmedabad, India",https://www.adanienterprises.com,2311.75,2238.85,2668245024768,77.16122,29.96,0.00059999997,3743.9,2025.0
2008-04-17 00:00:00+05:30,46.14498356283198,2314.95,2213.75,46.858985900878906,1376164,0.0,0.0,ADANIENT.NS,Adani Enterprises Limited,Thermal Coal,Energy,Mr. Gautambhai Shantilal Adani S.Y. B.Com,"Ahmedabad, India",https://www.adanienterprises.com,2311.75,2238.85,2668245024768,77.16122,29.96,0.00059999997,3743.9,2025.0
2008-04-21 00:00:00+05:30,50.195142121789786,2314.95,2213.75,49.06022262573242,1376164,0.0,0.0,ADANIENT.NS,Adani Enterprises Limited,Thermal Coal,Energy,Mr. Gautambhai Shantilal Adani S.Y. B.Com,"Ahmedabad, India",https://www.adanienterprises.com,2311.75,2238.85,2668245024768,77.16122,29.96,0.00059999997,3743.9,2025.0
2008-04-22 00:00:00+05:30,48.0157288072536,2314.95,2213.75,49.35642623901367,1376164,0.0,0.0,ADANIENT.NS,Adani Enterprises Limited,Thermal Coal,Energy,Mr. Gautambhai Shantilal Adani S.Y. B.Com,"Ahmedabad, India",https://www.adanienterprises.com,2311.75,2238.85,2668245024768,77.16122,29.96,0.00059999997,3743.9,2025.0
2008-04-23 00:00:00+05:30,49.574675890477444,2314.95,2213.75,48.23709487915039,1376164,0.0,0.0,ADANIENT.NS,Adani Enterprises Limited,Thermal Coal,Energy,Mr. Gautambhai Shantilal Adani S.Y. B.Com,"Ahmedabad, India",https://www.adanienterprises.com,2311.75,2238.85,2668245024768,77.16122,29.96,0.00059999997,3743.9,2025.0
2008-04-24 00:00:00+05:30,48.639306962317,2314.95,2213.75,48.455352783203125,1376164,0.0,0.0,ADANIENT.NS,Adani Enterprises Limited,Thermal Coal,Energy,Mr. Gautambhai Shantilal Adani S.Y. B.Com,"Ahmedabad, India",https://www.adanienterprises.com,2311.75,2238.85,2668245024768,77.16122,29.96,0.00059999997,3743.9,2025.0
2008-04-25 00:00:00+05:30,48.01573285860636,2314.95,2213.75,49.9675407409668,1376164,0.0,0.0,ADANIENT.NS,Adani Enterprises Limited,Thermal Coal,Energy,Mr. Gautambhai Shantilal Adani S.Y. B.Com,"Ahmedabad, India",https://www.adanienterprises.com,2311.75,2238.85,2668245024768,77.16122,29.96,0.00059999997,3743.9,2025.0
2008-04-28 00:00:00+05:30,50.9340843157522,2314.95,2213.75,51.47971725463867,1376164,0.0,0.0,ADANIENT.NS,Adani Enterprises Limited,Thermal Coal,Energy,Mr. Gautambhai Shantilal Adani S.Y. B.Com,"Ahmedabad, India",https://www.adanienterprises.com,2311.75,2238.85,2668245024768,77.16122,29.96,0.00059999997,3743.9,2025.0
2008-04-29 00:00:00+05:30,51.44542326704735,2314.95,2213.75,52.85783386230469,1376164,0.0,0.0,ADANIENT.NS,Adani Enterprises Limited,Thermal Coal,Energy,Mr. Gautambhai Shantilal Adani S.Y. B.Com,"Ahmedabad, India",https://www.adanienterprises.com,2311.75,2238.85,2668245024768,77.16122,29.96,0.00059999997,3743.9,2025.0
2008-04-30 00:00:00+05:30,54.8751146339993,2314.95,2213.75,52.723758697509766,1376164,0.0,0.0,ADANIENT.NS,Adani Enterprises Limited,Thermal Coal,Energy,Mr. Gautambhai Shantilal Adani S.Y. B.Com,"Ahmedabad, India",https://www.adanienterprises.com,2311.75,2238.85,2668245024768,77.16122,29.96,0.00059999997,3743.9,2025.0
2008-05-02 00:00:00+05:30,53.90545142200039,2314.95,2213.75,54.335723876953125,1376164,0.0,0.0,ADANIENT.NS,Adani Enterprises Limited,Thermal Coal,Energy,Mr. Gautambhai Shantilal Adani S.Y. B.Com,"Ahmedabad, India",https://www.adanienterprises.com,2311.75,2238.85,2668245024768,77.16122,29.96,0.00059999997,3743.9,2025.0
2008-05-05 00:00:00+05:30,54.87511312958976,2314.95,2213.75,54.39183807373047,1376164,0.0,0.0,ADANIENT.NS,Adani Enterprises Limited,Thermal Coal,Energy,Mr. Gautambhai Shantilal Adani S.Y. B.Com,"Ahmedabad, India",https://www.adanienterprises.com,2311.75,2238.85,2668245024768,77.16122,29.96,0.00059999997,3743.9,2025.0
2008-05-06 00:00:00+05:30,54.25153244559864,2314.95,2213.75,53.7713737487793,1376164,0.0,0.0,ADANIENT.NS,Adani Enterprises Limited,Thermal Coal,Energy,Mr. Gautambhai Shantilal Adani S.Y. B.Com,"Ahmedabad, India",https://www.adanienterprises.com,2311.75,2238.85,2668245024768,77.16122,29.96,0.00059999997,3743.9,2025.0
2008-05-07 00:00:00+05:30,53.004373562325824,2314.95,2213.75,53.62483596801758,1376164,0.0,0.0,ADANIENT.NS,Adani Enterprises Limited,Thermal Coal,Energy,Mr. Gautambhai Shantilal Adani S.Y. B.Com,"Ahmedabad, India",https://www.adanienterprises.com,2311.75,2238.85,2668245024768,77.16122,29.96,0.00059999997,3743.9,2025.0
2008-05-08 00:00:00+05:30,53.00437632604206,2314.95,2213.75,52.489925384521484,1376164,0.0,0.0,ADANIENT.NS,Adani Enterprises Limited,Thermal Coal,Energy,Mr. Gautambhai Shantilal Adani S.Y. B.Com,"Ahmedabad, India",https://www.adanienterprises.com,2311.75,2238.85,2668245024768,77.16122,29.96,0.00059999997,3743.9,2025.0
2008-05-09 00:00:00+05:30,52.69257605244358,2314.95,2213.75,50.971492767333984,1376164,0.0,0.0,ADANIENT.NS,Adani Enterprises Limited,Thermal Coal,Energy,Mr. Gautambhai Shantilal Adani S.Y. B.Com,"Ahmedabad, India",https://www.adanienterprises.com,2311.75,2238.85,2668245024768,77.16122,29.96,0.00059999997,3743.9,2025.0
2008-05-12 00:00:00+05:30,50.0735378976398,2314.95,2213.75,50.1982536315918,1376164,0.0,0.0,ADANIENT.NS,Adani Enterprises Limited,Thermal Coal,Energy,Mr. Gautambhai Shantilal Adani S.Y. B.Com,"Ahmedabad, India",https://www.adanienterprises.com,2311.75,2238.85,2668245024768,77.16122,29.96,0.00059999997,3743.9,2025.0
2008-05-13 00:00:00+05:30,51.258344668278085,2314.95,2213.75,51.05568313598633,1376164,0.0,0.0,ADANIENT.NS,Adani Enterprises Limited,Thermal Coal,Energy,Mr. Gautambhai Shantilal Adani S.Y. B.Com,"Ahmedabad, India",https://www.adanienterprises.com,2311.75,2238.85,2668245024768,77.16122,29.96,0.00059999997,3743.9,2025.0
2008-05-14 00:00:00+05:30,49.013456126607586,2314.95,2213.75,51.42671203613281,1376164,0.0,0.0,ADANIENT.NS,Adani Enterprises Limited,Thermal Coal,Energy,Mr. Gautambhai Shantilal Adani S.Y. B.Com,"Ahmedabad, India",https://www.adanienterprises.com,2311.75,2238.85,2668245024768,77.16122,29.96,0.00059999997,3743.9,2025.0
2008-05-15 00:00:00+05:30,51.88192955436577,2314.95,2213.75,52.19683837890625,1376164,0.0,0.0,ADANIENT.NS,Adani Enterprises Limited,Thermal Coal,Energy,Mr. Gautambhai Shantilal Adani S.Y. B.Com,"Ahmedabad, India",https://www.adanienterprises.com,2311.75,2238.85,2668245024768,77.16122,29.96,0.00059999997,3743.9,2025.0
2008-05-16 00:00:00+05:30,53.627940497683156,2314.95,2213.75,53.5811767578125,1376164,0.0,0.0,ADANIENT.NS,Adani Enterprises Limited,Thermal Coal,Energy,Mr. Gautambhai Shantilal Adani S.Y. B.Com,"Ahmedabad, India",https://www.adanienterprises.com,2311.75,2238.85,2668245024768,77.16122,29.96,0.00059999997,3743.9,2025.0
2008-05-20 00:00:00+05:30,53.00436891039773,2314.95,2213.75,54.098751068115234,1376164,0.0,0.0,ADANIENT.NS,Adani Enterprises Limited,Thermal Coal,Energy,Mr. Gautambhai Shantilal Adani S.Y. B.Com,"Ahmedabad, India",https://www.adanienterprises.com,2311.75,2238.85,2668245024768,77.16122,29.96,0.00059999997,3743.9,2025.0
2008-05-21 00:00:00+05:30,54.254653024016456,2314.95,2213.75,54.93747329711914,1376164,0.0,0.0,ADANIENT.NS,Adani Enterprises Limited,Thermal Coal,Energy,Mr. Gautambhai Shantilal Adani S.Y. B.Com,"Ahmedabad, India",https://www.adanienterprises.com,2311.75,2238.85,2668245024768,77.16122,29.96,0.00059999997,3743.9,2025.0
2008-05-22 00:00:00+05:30,55.02477564540115,2314.95,2213.75,53.684078216552734,1376164,0.0,0.0,ADANIENT.NS,Adani Enterprises Limited,Thermal Coal,Energy,Mr. Gautambhai Shantilal Adani S.Y. B.Com,"Ahmedabad, India",https://www.adanienterprises.com,2311.75,2238.85,2668245024768,77.16122,29.96,0.00059999997,3743.9,2025.0
2008-05-23 00:00:00+05:30,48.71725084224461,2314.95,2213.75,53.465816497802734,1376164,0.0,0.0,ADANIENT.NS,Adani Enterprises Limited,Thermal Coal,Energy,Mr. Gautambhai Shantilal Adani S.Y. B.Com,"Ahmedabad, India",https://www.adanienterprises.com,2311.75,2238.85,2668245024768,77.16122,29.96,0.00059999997,3743.9,2025.0
2008-05-26 00:00:00+05:30,51.164808935049415,2314.95,2213.75,51.92245864868164,1376164,0.0,0.0,ADANIENT.NS,Adani Enterprises Limited,Thermal Coal,Energy,Mr. Gautambhai Shantilal Adani S.Y. B.Com,"Ahmedabad, India",https://www.adanienterprises.com,2311.75,2238.85,2668245024768,77.16122,29.96,0.00059999997,3743.9,2025.0
2008-05-27 00:00:00+05:30,51.94428883902214,2314.95,2213.75,52.106422424316406,1376164,0.0,0.0,ADANIENT.NS,Adani Enterprises Limited,Thermal Coal,Energy,Mr. Gautambhai Shantilal Adani S.Y. B.Com,"Ahmedabad, India",https://www.adanienterprises.com,2311.75,2238.85,2668245024768,77.16122,29.96,0.00059999997,3743.9,2025.0
2008-05-28 00:00:00+05:30,53.001258953065204,2314.95,2213.75,53.25069046020508,1376164,0.0,0.0,ADANIENT.NS,Adani Enterprises Limited,Thermal Coal,Energy,Mr. Gautambhai Shantilal Adani S.Y. B.Com,"Ahmedabad, India",https://www.adanienterprises.com,2311.75,2238.85,2668245024768,77.16122,29.96,0.00059999997,3743.9,2025.0
2008-05-29 00:00:00+05:30,53.3161605724909,2314.95,2213.75,52.45249938964844,1376164,0.0,0.0,ADANIENT.NS,Adani Enterprises Limited,Thermal Coal,Energy,Mr. Gautambhai Shantilal Adani S.Y. B.Com,"Ahmedabad, India",https://www.adanienterprises.com,2311.75,2238.85,2668245024768,77.16122,29.96,0.00059999997,3743.9,2025.0
2008-05-30 00:00:00+05:30,53.75266715507941,2314.95,2213.75,49.365779876708984,1376164,0.0,0.0,ADANIENT.NS,Adani Enterprises Limited,Thermal Coal,Energy,Mr. Gautambhai Shantilal Adani S.Y. B.Com,"Ahmedabad, India",https://www.adanienterprises.com,2311.75,2238.85,2668245024768,77.16122,29.96,0.00059999997,3743.9,2025.0
2008-06-02 00:00:00+05:30,50.821837531909374,2314.95,2213.75,49.521671295166016,1376164,0.0,0.0,ADANIENT.NS,Adani Enterprises Limited,Thermal Coal,Energy,Mr. Gautambhai Shantilal Adani S.Y. B.Com,"Ahmedabad, India",https://www.adanienterprises.com,2311.75,2238.85,2668245024768,77.16122,29.96,0.00059999997,3743.9,2025.0
2008-06-03 00:00:00+05:30,48.63931251412871,2314.95,2213.75,47.26431655883789,1376164,0.0,0.0,ADANIENT.NS,Adani Enterprises Limited,Thermal Coal,Energy,Mr. Gautambhai Shantilal Adani S.Y. B.Com,"Ahmedabad, India",https://www.adanienterprises.com,2311.75,2238.85,2668245024768,77.16122,29.96,0.00059999997,3743.9,2025.0
2008-06-04 00:00:00+05:30,46.46301267380445,2314.95,2213.75,46.04521179199219,1376164,0.0,0.0,ADANIENT.NS,Adani Enterprises Limited,Thermal Coal,Energy,Mr. Gautambhai Shantilal Adani S.Y. B.Com,"Ahmedabad, India",https://www.adanienterprises.com,2311.75,2238.85,2668245024768,77.16122,29.96,0.00059999997,3743.9,2025.0
2008-06-05 00:00:00+05:30,46.45677361946041,2314.95,2213.75,44.941471099853516,1376164,0.0,0.0,ADANIENT.NS,Adani Enterprises Limited,Thermal Coal,Energy,Mr. Gautambhai Shantilal Adani S.Y. B.Com,"Ahmedabad, India",https://www.adanienterprises.com,2311.75,2238.85,2668245024768,77.16122,29.96,0.00059999997,3743.9,2025.0
2008-06-06 00:00:00+05:30,46.082626553096034,2314.95,2213.75,45.60870361328125,1376164,0.0,0.0,ADANIENT.NS,Adani Enterprises Limited,Thermal Coal,Energy,Mr. Gautambhai Shantilal Adani S.Y. B.Com,"Ahmedabad, India",https://www.adanienterprises.com,2311.75,2238.85,2668245024768,77.16122,29.96,0.00059999997,3743.9,2025.0
2008-06-09 00:00:00+05:30,45.09736003078073,2314.95,2213.75,43.29209518432617,1376164,0.0,0.0,ADANIENT.NS,Adani Enterprises Limited,Thermal Coal,Energy,Mr. Gautambhai Shantilal Adani S.Y. B.Com,"Ahmedabad, India",https://www.adanienterprises.com,2311.75,2238.85,2668245024768,77.16122,29.96,0.00059999997,3743.9,2025.0
2008-06-10 00:00:00+05:30,43.214158391914076,2314.95,2213.75,41.789276123046875,1376164,0.0,0.0,ADANIENT.NS,Adani Enterprises Limited,Thermal Coal,Energy,Mr. Gautambhai Shantilal Adani S.Y. B.Com,"Ahmedabad, India",https://www.adanienterprises.com,2311.75,2238.85,2668245024768,77.16122,29.96,0.00059999997,3743.9,2025.0
2008-06-11 00:00:00+05:30,42.10418113278326,2314.95,2213.75,44.68892288208008,1376164,0.0,0.0,ADANIENT.NS,Adani Enterprises Limited,Thermal Coal,Energy,Mr. Gautambhai Shantilal Adani S.Y. B.Com,"Ahmedabad, India",https://www.adanienterprises.com,2311.75,2238.85,2668245024768,77.16122,29.96,0.00059999997,3743.9,2025.0
2008-06-12 00:00:00+05:30,43.65377349807242,2314.95,2213.75,47.17388916015625,1376164,0.0,0.0,ADANIENT.NS,Adani Enterprises Limited,Thermal Coal,Energy,Mr. Gautambhai Shantilal Adani S.Y. B.Com,"Ahmedabad, India",https://www.adanienterprises.com,2311.75,2238.85,2668245024768,77.16122,29.96,0.00059999997,3743.9,2025.0
2008-06-13 00:00:00+05:30,48.12797198615446,2314.95,2213.75,49.78981399536133,1376164,0.0,0.0,ADANIENT.NS,Adani Enterprises Limited,Thermal Coal,Energy,Mr. Gautambhai Shantilal Adani S.Y. B.Com,"Ahmedabad, India",https://www.adanienterprises.com,2311.75,2238.85,2668245024768,77.16122,29.96,0.00059999997,3743.9,2025.0
2008-06-16 00:00:00+05:30,54.18917609752391,2314.95,2213.75,50.26996994018555,1376164,0.0,0.0,ADANIENT.NS,Adani Enterprises Limited,Thermal Coal,Energy,Mr. Gautambhai Shantilal Adani S.Y. B.Com,"Ahmedabad, India",https://www.adanienterprises.com,2311.75,2238.85,2668245024768,77.16122,29.96,0.00059999997,3743.9,2025.0
2008-06-17 00:00:00+05:30,52.63022383328678,2314.95,2213.75,51.37994384765625,1376164,0.0,0.0,ADANIENT.NS,Adani Enterprises Limited,Thermal Coal,Energy,Mr. Gautambhai Shantilal Adani S.Y. B.Com,"Ahmedabad, India",https://www.adanienterprises.com,2311.75,2238.85,2668245024768,77.16122,29.96,0.00059999997,3743.9,2025.0
2008-06-18 00:00:00+05:30,50.51316763250243,2314.95,2213.75,51.36747360229492,1376164,0.0,0.0,ADANIENT.NS,Adani Enterprises Limited,Thermal Coal,Energy,Mr. Gautambhai Shantilal Adani S.Y. B.Com,"Ahmedabad, India",https://www.adanienterprises.com,2311.75,2238.85,2668245024768,77.16122,29.96,0.00059999997,3743.9,2025.0
2008-06-19 00:00:00+05:30,50.01117903704044,2314.95,2213.75,50.859249114990234,1376164,0.0,0.0,ADANIENT.NS,Adani Enterprises Limited,Thermal Coal,Energy,Mr. Gautambhai Shantilal Adani S.Y. B.Com,"Ahmedabad, India",https://www.adanienterprises.com,2311.75,2238.85,2668245024768,77.16122,29.96,0.00059999997,3743.9,2025.0
2008-06-20 00:00:00+05:30,51.44542291304547,2314.95,2213.75,48.60189437866211,1376164,0.0,0.0,ADANIENT.NS,Adani Enterprises Limited,Thermal Coal,Energy,Mr. Gautambhai Shantilal Adani S.Y. B.Com,"Ahmedabad, India",https://www.adanienterprises.com,2311.75,2238.85,2668245024768,77.16122,29.96,0.00059999997,3743.9,2025.0
2008-06-23 00:00:00+05:30,48.01572072580325,2314.95,2213.75,45.48398208618164,1376164,0.0,0.0,ADANIENT.NS,Adani Enterprises Limited,Thermal Coal,Energy,Mr. Gautambhai Shantilal Adani S.Y. B.Com,"Ahmedabad, India",https://www.adanienterprises.com,2311.75,2238.85,2668245024768,77.16122,29.96,0.00059999997,3743.9,2025.0
2008-06-24 00:00:00+05:30,45.521399728416114,2314.95,2213.75,41.00043869018555,1376164,0.0,0.0,ADANIENT.NS,Adani Enterprises Limited,Thermal Coal,Energy,Mr. Gautambhai Shantilal Adani S.Y. B.Com,"Ahmedabad, India",https://www.adanienterprises.com,2311.75,2238.85,2668245024768,77.16122,29.96,0.00059999997,3743.9,2025.0
2008-06-25 00:00:00+05:30,38.22550515055183,2314.95,2213.75,39.575557708740234,1376164,0.0,0.0,ADANIENT.NS,Adani Enterprises Limited,Thermal Coal,Energy,Mr. Gautambhai Shantilal Adani S.Y. B.Com,"Ahmedabad, India",https://www.adanienterprises.com,2311.75,2238.85,2668245024768,77.16122,29.96,0.00059999997,3743.9,2025.0
2008-06-26 00:00:00+05:30,41.46812742713208,2314.95,2213.75,39.73145294189453,1376164,0.0,0.0,ADANIENT.NS,Adani Enterprises Limited,Thermal Coal,Energy,Mr. Gautambhai Shantilal Adani S.Y. B.Com,"Ahmedabad, India",https://www.adanienterprises.com,2311.75,2238.85,2668245024768,77.16122,29.96,0.00059999997,3743.9,2025.0
2008-06-27 00:00:00+05:30,38.66201129815275,2314.95,2213.75,39.67844772338867,1376164,0.0,0.0,ADANIENT.NS,Adani Enterprises Limited,Thermal Coal,Energy,Mr. Gautambhai Shantilal Adani S.Y. B.Com,"Ahmedabad, India",https://www.adanienterprises.com,2311.75,2238.85,2668245024768,77.16122,29.96,0.00059999997,3743.9,2025.0
2008-06-30 00:00:00+05:30,39.597381935839124,2314.95,2213.75,38.26292037963867,1376164,0.0,0.0,ADANIENT.NS,Adani Enterprises Limited,Thermal Coal,Energy,Mr. Gautambhai Shantilal Adani S.Y. B.Com,"Ahmedabad, India",https://www.adanienterprises.com,2311.75,2238.85,2668245024768,77.16122,29.96,0.00059999997,3743.9,2025.0
2008-07-01 00:00:00+05:30,38.038435216645624,2314.95,2213.75,36.73514938354492,1376164,0.0,0.0,ADANIENT.NS,Adani Enterprises Limited,Thermal Coal,Energy,Mr. Gautambhai Shantilal Adani S.Y. B.Com,"Ahmedabad, India",https://www.adanienterprises.com,2311.75,2238.85,2668245024768,77.16122,29.96,0.00059999997,3743.9,2025.0
2008-07-02 00:00:00+05:30,37.41485227076848,2314.95,2213.75,37.87318420410156,1376164,0.0,0.0,ADANIENT.NS,Adani Enterprises Limited,Thermal Coal,Energy,Mr. Gautambhai Shantilal Adani S.Y. B.Com,"Ahmedabad, India",https://www.adanienterprises.com,2311.75,2238.85,2668245024768,77.16122,29.96,0.00059999997,3743.9,2025.0
2008-07-03 00:00:00+05:30,37.04070434290945,2314.95,2213.75,36.34540939331055,1376164,0.0,0.0,ADANIENT.NS,Adani Enterprises Limited,Thermal Coal,Energy,Mr. Gautambhai Shantilal Adani S.Y. B.Com,"Ahmedabad, India",https://www.adanienterprises.com,2311.75,2238.85,2668245024768,77.16122,29.96,0.00059999997,3743.9,2025.0
2008-07-04 00:00:00+05:30,35.67193953314924,2314.95,2213.75,37.311954498291016,1376164,0.0,0.0,ADANIENT.NS,Adani Enterprises Limited,Thermal Coal,Energy,Mr. Gautambhai Shantilal Adani S.Y. B.Com,"Ahmedabad, India",https://www.adanienterprises.com,2311.75,2238.85,2668245024768,77.16122,29.96,0.00059999997,3743.9,2025.0
2008-07-07 00:00:00+05:30,38.814787454814905,2314.95,2213.75,41.533599853515625,1376164,0.0,0.0,ADANIENT.NS,Adani Enterprises Limited,Thermal Coal,Energy,Mr. Gautambhai Shantilal Adani S.Y. B.Com,"Ahmedabad, India",https://www.adanienterprises.com,2311.75,2238.85,2668245024768,77.16122,29.96,0.00059999997,3743.9,2025.0
2008-07-08 00:00:00+05:30,39.09852340637304,2314.95,2213.75,41.508663177490234,1376164,0.0,0.0,ADANIENT.NS,Adani Enterprises Limited,Thermal Coal,Energy,Mr. Gautambhai Shantilal Adani S.Y. B.Com,"Ahmedabad, India",https://www.adanienterprises.com,2311.75,2238.85,2668245024768,77.16122,29.96,0.00059999997,3743.9,2025.0
2008-07-09 00:00:00+05:30,42.933549958448985,2314.95,2213.75,42.52198791503906,1376164,0.0,0.0,ADANIENT.NS,Adani Enterprises Limited,Thermal Coal,Energy,Mr. Gautambhai Shantilal Adani S.Y. B.Com,"Ahmedabad, India",https://www.adanienterprises.com,2311.75,2238.85,2668245024768,77.16122,29.96,0.00059999997,3743.9,2025.0
2008-07-10 00:00:00+05:30,42.0917104022042,2314.95,2213.75,40.4392204284668,1376164,0.0,0.0,ADANIENT.NS,Adani Enterprises Limited,Thermal Coal,Energy,Mr. Gautambhai Shantilal Adani S.Y. B.Com,"Ahmedabad, India",https://www.adanienterprises.com,2311.75,2238.85,2668245024768,77.16122,29.96,0.00059999997,3743.9,2025.0
2008-07-11 00:00:00+05:30,41.156337251187395,2314.95,2213.75,38.55912399291992,1376164,0.0,0.0,ADANIENT.NS,Adani Enterprises Limited,Thermal Coal,Energy,Mr. Gautambhai Shantilal Adani S.Y. B.Com,"Ahmedabad, India",https://www.adanienterprises.com,2311.75,2238.85,2668245024768,77.16122,29.96,0.00059999997,3743.9,2025.0
2008-07-14 00:00:00+05:30,38.51859100224624,2314.95,2213.75,37.46162033081055,1376164,0.0,0.0,ADANIENT.NS,Adani Enterprises Limited,Thermal Coal,Energy,Mr. Gautambhai Shantilal Adani S.Y. B.Com,"Ahmedabad, India",https://www.adanienterprises.com,2311.75,2238.85,2668245024768,77.16122,29.96,0.00059999997,3743.9,2025.0
2008-07-15 00:00:00+05:30,35.85590665391875,2314.95,2213.75,35.0296630859375,1376164,0.0,0.0,ADANIENT.NS,Adani Enterprises Limited,Thermal Coal,Energy,Mr. Gautambhai Shantilal Adani S.Y. B.Com,"Ahmedabad, India",https://www.adanienterprises.com,2311.75,2238.85,2668245024768,77.16122,29.96,0.00059999997,3743.9,2025.0
2008-07-16 00:00:00+05:30,34.79268919127299,2314.95,2213.75,35.035884857177734,1376164,0.0,0.0,ADANIENT.NS,Adani Enterprises Limited,Thermal Coal,Energy,Mr. Gautambhai Shantilal Adani S.Y. B.Com,"Ahmedabad, India",https://www.adanienterprises.com,2311.75,2238.85,2668245024768,77.16122,29.96,0.00059999997,3743.9,2025.0
2008-07-17 00:00:00+05:30,37.22778151370247,2314.95,2213.75,36.897281646728516,1376164,0.0,0.0,ADANIENT.NS,Adani Enterprises Limited,Thermal Coal,Energy,Mr. Gautambhai Shantilal Adani S.Y. B.Com,"Ahmedabad, India",https://www.adanienterprises.com,2311.75,2238.85,2668245024768,77.16122,29.96,0.00059999997,3743.9,2025.0
2008-07-18 00:00:00+05:30,38.537294984475125,2314.95,2213.75,38.054019927978516,1376164,0.0,0.0,ADANIENT.NS,Adani Enterprises Limited,Thermal Coal,Energy,Mr. Gautambhai Shantilal Adani S.Y. B.Com,"Ahmedabad, India",https://www.adanienterprises.com,2311.75,2238.85,2668245024768,77.16122,29.96,0.00059999997,3743.9,2025.0
2008-07-21 00:00:00+05:30,37.72664012410525,2314.95,2213.75,38.41881561279297,1376164,0.0,0.0,ADANIENT.NS,Adani Enterprises Limited,Thermal Coal,Energy,Mr. Gautambhai Shantilal Adani S.Y. B.Com,"Ahmedabad, India",https://www.adanienterprises.com,2311.75,2238.85,2668245024768,77.16122,29.96,0.00059999997,3743.9,2025.0
2008-07-22 00:00:00+05:30,38.03843614465008,2314.95,2213.75,39.63792037963867,1376164,0.0,0.0,ADANIENT.NS,Adani Enterprises Limited,Thermal Coal,Energy,Mr. Gautambhai Shantilal Adani S.Y. B.Com,"Ahmedabad, India",https://www.adanienterprises.com,2311.75,2238.85,2668245024768,77.16122,29.96,0.00059999997,3743.9,2025.0
2008-07-23 00:00:00+05:30,41.40576108385071,2314.95,2213.75,40.694881439208984,1376164,0.0,0.0,ADANIENT.NS,Adani Enterprises Limited,Thermal Coal,Energy,Mr. Gautambhai Shantilal Adani S.Y. B.Com,"Ahmedabad, India",https://www.adanienterprises.com,2311.75,2238.85,2668245024768,77.16122,29.96,0.00059999997,3743.9,2025.0
2008-07-24 00:00:00+05:30,41.530483362463265,2314.95,2213.75,40.19290542602539,1376164,0.0,0.0,ADANIENT.NS,Adani Enterprises Limited,Thermal Coal,Energy,Mr. Gautambhai Shantilal Adani S.Y. B.Com,"Ahmedabad, India",https://www.adanienterprises.com,2311.75,2238.85,2668245024768,77.16122,29.96,0.00059999997,3743.9,2025.0
2008-07-25 00:00:00+05:30,37.55516524816772,2314.95,2213.75,39.50697326660156,1376164,0.0,0.0,ADANIENT.NS,Adani Enterprises Limited,Thermal Coal,Energy,Mr. Gautambhai Shantilal Adani S.Y. B.Com,"Ahmedabad, India",https://www.adanienterprises.com,2311.75,2238.85,2668245024768,77.16122,29.96,0.00059999997,3743.9,2025.0
2008-07-28 00:00:00+05:30,40.53275489066251,2314.95,2213.75,40.23966979980469,1376164,0.0,0.0,ADANIENT.NS,Adani Enterprises Limited,Thermal Coal,Energy,Mr. Gautambhai Shantilal Adani S.Y. B.Com,"Ahmedabad, India",https://www.adanienterprises.com,2311.75,2238.85,2668245024768,77.16122,29.96,0.00059999997,3743.9,2025.0
2008-07-29 00:00:00+05:30,39.83433791168876,2314.95,2213.75,39.31364822387695,1376164,0.0,0.0,ADANIENT.NS,Adani Enterprises Limited,Thermal Coal,Energy,Mr. Gautambhai Shantilal Adani S.Y. B.Com,"Ahmedabad, India",https://www.adanienterprises.com,2311.75,2238.85,2668245024768,77.16122,29.96,0.00059999997,3743.9,2025.0
2008-07-30 00:00:00+05:30,40.25214024612451,2314.95,2213.75,39.927879333496094,1376164,0.0,0.0,ADANIENT.NS,Adani Enterprises Limited,Thermal Coal,Energy,Mr. Gautambhai Shantilal Adani S.Y. B.Com,"Ahmedabad, India",https://www.adanienterprises.com,2311.75,2238.85,2668245024768,77.16122,29.96,0.00059999997,3743.9,2025.0
2008-07-31 00:00:00+05:30,39.90917950744423,2314.95,2213.75,39.737693786621094,1376164,0.0,0.0,ADANIENT.NS,Adani Enterprises Limited,Thermal Coal,Energy,Mr. Gautambhai Shantilal Adani S.Y. B.Com,"Ahmedabad, India",https://www.adanienterprises.com,2311.75,2238.85,2668245024768,77.16122,29.96,0.00059999997,3743.9,2025.0
2008-08-01 00:00:00+05:30,39.48202769763303,2314.95,2213.75,40.6980094909668,1376164,0.0,0.0,ADANIENT.NS,Adani Enterprises Limited,Thermal Coal,Energy,Mr. Gautambhai Shantilal Adani S.Y. B.Com,"Ahmedabad, India",https://www.adanienterprises.com,2311.75,2238.85,2668245024768,77.16122,29.96,0.00059999997,3743.9,2025.0
2008-08-04 00:00:00+05:30,40.53275794546298,2314.95,2213.75,40.40803909301758,1376164,0.0,0.0,ADANIENT.NS,Adani Enterprises Limited,Thermal Coal,Energy,Mr. Gautambhai Shantilal Adani S.Y. B.Com,"Ahmedabad, India",https://www.adanienterprises.com,2311.75,2238.85,2668245024768,77.16122,29.96,0.00059999997,3743.9,2025.0
2008-08-05 00:00:00+05:30,39.97153266268086,2314.95,2213.75,41.12515640258789,1376164,0.0,0.0,ADANIENT.NS,Adani Enterprises Limited,Thermal Coal,Energy,Mr. Gautambhai Shantilal Adani S.Y. B.Com,"Ahmedabad, India",https://www.adanienterprises.com,2311.75,2238.85,2668245024768,77.16122,29.96,0.00059999997,3743.9,2025.0
2008-08-06 00:00:00+05:30,36.978342851627964,2314.95,2213.75,40.308265686035156,1376164,0.0,0.0,ADANIENT.NS,Adani Enterprises Limited,Thermal Coal,Energy,Mr. Gautambhai Shantilal Adani S.Y. B.Com,"Ahmedabad, India",https://www.adanienterprises.com,2311.75,2238.85,2668245024768,77.16122,29.96,0.00059999997,3743.9,2025.0
2008-08-07 00:00:00+05:30,39.09851986996255,2314.95,2213.75,40.51716613769531,1376164,0.0,0.0,ADANIENT.NS,Adani Enterprises Limited,Thermal Coal,Energy,Mr. Gautambhai Shantilal Adani S.Y. B.Com,"Ahmedabad, India",https://www.adanienterprises.com,2311.75,2238.85,2668245024768,77.16122,29.96,0.00059999997,3743.9,2025.0
2008-08-08 00:00:00+05:30,41.031619240291604,2314.95,2213.75,40.495338439941406,1376164,0.0,0.0,ADANIENT.NS,Adani Enterprises Limited,Thermal Coal,Energy,Mr. Gautambhai Shantilal Adani S.Y. B.Com,"Ahmedabad, India",https://www.adanienterprises.com,2311.75,2238.85,2668245024768,77.16122,29.96,0.00059999997,3743.9,2025.0
2008-08-11 00:00:00+05:30,43.58830074768352,2314.95,2213.75,41.25299072265625,1376164,0.0,0.0,ADANIENT.NS,Adani Enterprises Limited,Thermal Coal,Energy,Mr. Gautambhai Shantilal Adani S.Y. B.Com,"Ahmedabad, India",https://www.adanienterprises.com,2311.75,2238.85,2668245024768,77.16122,29.96,0.00059999997,3743.9,2025.0
2008-08-12 00:00:00+05:30,41.15633314257278,2314.95,2213.75,40.76971435546875,1376164,0.0,0.0,ADANIENT.NS,Adani Enterprises Limited,Thermal Coal,Energy,Mr. Gautambhai Shantilal Adani S.Y. B.Com,"Ahmedabad, India",https://www.adanienterprises.com,2311.75,2238.85,2668245024768,77.16122,29.96,0.00059999997,3743.9,2025.0
2008-08-13 00:00:00+05:30,35.92760870218387,2314.95,2213.75,41.343406677246094,1376164,0.0,0.0,ADANIENT.NS,Adani Enterprises Limited,Thermal Coal,Energy,Mr. Gautambhai Shantilal Adani S.Y. B.Com,"Ahmedabad, India",https://www.adanienterprises.com,2311.75,2238.85,2668245024768,77.16122,29.96,0.00059999997,3743.9,2025.0
2008-08-14 00:00:00+05:30,40.53275355284999,2314.95,2213.75,40.252140045166016,1376164,0.0,0.0,ADANIENT.NS,Adani Enterprises Limited,Thermal Coal,Energy,Mr. Gautambhai Shantilal Adani S.Y. B.Com,"Ahmedabad, India",https://www.adanienterprises.com,2311.75,2238.85,2668245024768,77.16122,29.96,0.00059999997,3743.9,2025.0
2008-08-18 00:00:00+05:30,40.220961238247206,2314.95,2213.75,40.00582504272461,1376164,0.0,0.0,ADANIENT.NS,Adani Enterprises Limited,Thermal Coal,Energy,Mr. Gautambhai Shantilal Adani S.Y. B.Com,"Ahmedabad, India",https://www.adanienterprises.com,2311.75,2238.85,2668245024768,77.16122,29.96,0.00059999997,3743.9,2025.0
2008-08-19 00:00:00+05:30,39.291826229029226,2314.95,2213.75,39.87175750732422,1376164,0.0,0.0,ADANIENT.NS,Adani Enterprises Limited,Thermal Coal,Energy,Mr. Gautambhai Shantilal Adani S.Y. B.Com,"Ahmedabad, India",https://www.adanienterprises.com,2311.75,2238.85,2668245024768,77.16122,29.96,0.00059999997,3743.9,2025.0
2008-08-20 00:00:00+05:30,40.03389037389872,2314.95,2213.75,39.90293884277344,1376164,0.0,0.0,ADANIENT.NS,Adani Enterprises Limited,Thermal Coal,Energy,Mr. Gautambhai Shantilal Adani S.Y. B.Com,"Ahmedabad, India",https://www.adanienterprises.com,2311.75,2238.85,2668245024768,77.16122,29.96,0.00059999997,3743.9,2025.0
2008-08-21 00:00:00+05:30,39.535025808575654,2314.95,2213.75,39.207645416259766,1376164,0.0,0.0,ADANIENT.NS,Adani Enterprises Limited,Thermal Coal,Energy,Mr. Gautambhai Shantilal Adani S.Y. B.Com,"Ahmedabad, India",https://www.adanienterprises.com,2311.75,2238.85,2668245024768,77.16122,29.96,0.00059999997,3743.9,2025.0
2008-08-22 00:00:00+05:30,37.53956509473452,2314.95,2213.75,39.877994537353516,1376164,0.0,0.0,ADANIENT.NS,Adani Enterprises Limited,Thermal Coal,Energy,Mr. Gautambhai Shantilal Adani S.Y. B.Com,"Ahmedabad, India",https://www.adanienterprises.com,2311.75,2238.85,2668245024768,77.16122,29.96,0.00059999997,3743.9,2025.0
2008-08-25 00:00:00+05:30,39.877994569100636,2314.95,2213.75,38.44999313354492,1376164,0.0,0.0,ADANIENT.NS,Adani Enterprises Limited,Thermal Coal,Energy,Mr. Gautambhai Shantilal Adani S.Y. B.Com,"Ahmedabad, India",https://www.adanienterprises.com,2311.75,2238.85,2668245024768,77.16122,29.96,0.00059999997,3743.9,2025.0
2008-08-26 00:00:00+05:30,35.40692495238449,2314.95,2213.75,36.4171257019043,1376164,0.0,0.0,ADANIENT.NS,Adani Enterprises Limited,Thermal Coal,Energy,Mr. Gautambhai Shantilal Adani S.Y. B.Com,"Ahmedabad, India",https://www.adanienterprises.com,2311.75,2238.85,2668245024768,77.16122,29.96,0.00059999997,3743.9,2025.0
2008-08-27 00:00:00+05:30,36.660327492472575,2314.95,2213.75,35.30092239379883,1376164,0.0,0.0,ADANIENT.NS,Adani Enterprises Limited,Thermal Coal,Energy,Mr. Gautambhai Shantilal Adani S.Y. B.Com,"Ahmedabad, India",https://www.adanienterprises.com,2311.75,2238.85,2668245024768,77.16122,29.96,0.00059999997,3743.9,2025.0
2008-08-28 00:00:00+05:30,35.84030388866558,2314.95,2213.75,34.86128234863281,1376164,0.0,0.0,ADANIENT.NS,Adani Enterprises Limited,Thermal Coal,Energy,Mr. Gautambhai Shantilal Adani S.Y. B.Com,"Ahmedabad, India",https://www.adanienterprises.com,2311.75,2238.85,2668245024768,77.16122,29.96,0.00059999997,3743.9,2025.0
2008-08-29 00:00:00+05:30,34.92052549748841,2314.95,2213.75,36.697731018066406,1376164,0.0,0.0,ADANIENT.NS,Adani Enterprises Limited,Thermal Coal,Energy,Mr. Gautambhai Shantilal Adani S.Y. B.Com,"Ahmedabad, India",https://www.adanienterprises.com,2311.75,2238.85,2668245024768,77.16122,29.96,0.00059999997,3743.9,2025.0
2008-09-01 00:00:00+05:30,36.230048652992046,2314.95,2213.75,35.905784606933594,1376164,0.0,0.0,ADANIENT.NS,Adani Enterprises Limited,Thermal Coal,Energy,Mr. Gautambhai Shantilal Adani S.Y. B.Com,"Ahmedabad, India",https://www.adanienterprises.com,2311.75,2238.85,2668245024768,77.16122,29.96,0.00059999997,3743.9,2025.0
2008-09-02 00:00:00+05:30,36.535603110706816,2314.95,2213.75,36.632259368896484,1376164,0.0,0.0,ADANIENT.NS,Adani Enterprises Limited,Thermal Coal,Energy,Mr. Gautambhai Shantilal Adani S.Y. B.Com,"Ahmedabad, India",https://www.adanienterprises.com,2311.75,2238.85,2668245024768,77.16122,29.96,0.00059999997,3743.9,2025.0
2008-09-04 00:00:00+05:30,38.65577033269464,2314.95,2213.75,35.97437286376953,1376164,0.0,0.0,ADANIENT.NS,Adani Enterprises Limited,Thermal Coal,Energy,Mr. Gautambhai Shantilal Adani S.Y. B.Com,"Ahmedabad, India",https://www.adanienterprises.com,2311.75,2238.85,2668245024768,77.16122,29.96,0.00059999997,3743.9,2025.0
2008-09-05 00:00:00+05:30,35.79353644167652,2314.95,2213.75,35.44744873046875,1376164,0.0,0.0,ADANIENT.NS,Adani Enterprises Limited,Thermal Coal,Energy,Mr. Gautambhai Shantilal Adani S.Y. B.Com,"Ahmedabad, India",https://www.adanienterprises.com,2311.75,2238.85,2668245024768,77.16122,29.96,0.00059999997,3743.9,2025.0
2008-09-08 00:00:00+05:30,36.54183243193478,2314.95,2213.75,37.95424270629883,1376164,0.0,0.0,ADANIENT.NS,Adani Enterprises Limited,Thermal Coal,Energy,Mr. Gautambhai Shantilal Adani S.Y. B.Com,"Ahmedabad, India",https://www.adanienterprises.com,2311.75,2238.85,2668245024768,77.16122,29.96,0.00059999997,3743.9,2025.0
2008-09-09 00:00:00+05:30,37.97607379757933,2314.95,2213.75,38.128849029541016,1376164,0.0,0.0,ADANIENT.NS,Adani Enterprises Limited,Thermal Coal,Energy,Mr. Gautambhai Shantilal Adani S.Y. B.Com,"Ahmedabad, India",https://www.adanienterprises.com,2311.75,2238.85,2668245024768,77.16122,29.96,0.00059999997,3743.9,2025.0
2008-09-10 00:00:00+05:30,38.163146408307156,2314.95,2213.75,40.98173141479492,1376164,0.0,0.0,ADANIENT.NS,Adani Enterprises Limited,Thermal Coal,Energy,Mr. Gautambhai Shantilal Adani S.Y. B.Com,"Ahmedabad, India",https://www.adanienterprises.com,2311.75,2238.85,2668245024768,77.16122,29.96,0.00059999997,3743.9,2025.0
2008-09-11 00:00:00+05:30,40.96926501202403,2314.95,2213.75,39.78757858276367,1376164,0.0,0.0,ADANIENT.NS,Adani Enterprises Limited,Thermal Coal,Energy,Mr. Gautambhai Shantilal Adani S.Y. B.Com,"Ahmedabad, India",https://www.adanienterprises.com,2311.75,2238.85,2668245024768,77.16122,29.96,0.00059999997,3743.9,2025.0
2008-09-12 00:00:00+05:30,40.408032193023615,2314.95,2213.75,38.50611114501953,1376164,0.0,0.0,ADANIENT.NS,Adani Enterprises Limited,Thermal Coal,Energy,Mr. Gautambhai Shantilal Adani S.Y. B.Com,"Ahmedabad, India",https://www.adanienterprises.com,2311.75,2238.85,2668245024768,77.16122,29.96,0.00059999997,3743.9,2025.0
2008-09-15 00:00:00+05:30,37.41485074268894,2314.95,2213.75,35.48175048828125,1376164,0.0,0.0,ADANIENT.NS,Adani Enterprises Limited,Thermal Coal,Energy,Mr. Gautambhai Shantilal Adani S.Y. B.Com,"Ahmedabad, India",https://www.adanienterprises.com,2311.75,2238.85,2668245024768,77.16122,29.96,0.00059999997,3743.9,2025.0
2008-09-16 00:00:00+05:30,33.985157772141086,2314.95,2213.75,36.44830322265625,1376164,0.0,0.0,ADANIENT.NS,Adani Enterprises Limited,Thermal Coal,Energy,Mr. Gautambhai Shantilal Adani S.Y. B.Com,"Ahmedabad, India",https://www.adanienterprises.com,2311.75,2238.85,2668245024768,77.16122,29.96,0.00059999997,3743.9,2025.0
2008-09-17 00:00:00+05:30,37.35248970933237,2314.95,2213.75,36.800621032714844,1376164,0.0,0.0,ADANIENT.NS,Adani Enterprises Limited,Thermal Coal,Energy,Mr. Gautambhai Shantilal Adani S.Y. B.Com,"Ahmedabad, India",https://www.adanienterprises.com,2311.75,2238.85,2668245024768,77.16122,29.96,0.00059999997,3743.9,2025.0
2008-09-18 00:00:00+05:30,33.74755380905354,2314.95,2213.75,35.03129196166992,1376164,0.3,0.0,ADANIENT.NS,Adani Enterprises Limited,Thermal Coal,Energy,Mr. Gautambhai Shantilal Adani S.Y. B.Com,"Ahmedabad, India",https://www.adanienterprises.com,2311.75,2238.85,2668245024768,77.16122,29.96,0.00059999997,3743.9,2025.0
2008-09-19 00:00:00+05:30,36.72306639000814,2314.95,2213.75,35.3420295715332,1376164,0.0,0.0,ADANIENT.NS,Adani Enterprises Limited,Thermal Coal,Energy,Mr. Gautambhai Shantilal Adani S.Y. B.Com,"Ahmedabad, India",https://www.adanienterprises.com,2311.75,2238.85,2668245024768,77.16122,29.96,0.00059999997,3743.9,2025.0
2008-09-22 00:00:00+05:30,36.220868327122474,2314.95,2213.75,34.959102630615234,1376164,0.0,0.0,ADANIENT.NS,Adani Enterprises Limited,Thermal Coal,Energy,Mr. Gautambhai Shantilal Adani S.Y. B.Com,"Ahmedabad, India",https://www.adanienterprises.com,2311.75,2238.85,2668245024768,77.16122,29.96,0.00059999997,3743.9,2025.0
2008-09-23 00:00:00+05:30,34.2120914908859,2314.95,2213.75,35.028160095214844,1376164,0.0,0.0,ADANIENT.NS,Adani Enterprises Limited,Thermal Coal,Energy,Mr. Gautambhai Shantilal Adani S.Y. B.Com,"Ahmedabad, India",https://www.adanienterprises.com,2311.75,2238.85,2668245024768,77.16122,29.96,0.00059999997,3743.9,2025.0
2008-09-24 00:00:00+05:30,34.58873880372939,2314.95,2213.75,35.90700149536133,1376164,0.0,0.0,ADANIENT.NS,Adani Enterprises Limited,Thermal Coal,Energy,Mr. Gautambhai Shantilal Adani S.Y. B.Com,"Ahmedabad, India",https://www.adanienterprises.com,2311.75,2238.85,2668245024768,77.16122,29.96,0.00059999997,3743.9,2025.0
2008-09-25 00:00:00+05:30,35.53034475667117,2314.95,2213.75,36.40918731689453,1376164,0.0,0.0,ADANIENT.NS,Adani Enterprises Limited,Thermal Coal,Energy,Mr. Gautambhai Shantilal Adani S.Y. B.Com,"Ahmedabad, India",https://www.adanienterprises.com,2311.75,2238.85,2668245024768,77.16122,29.96,0.00059999997,3743.9,2025.0
2008-09-26 00:00:00+05:30,36.09846321001191,2314.95,2213.75,34.83355712890625,1376164,0.0,0.0,ADANIENT.NS,Adani Enterprises Limited,Thermal Coal,Energy,Mr. Gautambhai Shantilal Adani S.Y. B.Com,"Ahmedabad, India",https://www.adanienterprises.com,2311.75,2238.85,2668245024768,77.16122,29.96,0.00059999997,3743.9,2025.0
2008-09-29 00:00:00+05:30,35.053269937133436,2314.95,2213.75,31.198917388916016,1376164,0.0,0.0,ADANIENT.NS,Adani Enterprises Limited,Thermal Coal,Energy,Mr. Gautambhai Shantilal Adani S.Y. B.Com,"Ahmedabad, India",https://www.adanienterprises.com,2311.75,2238.85,2668245024768,77.16122,29.96,0.00059999997,3743.9,2025.0
2008-09-30 00:00:00+05:30,29.81787344057674,2314.95,2213.75,29.400423049926758,1376164,0.0,0.0,ADANIENT.NS,Adani Enterprises Limited,Thermal Coal,Energy,Mr. Gautambhai Shantilal Adani S.Y. B.Com,"Ahmedabad, India",https://www.adanienterprises.com,2311.75,2238.85,2668245024768,77.16122,29.96,0.00059999997,3743.9,2025.0
2008-10-01 00:00:00+05:30,29.37845863685183,2314.95,2213.75,30.73124885559082,1376164,0.0,0.0,ADANIENT.NS,Adani Enterprises Limited,Thermal Coal,Energy,Mr. Gautambhai Shantilal Adani S.Y. B.Com,"Ahmedabad, India",https://www.adanienterprises.com,2311.75,2238.85,2668245024768,77.16122,29.96,0.00059999997,3743.9,2025.0
2008-10-03 00:00:00+05:30,30.382836467939455,2314.95,2213.75,29.15245819091797,1376164,0.0,0.0,ADANIENT.NS,Adani Enterprises Limited,Thermal Coal,Energy,Mr. Gautambhai Shantilal Adani S.Y. B.Com,"Ahmedabad, India",https://www.adanienterprises.com,2311.75,2238.85,2668245024768,77.16122,29.96,0.00059999997,3743.9,2025.0
2008-10-06 00:00:00+05:30,28.18574019806995,2314.95,2213.75,25.10978889465332,1376164,0.0,0.0,ADANIENT.NS,Adani Enterprises Limited,Thermal Coal,Energy,Mr. Gautambhai Shantilal Adani S.Y. B.Com,"Ahmedabad, India",https://www.adanienterprises.com,2311.75,2238.85,2668245024768,77.16122,29.96,0.00059999997,3743.9,2025.0
2008-10-07 00:00:00+05:30,25.73753654497713,2314.95,2213.75,25.414247512817383,1376164,0.0,0.0,ADANIENT.NS,Adani Enterprises Limited,Thermal Coal,Energy,Mr. Gautambhai Shantilal Adani S.Y. B.Com,"Ahmedabad, India",https://www.adanienterprises.com,2311.75,2238.85,2668245024768,77.16122,29.96,0.00059999997,3743.9,2025.0
2008-10-08 00:00:00+05:30,25.10978846151344,2314.95,2213.75,21.69171905517578,1376164,0.0,0.0,ADANIENT.NS,Adani Enterprises Limited,Thermal Coal,Energy,Mr. Gautambhai Shantilal Adani S.Y. B.Com,"Ahmedabad, India",https://www.adanienterprises.com,2311.75,2238.85,2668245024768,77.16122,29.96,0.00059999997,3743.9,2025.0
2008-10-10 00:00:00+05:30,21.092223737105368,2314.95,2213.75,19.070884704589844,1376164,0.0,0.0,ADANIENT.NS,Adani Enterprises Limited,Thermal Coal,Energy,Mr. Gautambhai Shantilal Adani S.Y. B.Com,"Ahmedabad, India",https://www.adanienterprises.com,2311.75,2238.85,2668245024768,77.16122,29.96,0.00059999997,3743.9,2025.0
2008-10-13 00:00:00+05:30,19.46008966942548,2314.95,2213.75,20.11922264099121,1376164,0.0,0.0,ADANIENT.NS,Adani Enterprises Limited,Thermal Coal,Energy,Mr. Gautambhai Shantilal Adani S.Y. B.Com,"Ahmedabad, India",https://www.adanienterprises.com,2311.75,2238.85,2668245024768,77.16122,29.96,0.00059999997,3743.9,2025.0
2008-10-14 00:00:00+05:30,21.468869996872858,2314.95,2213.75,20.225934982299805,1376164,0.0,0.0,ADANIENT.NS,Adani Enterprises Limited,Thermal Coal,Energy,Mr. Gautambhai Shantilal Adani S.Y. B.Com,"Ahmedabad, India",https://www.adanienterprises.com,2311.75,2238.85,2668245024768,77.16122,29.96,0.00059999997,3743.9,2025.0
2008-10-15 00:00:00+05:30,19.58563543256997,2314.95,2213.75,19.1650447845459,1376164,0.0,0.0,ADANIENT.NS,Adani Enterprises Limited,Thermal Coal,Energy,Mr. Gautambhai Shantilal Adani S.Y. B.Com,"Ahmedabad, India",https://www.adanienterprises.com,2311.75,2238.85,2668245024768,77.16122,29.96,0.00059999997,3743.9,2025.0
2008-10-16 00:00:00+05:30,18.518469283960115,2314.95,2213.75,18.83234214782715,1376164,0.0,0.0,ADANIENT.NS,Adani Enterprises Limited,Thermal Coal,Energy,Mr. Gautambhai Shantilal Adani S.Y. B.Com,"Ahmedabad, India",https://www.adanienterprises.com,2311.75,2238.85,2668245024768,77.16122,29.96,0.00059999997,3743.9,2025.0
2008-10-17 00:00:00+05:30,19.208989000238468,2314.95,2213.75,18.669130325317383,1376164,0.0,0.0,ADANIENT.NS,Adani Enterprises Limited,Thermal Coal,Energy,Mr. Gautambhai Shantilal Adani S.Y. B.Com,"Ahmedabad, India",https://www.adanienterprises.com,2311.75,2238.85,2668245024768,77.16122,29.96,0.00059999997,3743.9,2025.0
2008-10-20 00:00:00+05:30,18.97985958739745,2314.95,2213.75,19.708044052124023,1376164,0.0,0.0,ADANIENT.NS,Adani Enterprises Limited,Thermal Coal,Energy,Mr. Gautambhai Shantilal Adani S.Y. B.Com,"Ahmedabad, India",https://www.adanienterprises.com,2311.75,2238.85,2668245024768,77.16122,29.96,0.00059999997,3743.9,2025.0
2008-10-21 00:00:00+05:30,20.08783002693938,2314.95,2213.75,21.233463287353516,1376164,0.0,0.0,ADANIENT.NS,Adani Enterprises Limited,Thermal Coal,Energy,Mr. Gautambhai Shantilal Adani S.Y. B.Com,"Ahmedabad, India",https://www.adanienterprises.com,2311.75,2238.85,2668245024768,77.16122,29.96,0.00059999997,3743.9,2025.0
2008-10-22 00:00:00+05:30,20.715573760727278,2314.95,2213.75,21.29309844970703,1376164,0.0,0.0,ADANIENT.NS,Adani Enterprises Limited,Thermal Coal,Energy,Mr. Gautambhai Shantilal Adani S.Y. B.Com,"Ahmedabad, India",https://www.adanienterprises.com,2311.75,2238.85,2668245024768,77.16122,29.96,0.00059999997,3743.9,2025.0
2008-10-23 00:00:00+05:30,19.2089893006164,2314.95,2213.75,20.37973403930664,1376164,0.0,0.0,ADANIENT.NS,Adani Enterprises Limited,Thermal Coal,Energy,Mr. Gautambhai Shantilal Adani S.Y. B.Com,"Ahmedabad, India",https://www.adanienterprises.com,2311.75,2238.85,2668245024768,77.16122,29.96,0.00059999997,3743.9,2025.0
2008-10-24 00:00:00+05:30,20.23849150955437,2314.95,2213.75,18.524747848510742,1376164,0.0,0.0,ADANIENT.NS,Adani Enterprises Limited,Thermal Coal,Energy,Mr. Gautambhai Shantilal Adani S.Y. B.Com,"Ahmedabad, India",https://www.adanienterprises.com,2311.75,2238.85,2668245024768,77.16122,29.96,0.00059999997,3743.9,2025.0
2008-10-27 00:00:00+05:30,18.45569526129153,2314.95,2213.75,18.81037139892578,1376164,0.0,0.0,ADANIENT.NS,Adani Enterprises Limited,Thermal Coal,Energy,Mr. Gautambhai Shantilal Adani S.Y. B.Com,"Ahmedabad, India",https://www.adanienterprises.com,2311.75,2238.85,2668245024768,77.16122,29.96,0.00059999997,3743.9,2025.0
2008-10-29 00:00:00+05:30,22.2849386871427,2314.95,2213.75,21.773326873779297,1376164,0.0,0.0,ADANIENT.NS,Adani Enterprises Limited,Thermal Coal,Energy,Mr. Gautambhai Shantilal Adani S.Y. B.Com,"Ahmedabad, India",https://www.adanienterprises.com,2311.75,2238.85,2668245024768,77.16122,29.96,0.00059999997,3743.9,2025.0
2008-10-31 00:00:00+05:30,21.657197514362338,2314.95,2213.75,23.348970413208008,1376164,0.0,0.0,ADANIENT.NS,Adani Enterprises Limited,Thermal Coal,Energy,Mr. Gautambhai Shantilal Adani S.Y. B.Com,"Ahmedabad, India",https://www.adanienterprises.com,2311.75,2238.85,2668245024768,77.16122,29.96,0.00059999997,3743.9,2025.0
2008-11-03 00:00:00+05:30,23.8542972044256,2314.95,2213.75,25.338912963867188,1376164,0.0,0.0,ADANIENT.NS,Adani Enterprises Limited,Thermal Coal,Energy,Mr. Gautambhai Shantilal Adani S.Y. B.Com,"Ahmedabad, India",https://www.adanienterprises.com,2311.75,2238.85,2668245024768,77.16122,29.96,0.00059999997,3743.9,2025.0
2008-11-04 00:00:00+05:30,25.29811286601979,2314.95,2213.75,26.151845932006836,1376164,0.0,0.0,ADANIENT.NS,Adani Enterprises Limited,Thermal Coal,Energy,Mr. Gautambhai Shantilal Adani S.Y. B.Com,"Ahmedabad, India",https://www.adanienterprises.com,2311.75,2238.85,2668245024768,77.16122,29.96,0.00059999997,3743.9,2025.0
2008-11-05 00:00:00+05:30,27.11857254828797,2314.95,2213.75,25.699871063232422,1376164,0.0,0.0,ADANIENT.NS,Adani Enterprises Limited,Thermal Coal,Energy,Mr. Gautambhai Shantilal Adani S.Y. B.Com,"Ahmedabad, India",https://www.adanienterprises.com,2311.75,2238.85,2668245024768,77.16122,29.96,0.00059999997,3743.9,2025.0
2008-11-06 00:00:00+05:30,24.921464936787466,2314.95,2213.75,25.043874740600586,1376164,0.0,0.0,ADANIENT.NS,Adani Enterprises Limited,Thermal Coal,Energy,Mr. Gautambhai Shantilal Adani S.Y. B.Com,"Ahmedabad, India",https://www.adanienterprises.com,2311.75,2238.85,2668245024768,77.16122,29.96,0.00059999997,3743.9,2025.0
2008-11-07 00:00:00+05:30,24.544821323164655,2314.95,2213.75,25.06584930419922,1376164,0.0,0.0,ADANIENT.NS,Adani Enterprises Limited,Thermal Coal,Energy,Mr. Gautambhai Shantilal Adani S.Y. B.Com,"Ahmedabad, India",https://www.adanienterprises.com,2311.75,2238.85,2668245024768,77.16122,29.96,0.00059999997,3743.9,2025.0
2008-11-10 00:00:00+05:30,25.172565515978967,2314.95,2213.75,26.0419921875,1376164,0.0,0.0,ADANIENT.NS,Adani Enterprises Limited,Thermal Coal,Energy,Mr. Gautambhai Shantilal Adani S.Y. B.Com,"Ahmedabad, India",https://www.adanienterprises.com,2311.75,2238.85,2668245024768,77.16122,29.96,0.00059999997,3743.9,2025.0
2008-11-11 00:00:00+05:30,25.85052953803334,2314.95,2213.75,24.626426696777344,1376164,0.0,0.0,ADANIENT.NS,Adani Enterprises Limited,Thermal Coal,Energy,Mr. Gautambhai Shantilal Adani S.Y. B.Com,"Ahmedabad, India",https://www.adanienterprises.com,2311.75,2238.85,2668245024768,77.16122,29.96,0.00059999997,3743.9,2025.0
2008-11-12 00:00:00+05:30,24.16817430475528,2314.95,2213.75,24.287446975708008,1376164,0.0,0.0,ADANIENT.NS,Adani Enterprises Limited,Thermal Coal,Energy,Mr. Gautambhai Shantilal Adani S.Y. B.Com,"Ahmedabad, India",https://www.adanienterprises.com,2311.75,2238.85,2668245024768,77.16122,29.96,0.00059999997,3743.9,2025.0
2008-11-14 00:00:00+05:30,24.607594745404523,2314.95,2213.75,24.130510330200195,1376164,0.0,0.0,ADANIENT.NS,Adani Enterprises Limited,Thermal Coal,Energy,Mr. Gautambhai Shantilal Adani S.Y. B.Com,"Ahmedabad, India",https://www.adanienterprises.com,2311.75,2238.85,2668245024768,77.16122,29.96,0.00059999997,3743.9,2025.0
2008-11-17 00:00:00+05:30,23.85430222296227,2314.95,2213.75,23.361522674560547,1376164,0.0,0.0,ADANIENT.NS,Adani Enterprises Limited,Thermal Coal,Energy,Mr. Gautambhai Shantilal Adani S.Y. B.Com,"Ahmedabad, India",https://www.adanienterprises.com,2311.75,2238.85,2668245024768,77.16122,29.96,0.00059999997,3743.9,2025.0
2008-11-18 00:00:00+05:30,23.54042762846088,2314.95,2213.75,23.088451385498047,1376164,0.0,0.0,ADANIENT.NS,Adani Enterprises Limited,Thermal Coal,Energy,Mr. Gautambhai Shantilal Adani S.Y. B.Com,"Ahmedabad, India",https://www.adanienterprises.com,2311.75,2238.85,2668245024768,77.16122,29.96,0.00059999997,3743.9,2025.0
2008-11-19 00:00:00+05:30,23.352101365240078,2314.95,2213.75,22.608224868774414,1376164,0.0,0.0,ADANIENT.NS,Adani Enterprises Limited,Thermal Coal,Energy,Mr. Gautambhai Shantilal Adani S.Y. B.Com,"Ahmedabad, India",https://www.adanienterprises.com,2311.75,2238.85,2668245024768,77.16122,29.96,0.00059999997,3743.9,2025.0
2008-11-20 00:00:00+05:30,21.971066910973615,2314.95,2213.75,20.96353530883789,1376164,0.0,0.0,ADANIENT.NS,Adani Enterprises Limited,Thermal Coal,Energy,Mr. Gautambhai Shantilal Adani S.Y. B.Com,"Ahmedabad, India",https://www.adanienterprises.com,2311.75,2238.85,2668245024768,77.16122,29.96,0.00059999997,3743.9,2025.0
2008-11-21 00:00:00+05:30,19.836734678533535,2314.95,2213.75,19.943450927734375,1376164,0.0,0.0,ADANIENT.NS,Adani Enterprises Limited,Thermal Coal,Energy,Mr. Gautambhai Shantilal Adani S.Y. B.Com,"Ahmedabad, India",https://www.adanienterprises.com,2311.75,2238.85,2668245024768,77.16122,29.96,0.00059999997,3743.9,2025.0
2008-11-24 00:00:00+05:30,19.742572727463383,2314.95,2213.75,19.6672420501709,1376164,0.0,0.0,ADANIENT.NS,Adani Enterprises Limited,Thermal Coal,Energy,Mr. Gautambhai Shantilal Adani S.Y. B.Com,"Ahmedabad, India",https://www.adanienterprises.com,2311.75,2238.85,2668245024768,77.16122,29.96,0.00059999997,3743.9,2025.0
2008-11-25 00:00:00+05:30,20.025061713295077,2314.95,2213.75,18.92964744567871,1376164,0.0,0.0,ADANIENT.NS,Adani Enterprises Limited,Thermal Coal,Energy,Mr. Gautambhai Shantilal Adani S.Y. B.Com,"Ahmedabad, India",https://www.adanienterprises.com,2311.75,2238.85,2668245024768,77.16122,29.96,0.00059999997,3743.9,2025.0
2008-11-26 00:00:00+05:30,19.208984615279537,2314.95,2213.75,18.653430938720703,1376164,0.0,0.0,ADANIENT.NS,Adani Enterprises Limited,Thermal Coal,Energy,Mr. Gautambhai Shantilal Adani S.Y. B.Com,"Ahmedabad, India",https://www.adanienterprises.com,2311.75,2238.85,2668245024768,77.16122,29.96,0.00059999997,3743.9,2025.0
2008-11-27 00:00:00+05:30,18.653430938720703,2314.95,2213.75,18.653430938720703,1376164,0.0,0.0,ADANIENT.NS,Adani Enterprises Limited,Thermal Coal,Energy,Mr. Gautambhai Shantilal Adani S.Y. B.Com,"Ahmedabad, India",https://www.adanienterprises.com,2311.75,2238.85,2668245024768,77.16122,29.96,0.00059999997,3743.9,2025.0
2008-11-28 00:00:00+05:30,18.653435784786776,2314.95,2213.75,18.88570213317871,1376164,0.0,0.0,ADANIENT.NS,Adani Enterprises Limited,Thermal Coal,Energy,Mr. Gautambhai Shantilal Adani S.Y. B.Com,"Ahmedabad, India",https://www.adanienterprises.com,2311.75,2238.85,2668245024768,77.16122,29.96,0.00059999997,3743.9,2025.0
2008-12-01 00:00:00+05:30,18.706792921364926,2314.95,2213.75,17.805980682373047,1376164,0.0,0.0,ADANIENT.NS,Adani Enterprises Limited,Thermal Coal,Energy,Mr. Gautambhai Shantilal Adani S.Y. B.Com,"Ahmedabad, India",https://www.adanienterprises.com,2311.75,2238.85,2668245024768,77.16122,29.96,0.00059999997,3743.9,2025.0
2008-12-02 00:00:00+05:30,17.262980628002744,2314.95,2213.75,17.137432098388672,1376164,0.0,0.0,ADANIENT.NS,Adani Enterprises Limited,Thermal Coal,Energy,Mr. Gautambhai Shantilal Adani S.Y. B.Com,"Ahmedabad, India",https://www.adanienterprises.com,2311.75,2238.85,2668245024768,77.16122,29.96,0.00059999997,3743.9,2025.0
2008-12-03 00:00:00+05:30,17.262980868892758,2314.95,2213.75,16.870641708374023,1376164,0.0,0.0,ADANIENT.NS,Adani Enterprises Limited,Thermal Coal,Energy,Mr. Gautambhai Shantilal Adani S.Y. B.Com,"Ahmedabad, India",https://www.adanienterprises.com,2311.75,2238.85,2668245024768,77.16122,29.96,0.00059999997,3743.9,2025.0
2008-12-04 00:00:00+05:30,17.357139263521262,2314.95,2213.75,16.70742416381836,1376164,0.0,0.0,ADANIENT.NS,Adani Enterprises Limited,Thermal Coal,Energy,Mr. Gautambhai Shantilal Adani S.Y. B.Com,"Ahmedabad, India",https://www.adanienterprises.com,2311.75,2238.85,2668245024768,77.16122,29.96,0.00059999997,3743.9,2025.0
2008-12-05 00:00:00+05:30,16.94910696224226,2314.95,2213.75,17.303781509399414,1376164,0.0,0.0,ADANIENT.NS,Adani Enterprises Limited,Thermal Coal,Energy,Mr. Gautambhai Shantilal Adani S.Y. B.Com,"Ahmedabad, India",https://www.adanienterprises.com,2311.75,2238.85,2668245024768,77.16122,29.96,0.00059999997,3743.9,2025.0
2008-12-08 00:00:00+05:30,17.57999258046952,2314.95,2213.75,17.253564834594727,1376164,0.0,0.0,ADANIENT.NS,Adani Enterprises Limited,Thermal Coal,Energy,Mr. Gautambhai Shantilal Adani S.Y. B.Com,"Ahmedabad, India",https://www.adanienterprises.com,2311.75,2238.85,2668245024768,77.16122,29.96,0.00059999997,3743.9,2025.0
2008-12-10 00:00:00+05:30,17.765173475367984,2314.95,2213.75,18.14809799194336,1376164,0.0,0.0,ADANIENT.NS,Adani Enterprises Limited,Thermal Coal,Energy,Mr. Gautambhai Shantilal Adani S.Y. B.Com,"Ahmedabad, India",https://www.adanienterprises.com,2311.75,2238.85,2668245024768,77.16122,29.96,0.00059999997,3743.9,2025.0
2008-12-11 00:00:00+05:30,17.953500154908443,2314.95,2213.75,17.859338760375977,1376164,0.0,0.0,ADANIENT.NS,Adani Enterprises Limited,Thermal Coal,Energy,Mr. Gautambhai Shantilal Adani S.Y. B.Com,"Ahmedabad, India",https://www.adanienterprises.com,2311.75,2238.85,2668245024768,77.16122,29.96,0.00059999997,3743.9,2025.0
2008-12-12 00:00:00+05:30,17.514079316014026,2314.95,2213.75,17.579992294311523,1376164,0.0,0.0,ADANIENT.NS,Adani Enterprises Limited,Thermal Coal,Energy,Mr. Gautambhai Shantilal Adani S.Y. B.Com,"Ahmedabad, India",https://www.adanienterprises.com,2311.75,2238.85,2668245024768,77.16122,29.96,0.00059999997,3743.9,2025.0
2008-12-15 00:00:00+05:30,17.890723628049926,2314.95,2213.75,17.5611572265625,1376164,0.0,0.0,ADANIENT.NS,Adani Enterprises Limited,Thermal Coal,Energy,Mr. Gautambhai Shantilal Adani S.Y. B.Com,"Ahmedabad, India",https://www.adanienterprises.com,2311.75,2238.85,2668245024768,77.16122,29.96,0.00059999997,3743.9,2025.0
2008-12-16 00:00:00+05:30,17.332031755558255,2314.95,2213.75,17.539188385009766,1376164,0.0,0.0,ADANIENT.NS,Adani Enterprises Limited,Thermal Coal,Energy,Mr. Gautambhai Shantilal Adani S.Y. B.Com,"Ahmedabad, India",https://www.adanienterprises.com,2311.75,2238.85,2668245024768,77.16122,29.96,0.00059999997,3743.9,2025.0
2008-12-17 00:00:00+05:30,17.884446735535832,2314.95,2213.75,18.066492080688477,1376164,0.0,0.0,ADANIENT.NS,Adani Enterprises Limited,Thermal Coal,Energy,Mr. Gautambhai Shantilal Adani S.Y. B.Com,"Ahmedabad, India",https://www.adanienterprises.com,2311.75,2238.85,2668245024768,77.16122,29.96,0.00059999997,3743.9,2025.0
2008-12-18 00:00:00+05:30,18.126130806133283,2314.95,2213.75,18.895118713378906,1376164,0.0,0.0,ADANIENT.NS,Adani Enterprises Limited,Thermal Coal,Energy,Mr. Gautambhai Shantilal Adani S.Y. B.Com,"Ahmedabad, India",https://www.adanienterprises.com,2311.75,2238.85,2668245024768,77.16122,29.96,0.00059999997,3743.9,2025.0
2008-12-19 00:00:00+05:30,19.00497095836606,2314.95,2213.75,20.225934982299805,1376164,0.0,0.0,ADANIENT.NS,Adani Enterprises Limited,Thermal Coal,Energy,Mr. Gautambhai Shantilal Adani S.Y. B.Com,"Ahmedabad, India",https://www.adanienterprises.com,2311.75,2238.85,2668245024768,77.16122,29.96,0.00059999997,3743.9,2025.0
2008-12-22 00:00:00+05:30,20.338934923039734,2314.95,2213.75,20.05331039428711,1376164,0.0,0.0,ADANIENT.NS,Adani Enterprises Limited,Thermal Coal,Energy,Mr. Gautambhai Shantilal Adani S.Y. B.Com,"Ahmedabad, India",https://www.adanienterprises.com,2311.75,2238.85,2668245024768,77.16122,29.96,0.00059999997,3743.9,2025.0
2008-12-23 00:00:00+05:30,19.899506237109385,2314.95,2213.75,19.033218383789062,1376164,0.0,0.0,ADANIENT.NS,Adani Enterprises Limited,Thermal Coal,Energy,Mr. Gautambhai Shantilal Adani S.Y. B.Com,"Ahmedabad, India",https://www.adanienterprises.com,2311.75,2238.85,2668245024768,77.16122,29.96,0.00059999997,3743.9,2025.0
2008-12-24 00:00:00+05:30,18.832339899547705,2314.95,2213.75,18.8386173248291,1376164,0.0,0.0,ADANIENT.NS,Adani Enterprises Limited,Thermal Coal,Energy,Mr. Gautambhai Shantilal Adani S.Y. B.Com,"Ahmedabad, India",https://www.adanienterprises.com,2311.75,2238.85,2668245024768,77.16122,29.96,0.00059999997,3743.9,2025.0
2008-12-26 00:00:00+05:30,19.14621364853174,2314.95,2213.75,18.195178985595703,1376164,0.0,0.0,ADANIENT.NS,Adani Enterprises Limited,Thermal Coal,Energy,Mr. Gautambhai Shantilal Adani S.Y. B.Com,"Ahmedabad, India",https://www.adanienterprises.com,2311.75,2238.85,2668245024768,77.16122,29.96,0.00059999997,3743.9,2025.0
2008-12-29 00:00:00+05:30,18.455693438970954,2314.95,2213.75,18.57496452331543,1376164,0.0,0.0,ADANIENT.NS,Adani Enterprises Limited,Thermal Coal,Energy,Mr. Gautambhai Shantilal Adani S.Y. B.Com,"Ahmedabad, India",https://www.adanienterprises.com,2311.75,2238.85,2668245024768,77.16122,29.96,0.00059999997,3743.9,2025.0
2008-12-30 00:00:00+05:30,18.832340883319702,2314.95,2213.75,18.873144149780273,1376164,0.0,0.0,ADANIENT.NS,Adani Enterprises Limited,Thermal Coal,Energy,Mr. Gautambhai Shantilal Adani S.Y. B.Com,"Ahmedabad, India",https://www.adanienterprises.com,2311.75,2238.85,2668245024768,77.16122,29.96,0.00059999997,3743.9,2025.0
2008-12-31 00:00:00+05:30,18.964169331213494,2314.95,2213.75,18.967308044433594,1376164,0.0,0.0,ADANIENT.NS,Adani Enterprises Limited,Thermal Coal,Energy,Mr. Gautambhai Shantilal Adani S.Y. B.Com,"Ahmedabad, India",https://www.adanienterprises.com,2311.75,2238.85,2668245024768,77.16122,29.96,0.00059999997,3743.9,2025.0
2009-01-02 00:00:00+05:30,20.087829250709635,2314.95,2213.75,19.912059783935547,1376164,0.0,0.0,ADANIENT.NS,Adani Enterprises Limited,Thermal Coal,Energy,Mr. Gautambhai Shantilal Adani S.Y. B.Com,"Ahmedabad, India",https://www.adanienterprises.com,2311.75,2238.85,2668245024768,77.16122,29.96,0.00059999997,3743.9,2025.0
2009-01-05 00:00:00+05:30,20.15060280344807,2314.95,2213.75,21.905149459838867,1376164,0.0,0.0,ADANIENT.NS,Adani Enterprises Limited,Thermal Coal,Energy,Mr. Gautambhai Shantilal Adani S.Y. B.Com,"Ahmedabad, India",https://www.adanienterprises.com,2311.75,2238.85,2668245024768,77.16122,29.96,0.00059999997,3743.9,2025.0
2009-01-06 00:00:00+05:30,22.2723825105576,2314.95,2213.75,22.42304229736328,1376164,0.0,0.0,ADANIENT.NS,Adani Enterprises Limited,Thermal Coal,Energy,Mr. Gautambhai Shantilal Adani S.Y. B.Com,"Ahmedabad, India",https://www.adanienterprises.com,2311.75,2238.85,2668245024768,77.16122,29.96,0.00059999997,3743.9,2025.0
2009-01-07 00:00:00+05:30,22.711800702955387,2314.95,2213.75,21.572444915771484,1376164,0.0,0.0,ADANIENT.NS,Adani Enterprises Limited,Thermal Coal,Energy,Mr. Gautambhai Shantilal Adani S.Y. B.Com,"Ahmedabad, India",https://www.adanienterprises.com,2311.75,2238.85,2668245024768,77.16122,29.96,0.00059999997,3743.9,2025.0
2009-01-09 00:00:00+05:30,20.72185297278965,2314.95,2213.75,19.767681121826172,1376164,0.0,0.0,ADANIENT.NS,Adani Enterprises Limited,Thermal Coal,Energy,Mr. Gautambhai Shantilal Adani S.Y. B.Com,"Ahmedabad, India",https://www.adanienterprises.com,2311.75,2238.85,2668245024768,77.16122,29.96,0.00059999997,3743.9,2025.0
2009-01-12 00:00:00+05:30,19.83673182348433,2314.95,2213.75,20.51783561706543,1376164,0.0,0.0,ADANIENT.NS,Adani Enterprises Limited,Thermal Coal,Energy,Mr. Gautambhai Shantilal Adani S.Y. B.Com,"Ahmedabad, India",https://www.adanienterprises.com,2311.75,2238.85,2668245024768,77.16122,29.96,0.00059999997,3743.9,2025.0
2009-01-13 00:00:00+05:30,20.401702488656287,2314.95,2213.75,19.136795043945312,1376164,0.0,0.0,ADANIENT.NS,Adani Enterprises Limited,Thermal Coal,Energy,Mr. Gautambhai Shantilal Adani S.Y. B.Com,"Ahmedabad, India",https://www.adanienterprises.com,2311.75,2238.85,2668245024768,77.16122,29.96,0.00059999997,3743.9,2025.0
2009-01-14 00:00:00+05:30,19.71118494528834,2314.95,2213.75,19.51030731201172,1376164,0.0,0.0,ADANIENT.NS,Adani Enterprises Limited,Thermal Coal,Energy,Mr. Gautambhai Shantilal Adani S.Y. B.Com,"Ahmedabad, India",https://www.adanienterprises.com,2311.75,2238.85,2668245024768,77.16122,29.96,0.00059999997,3743.9,2025.0
2009-01-15 00:00:00+05:30,17.266119807260527,2314.95,2213.75,18.76329231262207,1376164,0.0,0.0,ADANIENT.NS,Adani Enterprises Limited,Thermal Coal,Energy,Mr. Gautambhai Shantilal Adani S.Y. B.Com,"Ahmedabad, India",https://www.adanienterprises.com,2311.75,2238.85,2668245024768,77.16122,29.96,0.00059999997,3743.9,2025.0
2009-01-16 00:00:00+05:30,19.14621370449004,2314.95,2213.75,18.750734329223633,1376164,0.0,0.0,ADANIENT.NS,Adani Enterprises Limited,Thermal Coal,Energy,Mr. Gautambhai Shantilal Adani S.Y. B.Com,"Ahmedabad, India",https://www.adanienterprises.com,2311.75,2238.85,2668245024768,77.16122,29.96,0.00059999997,3743.9,2025.0
2009-01-19 00:00:00+05:30,18.518471104615855,2314.95,2213.75,18.26737403869629,1376164,0.0,0.0,ADANIENT.NS,Adani Enterprises Limited,Thermal Coal,Energy,Mr. Gautambhai Shantilal Adani S.Y. B.Com,"Ahmedabad, India",https://www.adanienterprises.com,2311.75,2238.85,2668245024768,77.16122,29.96,0.00059999997,3743.9,2025.0
2009-01-20 00:00:00+05:30,17.953500660653813,2314.95,2213.75,18.188905715942383,1376164,0.0,0.0,ADANIENT.NS,Adani Enterprises Limited,Thermal Coal,Energy,Mr. Gautambhai Shantilal Adani S.Y. B.Com,"Ahmedabad, India",https://www.adanienterprises.com,2311.75,2238.85,2668245024768,77.16122,29.96,0.00059999997,3743.9,2025.0
2009-01-21 00:00:00+05:30,17.953499111765172,2314.95,2213.75,18.176347732543945,1376164,0.0,0.0,ADANIENT.NS,Adani Enterprises Limited,Thermal Coal,Energy,Mr. Gautambhai Shantilal Adani S.Y. B.Com,"Ahmedabad, India",https://www.adanienterprises.com,2311.75,2238.85,2668245024768,77.16122,29.96,0.00059999997,3743.9,2025.0
2009-01-22 00:00:00+05:30,18.487082141767225,2314.95,2213.75,18.283065795898438,1376164,0.0,0.0,ADANIENT.NS,Adani Enterprises Limited,Thermal Coal,Energy,Mr. Gautambhai Shantilal Adani S.Y. B.Com,"Ahmedabad, India",https://www.adanienterprises.com,2311.75,2238.85,2668245024768,77.16122,29.96,0.00059999997,3743.9,2025.0
2009-01-23 00:00:00+05:30,18.267370638379752,2314.95,2213.75,18.14809799194336,1376164,0.0,0.0,ADANIENT.NS,Adani Enterprises Limited,Thermal Coal,Energy,Mr. Gautambhai Shantilal Adani S.Y. B.Com,"Ahmedabad, India",https://www.adanienterprises.com,2311.75,2238.85,2668245024768,77.16122,29.96,0.00059999997,3743.9,2025.0
2009-01-27 00:00:00+05:30,18.330147086473424,2314.95,2213.75,18.377227783203125,1376164,0.0,0.0,ADANIENT.NS,Adani Enterprises Limited,Thermal Coal,Energy,Mr. Gautambhai Shantilal Adani S.Y. B.Com,"Ahmedabad, India",https://www.adanienterprises.com,2311.75,2238.85,2668245024768,77.16122,29.96,0.00059999997,3743.9,2025.0
2009-01-28 00:00:00+05:30,18.51846884092736,2314.95,2213.75,18.396059036254883,1376164,0.0,0.0,ADANIENT.NS,Adani Enterprises Limited,Thermal Coal,Energy,Mr. Gautambhai Shantilal Adani S.Y. B.Com,"Ahmedabad, India",https://www.adanienterprises.com,2311.75,2238.85,2668245024768,77.16122,29.96,0.00059999997,3743.9,2025.0
2009-01-29 00:00:00+05:30,18.58751997569269,2314.95,2213.75,18.066492080688477,1376164,0.0,0.0,ADANIENT.NS,Adani Enterprises Limited,Thermal Coal,Energy,Mr. Gautambhai Shantilal Adani S.Y. B.Com,"Ahmedabad, India",https://www.adanienterprises.com,2311.75,2238.85,2668245024768,77.16122,29.96,0.00059999997,3743.9,2025.0
2009-01-30 00:00:00+05:30,17.736928795036444,2314.95,2213.75,17.780872344970703,1376164,0.0,0.0,ADANIENT.NS,Adani Enterprises Limited,Thermal Coal,Energy,Mr. Gautambhai Shantilal Adani S.Y. B.Com,"Ahmedabad, India",https://www.adanienterprises.com,2311.75,2238.85,2668245024768,77.16122,29.96,0.00059999997,3743.9,2025.0
2009-02-02 00:00:00+05:30,17.394807564226095,2314.95,2213.75,17.294368743896484,1376164,0.0,0.0,ADANIENT.NS,Adani Enterprises Limited,Thermal Coal,Energy,Mr. Gautambhai Shantilal Adani S.Y. B.Com,"Ahmedabad, India",https://www.adanienterprises.com,2311.75,2238.85,2668245024768,77.16122,29.96,0.00059999997,3743.9,2025.0
2009-02-03 00:00:00+05:30,17.168818281015263,2314.95,2213.75,16.92713737487793,1376164,0.0,0.0,ADANIENT.NS,Adani Enterprises Limited,Thermal Coal,Energy,Mr. Gautambhai Shantilal Adani S.Y. B.Com,"Ahmedabad, India",https://www.adanienterprises.com,2311.75,2238.85,2668245024768,77.16122,29.96,0.00059999997,3743.9,2025.0
2009-02-04 00:00:00+05:30,17.250426627380538,2314.95,2213.75,16.898887634277344,1376164,0.0,0.0,ADANIENT.NS,Adani Enterprises Limited,Thermal Coal,Energy,Mr. Gautambhai Shantilal Adani S.Y. B.Com,"Ahmedabad, India",https://www.adanienterprises.com,2311.75,2238.85,2668245024768,77.16122,29.96,0.00059999997,3743.9,2025.0
2009-02-05 00:00:00+05:30,16.82355736514163,2314.95,2213.75,16.65720558166504,1376164,0.0,0.0,ADANIENT.NS,Adani Enterprises Limited,Thermal Coal,Energy,Mr. Gautambhai Shantilal Adani S.Y. B.Com,"Ahmedabad, India",https://www.adanienterprises.com,2311.75,2238.85,2668245024768,77.16122,29.96,0.00059999997,3743.9,2025.0
2009-02-06 00:00:00+05:30,16.9428291727061,2314.95,2213.75,16.40924644470215,1376164,0.0,0.0,ADANIENT.NS,Adani Enterprises Limited,Thermal Coal,Energy,Mr. Gautambhai Shantilal Adani S.Y. B.Com,"Ahmedabad, India",https://www.adanienterprises.com,2311.75,2238.85,2668245024768,77.16122,29.96,0.00059999997,3743.9,2025.0
2009-02-09 00:00:00+05:30,16.50968448715274,2314.95,2213.75,16.70428466796875,1376164,0.0,0.0,ADANIENT.NS,Adani Enterprises Limited,Thermal Coal,Energy,Mr. Gautambhai Shantilal Adani S.Y. B.Com,"Ahmedabad, India",https://www.adanienterprises.com,2311.75,2238.85,2668245024768,77.16122,29.96,0.00059999997,3743.9,2025.0
2009-02-10 00:00:00+05:30,16.585017716262147,2314.95,2213.75,17.07151985168457,1376164,0.0,0.0,ADANIENT.NS,Adani Enterprises Limited,Thermal Coal,Energy,Mr. Gautambhai Shantilal Adani S.Y. B.Com,"Ahmedabad, India",https://www.adanienterprises.com,2311.75,2238.85,2668245024768,77.16122,29.96,0.00059999997,3743.9,2025.0
2009-02-11 00:00:00+05:30,16.63523354843617,2314.95,2213.75,17.033851623535156,1376164,0.0,0.0,ADANIENT.NS,Adani Enterprises Limited,Thermal Coal,Energy,Mr. Gautambhai Shantilal Adani S.Y. B.Com,"Ahmedabad, India",https://www.adanienterprises.com,2311.75,2238.85,2668245024768,77.16122,29.96,0.00059999997,3743.9,2025.0
2009-02-12 00:00:00+05:30,17.200206073151566,2314.95,2213.75,16.90202522277832,1376164,0.0,0.0,ADANIENT.NS,Adani Enterprises Limited,Thermal Coal,Energy,Mr. Gautambhai Shantilal Adani S.Y. B.Com,"Ahmedabad, India",https://www.adanienterprises.com,2311.75,2238.85,2668245024768,77.16122,29.96,0.00059999997,3743.9,2025.0
2009-02-13 00:00:00+05:30,17.01188240935916,2314.95,2213.75,17.193927764892578,1376164,0.0,0.0,ADANIENT.NS,Adani Enterprises Limited,Thermal Coal,Energy,Mr. Gautambhai Shantilal Adani S.Y. B.Com,"Ahmedabad, India",https://www.adanienterprises.com,2311.75,2238.85,2668245024768,77.16122,29.96,0.00059999997,3743.9,2025.0
2009-02-16 00:00:00+05:30,17.021302887903715,2314.95,2213.75,16.654071807861328,1376164,0.0,0.0,ADANIENT.NS,Adani Enterprises Limited,Thermal Coal,Energy,Mr. Gautambhai Shantilal Adani S.Y. B.Com,"Ahmedabad, India",https://www.adanienterprises.com,2311.75,2238.85,2668245024768,77.16122,29.96,0.00059999997,3743.9,2025.0
2009-02-17 00:00:00+05:30,16.82355821814002,2314.95,2213.75,16.30253028869629,1376164,0.0,0.0,ADANIENT.NS,Adani Enterprises Limited,Thermal Coal,Energy,Mr. Gautambhai Shantilal Adani S.Y. B.Com,"Ahmedabad, India",https://www.adanienterprises.com,2311.75,2238.85,2668245024768,77.16122,29.96,0.00059999997,3743.9,2025.0
2009-02-18 00:00:00+05:30,15.69361780776293,2314.95,2213.75,15.781501770019531,1376164,0.0,0.0,ADANIENT.NS,Adani Enterprises Limited,Thermal Coal,Energy,Mr. Gautambhai Shantilal Adani S.Y. B.Com,"Ahmedabad, India",https://www.adanienterprises.com,2311.75,2238.85,2668245024768,77.16122,29.96,0.00059999997,3743.9,2025.0
2009-02-19 00:00:00+05:30,16.06712233491156,2314.95,2213.75,16.192670822143555,1376164,0.0,0.0,ADANIENT.NS,Adani Enterprises Limited,Thermal Coal,Energy,Mr. Gautambhai Shantilal Adani S.Y. B.Com,"Ahmedabad, India",https://www.adanienterprises.com,2311.75,2238.85,2668245024768,77.16122,29.96,0.00059999997,3743.9,2025.0
2009-02-20 00:00:00+05:30,15.881943192987189,2314.95,2213.75,15.768949508666992,1376164,0.0,0.0,ADANIENT.NS,Adani Enterprises Limited,Thermal Coal,Energy,Mr. Gautambhai Shantilal Adani S.Y. B.Com,"Ahmedabad, India",https://www.adanienterprises.com,2311.75,2238.85,2668245024768,77.16122,29.96,0.00059999997,3743.9,2025.0
2009-02-24 00:00:00+05:30,16.572459889941946,2314.95,2213.75,15.652813911437988,1376164,0.0,0.0,ADANIENT.NS,Adani Enterprises Limited,Thermal Coal,Energy,Mr. Gautambhai Shantilal Adani S.Y. B.Com,"Ahmedabad, India",https://www.adanienterprises.com,2311.75,2238.85,2668245024768,77.16122,29.96,0.00059999997,3743.9,2025.0
2009-02-25 00:00:00+05:30,15.9133301607525,2314.95,2213.75,15.398579597473145,1376164,0.0,0.0,ADANIENT.NS,Adani Enterprises Limited,Thermal Coal,Energy,Mr. Gautambhai Shantilal Adani S.Y. B.Com,"Ahmedabad, India",https://www.adanienterprises.com,2311.75,2238.85,2668245024768,77.16122,29.96,0.00059999997,3743.9,2025.0
2009-02-26 00:00:00+05:30,15.75639464112332,2314.95,2213.75,15.360915184020996,1376164,0.0,0.0,ADANIENT.NS,Adani Enterprises Limited,Thermal Coal,Energy,Mr. Gautambhai Shantilal Adani S.Y. B.Com,"Ahmedabad, India",https://www.adanienterprises.com,2311.75,2238.85,2668245024768,77.16122,29.96,0.00059999997,3743.9,2025.0
2009-02-27 00:00:00+05:30,15.693618248899801,2314.95,2213.75,15.364051818847656,1376164,0.0,0.0,ADANIENT.NS,Adani Enterprises Limited,Thermal Coal,Energy,Mr. Gautambhai Shantilal Adani S.Y. B.Com,"Ahmedabad, India",https://www.adanienterprises.com,2311.75,2238.85,2668245024768,77.16122,29.96,0.00059999997,3743.9,2025.0
2009-03-02 00:00:00+05:30,15.191422325584266,2314.95,2213.75,15.655953407287598,1376164,0.0,0.0,ADANIENT.NS,Adani Enterprises Limited,Thermal Coal,Energy,Mr. Gautambhai Shantilal Adani S.Y. B.Com,"Ahmedabad, India",https://www.adanienterprises.com,2311.75,2238.85,2668245024768,77.16122,29.96,0.00059999997,3743.9,2025.0
2009-03-03 00:00:00+05:30,15.386024743791362,2314.95,2213.75,15.398579597473145,1376164,0.0,0.0,ADANIENT.NS,Adani Enterprises Limited,Thermal Coal,Energy,Mr. Gautambhai Shantilal Adani S.Y. B.Com,"Ahmedabad, India",https://www.adanienterprises.com,2311.75,2238.85,2668245024768,77.16122,29.96,0.00059999997,3743.9,2025.0
2009-03-04 00:00:00+05:30,15.382885054780598,2314.95,2213.75,15.370331764221191,1376164,0.0,0.0,ADANIENT.NS,Adani Enterprises Limited,Thermal Coal,Energy,Mr. Gautambhai Shantilal Adani S.Y. B.Com,"Ahmedabad, India",https://www.adanienterprises.com,2311.75,2238.85,2668245024768,77.16122,29.96,0.00059999997,3743.9,2025.0
2009-03-05 00:00:00+05:30,15.32952452061231,2314.95,2213.75,15.285582542419434,1376164,0.0,0.0,ADANIENT.NS,Adani Enterprises Limited,Thermal Coal,Energy,Mr. Gautambhai Shantilal Adani S.Y. B.Com,"Ahmedabad, India",https://www.adanienterprises.com,2311.75,2238.85,2668245024768,77.16122,29.96,0.00059999997,3743.9,2025.0
2009-03-06 00:00:00+05:30,15.128644490638434,2314.95,2213.75,15.436238288879395,1376164,0.0,0.0,ADANIENT.NS,Adani Enterprises Limited,Thermal Coal,Energy,Mr. Gautambhai Shantilal Adani S.Y. B.Com,"Ahmedabad, India",https://www.adanienterprises.com,2311.75,2238.85,2668245024768,77.16122,29.96,0.00059999997,3743.9,2025.0
2009-03-09 00:00:00+05:30,15.687340822847874,2314.95,2213.75,15.364051818847656,1376164,0.0,0.0,ADANIENT.NS,Adani Enterprises Limited,Thermal Coal,Energy,Mr. Gautambhai Shantilal Adani S.Y. B.Com,"Ahmedabad, India",https://www.adanienterprises.com,2311.75,2238.85,2668245024768,77.16122,29.96,0.00059999997,3743.9,2025.0
2009-03-12 00:00:00+05:30,15.662230566704217,2314.95,2213.75,15.33894157409668,1376164,0.0,0.0,ADANIENT.NS,Adani Enterprises Limited,Thermal Coal,Energy,Mr. Gautambhai Shantilal Adani S.Y. B.Com,"Ahmedabad, India",https://www.adanienterprises.com,2311.75,2238.85,2668245024768,77.16122,29.96,0.00059999997,3743.9,2025.0
2009-03-13 00:00:00+05:30,15.429965496329327,2314.95,2213.75,15.602596282958984,1376164,0.0,0.0,ADANIENT.NS,Adani Enterprises Limited,Thermal Coal,Energy,Mr. Gautambhai Shantilal Adani S.Y. B.Com,"Ahmedabad, India",https://www.adanienterprises.com,2311.75,2238.85,2668245024768,77.16122,29.96,0.00059999997,3743.9,2025.0
2009-03-16 00:00:00+05:30,15.819164449066715,2314.95,2213.75,15.728141784667969,1376164,0.0,0.0,ADANIENT.NS,Adani Enterprises Limited,Thermal Coal,Energy,Mr. Gautambhai Shantilal Adani S.Y. B.Com,"Ahmedabad, India",https://www.adanienterprises.com,2311.75,2238.85,2668245024768,77.16122,29.96,0.00059999997,3743.9,2025.0
2009-03-17 00:00:00+05:30,15.750114637599482,2314.95,2213.75,15.571208000183105,1376164,0.0,0.0,ADANIENT.NS,Adani Enterprises Limited,Thermal Coal,Energy,Mr. Gautambhai Shantilal Adani S.Y. B.Com,"Ahmedabad, India",https://www.adanienterprises.com,2311.75,2238.85,2668245024768,77.16122,29.96,0.00059999997,3743.9,2025.0
2009-03-18 00:00:00+05:30,15.797194056341802,2314.95,2213.75,15.524126052856445,1376164,0.0,0.0,ADANIENT.NS,Adani Enterprises Limited,Thermal Coal,Energy,Mr. Gautambhai Shantilal Adani S.Y. B.Com,"Ahmedabad, India",https://www.adanienterprises.com,2311.75,2238.85,2668245024768,77.16122,29.96,0.00059999997,3743.9,2025.0
2009-03-19 00:00:00+05:30,15.910188826151838,2314.95,2213.75,15.269889831542969,1376164,0.0,0.0,ADANIENT.NS,Adani Enterprises Limited,Thermal Coal,Energy,Mr. Gautambhai Shantilal Adani S.Y. B.Com,"Ahmedabad, India",https://www.adanienterprises.com,2311.75,2238.85,2668245024768,77.16122,29.96,0.00059999997,3743.9,2025.0
2009-03-20 00:00:00+05:30,15.50529450335861,2314.95,2213.75,15.458213806152344,1376164,0.0,0.0,ADANIENT.NS,Adani Enterprises Limited,Thermal Coal,Energy,Mr. Gautambhai Shantilal Adani S.Y. B.Com,"Ahmedabad, India",https://www.adanienterprises.com,2311.75,2238.85,2668245024768,77.16122,29.96,0.00059999997,3743.9,2025.0
2009-03-23 00:00:00+05:30,15.693620417597707,2314.95,2213.75,15.558655738830566,1376164,0.0,0.0,ADANIENT.NS,Adani Enterprises Limited,Thermal Coal,Energy,Mr. Gautambhai Shantilal Adani S.Y. B.Com,"Ahmedabad, India",https://www.adanienterprises.com,2311.75,2238.85,2668245024768,77.16122,29.96,0.00059999997,3743.9,2025.0
2009-03-24 00:00:00+05:30,15.881938709235591,2314.95,2213.75,15.282443046569824,1376164,0.0,0.0,ADANIENT.NS,Adani Enterprises Limited,Thermal Coal,Energy,Mr. Gautambhai Shantilal Adani S.Y. B.Com,"Ahmedabad, India",https://www.adanienterprises.com,2311.75,2238.85,2668245024768,77.16122,29.96,0.00059999997,3743.9,2025.0
2009-03-25 00:00:00+05:30,15.37974734356265,2314.95,2213.75,15.31069564819336,1376164,0.0,0.0,ADANIENT.NS,Adani Enterprises Limited,Thermal Coal,Energy,Mr. Gautambhai Shantilal Adani S.Y. B.Com,"Ahmedabad, India",https://www.adanienterprises.com,2311.75,2238.85,2668245024768,77.16122,29.96,0.00059999997,3743.9,2025.0
2009-03-26 00:00:00+05:30,15.615150495344947,2314.95,2213.75,15.561792373657227,1376164,0.0,0.0,ADANIENT.NS,Adani Enterprises Limited,Thermal Coal,Energy,Mr. Gautambhai Shantilal Adani S.Y. B.Com,"Ahmedabad, India",https://www.adanienterprises.com,2311.75,2238.85,2668245024768,77.16122,29.96,0.00059999997,3743.9,2025.0
2009-03-27 00:00:00+05:30,15.693620823264666,2314.95,2213.75,15.778366088867188,1376164,0.0,0.0,ADANIENT.NS,Adani Enterprises Limited,Thermal Coal,Energy,Mr. Gautambhai Shantilal Adani S.Y. B.Com,"Ahmedabad, India",https://www.adanienterprises.com,2311.75,2238.85,2668245024768,77.16122,29.96,0.00059999997,3743.9,2025.0
2009-03-30 00:00:00+05:30,16.57245920845601,2314.95,2213.75,16.180118560791016,1376164,0.0,0.0,ADANIENT.NS,Adani Enterprises Limited,Thermal Coal,Energy,Mr. Gautambhai Shantilal Adani S.Y. B.Com,"Ahmedabad, India",https://www.adanienterprises.com,2311.75,2238.85,2668245024768,77.16122,29.96,0.00059999997,3743.9,2025.0
2009-03-31 00:00:00+05:30,16.481441182025907,2314.95,2213.75,16.801589965820312,1376164,0.0,0.0,ADANIENT.NS,Adani Enterprises Limited,Thermal Coal,Energy,Mr. Gautambhai Shantilal Adani S.Y. B.Com,"Ahmedabad, India",https://www.adanienterprises.com,2311.75,2238.85,2668245024768,77.16122,29.96,0.00059999997,3743.9,2025.0
2009-04-01 00:00:00+05:30,16.81728074155774,2314.95,2213.75,17.5611572265625,1376164,0.0,0.0,ADANIENT.NS,Adani Enterprises Limited,Thermal Coal,Energy,Mr. Gautambhai Shantilal Adani S.Y. B.Com,"Ahmedabad, India",https://www.adanienterprises.com,2311.75,2238.85,2668245024768,77.16122,29.96,0.00059999997,3743.9,2025.0
2009-04-02 00:00:00+05:30,18.01313618315943,2314.95,2213.75,18.731903076171875,1376164,0.0,0.0,ADANIENT.NS,Adani Enterprises Limited,Thermal Coal,Energy,Mr. Gautambhai Shantilal Adani S.Y. B.Com,"Ahmedabad, India",https://www.adanienterprises.com,2311.75,2238.85,2668245024768,77.16122,29.96,0.00059999997,3743.9,2025.0
2009-04-06 00:00:00+05:30,19.146215328987992,2314.95,2213.75,21.082807540893555,1376164,0.0,0.0,ADANIENT.NS,Adani Enterprises Limited,Thermal Coal,Energy,Mr. Gautambhai Shantilal Adani S.Y. B.Com,"Ahmedabad, India",https://www.adanienterprises.com,2311.75,2238.85,2668245024768,77.16122,29.96,0.00059999997,3743.9,2025.0
2009-04-08 00:00:00+05:30,20.652801330393523,2314.95,2213.75,20.743824005126953,1376164,0.0,0.0,ADANIENT.NS,Adani Enterprises Limited,Thermal Coal,Energy,Mr. Gautambhai Shantilal Adani S.Y. B.Com,"Ahmedabad, India",https://www.adanienterprises.com,2311.75,2238.85,2668245024768,77.16122,29.96,0.00059999997,3743.9,2025.0
2009-04-09 00:00:00+05:30,21.154997710588567,2314.95,2213.75,21.227188110351562,1376164,0.0,0.0,ADANIENT.NS,Adani Enterprises Limited,Thermal Coal,Energy,Mr. Gautambhai Shantilal Adani S.Y. B.Com,"Ahmedabad, India",https://www.adanienterprises.com,2311.75,2238.85,2668245024768,77.16122,29.96,0.00059999997,3743.9,2025.0
2009-04-13 00:00:00+05:30,21.660329717635406,2314.95,2213.75,21.644636154174805,1376164,0.0,0.0,ADANIENT.NS,Adani Enterprises Limited,Thermal Coal,Energy,Mr. Gautambhai Shantilal Adani S.Y. B.Com,"Ahmedabad, India",https://www.adanienterprises.com,2311.75,2238.85,2668245024768,77.16122,29.96,0.00059999997,3743.9,2025.0
2009-04-15 00:00:00+05:30,21.719967053340483,2314.95,2213.75,22.962902069091797,1376164,0.0,0.0,ADANIENT.NS,Adani Enterprises Limited,Thermal Coal,Energy,Mr. Gautambhai Shantilal Adani S.Y. B.Com,"Ahmedabad, India",https://www.adanienterprises.com,2311.75,2238.85,2668245024768,77.16122,29.96,0.00059999997,3743.9,2025.0
2009-04-16 00:00:00+05:30,23.628314880856237,2314.95,2213.75,21.942819595336914,1376164,0.0,0.0,ADANIENT.NS,Adani Enterprises Limited,Thermal Coal,Energy,Mr. Gautambhai Shantilal Adani S.Y. B.Com,"Ahmedabad, India",https://www.adanienterprises.com,2311.75,2238.85,2668245024768,77.16122,29.96,0.00059999997,3743.9,2025.0
2009-04-17 00:00:00+05:30,22.033840620485933,2314.95,2213.75,22.043256759643555,1376164,0.0,0.0,ADANIENT.NS,Adani Enterprises Limited,Thermal Coal,Energy,Mr. Gautambhai Shantilal Adani S.Y. B.Com,"Ahmedabad, India",https://www.adanienterprises.com,2311.75,2238.85,2668245024768,77.16122,29.96,0.00059999997,3743.9,2025.0
2009-04-20 00:00:00+05:30,22.28493855568425,2314.95,2213.75,22.062089920043945,1376164,0.0,0.0,ADANIENT.NS,Adani Enterprises Limited,Thermal Coal,Energy,Mr. Gautambhai Shantilal Adani S.Y. B.Com,"Ahmedabad, India",https://www.adanienterprises.com,2311.75,2238.85,2668245024768,77.16122,29.96,0.00059999997,3743.9,2025.0
2009-04-21 00:00:00+05:30,21.971063515122367,2314.95,2213.75,22.61136245727539,1376164,0.0,0.0,ADANIENT.NS,Adani Enterprises Limited,Thermal Coal,Energy,Mr. Gautambhai Shantilal Adani S.Y. B.Com,"Ahmedabad, India",https://www.adanienterprises.com,2311.75,2238.85,2668245024768,77.16122,29.96,0.00059999997,3743.9,2025.0
2009-04-22 00:00:00+05:30,23.163782063278703,2314.95,2213.75,22.849910736083984,1376164,0.0,0.0,ADANIENT.NS,Adani Enterprises Limited,Thermal Coal,Energy,Mr. Gautambhai Shantilal Adani S.Y. B.Com,"Ahmedabad, India",https://www.adanienterprises.com,2311.75,2238.85,2668245024768,77.16122,29.96,0.00059999997,3743.9,2025.0
2009-04-23 00:00:00+05:30,23.534149521969283,2314.95,2213.75,24.38160514831543,1376164,0.0,0.0,ADANIENT.NS,Adani Enterprises Limited,Thermal Coal,Energy,Mr. Gautambhai Shantilal Adani S.Y. B.Com,"Ahmedabad, India",https://www.adanienterprises.com,2311.75,2238.85,2668245024768,77.16122,29.96,0.00059999997,3743.9,2025.0
2009-04-24 00:00:00+05:30,24.75825165932265,2314.95,2213.75,27.862449645996094,1376164,0.0,0.0,ADANIENT.NS,Adani Enterprises Limited,Thermal Coal,Energy,Mr. Gautambhai Shantilal Adani S.Y. B.Com,"Ahmedabad, India",https://www.adanienterprises.com,2311.75,2238.85,2668245024768,77.16122,29.96,0.00059999997,3743.9,2025.0
2009-04-27 00:00:00+05:30,27.60821388530831,2314.95,2213.75,26.77017593383789,1376164,0.0,0.0,ADANIENT.NS,Adani Enterprises Limited,Thermal Coal,Energy,Mr. Gautambhai Shantilal Adani S.Y. B.Com,"Ahmedabad, India",https://www.adanienterprises.com,2311.75,2238.85,2668245024768,77.16122,29.96,0.00059999997,3743.9,2025.0
2009-04-28 00:00:00+05:30,26.679151319874933,2314.95,2213.75,24.695478439331055,1376164,0.0,0.0,ADANIENT.NS,Adani Enterprises Limited,Thermal Coal,Energy,Mr. Gautambhai Shantilal Adani S.Y. B.Com,"Ahmedabad, India",https://www.adanienterprises.com,2311.75,2238.85,2668245024768,77.16122,29.96,0.00059999997,3743.9,2025.0
2009-04-29 00:00:00+05:30,25.235339567371206,2314.95,2213.75,26.43119239807129,1376164,0.0,0.0,ADANIENT.NS,Adani Enterprises Limited,Thermal Coal,Energy,Mr. Gautambhai Shantilal Adani S.Y. B.Com,"Ahmedabad, India",https://www.adanienterprises.com,2311.75,2238.85,2668245024768,77.16122,29.96,0.00059999997,3743.9,2025.0
2009-04-30 00:00:00+05:30,26.55674171447754,2314.95,2213.75,26.55674171447754,1376164,0.0,0.0,ADANIENT.NS,Adani Enterprises Limited,Thermal Coal,Energy,Mr. Gautambhai Shantilal Adani S.Y. B.Com,"Ahmedabad, India",https://www.adanienterprises.com,2311.75,2238.85,2668245024768,77.16122,29.96,0.00059999997,3743.9,2025.0
2009-05-04 00:00:00+05:30,26.804697666942857,2314.95,2213.75,29.07713508605957,1376164,0.0,0.0,ADANIENT.NS,Adani Enterprises Limited,Thermal Coal,Energy,Mr. Gautambhai Shantilal Adani S.Y. B.Com,"Ahmedabad, India",https://www.adanienterprises.com,2311.75,2238.85,2668245024768,77.16122,29.96,0.00059999997,3743.9,2025.0
2009-05-05 00:00:00+05:30,29.780205835695654,2314.95,2213.75,28.389751434326172,1376164,0.0,0.0,ADANIENT.NS,Adani Enterprises Limited,Thermal Coal,Energy,Mr. Gautambhai Shantilal Adani S.Y. B.Com,"Ahmedabad, India",https://www.adanienterprises.com,2311.75,2238.85,2668245024768,77.16122,29.96,0.00059999997,3743.9,2025.0
2009-05-06 00:00:00+05:30,28.424278241235037,2314.95,2213.75,27.944053649902344,1376164,0.0,0.0,ADANIENT.NS,Adani Enterprises Limited,Thermal Coal,Energy,Mr. Gautambhai Shantilal Adani S.Y. B.Com,"Ahmedabad, India",https://www.adanienterprises.com,2311.75,2238.85,2668245024768,77.16122,29.96,0.00059999997,3743.9,2025.0
2009-05-07 00:00:00+05:30,28.24851335048166,2314.95,2213.75,28.29873275756836,1376164,0.0,0.0,ADANIENT.NS,Adani Enterprises Limited,Thermal Coal,Energy,Mr. Gautambhai Shantilal Adani S.Y. B.Com,"Ahmedabad, India",https://www.adanienterprises.com,2311.75,2238.85,2668245024768,77.16122,29.96,0.00059999997,3743.9,2025.0
2009-05-08 00:00:00+05:30,28.374063021451835,2314.95,2213.75,27.014995574951172,1376164,0.0,0.0,ADANIENT.NS,Adani Enterprises Limited,Thermal Coal,Energy,Mr. Gautambhai Shantilal Adani S.Y. B.Com,"Ahmedabad, India",https://www.adanienterprises.com,2311.75,2238.85,2668245024768,77.16122,29.96,0.00059999997,3743.9,2025.0
2009-05-11 00:00:00+05:30,27.18134145659534,2314.95,2213.75,26.635202407836914,1376164,0.0,0.0,ADANIENT.NS,Adani Enterprises Limited,Thermal Coal,Energy,Mr. Gautambhai Shantilal Adani S.Y. B.Com,"Ahmedabad, India",https://www.adanienterprises.com,2311.75,2238.85,2668245024768,77.16122,29.96,0.00059999997,3743.9,2025.0
2009-05-12 00:00:00+05:30,25.925859749719372,2314.95,2213.75,27.087186813354492,1376164,0.0,0.0,ADANIENT.NS,Adani Enterprises Limited,Thermal Coal,Energy,Mr. Gautambhai Shantilal Adani S.Y. B.Com,"Ahmedabad, India",https://www.adanienterprises.com,2311.75,2238.85,2668245024768,77.16122,29.96,0.00059999997,3743.9,2025.0
2009-05-13 00:00:00+05:30,27.601931875604535,2314.95,2213.75,27.918943405151367,1376164,0.0,0.0,ADANIENT.NS,Adani Enterprises Limited,Thermal Coal,Energy,Mr. Gautambhai Shantilal Adani S.Y. B.Com,"Ahmedabad, India",https://www.adanienterprises.com,2311.75,2238.85,2668245024768,77.16122,29.96,0.00059999997,3743.9,2025.0
2009-05-14 00:00:00+05:30,25.737527459109785,2314.95,2213.75,28.36463737487793,1376164,0.0,0.0,ADANIENT.NS,Adani Enterprises Limited,Thermal Coal,Energy,Mr. Gautambhai Shantilal Adani S.Y. B.Com,"Ahmedabad, India",https://www.adanienterprises.com,2311.75,2238.85,2668245024768,77.16122,29.96,0.00059999997,3743.9,2025.0
2009-05-15 00:00:00+05:30,28.80406700147791,2314.95,2213.75,30.04386329650879,1376164,0.0,0.0,ADANIENT.NS,Adani Enterprises Limited,Thermal Coal,Energy,Mr. Gautambhai Shantilal Adani S.Y. B.Com,"Ahmedabad, India",https://www.adanienterprises.com,2311.75,2238.85,2668245024768,77.16122,29.96,0.00059999997,3743.9,2025.0
2009-05-18 00:00:00+05:30,32.934620624279844,2314.95,2213.75,33.05075454711914,1376164,0.0,0.0,ADANIENT.NS,Adani Enterprises Limited,Thermal Coal,Energy,Mr. Gautambhai Shantilal Adani S.Y. B.Com,"Ahmedabad, India",https://www.adanienterprises.com,2311.75,2238.85,2668245024768,77.16122,29.96,0.00059999997,3743.9,2025.0
2009-05-19 00:00:00+05:30,33.33952442459336,2314.95,2213.75,36.355838775634766,1376164,0.0,0.0,ADANIENT.NS,Adani Enterprises Limited,Thermal Coal,Energy,Mr. Gautambhai Shantilal Adani S.Y. B.Com,"Ahmedabad, India",https://www.adanienterprises.com,2311.75,2238.85,2668245024768,77.16122,29.96,0.00059999997,3743.9,2025.0
2009-05-20 00:00:00+05:30,36.534748284112204,2314.95,2213.75,38.176300048828125,1376164,0.0,0.0,ADANIENT.NS,Adani Enterprises Limited,Thermal Coal,Energy,Mr. Gautambhai Shantilal Adani S.Y. B.Com,"Ahmedabad, India",https://www.adanienterprises.com,2311.75,2238.85,2668245024768,77.16122,29.96,0.00059999997,3743.9,2025.0
2009-05-21 00:00:00+05:30,38.60630443601679,2314.95,2213.75,37.783958435058594,1376164,0.0,0.0,ADANIENT.NS,Adani Enterprises Limited,Thermal Coal,Energy,Mr. Gautambhai Shantilal Adani S.Y. B.Com,"Ahmedabad, India",https://www.adanienterprises.com,2311.75,2238.85,2668245024768,77.16122,29.96,0.00059999997,3743.9,2025.0
2009-05-22 00:00:00+05:30,37.664678363463366,2314.95,2213.75,39.240318298339844,1376164,0.0,0.0,ADANIENT.NS,Adani Enterprises Limited,Thermal Coal,Energy,Mr. Gautambhai Shantilal Adani S.Y. B.Com,"Ahmedabad, India",https://www.adanienterprises.com,2311.75,2238.85,2668245024768,77.16122,29.96,0.00059999997,3743.9,2025.0
2009-05-25 00:00:00+05:30,39.761352549824196,2314.95,2213.75,39.89004135131836,1376164,0.0,0.0,ADANIENT.NS,Adani Enterprises Limited,Thermal Coal,Energy,Mr. Gautambhai Shantilal Adani S.Y. B.Com,"Ahmedabad, India",https://www.adanienterprises.com,2311.75,2238.85,2668245024768,77.16122,29.96,0.00059999997,3743.9,2025.0
2009-05-26 00:00:00+05:30,40.483261251532184,2314.95,2213.75,38.775794982910156,1376164,0.0,0.0,ADANIENT.NS,Adani Enterprises Limited,Thermal Coal,Energy,Mr. Gautambhai Shantilal Adani S.Y. B.Com,"Ahmedabad, India",https://www.adanienterprises.com,2311.75,2238.85,2668245024768,77.16122,29.96,0.00059999997,3743.9,2025.0
2009-05-27 00:00:00+05:30,39.54791696425361,2314.95,2213.75,39.993614196777344,1376164,0.0,0.0,ADANIENT.NS,Adani Enterprises Limited,Thermal Coal,Energy,Mr. Gautambhai Shantilal Adani S.Y. B.Com,"Ahmedabad, India",https://www.adanienterprises.com,2311.75,2238.85,2668245024768,77.16122,29.96,0.00059999997,3743.9,2025.0
2009-05-28 00:00:00+05:30,40.571138880202426,2314.95,2213.75,40.3514289855957,1376164,0.0,0.0,ADANIENT.NS,Adani Enterprises Limited,Thermal Coal,Energy,Mr. Gautambhai Shantilal Adani S.Y. B.Com,"Ahmedabad, India",https://www.adanienterprises.com,2311.75,2238.85,2668245024768,77.16122,29.96,0.00059999997,3743.9,2025.0
2009-05-29 00:00:00+05:30,40.856763104387554,2314.95,2213.75,42.36962890625,1376164,0.0,0.0,ADANIENT.NS,Adani Enterprises Limited,Thermal Coal,Energy,Mr. Gautambhai Shantilal Adani S.Y. B.Com,"Ahmedabad, India",https://www.adanienterprises.com,2311.75,2238.85,2668245024768,77.16122,29.96,0.00059999997,3743.9,2025.0
2009-06-01 00:00:00+05:30,43.59058953134134,2314.95,2213.75,44.37527084350586,1376164,0.0,0.0,ADANIENT.NS,Adani Enterprises Limited,Thermal Coal,Energy,Mr. Gautambhai Shantilal Adani S.Y. B.Com,"Ahmedabad, India",https://www.adanienterprises.com,2311.75,2238.85,2668245024768,77.16122,29.96,0.00059999997,3743.9,2025.0
2009-06-02 00:00:00+05:30,45.15995433602333,2314.95,2213.75,42.30057907104492,1376164,0.0,0.0,ADANIENT.NS,Adani Enterprises Limited,Thermal Coal,Energy,Mr. Gautambhai Shantilal Adani S.Y. B.Com,"Ahmedabad, India",https://www.adanienterprises.com,2311.75,2238.85,2668245024768,77.16122,29.96,0.00059999997,3743.9,2025.0
2009-06-03 00:00:00+05:30,42.81219206103215,2314.95,2213.75,43.45876693725586,1376164,0.0,0.0,ADANIENT.NS,Adani Enterprises Limited,Thermal Coal,Energy,Mr. Gautambhai Shantilal Adani S.Y. B.Com,"Ahmedabad, India",https://www.adanienterprises.com,2311.75,2238.85,2668245024768,77.16122,29.96,0.00059999997,3743.9,2025.0
2009-06-04 00:00:00+05:30,43.31438313724394,2314.95,2213.75,45.6338996887207,1376164,0.0,0.0,ADANIENT.NS,Adani Enterprises Limited,Thermal Coal,Energy,Mr. Gautambhai Shantilal Adani S.Y. B.Com,"Ahmedabad, India",https://www.adanienterprises.com,2311.75,2238.85,2668245024768,77.16122,29.96,0.00059999997,3743.9,2025.0
2009-06-05 00:00:00+05:30,46.43427815826581,2314.95,2213.75,47.89064407348633,1376164,0.0,0.0,ADANIENT.NS,Adani Enterprises Limited,Thermal Coal,Energy,Mr. Gautambhai Shantilal Adani S.Y. B.Com,"Ahmedabad, India",https://www.adanienterprises.com,2311.75,2238.85,2668245024768,77.16122,29.96,0.00059999997,3743.9,2025.0
2009-06-08 00:00:00+05:30,48.33634385623473,2314.95,2213.75,45.5020751953125,1376164,0.0,0.0,ADANIENT.NS,Adani Enterprises Limited,Thermal Coal,Energy,Mr. Gautambhai Shantilal Adani S.Y. B.Com,"Ahmedabad, India",https://www.adanienterprises.com,2311.75,2238.85,2668245024768,77.16122,29.96,0.00059999997,3743.9,2025.0
2009-06-09 00:00:00+05:30,45.15995321175367,2314.95,2213.75,45.26980972290039,1376164,0.0,0.0,ADANIENT.NS,Adani Enterprises Limited,Thermal Coal,Energy,Mr. Gautambhai Shantilal Adani S.Y. B.Com,"Ahmedabad, India",https://www.adanienterprises.com,2311.75,2238.85,2668245024768,77.16122,29.96,0.00059999997,3743.9,2025.0
2009-06-10 00:00:00+05:30,45.819096193285795,2314.95,2213.75,45.91325759887695,1376164,0.0,0.0,ADANIENT.NS,Adani Enterprises Limited,Thermal Coal,Energy,Mr. Gautambhai Shantilal Adani S.Y. B.Com,"Ahmedabad, India",https://www.adanienterprises.com,2311.75,2238.85,2668245024768,77.16122,29.96,0.00059999997,3743.9,2025.0
2009-06-11 00:00:00+05:30,46.4468319714939,2314.95,2213.75,44.94024658203125,1376164,0.0,0.0,ADANIENT.NS,Adani Enterprises Limited,Thermal Coal,Energy,Mr. Gautambhai Shantilal Adani S.Y. B.Com,"Ahmedabad, India",https://www.adanienterprises.com,2311.75,2238.85,2668245024768,77.16122,29.96,0.00059999997,3743.9,2025.0
2009-06-12 00:00:00+05:30,45.197613244546716,2314.95,2213.75,45.517765045166016,1376164,0.0,0.0,ADANIENT.NS,Adani Enterprises Limited,Thermal Coal,Energy,Mr. Gautambhai Shantilal Adani S.Y. B.Com,"Ahmedabad, India",https://www.adanienterprises.com,2311.75,2238.85,2668245024768,77.16122,29.96,0.00059999997,3743.9,2025.0
2009-06-15 00:00:00+05:30,44.50710560622021,2314.95,2213.75,45.31061935424805,1376164,0.0,0.0,ADANIENT.NS,Adani Enterprises Limited,Thermal Coal,Energy,Mr. Gautambhai Shantilal Adani S.Y. B.Com,"Ahmedabad, India",https://www.adanienterprises.com,2311.75,2238.85,2668245024768,77.16122,29.96,0.00059999997,3743.9,2025.0
2009-06-16 00:00:00+05:30,44.31878298484978,2314.95,2213.75,47.08086013793945,1376164,0.0,0.0,ADANIENT.NS,Adani Enterprises Limited,Thermal Coal,Energy,Mr. Gautambhai Shantilal Adani S.Y. B.Com,"Ahmedabad, India",https://www.adanienterprises.com,2311.75,2238.85,2668245024768,77.16122,29.96,0.00059999997,3743.9,2025.0
2009-06-17 00:00:00+05:30,47.482611464952306,2314.95,2213.75,44.98732376098633,1376164,0.0,0.0,ADANIENT.NS,Adani Enterprises Limited,Thermal Coal,Energy,Mr. Gautambhai Shantilal Adani S.Y. B.Com,"Ahmedabad, India",https://www.adanienterprises.com,2311.75,2238.85,2668245024768,77.16122,29.96,0.00059999997,3743.9,2025.0
2009-06-18 00:00:00+05:30,45.009298755309736,2314.95,2213.75,44.896305084228516,1376164,0.0,0.0,ADANIENT.NS,Adani Enterprises Limited,Thermal Coal,Energy,Mr. Gautambhai Shantilal Adani S.Y. B.Com,"Ahmedabad, India",https://www.adanienterprises.com,2311.75,2238.85,2668245024768,77.16122,29.96,0.00059999997,3743.9,2025.0
2009-06-19 00:00:00+05:30,45.197616839864935,2314.95,2213.75,44.03314971923828,1376164,0.0,0.0,ADANIENT.NS,Adani Enterprises Limited,Thermal Coal,Energy,Mr. Gautambhai Shantilal Adani S.Y. B.Com,"Ahmedabad, India",https://www.adanienterprises.com,2311.75,2238.85,2668245024768,77.16122,29.96,0.00059999997,3743.9,2025.0
2009-06-22 00:00:00+05:30,45.44872166310309,2314.95,2213.75,43.295555114746094,1376164,0.0,0.0,ADANIENT.NS,Adani Enterprises Limited,Thermal Coal,Energy,Mr. Gautambhai Shantilal Adani S.Y. B.Com,"Ahmedabad, India",https://www.adanienterprises.com,2311.75,2238.85,2668245024768,77.16122,29.96,0.00059999997,3743.9,2025.0
2009-06-23 00:00:00+05:30,42.62386296787362,2314.95,2213.75,42.827880859375,1376164,0.0,0.0,ADANIENT.NS,Adani Enterprises Limited,Thermal Coal,Energy,Mr. Gautambhai Shantilal Adani S.Y. B.Com,"Ahmedabad, India",https://www.adanienterprises.com,2311.75,2238.85,2668245024768,77.16122,29.96,0.00059999997,3743.9,2025.0
2009-06-24 00:00:00+05:30,43.31438716321896,2314.95,2213.75,44.97163391113281,1376164,0.0,0.0,ADANIENT.NS,Adani Enterprises Limited,Thermal Coal,Energy,Mr. Gautambhai Shantilal Adani S.Y. B.Com,"Ahmedabad, India",https://www.adanienterprises.com,2311.75,2238.85,2668245024768,77.16122,29.96,0.00059999997,3743.9,2025.0
2009-06-25 00:00:00+05:30,47.22209167480469,2314.95,2213.75,47.22209167480469,1376164,0.0,0.0,ADANIENT.NS,Adani Enterprises Limited,Thermal Coal,Energy,Mr. Gautambhai Shantilal Adani S.Y. B.Com,"Ahmedabad, India",https://www.adanienterprises.com,2311.75,2238.85,2668245024768,77.16122,29.96,0.00059999997,3743.9,2025.0
2009-06-26 00:00:00+05:30,49.5855598449707,2314.95,2213.75,49.5855598449707,1376164,0.0,0.0,ADANIENT.NS,Adani Enterprises Limited,Thermal Coal,Energy,Mr. Gautambhai Shantilal Adani S.Y. B.Com,"Ahmedabad, India",https://www.adanienterprises.com,2311.75,2238.85,2668245024768,77.16122,29.96,0.00059999997,3743.9,2025.0
2009-06-29 00:00:00+05:30,50.514621159445035,2314.95,2213.75,52.021209716796875,1376164,0.0,0.0,ADANIENT.NS,Adani Enterprises Limited,Thermal Coal,Energy,Mr. Gautambhai Shantilal Adani S.Y. B.Com,"Ahmedabad, India",https://www.adanienterprises.com,2311.75,2238.85,2668245024768,77.16122,29.96,0.00059999997,3743.9,2025.0
2009-06-30 00:00:00+05:30,52.41668892592474,2314.95,2213.75,51.49390411376953,1376164,0.0,0.0,ADANIENT.NS,Adani Enterprises Limited,Thermal Coal,Energy,Mr. Gautambhai Shantilal Adani S.Y. B.Com,"Ahmedabad, India",https://www.adanienterprises.com,2311.75,2238.85,2668245024768,77.16122,29.96,0.00059999997,3743.9,2025.0
2009-07-01 00:00:00+05:30,51.600622516554914,2314.95,2213.75,50.357688903808594,1376164,0.0,0.0,ADANIENT.NS,Adani Enterprises Limited,Thermal Coal,Energy,Mr. Gautambhai Shantilal Adani S.Y. B.Com,"Ahmedabad, India",https://www.adanienterprises.com,2311.75,2238.85,2668245024768,77.16122,29.96,0.00059999997,3743.9,2025.0
2009-07-02 00:00:00+05:30,51.45623943444097,2314.95,2213.75,49.008033752441406,1376164,0.0,0.0,ADANIENT.NS,Adani Enterprises Limited,Thermal Coal,Energy,Mr. Gautambhai Shantilal Adani S.Y. B.Com,"Ahmedabad, India",https://www.adanienterprises.com,2311.75,2238.85,2668245024768,77.16122,29.96,0.00059999997,3743.9,2025.0
2009-07-03 00:00:00+05:30,48.9640888070798,2314.95,2213.75,51.459373474121094,1376164,0.0,0.0,ADANIENT.NS,Adani Enterprises Limited,Thermal Coal,Energy,Mr. Gautambhai Shantilal Adani S.Y. B.Com,"Ahmedabad, India",https://www.adanienterprises.com,2311.75,2238.85,2668245024768,77.16122,29.96,0.00059999997,3743.9,2025.0
2009-07-06 00:00:00+05:30,51.788937883057685,2314.95,2213.75,50.42045593261719,1376164,0.0,0.0,ADANIENT.NS,Adani Enterprises Limited,Thermal Coal,Energy,Mr. Gautambhai Shantilal Adani S.Y. B.Com,"Ahmedabad, India",https://www.adanienterprises.com,2311.75,2238.85,2668245024768,77.16122,29.96,0.00059999997,3743.9,2025.0
2009-07-07 00:00:00+05:30,50.97286192145914,2314.95,2213.75,49.86489486694336,1376164,0.0,0.0,ADANIENT.NS,Adani Enterprises Limited,Thermal Coal,Energy,Mr. Gautambhai Shantilal Adani S.Y. B.Com,"Ahmedabad, India",https://www.adanienterprises.com,2311.75,2238.85,2668245024768,77.16122,29.96,0.00059999997,3743.9,2025.0
2009-07-08 00:00:00+05:30,48.96409879798705,2314.95,2213.75,46.01369857788086,1376164,0.0,0.0,ADANIENT.NS,Adani Enterprises Limited,Thermal Coal,Energy,Mr. Gautambhai Shantilal Adani S.Y. B.Com,"Ahmedabad, India",https://www.adanienterprises.com,2311.75,2238.85,2668245024768,77.16122,29.96,0.00059999997,3743.9,2025.0
2009-07-09 00:00:00+05:30,46.9553151865038,2314.95,2213.75,45.03441619873047,1376164,0.0,0.0,ADANIENT.NS,Adani Enterprises Limited,Thermal Coal,Energy,Mr. Gautambhai Shantilal Adani S.Y. B.Com,"Ahmedabad, India",https://www.adanienterprises.com,2311.75,2238.85,2668245024768,77.16122,29.96,0.00059999997,3743.9,2025.0
2009-07-10 00:00:00+05:30,45.69982114471456,2314.95,2213.75,44.7833137512207,1376164,0.0,0.0,ADANIENT.NS,Adani Enterprises Limited,Thermal Coal,Energy,Mr. Gautambhai Shantilal Adani S.Y. B.Com,"Ahmedabad, India",https://www.adanienterprises.com,2311.75,2238.85,2668245024768,77.16122,29.96,0.00059999997,3743.9,2025.0
2009-07-13 00:00:00+05:30,45.1976242196176,2314.95,2213.75,42.3602180480957,1376164,0.0,0.0,ADANIENT.NS,Adani Enterprises Limited,Thermal Coal,Energy,Mr. Gautambhai Shantilal Adani S.Y. B.Com,"Ahmedabad, India",https://www.adanienterprises.com,2311.75,2238.85,2668245024768,77.16122,29.96,0.00059999997,3743.9,2025.0
2009-07-14 00:00:00+05:30,43.05073053073569,2314.95,2213.75,46.59748840332031,1376164,0.0,0.0,ADANIENT.NS,Adani Enterprises Limited,Thermal Coal,Energy,Mr. Gautambhai Shantilal Adani S.Y. B.Com,"Ahmedabad, India",https://www.adanienterprises.com,2311.75,2238.85,2668245024768,77.16122,29.96,0.00059999997,3743.9,2025.0
2009-07-15 00:00:00+05:30,48.543502925609054,2314.95,2213.75,50.15366744995117,1376164,0.0,0.0,ADANIENT.NS,Adani Enterprises Limited,Thermal Coal,Energy,Mr. Gautambhai Shantilal Adani S.Y. B.Com,"Ahmedabad, India",https://www.adanienterprises.com,2311.75,2238.85,2668245024768,77.16122,29.96,0.00059999997,3743.9,2025.0
2009-07-16 00:00:00+05:30,50.282357930061586,2314.95,2213.75,50.42673873901367,1376164,0.0,0.0,ADANIENT.NS,Adani Enterprises Limited,Thermal Coal,Energy,Mr. Gautambhai Shantilal Adani S.Y. B.Com,"Ahmedabad, India",https://www.adanienterprises.com,2311.75,2238.85,2668245024768,77.16122,29.96,0.00059999997,3743.9,2025.0
2009-07-17 00:00:00+05:30,50.97287672066351,2314.95,2213.75,50.602508544921875,1376164,0.0,0.0,ADANIENT.NS,Adani Enterprises Limited,Thermal Coal,Energy,Mr. Gautambhai Shantilal Adani S.Y. B.Com,"Ahmedabad, India",https://www.adanienterprises.com,2311.75,2238.85,2668245024768,77.16122,29.96,0.00059999997,3743.9,2025.0
2009-07-20 00:00:00+05:30,51.098420152077836,2314.95,2213.75,52.81216049194336,1376164,0.0,0.0,ADANIENT.NS,Adani Enterprises Limited,Thermal Coal,Energy,Mr. Gautambhai Shantilal Adani S.Y. B.Com,"Ahmedabad, India",https://www.adanienterprises.com,2311.75,2238.85,2668245024768,77.16122,29.96,0.00059999997,3743.9,2025.0
2009-07-21 00:00:00+05:30,53.339475037173834,2314.95,2213.75,52.68347930908203,1376164,0.0,0.0,ADANIENT.NS,Adani Enterprises Limited,Thermal Coal,Energy,Mr. Gautambhai Shantilal Adani S.Y. B.Com,"Ahmedabad, India",https://www.adanienterprises.com,2311.75,2238.85,2668245024768,77.16122,29.96,0.00059999997,3743.9,2025.0
2009-07-22 00:00:00+05:30,53.10720340110315,2314.95,2213.75,52.705448150634766,1376164,0.0,0.0,ADANIENT.NS,Adani Enterprises Limited,Thermal Coal,Energy,Mr. Gautambhai Shantilal Adani S.Y. B.Com,"Ahmedabad, India",https://www.adanienterprises.com,2311.75,2238.85,2668245024768,77.16122,29.96,0.00059999997,3743.9,2025.0
2009-07-23 00:00:00+05:30,53.358304233411076,2314.95,2213.75,53.289249420166016,1376164,0.0,0.0,ADANIENT.NS,Adani Enterprises Limited,Thermal Coal,Energy,Mr. Gautambhai Shantilal Adani S.Y. B.Com,"Ahmedabad, India",https://www.adanienterprises.com,2311.75,2238.85,2668245024768,77.16122,29.96,0.00059999997,3743.9,2025.0
2009-07-24 00:00:00+05:30,53.48385007020199,2314.95,2213.75,52.98793029785156,1376164,0.0,0.0,ADANIENT.NS,Adani Enterprises Limited,Thermal Coal,Energy,Mr. Gautambhai Shantilal Adani S.Y. B.Com,"Ahmedabad, India",https://www.adanienterprises.com,2311.75,2238.85,2668245024768,77.16122,29.96,0.00059999997,3743.9,2025.0
2009-07-27 00:00:00+05:30,53.333188710753575,2314.95,2213.75,52.50770568847656,1376164,0.0,0.0,ADANIENT.NS,Adani Enterprises Limited,Thermal Coal,Energy,Mr. Gautambhai Shantilal Adani S.Y. B.Com,"Ahmedabad, India",https://www.adanienterprises.com,2311.75,2238.85,2668245024768,77.16122,29.96,0.00059999997,3743.9,2025.0
2009-07-28 00:00:00+05:30,52.73056256925809,2314.95,2213.75,53.085235595703125,1376164,0.0,0.0,ADANIENT.NS,Adani Enterprises Limited,Thermal Coal,Energy,Mr. Gautambhai Shantilal Adani S.Y. B.Com,"Ahmedabad, India",https://www.adanienterprises.com,2311.75,2238.85,2668245024768,77.16122,29.96,0.00059999997,3743.9,2025.0
2009-07-29 00:00:00+05:30,52.41668964810923,2314.95,2213.75,52.34449768066406,1376164,0.0,0.0,ADANIENT.NS,Adani Enterprises Limited,Thermal Coal,Energy,Mr. Gautambhai Shantilal Adani S.Y. B.Com,"Ahmedabad, India",https://www.adanienterprises.com,2311.75,2238.85,2668245024768,77.16122,29.96,0.00059999997,3743.9,2025.0
2009-07-30 00:00:00+05:30,52.41668775021363,2314.95,2213.75,51.79521942138672,1376164,0.0,0.0,ADANIENT.NS,Adani Enterprises Limited,Thermal Coal,Energy,Mr. Gautambhai Shantilal Adani S.Y. B.Com,"Ahmedabad, India",https://www.adanienterprises.com,2311.75,2238.85,2668245024768,77.16122,29.96,0.00059999997,3743.9,2025.0
2009-07-31 00:00:00+05:30,52.41669505365665,2314.95,2213.75,52.105960845947266,1376164,0.0,0.0,ADANIENT.NS,Adani Enterprises Limited,Thermal Coal,Energy,Mr. Gautambhai Shantilal Adani S.Y. B.Com,"Ahmedabad, India",https://www.adanienterprises.com,2311.75,2238.85,2668245024768,77.16122,29.96,0.00059999997,3743.9,2025.0
2009-08-03 00:00:00+05:30,52.291137370079255,2314.95,2213.75,51.992958068847656,1376164,0.0,0.0,ADANIENT.NS,Adani Enterprises Limited,Thermal Coal,Energy,Mr. Gautambhai Shantilal Adani S.Y. B.Com,"Ahmedabad, India",https://www.adanienterprises.com,2311.75,2238.85,2668245024768,77.16122,29.96,0.00059999997,3743.9,2025.0
2009-08-04 00:00:00+05:30,51.67594381847856,2314.95,2213.75,49.15241241455078,1376164,0.0,0.0,ADANIENT.NS,Adani Enterprises Limited,Thermal Coal,Energy,Mr. Gautambhai Shantilal Adani S.Y. B.Com,"Ahmedabad, India",https://www.adanienterprises.com,2311.75,2238.85,2668245024768,77.16122,29.96,0.00059999997,3743.9,2025.0
2009-08-05 00:00:00+05:30,49.08963572154435,2314.95,2213.75,47.80590057373047,1376164,0.0,0.0,ADANIENT.NS,Adani Enterprises Limited,Thermal Coal,Energy,Mr. Gautambhai Shantilal Adani S.Y. B.Com,"Ahmedabad, India",https://www.adanienterprises.com,2311.75,2238.85,2668245024768,77.16122,29.96,0.00059999997,3743.9,2025.0
2009-08-06 00:00:00+05:30,47.394729231742645,2314.95,2213.75,46.59435272216797,1376164,0.0,0.0,ADANIENT.NS,Adani Enterprises Limited,Thermal Coal,Energy,Mr. Gautambhai Shantilal Adani S.Y. B.Com,"Ahmedabad, India",https://www.adanienterprises.com,2311.75,2238.85,2668245024768,77.16122,29.96,0.00059999997,3743.9,2025.0
2009-08-07 00:00:00+05:30,45.825365589347584,2314.95,2213.75,45.72178649902344,1376164,0.0,0.0,ADANIENT.NS,Adani Enterprises Limited,Thermal Coal,Energy,Mr. Gautambhai Shantilal Adani S.Y. B.Com,"Ahmedabad, India",https://www.adanienterprises.com,2311.75,2238.85,2668245024768,77.16122,29.96,0.00059999997,3743.9,2025.0
2009-08-10 00:00:00+05:30,46.45311113521225,2314.95,2213.75,45.21331787109375,1376164,0.0,0.0,ADANIENT.NS,Adani Enterprises Limited,Thermal Coal,Energy,Mr. Gautambhai Shantilal Adani S.Y. B.Com,"Ahmedabad, India",https://www.adanienterprises.com,2311.75,2238.85,2668245024768,77.16122,29.96,0.00059999997,3743.9,2025.0
2009-08-11 00:00:00+05:30,44.25600513111146,2314.95,2213.75,45.737483978271484,1376164,0.0,0.0,ADANIENT.NS,Adani Enterprises Limited,Thermal Coal,Energy,Mr. Gautambhai Shantilal Adani S.Y. B.Com,"Ahmedabad, India",https://www.adanienterprises.com,2311.75,2238.85,2668245024768,77.16122,29.96,0.00059999997,3743.9,2025.0
2009-08-12 00:00:00+05:30,45.1976180465131,2314.95,2213.75,45.194480895996094,1376164,0.0,0.0,ADANIENT.NS,Adani Enterprises Limited,Thermal Coal,Energy,Mr. Gautambhai Shantilal Adani S.Y. B.Com,"Ahmedabad, India",https://www.adanienterprises.com,2311.75,2238.85,2668245024768,77.16122,29.96,0.00059999997,3743.9,2025.0
2009-08-13 00:00:00+05:30,45.82536181576241,2314.95,2213.75,45.96660232543945,1376164,0.0,0.0,ADANIENT.NS,Adani Enterprises Limited,Thermal Coal,Energy,Mr. Gautambhai Shantilal Adani S.Y. B.Com,"Ahmedabad, India",https://www.adanienterprises.com,2311.75,2238.85,2668245024768,77.16122,29.96,0.00059999997,3743.9,2025.0
2009-08-14 00:00:00+05:30,46.38405231242596,2314.95,2213.75,46.99296569824219,1376164,0.0,0.0,ADANIENT.NS,Adani Enterprises Limited,Thermal Coal,Energy,Mr. Gautambhai Shantilal Adani S.Y. B.Com,"Ahmedabad, India",https://www.adanienterprises.com,2311.75,2238.85,2668245024768,77.16122,29.96,0.00059999997,3743.9,2025.0
2009-08-17 00:00:00+05:30,46.327558198172376,2314.95,2213.75,45.85361099243164,1376164,0.0,0.0,ADANIENT.NS,Adani Enterprises Limited,Thermal Coal,Energy,Mr. Gautambhai Shantilal Adani S.Y. B.Com,"Ahmedabad, India",https://www.adanienterprises.com,2311.75,2238.85,2668245024768,77.16122,29.96,0.00059999997,3743.9,2025.0
2009-08-18 00:00:00+05:30,46.14865778805178,2314.95,2213.75,46.365230560302734,1376164,0.0,0.0,ADANIENT.NS,Adani Enterprises Limited,Thermal Coal,Energy,Mr. Gautambhai Shantilal Adani S.Y. B.Com,"Ahmedabad, India",https://www.adanienterprises.com,2311.75,2238.85,2668245024768,77.16122,29.96,0.00059999997,3743.9,2025.0
2009-08-19 00:00:00+05:30,46.45310430472765,2314.95,2213.75,45.24155807495117,1376164,0.0,0.0,ADANIENT.NS,Adani Enterprises Limited,Thermal Coal,Energy,Mr. Gautambhai Shantilal Adani S.Y. B.Com,"Ahmedabad, India",https://www.adanienterprises.com,2311.75,2238.85,2668245024768,77.16122,29.96,0.00059999997,3743.9,2025.0
2009-08-20 00:00:00+05:30,46.560740428701095,2314.95,2213.75,44.3118896484375,1376164,0.5,0.0,ADANIENT.NS,Adani Enterprises Limited,Thermal Coal,Energy,Mr. Gautambhai Shantilal Adani S.Y. B.Com,"Ahmedabad, India",https://www.adanienterprises.com,2311.75,2238.85,2668245024768,77.16122,29.96,0.00059999997,3743.9,2025.0
2009-08-21 00:00:00+05:30,43.71007974824511,2314.95,2213.75,44.58111572265625,1376164,0.0,0.0,ADANIENT.NS,Adani Enterprises Limited,Thermal Coal,Energy,Mr. Gautambhai Shantilal Adani S.Y. B.Com,"Ahmedabad, India",https://www.adanienterprises.com,2311.75,2238.85,2668245024768,77.16122,29.96,0.00059999997,3743.9,2025.0
2009-08-24 00:00:00+05:30,45.10372579683407,2314.95,2213.75,44.856666564941406,1376164,0.0,0.0,ADANIENT.NS,Adani Enterprises Limited,Thermal Coal,Energy,Mr. Gautambhai Shantilal Adani S.Y. B.Com,"Ahmedabad, India",https://www.adanienterprises.com,2311.75,2238.85,2668245024768,77.16122,29.96,0.00059999997,3743.9,2025.0
2009-08-25 00:00:00+05:30,44.8503420060499,2314.95,2213.75,43.779762268066406,1376164,0.0,0.0,ADANIENT.NS,Adani Enterprises Limited,Thermal Coal,Energy,Mr. Gautambhai Shantilal Adani S.Y. B.Com,"Ahmedabad, India",https://www.adanienterprises.com,2311.75,2238.85,2668245024768,77.16122,29.96,0.00059999997,3743.9,2025.0
2009-08-26 00:00:00+05:30,43.887449342545246,2314.95,2213.75,43.87794876098633,1376164,0.0,0.0,ADANIENT.NS,Adani Enterprises Limited,Thermal Coal,Energy,Mr. Gautambhai Shantilal Adani S.Y. B.Com,"Ahmedabad, India",https://www.adanienterprises.com,2311.75,2238.85,2668245024768,77.16122,29.96,0.00059999997,3743.9,2025.0
2009-08-27 00:00:00+05:30,43.77976207613445,2314.95,2213.75,45.40147018432617,1376164,0.0,0.0,ADANIENT.NS,Adani Enterprises Limited,Thermal Coal,Energy,Mr. Gautambhai Shantilal Adani S.Y. B.Com,"Ahmedabad, India",https://www.adanienterprises.com,2311.75,2238.85,2668245024768,77.16122,29.96,0.00059999997,3743.9,2025.0
2009-08-28 00:00:00+05:30,45.92725571211232,2314.95,2213.75,44.78065872192383,1376164,0.0,0.0,ADANIENT.NS,Adani Enterprises Limited,Thermal Coal,Energy,Mr. Gautambhai Shantilal Adani S.Y. B.Com,"Ahmedabad, India",https://www.adanienterprises.com,2311.75,2238.85,2668245024768,77.16122,29.96,0.00059999997,3743.9,2025.0
2009-08-31 00:00:00+05:30,44.470256114823265,2314.95,2213.75,45.2716064453125,1376164,0.0,0.0,ADANIENT.NS,Adani Enterprises Limited,Thermal Coal,Energy,Mr. Gautambhai Shantilal Adani S.Y. B.Com,"Ahmedabad, India",https://www.adanienterprises.com,2311.75,2238.85,2668245024768,77.16122,29.96,0.00059999997,3743.9,2025.0
2009-09-01 00:00:00+05:30,45.1037404689981,2314.95,2213.75,44.34989929199219,1376164,0.0,0.0,ADANIENT.NS,Adani Enterprises Limited,Thermal Coal,Energy,Mr. Gautambhai Shantilal Adani S.Y. B.Com,"Ahmedabad, India",https://www.adanienterprises.com,2311.75,2238.85,2668245024768,77.16122,29.96,0.00059999997,3743.9,2025.0
2009-09-02 00:00:00+05:30,44.34355801476539,2314.95,2213.75,43.3521614074707,1376164,0.0,0.0,ADANIENT.NS,Adani Enterprises Limited,Thermal Coal,Energy,Mr. Gautambhai Shantilal Adani S.Y. B.Com,"Ahmedabad, India",https://www.adanienterprises.com,2311.75,2238.85,2668245024768,77.16122,29.96,0.00059999997,3743.9,2025.0
2009-09-03 00:00:00+05:30,44.0268106843762,2314.95,2213.75,42.908721923828125,1376164,0.0,0.0,ADANIENT.NS,Adani Enterprises Limited,Thermal Coal,Energy,Mr. Gautambhai Shantilal Adani S.Y. B.Com,"Ahmedabad, India",https://www.adanienterprises.com,2311.75,2238.85,2668245024768,77.16122,29.96,0.00059999997,3743.9,2025.0
2009-09-04 00:00:00+05:30,43.076607636618455,2314.95,2213.75,42.24041748046875,1376164,0.0,0.0,ADANIENT.NS,Adani Enterprises Limited,Thermal Coal,Energy,Mr. Gautambhai Shantilal Adani S.Y. B.Com,"Ahmedabad, India",https://www.adanienterprises.com,2311.75,2238.85,2668245024768,77.16122,29.96,0.00059999997,3743.9,2025.0
2009-09-07 00:00:00+05:30,43.19062414150964,2314.95,2213.75,42.30375289916992,1376164,0.0,0.0,ADANIENT.NS,Adani Enterprises Limited,Thermal Coal,Energy,Mr. Gautambhai Shantilal Adani S.Y. B.Com,"Ahmedabad, India",https://www.adanienterprises.com,2311.75,2238.85,2668245024768,77.16122,29.96,0.00059999997,3743.9,2025.0
2009-09-08 00:00:00+05:30,42.728182151743056,2314.95,2213.75,42.62049102783203,1376164,0.0,0.0,ADANIENT.NS,Adani Enterprises Limited,Thermal Coal,Energy,Mr. Gautambhai Shantilal Adani S.Y. B.Com,"Ahmedabad, India",https://www.adanienterprises.com,2311.75,2238.85,2668245024768,77.16122,29.96,0.00059999997,3743.9,2025.0
2009-09-09 00:00:00+05:30,41.936336732810204,2314.95,2213.75,41.752628326416016,1376164,0.0,0.0,ADANIENT.NS,Adani Enterprises Limited,Thermal Coal,Energy,Mr. Gautambhai Shantilal Adani S.Y. B.Com,"Ahmedabad, India",https://www.adanienterprises.com,2311.75,2238.85,2668245024768,77.16122,29.96,0.00059999997,3743.9,2025.0
2009-09-10 00:00:00+05:30,42.69017358998182,2314.95,2213.75,40.46349334716797,1376164,0.0,0.0,ADANIENT.NS,Adani Enterprises Limited,Thermal Coal,Energy,Mr. Gautambhai Shantilal Adani S.Y. B.Com,"Ahmedabad, India",https://www.adanienterprises.com,2311.75,2238.85,2668245024768,77.16122,29.96,0.00059999997,3743.9,2025.0
2009-09-11 00:00:00+05:30,40.38747839743173,2314.95,2213.75,40.15625762939453,1376164,0.0,0.0,ADANIENT.NS,Adani Enterprises Limited,Thermal Coal,Energy,Mr. Gautambhai Shantilal Adani S.Y. B.Com,"Ahmedabad, India",https://www.adanienterprises.com,2311.75,2238.85,2668245024768,77.16122,29.96,0.00059999997,3743.9,2025.0
2009-09-14 00:00:00+05:30,40.162590943311464,2314.95,2213.75,39.5639533996582,1376164,0.0,0.0,ADANIENT.NS,Adani Enterprises Limited,Thermal Coal,Energy,Mr. Gautambhai Shantilal Adani S.Y. B.Com,"Ahmedabad, India",https://www.adanienterprises.com,2311.75,2238.85,2668245024768,77.16122,29.96,0.00059999997,3743.9,2025.0
2009-09-15 00:00:00+05:30,40.035896436273134,2314.95,2213.75,40.38747787475586,1376164,0.0,0.0,ADANIENT.NS,Adani Enterprises Limited,Thermal Coal,Energy,Mr. Gautambhai Shantilal Adani S.Y. B.Com,"Ahmedabad, India",https://www.adanienterprises.com,2311.75,2238.85,2668245024768,77.16122,29.96,0.00059999997,3743.9,2025.0
2009-09-16 00:00:00+05:30,40.85942282591066,2314.95,2213.75,41.572086334228516,1376164,0.0,0.0,ADANIENT.NS,Adani Enterprises Limited,Thermal Coal,Energy,Mr. Gautambhai Shantilal Adani S.Y. B.Com,"Ahmedabad, India",https://www.adanienterprises.com,2311.75,2238.85,2668245024768,77.16122,29.96,0.00059999997,3743.9,2025.0
2009-09-17 00:00:00+05:30,41.99968409806162,2314.95,2213.75,41.83498001098633,1376164,0.0,0.0,ADANIENT.NS,Adani Enterprises Limited,Thermal Coal,Energy,Mr. Gautambhai Shantilal Adani S.Y. B.Com,"Ahmedabad, India",https://www.adanienterprises.com,2311.75,2238.85,2668245024768,77.16122,29.96,0.00059999997,3743.9,2025.0
2009-09-18 00:00:00+05:30,42.443117132956566,2314.95,2213.75,43.874778747558594,1376164,0.0,0.0,ADANIENT.NS,Adani Enterprises Limited,Thermal Coal,Energy,Mr. Gautambhai Shantilal Adani S.Y. B.Com,"Ahmedabad, India",https://www.adanienterprises.com,2311.75,2238.85,2668245024768,77.16122,29.96,0.00059999997,3743.9,2025.0
2009-09-22 00:00:00+05:30,43.9001174841349,2314.95,2213.75,43.5865478515625,1376164,0.0,0.0,ADANIENT.NS,Adani Enterprises Limited,Thermal Coal,Energy,Mr. Gautambhai Shantilal Adani S.Y. B.Com,"Ahmedabad, India",https://www.adanienterprises.com,2311.75,2238.85,2668245024768,77.16122,29.96,0.00059999997,3743.9,2025.0
2009-09-23 00:00:00+05:30,44.01414845029802,2314.95,2213.75,42.88972473144531,1376164,0.0,0.0,ADANIENT.NS,Adani Enterprises Limited,Thermal Coal,Energy,Mr. Gautambhai Shantilal Adani S.Y. B.Com,"Ahmedabad, India",https://www.adanienterprises.com,2311.75,2238.85,2668245024768,77.16122,29.96,0.00059999997,3743.9,2025.0
2009-09-24 00:00:00+05:30,42.44311958888379,2314.95,2213.75,43.133609771728516,1376164,0.0,0.0,ADANIENT.NS,Adani Enterprises Limited,Thermal Coal,Energy,Mr. Gautambhai Shantilal Adani S.Y. B.Com,"Ahmedabad, India",https://www.adanienterprises.com,2311.75,2238.85,2668245024768,77.16122,29.96,0.00059999997,3743.9,2025.0
2009-09-25 00:00:00+05:30,42.823202675756,2314.95,2213.75,42.6173210144043,1376164,0.0,0.0,ADANIENT.NS,Adani Enterprises Limited,Thermal Coal,Energy,Mr. Gautambhai Shantilal Adani S.Y. B.Com,"Ahmedabad, India",https://www.adanienterprises.com,2311.75,2238.85,2668245024768,77.16122,29.96,0.00059999997,3743.9,2025.0
2009-09-29 00:00:00+05:30,44.15350710803952,2314.95,2213.75,42.61098861694336,1376164,0.0,0.0,ADANIENT.NS,Adani Enterprises Limited,Thermal Coal,Energy,Mr. Gautambhai Shantilal Adani S.Y. B.Com,"Ahmedabad, India",https://www.adanienterprises.com,2311.75,2238.85,2668245024768,77.16122,29.96,0.00059999997,3743.9,2025.0
2009-09-30 00:00:00+05:30,42.56981930030283,2314.95,2213.75,42.18022918701172,1376164,0.0,0.0,ADANIENT.NS,Adani Enterprises Limited,Thermal Coal,Energy,Mr. Gautambhai Shantilal Adani S.Y. B.Com,"Ahmedabad, India",https://www.adanienterprises.com,2311.75,2238.85,2668245024768,77.16122,29.96,0.00059999997,3743.9,2025.0
2009-10-01 00:00:00+05:30,42.44311915122466,2314.95,2213.75,41.99334716796875,1376164,0.0,0.0,ADANIENT.NS,Adani Enterprises Limited,Thermal Coal,Energy,Mr. Gautambhai Shantilal Adani S.Y. B.Com,"Ahmedabad, India",https://www.adanienterprises.com,2311.75,2238.85,2668245024768,77.16122,29.96,0.00059999997,3743.9,2025.0
2009-10-05 00:00:00+05:30,41.809637821387426,2314.95,2213.75,41.420047760009766,1376164,0.0,0.0,ADANIENT.NS,Adani Enterprises Limited,Thermal Coal,Energy,Mr. Gautambhai Shantilal Adani S.Y. B.Com,"Ahmedabad, India",https://www.adanienterprises.com,2311.75,2238.85,2668245024768,77.16122,29.96,0.00059999997,3743.9,2025.0
2009-10-06 00:00:00+05:30,41.80963998597627,2314.95,2213.75,41.84764862060547,1376164,0.0,0.0,ADANIENT.NS,Adani Enterprises Limited,Thermal Coal,Energy,Mr. Gautambhai Shantilal Adani S.Y. B.Com,"Ahmedabad, India",https://www.adanienterprises.com,2311.75,2238.85,2668245024768,77.16122,29.96,0.00059999997,3743.9,2025.0
2009-10-07 00:00:00+05:30,42.34810175404504,2314.95,2213.75,41.82548141479492,1376164,0.0,0.0,ADANIENT.NS,Adani Enterprises Limited,Thermal Coal,Energy,Mr. Gautambhai Shantilal Adani S.Y. B.Com,"Ahmedabad, India",https://www.adanienterprises.com,2311.75,2238.85,2668245024768,77.16122,29.96,0.00059999997,3743.9,2025.0
2009-10-08 00:00:00+05:30,41.847647300482144,2314.95,2213.75,41.020957946777344,1376164,0.0,0.0,ADANIENT.NS,Adani Enterprises Limited,Thermal Coal,Energy,Mr. Gautambhai Shantilal Adani S.Y. B.Com,"Ahmedabad, India",https://www.adanienterprises.com,2311.75,2238.85,2668245024768,77.16122,29.96,0.00059999997,3743.9,2025.0
2009-10-09 00:00:00+05:30,41.79064136023287,2314.95,2213.75,40.884765625,1376164,0.0,0.0,ADANIENT.NS,Adani Enterprises Limited,Thermal Coal,Energy,Mr. Gautambhai Shantilal Adani S.Y. B.Com,"Ahmedabad, India",https://www.adanienterprises.com,2311.75,2238.85,2668245024768,77.16122,29.96,0.00059999997,3743.9,2025.0
2009-10-12 00:00:00+05:30,40.88476242809757,2314.95,2213.75,40.91960525512695,1376164,0.0,0.0,ADANIENT.NS,Adani Enterprises Limited,Thermal Coal,Energy,Mr. Gautambhai Shantilal Adani S.Y. B.Com,"Ahmedabad, India",https://www.adanienterprises.com,2311.75,2238.85,2668245024768,77.16122,29.96,0.00059999997,3743.9,2025.0
2009-10-13 00:00:00+05:30,40.85942077636719,2314.95,2213.75,40.85942077636719,1376164,0.0,0.0,ADANIENT.NS,Adani Enterprises Limited,Thermal Coal,Energy,Mr. Gautambhai Shantilal Adani S.Y. B.Com,"Ahmedabad, India",https://www.adanienterprises.com,2311.75,2238.85,2668245024768,77.16122,29.96,0.00059999997,3743.9,2025.0
2009-10-14 00:00:00+05:30,41.23949921159933,2314.95,2213.75,41.777957916259766,1376164,0.0,0.0,ADANIENT.NS,Adani Enterprises Limited,Thermal Coal,Energy,Mr. Gautambhai Shantilal Adani S.Y. B.Com,"Ahmedabad, India",https://www.adanienterprises.com,2311.75,2238.85,2668245024768,77.16122,29.96,0.00059999997,3743.9,2025.0
2009-10-15 00:00:00+05:30,42.44311760893822,2314.95,2213.75,42.43678283691406,1376164,0.0,0.0,ADANIENT.NS,Adani Enterprises Limited,Thermal Coal,Energy,Mr. Gautambhai Shantilal Adani S.Y. B.Com,"Ahmedabad, India",https://www.adanienterprises.com,2311.75,2238.85,2668245024768,77.16122,29.96,0.00059999997,3743.9,2025.0
2009-10-16 00:00:00+05:30,42.3797771801514,2314.95,2213.75,43.75759506225586,1376164,0.0,0.0,ADANIENT.NS,Adani Enterprises Limited,Thermal Coal,Energy,Mr. Gautambhai Shantilal Adani S.Y. B.Com,"Ahmedabad, India",https://www.adanienterprises.com,2311.75,2238.85,2668245024768,77.16122,29.96,0.00059999997,3743.9,2025.0
2009-10-20 00:00:00+05:30,44.216868468826554,2314.95,2213.75,43.04176330566406,1376164,0.0,0.0,ADANIENT.NS,Adani Enterprises Limited,Thermal Coal,Energy,Mr. Gautambhai Shantilal Adani S.Y. B.Com,"Ahmedabad, India",https://www.adanienterprises.com,2311.75,2238.85,2668245024768,77.16122,29.96,0.00059999997,3743.9,2025.0
2009-10-21 00:00:00+05:30,43.58338385816902,2314.95,2213.75,44.397403717041016,1376164,0.0,0.0,ADANIENT.NS,Adani Enterprises Limited,Thermal Coal,Energy,Mr. Gautambhai Shantilal Adani S.Y. B.Com,"Ahmedabad, India",https://www.adanienterprises.com,2311.75,2238.85,2668245024768,77.16122,29.96,0.00059999997,3743.9,2025.0
2009-10-22 00:00:00+05:30,44.3435600264159,2314.95,2213.75,44.81550216674805,1376164,0.0,0.0,ADANIENT.NS,Adani Enterprises Limited,Thermal Coal,Energy,Mr. Gautambhai Shantilal Adani S.Y. B.Com,"Ahmedabad, India",https://www.adanienterprises.com,2311.75,2238.85,2668245024768,77.16122,29.96,0.00059999997,3743.9,2025.0
2009-10-23 00:00:00+05:30,45.40780774550268,2314.95,2213.75,45.6992073059082,1376164,0.0,0.0,ADANIENT.NS,Adani Enterprises Limited,Thermal Coal,Energy,Mr. Gautambhai Shantilal Adani S.Y. B.Com,"Ahmedabad, India",https://www.adanienterprises.com,2311.75,2238.85,2668245024768,77.16122,29.96,0.00059999997,3743.9,2025.0
2009-10-26 00:00:00+05:30,45.61686154185531,2314.95,2213.75,46.09513854980469,1376164,0.0,0.0,ADANIENT.NS,Adani Enterprises Limited,Thermal Coal,Energy,Mr. Gautambhai Shantilal Adani S.Y. B.Com,"Ahmedabad, India",https://www.adanienterprises.com,2311.75,2238.85,2668245024768,77.16122,29.96,0.00059999997,3743.9,2025.0
2009-10-27 00:00:00+05:30,45.889252882833,2314.95,2213.75,46.32952117919922,1376164,0.0,0.0,ADANIENT.NS,Adani Enterprises Limited,Thermal Coal,Energy,Mr. Gautambhai Shantilal Adani S.Y. B.Com,"Ahmedabad, India",https://www.adanienterprises.com,2311.75,2238.85,2668245024768,77.16122,29.96,0.00059999997,3743.9,2025.0
2009-10-28 00:00:00+05:30,46.29784675475879,2314.95,2213.75,45.322288513183594,1376164,0.0,0.0,ADANIENT.NS,Adani Enterprises Limited,Thermal Coal,Energy,Mr. Gautambhai Shantilal Adani S.Y. B.Com,"Ahmedabad, India",https://www.adanienterprises.com,2311.75,2238.85,2668245024768,77.16122,29.96,0.00059999997,3743.9,2025.0
2009-10-29 00:00:00+05:30,43.13994954028714,2314.95,2213.75,44.831336975097656,1376164,0.0,0.0,ADANIENT.NS,Adani Enterprises Limited,Thermal Coal,Energy,Mr. Gautambhai Shantilal Adani S.Y. B.Com,"Ahmedabad, India",https://www.adanienterprises.com,2311.75,2238.85,2668245024768,77.16122,29.96,0.00059999997,3743.9,2025.0
2009-10-30 00:00:00+05:30,45.16074580885298,2314.95,2213.75,45.28744125366211,1376164,0.0,0.0,ADANIENT.NS,Adani Enterprises Limited,Thermal Coal,Energy,Mr. Gautambhai Shantilal Adani S.Y. B.Com,"Ahmedabad, India",https://www.adanienterprises.com,2311.75,2238.85,2668245024768,77.16122,29.96,0.00059999997,3743.9,2025.0
2009-11-03 00:00:00+05:30,45.35712106533853,2314.95,2213.75,46.212318420410156,1376164,0.0,0.0,ADANIENT.NS,Adani Enterprises Limited,Thermal Coal,Energy,Mr. Gautambhai Shantilal Adani S.Y. B.Com,"Ahmedabad, India",https://www.adanienterprises.com,2311.75,2238.85,2668245024768,77.16122,29.96,0.00059999997,3743.9,2025.0
2009-11-04 00:00:00+05:30,47.00417586541586,2314.95,2213.75,48.12226486206055,1376164,0.0,0.0,ADANIENT.NS,Adani Enterprises Limited,Thermal Coal,Energy,Mr. Gautambhai Shantilal Adani S.Y. B.Com,"Ahmedabad, India",https://www.adanienterprises.com,2311.75,2238.85,2668245024768,77.16122,29.96,0.00059999997,3743.9,2025.0
2009-11-05 00:00:00+05:30,48.14443467013863,2314.95,2213.75,50.01319885253906,1376164,0.0,0.0,ADANIENT.NS,Adani Enterprises Limited,Thermal Coal,Energy,Mr. Gautambhai Shantilal Adani S.Y. B.Com,"Ahmedabad, India",https://www.adanienterprises.com,2311.75,2238.85,2668245024768,77.16122,29.96,0.00059999997,3743.9,2025.0
2009-11-06 00:00:00+05:30,50.67835600846703,2314.95,2213.75,52.35074234008789,1376164,0.0,0.0,ADANIENT.NS,Adani Enterprises Limited,Thermal Coal,Energy,Mr. Gautambhai Shantilal Adani S.Y. B.Com,"Ahmedabad, India",https://www.adanienterprises.com,2311.75,2238.85,2668245024768,77.16122,29.96,0.00059999997,3743.9,2025.0
2009-11-09 00:00:00+05:30,52.388743068476856,2314.95,2213.75,54.621761322021484,1376164,0.0,0.0,ADANIENT.NS,Adani Enterprises Limited,Thermal Coal,Energy,Mr. Gautambhai Shantilal Adani S.Y. B.Com,"Ahmedabad, India",https://www.adanienterprises.com,2311.75,2238.85,2668245024768,77.16122,29.96,0.00059999997,3743.9,2025.0
2009-11-10 00:00:00+05:30,55.58148158435634,2314.95,2213.75,53.77606201171875,1376164,0.0,0.0,ADANIENT.NS,Adani Enterprises Limited,Thermal Coal,Energy,Mr. Gautambhai Shantilal Adani S.Y. B.Com,"Ahmedabad, India",https://www.adanienterprises.com,2311.75,2238.85,2668245024768,77.16122,29.96,0.00059999997,3743.9,2025.0
2009-11-11 00:00:00+05:30,54.7579610057585,2314.95,2213.75,52.16702651977539,1376164,0.0,0.0,ADANIENT.NS,Adani Enterprises Limited,Thermal Coal,Energy,Mr. Gautambhai Shantilal Adani S.Y. B.Com,"Ahmedabad, India",https://www.adanienterprises.com,2311.75,2238.85,2668245024768,77.16122,29.96,0.00059999997,3743.9,2025.0
2009-11-12 00:00:00+05:30,52.45209060675407,2314.95,2213.75,50.01002502441406,1376164,0.0,0.0,ADANIENT.NS,Adani Enterprises Limited,Thermal Coal,Energy,Mr. Gautambhai Shantilal Adani S.Y. B.Com,"Ahmedabad, India",https://www.adanienterprises.com,2311.75,2238.85,2668245024768,77.16122,29.96,0.00059999997,3743.9,2025.0
2009-11-13 00:00:00+05:30,49.15799780839186,2314.95,2213.75,50.9855842590332,1376164,0.0,0.0,ADANIENT.NS,Adani Enterprises Limited,Thermal Coal,Energy,Mr. Gautambhai Shantilal Adani S.Y. B.Com,"Ahmedabad, India",https://www.adanienterprises.com,2311.75,2238.85,2668245024768,77.16122,29.96,0.00059999997,3743.9,2025.0
2009-11-16 00:00:00+05:30,51.628576658443954,2314.95,2213.75,51.90730667114258,1376164,0.0,0.0,ADANIENT.NS,Adani Enterprises Limited,Thermal Coal,Energy,Mr. Gautambhai Shantilal Adani S.Y. B.Com,"Ahmedabad, India",https://www.adanienterprises.com,2311.75,2238.85,2668245024768,77.16122,29.96,0.00059999997,3743.9,2025.0
2009-11-17 00:00:00+05:30,51.88196439728022,2314.95,2213.75,51.14079284667969,1376164,0.0,0.0,ADANIENT.NS,Adani Enterprises Limited,Thermal Coal,Energy,Mr. Gautambhai Shantilal Adani S.Y. B.Com,"Ahmedabad, India",https://www.adanienterprises.com,2311.75,2238.85,2668245024768,77.16122,29.96,0.00059999997,3743.9,2025.0
2009-11-18 00:00:00+05:30,51.140795687429964,2314.95,2213.75,53.228111267089844,1376164,0.0,0.0,ADANIENT.NS,Adani Enterprises Limited,Thermal Coal,Energy,Mr. Gautambhai Shantilal Adani S.Y. B.Com,"Ahmedabad, India",https://www.adanienterprises.com,2311.75,2238.85,2668245024768,77.16122,29.96,0.00059999997,3743.9,2025.0
2009-11-19 00:00:00+05:30,53.84574211141477,2314.95,2213.75,52.37607192993164,1376164,0.0,0.0,ADANIENT.NS,Adani Enterprises Limited,Thermal Coal,Energy,Mr. Gautambhai Shantilal Adani S.Y. B.Com,"Ahmedabad, India",https://www.adanienterprises.com,2311.75,2238.85,2668245024768,77.16122,29.96,0.00059999997,3743.9,2025.0
2009-11-20 00:00:00+05:30,52.21137119806828,2314.95,2213.75,52.32223129272461,1376164,0.0,0.0,ADANIENT.NS,Adani Enterprises Limited,Thermal Coal,Energy,Mr. Gautambhai Shantilal Adani S.Y. B.Com,"Ahmedabad, India",https://www.adanienterprises.com,2311.75,2238.85,2668245024768,77.16122,29.96,0.00059999997,3743.9,2025.0
2009-11-23 00:00:00+05:30,54.16248495344598,2314.95,2213.75,52.57878875732422,1376164,0.0,0.0,ADANIENT.NS,Adani Enterprises Limited,Thermal Coal,Energy,Mr. Gautambhai Shantilal Adani S.Y. B.Com,"Ahmedabad, India",https://www.adanienterprises.com,2311.75,2238.85,2668245024768,77.16122,29.96,0.00059999997,3743.9,2025.0
2009-11-24 00:00:00+05:30,53.00638732792966,2314.95,2213.75,52.14168930053711,1376164,0.0,0.0,ADANIENT.NS,Adani Enterprises Limited,Thermal Coal,Energy,Mr. Gautambhai Shantilal Adani S.Y. B.Com,"Ahmedabad, India",https://www.adanienterprises.com,2311.75,2238.85,2668245024768,77.16122,29.96,0.00059999997,3743.9,2025.0
2009-11-25 00:00:00+05:30,52.49960469066317,2314.95,2213.75,52.75616455078125,1376164,0.0,0.0,ADANIENT.NS,Adani Enterprises Limited,Thermal Coal,Energy,Mr. Gautambhai Shantilal Adani S.Y. B.Com,"Ahmedabad, India",https://www.adanienterprises.com,2311.75,2238.85,2668245024768,77.16122,29.96,0.00059999997,3743.9,2025.0
2009-11-26 00:00:00+05:30,53.129912090657136,2314.95,2213.75,52.0688362121582,1376164,0.0,0.0,ADANIENT.NS,Adani Enterprises Limited,Thermal Coal,Energy,Mr. Gautambhai Shantilal Adani S.Y. B.Com,"Ahmedabad, India",https://www.adanienterprises.com,2311.75,2238.85,2668245024768,77.16122,29.96,0.00059999997,3743.9,2025.0
2009-11-27 00:00:00+05:30,51.31183264167529,2314.95,2213.75,51.4638671875,1376164,0.0,0.0,ADANIENT.NS,Adani Enterprises Limited,Thermal Coal,Energy,Mr. Gautambhai Shantilal Adani S.Y. B.Com,"Ahmedabad, India",https://www.adanienterprises.com,2311.75,2238.85,2668245024768,77.16122,29.96,0.00059999997,3743.9,2025.0
2009-11-30 00:00:00+05:30,52.26204526174973,2314.95,2213.75,51.61906433105469,1376164,0.0,0.0,ADANIENT.NS,Adani Enterprises Limited,Thermal Coal,Energy,Mr. Gautambhai Shantilal Adani S.Y. B.Com,"Ahmedabad, India",https://www.adanienterprises.com,2311.75,2238.85,2668245024768,77.16122,29.96,0.00059999997,3743.9,2025.0
2009-12-01 00:00:00+05:30,52.198705179232704,2314.95,2213.75,52.11952209472656,1376164,0.0,0.0,ADANIENT.NS,Adani Enterprises Limited,Thermal Coal,Energy,Mr. Gautambhai Shantilal Adani S.Y. B.Com,"Ahmedabad, India",https://www.adanienterprises.com,2311.75,2238.85,2668245024768,77.16122,29.96,0.00059999997,3743.9,2025.0
2009-12-02 00:00:00+05:30,52.76883734775148,2314.95,2213.75,51.79961395263672,1376164,0.0,0.0,ADANIENT.NS,Adani Enterprises Limited,Thermal Coal,Energy,Mr. Gautambhai Shantilal Adani S.Y. B.Com,"Ahmedabad, India",https://www.adanienterprises.com,2311.75,2238.85,2668245024768,77.16122,29.96,0.00059999997,3743.9,2025.0
2009-12-03 00:00:00+05:30,52.230375706851156,2314.95,2213.75,51.92313766479492,1376164,0.0,0.0,ADANIENT.NS,Adani Enterprises Limited,Thermal Coal,Energy,Mr. Gautambhai Shantilal Adani S.Y. B.Com,"Ahmedabad, India",https://www.adanienterprises.com,2311.75,2238.85,2668245024768,77.16122,29.96,0.00059999997,3743.9,2025.0
2009-12-04 00:00:00+05:30,51.62856977837247,2314.95,2213.75,52.57878875732422,1376164,0.0,0.0,ADANIENT.NS,Adani Enterprises Limited,Thermal Coal,Energy,Mr. Gautambhai Shantilal Adani S.Y. B.Com,"Ahmedabad, India",https://www.adanienterprises.com,2311.75,2238.85,2668245024768,77.16122,29.96,0.00059999997,3743.9,2025.0
2009-12-07 00:00:00+05:30,52.89553001640304,2314.95,2213.75,53.145751953125,1376164,0.0,0.0,ADANIENT.NS,Adani Enterprises Limited,Thermal Coal,Energy,Mr. Gautambhai Shantilal Adani S.Y. B.Com,"Ahmedabad, India",https://www.adanienterprises.com,2311.75,2238.85,2668245024768,77.16122,29.96,0.00059999997,3743.9,2025.0
2009-12-08 00:00:00+05:30,53.3389641156217,2314.95,2213.75,53.23126983642578,1376164,0.0,0.0,ADANIENT.NS,Adani Enterprises Limited,Thermal Coal,Energy,Mr. Gautambhai Shantilal Adani S.Y. B.Com,"Ahmedabad, India",https://www.adanienterprises.com,2311.75,2238.85,2668245024768,77.16122,29.96,0.00059999997,3743.9,2025.0
2009-12-09 00:00:00+05:30,53.52267082069371,2314.95,2213.75,53.57334899902344,1376164,0.0,0.0,ADANIENT.NS,Adani Enterprises Limited,Thermal Coal,Energy,Mr. Gautambhai Shantilal Adani S.Y. B.Com,"Ahmedabad, India",https://www.adanienterprises.com,2311.75,2238.85,2668245024768,77.16122,29.96,0.00059999997,3743.9,2025.0
2009-12-10 00:00:00+05:30,54.47921625437349,2314.95,2213.75,54.16881561279297,1376164,0.0,2.0,ADANIENT.NS,Adani Enterprises Limited,Thermal Coal,Energy,Mr. Gautambhai Shantilal Adani S.Y. B.Com,"Ahmedabad, India",https://www.adanienterprises.com,2311.75,2238.85,2668245024768,77.16122,29.96,0.00059999997,3743.9,2025.0
2009-12-11 00:00:00+05:30,54.479232041045165,2314.95,2213.75,53.92177200317383,1376164,0.0,0.0,ADANIENT.NS,Adani Enterprises Limited,Thermal Coal,Energy,Mr. Gautambhai Shantilal Adani S.Y. B.Com,"Ahmedabad, India",https://www.adanienterprises.com,2311.75,2238.85,2668245024768,77.16122,29.96,0.00059999997,3743.9,2025.0
2009-12-14 00:00:00+05:30,54.40955474217117,2314.95,2213.75,53.87743377685547,1376164,0.0,0.0,ADANIENT.NS,Adani Enterprises Limited,Thermal Coal,Energy,Mr. Gautambhai Shantilal Adani S.Y. B.Com,"Ahmedabad, India",https://www.adanienterprises.com,2311.75,2238.85,2668245024768,77.16122,29.96,0.00059999997,3743.9,2025.0
2009-12-15 00:00:00+05:30,53.90910040364017,2314.95,2213.75,53.12358856201172,1376164,0.0,0.0,ADANIENT.NS,Adani Enterprises Limited,Thermal Coal,Energy,Mr. Gautambhai Shantilal Adani S.Y. B.Com,"Ahmedabad, India",https://www.adanienterprises.com,2311.75,2238.85,2668245024768,77.16122,29.96,0.00059999997,3743.9,2025.0
2009-12-16 00:00:00+05:30,52.578789207224375,2314.95,2213.75,53.719051361083984,1376164,0.0,0.0,ADANIENT.NS,Adani Enterprises Limited,Thermal Coal,Energy,Mr. Gautambhai Shantilal Adani S.Y. B.Com,"Ahmedabad, India",https://www.adanienterprises.com,2311.75,2238.85,2668245024768,77.16122,29.96,0.00059999997,3743.9,2025.0
2009-12-17 00:00:00+05:30,54.213164613474895,2314.95,2213.75,53.75706100463867,1376164,0.0,0.0,ADANIENT.NS,Adani Enterprises Limited,Thermal Coal,Energy,Mr. Gautambhai Shantilal Adani S.Y. B.Com,"Ahmedabad, India",https://www.adanienterprises.com,2311.75,2238.85,2668245024768,77.16122,29.96,0.00059999997,3743.9,2025.0
2009-12-18 00:00:00+05:30,53.782404139411234,2314.95,2213.75,53.78874206542969,1376164,0.0,0.0,ADANIENT.NS,Adani Enterprises Limited,Thermal Coal,Energy,Mr. Gautambhai Shantilal Adani S.Y. B.Com,"Ahmedabad, India",https://www.adanienterprises.com,2311.75,2238.85,2668245024768,77.16122,29.96,0.00059999997,3743.9,2025.0
2009-12-21 00:00:00+05:30,53.845748384201215,2314.95,2213.75,53.49100112915039,1376164,0.0,0.0,ADANIENT.NS,Adani Enterprises Limited,Thermal Coal,Energy,Mr. Gautambhai Shantilal Adani S.Y. B.Com,"Ahmedabad, India",https://www.adanienterprises.com,2311.75,2238.85,2668245024768,77.16122,29.96,0.00059999997,3743.9,2025.0
2009-12-22 00:00:00+05:30,53.782406403425405,2314.95,2213.75,52.9145393371582,1376164,0.0,0.0,ADANIENT.NS,Adani Enterprises Limited,Thermal Coal,Energy,Mr. Gautambhai Shantilal Adani S.Y. B.Com,"Ahmedabad, India",https://www.adanienterprises.com,2311.75,2238.85,2668245024768,77.16122,29.96,0.00059999997,3743.9,2025.0
2009-12-23 00:00:00+05:30,53.465663924920335,2314.95,2213.75,54.01679229736328,1376164,0.0,0.0,ADANIENT.NS,Adani Enterprises Limited,Thermal Coal,Energy,Mr. Gautambhai Shantilal Adani S.Y. B.Com,"Ahmedabad, India",https://www.adanienterprises.com,2311.75,2238.85,2668245024768,77.16122,29.96,0.00059999997,3743.9,2025.0
2009-12-24 00:00:00+05:30,54.09914074729208,2314.95,2213.75,54.50456619262695,1376164,0.0,0.0,ADANIENT.NS,Adani Enterprises Limited,Thermal Coal,Energy,Mr. Gautambhai Shantilal Adani S.Y. B.Com,"Ahmedabad, India",https://www.adanienterprises.com,2311.75,2238.85,2668245024768,77.16122,29.96,0.00059999997,3743.9,2025.0
2009-12-29 00:00:00+05:30,55.11271322300608,2314.95,2213.75,54.26384735107422,1376164,0.0,0.0,ADANIENT.NS,Adani Enterprises Limited,Thermal Coal,Energy,Mr. Gautambhai Shantilal Adani S.Y. B.Com,"Ahmedabad, India",https://www.adanienterprises.com,2311.75,2238.85,2668245024768,77.16122,29.96,0.00059999997,3743.9,2025.0
2009-12-30 00:00:00+05:30,53.84574894825021,2314.95,2213.75,55.068363189697266,1376164,0.0,0.0,ADANIENT.NS,Adani Enterprises Limited,Thermal Coal,Energy,Mr. Gautambhai Shantilal Adani S.Y. B.Com,"Ahmedabad, India",https://www.adanienterprises.com,2311.75,2238.85,2668245024768,77.16122,29.96,0.00059999997,3743.9,2025.0
2009-12-31 00:00:00+05:30,55.61948910296302,2314.95,2213.75,55.239402770996094,1376164,0.0,0.0,ADANIENT.NS,Adani Enterprises Limited,Thermal Coal,Energy,Mr. Gautambhai Shantilal Adani S.Y. B.Com,"Ahmedabad, India",https://www.adanienterprises.com,2311.75,2238.85,2668245024768,77.16122,29.96,0.00059999997,3743.9,2025.0
2010-01-04 00:00:00+05:30,55.39142666592399,2314.95,2213.75,57.21584701538086,1376164,0.0,0.0,ADANIENT.NS,Adani Enterprises Limited,Thermal Coal,Energy,Mr. Gautambhai Shantilal Adani S.Y. B.Com,"Ahmedabad, India",https://www.adanienterprises.com,2311.75,2238.85,2668245024768,77.16122,29.96,0.00059999997,3743.9,2025.0
2010-01-05 00:00:00+05:30,57.39323605897323,2314.95,2213.75,58.539833068847656,1376164,0.0,0.0,ADANIENT.NS,Adani Enterprises Limited,Thermal Coal,Energy,Mr. Gautambhai Shantilal Adani S.Y. B.Com,"Ahmedabad, India",https://www.adanienterprises.com,2311.75,2238.85,2668245024768,77.16122,29.96,0.00059999997,3743.9,2025.0
2010-01-06 00:00:00+05:30,58.66020101574231,2314.95,2213.75,64.31716918945312,1376164,0.0,0.0,ADANIENT.NS,Adani Enterprises Limited,Thermal Coal,Energy,Mr. Gautambhai Shantilal Adani S.Y. B.Com,"Ahmedabad, India",https://www.adanienterprises.com,2311.75,2238.85,2668245024768,77.16122,29.96,0.00059999997,3743.9,2025.0
2010-01-07 00:00:00+05:30,65.80583168864295,2314.95,2213.75,61.662872314453125,1376164,0.0,0.0,ADANIENT.NS,Adani Enterprises Limited,Thermal Coal,Energy,Mr. Gautambhai Shantilal Adani S.Y. B.Com,"Ahmedabad, India",https://www.adanienterprises.com,2311.75,2238.85,2668245024768,77.16122,29.96,0.00059999997,3743.9,2025.0
2010-01-08 00:00:00+05:30,62.055645693192695,2314.95,2213.75,62.44207000732422,1376164,0.0,0.0,ADANIENT.NS,Adani Enterprises Limited,Thermal Coal,Energy,Mr. Gautambhai Shantilal Adani S.Y. B.Com,"Ahmedabad, India",https://www.adanienterprises.com,2311.75,2238.85,2668245024768,77.16122,29.96,0.00059999997,3743.9,2025.0
2010-01-11 00:00:00+05:30,62.587760695313825,2314.95,2213.75,63.556983947753906,1376164,0.0,0.0,ADANIENT.NS,Adani Enterprises Limited,Thermal Coal,Energy,Mr. Gautambhai Shantilal Adani S.Y. B.Com,"Ahmedabad, India",https://www.adanienterprises.com,2311.75,2238.85,2668245024768,77.16122,29.96,0.00059999997,3743.9,2025.0
2010-01-12 00:00:00+05:30,63.91806958487155,2314.95,2213.75,59.37602233886719,1376164,0.0,0.0,ADANIENT.NS,Adani Enterprises Limited,Thermal Coal,Energy,Mr. Gautambhai Shantilal Adani S.Y. B.Com,"Ahmedabad, India",https://www.adanienterprises.com,2311.75,2238.85,2668245024768,77.16122,29.96,0.00059999997,3743.9,2025.0
2010-01-13 00:00:00+05:30,60.16787030816077,2314.95,2213.75,58.710872650146484,1376164,0.0,0.0,ADANIENT.NS,Adani Enterprises Limited,Thermal Coal,Energy,Mr. Gautambhai Shantilal Adani S.Y. B.Com,"Ahmedabad, India",https://www.adanienterprises.com,2311.75,2238.85,2668245024768,77.16122,29.96,0.00059999997,3743.9,2025.0
2010-01-14 00:00:00+05:30,59.509055907441635,2314.95,2213.75,61.13076400756836,1376164,0.0,0.0,ADANIENT.NS,Adani Enterprises Limited,Thermal Coal,Energy,Mr. Gautambhai Shantilal Adani S.Y. B.Com,"Ahmedabad, India",https://www.adanienterprises.com,2311.75,2238.85,2668245024768,77.16122,29.96,0.00059999997,3743.9,2025.0
2010-01-15 00:00:00+05:30,61.44750357984405,2314.95,2213.75,61.11809539794922,1376164,0.0,0.0,ADANIENT.NS,Adani Enterprises Limited,Thermal Coal,Energy,Mr. Gautambhai Shantilal Adani S.Y. B.Com,"Ahmedabad, India",https://www.adanienterprises.com,2311.75,2238.85,2668245024768,77.16122,29.96,0.00059999997,3743.9,2025.0
2010-01-18 00:00:00+05:30,60.32624349202345,2314.95,2213.75,60.389591217041016,1376164,0.0,0.0,ADANIENT.NS,Adani Enterprises Limited,Thermal Coal,Energy,Mr. Gautambhai Shantilal Adani S.Y. B.Com,"Ahmedabad, India",https://www.adanienterprises.com,2311.75,2238.85,2668245024768,77.16122,29.96,0.00059999997,3743.9,2025.0
2010-01-19 00:00:00+05:30,60.79501919766877,2314.95,2213.75,60.14887237548828,1376164,0.0,0.0,ADANIENT.NS,Adani Enterprises Limited,Thermal Coal,Energy,Mr. Gautambhai Shantilal Adani S.Y. B.Com,"Ahmedabad, India",https://www.adanienterprises.com,2311.75,2238.85,2668245024768,77.16122,29.96,0.00059999997,3743.9,2025.0
2010-01-20 00:00:00+05:30,60.81401387226008,2314.95,2213.75,60.57962417602539,1376164,0.0,0.0,ADANIENT.NS,Adani Enterprises Limited,Thermal Coal,Energy,Mr. Gautambhai Shantilal Adani S.Y. B.Com,"Ahmedabad, India",https://www.adanienterprises.com,2311.75,2238.85,2668245024768,77.16122,29.96,0.00059999997,3743.9,2025.0
2010-01-21 00:00:00+05:30,59.547071251409676,2314.95,2213.75,59.24934005737305,1376164,0.0,0.0,ADANIENT.NS,Adani Enterprises Limited,Thermal Coal,Energy,Mr. Gautambhai Shantilal Adani S.Y. B.Com,"Ahmedabad, India",https://www.adanienterprises.com,2311.75,2238.85,2668245024768,77.16122,29.96,0.00059999997,3743.9,2025.0
2010-01-22 00:00:00+05:30,58.66019812409339,2314.95,2213.75,58.72987747192383,1376164,0.0,0.0,ADANIENT.NS,Adani Enterprises Limited,Thermal Coal,Energy,Mr. Gautambhai Shantilal Adani S.Y. B.Com,"Ahmedabad, India",https://www.adanienterprises.com,2311.75,2238.85,2668245024768,77.16122,29.96,0.00059999997,3743.9,2025.0
2010-01-25 00:00:00+05:30,57.646628256395545,2314.95,2213.75,57.55794143676758,1376164,0.0,0.0,ADANIENT.NS,Adani Enterprises Limited,Thermal Coal,Energy,Mr. Gautambhai Shantilal Adani S.Y. B.Com,"Ahmedabad, India",https://www.adanienterprises.com,2311.75,2238.85,2668245024768,77.16122,29.96,0.00059999997,3743.9,2025.0
2010-01-27 00:00:00+05:30,57.77332069570905,2314.95,2213.75,56.392333984375,1376164,0.0,0.0,ADANIENT.NS,Adani Enterprises Limited,Thermal Coal,Energy,Mr. Gautambhai Shantilal Adani S.Y. B.Com,"Ahmedabad, India",https://www.adanienterprises.com,2311.75,2238.85,2668245024768,77.16122,29.96,0.00059999997,3743.9,2025.0
2010-01-28 00:00:00+05:30,56.39233507759152,2314.95,2213.75,56.36066436767578,1376164,0.0,0.0,ADANIENT.NS,Adani Enterprises Limited,Thermal Coal,Energy,Mr. Gautambhai Shantilal Adani S.Y. B.Com,"Ahmedabad, India",https://www.adanienterprises.com,2311.75,2238.85,2668245024768,77.16122,29.96,0.00059999997,3743.9,2025.0
2010-01-29 00:00:00+05:30,55.366105388947425,2314.95,2213.75,56.157955169677734,1376164,0.0,0.0,ADANIENT.NS,Adani Enterprises Limited,Thermal Coal,Energy,Mr. Gautambhai Shantilal Adani S.Y. B.Com,"Ahmedabad, India",https://www.adanienterprises.com,2311.75,2238.85,2668245024768,77.16122,29.96,0.00059999997,3743.9,2025.0
2010-02-01 00:00:00+05:30,55.36610812980402,2314.95,2213.75,57.99504852294922,1376164,0.0,0.0,ADANIENT.NS,Adani Enterprises Limited,Thermal Coal,Energy,Mr. Gautambhai Shantilal Adani S.Y. B.Com,"Ahmedabad, India",https://www.adanienterprises.com,2311.75,2238.85,2668245024768,77.16122,29.96,0.00059999997,3743.9,2025.0
2010-02-02 00:00:00+05:30,58.5334909751779,2314.95,2213.75,59.1479606628418,1376164,0.0,0.0,ADANIENT.NS,Adani Enterprises Limited,Thermal Coal,Energy,Mr. Gautambhai Shantilal Adani S.Y. B.Com,"Ahmedabad, India",https://www.adanienterprises.com,2311.75,2238.85,2668245024768,77.16122,29.96,0.00059999997,3743.9,2025.0
2010-02-03 00:00:00+05:30,59.54706726945773,2314.95,2213.75,61.64388656616211,1376164,0.0,0.0,ADANIENT.NS,Adani Enterprises Limited,Thermal Coal,Energy,Mr. Gautambhai Shantilal Adani S.Y. B.Com,"Ahmedabad, India",https://www.adanienterprises.com,2311.75,2238.85,2668245024768,77.16122,29.96,0.00059999997,3743.9,2025.0
2010-02-04 00:00:00+05:30,60.814016999211304,2314.95,2213.75,60.62397384643555,1376164,0.0,0.0,ADANIENT.NS,Adani Enterprises Limited,Thermal Coal,Energy,Mr. Gautambhai Shantilal Adani S.Y. B.Com,"Ahmedabad, India",https://www.adanienterprises.com,2311.75,2238.85,2668245024768,77.16122,29.96,0.00059999997,3743.9,2025.0
2010-02-05 00:00:00+05:30,58.28009842568321,2314.95,2213.75,59.154296875,1376164,0.0,0.0,ADANIENT.NS,Adani Enterprises Limited,Thermal Coal,Energy,Mr. Gautambhai Shantilal Adani S.Y. B.Com,"Ahmedabad, India",https://www.adanienterprises.com,2311.75,2238.85,2668245024768,77.16122,29.96,0.00059999997,3743.9,2025.0
2010-02-08 00:00:00+05:30,58.28011729419803,2314.95,2213.75,59.806800842285156,1376164,0.0,0.0,ADANIENT.NS,Adani Enterprises Limited,Thermal Coal,Energy,Mr. Gautambhai Shantilal Adani S.Y. B.Com,"Ahmedabad, India",https://www.adanienterprises.com,2311.75,2238.85,2668245024768,77.16122,29.96,0.00059999997,3743.9,2025.0
2010-02-09 00:00:00+05:30,59.80678406264191,2314.95,2213.75,60.655643463134766,1376164,0.0,0.0,ADANIENT.NS,Adani Enterprises Limited,Thermal Coal,Energy,Mr. Gautambhai Shantilal Adani S.Y. B.Com,"Ahmedabad, India",https://www.adanienterprises.com,2311.75,2238.85,2668245024768,77.16122,29.96,0.00059999997,3743.9,2025.0
2010-02-10 00:00:00+05:30,59.547069886663216,2314.95,2213.75,60.95339584350586,1376164,0.0,0.0,ADANIENT.NS,Adani Enterprises Limited,Thermal Coal,Energy,Mr. Gautambhai Shantilal Adani S.Y. B.Com,"Ahmedabad, India",https://www.adanienterprises.com,2311.75,2238.85,2668245024768,77.16122,29.96,0.00059999997,3743.9,2025.0
2010-02-11 00:00:00+05:30,60.43393958469658,2314.95,2213.75,61.536190032958984,1376164,0.0,0.0,ADANIENT.NS,Adani Enterprises Limited,Thermal Coal,Energy,Mr. Gautambhai Shantilal Adani S.Y. B.Com,"Ahmedabad, India",https://www.adanienterprises.com,2311.75,2238.85,2668245024768,77.16122,29.96,0.00059999997,3743.9,2025.0
2010-02-15 00:00:00+05:30,62.08098035102886,2314.95,2213.75,61.9859619140625,1376164,0.0,0.0,ADANIENT.NS,Adani Enterprises Limited,Thermal Coal,Energy,Mr. Gautambhai Shantilal Adani S.Y. B.Com,"Ahmedabad, India",https://www.adanienterprises.com,2311.75,2238.85,2668245024768,77.16122,29.96,0.00059999997,3743.9,2025.0
2010-02-16 00:00:00+05:30,62.714463719405565,2314.95,2213.75,63.056541442871094,1376164,0.0,0.0,ADANIENT.NS,Adani Enterprises Limited,Thermal Coal,Energy,Mr. Gautambhai Shantilal Adani S.Y. B.Com,"Ahmedabad, India",https://www.adanienterprises.com,2311.75,2238.85,2668245024768,77.16122,29.96,0.00059999997,3743.9,2025.0
2010-02-17 00:00:00+05:30,64.62757374179189,2314.95,2213.75,65.71082305908203,1376164,0.0,0.0,ADANIENT.NS,Adani Enterprises Limited,Thermal Coal,Energy,Mr. Gautambhai Shantilal Adani S.Y. B.Com,"Ahmedabad, India",https://www.adanienterprises.com,2311.75,2238.85,2668245024768,77.16122,29.96,0.00059999997,3743.9,2025.0
2010-02-18 00:00:00+05:30,65.67914809930396,2314.95,2213.75,63.842063903808594,1376164,0.0,0.0,ADANIENT.NS,Adani Enterprises Limited,Thermal Coal,Energy,Mr. Gautambhai Shantilal Adani S.Y. B.Com,"Ahmedabad, India",https://www.adanienterprises.com,2311.75,2238.85,2668245024768,77.16122,29.96,0.00059999997,3743.9,2025.0
2010-02-19 00:00:00+05:30,62.2076851232764,2314.95,2213.75,62.651119232177734,1376164,0.0,0.0,ADANIENT.NS,Adani Enterprises Limited,Thermal Coal,Energy,Mr. Gautambhai Shantilal Adani S.Y. B.Com,"Ahmedabad, India",https://www.adanienterprises.com,2311.75,2238.85,2668245024768,77.16122,29.96,0.00059999997,3743.9,2025.0
2010-02-22 00:00:00+05:30,63.47463422607519,2314.95,2213.75,62.32803726196289,1376164,0.0,0.0,ADANIENT.NS,Adani Enterprises Limited,Thermal Coal,Energy,Mr. Gautambhai Shantilal Adani S.Y. B.Com,"Ahmedabad, India",https://www.adanienterprises.com,2311.75,2238.85,2668245024768,77.16122,29.96,0.00059999997,3743.9,2025.0
2010-02-23 00:00:00+05:30,62.32803999792862,2314.95,2213.75,62.23935317993164,1376164,0.0,0.0,ADANIENT.NS,Adani Enterprises Limited,Thermal Coal,Energy,Mr. Gautambhai Shantilal Adani S.Y. B.Com,"Ahmedabad, India",https://www.adanienterprises.com,2311.75,2238.85,2668245024768,77.16122,29.96,0.00059999997,3743.9,2025.0
2010-02-24 00:00:00+05:30,61.827592748695146,2314.95,2213.75,62.18234634399414,1376164,0.0,0.0,ADANIENT.NS,Adani Enterprises Limited,Thermal Coal,Energy,Mr. Gautambhai Shantilal Adani S.Y. B.Com,"Ahmedabad, India",https://www.adanienterprises.com,2311.75,2238.85,2668245024768,77.16122,29.96,0.00059999997,3743.9,2025.0
2010-02-25 00:00:00+05:30,60.81403830453275,2314.95,2213.75,61.6248893737793,1376164,0.0,0.0,ADANIENT.NS,Adani Enterprises Limited,Thermal Coal,Energy,Mr. Gautambhai Shantilal Adani S.Y. B.Com,"Ahmedabad, India",https://www.adanienterprises.com,2311.75,2238.85,2668245024768,77.16122,29.96,0.00059999997,3743.9,2025.0
2010-02-26 00:00:00+05:30,61.7008895119706,2314.95,2213.75,61.650211334228516,1376164,0.0,0.0,ADANIENT.NS,Adani Enterprises Limited,Thermal Coal,Energy,Mr. Gautambhai Shantilal Adani S.Y. B.Com,"Ahmedabad, India",https://www.adanienterprises.com,2311.75,2238.85,2668245024768,77.16122,29.96,0.00059999997,3743.9,2025.0
2010-03-02 00:00:00+05:30,62.080962182331334,2314.95,2213.75,61.523502349853516,1376164,0.0,0.0,ADANIENT.NS,Adani Enterprises Limited,Thermal Coal,Energy,Mr. Gautambhai Shantilal Adani S.Y. B.Com,"Ahmedabad, India",https://www.adanienterprises.com,2311.75,2238.85,2668245024768,77.16122,29.96,0.00059999997,3743.9,2025.0
2010-03-03 00:00:00+05:30,61.57420914058901,2314.95,2213.75,62.75248336791992,1376164,0.0,0.0,ADANIENT.NS,Adani Enterprises Limited,Thermal Coal,Energy,Mr. Gautambhai Shantilal Adani S.Y. B.Com,"Ahmedabad, India",https://www.adanienterprises.com,2311.75,2238.85,2668245024768,77.16122,29.96,0.00059999997,3743.9,2025.0
2010-03-04 00:00:00+05:30,62.96785115314999,2314.95,2213.75,62.63844299316406,1376164,0.0,0.0,ADANIENT.NS,Adani Enterprises Limited,Thermal Coal,Energy,Mr. Gautambhai Shantilal Adani S.Y. B.Com,"Ahmedabad, India",https://www.adanienterprises.com,2311.75,2238.85,2668245024768,77.16122,29.96,0.00059999997,3743.9,2025.0
2010-03-05 00:00:00+05:30,62.71446798776541,2314.95,2213.75,63.842063903808594,1376164,0.0,0.0,ADANIENT.NS,Adani Enterprises Limited,Thermal Coal,Energy,Mr. Gautambhai Shantilal Adani S.Y. B.Com,"Ahmedabad, India",https://www.adanienterprises.com,2311.75,2238.85,2668245024768,77.16122,29.96,0.00059999997,3743.9,2025.0
2010-03-08 00:00:00+05:30,64.36149546717266,2314.95,2213.75,64.05742645263672,1376164,0.0,0.0,ADANIENT.NS,Adani Enterprises Limited,Thermal Coal,Energy,Mr. Gautambhai Shantilal Adani S.Y. B.Com,"Ahmedabad, India",https://www.adanienterprises.com,2311.75,2238.85,2668245024768,77.16122,29.96,0.00059999997,3743.9,2025.0
2010-03-09 00:00:00+05:30,64.01943464692383,2314.95,2213.75,63.94974899291992,1376164,0.0,0.0,ADANIENT.NS,Adani Enterprises Limited,Thermal Coal,Energy,Mr. Gautambhai Shantilal Adani S.Y. B.Com,"Ahmedabad, India",https://www.adanienterprises.com,2311.75,2238.85,2668245024768,77.16122,29.96,0.00059999997,3743.9,2025.0
2010-03-10 00:00:00+05:30,63.981426189077936,2314.95,2213.75,61.60587692260742,1376164,0.0,0.0,ADANIENT.NS,Adani Enterprises Limited,Thermal Coal,Energy,Mr. Gautambhai Shantilal Adani S.Y. B.Com,"Ahmedabad, India",https://www.adanienterprises.com,2311.75,2238.85,2668245024768,77.16122,29.96,0.00059999997,3743.9,2025.0
2010-03-11 00:00:00+05:30,57.29821817777858,2314.95,2213.75,60.1298713684082,1376164,0.0,0.0,ADANIENT.NS,Adani Enterprises Limited,Thermal Coal,Energy,Mr. Gautambhai Shantilal Adani S.Y. B.Com,"Ahmedabad, India",https://www.adanienterprises.com,2311.75,2238.85,2668245024768,77.16122,29.96,0.00059999997,3743.9,2025.0
2010-03-12 00:00:00+05:30,60.433945012297116,2314.95,2213.75,60.80769348144531,1376164,0.0,0.0,ADANIENT.NS,Adani Enterprises Limited,Thermal Coal,Energy,Mr. Gautambhai Shantilal Adani S.Y. B.Com,"Ahmedabad, India",https://www.adanienterprises.com,2311.75,2238.85,2668245024768,77.16122,29.96,0.00059999997,3743.9,2025.0
2010-03-15 00:00:00+05:30,60.94071945797319,2314.95,2213.75,60.83936309814453,1376164,0.0,0.0,ADANIENT.NS,Adani Enterprises Limited,Thermal Coal,Energy,Mr. Gautambhai Shantilal Adani S.Y. B.Com,"Ahmedabad, India",https://www.adanienterprises.com,2311.75,2238.85,2668245024768,77.16122,29.96,0.00059999997,3743.9,2025.0
2010-03-16 00:00:00+05:30,61.37782315182156,2314.95,2213.75,61.70089340209961,1376164,0.0,0.0,ADANIENT.NS,Adani Enterprises Limited,Thermal Coal,Energy,Mr. Gautambhai Shantilal Adani S.Y. B.Com,"Ahmedabad, India",https://www.adanienterprises.com,2311.75,2238.85,2668245024768,77.16122,29.96,0.00059999997,3743.9,2025.0
2010-03-17 00:00:00+05:30,62.562418804984596,2314.95,2213.75,61.0230598449707,1376164,0.0,0.0,ADANIENT.NS,Adani Enterprises Limited,Thermal Coal,Energy,Mr. Gautambhai Shantilal Adani S.Y. B.Com,"Ahmedabad, India",https://www.adanienterprises.com,2311.75,2238.85,2668245024768,77.16122,29.96,0.00059999997,3743.9,2025.0
2010-03-18 00:00:00+05:30,63.08187684927478,2314.95,2213.75,60.814022064208984,1376164,0.0,0.0,ADANIENT.NS,Adani Enterprises Limited,Thermal Coal,Energy,Mr. Gautambhai Shantilal Adani S.Y. B.Com,"Ahmedabad, India",https://www.adanienterprises.com,2311.75,2238.85,2668245024768,77.16122,29.96,0.00059999997,3743.9,2025.0
2010-03-19 00:00:00+05:30,59.54705665072487,2314.95,2213.75,60.82668685913086,1376164,0.0,0.0,ADANIENT.NS,Adani Enterprises Limited,Thermal Coal,Energy,Mr. Gautambhai Shantilal Adani S.Y. B.Com,"Ahmedabad, India",https://www.adanienterprises.com,2311.75,2238.85,2668245024768,77.16122,29.96,0.00059999997,3743.9,2025.0
2010-03-22 00:00:00+05:30,60.68732937066904,2314.95,2213.75,59.00227355957031,1376164,0.0,0.0,ADANIENT.NS,Adani Enterprises Limited,Thermal Coal,Energy,Mr. Gautambhai Shantilal Adani S.Y. B.Com,"Ahmedabad, India",https://www.adanienterprises.com,2311.75,2238.85,2668245024768,77.16122,29.96,0.00059999997,3743.9,2025.0
2010-03-23 00:00:00+05:30,59.16698321451194,2314.95,2213.75,58.87558364868164,1376164,0.0,0.0,ADANIENT.NS,Adani Enterprises Limited,Thermal Coal,Energy,Mr. Gautambhai Shantilal Adani S.Y. B.Com,"Ahmedabad, India",https://www.adanienterprises.com,2311.75,2238.85,2668245024768,77.16122,29.96,0.00059999997,3743.9,2025.0
2010-03-25 00:00:00+05:30,57.931691889299096,2314.95,2213.75,59.597740173339844,1376164,0.0,0.0,ADANIENT.NS,Adani Enterprises Limited,Thermal Coal,Energy,Mr. Gautambhai Shantilal Adani S.Y. B.Com,"Ahmedabad, India",https://www.adanienterprises.com,2311.75,2238.85,2668245024768,77.16122,29.96,0.00059999997,3743.9,2025.0
2010-03-26 00:00:00+05:30,58.9135827421421,2314.95,2213.75,60.02217102050781,1376164,0.0,0.0,ADANIENT.NS,Adani Enterprises Limited,Thermal Coal,Energy,Mr. Gautambhai Shantilal Adani S.Y. B.Com,"Ahmedabad, India",https://www.adanienterprises.com,2311.75,2238.85,2668245024768,77.16122,29.96,0.00059999997,3743.9,2025.0
2010-03-29 00:00:00+05:30,60.06019054375006,2314.95,2213.75,59.73711395263672,1376164,0.0,0.0,ADANIENT.NS,Adani Enterprises Limited,Thermal Coal,Energy,Mr. Gautambhai Shantilal Adani S.Y. B.Com,"Ahmedabad, India",https://www.adanienterprises.com,2311.75,2238.85,2668245024768,77.16122,29.96,0.00059999997,3743.9,2025.0
2010-03-30 00:00:00+05:30,60.56062022602909,2314.95,2213.75,60.04750061035156,1376164,0.0,0.0,ADANIENT.NS,Adani Enterprises Limited,Thermal Coal,Energy,Mr. Gautambhai Shantilal Adani S.Y. B.Com,"Ahmedabad, India",https://www.adanienterprises.com,2311.75,2238.85,2668245024768,77.16122,29.96,0.00059999997,3743.9,2025.0
2010-03-31 00:00:00+05:30,58.54617440127826,2314.95,2213.75,59.50905990600586,1376164,0.0,0.0,ADANIENT.NS,Adani Enterprises Limited,Thermal Coal,Energy,Mr. Gautambhai Shantilal Adani S.Y. B.Com,"Ahmedabad, India",https://www.adanienterprises.com,2311.75,2238.85,2668245024768,77.16122,29.96,0.00059999997,3743.9,2025.0
2010-04-01 00:00:00+05:30,59.80044621661615,2314.95,2213.75,60.706321716308594,1376164,0.0,0.0,ADANIENT.NS,Adani Enterprises Limited,Thermal Coal,Energy,Mr. Gautambhai Shantilal Adani S.Y. B.Com,"Ahmedabad, India",https://www.adanienterprises.com,2311.75,2238.85,2668245024768,77.16122,29.96,0.00059999997,3743.9,2025.0
2010-04-05 00:00:00+05:30,61.32079675264807,2314.95,2213.75,61.669212341308594,1376164,0.0,0.0,ADANIENT.NS,Adani Enterprises Limited,Thermal Coal,Energy,Mr. Gautambhai Shantilal Adani S.Y. B.Com,"Ahmedabad, India",https://www.adanienterprises.com,2311.75,2238.85,2668245024768,77.16122,29.96,0.00059999997,3743.9,2025.0
2010-04-06 00:00:00+05:30,61.878249320005075,2314.95,2213.75,61.301788330078125,1376164,0.0,0.0,ADANIENT.NS,Adani Enterprises Limited,Thermal Coal,Energy,Mr. Gautambhai Shantilal Adani S.Y. B.Com,"Ahmedabad, India",https://www.adanienterprises.com,2311.75,2238.85,2668245024768,77.16122,29.96,0.00059999997,3743.9,2025.0
2010-04-07 00:00:00+05:30,61.57419357298832,2314.95,2213.75,62.347042083740234,1376164,0.0,0.0,ADANIENT.NS,Adani Enterprises Limited,Thermal Coal,Energy,Mr. Gautambhai Shantilal Adani S.Y. B.Com,"Ahmedabad, India",https://www.adanienterprises.com,2311.75,2238.85,2668245024768,77.16122,29.96,0.00059999997,3743.9,2025.0
2010-04-08 00:00:00+05:30,62.52442039604868,2314.95,2213.75,62.28369903564453,1376164,0.0,0.0,ADANIENT.NS,Adani Enterprises Limited,Thermal Coal,Energy,Mr. Gautambhai Shantilal Adani S.Y. B.Com,"Ahmedabad, India",https://www.adanienterprises.com,2311.75,2238.85,2668245024768,77.16122,29.96,0.00059999997,3743.9,2025.0
2010-04-09 00:00:00+05:30,62.080981359444266,2314.95,2213.75,62.02397155761719,1376164,0.0,0.0,ADANIENT.NS,Adani Enterprises Limited,Thermal Coal,Energy,Mr. Gautambhai Shantilal Adani S.Y. B.Com,"Ahmedabad, India",https://www.adanienterprises.com,2311.75,2238.85,2668245024768,77.16122,29.96,0.00059999997,3743.9,2025.0
2010-04-12 00:00:00+05:30,61.960626728439955,2314.95,2213.75,61.48551559448242,1376164,0.0,0.0,ADANIENT.NS,Adani Enterprises Limited,Thermal Coal,Energy,Mr. Gautambhai Shantilal Adani S.Y. B.Com,"Ahmedabad, India",https://www.adanienterprises.com,2311.75,2238.85,2668245024768,77.16122,29.96,0.00059999997,3743.9,2025.0
2010-04-13 00:00:00+05:30,61.941619232620255,2314.95,2213.75,62.036643981933594,1376164,0.0,0.0,ADANIENT.NS,Adani Enterprises Limited,Thermal Coal,Energy,Mr. Gautambhai Shantilal Adani S.Y. B.Com,"Ahmedabad, India",https://www.adanienterprises.com,2311.75,2238.85,2668245024768,77.16122,29.96,0.00059999997,3743.9,2025.0
2010-04-15 00:00:00+05:30,62.20768550300912,2314.95,2213.75,61.80225372314453,1376164,0.0,0.0,ADANIENT.NS,Adani Enterprises Limited,Thermal Coal,Energy,Mr. Gautambhai Shantilal Adani S.Y. B.Com,"Ahmedabad, India",https://www.adanienterprises.com,2311.75,2238.85,2668245024768,77.16122,29.96,0.00059999997,3743.9,2025.0
2010-04-16 00:00:00+05:30,61.58687471323975,2314.95,2213.75,61.39683151245117,1376164,0.0,0.0,ADANIENT.NS,Adani Enterprises Limited,Thermal Coal,Energy,Mr. Gautambhai Shantilal Adani S.Y. B.Com,"Ahmedabad, India",https://www.adanienterprises.com,2311.75,2238.85,2668245024768,77.16122,29.96,0.00059999997,3743.9,2025.0
2010-04-19 00:00:00+05:30,60.81403120315049,2314.95,2213.75,62.530757904052734,1376164,0.0,0.0,ADANIENT.NS,Adani Enterprises Limited,Thermal Coal,Energy,Mr. Gautambhai Shantilal Adani S.Y. B.Com,"Ahmedabad, India",https://www.adanienterprises.com,2311.75,2238.85,2668245024768,77.16122,29.96,0.00059999997,3743.9,2025.0
2010-04-20 00:00:00+05:30,63.240250494824444,2314.95,2213.75,66.1922607421875,1376164,0.0,0.0,ADANIENT.NS,Adani Enterprises Limited,Thermal Coal,Energy,Mr. Gautambhai Shantilal Adani S.Y. B.Com,"Ahmedabad, India",https://www.adanienterprises.com,2311.75,2238.85,2668245024768,77.16122,29.96,0.00059999997,3743.9,2025.0
2010-04-21 00:00:00+05:30,66.74338911201947,2314.95,2213.75,68.96690368652344,1376164,0.0,0.0,ADANIENT.NS,Adani Enterprises Limited,Thermal Coal,Energy,Mr. Gautambhai Shantilal Adani S.Y. B.Com,"Ahmedabad, India",https://www.adanienterprises.com,2311.75,2238.85,2668245024768,77.16122,29.96,0.00059999997,3743.9,2025.0
2010-04-22 00:00:00+05:30,69.30263853498955,2314.95,2213.75,70.11982727050781,1376164,0.0,0.0,ADANIENT.NS,Adani Enterprises Limited,Thermal Coal,Energy,Mr. Gautambhai Shantilal Adani S.Y. B.Com,"Ahmedabad, India",https://www.adanienterprises.com,2311.75,2238.85,2668245024768,77.16122,29.96,0.00059999997,3743.9,2025.0
2010-04-23 00:00:00+05:30,72.11529421833762,2314.95,2213.75,71.304443359375,1376164,0.0,0.0,ADANIENT.NS,Adani Enterprises Limited,Thermal Coal,Energy,Mr. Gautambhai Shantilal Adani S.Y. B.Com,"Ahmedabad, India",https://www.adanienterprises.com,2311.75,2238.85,2668245024768,77.16122,29.96,0.00059999997,3743.9,2025.0
2010-04-26 00:00:00+05:30,71.4564790353208,2314.95,2213.75,72.6157455444336,1376164,0.0,0.0,ADANIENT.NS,Adani Enterprises Limited,Thermal Coal,Energy,Mr. Gautambhai Shantilal Adani S.Y. B.Com,"Ahmedabad, India",https://www.adanienterprises.com,2311.75,2238.85,2668245024768,77.16122,29.96,0.00059999997,3743.9,2025.0
2010-04-27 00:00:00+05:30,72.72343298453696,2314.95,2213.75,73.55329132080078,1376164,0.0,0.0,ADANIENT.NS,Adani Enterprises Limited,Thermal Coal,Energy,Mr. Gautambhai Shantilal Adani S.Y. B.Com,"Ahmedabad, India",https://www.adanienterprises.com,2311.75,2238.85,2668245024768,77.16122,29.96,0.00059999997,3743.9,2025.0
2010-04-28 00:00:00+05:30,73.10351782120517,2314.95,2213.75,71.36779022216797,1376164,0.0,0.0,ADANIENT.NS,Adani Enterprises Limited,Thermal Coal,Energy,Mr. Gautambhai Shantilal Adani S.Y. B.Com,"Ahmedabad, India",https://www.adanienterprises.com,2311.75,2238.85,2668245024768,77.16122,29.96,0.00059999997,3743.9,2025.0
2010-04-29 00:00:00+05:30,71.58318729888872,2314.95,2213.75,71.13341522216797,1376164,0.0,0.0,ADANIENT.NS,Adani Enterprises Limited,Thermal Coal,Energy,Mr. Gautambhai Shantilal Adani S.Y. B.Com,"Ahmedabad, India",https://www.adanienterprises.com,2311.75,2238.85,2668245024768,77.16122,29.96,0.00059999997,3743.9,2025.0
2010-04-30 00:00:00+05:30,71.58317310991765,2314.95,2213.75,71.27276611328125,1376164,0.0,0.0,ADANIENT.NS,Adani Enterprises Limited,Thermal Coal,Energy,Mr. Gautambhai Shantilal Adani S.Y. B.Com,"Ahmedabad, India",https://www.adanienterprises.com,2311.75,2238.85,2668245024768,77.16122,29.96,0.00059999997,3743.9,2025.0
2010-05-03 00:00:00+05:30,70.93701821916203,2314.95,2213.75,71.96958923339844,1376164,0.0,0.0,ADANIENT.NS,Adani Enterprises Limited,Thermal Coal,Energy,Mr. Gautambhai Shantilal Adani S.Y. B.Com,"Ahmedabad, India",https://www.adanienterprises.com,2311.75,2238.85,2668245024768,77.16122,29.96,0.00059999997,3743.9,2025.0
2010-05-04 00:00:00+05:30,69.8094194272029,2314.95,2213.75,71.32343292236328,1376164,0.0,0.0,ADANIENT.NS,Adani Enterprises Limited,Thermal Coal,Energy,Mr. Gautambhai Shantilal Adani S.Y. B.Com,"Ahmedabad, India",https://www.adanienterprises.com,2311.75,2238.85,2668245024768,77.16122,29.96,0.00059999997,3743.9,2025.0
2010-05-05 00:00:00+05:30,71.07639326520903,2314.95,2213.75,71.6085205078125,1376164,0.0,0.0,ADANIENT.NS,Adani Enterprises Limited,Thermal Coal,Energy,Mr. Gautambhai Shantilal Adani S.Y. B.Com,"Ahmedabad, India",https://www.adanienterprises.com,2311.75,2238.85,2668245024768,77.16122,29.96,0.00059999997,3743.9,2025.0
2010-05-06 00:00:00+05:30,71.23475242398462,2314.95,2213.75,71.58316802978516,1376164,0.0,0.0,ADANIENT.NS,Adani Enterprises Limited,Thermal Coal,Energy,Mr. Gautambhai Shantilal Adani S.Y. B.Com,"Ahmedabad, India",https://www.adanienterprises.com,2311.75,2238.85,2668245024768,77.16122,29.96,0.00059999997,3743.9,2025.0
2010-05-07 00:00:00+05:30,70.93700713906483,2314.95,2213.75,71.05103302001953,1376164,0.0,0.0,ADANIENT.NS,Adani Enterprises Limited,Thermal Coal,Energy,Mr. Gautambhai Shantilal Adani S.Y. B.Com,"Ahmedabad, India",https://www.adanienterprises.com,2311.75,2238.85,2668245024768,77.16122,29.96,0.00059999997,3743.9,2025.0
2010-05-10 00:00:00+05:30,71.07639697939916,2314.95,2213.75,73.6039810180664,1376164,0.0,0.0,ADANIENT.NS,Adani Enterprises Limited,Thermal Coal,Energy,Mr. Gautambhai Shantilal Adani S.Y. B.Com,"Ahmedabad, India",https://www.adanienterprises.com,2311.75,2238.85,2668245024768,77.16122,29.96,0.00059999997,3743.9,2025.0
2010-05-11 00:00:00+05:30,73.96505404646862,2314.95,2213.75,73.6483154296875,1376164,0.0,0.0,ADANIENT.NS,Adani Enterprises Limited,Thermal Coal,Energy,Mr. Gautambhai Shantilal Adani S.Y. B.Com,"Ahmedabad, India",https://www.adanienterprises.com,2311.75,2238.85,2668245024768,77.16122,29.96,0.00059999997,3743.9,2025.0
2010-05-12 00:00:00+05:30,73.99038421601729,2314.95,2213.75,73.57862091064453,1376164,0.0,0.0,ADANIENT.NS,Adani Enterprises Limited,Thermal Coal,Energy,Mr. Gautambhai Shantilal Adani S.Y. B.Com,"Ahmedabad, India",https://www.adanienterprises.com,2311.75,2238.85,2668245024768,77.16122,29.96,0.00059999997,3743.9,2025.0
2010-05-13 00:00:00+05:30,73.73701093387153,2314.95,2213.75,73.85736846923828,1376164,0.0,0.0,ADANIENT.NS,Adani Enterprises Limited,Thermal Coal,Energy,Mr. Gautambhai Shantilal Adani S.Y. B.Com,"Ahmedabad, India",https://www.adanienterprises.com,2311.75,2238.85,2668245024768,77.16122,29.96,0.00059999997,3743.9,2025.0
2010-05-14 00:00:00+05:30,73.48361832197126,2314.95,2213.75,75.68812561035156,1376164,0.0,0.0,ADANIENT.NS,Adani Enterprises Limited,Thermal Coal,Energy,Mr. Gautambhai Shantilal Adani S.Y. B.Com,"Ahmedabad, India",https://www.adanienterprises.com,2311.75,2238.85,2668245024768,77.16122,29.96,0.00059999997,3743.9,2025.0
2010-05-17 00:00:00+05:30,74.62388105857495,2314.95,2213.75,73.83203125,1376164,0.0,0.0,ADANIENT.NS,Adani Enterprises Limited,Thermal Coal,Energy,Mr. Gautambhai Shantilal Adani S.Y. B.Com,"Ahmedabad, India",https://www.adanienterprises.com,2311.75,2238.85,2668245024768,77.16122,29.96,0.00059999997,3743.9,2025.0
2010-05-18 00:00:00+05:30,74.06007195273257,2314.95,2213.75,74.58586120605469,1376164,0.0,0.0,ADANIENT.NS,Adani Enterprises Limited,Thermal Coal,Energy,Mr. Gautambhai Shantilal Adani S.Y. B.Com,"Ahmedabad, India",https://www.adanienterprises.com,2311.75,2238.85,2668245024768,77.16122,29.96,0.00059999997,3743.9,2025.0
2010-05-19 00:00:00+05:30,73.61030197221051,2314.95,2213.75,73.23020935058594,1376164,0.0,0.0,ADANIENT.NS,Adani Enterprises Limited,Thermal Coal,Energy,Mr. Gautambhai Shantilal Adani S.Y. B.Com,"Ahmedabad, India",https://www.adanienterprises.com,2311.75,2238.85,2668245024768,77.16122,29.96,0.00059999997,3743.9,2025.0
2010-05-20 00:00:00+05:30,73.48361496763428,2314.95,2213.75,75.27002716064453,1376164,0.0,0.0,ADANIENT.NS,Adani Enterprises Limited,Thermal Coal,Energy,Mr. Gautambhai Shantilal Adani S.Y. B.Com,"Ahmedabad, India",https://www.adanienterprises.com,2311.75,2238.85,2668245024768,77.16122,29.96,0.00059999997,3743.9,2025.0
2010-05-21 00:00:00+05:30,73.49628767397436,2314.95,2213.75,74.9849624633789,1376164,0.0,0.0,ADANIENT.NS,Adani Enterprises Limited,Thermal Coal,Energy,Mr. Gautambhai Shantilal Adani S.Y. B.Com,"Ahmedabad, India",https://www.adanienterprises.com,2311.75,2238.85,2668245024768,77.16122,29.96,0.00059999997,3743.9,2025.0
2010-05-24 00:00:00+05:30,73.48360371729021,2314.95,2213.75,75.2193374633789,1376164,0.0,0.0,ADANIENT.NS,Adani Enterprises Limited,Thermal Coal,Energy,Mr. Gautambhai Shantilal Adani S.Y. B.Com,"Ahmedabad, India",https://www.adanienterprises.com,2311.75,2238.85,2668245024768,77.16122,29.96,0.00059999997,3743.9,2025.0
2010-05-25 00:00:00+05:30,74.6238557678675,2314.95,2213.75,73.58495330810547,1376164,0.0,0.0,ADANIENT.NS,Adani Enterprises Limited,Thermal Coal,Energy,Mr. Gautambhai Shantilal Adani S.Y. B.Com,"Ahmedabad, India",https://www.adanienterprises.com,2311.75,2238.85,2668245024768,77.16122,29.96,0.00059999997,3743.9,2025.0
2010-05-26 00:00:00+05:30,75.97951664870828,2314.95,2213.75,74.0790786743164,1376164,0.0,0.0,ADANIENT.NS,Adani Enterprises Limited,Thermal Coal,Energy,Mr. Gautambhai Shantilal Adani S.Y. B.Com,"Ahmedabad, India",https://www.adanienterprises.com,2311.75,2238.85,2668245024768,77.16122,29.96,0.00059999997,3743.9,2025.0
2010-05-27 00:00:00+05:30,74.32614784074997,2314.95,2213.75,68.662841796875,1376164,0.0,0.0,ADANIENT.NS,Adani Enterprises Limited,Thermal Coal,Energy,Mr. Gautambhai Shantilal Adani S.Y. B.Com,"Ahmedabad, India",https://www.adanienterprises.com,2311.75,2238.85,2668245024768,77.16122,29.96,0.00059999997,3743.9,2025.0
2010-05-28 00:00:00+05:30,72.2166534057988,2314.95,2213.75,68.44111633300781,1376164,0.0,0.0,ADANIENT.NS,Adani Enterprises Limited,Thermal Coal,Energy,Mr. Gautambhai Shantilal Adani S.Y. B.Com,"Ahmedabad, India",https://www.adanienterprises.com,2311.75,2238.85,2668245024768,77.16122,29.96,0.00059999997,3743.9,2025.0
2010-05-31 00:00:00+05:30,68.27642519792767,2314.95,2213.75,68.76420593261719,1376164,0.0,0.0,ADANIENT.NS,Adani Enterprises Limited,Thermal Coal,Energy,Mr. Gautambhai Shantilal Adani S.Y. B.Com,"Ahmedabad, India",https://www.adanienterprises.com,2311.75,2238.85,2668245024768,77.16122,29.96,0.00059999997,3743.9,2025.0
2010-06-01 00:00:00+05:30,68.22573434923522,2314.95,2213.75,67.97234344482422,1376164,0.0,0.0,ADANIENT.NS,Adani Enterprises Limited,Thermal Coal,Energy,Mr. Gautambhai Shantilal Adani S.Y. B.Com,"Ahmedabad, India",https://www.adanienterprises.com,2311.75,2238.85,2668245024768,77.16122,29.96,0.00059999997,3743.9,2025.0
2010-06-02 00:00:00+05:30,68.16238911876914,2314.95,2213.75,68.52346801757812,1376164,0.0,0.0,ADANIENT.NS,Adani Enterprises Limited,Thermal Coal,Energy,Mr. Gautambhai Shantilal Adani S.Y. B.Com,"Ahmedabad, India",https://www.adanienterprises.com,2311.75,2238.85,2668245024768,77.16122,29.96,0.00059999997,3743.9,2025.0
2010-06-03 00:00:00+05:30,69.05558419608765,2314.95,2213.75,69.70806884765625,1376164,0.0,0.0,ADANIENT.NS,Adani Enterprises Limited,Thermal Coal,Energy,Mr. Gautambhai Shantilal Adani S.Y. B.Com,"Ahmedabad, India",https://www.adanienterprises.com,2311.75,2238.85,2668245024768,77.16122,29.96,0.00059999997,3743.9,2025.0
2010-06-04 00:00:00+05:30,69.80944139015287,2314.95,2213.75,69.8157730102539,1376164,0.0,0.0,ADANIENT.NS,Adani Enterprises Limited,Thermal Coal,Energy,Mr. Gautambhai Shantilal Adani S.Y. B.Com,"Ahmedabad, India",https://www.adanienterprises.com,2311.75,2238.85,2668245024768,77.16122,29.96,0.00059999997,3743.9,2025.0
2010-06-07 00:00:00+05:30,69.55604026090349,2314.95,2213.75,68.16238403320312,1376164,0.0,0.0,ADANIENT.NS,Adani Enterprises Limited,Thermal Coal,Energy,Mr. Gautambhai Shantilal Adani S.Y. B.Com,"Ahmedabad, India",https://www.adanienterprises.com,2311.75,2238.85,2668245024768,77.16122,29.96,0.00059999997,3743.9,2025.0
2010-06-08 00:00:00+05:30,68.16239212179723,2314.95,2213.75,67.79497528076172,1376164,0.0,0.0,ADANIENT.NS,Adani Enterprises Limited,Thermal Coal,Energy,Mr. Gautambhai Shantilal Adani S.Y. B.Com,"Ahmedabad, India",https://www.adanienterprises.com,2311.75,2238.85,2668245024768,77.16122,29.96,0.00059999997,3743.9,2025.0
2010-06-09 00:00:00+05:30,68.79586145752333,2314.95,2213.75,67.76329040527344,1376164,0.0,0.0,ADANIENT.NS,Adani Enterprises Limited,Thermal Coal,Energy,Mr. Gautambhai Shantilal Adani S.Y. B.Com,"Ahmedabad, India",https://www.adanienterprises.com,2311.75,2238.85,2668245024768,77.16122,29.96,0.00059999997,3743.9,2025.0
2010-06-10 00:00:00+05:30,67.30085483742403,2314.95,2213.75,69.0936050415039,1376164,0.0,0.0,ADANIENT.NS,Adani Enterprises Limited,Thermal Coal,Energy,Mr. Gautambhai Shantilal Adani S.Y. B.Com,"Ahmedabad, India",https://www.adanienterprises.com,2311.75,2238.85,2668245024768,77.16122,29.96,0.00059999997,3743.9,2025.0
2010-06-11 00:00:00+05:30,69.67639876976968,2314.95,2213.75,68.70084381103516,1376164,0.0,0.0,ADANIENT.NS,Adani Enterprises Limited,Thermal Coal,Energy,Mr. Gautambhai Shantilal Adani S.Y. B.Com,"Ahmedabad, India",https://www.adanienterprises.com,2311.75,2238.85,2668245024768,77.16122,29.96,0.00059999997,3743.9,2025.0
2010-06-14 00:00:00+05:30,69.04926159255317,2314.95,2213.75,68.70718383789062,1376164,0.0,0.0,ADANIENT.NS,Adani Enterprises Limited,Thermal Coal,Energy,Mr. Gautambhai Shantilal Adani S.Y. B.Com,"Ahmedabad, India",https://www.adanienterprises.com,2311.75,2238.85,2668245024768,77.16122,29.96,0.00059999997,3743.9,2025.0
2010-06-15 00:00:00+05:30,68.70717850760694,2314.95,2213.75,68.98590850830078,1376164,0.0,0.0,ADANIENT.NS,Adani Enterprises Limited,Thermal Coal,Energy,Mr. Gautambhai Shantilal Adani S.Y. B.Com,"Ahmedabad, India",https://www.adanienterprises.com,2311.75,2238.85,2668245024768,77.16122,29.96,0.00059999997,3743.9,2025.0
2010-06-16 00:00:00+05:30,69.4293385644404,2314.95,2213.75,69.0049057006836,1376164,0.0,0.0,ADANIENT.NS,Adani Enterprises Limited,Thermal Coal,Energy,Mr. Gautambhai Shantilal Adani S.Y. B.Com,"Ahmedabad, India",https://www.adanienterprises.com,2311.75,2238.85,2668245024768,77.16122,29.96,0.00059999997,3743.9,2025.0
2010-06-17 00:00:00+05:30,68.54247270127824,2314.95,2213.75,69.11260223388672,1376164,0.0,0.0,ADANIENT.NS,Adani Enterprises Limited,Thermal Coal,Energy,Mr. Gautambhai Shantilal Adani S.Y. B.Com,"Ahmedabad, India",https://www.adanienterprises.com,2311.75,2238.85,2668245024768,77.16122,29.96,0.00059999997,3743.9,2025.0
2010-06-18 00:00:00+05:30,68.56148734080709,2314.95,2213.75,68.80854034423828,1376164,0.0,0.0,ADANIENT.NS,Adani Enterprises Limited,Thermal Coal,Energy,Mr. Gautambhai Shantilal Adani S.Y. B.Com,"Ahmedabad, India",https://www.adanienterprises.com,2311.75,2238.85,2668245024768,77.16122,29.96,0.00059999997,3743.9,2025.0
2010-06-21 00:00:00+05:30,69.40400491724196,2314.95,2213.75,68.39676666259766,1376164,0.0,0.0,ADANIENT.NS,Adani Enterprises Limited,Thermal Coal,Energy,Mr. Gautambhai Shantilal Adani S.Y. B.Com,"Ahmedabad, India",https://www.adanienterprises.com,2311.75,2238.85,2668245024768,77.16122,29.96,0.00059999997,3743.9,2025.0
2010-06-22 00:00:00+05:30,68.16238100011752,2314.95,2213.75,68.04835510253906,1376164,0.0,0.0,ADANIENT.NS,Adani Enterprises Limited,Thermal Coal,Energy,Mr. Gautambhai Shantilal Adani S.Y. B.Com,"Ahmedabad, India",https://www.adanienterprises.com,2311.75,2238.85,2668245024768,77.16122,29.96,0.00059999997,3743.9,2025.0
2010-06-23 00:00:00+05:30,67.40221037055298,2314.95,2213.75,68.05469512939453,1376164,0.0,0.0,ADANIENT.NS,Adani Enterprises Limited,Thermal Coal,Energy,Mr. Gautambhai Shantilal Adani S.Y. B.Com,"Ahmedabad, India",https://www.adanienterprises.com,2311.75,2238.85,2668245024768,77.16122,29.96,0.00059999997,3743.9,2025.0
2010-06-24 00:00:00+05:30,67.40220336637992,2314.95,2213.75,67.78862762451172,1376164,0.0,0.0,ADANIENT.NS,Adani Enterprises Limited,Thermal Coal,Energy,Mr. Gautambhai Shantilal Adani S.Y. B.Com,"Ahmedabad, India",https://www.adanienterprises.com,2311.75,2238.85,2668245024768,77.16122,29.96,0.00059999997,3743.9,2025.0
2010-06-25 00:00:00+05:30,67.27551149124757,2314.95,2213.75,67.6365966796875,1376164,0.0,0.0,ADANIENT.NS,Adani Enterprises Limited,Thermal Coal,Energy,Mr. Gautambhai Shantilal Adani S.Y. B.Com,"Ahmedabad, India",https://www.adanienterprises.com,2311.75,2238.85,2668245024768,77.16122,29.96,0.00059999997,3743.9,2025.0
2010-06-28 00:00:00+05:30,67.64292881859865,2314.95,2213.75,67.87098693847656,1376164,0.0,0.0,ADANIENT.NS,Adani Enterprises Limited,Thermal Coal,Energy,Mr. Gautambhai Shantilal Adani S.Y. B.Com,"Ahmedabad, India",https://www.adanienterprises.com,2311.75,2238.85,2668245024768,77.16122,29.96,0.00059999997,3743.9,2025.0
2010-06-29 00:00:00+05:30,68.02935301497429,2314.95,2213.75,67.94066619873047,1376164,0.0,0.0,ADANIENT.NS,Adani Enterprises Limited,Thermal Coal,Energy,Mr. Gautambhai Shantilal Adani S.Y. B.Com,"Ahmedabad, India",https://www.adanienterprises.com,2311.75,2238.85,2668245024768,77.16122,29.96,0.00059999997,3743.9,2025.0
2010-06-30 00:00:00+05:30,67.6619319269916,2314.95,2213.75,68.25740051269531,1376164,0.0,0.0,ADANIENT.NS,Adani Enterprises Limited,Thermal Coal,Energy,Mr. Gautambhai Shantilal Adani S.Y. B.Com,"Ahmedabad, India",https://www.adanienterprises.com,2311.75,2238.85,2668245024768,77.16122,29.96,0.00059999997,3743.9,2025.0
2010-07-01 00:00:00+05:30,67.88365841072805,2314.95,2213.75,68.01668548583984,1376164,0.0,0.0,ADANIENT.NS,Adani Enterprises Limited,Thermal Coal,Energy,Mr. Gautambhai Shantilal Adani S.Y. B.Com,"Ahmedabad, India",https://www.adanienterprises.com,2311.75,2238.85,2668245024768,77.16122,29.96,0.00059999997,3743.9,2025.0
2010-07-02 00:00:00+05:30,67.78228599305338,2314.95,2213.75,68.08001708984375,1376164,0.0,0.0,ADANIENT.NS,Adani Enterprises Limited,Thermal Coal,Energy,Mr. Gautambhai Shantilal Adani S.Y. B.Com,"Ahmedabad, India",https://www.adanienterprises.com,2311.75,2238.85,2668245024768,77.16122,29.96,0.00059999997,3743.9,2025.0
2010-07-05 00:00:00+05:30,68.41577729609071,2314.95,2213.75,67.94066619873047,1376164,0.0,0.0,ADANIENT.NS,Adani Enterprises Limited,Thermal Coal,Energy,Mr. Gautambhai Shantilal Adani S.Y. B.Com,"Ahmedabad, India",https://www.adanienterprises.com,2311.75,2238.85,2668245024768,77.16122,29.96,0.00059999997,3743.9,2025.0
2010-07-06 00:00:00+05:30,67.5922537207233,2314.95,2213.75,67.48456573486328,1376164,0.0,0.0,ADANIENT.NS,Adani Enterprises Limited,Thermal Coal,Energy,Mr. Gautambhai Shantilal Adani S.Y. B.Com,"Ahmedabad, India",https://www.adanienterprises.com,2311.75,2238.85,2668245024768,77.16122,29.96,0.00059999997,3743.9,2025.0
2010-07-07 00:00:00+05:30,67.18048399720503,2314.95,2213.75,67.29450988769531,1376164,0.0,0.0,ADANIENT.NS,Adani Enterprises Limited,Thermal Coal,Energy,Mr. Gautambhai Shantilal Adani S.Y. B.Com,"Ahmedabad, India",https://www.adanienterprises.com,2311.75,2238.85,2668245024768,77.16122,29.96,0.00059999997,3743.9,2025.0
2010-07-08 00:00:00+05:30,68.0293558444889,2314.95,2213.75,67.78230285644531,1376164,0.0,0.0,ADANIENT.NS,Adani Enterprises Limited,Thermal Coal,Energy,Mr. Gautambhai Shantilal Adani S.Y. B.Com,"Ahmedabad, India",https://www.adanienterprises.com,2311.75,2238.85,2668245024768,77.16122,29.96,0.00059999997,3743.9,2025.0
2010-07-09 00:00:00+05:30,68.03568557231064,2314.95,2213.75,67.54790496826172,1376164,0.0,0.0,ADANIENT.NS,Adani Enterprises Limited,Thermal Coal,Energy,Mr. Gautambhai Shantilal Adani S.Y. B.Com,"Ahmedabad, India",https://www.adanienterprises.com,2311.75,2238.85,2668245024768,77.16122,29.96,0.00059999997,3743.9,2025.0
2010-07-12 00:00:00+05:30,67.896334040042,2314.95,2213.75,67.57325744628906,1376164,0.0,0.0,ADANIENT.NS,Adani Enterprises Limited,Thermal Coal,Energy,Mr. Gautambhai Shantilal Adani S.Y. B.Com,"Ahmedabad, India",https://www.adanienterprises.com,2311.75,2238.85,2668245024768,77.16122,29.96,0.00059999997,3743.9,2025.0
2010-07-13 00:00:00+05:30,67.53524405802014,2314.95,2213.75,67.58592224121094,1376164,0.0,0.0,ADANIENT.NS,Adani Enterprises Limited,Thermal Coal,Energy,Mr. Gautambhai Shantilal Adani S.Y. B.Com,"Ahmedabad, India",https://www.adanienterprises.com,2311.75,2238.85,2668245024768,77.16122,29.96,0.00059999997,3743.9,2025.0
2010-07-14 00:00:00+05:30,68.18137733082456,2314.95,2213.75,68.13069915771484,1376164,0.0,0.0,ADANIENT.NS,Adani Enterprises Limited,Thermal Coal,Energy,Mr. Gautambhai Shantilal Adani S.Y. B.Com,"Ahmedabad, India",https://www.adanienterprises.com,2311.75,2238.85,2668245024768,77.16122,29.96,0.00059999997,3743.9,2025.0
2010-07-15 00:00:00+05:30,68.41577608769067,2314.95,2213.75,68.30175018310547,1376164,0.0,0.0,ADANIENT.NS,Adani Enterprises Limited,Thermal Coal,Energy,Mr. Gautambhai Shantilal Adani S.Y. B.Com,"Ahmedabad, India",https://www.adanienterprises.com,2311.75,2238.85,2668245024768,77.16122,29.96,0.00059999997,3743.9,2025.0
2010-07-16 00:00:00+05:30,68.17504387963079,2314.95,2213.75,68.65648651123047,1376164,0.0,0.0,ADANIENT.NS,Adani Enterprises Limited,Thermal Coal,Energy,Mr. Gautambhai Shantilal Adani S.Y. B.Com,"Ahmedabad, India",https://www.adanienterprises.com,2311.75,2238.85,2668245024768,77.16122,29.96,0.00059999997,3743.9,2025.0
2010-07-19 00:00:00+05:30,68.18138006048838,2314.95,2213.75,69.04291534423828,1376164,0.0,0.0,ADANIENT.NS,Adani Enterprises Limited,Thermal Coal,Energy,Mr. Gautambhai Shantilal Adani S.Y. B.Com,"Ahmedabad, India",https://www.adanienterprises.com,2311.75,2238.85,2668245024768,77.16122,29.96,0.00059999997,3743.9,2025.0
2010-07-20 00:00:00+05:30,69.64471852168974,2314.95,2213.75,68.89720916748047,1376164,0.0,0.0,ADANIENT.NS,Adani Enterprises Limited,Thermal Coal,Energy,Mr. Gautambhai Shantilal Adani S.Y. B.Com,"Ahmedabad, India",https://www.adanienterprises.com,2311.75,2238.85,2668245024768,77.16122,29.96,0.00059999997,3743.9,2025.0
2010-07-21 00:00:00+05:30,69.67007245107649,2314.95,2213.75,69.59405517578125,1376164,0.0,0.0,ADANIENT.NS,Adani Enterprises Limited,Thermal Coal,Energy,Mr. Gautambhai Shantilal Adani S.Y. B.Com,"Ahmedabad, India",https://www.adanienterprises.com,2311.75,2238.85,2668245024768,77.16122,29.96,0.00059999997,3743.9,2025.0
2010-07-22 00:00:00+05:30,69.44200847597943,2314.95,2213.75,70.8103256225586,1376164,0.0,0.0,ADANIENT.NS,Adani Enterprises Limited,Thermal Coal,Energy,Mr. Gautambhai Shantilal Adani S.Y. B.Com,"Ahmedabad, India",https://www.adanienterprises.com,2311.75,2238.85,2668245024768,77.16122,29.96,0.00059999997,3743.9,2025.0
2010-07-23 00:00:00+05:30,71.55783731181909,2314.95,2213.75,70.48725128173828,1376164,0.0,0.0,ADANIENT.NS,Adani Enterprises Limited,Thermal Coal,Energy,Mr. Gautambhai Shantilal Adani S.Y. B.Com,"Ahmedabad, India",https://www.adanienterprises.com,2311.75,2238.85,2668245024768,77.16122,29.96,0.00059999997,3743.9,2025.0
2010-07-26 00:00:00+05:30,71.19041963449347,2314.95,2213.75,72.08362579345703,1376164,0.0,0.0,ADANIENT.NS,Adani Enterprises Limited,Thermal Coal,Energy,Mr. Gautambhai Shantilal Adani S.Y. B.Com,"Ahmedabad, India",https://www.adanienterprises.com,2311.75,2238.85,2668245024768,77.16122,29.96,0.00059999997,3743.9,2025.0
2010-07-27 00:00:00+05:30,70.94968076806438,2314.95,2213.75,74.34513092041016,1376164,0.0,0.0,ADANIENT.NS,Adani Enterprises Limited,Thermal Coal,Energy,Mr. Gautambhai Shantilal Adani S.Y. B.Com,"Ahmedabad, India",https://www.adanienterprises.com,2311.75,2238.85,2668245024768,77.16122,29.96,0.00059999997,3743.9,2025.0
2010-07-28 00:00:00+05:30,74.4718443377963,2314.95,2213.75,74.92794799804688,1376164,0.0,0.0,ADANIENT.NS,Adani Enterprises Limited,Thermal Coal,Energy,Mr. Gautambhai Shantilal Adani S.Y. B.Com,"Ahmedabad, India",https://www.adanienterprises.com,2311.75,2238.85,2668245024768,77.16122,29.96,0.00059999997,3743.9,2025.0
2010-07-29 00:00:00+05:30,75.00395305971072,2314.95,2213.75,73.80034637451172,1376164,0.0,0.0,ADANIENT.NS,Adani Enterprises Limited,Thermal Coal,Energy,Mr. Gautambhai Shantilal Adani S.Y. B.Com,"Ahmedabad, India",https://www.adanienterprises.com,2311.75,2238.85,2668245024768,77.16122,29.96,0.00059999997,3743.9,2025.0
2010-07-30 00:00:00+05:30,74.17410115258787,2314.95,2213.75,73.97138214111328,1376164,0.0,0.0,ADANIENT.NS,Adani Enterprises Limited,Thermal Coal,Energy,Mr. Gautambhai Shantilal Adani S.Y. B.Com,"Ahmedabad, India",https://www.adanienterprises.com,2311.75,2238.85,2668245024768,77.16122,29.96,0.00059999997,3743.9,2025.0
2010-08-02 00:00:00+05:30,73.99039983932092,2314.95,2213.75,77.2591552734375,1376164,0.0,0.0,ADANIENT.NS,Adani Enterprises Limited,Thermal Coal,Energy,Mr. Gautambhai Shantilal Adani S.Y. B.Com,"Ahmedabad, India",https://www.adanienterprises.com,2311.75,2238.85,2668245024768,77.16122,29.96,0.00059999997,3743.9,2025.0
2010-08-03 00:00:00+05:30,77.9179618673421,2314.95,2213.75,78.9251937866211,1376164,0.0,0.0,ADANIENT.NS,Adani Enterprises Limited,Thermal Coal,Energy,Mr. Gautambhai Shantilal Adani S.Y. B.Com,"Ahmedabad, India",https://www.adanienterprises.com,2311.75,2238.85,2668245024768,77.16122,29.96,0.00059999997,3743.9,2025.0
2010-08-04 00:00:00+05:30,79.45099231511671,2314.95,2213.75,77.59489440917969,1376164,0.0,0.0,ADANIENT.NS,Adani Enterprises Limited,Thermal Coal,Energy,Mr. Gautambhai Shantilal Adani S.Y. B.Com,"Ahmedabad, India",https://www.adanienterprises.com,2311.75,2238.85,2668245024768,77.16122,29.96,0.00059999997,3743.9,2025.0
2010-08-05 00:00:00+05:30,78.29805219428086,2314.95,2213.75,77.23381042480469,1376164,0.0,0.0,ADANIENT.NS,Adani Enterprises Limited,Thermal Coal,Energy,Mr. Gautambhai Shantilal Adani S.Y. B.Com,"Ahmedabad, India",https://www.adanienterprises.com,2311.75,2238.85,2668245024768,77.16122,29.96,0.00059999997,3743.9,2025.0
2010-08-06 00:00:00+05:30,76.91706567699299,2314.95,2213.75,77.57588195800781,1376164,0.0,0.0,ADANIENT.NS,Adani Enterprises Limited,Thermal Coal,Energy,Mr. Gautambhai Shantilal Adani S.Y. B.Com,"Ahmedabad, India",https://www.adanienterprises.com,2311.75,2238.85,2668245024768,77.16122,29.96,0.00059999997,3743.9,2025.0
2010-08-09 00:00:00+05:30,77.79759126868774,2314.95,2213.75,77.1197738647461,1376164,0.0,0.0,ADANIENT.NS,Adani Enterprises Limited,Thermal Coal,Energy,Mr. Gautambhai Shantilal Adani S.Y. B.Com,"Ahmedabad, India",https://www.adanienterprises.com,2311.75,2238.85,2668245024768,77.16122,29.96,0.00059999997,3743.9,2025.0
2010-08-10 00:00:00+05:30,77.61389545778924,2314.95,2213.75,78.16502380371094,1376164,0.0,0.0,ADANIENT.NS,Adani Enterprises Limited,Thermal Coal,Energy,Mr. Gautambhai Shantilal Adani S.Y. B.Com,"Ahmedabad, India",https://www.adanienterprises.com,2311.75,2238.85,2668245024768,77.16122,29.96,0.00059999997,3743.9,2025.0
2010-08-11 00:00:00+05:30,78.67179765773496,2314.95,2213.75,77.63288879394531,1376164,0.0,0.0,ADANIENT.NS,Adani Enterprises Limited,Thermal Coal,Energy,Mr. Gautambhai Shantilal Adani S.Y. B.Com,"Ahmedabad, India",https://www.adanienterprises.com,2311.75,2238.85,2668245024768,77.16122,29.96,0.00059999997,3743.9,2025.0
2010-08-12 00:00:00+05:30,78.11622036707175,2314.95,2213.75,76.81001281738281,1376164,1.0,0.0,ADANIENT.NS,Adani Enterprises Limited,Thermal Coal,Energy,Mr. Gautambhai Shantilal Adani S.Y. B.Com,"Ahmedabad, India",https://www.adanienterprises.com,2311.75,2238.85,2668245024768,77.16122,29.96,0.00059999997,3743.9,2025.0
2010-08-13 00:00:00+05:30,77.34786826503361,2314.95,2213.75,80.2484130859375,1376164,0.0,0.0,ADANIENT.NS,Adani Enterprises Limited,Thermal Coal,Energy,Mr. Gautambhai Shantilal Adani S.Y. B.Com,"Ahmedabad, India",https://www.adanienterprises.com,2311.75,2238.85,2668245024768,77.16122,29.96,0.00059999997,3743.9,2025.0
2010-08-16 00:00:00+05:30,80.5493454832519,2314.95,2213.75,80.13955688476562,1376164,0.0,0.0,ADANIENT.NS,Adani Enterprises Limited,Thermal Coal,Energy,Mr. Gautambhai Shantilal Adani S.Y. B.Com,"Ahmedabad, India",https://www.adanienterprises.com,2311.75,2238.85,2668245024768,77.16122,29.96,0.00059999997,3743.9,2025.0
2010-08-17 00:00:00+05:30,80.61338246305802,2314.95,2213.75,80.46611785888672,1376164,0.0,0.0,ADANIENT.NS,Adani Enterprises Limited,Thermal Coal,Energy,Mr. Gautambhai Shantilal Adani S.Y. B.Com,"Ahmedabad, India",https://www.adanienterprises.com,2311.75,2238.85,2668245024768,77.16122,29.96,0.00059999997,3743.9,2025.0
2010-08-18 00:00:00+05:30,80.93352612326888,2314.95,2213.75,81.97080993652344,1376164,0.0,0.0,ADANIENT.NS,Adani Enterprises Limited,Thermal Coal,Energy,Mr. Gautambhai Shantilal Adani S.Y. B.Com,"Ahmedabad, India",https://www.adanienterprises.com,2311.75,2238.85,2668245024768,77.16122,29.96,0.00059999997,3743.9,2025.0
2010-08-19 00:00:00+05:30,82.00922357764188,2314.95,2213.75,81.90677642822266,1376164,0.0,0.0,ADANIENT.NS,Adani Enterprises Limited,Thermal Coal,Energy,Mr. Gautambhai Shantilal Adani S.Y. B.Com,"Ahmedabad, India",https://www.adanienterprises.com,2311.75,2238.85,2668245024768,77.16122,29.96,0.00059999997,3743.9,2025.0
2010-08-20 00:00:00+05:30,81.57382888253619,2314.95,2213.75,82.45743560791016,1376164,0.0,0.0,ADANIENT.NS,Adani Enterprises Limited,Thermal Coal,Energy,Mr. Gautambhai Shantilal Adani S.Y. B.Com,"Ahmedabad, India",https://www.adanienterprises.com,2311.75,2238.85,2668245024768,77.16122,29.96,0.00059999997,3743.9,2025.0
2010-08-23 00:00:00+05:30,82.59829227480756,2314.95,2213.75,83.74442291259766,1376164,0.0,0.0,ADANIENT.NS,Adani Enterprises Limited,Thermal Coal,Energy,Mr. Gautambhai Shantilal Adani S.Y. B.Com,"Ahmedabad, India",https://www.adanienterprises.com,2311.75,2238.85,2668245024768,77.16122,29.96,0.00059999997,3743.9,2025.0
2010-08-24 00:00:00+05:30,84.7496927986463,2314.95,2213.75,85.62689971923828,1376164,0.0,0.0,ADANIENT.NS,Adani Enterprises Limited,Thermal Coal,Energy,Mr. Gautambhai Shantilal Adani S.Y. B.Com,"Ahmedabad, India",https://www.adanienterprises.com,2311.75,2238.85,2668245024768,77.16122,29.96,0.00059999997,3743.9,2025.0
2010-08-25 00:00:00+05:30,86.1839654352457,2314.95,2213.75,83.32183837890625,1376164,0.0,0.0,ADANIENT.NS,Adani Enterprises Limited,Thermal Coal,Energy,Mr. Gautambhai Shantilal Adani S.Y. B.Com,"Ahmedabad, India",https://www.adanienterprises.com,2311.75,2238.85,2668245024768,77.16122,29.96,0.00059999997,3743.9,2025.0
2010-08-26 00:00:00+05:30,84.33990942231941,2314.95,2213.75,80.86949920654297,1376164,0.0,0.0,ADANIENT.NS,Adani Enterprises Limited,Thermal Coal,Energy,Mr. Gautambhai Shantilal Adani S.Y. B.Com,"Ahmedabad, India",https://www.adanienterprises.com,2311.75,2238.85,2668245024768,77.16122,29.96,0.00059999997,3743.9,2025.0
2010-08-27 00:00:00+05:30,80.87591056464876,2314.95,2213.75,79.39682006835938,1376164,0.0,0.0,ADANIENT.NS,Adani Enterprises Limited,Thermal Coal,Energy,Mr. Gautambhai Shantilal Adani S.Y. B.Com,"Ahmedabad, India",https://www.adanienterprises.com,2311.75,2238.85,2668245024768,77.16122,29.96,0.00059999997,3743.9,2025.0
2010-08-30 00:00:00+05:30,80.03711541781901,2314.95,2213.75,80.31243896484375,1376164,0.0,0.0,ADANIENT.NS,Adani Enterprises Limited,Thermal Coal,Energy,Mr. Gautambhai Shantilal Adani S.Y. B.Com,"Ahmedabad, India",https://www.adanienterprises.com,2311.75,2238.85,2668245024768,77.16122,29.96,0.00059999997,3743.9,2025.0
2010-08-31 00:00:00+05:30,80.29322833294931,2314.95,2213.75,83.25139617919922,1376164,0.0,0.0,ADANIENT.NS,Adani Enterprises Limited,Thermal Coal,Energy,Mr. Gautambhai Shantilal Adani S.Y. B.Com,"Ahmedabad, India",https://www.adanienterprises.com,2311.75,2238.85,2668245024768,77.16122,29.96,0.00059999997,3743.9,2025.0
2010-09-01 00:00:00+05:30,83.87888612754982,2314.95,2213.75,86.44007110595703,1376164,0.0,0.0,ADANIENT.NS,Adani Enterprises Limited,Thermal Coal,Energy,Mr. Gautambhai Shantilal Adani S.Y. B.Com,"Ahmedabad, India",https://www.adanienterprises.com,2311.75,2238.85,2668245024768,77.16122,29.96,0.00059999997,3743.9,2025.0
2010-09-02 00:00:00+05:30,86.82425747562246,2314.95,2213.75,84.04537200927734,1376164,0.0,0.0,ADANIENT.NS,Adani Enterprises Limited,Thermal Coal,Energy,Mr. Gautambhai Shantilal Adani S.Y. B.Com,"Ahmedabad, India",https://www.adanienterprises.com,2311.75,2238.85,2668245024768,77.16122,29.96,0.00059999997,3743.9,2025.0
2010-09-03 00:00:00+05:30,84.51916913055936,2314.95,2213.75,83.21936798095703,1376164,0.0,0.0,ADANIENT.NS,Adani Enterprises Limited,Thermal Coal,Energy,Mr. Gautambhai Shantilal Adani S.Y. B.Com,"Ahmedabad, India",https://www.adanienterprises.com,2311.75,2238.85,2668245024768,77.16122,29.96,0.00059999997,3743.9,2025.0
2010-09-06 00:00:00+05:30,83.36666592322526,2314.95,2213.75,84.8009262084961,1376164,0.0,0.0,ADANIENT.NS,Adani Enterprises Limited,Thermal Coal,Energy,Mr. Gautambhai Shantilal Adani S.Y. B.Com,"Ahmedabad, India",https://www.adanienterprises.com,2311.75,2238.85,2668245024768,77.16122,29.96,0.00059999997,3743.9,2025.0
2010-09-07 00:00:00+05:30,84.0325694474611,2314.95,2213.75,83.90451049804688,1376164,0.0,0.0,ADANIENT.NS,Adani Enterprises Limited,Thermal Coal,Energy,Mr. Gautambhai Shantilal Adani S.Y. B.Com,"Ahmedabad, India",https://www.adanienterprises.com,2311.75,2238.85,2668245024768,77.16122,29.96,0.00059999997,3743.9,2025.0
2010-09-08 00:00:00+05:30,83.98135833076074,2314.95,2213.75,83.82128143310547,1376164,0.0,0.0,ADANIENT.NS,Adani Enterprises Limited,Thermal Coal,Energy,Mr. Gautambhai Shantilal Adani S.Y. B.Com,"Ahmedabad, India",https://www.adanienterprises.com,2311.75,2238.85,2668245024768,77.16122,29.96,0.00059999997,3743.9,2025.0
2010-09-09 00:00:00+05:30,83.81485917136784,2314.95,2213.75,84.65364837646484,1376164,0.0,0.0,ADANIENT.NS,Adani Enterprises Limited,Thermal Coal,Energy,Mr. Gautambhai Shantilal Adani S.Y. B.Com,"Ahmedabad, India",https://www.adanienterprises.com,2311.75,2238.85,2668245024768,77.16122,29.96,0.00059999997,3743.9,2025.0
2010-09-13 00:00:00+05:30,85.09545952462192,2314.95,2213.75,89.7440185546875,1376164,0.0,0.0,ADANIENT.NS,Adani Enterprises Limited,Thermal Coal,Energy,Mr. Gautambhai Shantilal Adani S.Y. B.Com,"Ahmedabad, India",https://www.adanienterprises.com,2311.75,2238.85,2668245024768,77.16122,29.96,0.00059999997,3743.9,2025.0
2010-09-14 00:00:00+05:30,90.2818629301419,2314.95,2213.75,88.4442138671875,1376164,0.0,0.0,ADANIENT.NS,Adani Enterprises Limited,Thermal Coal,Energy,Mr. Gautambhai Shantilal Adani S.Y. B.Com,"Ahmedabad, India",https://www.adanienterprises.com,2311.75,2238.85,2668245024768,77.16122,29.96,0.00059999997,3743.9,2025.0
2010-09-15 00:00:00+05:30,88.36098178119018,2314.95,2213.75,88.98207092285156,1376164,0.0,0.0,ADANIENT.NS,Adani Enterprises Limited,Thermal Coal,Energy,Mr. Gautambhai Shantilal Adani S.Y. B.Com,"Ahmedabad, India",https://www.adanienterprises.com,2311.75,2238.85,2668245024768,77.16122,29.96,0.00059999997,3743.9,2025.0
2010-09-16 00:00:00+05:30,88.36097694654123,2314.95,2213.75,87.17002868652344,1376164,0.0,0.0,ADANIENT.NS,Adani Enterprises Limited,Thermal Coal,Energy,Mr. Gautambhai Shantilal Adani S.Y. B.Com,"Ahmedabad, India",https://www.adanienterprises.com,2311.75,2238.85,2668245024768,77.16122,29.96,0.00059999997,3743.9,2025.0
2010-09-17 00:00:00+05:30,87.71428078136807,2314.95,2213.75,88.57868194580078,1376164,0.0,0.0,ADANIENT.NS,Adani Enterprises Limited,Thermal Coal,Energy,Mr. Gautambhai Shantilal Adani S.Y. B.Com,"Ahmedabad, India",https://www.adanienterprises.com,2311.75,2238.85,2668245024768,77.16122,29.96,0.00059999997,3743.9,2025.0
2010-09-20 00:00:00+05:30,83.23858688979675,2314.95,2213.75,88.29052734375,1376164,0.0,0.0,ADANIENT.NS,Adani Enterprises Limited,Thermal Coal,Energy,Mr. Gautambhai Shantilal Adani S.Y. B.Com,"Ahmedabad, India",https://www.adanienterprises.com,2311.75,2238.85,2668245024768,77.16122,29.96,0.00059999997,3743.9,2025.0
2010-09-21 00:00:00+05:30,88.42499410106636,2314.95,2213.75,87.68865203857422,1376164,0.0,0.0,ADANIENT.NS,Adani Enterprises Limited,Thermal Coal,Energy,Mr. Gautambhai Shantilal Adani S.Y. B.Com,"Ahmedabad, India",https://www.adanienterprises.com,2311.75,2238.85,2668245024768,77.16122,29.96,0.00059999997,3743.9,2025.0
2010-09-22 00:00:00+05:30,88.10485610209147,2314.95,2213.75,87.06117248535156,1376164,0.0,0.0,ADANIENT.NS,Adani Enterprises Limited,Thermal Coal,Energy,Mr. Gautambhai Shantilal Adani S.Y. B.Com,"Ahmedabad, India",https://www.adanienterprises.com,2311.75,2238.85,2668245024768,77.16122,29.96,0.00059999997,3743.9,2025.0
2010-09-23 00:00:00+05:30,87.68225750645053,2314.95,2213.75,86.99713897705078,1376164,0.0,0.0,ADANIENT.NS,Adani Enterprises Limited,Thermal Coal,Energy,Mr. Gautambhai Shantilal Adani S.Y. B.Com,"Ahmedabad, India",https://www.adanienterprises.com,2311.75,2238.85,2668245024768,77.16122,29.96,0.00059999997,3743.9,2025.0
2010-09-24 00:00:00+05:30,86.31203067597725,2314.95,2213.75,85.89583587646484,1376164,0.0,0.0,ADANIENT.NS,Adani Enterprises Limited,Thermal Coal,Energy,Mr. Gautambhai Shantilal Adani S.Y. B.Com,"Ahmedabad, India",https://www.adanienterprises.com,2311.75,2238.85,2668245024768,77.16122,29.96,0.00059999997,3743.9,2025.0
2010-09-27 00:00:00+05:30,86.459301664413,2314.95,2213.75,85.89583587646484,1376164,0.0,0.0,ADANIENT.NS,Adani Enterprises Limited,Thermal Coal,Energy,Mr. Gautambhai Shantilal Adani S.Y. B.Com,"Ahmedabad, India",https://www.adanienterprises.com,2311.75,2238.85,2668245024768,77.16122,29.96,0.00059999997,3743.9,2025.0
2010-09-28 00:00:00+05:30,86.67058503765752,2314.95,2213.75,85.40280151367188,1376164,0.0,0.0,ADANIENT.NS,Adani Enterprises Limited,Thermal Coal,Energy,Mr. Gautambhai Shantilal Adani S.Y. B.Com,"Ahmedabad, India",https://www.adanienterprises.com,2311.75,2238.85,2668245024768,77.16122,29.96,0.00059999997,3743.9,2025.0
2010-09-29 00:00:00+05:30,85.48604320381187,2314.95,2213.75,86.20957946777344,1376164,0.0,0.0,ADANIENT.NS,Adani Enterprises Limited,Thermal Coal,Energy,Mr. Gautambhai Shantilal Adani S.Y. B.Com,"Ahmedabad, India",https://www.adanienterprises.com,2311.75,2238.85,2668245024768,77.16122,29.96,0.00059999997,3743.9,2025.0
2010-09-30 00:00:00+05:30,86.50409360965028,2314.95,2213.75,84.87773895263672,1376164,0.0,0.0,ADANIENT.NS,Adani Enterprises Limited,Thermal Coal,Energy,Mr. Gautambhai Shantilal Adani S.Y. B.Com,"Ahmedabad, India",https://www.adanienterprises.com,2311.75,2238.85,2668245024768,77.16122,29.96,0.00059999997,3743.9,2025.0
2010-10-01 00:00:00+05:30,83.52674648340879,2314.95,2213.75,86.37606811523438,1376164,0.0,0.0,ADANIENT.NS,Adani Enterprises Limited,Thermal Coal,Energy,Mr. Gautambhai Shantilal Adani S.Y. B.Com,"Ahmedabad, India",https://www.adanienterprises.com,2311.75,2238.85,2668245024768,77.16122,29.96,0.00059999997,3743.9,2025.0
2010-10-04 00:00:00+05:30,86.51692067370676,2314.95,2213.75,87.6246337890625,1376164,0.0,0.0,ADANIENT.NS,Adani Enterprises Limited,Thermal Coal,Energy,Mr. Gautambhai Shantilal Adani S.Y. B.Com,"Ahmedabad, India",https://www.adanienterprises.com,2311.75,2238.85,2668245024768,77.16122,29.96,0.00059999997,3743.9,2025.0
2010-10-05 00:00:00+05:30,88.23292293889577,2314.95,2213.75,84.81373596191406,1376164,0.0,0.0,ADANIENT.NS,Adani Enterprises Limited,Thermal Coal,Energy,Mr. Gautambhai Shantilal Adani S.Y. B.Com,"Ahmedabad, India",https://www.adanienterprises.com,2311.75,2238.85,2668245024768,77.16122,29.96,0.00059999997,3743.9,2025.0
2010-10-06 00:00:00+05:30,85.79977902325923,2314.95,2213.75,84.65364837646484,1376164,0.0,0.0,ADANIENT.NS,Adani Enterprises Limited,Thermal Coal,Energy,Mr. Gautambhai Shantilal Adani S.Y. B.Com,"Ahmedabad, India",https://www.adanienterprises.com,2311.75,2238.85,2668245024768,77.16122,29.96,0.00059999997,3743.9,2025.0
2010-10-07 00:00:00+05:30,84.83934205033661,2314.95,2213.75,88.38018798828125,1376164,0.0,0.0,ADANIENT.NS,Adani Enterprises Limited,Thermal Coal,Energy,Mr. Gautambhai Shantilal Adani S.Y. B.Com,"Ahmedabad, India",https://www.adanienterprises.com,2311.75,2238.85,2668245024768,77.16122,29.96,0.00059999997,3743.9,2025.0
2010-10-08 00:00:00+05:30,88.93083918717527,2314.95,2213.75,88.8283920288086,1376164,0.0,0.0,ADANIENT.NS,Adani Enterprises Limited,Thermal Coal,Energy,Mr. Gautambhai Shantilal Adani S.Y. B.Com,"Ahmedabad, India",https://www.adanienterprises.com,2311.75,2238.85,2668245024768,77.16122,29.96,0.00059999997,3743.9,2025.0
2010-10-11 00:00:00+05:30,89.48148046483703,2314.95,2213.75,90.42912292480469,1376164,0.0,0.0,ADANIENT.NS,Adani Enterprises Limited,Thermal Coal,Energy,Mr. Gautambhai Shantilal Adani S.Y. B.Com,"Ahmedabad, India",https://www.adanienterprises.com,2311.75,2238.85,2668245024768,77.16122,29.96,0.00059999997,3743.9,2025.0
2010-10-12 00:00:00+05:30,90.71087401330398,2314.95,2213.75,89.5903549194336,1376164,0.0,0.0,ADANIENT.NS,Adani Enterprises Limited,Thermal Coal,Energy,Mr. Gautambhai Shantilal Adani S.Y. B.Com,"Ahmedabad, India",https://www.adanienterprises.com,2311.75,2238.85,2668245024768,77.16122,29.96,0.00059999997,3743.9,2025.0
2010-10-13 00:00:00+05:30,89.8976780233947,2314.95,2213.75,90.16020202636719,1376164,0.0,0.0,ADANIENT.NS,Adani Enterprises Limited,Thermal Coal,Energy,Mr. Gautambhai Shantilal Adani S.Y. B.Com,"Ahmedabad, India",https://www.adanienterprises.com,2311.75,2238.85,2668245024768,77.16122,29.96,0.00059999997,3743.9,2025.0
2010-10-14 00:00:00+05:30,90.79409950864215,2314.95,2213.75,88.29694366455078,1376164,0.0,0.0,ADANIENT.NS,Adani Enterprises Limited,Thermal Coal,Energy,Mr. Gautambhai Shantilal Adani S.Y. B.Com,"Ahmedabad, India",https://www.adanienterprises.com,2311.75,2238.85,2668245024768,77.16122,29.96,0.00059999997,3743.9,2025.0
2010-10-15 00:00:00+05:30,88.79636859794292,2314.95,2213.75,87.97679138183594,1376164,0.0,0.0,ADANIENT.NS,Adani Enterprises Limited,Thermal Coal,Energy,Mr. Gautambhai Shantilal Adani S.Y. B.Com,"Ahmedabad, India",https://www.adanienterprises.com,2311.75,2238.85,2668245024768,77.16122,29.96,0.00059999997,3743.9,2025.0
2010-10-18 00:00:00+05:30,87.97680591976898,2314.95,2213.75,86.9907455444336,1376164,0.0,0.0,ADANIENT.NS,Adani Enterprises Limited,Thermal Coal,Energy,Mr. Gautambhai Shantilal Adani S.Y. B.Com,"Ahmedabad, India",https://www.adanienterprises.com,2311.75,2238.85,2668245024768,77.16122,29.96,0.00059999997,3743.9,2025.0
2010-10-19 00:00:00+05:30,85.8189960508437,2314.95,2213.75,86.45929718017578,1376164,0.0,0.0,ADANIENT.NS,Adani Enterprises Limited,Thermal Coal,Energy,Mr. Gautambhai Shantilal Adani S.Y. B.Com,"Ahmedabad, India",https://www.adanienterprises.com,2311.75,2238.85,2668245024768,77.16122,29.96,0.00059999997,3743.9,2025.0
2010-10-20 00:00:00+05:30,86.45288396613064,2314.95,2213.75,85.88301849365234,1376164,0.0,0.0,ADANIENT.NS,Adani Enterprises Limited,Thermal Coal,Energy,Mr. Gautambhai Shantilal Adani S.Y. B.Com,"Ahmedabad, India",https://www.adanienterprises.com,2311.75,2238.85,2668245024768,77.16122,29.96,0.00059999997,3743.9,2025.0
2010-10-21 00:00:00+05:30,86.44008383341036,2314.95,2213.75,87.1892318725586,1376164,0.0,0.0,ADANIENT.NS,Adani Enterprises Limited,Thermal Coal,Energy,Mr. Gautambhai Shantilal Adani S.Y. B.Com,"Ahmedabad, India",https://www.adanienterprises.com,2311.75,2238.85,2668245024768,77.16122,29.96,0.00059999997,3743.9,2025.0
2010-10-22 00:00:00+05:30,86.54252035634177,2314.95,2213.75,86.31842041015625,1376164,0.0,0.0,ADANIENT.NS,Adani Enterprises Limited,Thermal Coal,Energy,Mr. Gautambhai Shantilal Adani S.Y. B.Com,"Ahmedabad, India",https://www.adanienterprises.com,2311.75,2238.85,2668245024768,77.16122,29.96,0.00059999997,3743.9,2025.0
2010-10-25 00:00:00+05:30,86.92669715631337,2314.95,2213.75,86.31842041015625,1376164,0.0,0.0,ADANIENT.NS,Adani Enterprises Limited,Thermal Coal,Energy,Mr. Gautambhai Shantilal Adani S.Y. B.Com,"Ahmedabad, India",https://www.adanienterprises.com,2311.75,2238.85,2668245024768,77.16122,29.96,0.00059999997,3743.9,2025.0
2010-10-26 00:00:00+05:30,87.08678752647873,2314.95,2213.75,86.89469909667969,1376164,0.0,0.0,ADANIENT.NS,Adani Enterprises Limited,Thermal Coal,Energy,Mr. Gautambhai Shantilal Adani S.Y. B.Com,"Ahmedabad, India",https://www.adanienterprises.com,2311.75,2238.85,2668245024768,77.16122,29.96,0.00059999997,3743.9,2025.0
2010-10-27 00:00:00+05:30,86.376056110014,2314.95,2213.75,86.58735656738281,1376164,0.0,0.0,ADANIENT.NS,Adani Enterprises Limited,Thermal Coal,Energy,Mr. Gautambhai Shantilal Adani S.Y. B.Com,"Ahmedabad, India",https://www.adanienterprises.com,2311.75,2238.85,2668245024768,77.16122,29.96,0.00059999997,3743.9,2025.0
2010-10-28 00:00:00+05:30,87.59261690178133,2314.95,2213.75,87.55419921875,1376164,0.0,0.0,ADANIENT.NS,Adani Enterprises Limited,Thermal Coal,Energy,Mr. Gautambhai Shantilal Adani S.Y. B.Com,"Ahmedabad, India",https://www.adanienterprises.com,2311.75,2238.85,2668245024768,77.16122,29.96,0.00059999997,3743.9,2025.0
2010-10-29 00:00:00+05:30,88.23291313905078,2314.95,2213.75,90.21143341064453,1376164,0.0,0.0,ADANIENT.NS,Adani Enterprises Limited,Thermal Coal,Energy,Mr. Gautambhai Shantilal Adani S.Y. B.Com,"Ahmedabad, India",https://www.adanienterprises.com,2311.75,2238.85,2668245024768,77.16122,29.96,0.00059999997,3743.9,2025.0
2010-11-01 00:00:00+05:30,91.15266856780192,2314.95,2213.75,94.62947845458984,1376164,0.0,0.0,ADANIENT.NS,Adani Enterprises Limited,Thermal Coal,Energy,Mr. Gautambhai Shantilal Adani S.Y. B.Com,"Ahmedabad, India",https://www.adanienterprises.com,2311.75,2238.85,2668245024768,77.16122,29.96,0.00059999997,3743.9,2025.0
2010-11-02 00:00:00+05:30,95.37222443126241,2314.95,2213.75,98.43284606933594,1376164,0.0,0.0,ADANIENT.NS,Adani Enterprises Limited,Thermal Coal,Energy,Mr. Gautambhai Shantilal Adani S.Y. B.Com,"Ahmedabad, India",https://www.adanienterprises.com,2311.75,2238.85,2668245024768,77.16122,29.96,0.00059999997,3743.9,2025.0
2010-11-03 00:00:00+05:30,98.96428148326291,2314.95,2213.75,96.01891326904297,1376164,0.0,0.0,ADANIENT.NS,Adani Enterprises Limited,Thermal Coal,Energy,Mr. Gautambhai Shantilal Adani S.Y. B.Com,"Ahmedabad, India",https://www.adanienterprises.com,2311.75,2238.85,2668245024768,77.16122,29.96,0.00059999997,3743.9,2025.0
2010-11-04 00:00:00+05:30,96.04454546275682,2314.95,2213.75,98.71458435058594,1376164,0.0,0.0,ADANIENT.NS,Adani Enterprises Limited,Thermal Coal,Energy,Mr. Gautambhai Shantilal Adani S.Y. B.Com,"Ahmedabad, India",https://www.adanienterprises.com,2311.75,2238.85,2668245024768,77.16122,29.96,0.00059999997,3743.9,2025.0
2010-11-08 00:00:00+05:30,97.99103274330979,2314.95,2213.75,96.84490203857422,1376164,0.0,0.0,ADANIENT.NS,Adani Enterprises Limited,Thermal Coal,Energy,Mr. Gautambhai Shantilal Adani S.Y. B.Com,"Ahmedabad, India",https://www.adanienterprises.com,2311.75,2238.85,2668245024768,77.16122,29.96,0.00059999997,3743.9,2025.0
2010-11-09 00:00:00+05:30,97.22908687007566,2314.95,2213.75,96.94735717773438,1376164,0.0,0.0,ADANIENT.NS,Adani Enterprises Limited,Thermal Coal,Energy,Mr. Gautambhai Shantilal Adani S.Y. B.Com,"Ahmedabad, India",https://www.adanienterprises.com,2311.75,2238.85,2668245024768,77.16122,29.96,0.00059999997,3743.9,2025.0
2010-11-10 00:00:00+05:30,96.68482679021547,2314.95,2213.75,95.13530731201172,1376164,0.0,0.0,ADANIENT.NS,Adani Enterprises Limited,Thermal Coal,Energy,Mr. Gautambhai Shantilal Adani S.Y. B.Com,"Ahmedabad, India",https://www.adanienterprises.com,2311.75,2238.85,2668245024768,77.16122,29.96,0.00059999997,3743.9,2025.0
2010-11-11 00:00:00+05:30,95.8204275057261,2314.95,2213.75,94.53343200683594,1376164,0.0,0.0,ADANIENT.NS,Adani Enterprises Limited,Thermal Coal,Energy,Mr. Gautambhai Shantilal Adani S.Y. B.Com,"Ahmedabad, India",https://www.adanienterprises.com,2311.75,2238.85,2668245024768,77.16122,29.96,0.00059999997,3743.9,2025.0
2010-11-12 00:00:00+05:30,94.25810265463969,2314.95,2213.75,95.77560424804688,1376164,0.0,0.0,ADANIENT.NS,Adani Enterprises Limited,Thermal Coal,Energy,Mr. Gautambhai Shantilal Adani S.Y. B.Com,"Ahmedabad, India",https://www.adanienterprises.com,2311.75,2238.85,2668245024768,77.16122,29.96,0.00059999997,3743.9,2025.0
2010-11-15 00:00:00+05:30,94.37976643507534,2314.95,2213.75,95.68597412109375,1376164,0.0,0.0,ADANIENT.NS,Adani Enterprises Limited,Thermal Coal,Energy,Mr. Gautambhai Shantilal Adani S.Y. B.Com,"Ahmedabad, India",https://www.adanienterprises.com,2311.75,2238.85,2668245024768,77.16122,29.96,0.00059999997,3743.9,2025.0
2010-11-16 00:00:00+05:30,96.39030399439915,2314.95,2213.75,94.69351959228516,1376164,0.0,0.0,ADANIENT.NS,Adani Enterprises Limited,Thermal Coal,Energy,Mr. Gautambhai Shantilal Adani S.Y. B.Com,"Ahmedabad, India",https://www.adanienterprises.com,2311.75,2238.85,2668245024768,77.16122,29.96,0.00059999997,3743.9,2025.0
2010-11-18 00:00:00+05:30,96.59519616527892,2314.95,2213.75,96.71044921875,1376164,0.0,0.0,ADANIENT.NS,Adani Enterprises Limited,Thermal Coal,Energy,Mr. Gautambhai Shantilal Adani S.Y. B.Com,"Ahmedabad, India",https://www.adanienterprises.com,2311.75,2238.85,2668245024768,77.16122,29.96,0.00059999997,3743.9,2025.0
2010-11-19 00:00:00+05:30,97.32512310382519,2314.95,2213.75,94.50782012939453,1376164,0.0,0.0,ADANIENT.NS,Adani Enterprises Limited,Thermal Coal,Energy,Mr. Gautambhai Shantilal Adani S.Y. B.Com,"Ahmedabad, India",https://www.adanienterprises.com,2311.75,2238.85,2668245024768,77.16122,29.96,0.00059999997,3743.9,2025.0
2010-11-22 00:00:00+05:30,95.660366517915,2314.95,2213.75,96.17900848388672,1376164,0.0,0.0,ADANIENT.NS,Adani Enterprises Limited,Thermal Coal,Energy,Mr. Gautambhai Shantilal Adani S.Y. B.Com,"Ahmedabad, India",https://www.adanienterprises.com,2311.75,2238.85,2668245024768,77.16122,29.96,0.00059999997,3743.9,2025.0
2010-11-23 00:00:00+05:30,97.12662930504011,2314.95,2213.75,94.71271514892578,1376164,0.0,0.0,ADANIENT.NS,Adani Enterprises Limited,Thermal Coal,Energy,Mr. Gautambhai Shantilal Adani S.Y. B.Com,"Ahmedabad, India",https://www.adanienterprises.com,2311.75,2238.85,2668245024768,77.16122,29.96,0.00059999997,3743.9,2025.0
2010-11-24 00:00:00+05:30,94.77033998079251,2314.95,2213.75,92.95189666748047,1376164,0.0,0.0,ADANIENT.NS,Adani Enterprises Limited,Thermal Coal,Energy,Mr. Gautambhai Shantilal Adani S.Y. B.Com,"Ahmedabad, India",https://www.adanienterprises.com,2311.75,2238.85,2668245024768,77.16122,29.96,0.00059999997,3743.9,2025.0
2010-11-25 00:00:00+05:30,93.2336440303601,2314.95,2213.75,90.20503997802734,1376164,0.0,0.0,ADANIENT.NS,Adani Enterprises Limited,Thermal Coal,Energy,Mr. Gautambhai Shantilal Adani S.Y. B.Com,"Ahmedabad, India",https://www.adanienterprises.com,2311.75,2238.85,2668245024768,77.16122,29.96,0.00059999997,3743.9,2025.0
2010-11-26 00:00:00+05:30,84.51919454260283,2314.95,2213.75,74.86351776123047,1376164,0.0,0.0,ADANIENT.NS,Adani Enterprises Limited,Thermal Coal,Energy,Mr. Gautambhai Shantilal Adani S.Y. B.Com,"Ahmedabad, India",https://www.adanienterprises.com,2311.75,2238.85,2668245024768,77.16122,29.96,0.00059999997,3743.9,2025.0
2010-11-29 00:00:00+05:30,76.83563476474285,2314.95,2213.75,81.34332275390625,1376164,0.0,0.0,ADANIENT.NS,Adani Enterprises Limited,Thermal Coal,Energy,Mr. Gautambhai Shantilal Adani S.Y. B.Com,"Ahmedabad, India",https://www.adanienterprises.com,2311.75,2238.85,2668245024768,77.16122,29.96,0.00059999997,3743.9,2025.0
2010-11-30 00:00:00+05:30,83.23860498721272,2314.95,2213.75,85.70374298095703,1376164,0.0,0.0,ADANIENT.NS,Adani Enterprises Limited,Thermal Coal,Energy,Mr. Gautambhai Shantilal Adani S.Y. B.Com,"Ahmedabad, India",https://www.adanienterprises.com,2311.75,2238.85,2668245024768,77.16122,29.96,0.00059999997,3743.9,2025.0
2010-12-01 00:00:00+05:30,86.18397271507209,2314.95,2213.75,86.95873260498047,1376164,0.0,0.0,ADANIENT.NS,Adani Enterprises Limited,Thermal Coal,Energy,Mr. Gautambhai Shantilal Adani S.Y. B.Com,"Ahmedabad, India",https://www.adanienterprises.com,2311.75,2238.85,2668245024768,77.16122,29.96,0.00059999997,3743.9,2025.0
2010-12-02 00:00:00+05:30,87.72067878037838,2314.95,2213.75,86.17755889892578,1376164,0.0,0.0,ADANIENT.NS,Adani Enterprises Limited,Thermal Coal,Energy,Mr. Gautambhai Shantilal Adani S.Y. B.Com,"Ahmedabad, India",https://www.adanienterprises.com,2311.75,2238.85,2668245024768,77.16122,29.96,0.00059999997,3743.9,2025.0
2010-12-03 00:00:00+05:30,86.17755005764198,2314.95,2213.75,86.19676208496094,1376164,0.0,0.0,ADANIENT.NS,Adani Enterprises Limited,Thermal Coal,Energy,Mr. Gautambhai Shantilal Adani S.Y. B.Com,"Ahmedabad, India",https://www.adanienterprises.com,2311.75,2238.85,2668245024768,77.16122,29.96,0.00059999997,3743.9,2025.0
2010-12-06 00:00:00+05:30,85.58208290323658,2314.95,2213.75,85.80618286132812,1376164,0.0,0.0,ADANIENT.NS,Adani Enterprises Limited,Thermal Coal,Energy,Mr. Gautambhai Shantilal Adani S.Y. B.Com,"Ahmedabad, India",https://www.adanienterprises.com,2311.75,2238.85,2668245024768,77.16122,29.96,0.00059999997,3743.9,2025.0
2010-12-07 00:00:00+05:30,85.79338391222304,2314.95,2213.75,84.4871826171875,1376164,0.0,0.0,ADANIENT.NS,Adani Enterprises Limited,Thermal Coal,Energy,Mr. Gautambhai Shantilal Adani S.Y. B.Com,"Ahmedabad, India",https://www.adanienterprises.com,2311.75,2238.85,2668245024768,77.16122,29.96,0.00059999997,3743.9,2025.0
2010-12-08 00:00:00+05:30,83.9045028161597,2314.95,2213.75,82.43822479248047,1376164,0.0,0.0,ADANIENT.NS,Adani Enterprises Limited,Thermal Coal,Energy,Mr. Gautambhai Shantilal Adani S.Y. B.Com,"Ahmedabad, India",https://www.adanienterprises.com,2311.75,2238.85,2668245024768,77.16122,29.96,0.00059999997,3743.9,2025.0
2010-12-09 00:00:00+05:30,81.95801472071152,2314.95,2213.75,79.83222961425781,1376164,0.0,0.0,ADANIENT.NS,Adani Enterprises Limited,Thermal Coal,Energy,Mr. Gautambhai Shantilal Adani S.Y. B.Com,"Ahmedabad, India",https://www.adanienterprises.com,2311.75,2238.85,2668245024768,77.16122,29.96,0.00059999997,3743.9,2025.0
2010-12-10 00:00:00+05:30,79.40322160788111,2314.95,2213.75,81.40094757080078,1376164,0.0,0.0,ADANIENT.NS,Adani Enterprises Limited,Thermal Coal,Energy,Mr. Gautambhai Shantilal Adani S.Y. B.Com,"Ahmedabad, India",https://www.adanienterprises.com,2311.75,2238.85,2668245024768,77.16122,29.96,0.00059999997,3743.9,2025.0
2010-12-13 00:00:00+05:30,81.31770970407325,2314.95,2213.75,82.85442352294922,1376164,0.0,0.0,ADANIENT.NS,Adani Enterprises Limited,Thermal Coal,Energy,Mr. Gautambhai Shantilal Adani S.Y. B.Com,"Ahmedabad, India",https://www.adanienterprises.com,2311.75,2238.85,2668245024768,77.16122,29.96,0.00059999997,3743.9,2025.0
2010-12-14 00:00:00+05:30,83.23861460903234,2314.95,2213.75,81.36254119873047,1376164,0.0,0.0,ADANIENT.NS,Adani Enterprises Limited,Thermal Coal,Energy,Mr. Gautambhai Shantilal Adani S.Y. B.Com,"Ahmedabad, India",https://www.adanienterprises.com,2311.75,2238.85,2668245024768,77.16122,29.96,0.00059999997,3743.9,2025.0
2010-12-15 00:00:00+05:30,81.11921683076913,2314.95,2213.75,81.0936050415039,1376164,0.0,0.0,ADANIENT.NS,Adani Enterprises Limited,Thermal Coal,Energy,Mr. Gautambhai Shantilal Adani S.Y. B.Com,"Ahmedabad, India",https://www.adanienterprises.com,2311.75,2238.85,2668245024768,77.16122,29.96,0.00059999997,3743.9,2025.0
2010-12-16 00:00:00+05:30,81.91958261900588,2314.95,2213.75,79.81300354003906,1376164,0.0,0.0,ADANIENT.NS,Adani Enterprises Limited,Thermal Coal,Energy,Mr. Gautambhai Shantilal Adani S.Y. B.Com,"Ahmedabad, India",https://www.adanienterprises.com,2311.75,2238.85,2668245024768,77.16122,29.96,0.00059999997,3743.9,2025.0
2010-12-20 00:00:00+05:30,79.36478648402971,2314.95,2213.75,79.9794692993164,1376164,0.0,0.0,ADANIENT.NS,Adani Enterprises Limited,Thermal Coal,Energy,Mr. Gautambhai Shantilal Adani S.Y. B.Com,"Ahmedabad, India",https://www.adanienterprises.com,2311.75,2238.85,2668245024768,77.16122,29.96,0.00059999997,3743.9,2025.0
2010-12-21 00:00:00+05:30,79.42883118563546,2314.95,2213.75,80.00509643554688,1376164,0.0,0.0,ADANIENT.NS,Adani Enterprises Limited,Thermal Coal,Energy,Mr. Gautambhai Shantilal Adani S.Y. B.Com,"Ahmedabad, India",https://www.adanienterprises.com,2311.75,2238.85,2668245024768,77.16122,29.96,0.00059999997,3743.9,2025.0
2010-12-22 00:00:00+05:30,80.54934503004566,2314.95,2213.75,80.0114974975586,1376164,0.0,0.0,ADANIENT.NS,Adani Enterprises Limited,Thermal Coal,Energy,Mr. Gautambhai Shantilal Adani S.Y. B.Com,"Ahmedabad, India",https://www.adanienterprises.com,2311.75,2238.85,2668245024768,77.16122,29.96,0.00059999997,3743.9,2025.0
2010-12-23 00:00:00+05:30,79.82582049535294,2314.95,2213.75,79.31998443603516,1376164,0.0,0.0,ADANIENT.NS,Adani Enterprises Limited,Thermal Coal,Energy,Mr. Gautambhai Shantilal Adani S.Y. B.Com,"Ahmedabad, India",https://www.adanienterprises.com,2311.75,2238.85,2668245024768,77.16122,29.96,0.00059999997,3743.9,2025.0
2010-12-24 00:00:00+05:30,78.37234662545292,2314.95,2213.75,79.23674774169922,1376164,0.0,0.0,ADANIENT.NS,Adani Enterprises Limited,Thermal Coal,Energy,Mr. Gautambhai Shantilal Adani S.Y. B.Com,"Ahmedabad, India",https://www.adanienterprises.com,2311.75,2238.85,2668245024768,77.16122,29.96,0.00059999997,3743.9,2025.0
2010-12-27 00:00:00+05:30,79.36480439668827,2314.95,2213.75,79.30717468261719,1376164,0.0,0.0,ADANIENT.NS,Adani Enterprises Limited,Thermal Coal,Energy,Mr. Gautambhai Shantilal Adani S.Y. B.Com,"Ahmedabad, India",https://www.adanienterprises.com,2311.75,2238.85,2668245024768,77.16122,29.96,0.00059999997,3743.9,2025.0
2010-12-28 00:00:00+05:30,79.52486680634526,2314.95,2213.75,79.90904998779297,1376164,0.0,0.0,ADANIENT.NS,Adani Enterprises Limited,Thermal Coal,Energy,Mr. Gautambhai Shantilal Adani S.Y. B.Com,"Ahmedabad, India",https://www.adanienterprises.com,2311.75,2238.85,2668245024768,77.16122,29.96,0.00059999997,3743.9,2025.0
2010-12-29 00:00:00+05:30,80.03711032279577,2314.95,2213.75,81.75950622558594,1376164,0.0,0.0,ADANIENT.NS,Adani Enterprises Limited,Thermal Coal,Energy,Mr. Gautambhai Shantilal Adani S.Y. B.Com,"Ahmedabad, India",https://www.adanienterprises.com,2311.75,2238.85,2668245024768,77.16122,29.96,0.00059999997,3743.9,2025.0
2010-12-30 00:00:00+05:30,83.11053791208246,2314.95,2213.75,82.94406127929688,1376164,0.0,0.0,ADANIENT.NS,Adani Enterprises Limited,Thermal Coal,Energy,Mr. Gautambhai Shantilal Adani S.Y. B.Com,"Ahmedabad, India",https://www.adanienterprises.com,2311.75,2238.85,2668245024768,77.16122,29.96,0.00059999997,3743.9,2025.0
2010-12-31 00:00:00+05:30,83.23859656982485,2314.95,2213.75,83.22578430175781,1376164,0.0,0.0,ADANIENT.NS,Adani Enterprises Limited,Thermal Coal,Energy,Mr. Gautambhai Shantilal Adani S.Y. B.Com,"Ahmedabad, India",https://www.adanienterprises.com,2311.75,2238.85,2668245024768,77.16122,29.96,0.00059999997,3743.9,2025.0
2011-01-03 00:00:00+05:30,83.8788932978611,2314.95,2213.75,83.07852172851562,1376164,0.0,0.0,ADANIENT.NS,Adani Enterprises Limited,Thermal Coal,Energy,Mr. Gautambhai Shantilal Adani S.Y. B.Com,"Ahmedabad, India",https://www.adanienterprises.com,2311.75,2238.85,2668245024768,77.16122,29.96,0.00059999997,3743.9,2025.0
2011-01-04 00:00:00+05:30,83.2386145559681,2314.95,2213.75,83.28343200683594,1376164,0.0,0.0,ADANIENT.NS,Adani Enterprises Limited,Thermal Coal,Energy,Mr. Gautambhai Shantilal Adani S.Y. B.Com,"Ahmedabad, India",https://www.adanienterprises.com,2311.75,2238.85,2668245024768,77.16122,29.96,0.00059999997,3743.9,2025.0
2011-01-05 00:00:00+05:30,82.59829519466234,2314.95,2213.75,83.50111389160156,1376164,0.0,0.0,ADANIENT.NS,Adani Enterprises Limited,Thermal Coal,Energy,Mr. Gautambhai Shantilal Adani S.Y. B.Com,"Ahmedabad, India",https://www.adanienterprises.com,2311.75,2238.85,2668245024768,77.16122,29.96,0.00059999997,3743.9,2025.0
2011-01-06 00:00:00+05:30,84.01334355912802,2314.95,2213.75,82.52145385742188,1376164,0.0,0.0,ADANIENT.NS,Adani Enterprises Limited,Thermal Coal,Energy,Mr. Gautambhai Shantilal Adani S.Y. B.Com,"Ahmedabad, India",https://www.adanienterprises.com,2311.75,2238.85,2668245024768,77.16122,29.96,0.00059999997,3743.9,2025.0
2011-01-07 00:00:00+05:30,82.82241402693113,2314.95,2213.75,80.4341049194336,1376164,0.0,0.0,ADANIENT.NS,Adani Enterprises Limited,Thermal Coal,Energy,Mr. Gautambhai Shantilal Adani S.Y. B.Com,"Ahmedabad, India",https://www.adanienterprises.com,2311.75,2238.85,2668245024768,77.16122,29.96,0.00059999997,3743.9,2025.0
2011-01-10 00:00:00+05:30,81.4969775275218,2314.95,2213.75,74.85709381103516,1376164,0.0,0.0,ADANIENT.NS,Adani Enterprises Limited,Thermal Coal,Energy,Mr. Gautambhai Shantilal Adani S.Y. B.Com,"Ahmedabad, India",https://www.adanienterprises.com,2311.75,2238.85,2668245024768,77.16122,29.96,0.00059999997,3743.9,2025.0
2011-01-11 00:00:00+05:30,75.55503050887663,2314.95,2213.75,77.29663848876953,1376164,0.0,0.0,ADANIENT.NS,Adani Enterprises Limited,Thermal Coal,Energy,Mr. Gautambhai Shantilal Adani S.Y. B.Com,"Ahmedabad, India",https://www.adanienterprises.com,2311.75,2238.85,2668245024768,77.16122,29.96,0.00059999997,3743.9,2025.0
2011-01-12 00:00:00+05:30,77.9881626104651,2314.95,2213.75,79.33918762207031,1376164,0.0,0.0,ADANIENT.NS,Adani Enterprises Limited,Thermal Coal,Energy,Mr. Gautambhai Shantilal Adani S.Y. B.Com,"Ahmedabad, India",https://www.adanienterprises.com,2311.75,2238.85,2668245024768,77.16122,29.96,0.00059999997,3743.9,2025.0
2011-01-13 00:00:00+05:30,79.8130049953364,2314.95,2213.75,82.41901397705078,1376164,0.0,0.0,ADANIENT.NS,Adani Enterprises Limited,Thermal Coal,Energy,Mr. Gautambhai Shantilal Adani S.Y. B.Com,"Ahmedabad, India",https://www.adanienterprises.com,2311.75,2238.85,2668245024768,77.16122,29.96,0.00059999997,3743.9,2025.0
2011-01-14 00:00:00+05:30,81.9580200528914,2314.95,2213.75,82.20133209228516,1376164,0.0,0.0,ADANIENT.NS,Adani Enterprises Limited,Thermal Coal,Energy,Mr. Gautambhai Shantilal Adani S.Y. B.Com,"Ahmedabad, India",https://www.adanienterprises.com,2311.75,2238.85,2668245024768,77.16122,29.96,0.00059999997,3743.9,2025.0
2011-01-17 00:00:00+05:30,81.5738355769752,2314.95,2213.75,78.03298950195312,1376164,0.0,0.0,ADANIENT.NS,Adani Enterprises Limited,Thermal Coal,Energy,Mr. Gautambhai Shantilal Adani S.Y. B.Com,"Ahmedabad, India",https://www.adanienterprises.com,2311.75,2238.85,2668245024768,77.16122,29.96,0.00059999997,3743.9,2025.0
2011-01-18 00:00:00+05:30,79.26875597926329,2314.95,2213.75,79.75538635253906,1376164,0.0,0.0,ADANIENT.NS,Adani Enterprises Limited,Thermal Coal,Energy,Mr. Gautambhai Shantilal Adani S.Y. B.Com,"Ahmedabad, India",https://www.adanienterprises.com,2311.75,2238.85,2668245024768,77.16122,29.96,0.00059999997,3743.9,2025.0
2011-01-19 00:00:00+05:30,80.03712004062763,2314.95,2213.75,80.55575561523438,1376164,0.0,0.0,ADANIENT.NS,Adani Enterprises Limited,Thermal Coal,Energy,Mr. Gautambhai Shantilal Adani S.Y. B.Com,"Ahmedabad, India",https://www.adanienterprises.com,2311.75,2238.85,2668245024768,77.16122,29.96,0.00059999997,3743.9,2025.0
2011-01-20 00:00:00+05:30,80.29324442427159,2314.95,2213.75,80.6005859375,1376164,0.0,0.0,ADANIENT.NS,Adani Enterprises Limited,Thermal Coal,Energy,Mr. Gautambhai Shantilal Adani S.Y. B.Com,"Ahmedabad, India",https://www.adanienterprises.com,2311.75,2238.85,2668245024768,77.16122,29.96,0.00059999997,3743.9,2025.0
2011-01-21 00:00:00+05:30,80.60056485334272,2314.95,2213.75,81.4649658203125,1376164,0.0,0.0,ADANIENT.NS,Adani Enterprises Limited,Thermal Coal,Energy,Mr. Gautambhai Shantilal Adani S.Y. B.Com,"Ahmedabad, India",https://www.adanienterprises.com,2311.75,2238.85,2668245024768,77.16122,29.96,0.00059999997,3743.9,2025.0
2011-01-24 00:00:00+05:30,81.44577524986556,2314.95,2213.75,81.41375732421875,1376164,0.0,0.0,ADANIENT.NS,Adani Enterprises Limited,Thermal Coal,Energy,Mr. Gautambhai Shantilal Adani S.Y. B.Com,"Ahmedabad, India",https://www.adanienterprises.com,2311.75,2238.85,2668245024768,77.16122,29.96,0.00059999997,3743.9,2025.0
2011-01-25 00:00:00+05:30,81.57383505872188,2314.95,2213.75,79.39682006835938,1376164,0.0,0.0,ADANIENT.NS,Adani Enterprises Limited,Thermal Coal,Energy,Mr. Gautambhai Shantilal Adani S.Y. B.Com,"Ahmedabad, India",https://www.adanienterprises.com,2311.75,2238.85,2668245024768,77.16122,29.96,0.00059999997,3743.9,2025.0
2011-01-27 00:00:00+05:30,80.04993279461375,2314.95,2213.75,78.40436553955078,1376164,0.0,0.0,ADANIENT.NS,Adani Enterprises Limited,Thermal Coal,Energy,Mr. Gautambhai Shantilal Adani S.Y. B.Com,"Ahmedabad, India",https://www.adanienterprises.com,2311.75,2238.85,2668245024768,77.16122,29.96,0.00059999997,3743.9,2025.0
2011-01-28 00:00:00+05:30,78.11623101014003,2314.95,2213.75,73.86465454101562,1376164,0.0,0.0,ADANIENT.NS,Adani Enterprises Limited,Thermal Coal,Energy,Mr. Gautambhai Shantilal Adani S.Y. B.Com,"Ahmedabad, India",https://www.adanienterprises.com,2311.75,2238.85,2668245024768,77.16122,29.96,0.00059999997,3743.9,2025.0
2011-01-31 00:00:00+05:30,72.99385586025241,2314.95,2213.75,72.25111389160156,1376164,0.0,0.0,ADANIENT.NS,Adani Enterprises Limited,Thermal Coal,Energy,Mr. Gautambhai Shantilal Adani S.Y. B.Com,"Ahmedabad, India",https://www.adanienterprises.com,2311.75,2238.85,2668245024768,77.16122,29.96,0.00059999997,3743.9,2025.0
2011-02-01 00:00:00+05:30,72.35355035870649,2314.95,2213.75,72.46880340576172,1376164,0.0,0.0,ADANIENT.NS,Adani Enterprises Limited,Thermal Coal,Energy,Mr. Gautambhai Shantilal Adani S.Y. B.Com,"Ahmedabad, India",https://www.adanienterprises.com,2311.75,2238.85,2668245024768,77.16122,29.96,0.00059999997,3743.9,2025.0
2011-02-02 00:00:00+05:30,72.99385514665353,2314.95,2213.75,74.70344543457031,1376164,0.0,0.0,ADANIENT.NS,Adani Enterprises Limited,Thermal Coal,Energy,Mr. Gautambhai Shantilal Adani S.Y. B.Com,"Ahmedabad, India",https://www.adanienterprises.com,2311.75,2238.85,2668245024768,77.16122,29.96,0.00059999997,3743.9,2025.0
2011-02-03 00:00:00+05:30,74.65221545658403,2314.95,2213.75,78.03939056396484,1376164,0.0,0.0,ADANIENT.NS,Adani Enterprises Limited,Thermal Coal,Energy,Mr. Gautambhai Shantilal Adani S.Y. B.Com,"Ahmedabad, India",https://www.adanienterprises.com,2311.75,2238.85,2668245024768,77.16122,29.96,0.00059999997,3743.9,2025.0
2011-02-04 00:00:00+05:30,78.11622013817683,2314.95,2213.75,77.11095428466797,1376164,0.0,0.0,ADANIENT.NS,Adani Enterprises Limited,Thermal Coal,Energy,Mr. Gautambhai Shantilal Adani S.Y. B.Com,"Ahmedabad, India",https://www.adanienterprises.com,2311.75,2238.85,2668245024768,77.16122,29.96,0.00059999997,3743.9,2025.0
2011-02-07 00:00:00+05:30,75.64469426314612,2314.95,2213.75,75.32454681396484,1376164,0.0,0.0,ADANIENT.NS,Adani Enterprises Limited,Thermal Coal,Energy,Mr. Gautambhai Shantilal Adani S.Y. B.Com,"Ahmedabad, India",https://www.adanienterprises.com,2311.75,2238.85,2668245024768,77.16122,29.96,0.00059999997,3743.9,2025.0
2011-02-08 00:00:00+05:30,76.19532608810721,2314.95,2213.75,75.0043716430664,1376164,0.0,0.0,ADANIENT.NS,Adani Enterprises Limited,Thermal Coal,Energy,Mr. Gautambhai Shantilal Adani S.Y. B.Com,"Ahmedabad, India",https://www.adanienterprises.com,2311.75,2238.85,2668245024768,77.16122,29.96,0.00059999997,3743.9,2025.0
2011-02-09 00:00:00+05:30,75.1580522934736,2314.95,2213.75,74.5561752319336,1376164,0.0,0.0,ADANIENT.NS,Adani Enterprises Limited,Thermal Coal,Energy,Mr. Gautambhai Shantilal Adani S.Y. B.Com,"Ahmedabad, India",https://www.adanienterprises.com,2311.75,2238.85,2668245024768,77.16122,29.96,0.00059999997,3743.9,2025.0
2011-02-10 00:00:00+05:30,74.40251725273524,2314.95,2213.75,74.57539367675781,1376164,0.0,0.0,ADANIENT.NS,Adani Enterprises Limited,Thermal Coal,Energy,Mr. Gautambhai Shantilal Adani S.Y. B.Com,"Ahmedabad, India",https://www.adanienterprises.com,2311.75,2238.85,2668245024768,77.16122,29.96,0.00059999997,3743.9,2025.0
2011-02-11 00:00:00+05:30,74.21681175459553,2314.95,2213.75,74.84430694580078,1376164,0.0,0.0,ADANIENT.NS,Adani Enterprises Limited,Thermal Coal,Energy,Mr. Gautambhai Shantilal Adani S.Y. B.Com,"Ahmedabad, India",https://www.adanienterprises.com,2311.75,2238.85,2668245024768,77.16122,29.96,0.00059999997,3743.9,2025.0
2011-02-14 00:00:00+05:30,75.04279739621724,2314.95,2213.75,77.3542709350586,1376164,0.0,0.0,ADANIENT.NS,Adani Enterprises Limited,Thermal Coal,Energy,Mr. Gautambhai Shantilal Adani S.Y. B.Com,"Ahmedabad, India",https://www.adanienterprises.com,2311.75,2238.85,2668245024768,77.16122,29.96,0.00059999997,3743.9,2025.0
2011-02-15 00:00:00+05:30,78.13543650176437,2314.95,2213.75,77.60398864746094,1376164,0.0,0.0,ADANIENT.NS,Adani Enterprises Limited,Thermal Coal,Energy,Mr. Gautambhai Shantilal Adani S.Y. B.Com,"Ahmedabad, India",https://www.adanienterprises.com,2311.75,2238.85,2668245024768,77.16122,29.96,0.00059999997,3743.9,2025.0
2011-02-16 00:00:00+05:30,78.22508622446772,2314.95,2213.75,80.18439483642578,1376164,0.0,0.0,ADANIENT.NS,Adani Enterprises Limited,Thermal Coal,Energy,Mr. Gautambhai Shantilal Adani S.Y. B.Com,"Ahmedabad, India",https://www.adanienterprises.com,2311.75,2238.85,2668245024768,77.16122,29.96,0.00059999997,3743.9,2025.0
2011-02-17 00:00:00+05:30,80.43410227588936,2314.95,2213.75,80.40208435058594,1376164,0.0,0.0,ADANIENT.NS,Adani Enterprises Limited,Thermal Coal,Energy,Mr. Gautambhai Shantilal Adani S.Y. B.Com,"Ahmedabad, India",https://www.adanienterprises.com,2311.75,2238.85,2668245024768,77.16122,29.96,0.00059999997,3743.9,2025.0
2011-02-18 00:00:00+05:30,80.15236508270019,2314.95,2213.75,79.33918762207031,1376164,0.0,0.0,ADANIENT.NS,Adani Enterprises Limited,Thermal Coal,Energy,Mr. Gautambhai Shantilal Adani S.Y. B.Com,"Ahmedabad, India",https://www.adanienterprises.com,2311.75,2238.85,2668245024768,77.16122,29.96,0.00059999997,3743.9,2025.0
2011-02-21 00:00:00+05:30,79.64653914739412,2314.95,2213.75,80.4341049194336,1376164,0.0,0.0,ADANIENT.NS,Adani Enterprises Limited,Thermal Coal,Energy,Mr. Gautambhai Shantilal Adani S.Y. B.Com,"Ahmedabad, India",https://www.adanienterprises.com,2311.75,2238.85,2668245024768,77.16122,29.96,0.00059999997,3743.9,2025.0
2011-02-22 00:00:00+05:30,80.03710415022195,2314.95,2213.75,80.35084533691406,1376164,0.0,0.0,ADANIENT.NS,Adani Enterprises Limited,Thermal Coal,Energy,Mr. Gautambhai Shantilal Adani S.Y. B.Com,"Ahmedabad, India",https://www.adanienterprises.com,2311.75,2238.85,2668245024768,77.16122,29.96,0.00059999997,3743.9,2025.0
2011-02-23 00:00:00+05:30,79.58249049966524,2314.95,2213.75,78.22505950927734,1376164,0.0,0.0,ADANIENT.NS,Adani Enterprises Limited,Thermal Coal,Energy,Mr. Gautambhai Shantilal Adani S.Y. B.Com,"Ahmedabad, India",https://www.adanienterprises.com,2311.75,2238.85,2668245024768,77.16122,29.96,0.00059999997,3743.9,2025.0
2011-02-24 00:00:00+05:30,78.24427986382074,2314.95,2213.75,75.87518310546875,1376164,0.0,0.0,ADANIENT.NS,Adani Enterprises Limited,Thermal Coal,Energy,Mr. Gautambhai Shantilal Adani S.Y. B.Com,"Ahmedabad, India",https://www.adanienterprises.com,2311.75,2238.85,2668245024768,77.16122,29.96,0.00059999997,3743.9,2025.0
2011-02-25 00:00:00+05:30,75.24129068867491,2314.95,2213.75,76.24015045166016,1376164,0.0,0.0,ADANIENT.NS,Adani Enterprises Limited,Thermal Coal,Energy,Mr. Gautambhai Shantilal Adani S.Y. B.Com,"Ahmedabad, India",https://www.adanienterprises.com,2311.75,2238.85,2668245024768,77.16122,29.96,0.00059999997,3743.9,2025.0
2011-02-28 00:00:00+05:30,74.79307736720126,2314.95,2213.75,78.25708770751953,1376164,0.0,0.0,ADANIENT.NS,Adani Enterprises Limited,Thermal Coal,Energy,Mr. Gautambhai Shantilal Adani S.Y. B.Com,"Ahmedabad, India",https://www.adanienterprises.com,2311.75,2238.85,2668245024768,77.16122,29.96,0.00059999997,3743.9,2025.0
2011-03-01 00:00:00+05:30,79.57609645960908,2314.95,2213.75,79.09587860107422,1376164,0.0,0.0,ADANIENT.NS,Adani Enterprises Limited,Thermal Coal,Energy,Mr. Gautambhai Shantilal Adani S.Y. B.Com,"Ahmedabad, India",https://www.adanienterprises.com,2311.75,2238.85,2668245024768,77.16122,29.96,0.00059999997,3743.9,2025.0
2011-03-03 00:00:00+05:30,77.47593592558339,2314.95,2213.75,77.57198333740234,1376164,0.0,0.0,ADANIENT.NS,Adani Enterprises Limited,Thermal Coal,Energy,Mr. Gautambhai Shantilal Adani S.Y. B.Com,"Ahmedabad, India",https://www.adanienterprises.com,2311.75,2238.85,2668245024768,77.16122,29.96,0.00059999997,3743.9,2025.0
2011-03-04 00:00:00+05:30,79.14070751180681,2314.95,2213.75,76.78441619873047,1376164,0.0,0.0,ADANIENT.NS,Adani Enterprises Limited,Thermal Coal,Energy,Mr. Gautambhai Shantilal Adani S.Y. B.Com,"Ahmedabad, India",https://www.adanienterprises.com,2311.75,2238.85,2668245024768,77.16122,29.96,0.00059999997,3743.9,2025.0
2011-03-07 00:00:00+05:30,76.82923355791877,2314.95,2213.75,76.00325012207031,1376164,0.0,0.0,ADANIENT.NS,Adani Enterprises Limited,Thermal Coal,Energy,Mr. Gautambhai Shantilal Adani S.Y. B.Com,"Ahmedabad, India",https://www.adanienterprises.com,2311.75,2238.85,2668245024768,77.16122,29.96,0.00059999997,3743.9,2025.0
2011-03-08 00:00:00+05:30,76.45145275420539,2314.95,2213.75,76.04166412353516,1376164,0.0,0.0,ADANIENT.NS,Adani Enterprises Limited,Thermal Coal,Energy,Mr. Gautambhai Shantilal Adani S.Y. B.Com,"Ahmedabad, India",https://www.adanienterprises.com,2311.75,2238.85,2668245024768,77.16122,29.96,0.00059999997,3743.9,2025.0
2011-03-09 00:00:00+05:30,76.24655164203232,2314.95,2213.75,75.91999816894531,1376164,0.0,0.0,ADANIENT.NS,Adani Enterprises Limited,Thermal Coal,Energy,Mr. Gautambhai Shantilal Adani S.Y. B.Com,"Ahmedabad, India",https://www.adanienterprises.com,2311.75,2238.85,2668245024768,77.16122,29.96,0.00059999997,3743.9,2025.0
2011-03-10 00:00:00+05:30,75.92641272017914,2314.95,2213.75,76.1505126953125,1376164,0.0,0.0,ADANIENT.NS,Adani Enterprises Limited,Thermal Coal,Energy,Mr. Gautambhai Shantilal Adani S.Y. B.Com,"Ahmedabad, India",https://www.adanienterprises.com,2311.75,2238.85,2668245024768,77.16122,29.96,0.00059999997,3743.9,2025.0
2011-03-11 00:00:00+05:30,76.19533512437661,2314.95,2213.75,76.11849975585938,1376164,0.0,0.0,ADANIENT.NS,Adani Enterprises Limited,Thermal Coal,Energy,Mr. Gautambhai Shantilal Adani S.Y. B.Com,"Ahmedabad, India",https://www.adanienterprises.com,2311.75,2238.85,2668245024768,77.16122,29.96,0.00059999997,3743.9,2025.0
2011-03-14 00:00:00+05:30,76.11210020597787,2314.95,2213.75,77.32866668701172,1376164,0.0,0.0,ADANIENT.NS,Adani Enterprises Limited,Thermal Coal,Energy,Mr. Gautambhai Shantilal Adani S.Y. B.Com,"Ahmedabad, India",https://www.adanienterprises.com,2311.75,2238.85,2668245024768,77.16122,29.96,0.00059999997,3743.9,2025.0
2011-03-15 00:00:00+05:30,76.15691222966971,2314.95,2213.75,76.81001281738281,1376164,0.0,0.0,ADANIENT.NS,Adani Enterprises Limited,Thermal Coal,Energy,Mr. Gautambhai Shantilal Adani S.Y. B.Com,"Ahmedabad, India",https://www.adanienterprises.com,2311.75,2238.85,2668245024768,77.16122,29.96,0.00059999997,3743.9,2025.0
2011-03-16 00:00:00+05:30,76.64353758528269,2314.95,2213.75,76.84202575683594,1376164,0.0,0.0,ADANIENT.NS,Adani Enterprises Limited,Thermal Coal,Energy,Mr. Gautambhai Shantilal Adani S.Y. B.Com,"Ahmedabad, India",https://www.adanienterprises.com,2311.75,2238.85,2668245024768,77.16122,29.96,0.00059999997,3743.9,2025.0
2011-03-17 00:00:00+05:30,76.83563496692538,2314.95,2213.75,76.8676528930664,1376164,0.0,0.0,ADANIENT.NS,Adani Enterprises Limited,Thermal Coal,Energy,Mr. Gautambhai Shantilal Adani S.Y. B.Com,"Ahmedabad, India",https://www.adanienterprises.com,2311.75,2238.85,2668245024768,77.16122,29.96,0.00059999997,3743.9,2025.0
2011-03-18 00:00:00+05:30,76.84203104531781,2314.95,2213.75,76.90606689453125,1376164,0.0,0.0,ADANIENT.NS,Adani Enterprises Limited,Thermal Coal,Energy,Mr. Gautambhai Shantilal Adani S.Y. B.Com,"Ahmedabad, India",https://www.adanienterprises.com,2311.75,2238.85,2668245024768,77.16122,29.96,0.00059999997,3743.9,2025.0
2011-03-21 00:00:00+05:30,76.84203312592683,2314.95,2213.75,76.76519775390625,1376164,0.0,0.0,ADANIENT.NS,Adani Enterprises Limited,Thermal Coal,Energy,Mr. Gautambhai Shantilal Adani S.Y. B.Com,"Ahmedabad, India",https://www.adanienterprises.com,2311.75,2238.85,2668245024768,77.16122,29.96,0.00059999997,3743.9,2025.0
2011-03-22 00:00:00+05:30,76.20174489295877,2314.95,2213.75,76.83563995361328,1376164,0.0,0.0,ADANIENT.NS,Adani Enterprises Limited,Thermal Coal,Energy,Mr. Gautambhai Shantilal Adani S.Y. B.Com,"Ahmedabad, India",https://www.adanienterprises.com,2311.75,2238.85,2668245024768,77.16122,29.96,0.00059999997,3743.9,2025.0
2011-03-23 00:00:00+05:30,76.83562330238878,2314.95,2213.75,76.8036117553711,1376164,0.0,0.0,ADANIENT.NS,Adani Enterprises Limited,Thermal Coal,Energy,Mr. Gautambhai Shantilal Adani S.Y. B.Com,"Ahmedabad, India",https://www.adanienterprises.com,2311.75,2238.85,2668245024768,77.16122,29.96,0.00059999997,3743.9,2025.0
2011-03-24 00:00:00+05:30,76.24014735273707,2314.95,2213.75,76.81001281738281,1376164,0.0,0.0,ADANIENT.NS,Adani Enterprises Limited,Thermal Coal,Energy,Mr. Gautambhai Shantilal Adani S.Y. B.Com,"Ahmedabad, India",https://www.adanienterprises.com,2311.75,2238.85,2668245024768,77.16122,29.96,0.00059999997,3743.9,2025.0
2011-03-25 00:00:00+05:30,76.82922775801919,2314.95,2213.75,76.91886901855469,1376164,0.0,0.0,ADANIENT.NS,Adani Enterprises Limited,Thermal Coal,Energy,Mr. Gautambhai Shantilal Adani S.Y. B.Com,"Ahmedabad, India",https://www.adanienterprises.com,2311.75,2238.85,2668245024768,77.16122,29.96,0.00059999997,3743.9,2025.0
2011-03-28 00:00:00+05:30,77.09816279745331,2314.95,2213.75,76.85485076904297,1376164,0.0,0.0,ADANIENT.NS,Adani Enterprises Limited,Thermal Coal,Energy,Mr. Gautambhai Shantilal Adani S.Y. B.Com,"Ahmedabad, India",https://www.adanienterprises.com,2311.75,2238.85,2668245024768,77.16122,29.96,0.00059999997,3743.9,2025.0
2011-03-29 00:00:00+05:30,76.96368463730015,2314.95,2213.75,78.58363342285156,1376164,0.0,0.0,ADANIENT.NS,Adani Enterprises Limited,Thermal Coal,Energy,Mr. Gautambhai Shantilal Adani S.Y. B.Com,"Ahmedabad, India",https://www.adanienterprises.com,2311.75,2238.85,2668245024768,77.16122,29.96,0.00059999997,3743.9,2025.0
2011-03-30 00:00:00+05:30,79.62734091589371,2314.95,2213.75,80.7862777709961,1376164,0.0,0.0,ADANIENT.NS,Adani Enterprises Limited,Thermal Coal,Energy,Mr. Gautambhai Shantilal Adani S.Y. B.Com,"Ahmedabad, India",https://www.adanienterprises.com,2311.75,2238.85,2668245024768,77.16122,29.96,0.00059999997,3743.9,2025.0
2011-03-31 00:00:00+05:30,81.82353923159572,2314.95,2213.75,85.35797882080078,1376164,0.0,0.0,ADANIENT.NS,Adani Enterprises Limited,Thermal Coal,Energy,Mr. Gautambhai Shantilal Adani S.Y. B.Com,"Ahmedabad, India",https://www.adanienterprises.com,2311.75,2238.85,2668245024768,77.16122,29.96,0.00059999997,3743.9,2025.0
2011-04-01 00:00:00+05:30,85.28754839728353,2314.95,2213.75,84.64724731445312,1376164,0.0,0.0,ADANIENT.NS,Adani Enterprises Limited,Thermal Coal,Energy,Mr. Gautambhai Shantilal Adani S.Y. B.Com,"Ahmedabad, India",https://www.adanienterprises.com,2311.75,2238.85,2668245024768,77.16122,29.96,0.00059999997,3743.9,2025.0
2011-04-04 00:00:00+05:30,85.79338948248318,2314.95,2213.75,84.98661804199219,1376164,0.0,0.0,ADANIENT.NS,Adani Enterprises Limited,Thermal Coal,Energy,Mr. Gautambhai Shantilal Adani S.Y. B.Com,"Ahmedabad, India",https://www.adanienterprises.com,2311.75,2238.85,2668245024768,77.16122,29.96,0.00059999997,3743.9,2025.0
2011-04-05 00:00:00+05:30,85.79978906532513,2314.95,2213.75,85.31956481933594,1376164,0.0,0.0,ADANIENT.NS,Adani Enterprises Limited,Thermal Coal,Energy,Mr. Gautambhai Shantilal Adani S.Y. B.Com,"Ahmedabad, India",https://www.adanienterprises.com,2311.75,2238.85,2668245024768,77.16122,29.96,0.00059999997,3743.9,2025.0
2011-04-06 00:00:00+05:30,85.16589999548026,2314.95,2213.75,84.42955780029297,1376164,0.0,0.0,ADANIENT.NS,Adani Enterprises Limited,Thermal Coal,Energy,Mr. Gautambhai Shantilal Adani S.Y. B.Com,"Ahmedabad, India",https://www.adanienterprises.com,2311.75,2238.85,2668245024768,77.16122,29.96,0.00059999997,3743.9,2025.0
2011-04-07 00:00:00+05:30,85.14667442639691,2314.95,2213.75,83.50111389160156,1376164,0.0,0.0,ADANIENT.NS,Adani Enterprises Limited,Thermal Coal,Energy,Mr. Gautambhai Shantilal Adani S.Y. B.Com,"Ahmedabad, India",https://www.adanienterprises.com,2311.75,2238.85,2668245024768,77.16122,29.96,0.00059999997,3743.9,2025.0
2011-04-08 00:00:00+05:30,83.87890489545165,2314.95,2213.75,83.09133911132812,1376164,0.0,0.0,ADANIENT.NS,Adani Enterprises Limited,Thermal Coal,Energy,Mr. Gautambhai Shantilal Adani S.Y. B.Com,"Ahmedabad, India",https://www.adanienterprises.com,2311.75,2238.85,2668245024768,77.16122,29.96,0.00059999997,3743.9,2025.0
2011-04-11 00:00:00+05:30,83.7380261567852,2314.95,2213.75,83.1489486694336,1376164,0.0,0.0,ADANIENT.NS,Adani Enterprises Limited,Thermal Coal,Energy,Mr. Gautambhai Shantilal Adani S.Y. B.Com,"Ahmedabad, India",https://www.adanienterprises.com,2311.75,2238.85,2668245024768,77.16122,29.96,0.00059999997,3743.9,2025.0
2011-04-13 00:00:00+05:30,83.23861421854004,2314.95,2213.75,83.18098449707031,1376164,0.0,0.0,ADANIENT.NS,Adani Enterprises Limited,Thermal Coal,Energy,Mr. Gautambhai Shantilal Adani S.Y. B.Com,"Ahmedabad, India",https://www.adanienterprises.com,2311.75,2238.85,2668245024768,77.16122,29.96,0.00059999997,3743.9,2025.0
2011-04-15 00:00:00+05:30,82.98247331117408,2314.95,2213.75,82.41901397705078,1376164,0.0,0.0,ADANIENT.NS,Adani Enterprises Limited,Thermal Coal,Energy,Mr. Gautambhai Shantilal Adani S.Y. B.Com,"Ahmedabad, India",https://www.adanienterprises.com,2311.75,2238.85,2668245024768,77.16122,29.96,0.00059999997,3743.9,2025.0
2011-04-18 00:00:00+05:30,82.52787154636475,2314.95,2213.75,81.44577026367188,1376164,0.0,0.0,ADANIENT.NS,Adani Enterprises Limited,Thermal Coal,Energy,Mr. Gautambhai Shantilal Adani S.Y. B.Com,"Ahmedabad, India",https://www.adanienterprises.com,2311.75,2238.85,2668245024768,77.16122,29.96,0.00059999997,3743.9,2025.0
2011-04-19 00:00:00+05:30,82.15009544307078,2314.95,2213.75,81.72750091552734,1376164,0.0,0.0,ADANIENT.NS,Adani Enterprises Limited,Thermal Coal,Energy,Mr. Gautambhai Shantilal Adani S.Y. B.Com,"Ahmedabad, India",https://www.adanienterprises.com,2311.75,2238.85,2668245024768,77.16122,29.96,0.00059999997,3743.9,2025.0
2011-04-20 00:00:00+05:30,81.95800858652521,2314.95,2213.75,83.30262756347656,1376164,0.0,0.0,ADANIENT.NS,Adani Enterprises Limited,Thermal Coal,Energy,Mr. Gautambhai Shantilal Adani S.Y. B.Com,"Ahmedabad, India",https://www.adanienterprises.com,2311.75,2238.85,2668245024768,77.16122,29.96,0.00059999997,3743.9,2025.0
2011-04-21 00:00:00+05:30,83.87889107885323,2314.95,2213.75,83.174560546875,1376164,0.0,0.0,ADANIENT.NS,Adani Enterprises Limited,Thermal Coal,Energy,Mr. Gautambhai Shantilal Adani S.Y. B.Com,"Ahmedabad, India",https://www.adanienterprises.com,2311.75,2238.85,2668245024768,77.16122,29.96,0.00059999997,3743.9,2025.0
2011-04-25 00:00:00+05:30,83.10412470539515,2314.95,2213.75,82.39339447021484,1376164,0.0,0.0,ADANIENT.NS,Adani Enterprises Limited,Thermal Coal,Energy,Mr. Gautambhai Shantilal Adani S.Y. B.Com,"Ahmedabad, India",https://www.adanienterprises.com,2311.75,2238.85,2668245024768,77.16122,29.96,0.00059999997,3743.9,2025.0
2011-04-26 00:00:00+05:30,82.94406430577085,2314.95,2213.75,81.58663940429688,1376164,0.0,0.0,ADANIENT.NS,Adani Enterprises Limited,Thermal Coal,Energy,Mr. Gautambhai Shantilal Adani S.Y. B.Com,"Ahmedabad, India",https://www.adanienterprises.com,2311.75,2238.85,2668245024768,77.16122,29.96,0.00059999997,3743.9,2025.0
2011-04-27 00:00:00+05:30,82.47024008240192,2314.95,2213.75,82.04764556884766,1376164,0.0,0.0,ADANIENT.NS,Adani Enterprises Limited,Thermal Coal,Energy,Mr. Gautambhai Shantilal Adani S.Y. B.Com,"Ahmedabad, India",https://www.adanienterprises.com,2311.75,2238.85,2668245024768,77.16122,29.96,0.00059999997,3743.9,2025.0
2011-04-28 00:00:00+05:30,82.5791026192896,2314.95,2213.75,82.13088989257812,1376164,0.0,0.0,ADANIENT.NS,Adani Enterprises Limited,Thermal Coal,Energy,Mr. Gautambhai Shantilal Adani S.Y. B.Com,"Ahmedabad, India",https://www.adanienterprises.com,2311.75,2238.85,2668245024768,77.16122,29.96,0.00059999997,3743.9,2025.0
2011-04-29 00:00:00+05:30,82.4702407683739,2314.95,2213.75,80.03070831298828,1376164,0.0,0.0,ADANIENT.NS,Adani Enterprises Limited,Thermal Coal,Energy,Mr. Gautambhai Shantilal Adani S.Y. B.Com,"Ahmedabad, India",https://www.adanienterprises.com,2311.75,2238.85,2668245024768,77.16122,29.96,0.00059999997,3743.9,2025.0
2011-05-02 00:00:00+05:30,80.82467683049153,2314.95,2213.75,80.54934692382812,1376164,0.0,0.0,ADANIENT.NS,Adani Enterprises Limited,Thermal Coal,Energy,Mr. Gautambhai Shantilal Adani S.Y. B.Com,"Ahmedabad, India",https://www.adanienterprises.com,2311.75,2238.85,2668245024768,77.16122,29.96,0.00059999997,3743.9,2025.0
2011-05-03 00:00:00+05:30,81.07439716479027,2314.95,2213.75,79.69136047363281,1376164,0.0,0.0,ADANIENT.NS,Adani Enterprises Limited,Thermal Coal,Energy,Mr. Gautambhai Shantilal Adani S.Y. B.Com,"Ahmedabad, India",https://www.adanienterprises.com,2311.75,2238.85,2668245024768,77.16122,29.96,0.00059999997,3743.9,2025.0
2011-05-04 00:00:00+05:30,79.90906807186389,2314.95,2213.75,78.83336639404297,1376164,0.0,0.0,ADANIENT.NS,Adani Enterprises Limited,Thermal Coal,Energy,Mr. Gautambhai Shantilal Adani S.Y. B.Com,"Ahmedabad, India",https://www.adanienterprises.com,2311.75,2238.85,2668245024768,77.16122,29.96,0.00059999997,3743.9,2025.0
2011-05-05 00:00:00+05:30,79.77458464141175,2314.95,2213.75,77.66160583496094,1376164,0.0,0.0,ADANIENT.NS,Adani Enterprises Limited,Thermal Coal,Energy,Mr. Gautambhai Shantilal Adani S.Y. B.Com,"Ahmedabad, India",https://www.adanienterprises.com,2311.75,2238.85,2668245024768,77.16122,29.96,0.00059999997,3743.9,2025.0
2011-05-06 00:00:00+05:30,78.59643766151054,2314.95,2213.75,79.18550872802734,1376164,0.0,0.0,ADANIENT.NS,Adani Enterprises Limited,Thermal Coal,Energy,Mr. Gautambhai Shantilal Adani S.Y. B.Com,"Ahmedabad, India",https://www.adanienterprises.com,2311.75,2238.85,2668245024768,77.16122,29.96,0.00059999997,3743.9,2025.0
2011-05-09 00:00:00+05:30,79.69136142882559,2314.95,2213.75,79.5953140258789,1376164,0.0,0.0,ADANIENT.NS,Adani Enterprises Limited,Thermal Coal,Energy,Mr. Gautambhai Shantilal Adani S.Y. B.Com,"Ahmedabad, India",https://www.adanienterprises.com,2311.75,2238.85,2668245024768,77.16122,29.96,0.00059999997,3743.9,2025.0
2011-05-10 00:00:00+05:30,79.78099463814446,2314.95,2213.75,79.84502410888672,1376164,0.0,0.0,ADANIENT.NS,Adani Enterprises Limited,Thermal Coal,Energy,Mr. Gautambhai Shantilal Adani S.Y. B.Com,"Ahmedabad, India",https://www.adanienterprises.com,2311.75,2238.85,2668245024768,77.16122,29.96,0.00059999997,3743.9,2025.0
2011-05-11 00:00:00+05:30,80.58777153932847,2314.95,2213.75,80.3444595336914,1376164,0.0,0.0,ADANIENT.NS,Adani Enterprises Limited,Thermal Coal,Energy,Mr. Gautambhai Shantilal Adani S.Y. B.Com,"Ahmedabad, India",https://www.adanienterprises.com,2311.75,2238.85,2668245024768,77.16122,29.96,0.00059999997,3743.9,2025.0
2011-05-12 00:00:00+05:30,80.63899069963182,2314.95,2213.75,81.64425659179688,1376164,0.0,0.0,ADANIENT.NS,Adani Enterprises Limited,Thermal Coal,Energy,Mr. Gautambhai Shantilal Adani S.Y. B.Com,"Ahmedabad, India",https://www.adanienterprises.com,2311.75,2238.85,2668245024768,77.16122,29.96,0.00059999997,3743.9,2025.0
2011-05-13 00:00:00+05:30,82.16930302110369,2314.95,2213.75,81.9131851196289,1376164,0.0,0.0,ADANIENT.NS,Adani Enterprises Limited,Thermal Coal,Energy,Mr. Gautambhai Shantilal Adani S.Y. B.Com,"Ahmedabad, India",https://www.adanienterprises.com,2311.75,2238.85,2668245024768,77.16122,29.96,0.00059999997,3743.9,2025.0
2011-05-16 00:00:00+05:30,81.55461039309367,2314.95,2213.75,81.32410430908203,1376164,0.0,0.0,ADANIENT.NS,Adani Enterprises Limited,Thermal Coal,Energy,Mr. Gautambhai Shantilal Adani S.Y. B.Com,"Ahmedabad, India",https://www.adanienterprises.com,2311.75,2238.85,2668245024768,77.16122,29.96,0.00059999997,3743.9,2025.0
2011-05-17 00:00:00+05:30,79.14068989635574,2314.95,2213.75,81.32410430908203,1376164,0.0,0.0,ADANIENT.NS,Adani Enterprises Limited,Thermal Coal,Energy,Mr. Gautambhai Shantilal Adani S.Y. B.Com,"Ahmedabad, India",https://www.adanienterprises.com,2311.75,2238.85,2668245024768,77.16122,29.96,0.00059999997,3743.9,2025.0
2011-05-18 00:00:00+05:30,81.65066870067713,2314.95,2213.75,80.40208435058594,1376164,0.0,0.0,ADANIENT.NS,Adani Enterprises Limited,Thermal Coal,Energy,Mr. Gautambhai Shantilal Adani S.Y. B.Com,"Ahmedabad, India",https://www.adanienterprises.com,2311.75,2238.85,2668245024768,77.16122,29.96,0.00059999997,3743.9,2025.0
2011-05-19 00:00:00+05:30,81.31769528092697,2314.95,2213.75,80.15235900878906,1376164,0.0,0.0,ADANIENT.NS,Adani Enterprises Limited,Thermal Coal,Energy,Mr. Gautambhai Shantilal Adani S.Y. B.Com,"Ahmedabad, India",https://www.adanienterprises.com,2311.75,2238.85,2668245024768,77.16122,29.96,0.00059999997,3743.9,2025.0
2011-05-20 00:00:00+05:30,80.63899960720445,2314.95,2213.75,80.15877532958984,1376164,0.0,0.0,ADANIENT.NS,Adani Enterprises Limited,Thermal Coal,Energy,Mr. Gautambhai Shantilal Adani S.Y. B.Com,"Ahmedabad, India",https://www.adanienterprises.com,2311.75,2238.85,2668245024768,77.16122,29.96,0.00059999997,3743.9,2025.0
2011-05-23 00:00:00+05:30,79.65295238627931,2314.95,2213.75,78.7373275756836,1376164,0.0,0.0,ADANIENT.NS,Adani Enterprises Limited,Thermal Coal,Energy,Mr. Gautambhai Shantilal Adani S.Y. B.Com,"Ahmedabad, India",https://www.adanienterprises.com,2311.75,2238.85,2668245024768,77.16122,29.96,0.00059999997,3743.9,2025.0
2011-05-24 00:00:00+05:30,79.36480669416063,2314.95,2213.75,79.23674774169922,1376164,0.0,0.0,ADANIENT.NS,Adani Enterprises Limited,Thermal Coal,Energy,Mr. Gautambhai Shantilal Adani S.Y. B.Com,"Ahmedabad, India",https://www.adanienterprises.com,2311.75,2238.85,2668245024768,77.16122,29.96,0.00059999997,3743.9,2025.0
2011-05-25 00:00:00+05:30,79.5248702083456,2314.95,2213.75,77.59757995605469,1376164,0.0,0.0,ADANIENT.NS,Adani Enterprises Limited,Thermal Coal,Energy,Mr. Gautambhai Shantilal Adani S.Y. B.Com,"Ahmedabad, India",https://www.adanienterprises.com,2311.75,2238.85,2668245024768,77.16122,29.96,0.00059999997,3743.9,2025.0
2011-05-26 00:00:00+05:30,78.24429186114392,2314.95,2213.75,77.45672607421875,1376164,0.0,0.0,ADANIENT.NS,Adani Enterprises Limited,Thermal Coal,Energy,Mr. Gautambhai Shantilal Adani S.Y. B.Com,"Ahmedabad, India",https://www.adanienterprises.com,2311.75,2238.85,2668245024768,77.16122,29.96,0.00059999997,3743.9,2025.0
2011-05-27 00:00:00+05:30,78.75652102637295,2314.95,2213.75,78.14183807373047,1376164,0.0,0.0,ADANIENT.NS,Adani Enterprises Limited,Thermal Coal,Energy,Mr. Gautambhai Shantilal Adani S.Y. B.Com,"Ahmedabad, India",https://www.adanienterprises.com,2311.75,2238.85,2668245024768,77.16122,29.96,0.00059999997,3743.9,2025.0
2011-05-30 00:00:00+05:30,78.87817934075575,2314.95,2213.75,78.99983215332031,1376164,0.0,0.0,ADANIENT.NS,Adani Enterprises Limited,Thermal Coal,Energy,Mr. Gautambhai Shantilal Adani S.Y. B.Com,"Ahmedabad, India",https://www.adanienterprises.com,2311.75,2238.85,2668245024768,77.16122,29.96,0.00059999997,3743.9,2025.0
2011-05-31 00:00:00+05:30,79.03824058865848,2314.95,2213.75,81.77230834960938,1376164,0.0,0.0,ADANIENT.NS,Adani Enterprises Limited,Thermal Coal,Energy,Mr. Gautambhai Shantilal Adani S.Y. B.Com,"Ahmedabad, India",https://www.adanienterprises.com,2311.75,2238.85,2668245024768,77.16122,29.96,0.00059999997,3743.9,2025.0
2011-06-01 00:00:00+05:30,82.5214524982614,2314.95,2213.75,81.43294525146484,1376164,0.0,0.0,ADANIENT.NS,Adani Enterprises Limited,Thermal Coal,Energy,Mr. Gautambhai Shantilal Adani S.Y. B.Com,"Ahmedabad, India",https://www.adanienterprises.com,2311.75,2238.85,2668245024768,77.16122,29.96,0.00059999997,3743.9,2025.0
2011-06-02 00:00:00+05:30,81.5802391656928,2314.95,2213.75,80.29324340820312,1376164,0.0,0.0,ADANIENT.NS,Adani Enterprises Limited,Thermal Coal,Energy,Mr. Gautambhai Shantilal Adani S.Y. B.Com,"Ahmedabad, India",https://www.adanienterprises.com,2311.75,2238.85,2668245024768,77.16122,29.96,0.00059999997,3743.9,2025.0
2011-06-03 00:00:00+05:30,80.40848604618955,2314.95,2213.75,78.74371337890625,1376164,0.0,0.0,ADANIENT.NS,Adani Enterprises Limited,Thermal Coal,Energy,Mr. Gautambhai Shantilal Adani S.Y. B.Com,"Ahmedabad, India",https://www.adanienterprises.com,2311.75,2238.85,2668245024768,77.16122,29.96,0.00059999997,3743.9,2025.0
2011-06-06 00:00:00+05:30,79.03825400405478,2314.95,2213.75,77.21981048583984,1376164,0.0,0.0,ADANIENT.NS,Adani Enterprises Limited,Thermal Coal,Energy,Mr. Gautambhai Shantilal Adani S.Y. B.Com,"Ahmedabad, India",https://www.adanienterprises.com,2311.75,2238.85,2668245024768,77.16122,29.96,0.00059999997,3743.9,2025.0
2011-06-07 00:00:00+05:30,77.21981201092733,2314.95,2213.75,78.81415557861328,1376164,0.0,0.0,ADANIENT.NS,Adani Enterprises Limited,Thermal Coal,Energy,Mr. Gautambhai Shantilal Adani S.Y. B.Com,"Ahmedabad, India",https://www.adanienterprises.com,2311.75,2238.85,2668245024768,77.16122,29.96,0.00059999997,3743.9,2025.0
2011-06-08 00:00:00+05:30,78.64126248868862,2314.95,2213.75,80.22279357910156,1376164,0.0,0.0,ADANIENT.NS,Adani Enterprises Limited,Thermal Coal,Energy,Mr. Gautambhai Shantilal Adani S.Y. B.Com,"Ahmedabad, India",https://www.adanienterprises.com,2311.75,2238.85,2668245024768,77.16122,29.96,0.00059999997,3743.9,2025.0
2011-06-09 00:00:00+05:30,80.42129744815936,2314.95,2213.75,82.98248291015625,1376164,0.0,0.0,ADANIENT.NS,Adani Enterprises Limited,Thermal Coal,Energy,Mr. Gautambhai Shantilal Adani S.Y. B.Com,"Ahmedabad, India",https://www.adanienterprises.com,2311.75,2238.85,2668245024768,77.16122,29.96,0.00059999997,3743.9,2025.0
2011-06-10 00:00:00+05:30,82.98887849580557,2314.95,2213.75,82.51506042480469,1376164,0.0,0.0,ADANIENT.NS,Adani Enterprises Limited,Thermal Coal,Energy,Mr. Gautambhai Shantilal Adani S.Y. B.Com,"Ahmedabad, India",https://www.adanienterprises.com,2311.75,2238.85,2668245024768,77.16122,29.96,0.00059999997,3743.9,2025.0
2011-06-13 00:00:00+05:30,82.85441939583853,2314.95,2213.75,85.36438751220703,1376164,0.0,0.0,ADANIENT.NS,Adani Enterprises Limited,Thermal Coal,Energy,Mr. Gautambhai Shantilal Adani S.Y. B.Com,"Ahmedabad, India",https://www.adanienterprises.com,2311.75,2238.85,2668245024768,77.16122,29.96,0.00059999997,3743.9,2025.0
2011-06-14 00:00:00+05:30,85.42200673435457,2314.95,2213.75,86.74102020263672,1376164,0.0,0.0,ADANIENT.NS,Adani Enterprises Limited,Thermal Coal,Energy,Mr. Gautambhai Shantilal Adani S.Y. B.Com,"Ahmedabad, India",https://www.adanienterprises.com,2311.75,2238.85,2668245024768,77.16122,29.96,0.00059999997,3743.9,2025.0
2011-06-15 00:00:00+05:30,86.44008831893348,2314.95,2213.75,83.61637878417969,1376164,0.0,0.0,ADANIENT.NS,Adani Enterprises Limited,Thermal Coal,Energy,Mr. Gautambhai Shantilal Adani S.Y. B.Com,"Ahmedabad, India",https://www.adanienterprises.com,2311.75,2238.85,2668245024768,77.16122,29.96,0.00059999997,3743.9,2025.0
2011-06-16 00:00:00+05:30,83.24499677237375,2314.95,2213.75,85.17228698730469,1376164,0.0,0.0,ADANIENT.NS,Adani Enterprises Limited,Thermal Coal,Energy,Mr. Gautambhai Shantilal Adani S.Y. B.Com,"Ahmedabad, India",https://www.adanienterprises.com,2311.75,2238.85,2668245024768,77.16122,29.96,0.00059999997,3743.9,2025.0
2011-06-17 00:00:00+05:30,86.10071403023116,2314.95,2213.75,86.36964416503906,1376164,0.0,0.0,ADANIENT.NS,Adani Enterprises Limited,Thermal Coal,Energy,Mr. Gautambhai Shantilal Adani S.Y. B.Com,"Ahmedabad, India",https://www.adanienterprises.com,2311.75,2238.85,2668245024768,77.16122,29.96,0.00059999997,3743.9,2025.0
2011-06-20 00:00:00+05:30,86.1903786453576,2314.95,2213.75,84.60884094238281,1376164,0.0,0.0,ADANIENT.NS,Adani Enterprises Limited,Thermal Coal,Energy,Mr. Gautambhai Shantilal Adani S.Y. B.Com,"Ahmedabad, India",https://www.adanienterprises.com,2311.75,2238.85,2668245024768,77.16122,29.96,0.00059999997,3743.9,2025.0
2011-06-21 00:00:00+05:30,84.538392303457,2314.95,2213.75,84.87134552001953,1376164,0.0,0.0,ADANIENT.NS,Adani Enterprises Limited,Thermal Coal,Energy,Mr. Gautambhai Shantilal Adani S.Y. B.Com,"Ahmedabad, India",https://www.adanienterprises.com,2311.75,2238.85,2668245024768,77.16122,29.96,0.00059999997,3743.9,2025.0
2011-06-22 00:00:00+05:30,85.74855899611545,2314.95,2213.75,84.56401062011719,1376164,0.0,0.0,ADANIENT.NS,Adani Enterprises Limited,Thermal Coal,Energy,Mr. Gautambhai Shantilal Adani S.Y. B.Com,"Ahmedabad, India",https://www.adanienterprises.com,2311.75,2238.85,2668245024768,77.16122,29.96,0.00059999997,3743.9,2025.0
2011-06-23 00:00:00+05:30,84.58321695058127,2314.95,2213.75,84.39112854003906,1376164,0.0,0.0,ADANIENT.NS,Adani Enterprises Limited,Thermal Coal,Energy,Mr. Gautambhai Shantilal Adani S.Y. B.Com,"Ahmedabad, India",https://www.adanienterprises.com,2311.75,2238.85,2668245024768,77.16122,29.96,0.00059999997,3743.9,2025.0
2011-06-24 00:00:00+05:30,85.58848102092264,2314.95,2213.75,88.60427856445312,1376164,0.0,0.0,ADANIENT.NS,Adani Enterprises Limited,Thermal Coal,Energy,Mr. Gautambhai Shantilal Adani S.Y. B.Com,"Ahmedabad, India",https://www.adanienterprises.com,2311.75,2238.85,2668245024768,77.16122,29.96,0.00059999997,3743.9,2025.0
2011-06-27 00:00:00+05:30,88.61709324248113,2314.95,2213.75,89.69279479980469,1376164,0.0,0.0,ADANIENT.NS,Adani Enterprises Limited,Thermal Coal,Energy,Mr. Gautambhai Shantilal Adani S.Y. B.Com,"Ahmedabad, India",https://www.adanienterprises.com,2311.75,2238.85,2668245024768,77.16122,29.96,0.00059999997,3743.9,2025.0
2011-06-28 00:00:00+05:30,90.12180279376147,2314.95,2213.75,89.5903549194336,1376164,0.0,0.0,ADANIENT.NS,Adani Enterprises Limited,Thermal Coal,Energy,Mr. Gautambhai Shantilal Adani S.Y. B.Com,"Ahmedabad, India",https://www.adanienterprises.com,2311.75,2238.85,2668245024768,77.16122,29.96,0.00059999997,3743.9,2025.0
2011-06-29 00:00:00+05:30,89.51991510328462,2314.95,2213.75,89.47509765625,1376164,0.0,0.0,ADANIENT.NS,Adani Enterprises Limited,Thermal Coal,Energy,Mr. Gautambhai Shantilal Adani S.Y. B.Com,"Ahmedabad, India",https://www.adanienterprises.com,2311.75,2238.85,2668245024768,77.16122,29.96,0.00059999997,3743.9,2025.0
2011-06-30 00:00:00+05:30,89.22536525126891,2314.95,2213.75,91.54964447021484,1376164,0.0,0.0,ADANIENT.NS,Adani Enterprises Limited,Thermal Coal,Energy,Mr. Gautambhai Shantilal Adani S.Y. B.Com,"Ahmedabad, India",https://www.adanienterprises.com,2311.75,2238.85,2668245024768,77.16122,29.96,0.00059999997,3743.9,2025.0
2011-07-01 00:00:00+05:30,93.6114041196723,2314.95,2213.75,89.8720703125,1376164,0.0,0.0,ADANIENT.NS,Adani Enterprises Limited,Thermal Coal,Energy,Mr. Gautambhai Shantilal Adani S.Y. B.Com,"Ahmedabad, India",https://www.adanienterprises.com,2311.75,2238.85,2668245024768,77.16122,29.96,0.00059999997,3743.9,2025.0
2011-07-04 00:00:00+05:30,90.1473930725067,2314.95,2213.75,90.73006439208984,1376164,0.0,0.0,ADANIENT.NS,Adani Enterprises Limited,Thermal Coal,Energy,Mr. Gautambhai Shantilal Adani S.Y. B.Com,"Ahmedabad, India",https://www.adanienterprises.com,2311.75,2238.85,2668245024768,77.16122,29.96,0.00059999997,3743.9,2025.0
2011-07-05 00:00:00+05:30,91.43440246398464,2314.95,2213.75,89.94251251220703,1376164,0.0,0.0,ADANIENT.NS,Adani Enterprises Limited,Thermal Coal,Energy,Mr. Gautambhai Shantilal Adani S.Y. B.Com,"Ahmedabad, India",https://www.adanienterprises.com,2311.75,2238.85,2668245024768,77.16122,29.96,0.00059999997,3743.9,2025.0
2011-07-06 00:00:00+05:30,90.75569783670544,2314.95,2213.75,89.5903549194336,1376164,0.0,0.0,ADANIENT.NS,Adani Enterprises Limited,Thermal Coal,Energy,Mr. Gautambhai Shantilal Adani S.Y. B.Com,"Ahmedabad, India",https://www.adanienterprises.com,2311.75,2238.85,2668245024768,77.16122,29.96,0.00059999997,3743.9,2025.0
2011-07-07 00:00:00+05:30,88.83479302678272,2314.95,2213.75,91.05662536621094,1376164,0.0,0.0,ADANIENT.NS,Adani Enterprises Limited,Thermal Coal,Energy,Mr. Gautambhai Shantilal Adani S.Y. B.Com,"Ahmedabad, India",https://www.adanienterprises.com,2311.75,2238.85,2668245024768,77.16122,29.96,0.00059999997,3743.9,2025.0
2011-07-08 00:00:00+05:30,90.36509199248074,2314.95,2213.75,90.01933288574219,1376164,0.0,0.0,ADANIENT.NS,Adani Enterprises Limited,Thermal Coal,Energy,Mr. Gautambhai Shantilal Adani S.Y. B.Com,"Ahmedabad, India",https://www.adanienterprises.com,2311.75,2238.85,2668245024768,77.16122,29.96,0.00059999997,3743.9,2025.0
2011-07-11 00:00:00+05:30,90.78128749017387,2314.95,2213.75,91.6648941040039,1376164,0.0,0.0,ADANIENT.NS,Adani Enterprises Limited,Thermal Coal,Energy,Mr. Gautambhai Shantilal Adani S.Y. B.Com,"Ahmedabad, India",https://www.adanienterprises.com,2311.75,2238.85,2668245024768,77.16122,29.96,0.00059999997,3743.9,2025.0
2011-07-12 00:00:00+05:30,91.56244868916423,2314.95,2213.75,90.35868835449219,1376164,0.0,0.0,ADANIENT.NS,Adani Enterprises Limited,Thermal Coal,Energy,Mr. Gautambhai Shantilal Adani S.Y. B.Com,"Ahmedabad, India",https://www.adanienterprises.com,2311.75,2238.85,2668245024768,77.16122,29.96,0.00059999997,3743.9,2025.0
2011-07-13 00:00:00+05:30,90.41630358273747,2314.95,2213.75,90.91573333740234,1376164,0.0,0.0,ADANIENT.NS,Adani Enterprises Limited,Thermal Coal,Energy,Mr. Gautambhai Shantilal Adani S.Y. B.Com,"Ahmedabad, India",https://www.adanienterprises.com,2311.75,2238.85,2668245024768,77.16122,29.96,0.00059999997,3743.9,2025.0
2011-07-14 00:00:00+05:30,91.13985588045358,2314.95,2213.75,91.54964447021484,1376164,0.0,0.0,ADANIENT.NS,Adani Enterprises Limited,Thermal Coal,Energy,Mr. Gautambhai Shantilal Adani S.Y. B.Com,"Ahmedabad, India",https://www.adanienterprises.com,2311.75,2238.85,2668245024768,77.16122,29.96,0.00059999997,3743.9,2025.0
2011-07-15 00:00:00+05:30,91.94663131213504,2314.95,2213.75,91.63928985595703,1376164,0.0,0.0,ADANIENT.NS,Adani Enterprises Limited,Thermal Coal,Energy,Mr. Gautambhai Shantilal Adani S.Y. B.Com,"Ahmedabad, India",https://www.adanienterprises.com,2311.75,2238.85,2668245024768,77.16122,29.96,0.00059999997,3743.9,2025.0
2011-07-18 00:00:00+05:30,92.18356606054364,2314.95,2213.75,91.48564147949219,1376164,0.0,0.0,ADANIENT.NS,Adani Enterprises Limited,Thermal Coal,Energy,Mr. Gautambhai Shantilal Adani S.Y. B.Com,"Ahmedabad, India",https://www.adanienterprises.com,2311.75,2238.85,2668245024768,77.16122,29.96,0.00059999997,3743.9,2025.0
2011-07-19 00:00:00+05:30,91.05022555403818,2314.95,2213.75,93.65623474121094,1376164,0.0,0.0,ADANIENT.NS,Adani Enterprises Limited,Thermal Coal,Energy,Mr. Gautambhai Shantilal Adani S.Y. B.Com,"Ahmedabad, India",https://www.adanienterprises.com,2311.75,2238.85,2668245024768,77.16122,29.96,0.00059999997,3743.9,2025.0
2011-07-20 00:00:00+05:30,94.43740427975541,2314.95,2213.75,93.94437408447266,1376164,0.0,0.0,ADANIENT.NS,Adani Enterprises Limited,Thermal Coal,Energy,Mr. Gautambhai Shantilal Adani S.Y. B.Com,"Ahmedabad, India",https://www.adanienterprises.com,2311.75,2238.85,2668245024768,77.16122,29.96,0.00059999997,3743.9,2025.0
2011-07-21 00:00:00+05:30,93.64981565355441,2314.95,2213.75,92.15151977539062,1376164,0.0,0.0,ADANIENT.NS,Adani Enterprises Limited,Thermal Coal,Energy,Mr. Gautambhai Shantilal Adani S.Y. B.Com,"Ahmedabad, India",https://www.adanienterprises.com,2311.75,2238.85,2668245024768,77.16122,29.96,0.00059999997,3743.9,2025.0
2011-07-22 00:00:00+05:30,92.58694308817599,2314.95,2213.75,94.45021057128906,1376164,0.0,0.0,ADANIENT.NS,Adani Enterprises Limited,Thermal Coal,Energy,Mr. Gautambhai Shantilal Adani S.Y. B.Com,"Ahmedabad, India",https://www.adanienterprises.com,2311.75,2238.85,2668245024768,77.16122,29.96,0.00059999997,3743.9,2025.0
2011-07-25 00:00:00+05:30,93.96997914968924,2314.95,2213.75,96.09576416015625,1376164,0.0,0.0,ADANIENT.NS,Adani Enterprises Limited,Thermal Coal,Energy,Mr. Gautambhai Shantilal Adani S.Y. B.Com,"Ahmedabad, India",https://www.adanienterprises.com,2311.75,2238.85,2668245024768,77.16122,29.96,0.00059999997,3743.9,2025.0
2011-07-26 00:00:00+05:30,96.03813543262217,2314.95,2213.75,97.49160766601562,1376164,0.0,0.0,ADANIENT.NS,Adani Enterprises Limited,Thermal Coal,Energy,Mr. Gautambhai Shantilal Adani S.Y. B.Com,"Ahmedabad, India",https://www.adanienterprises.com,2311.75,2238.85,2668245024768,77.16122,29.96,0.00059999997,3743.9,2025.0
2011-07-27 00:00:00+05:30,97.51722270395358,2314.95,2213.75,97.32513427734375,1376164,0.0,0.0,ADANIENT.NS,Adani Enterprises Limited,Thermal Coal,Energy,Mr. Gautambhai Shantilal Adani S.Y. B.Com,"Ahmedabad, India",https://www.adanienterprises.com,2311.75,2238.85,2668245024768,77.16122,29.96,0.00059999997,3743.9,2025.0
2011-07-28 00:00:00+05:30,97.19706459362715,2314.95,2213.75,95.34660339355469,1376164,0.0,0.0,ADANIENT.NS,Adani Enterprises Limited,Thermal Coal,Energy,Mr. Gautambhai Shantilal Adani S.Y. B.Com,"Ahmedabad, India",https://www.adanienterprises.com,2311.75,2238.85,2668245024768,77.16122,29.96,0.00059999997,3743.9,2025.0
2011-07-29 00:00:00+05:30,93.73944753518256,2314.95,2213.75,74.97875213623047,1376164,0.0,0.0,ADANIENT.NS,Adani Enterprises Limited,Thermal Coal,Energy,Mr. Gautambhai Shantilal Adani S.Y. B.Com,"Ahmedabad, India",https://www.adanienterprises.com,2311.75,2238.85,2668245024768,77.16122,29.96,0.00059999997,3743.9,2025.0
2011-08-01 00:00:00+05:30,77.4759223036904,2314.95,2213.75,81.7210922241211,1376164,0.0,0.0,ADANIENT.NS,Adani Enterprises Limited,Thermal Coal,Energy,Mr. Gautambhai Shantilal Adani S.Y. B.Com,"Ahmedabad, India",https://www.adanienterprises.com,2311.75,2238.85,2668245024768,77.16122,29.96,0.00059999997,3743.9,2025.0
2011-08-02 00:00:00+05:30,84.33992039044243,2314.95,2213.75,85.98548126220703,1376164,0.0,0.0,ADANIENT.NS,Adani Enterprises Limited,Thermal Coal,Energy,Mr. Gautambhai Shantilal Adani S.Y. B.Com,"Ahmedabad, India",https://www.adanienterprises.com,2311.75,2238.85,2668245024768,77.16122,29.96,0.00059999997,3743.9,2025.0
2011-08-03 00:00:00+05:30,85.96921053920832,2314.95,2213.75,85.08985900878906,1376164,1.0,0.0,ADANIENT.NS,Adani Enterprises Limited,Thermal Coal,Energy,Mr. Gautambhai Shantilal Adani S.Y. B.Com,"Ahmedabad, India",https://www.adanienterprises.com,2311.75,2238.85,2668245024768,77.16122,29.96,0.00059999997,3743.9,2025.0
2011-08-04 00:00:00+05:30,84.19109661383992,2314.95,2213.75,85.01225280761719,1376164,0.0,0.0,ADANIENT.NS,Adani Enterprises Limited,Thermal Coal,Energy,Mr. Gautambhai Shantilal Adani S.Y. B.Com,"Ahmedabad, India",https://www.adanienterprises.com,2311.75,2238.85,2668245024768,77.16122,29.96,0.00059999997,3743.9,2025.0
2011-08-05 00:00:00+05:30,84.02300885570999,2314.95,2213.75,80.15646362304688,1376164,0.0,0.0,ADANIENT.NS,Adani Enterprises Limited,Thermal Coal,Energy,Mr. Gautambhai Shantilal Adani S.Y. B.Com,"Ahmedabad, India",https://www.adanienterprises.com,2311.75,2238.85,2668245024768,77.16122,29.96,0.00059999997,3743.9,2025.0
2011-08-08 00:00:00+05:30,79.2706533244999,2314.95,2213.75,79.29651641845703,1376164,0.0,0.0,ADANIENT.NS,Adani Enterprises Limited,Thermal Coal,Energy,Mr. Gautambhai Shantilal Adani S.Y. B.Com,"Ahmedabad, India",https://www.adanienterprises.com,2311.75,2238.85,2668245024768,77.16122,29.96,0.00059999997,3743.9,2025.0
2011-08-09 00:00:00+05:30,77.70593010465224,2314.95,2213.75,77.2597885131836,1376164,0.0,0.0,ADANIENT.NS,Adani Enterprises Limited,Thermal Coal,Energy,Mr. Gautambhai Shantilal Adani S.Y. B.Com,"Ahmedabad, India",https://www.adanienterprises.com,2311.75,2238.85,2668245024768,77.16122,29.96,0.00059999997,3743.9,2025.0
2011-08-10 00:00:00+05:30,78.10679113143118,2314.95,2213.75,77.8416976928711,1376164,0.0,0.0,ADANIENT.NS,Adani Enterprises Limited,Thermal Coal,Energy,Mr. Gautambhai Shantilal Adani S.Y. B.Com,"Ahmedabad, India",https://www.adanienterprises.com,2311.75,2238.85,2668245024768,77.16122,29.96,0.00059999997,3743.9,2025.0
2011-08-11 00:00:00+05:30,77.56368785519798,2314.95,2213.75,73.96224212646484,1376164,0.0,0.0,ADANIENT.NS,Adani Enterprises Limited,Thermal Coal,Energy,Mr. Gautambhai Shantilal Adani S.Y. B.Com,"Ahmedabad, India",https://www.adanienterprises.com,2311.75,2238.85,2668245024768,77.16122,29.96,0.00059999997,3743.9,2025.0
2011-08-12 00:00:00+05:30,75.12608012526482,2314.95,2213.75,73.9299087524414,1376164,0.0,0.0,ADANIENT.NS,Adani Enterprises Limited,Thermal Coal,Energy,Mr. Gautambhai Shantilal Adani S.Y. B.Com,"Ahmedabad, India",https://www.adanienterprises.com,2311.75,2238.85,2668245024768,77.16122,29.96,0.00059999997,3743.9,2025.0
2011-08-16 00:00:00+05:30,75.24891851042399,2314.95,2213.75,72.94062805175781,1376164,0.0,0.0,ADANIENT.NS,Adani Enterprises Limited,Thermal Coal,Energy,Mr. Gautambhai Shantilal Adani S.Y. B.Com,"Ahmedabad, India",https://www.adanienterprises.com,2311.75,2238.85,2668245024768,77.16122,29.96,0.00059999997,3743.9,2025.0
2011-08-17 00:00:00+05:30,72.79837725478458,2314.95,2213.75,72.79190826416016,1376164,0.0,0.0,ADANIENT.NS,Adani Enterprises Limited,Thermal Coal,Energy,Mr. Gautambhai Shantilal Adani S.Y. B.Com,"Ahmedabad, India",https://www.adanienterprises.com,2311.75,2238.85,2668245024768,77.16122,29.96,0.00059999997,3743.9,2025.0
2011-08-18 00:00:00+05:30,73.70358250432254,2314.95,2213.75,72.28111267089844,1376164,0.0,0.0,ADANIENT.NS,Adani Enterprises Limited,Thermal Coal,Energy,Mr. Gautambhai Shantilal Adani S.Y. B.Com,"Ahmedabad, India",https://www.adanienterprises.com,2311.75,2238.85,2668245024768,77.16122,29.96,0.00059999997,3743.9,2025.0
2011-08-19 00:00:00+05:30,70.21852627122932,2314.95,2213.75,68.74432373046875,1376164,0.0,0.0,ADANIENT.NS,Adani Enterprises Limited,Thermal Coal,Energy,Mr. Gautambhai Shantilal Adani S.Y. B.Com,"Ahmedabad, India",https://www.adanienterprises.com,2311.75,2238.85,2668245024768,77.16122,29.96,0.00059999997,3743.9,2025.0
2011-08-22 00:00:00+05:30,68.40164946717964,2314.95,2213.75,69.8241195678711,1376164,0.0,0.0,ADANIENT.NS,Adani Enterprises Limited,Thermal Coal,Energy,Mr. Gautambhai Shantilal Adani S.Y. B.Com,"Ahmedabad, India",https://www.adanienterprises.com,2311.75,2238.85,2668245024768,77.16122,29.96,0.00059999997,3743.9,2025.0
2011-08-23 00:00:00+05:30,70.4707027631094,2314.95,2213.75,69.79825592041016,1376164,0.0,0.0,ADANIENT.NS,Adani Enterprises Limited,Thermal Coal,Energy,Mr. Gautambhai Shantilal Adani S.Y. B.Com,"Ahmedabad, India",https://www.adanienterprises.com,2311.75,2238.85,2668245024768,77.16122,29.96,0.00059999997,3743.9,2025.0
2011-08-24 00:00:00+05:30,69.86937399513612,2314.95,2213.75,68.71846008300781,1376164,0.0,0.0,ADANIENT.NS,Adani Enterprises Limited,Thermal Coal,Energy,Mr. Gautambhai Shantilal Adani S.Y. B.Com,"Ahmedabad, India",https://www.adanienterprises.com,2311.75,2238.85,2668245024768,77.16122,29.96,0.00059999997,3743.9,2025.0
2011-08-25 00:00:00+05:30,69.53962400930672,2314.95,2213.75,68.68614196777344,1376164,0.0,0.0,ADANIENT.NS,Adani Enterprises Limited,Thermal Coal,Energy,Mr. Gautambhai Shantilal Adani S.Y. B.Com,"Ahmedabad, India",https://www.adanienterprises.com,2311.75,2238.85,2668245024768,77.16122,29.96,0.00059999997,3743.9,2025.0
2011-08-26 00:00:00+05:30,69.40384603398826,2314.95,2213.75,67.67747497558594,1376164,0.0,0.0,ADANIENT.NS,Adani Enterprises Limited,Thermal Coal,Energy,Mr. Gautambhai Shantilal Adani S.Y. B.Com,"Ahmedabad, India",https://www.adanienterprises.com,2311.75,2238.85,2668245024768,77.16122,29.96,0.00059999997,3743.9,2025.0
2011-08-29 00:00:00+05:30,69.02883131224667,2314.95,2213.75,69.75946044921875,1376164,0.0,0.0,ADANIENT.NS,Adani Enterprises Limited,Thermal Coal,Energy,Mr. Gautambhai Shantilal Adani S.Y. B.Com,"Ahmedabad, India",https://www.adanienterprises.com,2311.75,2238.85,2668245024768,77.16122,29.96,0.00059999997,3743.9,2025.0
2011-08-30 00:00:00+05:30,70.83278806446067,2314.95,2213.75,68.46630859375,1376164,0.0,0.0,ADANIENT.NS,Adani Enterprises Limited,Thermal Coal,Energy,Mr. Gautambhai Shantilal Adani S.Y. B.Com,"Ahmedabad, India",https://www.adanienterprises.com,2311.75,2238.85,2668245024768,77.16122,29.96,0.00059999997,3743.9,2025.0
2011-09-02 00:00:00+05:30,69.80472069320572,2314.95,2213.75,68.8930435180664,1376164,0.0,0.0,ADANIENT.NS,Adani Enterprises Limited,Thermal Coal,Energy,Mr. Gautambhai Shantilal Adani S.Y. B.Com,"Ahmedabad, India",https://www.adanienterprises.com,2311.75,2238.85,2668245024768,77.16122,29.96,0.00059999997,3743.9,2025.0
2011-09-05 00:00:00+05:30,68.66674235978151,2314.95,2213.75,68.75726318359375,1376164,0.0,0.0,ADANIENT.NS,Adani Enterprises Limited,Thermal Coal,Energy,Mr. Gautambhai Shantilal Adani S.Y. B.Com,"Ahmedabad, India",https://www.adanienterprises.com,2311.75,2238.85,2668245024768,77.16122,29.96,0.00059999997,3743.9,2025.0
2011-09-06 00:00:00+05:30,68.67320675420581,2314.95,2213.75,69.19693756103516,1376164,0.0,0.0,ADANIENT.NS,Adani Enterprises Limited,Thermal Coal,Energy,Mr. Gautambhai Shantilal Adani S.Y. B.Com,"Ahmedabad, India",https://www.adanienterprises.com,2311.75,2238.85,2668245024768,77.16122,29.96,0.00059999997,3743.9,2025.0
2011-09-07 00:00:00+05:30,69.76593265476258,2314.95,2213.75,71.6345443725586,1376164,0.0,0.0,ADANIENT.NS,Adani Enterprises Limited,Thermal Coal,Energy,Mr. Gautambhai Shantilal Adani S.Y. B.Com,"Ahmedabad, India",https://www.adanienterprises.com,2311.75,2238.85,2668245024768,77.16122,29.96,0.00059999997,3743.9,2025.0
2011-09-08 00:00:00+05:30,71.77032038125628,2314.95,2213.75,72.60440826416016,1376164,0.0,0.0,ADANIENT.NS,Adani Enterprises Limited,Thermal Coal,Energy,Mr. Gautambhai Shantilal Adani S.Y. B.Com,"Ahmedabad, India",https://www.adanienterprises.com,2311.75,2238.85,2668245024768,77.16122,29.96,0.00059999997,3743.9,2025.0
2011-09-09 00:00:00+05:30,73.16046935002464,2314.95,2213.75,71.45349884033203,1376164,0.0,0.0,ADANIENT.NS,Adani Enterprises Limited,Thermal Coal,Energy,Mr. Gautambhai Shantilal Adani S.Y. B.Com,"Ahmedabad, India",https://www.adanienterprises.com,2311.75,2238.85,2668245024768,77.16122,29.96,0.00059999997,3743.9,2025.0
2011-09-12 00:00:00+05:30,70.50302238722062,2314.95,2213.75,71.56341552734375,1376164,0.0,0.0,ADANIENT.NS,Adani Enterprises Limited,Thermal Coal,Energy,Mr. Gautambhai Shantilal Adani S.Y. B.Com,"Ahmedabad, India",https://www.adanienterprises.com,2311.75,2238.85,2668245024768,77.16122,29.96,0.00059999997,3743.9,2025.0
2011-09-13 00:00:00+05:30,72.02896007377447,2314.95,2213.75,71.97723388671875,1376164,0.0,0.0,ADANIENT.NS,Adani Enterprises Limited,Thermal Coal,Energy,Mr. Gautambhai Shantilal Adani S.Y. B.Com,"Ahmedabad, India",https://www.adanienterprises.com,2311.75,2238.85,2668245024768,77.16122,29.96,0.00059999997,3743.9,2025.0
2011-09-14 00:00:00+05:30,71.89963995970075,2314.95,2213.75,72.79838562011719,1376164,0.0,0.0,ADANIENT.NS,Adani Enterprises Limited,Thermal Coal,Energy,Mr. Gautambhai Shantilal Adani S.Y. B.Com,"Ahmedabad, India",https://www.adanienterprises.com,2311.75,2238.85,2668245024768,77.16122,29.96,0.00059999997,3743.9,2025.0
2011-09-15 00:00:00+05:30,73.08933906109124,2314.95,2213.75,75.80496978759766,1376164,0.0,0.0,ADANIENT.NS,Adani Enterprises Limited,Thermal Coal,Energy,Mr. Gautambhai Shantilal Adani S.Y. B.Com,"Ahmedabad, India",https://www.adanienterprises.com,2311.75,2238.85,2668245024768,77.16122,29.96,0.00059999997,3743.9,2025.0
2011-09-16 00:00:00+05:30,75.77911437008972,2314.95,2213.75,77.5248794555664,1376164,0.0,0.0,ADANIENT.NS,Adani Enterprises Limited,Thermal Coal,Energy,Mr. Gautambhai Shantilal Adani S.Y. B.Com,"Ahmedabad, India",https://www.adanienterprises.com,2311.75,2238.85,2668245024768,77.16122,29.96,0.00059999997,3743.9,2025.0
2011-09-19 00:00:00+05:30,78.236122770484,2314.95,2213.75,74.75753021240234,1376164,0.0,0.0,ADANIENT.NS,Adani Enterprises Limited,Thermal Coal,Energy,Mr. Gautambhai Shantilal Adani S.Y. B.Com,"Ahmedabad, India",https://www.adanienterprises.com,2311.75,2238.85,2668245024768,77.16122,29.96,0.00059999997,3743.9,2025.0
2011-09-20 00:00:00+05:30,74.99675707404998,2314.95,2213.75,78.0938720703125,1376164,0.0,0.0,ADANIENT.NS,Adani Enterprises Limited,Thermal Coal,Energy,Mr. Gautambhai Shantilal Adani S.Y. B.Com,"Ahmedabad, India",https://www.adanienterprises.com,2311.75,2238.85,2668245024768,77.16122,29.96,0.00059999997,3743.9,2025.0
2011-09-21 00:00:00+05:30,78.22319280477629,2314.95,2213.75,80.04008483886719,1376164,0.0,0.0,ADANIENT.NS,Adani Enterprises Limited,Thermal Coal,Energy,Mr. Gautambhai Shantilal Adani S.Y. B.Com,"Ahmedabad, India",https://www.adanienterprises.com,2311.75,2238.85,2668245024768,77.16122,29.96,0.00059999997,3743.9,2025.0
2011-09-22 00:00:00+05:30,79.01201487217409,2314.95,2213.75,75.50755310058594,1376164,0.0,0.0,ADANIENT.NS,Adani Enterprises Limited,Thermal Coal,Energy,Mr. Gautambhai Shantilal Adani S.Y. B.Com,"Ahmedabad, India",https://www.adanienterprises.com,2311.75,2238.85,2668245024768,77.16122,29.96,0.00059999997,3743.9,2025.0
2011-09-23 00:00:00+05:30,74.99676576576202,2314.95,2213.75,73.6518783569336,1376164,0.0,0.0,ADANIENT.NS,Adani Enterprises Limited,Thermal Coal,Energy,Mr. Gautambhai Shantilal Adani S.Y. B.Com,"Ahmedabad, India",https://www.adanienterprises.com,2311.75,2238.85,2668245024768,77.16122,29.96,0.00059999997,3743.9,2025.0
2011-09-26 00:00:00+05:30,75.00323017935975,2314.95,2213.75,69.95990753173828,1376164,0.0,0.0,ADANIENT.NS,Adani Enterprises Limited,Thermal Coal,Energy,Mr. Gautambhai Shantilal Adani S.Y. B.Com,"Ahmedabad, India",https://www.adanienterprises.com,2311.75,2238.85,2668245024768,77.16122,29.96,0.00059999997,3743.9,2025.0
2011-09-27 00:00:00+05:30,71.12375222321461,2314.95,2213.75,72.6820068359375,1376164,0.0,0.0,ADANIENT.NS,Adani Enterprises Limited,Thermal Coal,Energy,Mr. Gautambhai Shantilal Adani S.Y. B.Com,"Ahmedabad, India",https://www.adanienterprises.com,2311.75,2238.85,2668245024768,77.16122,29.96,0.00059999997,3743.9,2025.0
2011-09-28 00:00:00+05:30,73.496674381473,2314.95,2213.75,70.06980895996094,1376164,0.0,0.0,ADANIENT.NS,Adani Enterprises Limited,Thermal Coal,Energy,Mr. Gautambhai Shantilal Adani S.Y. B.Com,"Ahmedabad, India",https://www.adanienterprises.com,2311.75,2238.85,2668245024768,77.16122,29.96,0.00059999997,3743.9,2025.0
2011-09-29 00:00:00+05:30,70.2185364929325,2314.95,2213.75,69.53962707519531,1376164,0.0,0.0,ADANIENT.NS,Adani Enterprises Limited,Thermal Coal,Energy,Mr. Gautambhai Shantilal Adani S.Y. B.Com,"Ahmedabad, India",https://www.adanienterprises.com,2311.75,2238.85,2668245024768,77.16122,29.96,0.00059999997,3743.9,2025.0
2011-09-30 00:00:00+05:30,70.9103606637345,2314.95,2213.75,68.13006591796875,1376164,0.0,0.0,ADANIENT.NS,Adani Enterprises Limited,Thermal Coal,Energy,Mr. Gautambhai Shantilal Adani S.Y. B.Com,"Ahmedabad, India",https://www.adanienterprises.com,2311.75,2238.85,2668245024768,77.16122,29.96,0.00059999997,3743.9,2025.0
2011-10-03 00:00:00+05:30,67.44471893991546,2314.95,2213.75,65.39506530761719,1376164,0.0,0.0,ADANIENT.NS,Adani Enterprises Limited,Thermal Coal,Energy,Mr. Gautambhai Shantilal Adani S.Y. B.Com,"Ahmedabad, India",https://www.adanienterprises.com,2311.75,2238.85,2668245024768,77.16122,29.96,0.00059999997,3743.9,2025.0
2011-10-04 00:00:00+05:30,65.82181037473225,2314.95,2213.75,62.4595947265625,1376164,0.0,0.0,ADANIENT.NS,Adani Enterprises Limited,Thermal Coal,Energy,Mr. Gautambhai Shantilal Adani S.Y. B.Com,"Ahmedabad, India",https://www.adanienterprises.com,2311.75,2238.85,2668245024768,77.16122,29.96,0.00059999997,3743.9,2025.0
2011-10-05 00:00:00+05:30,62.73760114007799,2314.95,2213.75,60.8301887512207,1376164,0.0,0.0,ADANIENT.NS,Adani Enterprises Limited,Thermal Coal,Energy,Mr. Gautambhai Shantilal Adani S.Y. B.Com,"Ahmedabad, India",https://www.adanienterprises.com,2311.75,2238.85,2668245024768,77.16122,29.96,0.00059999997,3743.9,2025.0
2011-10-07 00:00:00+05:30,62.71174913023723,2314.95,2213.75,59.73101806640625,1376164,0.0,0.0,ADANIENT.NS,Adani Enterprises Limited,Thermal Coal,Energy,Mr. Gautambhai Shantilal Adani S.Y. B.Com,"Ahmedabad, India",https://www.adanienterprises.com,2311.75,2238.85,2668245024768,77.16122,29.96,0.00059999997,3743.9,2025.0
2011-10-10 00:00:00+05:30,60.12542280488984,2314.95,2213.75,59.53704071044922,1376164,0.0,0.0,ADANIENT.NS,Adani Enterprises Limited,Thermal Coal,Energy,Mr. Gautambhai Shantilal Adani S.Y. B.Com,"Ahmedabad, India",https://www.adanienterprises.com,2311.75,2238.85,2668245024768,77.16122,29.96,0.00059999997,3743.9,2025.0
2011-10-11 00:00:00+05:30,60.72027501524828,2314.95,2213.75,59.32366180419922,1376164,0.0,0.0,ADANIENT.NS,Adani Enterprises Limited,Thermal Coal,Energy,Mr. Gautambhai Shantilal Adani S.Y. B.Com,"Ahmedabad, India",https://www.adanienterprises.com,2311.75,2238.85,2668245024768,77.16122,29.96,0.00059999997,3743.9,2025.0
2011-10-12 00:00:00+05:30,59.614630505095356,2314.95,2213.75,60.09309768676758,1376164,0.0,0.0,ADANIENT.NS,Adani Enterprises Limited,Thermal Coal,Energy,Mr. Gautambhai Shantilal Adani S.Y. B.Com,"Ahmedabad, India",https://www.adanienterprises.com,2311.75,2238.85,2668245024768,77.16122,29.96,0.00059999997,3743.9,2025.0
2011-10-13 00:00:00+05:30,60.27414305415209,2314.95,2213.75,60.772010803222656,1376164,0.0,0.0,ADANIENT.NS,Adani Enterprises Limited,Thermal Coal,Energy,Mr. Gautambhai Shantilal Adani S.Y. B.Com,"Ahmedabad, India",https://www.adanienterprises.com,2311.75,2238.85,2668245024768,77.16122,29.96,0.00059999997,3743.9,2025.0
2011-10-14 00:00:00+05:30,61.15995540809157,2314.95,2213.75,60.89485549926758,1376164,0.0,0.0,ADANIENT.NS,Adani Enterprises Limited,Thermal Coal,Energy,Mr. Gautambhai Shantilal Adani S.Y. B.Com,"Ahmedabad, India",https://www.adanienterprises.com,2311.75,2238.85,2668245024768,77.16122,29.96,0.00059999997,3743.9,2025.0
2011-10-17 00:00:00+05:30,61.28279635595871,2314.95,2213.75,60.28706741333008,1376164,0.0,0.0,ADANIENT.NS,Adani Enterprises Limited,Thermal Coal,Energy,Mr. Gautambhai Shantilal Adani S.Y. B.Com,"Ahmedabad, India",https://www.adanienterprises.com,2311.75,2238.85,2668245024768,77.16122,29.96,0.00059999997,3743.9,2025.0
2011-10-18 00:00:00+05:30,59.22667912119949,2314.95,2213.75,59.6275634765625,1376164,0.0,0.0,ADANIENT.NS,Adani Enterprises Limited,Thermal Coal,Energy,Mr. Gautambhai Shantilal Adani S.Y. B.Com,"Ahmedabad, India",https://www.adanienterprises.com,2311.75,2238.85,2668245024768,77.16122,29.96,0.00059999997,3743.9,2025.0
2011-10-19 00:00:00+05:30,59.89266044486945,2314.95,2213.75,61.185821533203125,1376164,0.0,0.0,ADANIENT.NS,Adani Enterprises Limited,Thermal Coal,Energy,Mr. Gautambhai Shantilal Adani S.Y. B.Com,"Ahmedabad, India",https://www.adanienterprises.com,2311.75,2238.85,2668245024768,77.16122,29.96,0.00059999997,3743.9,2025.0
2011-10-20 00:00:00+05:30,60.77846827308958,2314.95,2213.75,60.20948028564453,1376164,0.0,0.0,ADANIENT.NS,Adani Enterprises Limited,Thermal Coal,Energy,Mr. Gautambhai Shantilal Adani S.Y. B.Com,"Ahmedabad, India",https://www.adanienterprises.com,2311.75,2238.85,2668245024768,77.16122,29.96,0.00059999997,3743.9,2025.0
2011-10-21 00:00:00+05:30,61.28927270680375,2314.95,2213.75,59.763343811035156,1376164,0.0,0.0,ADANIENT.NS,Adani Enterprises Limited,Thermal Coal,Energy,Mr. Gautambhai Shantilal Adani S.Y. B.Com,"Ahmedabad, India",https://www.adanienterprises.com,2311.75,2238.85,2668245024768,77.16122,29.96,0.00059999997,3743.9,2025.0
2011-10-24 00:00:00+05:30,60.267671030019244,2314.95,2213.75,59.62109375,1376164,0.0,0.0,ADANIENT.NS,Adani Enterprises Limited,Thermal Coal,Energy,Mr. Gautambhai Shantilal Adani S.Y. B.Com,"Ahmedabad, India",https://www.adanienterprises.com,2311.75,2238.85,2668245024768,77.16122,29.96,0.00059999997,3743.9,2025.0
2011-10-25 00:00:00+05:30,60.0931000869076,2314.95,2213.75,59.54996871948242,1376164,0.0,0.0,ADANIENT.NS,Adani Enterprises Limited,Thermal Coal,Energy,Mr. Gautambhai Shantilal Adani S.Y. B.Com,"Ahmedabad, India",https://www.adanienterprises.com,2311.75,2238.85,2668245024768,77.16122,29.96,0.00059999997,3743.9,2025.0
2011-10-28 00:00:00+05:30,61.28279256490626,2314.95,2213.75,62.02635955810547,1376164,0.0,0.0,ADANIENT.NS,Adani Enterprises Limited,Thermal Coal,Energy,Mr. Gautambhai Shantilal Adani S.Y. B.Com,"Ahmedabad, India",https://www.adanienterprises.com,2311.75,2238.85,2668245024768,77.16122,29.96,0.00059999997,3743.9,2025.0
2011-10-31 00:00:00+05:30,62.44017876331667,2314.95,2213.75,61.80006408691406,1376164,0.0,0.0,ADANIENT.NS,Adani Enterprises Limited,Thermal Coal,Energy,Mr. Gautambhai Shantilal Adani S.Y. B.Com,"Ahmedabad, India",https://www.adanienterprises.com,2311.75,2238.85,2668245024768,77.16122,29.96,0.00059999997,3743.9,2025.0
2011-11-01 00:00:00+05:30,61.03710127193495,2314.95,2213.75,59.95085144042969,1376164,0.0,0.0,ADANIENT.NS,Adani Enterprises Limited,Thermal Coal,Energy,Mr. Gautambhai Shantilal Adani S.Y. B.Com,"Ahmedabad, India",https://www.adanienterprises.com,2311.75,2238.85,2668245024768,77.16122,29.96,0.00059999997,3743.9,2025.0
2011-11-02 00:00:00+05:30,59.10383850892702,2314.95,2213.75,59.93145751953125,1376164,0.0,0.0,ADANIENT.NS,Adani Enterprises Limited,Thermal Coal,Energy,Mr. Gautambhai Shantilal Adani S.Y. B.Com,"Ahmedabad, India",https://www.adanienterprises.com,2311.75,2238.85,2668245024768,77.16122,29.96,0.00059999997,3743.9,2025.0
2011-11-03 00:00:00+05:30,60.09955932156647,2314.95,2213.75,59.873260498046875,1376164,0.0,0.0,ADANIENT.NS,Adani Enterprises Limited,Thermal Coal,Energy,Mr. Gautambhai Shantilal Adani S.Y. B.Com,"Ahmedabad, India",https://www.adanienterprises.com,2311.75,2238.85,2668245024768,77.16122,29.96,0.00059999997,3743.9,2025.0
2011-11-04 00:00:00+05:30,60.668547152901,2314.95,2213.75,59.77626419067383,1376164,0.0,0.0,ADANIENT.NS,Adani Enterprises Limited,Thermal Coal,Energy,Mr. Gautambhai Shantilal Adani S.Y. B.Com,"Ahmedabad, India",https://www.adanienterprises.com,2311.75,2238.85,2668245024768,77.16122,29.96,0.00059999997,3743.9,2025.0
2011-11-08 00:00:00+05:30,60.1060217771673,2314.95,2213.75,59.77626419067383,1376164,0.0,0.0,ADANIENT.NS,Adani Enterprises Limited,Thermal Coal,Energy,Mr. Gautambhai Shantilal Adani S.Y. B.Com,"Ahmedabad, India",https://www.adanienterprises.com,2311.75,2238.85,2668245024768,77.16122,29.96,0.00059999997,3743.9,2025.0
2011-11-09 00:00:00+05:30,59.76981600390376,2314.95,2213.75,59.55644226074219,1376164,0.0,0.0,ADANIENT.NS,Adani Enterprises Limited,Thermal Coal,Energy,Mr. Gautambhai Shantilal Adani S.Y. B.Com,"Ahmedabad, India",https://www.adanienterprises.com,2311.75,2238.85,2668245024768,77.16122,29.96,0.00059999997,3743.9,2025.0
2011-11-11 00:00:00+05:30,59.40125544699317,2314.95,2213.75,59.34952926635742,1376164,0.0,0.0,ADANIENT.NS,Adani Enterprises Limited,Thermal Coal,Energy,Mr. Gautambhai Shantilal Adani S.Y. B.Com,"Ahmedabad, India",https://www.adanienterprises.com,2311.75,2238.85,2668245024768,77.16122,29.96,0.00059999997,3743.9,2025.0
2011-11-14 00:00:00+05:30,60.08017664518435,2314.95,2213.75,59.03271484375,1376164,0.0,0.0,ADANIENT.NS,Adani Enterprises Limited,Thermal Coal,Energy,Mr. Gautambhai Shantilal Adani S.Y. B.Com,"Ahmedabad, India",https://www.adanienterprises.com,2311.75,2238.85,2668245024768,77.16122,29.96,0.00059999997,3743.9,2025.0
2011-11-15 00:00:00+05:30,59.343059592787625,2314.95,2213.75,53.31694030761719,1376164,0.0,0.0,ADANIENT.NS,Adani Enterprises Limited,Thermal Coal,Energy,Mr. Gautambhai Shantilal Adani S.Y. B.Com,"Ahmedabad, India",https://www.adanienterprises.com,2311.75,2238.85,2668245024768,77.16122,29.96,0.00059999997,3743.9,2025.0
2011-11-16 00:00:00+05:30,52.760881201371426,2314.95,2213.75,49.56678009033203,1376164,0.0,0.0,ADANIENT.NS,Adani Enterprises Limited,Thermal Coal,Energy,Mr. Gautambhai Shantilal Adani S.Y. B.Com,"Ahmedabad, India",https://www.adanienterprises.com,2311.75,2238.85,2668245024768,77.16122,29.96,0.00059999997,3743.9,2025.0
2011-11-17 00:00:00+05:30,50.56251310360575,2314.95,2213.75,45.461002349853516,1376164,0.0,0.0,ADANIENT.NS,Adani Enterprises Limited,Thermal Coal,Energy,Mr. Gautambhai Shantilal Adani S.Y. B.Com,"Ahmedabad, India",https://www.adanienterprises.com,2311.75,2238.85,2668245024768,77.16122,29.96,0.00059999997,3743.9,2025.0
2011-11-18 00:00:00+05:30,47.20030539650021,2314.95,2213.75,43.372554779052734,1376164,0.0,0.0,ADANIENT.NS,Adani Enterprises Limited,Thermal Coal,Energy,Mr. Gautambhai Shantilal Adani S.Y. B.Com,"Ahmedabad, India",https://www.adanienterprises.com,2311.75,2238.85,2668245024768,77.16122,29.96,0.00059999997,3743.9,2025.0
2011-11-21 00:00:00+05:30,42.803557532491084,2314.95,2213.75,40.3465576171875,1376164,0.0,0.0,ADANIENT.NS,Adani Enterprises Limited,Thermal Coal,Energy,Mr. Gautambhai Shantilal Adani S.Y. B.Com,"Ahmedabad, India",https://www.adanienterprises.com,2311.75,2238.85,2668245024768,77.16122,29.96,0.00059999997,3743.9,2025.0
2011-11-22 00:00:00+05:30,40.087922863911466,2314.95,2213.75,40.66984558105469,1376164,0.0,0.0,ADANIENT.NS,Adani Enterprises Limited,Thermal Coal,Energy,Mr. Gautambhai Shantilal Adani S.Y. B.Com,"Ahmedabad, India",https://www.adanienterprises.com,2311.75,2238.85,2668245024768,77.16122,29.96,0.00059999997,3743.9,2025.0
2011-11-23 00:00:00+05:30,40.08792163327535,2314.95,2213.75,38.225772857666016,1376164,0.0,0.0,ADANIENT.NS,Adani Enterprises Limited,Thermal Coal,Energy,Mr. Gautambhai Shantilal Adani S.Y. B.Com,"Ahmedabad, India",https://www.adanienterprises.com,2311.75,2238.85,2668245024768,77.16122,29.96,0.00059999997,3743.9,2025.0
2011-11-24 00:00:00+05:30,37.727916762142065,2314.95,2213.75,41.03193664550781,1376164,0.0,0.0,ADANIENT.NS,Adani Enterprises Limited,Thermal Coal,Energy,Mr. Gautambhai Shantilal Adani S.Y. B.Com,"Ahmedabad, India",https://www.adanienterprises.com,2311.75,2238.85,2668245024768,77.16122,29.96,0.00059999997,3743.9,2025.0
2011-11-25 00:00:00+05:30,42.54492548523413,2314.95,2213.75,41.50393295288086,1376164,0.0,0.0,ADANIENT.NS,Adani Enterprises Limited,Thermal Coal,Energy,Mr. Gautambhai Shantilal Adani S.Y. B.Com,"Ahmedabad, India",https://www.adanienterprises.com,2311.75,2238.85,2668245024768,77.16122,29.96,0.00059999997,3743.9,2025.0
2011-11-28 00:00:00+05:30,42.105258271724935,2314.95,2213.75,41.06426239013672,1376164,0.0,0.0,ADANIENT.NS,Adani Enterprises Limited,Thermal Coal,Energy,Mr. Gautambhai Shantilal Adani S.Y. B.Com,"Ahmedabad, India",https://www.adanienterprises.com,2311.75,2238.85,2668245024768,77.16122,29.96,0.00059999997,3743.9,2025.0
2011-11-29 00:00:00+05:30,41.38107735446108,2314.95,2213.75,39.5318603515625,1376164,0.0,0.0,ADANIENT.NS,Adani Enterprises Limited,Thermal Coal,Energy,Mr. Gautambhai Shantilal Adani S.Y. B.Com,"Ahmedabad, India",https://www.adanienterprises.com,2311.75,2238.85,2668245024768,77.16122,29.96,0.00059999997,3743.9,2025.0
2011-11-30 00:00:00+05:30,39.31203119551536,2314.95,2213.75,38.97581100463867,1376164,0.0,0.0,ADANIENT.NS,Adani Enterprises Limited,Thermal Coal,Energy,Mr. Gautambhai Shantilal Adani S.Y. B.Com,"Ahmedabad, India",https://www.adanienterprises.com,2311.75,2238.85,2668245024768,77.16122,29.96,0.00059999997,3743.9,2025.0
2011-12-01 00:00:00+05:30,40.21724152497948,2314.95,2213.75,39.990936279296875,1376164,0.0,0.0,ADANIENT.NS,Adani Enterprises Limited,Thermal Coal,Energy,Mr. Gautambhai Shantilal Adani S.Y. B.Com,"Ahmedabad, India",https://www.adanienterprises.com,2311.75,2238.85,2668245024768,77.16122,29.96,0.00059999997,3743.9,2025.0
2011-12-02 00:00:00+05:30,40.68925065265462,2314.95,2213.75,43.79929733276367,1376164,0.0,0.0,ADANIENT.NS,Adani Enterprises Limited,Thermal Coal,Energy,Mr. Gautambhai Shantilal Adani S.Y. B.Com,"Ahmedabad, India",https://www.adanienterprises.com,2311.75,2238.85,2668245024768,77.16122,29.96,0.00059999997,3743.9,2025.0
2011-12-05 00:00:00+05:30,43.773433567810386,2314.95,2213.75,44.45234298706055,1376164,0.0,0.0,ADANIENT.NS,Adani Enterprises Limited,Thermal Coal,Energy,Mr. Gautambhai Shantilal Adani S.Y. B.Com,"Ahmedabad, India",https://www.adanienterprises.com,2311.75,2238.85,2668245024768,77.16122,29.96,0.00059999997,3743.9,2025.0
2011-12-07 00:00:00+05:30,44.484667875860566,2314.95,2213.75,44.09025573730469,1376164,0.0,0.0,ADANIENT.NS,Adani Enterprises Limited,Thermal Coal,Energy,Mr. Gautambhai Shantilal Adani S.Y. B.Com,"Ahmedabad, India",https://www.adanienterprises.com,2311.75,2238.85,2668245024768,77.16122,29.96,0.00059999997,3743.9,2025.0
2011-12-08 00:00:00+05:30,44.103188676005885,2314.95,2213.75,43.29496383666992,1376164,0.0,0.0,ADANIENT.NS,Adani Enterprises Limited,Thermal Coal,Energy,Mr. Gautambhai Shantilal Adani S.Y. B.Com,"Ahmedabad, India",https://www.adanienterprises.com,2311.75,2238.85,2668245024768,77.16122,29.96,0.00059999997,3743.9,2025.0
2011-12-09 00:00:00+05:30,42.60958208594905,2314.95,2213.75,41.982398986816406,1376164,0.0,0.0,ADANIENT.NS,Adani Enterprises Limited,Thermal Coal,Energy,Mr. Gautambhai Shantilal Adani S.Y. B.Com,"Ahmedabad, India",https://www.adanienterprises.com,2311.75,2238.85,2668245024768,77.16122,29.96,0.00059999997,3743.9,2025.0
2011-12-12 00:00:00+05:30,42.195781024078975,2314.95,2213.75,40.618125915527344,1376164,0.0,0.0,ADANIENT.NS,Adani Enterprises Limited,Thermal Coal,Energy,Mr. Gautambhai Shantilal Adani S.Y. B.Com,"Ahmedabad, India",https://www.adanienterprises.com,2311.75,2238.85,2668245024768,77.16122,29.96,0.00059999997,3743.9,2025.0
2011-12-13 00:00:00+05:30,40.20431095433451,2314.95,2213.75,41.549198150634766,1376164,0.0,0.0,ADANIENT.NS,Adani Enterprises Limited,Thermal Coal,Energy,Mr. Gautambhai Shantilal Adani S.Y. B.Com,"Ahmedabad, India",https://www.adanienterprises.com,2311.75,2238.85,2668245024768,77.16122,29.96,0.00059999997,3743.9,2025.0
2011-12-14 00:00:00+05:30,41.54919609680998,2314.95,2213.75,40.77330017089844,1376164,0.0,0.0,ADANIENT.NS,Adani Enterprises Limited,Thermal Coal,Energy,Mr. Gautambhai Shantilal Adani S.Y. B.Com,"Ahmedabad, India",https://www.adanienterprises.com,2311.75,2238.85,2668245024768,77.16122,29.96,0.00059999997,3743.9,2025.0
2011-12-15 00:00:00+05:30,40.21724543620491,2314.95,2213.75,40.67631530761719,1376164,0.0,0.0,ADANIENT.NS,Adani Enterprises Limited,Thermal Coal,Energy,Mr. Gautambhai Shantilal Adani S.Y. B.Com,"Ahmedabad, India",https://www.adanienterprises.com,2311.75,2238.85,2668245024768,77.16122,29.96,0.00059999997,3743.9,2025.0
2011-12-16 00:00:00+05:30,40.86381972847113,2314.95,2213.75,40.71510696411133,1376164,0.0,0.0,ADANIENT.NS,Adani Enterprises Limited,Thermal Coal,Energy,Mr. Gautambhai Shantilal Adani S.Y. B.Com,"Ahmedabad, India",https://www.adanienterprises.com,2311.75,2238.85,2668245024768,77.16122,29.96,0.00059999997,3743.9,2025.0
2011-12-19 00:00:00+05:30,40.21724592021153,2314.95,2213.75,40.01680374145508,1376164,0.0,0.0,ADANIENT.NS,Adani Enterprises Limited,Thermal Coal,Energy,Mr. Gautambhai Shantilal Adani S.Y. B.Com,"Ahmedabad, India",https://www.adanienterprises.com,2311.75,2238.85,2668245024768,77.16122,29.96,0.00059999997,3743.9,2025.0
2011-12-20 00:00:00+05:30,40.06852017493184,2314.95,2213.75,39.91980743408203,1376164,0.0,0.0,ADANIENT.NS,Adani Enterprises Limited,Thermal Coal,Energy,Mr. Gautambhai Shantilal Adani S.Y. B.Com,"Ahmedabad, India",https://www.adanienterprises.com,2311.75,2238.85,2668245024768,77.16122,29.96,0.00059999997,3743.9,2025.0
2011-12-21 00:00:00+05:30,40.34656496983184,2314.95,2213.75,40.33363342285156,1376164,0.0,0.0,ADANIENT.NS,Adani Enterprises Limited,Thermal Coal,Energy,Mr. Gautambhai Shantilal Adani S.Y. B.Com,"Ahmedabad, India",https://www.adanienterprises.com,2311.75,2238.85,2668245024768,77.16122,29.96,0.00059999997,3743.9,2025.0
2011-12-22 00:00:00+05:30,40.210771508014965,2314.95,2213.75,40.26896667480469,1376164,0.0,0.0,ADANIENT.NS,Adani Enterprises Limited,Thermal Coal,Energy,Mr. Gautambhai Shantilal Adani S.Y. B.Com,"Ahmedabad, India",https://www.adanienterprises.com,2311.75,2238.85,2668245024768,77.16122,29.96,0.00059999997,3743.9,2025.0
2011-12-23 00:00:00+05:30,40.437085304844175,2314.95,2213.75,41.52980422973633,1376164,0.0,0.0,ADANIENT.NS,Adani Enterprises Limited,Thermal Coal,Energy,Mr. Gautambhai Shantilal Adani S.Y. B.Com,"Ahmedabad, India",https://www.adanienterprises.com,2311.75,2238.85,2668245024768,77.16122,29.96,0.00059999997,3743.9,2025.0
2011-12-26 00:00:00+05:30,41.814293529814705,2314.95,2213.75,42.16991424560547,1376164,0.0,0.0,ADANIENT.NS,Adani Enterprises Limited,Thermal Coal,Energy,Mr. Gautambhai Shantilal Adani S.Y. B.Com,"Ahmedabad, India",https://www.adanienterprises.com,2311.75,2238.85,2668245024768,77.16122,29.96,0.00059999997,3743.9,2025.0
2011-12-27 00:00:00+05:30,42.266903570601315,2314.95,2213.75,41.61385726928711,1376164,0.0,0.0,ADANIENT.NS,Adani Enterprises Limited,Thermal Coal,Energy,Mr. Gautambhai Shantilal Adani S.Y. B.Com,"Ahmedabad, India",https://www.adanienterprises.com,2311.75,2238.85,2668245024768,77.16122,29.96,0.00059999997,3743.9,2025.0
2011-12-28 00:00:00+05:30,40.97374413959251,2314.95,2213.75,42.04706573486328,1376164,0.0,0.0,ADANIENT.NS,Adani Enterprises Limited,Thermal Coal,Energy,Mr. Gautambhai Shantilal Adani S.Y. B.Com,"Ahmedabad, India",https://www.adanienterprises.com,2311.75,2238.85,2668245024768,77.16122,29.96,0.00059999997,3743.9,2025.0
2011-12-29 00:00:00+05:30,42.24750800857284,2314.95,2213.75,40.47587966918945,1376164,0.0,0.0,ADANIENT.NS,Adani Enterprises Limited,Thermal Coal,Energy,Mr. Gautambhai Shantilal Adani S.Y. B.Com,"Ahmedabad, India",https://www.adanienterprises.com,2311.75,2238.85,2668245024768,77.16122,29.96,0.00059999997,3743.9,2025.0
2011-12-30 00:00:00+05:30,40.15258150569438,2314.95,2213.75,37.96714401245117,1376164,0.0,0.0,ADANIENT.NS,Adani Enterprises Limited,Thermal Coal,Energy,Mr. Gautambhai Shantilal Adani S.Y. B.Com,"Ahmedabad, India",https://www.adanienterprises.com,2311.75,2238.85,2668245024768,77.16122,29.96,0.00059999997,3743.9,2025.0
2012-01-02 00:00:00+05:30,37.889551735929004,2314.95,2213.75,37.3270263671875,1376164,0.0,0.0,ADANIENT.NS,Adani Enterprises Limited,Thermal Coal,Energy,Mr. Gautambhai Shantilal Adani S.Y. B.Com,"Ahmedabad, India",https://www.adanienterprises.com,2311.75,2238.85,2668245024768,77.16122,29.96,0.00059999997,3743.9,2025.0
2012-01-03 00:00:00+05:30,37.501605601074964,2314.95,2213.75,37.15891647338867,1376164,0.0,0.0,ADANIENT.NS,Adani Enterprises Limited,Thermal Coal,Energy,Mr. Gautambhai Shantilal Adani S.Y. B.Com,"Ahmedabad, India",https://www.adanienterprises.com,2311.75,2238.85,2668245024768,77.16122,29.96,0.00059999997,3743.9,2025.0
2012-01-04 00:00:00+05:30,37.158924714707666,2314.95,2213.75,35.96921920776367,1376164,0.0,0.0,ADANIENT.NS,Adani Enterprises Limited,Thermal Coal,Energy,Mr. Gautambhai Shantilal Adani S.Y. B.Com,"Ahmedabad, India",https://www.adanienterprises.com,2311.75,2238.85,2668245024768,77.16122,29.96,0.00059999997,3743.9,2025.0
2012-01-05 00:00:00+05:30,35.704117835320844,2314.95,2213.75,34.54027557373047,1376164,0.0,0.0,ADANIENT.NS,Adani Enterprises Limited,Thermal Coal,Energy,Mr. Gautambhai Shantilal Adani S.Y. B.Com,"Ahmedabad, India",https://www.adanienterprises.com,2311.75,2238.85,2668245024768,77.16122,29.96,0.00059999997,3743.9,2025.0
2012-01-06 00:00:00+05:30,34.01007550085056,2314.95,2213.75,34.727779388427734,1376164,0.0,0.0,ADANIENT.NS,Adani Enterprises Limited,Thermal Coal,Energy,Mr. Gautambhai Shantilal Adani S.Y. B.Com,"Ahmedabad, India",https://www.adanienterprises.com,2311.75,2238.85,2668245024768,77.16122,29.96,0.00059999997,3743.9,2025.0
2012-01-09 00:00:00+05:30,34.83124053449791,2314.95,2213.75,34.63079833984375,1376164,0.0,0.0,ADANIENT.NS,Adani Enterprises Limited,Thermal Coal,Energy,Mr. Gautambhai Shantilal Adani S.Y. B.Com,"Ahmedabad, India",https://www.adanienterprises.com,2311.75,2238.85,2668245024768,77.16122,29.96,0.00059999997,3743.9,2025.0
2012-01-10 00:00:00+05:30,34.747184594867875,2314.95,2213.75,36.64166259765625,1376164,0.0,0.0,ADANIENT.NS,Adani Enterprises Limited,Thermal Coal,Energy,Mr. Gautambhai Shantilal Adani S.Y. B.Com,"Ahmedabad, India",https://www.adanienterprises.com,2311.75,2238.85,2668245024768,77.16122,29.96,0.00059999997,3743.9,2025.0
2012-01-11 00:00:00+05:30,36.719251524557386,2314.95,2213.75,40.605194091796875,1376164,0.0,0.0,ADANIENT.NS,Adani Enterprises Limited,Thermal Coal,Energy,Mr. Gautambhai Shantilal Adani S.Y. B.Com,"Ahmedabad, India",https://www.adanienterprises.com,2311.75,2238.85,2668245024768,77.16122,29.96,0.00059999997,3743.9,2025.0
2012-01-12 00:00:00+05:30,40.56640077306764,2314.95,2213.75,41.52980422973633,1376164,0.0,0.0,ADANIENT.NS,Adani Enterprises Limited,Thermal Coal,Energy,Mr. Gautambhai Shantilal Adani S.Y. B.Com,"Ahmedabad, India",https://www.adanienterprises.com,2311.75,2238.85,2668245024768,77.16122,29.96,0.00059999997,3743.9,2025.0
2012-01-13 00:00:00+05:30,41.27116732370944,2314.95,2213.75,41.756103515625,1376164,0.0,0.0,ADANIENT.NS,Adani Enterprises Limited,Thermal Coal,Energy,Mr. Gautambhai Shantilal Adani S.Y. B.Com,"Ahmedabad, India",https://www.adanienterprises.com,2311.75,2238.85,2668245024768,77.16122,29.96,0.00059999997,3743.9,2025.0
2012-01-16 00:00:00+05:30,41.63971959895147,2314.95,2213.75,45.907142639160156,1376164,0.0,0.0,ADANIENT.NS,Adani Enterprises Limited,Thermal Coal,Energy,Mr. Gautambhai Shantilal Adani S.Y. B.Com,"Ahmedabad, India",https://www.adanienterprises.com,2311.75,2238.85,2668245024768,77.16122,29.96,0.00059999997,3743.9,2025.0
2012-01-17 00:00:00+05:30,46.41147666075326,2314.95,2213.75,48.15724182128906,1376164,0.0,0.0,ADANIENT.NS,Adani Enterprises Limited,Thermal Coal,Energy,Mr. Gautambhai Shantilal Adani S.Y. B.Com,"Ahmedabad, India",https://www.adanienterprises.com,2311.75,2238.85,2668245024768,77.16122,29.96,0.00059999997,3743.9,2025.0
2012-01-18 00:00:00+05:30,48.36414514244993,2314.95,2213.75,51.70696258544922,1376164,0.0,0.0,ADANIENT.NS,Adani Enterprises Limited,Thermal Coal,Energy,Mr. Gautambhai Shantilal Adani S.Y. B.Com,"Ahmedabad, India",https://www.adanienterprises.com,2311.75,2238.85,2668245024768,77.16122,29.96,0.00059999997,3743.9,2025.0
2012-01-19 00:00:00+05:30,52.987190272785874,2314.95,2213.75,56.963653564453125,1376164,0.0,0.0,ADANIENT.NS,Adani Enterprises Limited,Thermal Coal,Energy,Mr. Gautambhai Shantilal Adani S.Y. B.Com,"Ahmedabad, India",https://www.adanienterprises.com,2311.75,2238.85,2668245024768,77.16122,29.96,0.00059999997,3743.9,2025.0
2012-01-20 00:00:00+05:30,57.54558134433341,2314.95,2213.75,52.47639846801758,1376164,0.0,0.0,ADANIENT.NS,Adani Enterprises Limited,Thermal Coal,Energy,Mr. Gautambhai Shantilal Adani S.Y. B.Com,"Ahmedabad, India",https://www.adanienterprises.com,2311.75,2238.85,2668245024768,77.16122,29.96,0.00059999997,3743.9,2025.0
2012-01-23 00:00:00+05:30,51.72636643037183,2314.95,2213.75,51.655242919921875,1376164,0.0,0.0,ADANIENT.NS,Adani Enterprises Limited,Thermal Coal,Energy,Mr. Gautambhai Shantilal Adani S.Y. B.Com,"Ahmedabad, India",https://www.adanienterprises.com,2311.75,2238.85,2668245024768,77.16122,29.96,0.00059999997,3743.9,2025.0
2012-01-24 00:00:00+05:30,51.5970451616228,2314.95,2213.75,52.45052719116211,1376164,0.0,0.0,ADANIENT.NS,Adani Enterprises Limited,Thermal Coal,Energy,Mr. Gautambhai Shantilal Adani S.Y. B.Com,"Ahmedabad, India",https://www.adanienterprises.com,2311.75,2238.85,2668245024768,77.16122,29.96,0.00059999997,3743.9,2025.0
2012-01-25 00:00:00+05:30,52.566913735727475,2314.95,2213.75,51.71342849731445,1376164,0.0,0.0,ADANIENT.NS,Adani Enterprises Limited,Thermal Coal,Energy,Mr. Gautambhai Shantilal Adani S.Y. B.Com,"Ahmedabad, India",https://www.adanienterprises.com,2311.75,2238.85,2668245024768,77.16122,29.96,0.00059999997,3743.9,2025.0
2012-01-27 00:00:00+05:30,51.22203536545514,2314.95,2213.75,54.75882339477539,1376164,0.0,0.0,ADANIENT.NS,Adani Enterprises Limited,Thermal Coal,Energy,Mr. Gautambhai Shantilal Adani S.Y. B.Com,"Ahmedabad, India",https://www.adanienterprises.com,2311.75,2238.85,2668245024768,77.16122,29.96,0.00059999997,3743.9,2025.0
2012-01-30 00:00:00+05:30,54.20922677148474,2314.95,2213.75,50.86640930175781,1376164,0.0,0.0,ADANIENT.NS,Adani Enterprises Limited,Thermal Coal,Energy,Mr. Gautambhai Shantilal Adani S.Y. B.Com,"Ahmedabad, India",https://www.adanienterprises.com,2311.75,2238.85,2668245024768,77.16122,29.96,0.00059999997,3743.9,2025.0
2012-01-31 00:00:00+05:30,51.00219377718283,2314.95,2213.75,53.78248596191406,1376164,0.0,0.0,ADANIENT.NS,Adani Enterprises Limited,Thermal Coal,Energy,Mr. Gautambhai Shantilal Adani S.Y. B.Com,"Ahmedabad, India",https://www.adanienterprises.com,2311.75,2238.85,2668245024768,77.16122,29.96,0.00059999997,3743.9,2025.0
2012-02-01 00:00:00+05:30,53.666095125083274,2314.95,2213.75,56.41405487060547,1376164,0.0,0.0,ADANIENT.NS,Adani Enterprises Limited,Thermal Coal,Energy,Mr. Gautambhai Shantilal Adani S.Y. B.Com,"Ahmedabad, India",https://www.adanienterprises.com,2311.75,2238.85,2668245024768,77.16122,29.96,0.00059999997,3743.9,2025.0
2012-02-02 00:00:00+05:30,57.27400767493578,2314.95,2213.75,55.612300872802734,1376164,0.0,0.0,ADANIENT.NS,Adani Enterprises Limited,Thermal Coal,Energy,Mr. Gautambhai Shantilal Adani S.Y. B.Com,"Ahmedabad, India",https://www.adanienterprises.com,2311.75,2238.85,2668245024768,77.16122,29.96,0.00059999997,3743.9,2025.0
2012-02-03 00:00:00+05:30,55.61230866555872,2314.95,2213.75,55.26315689086914,1376164,0.0,0.0,ADANIENT.NS,Adani Enterprises Limited,Thermal Coal,Energy,Mr. Gautambhai Shantilal Adani S.Y. B.Com,"Ahmedabad, India",https://www.adanienterprises.com,2311.75,2238.85,2668245024768,77.16122,29.96,0.00059999997,3743.9,2025.0
2012-02-06 00:00:00+05:30,56.09077051766342,2314.95,2213.75,56.258880615234375,1376164,0.0,0.0,ADANIENT.NS,Adani Enterprises Limited,Thermal Coal,Energy,Mr. Gautambhai Shantilal Adani S.Y. B.Com,"Ahmedabad, India",https://www.adanienterprises.com,2311.75,2238.85,2668245024768,77.16122,29.96,0.00059999997,3743.9,2025.0
2012-02-07 00:00:00+05:30,56.898991103969124,2314.95,2213.75,51.926795959472656,1376164,0.0,0.0,ADANIENT.NS,Adani Enterprises Limited,Thermal Coal,Energy,Mr. Gautambhai Shantilal Adani S.Y. B.Com,"Ahmedabad, India",https://www.adanienterprises.com,2311.75,2238.85,2668245024768,77.16122,29.96,0.00059999997,3743.9,2025.0
2012-02-08 00:00:00+05:30,52.11431277960813,2314.95,2213.75,53.05185317993164,1376164,0.0,0.0,ADANIENT.NS,Adani Enterprises Limited,Thermal Coal,Energy,Mr. Gautambhai Shantilal Adani S.Y. B.Com,"Ahmedabad, India",https://www.adanienterprises.com,2311.75,2238.85,2668245024768,77.16122,29.96,0.00059999997,3743.9,2025.0
2012-02-09 00:00:00+05:30,53.28461027794777,2314.95,2213.75,50.66596603393555,1376164,0.0,0.0,ADANIENT.NS,Adani Enterprises Limited,Thermal Coal,Energy,Mr. Gautambhai Shantilal Adani S.Y. B.Com,"Ahmedabad, India",https://www.adanienterprises.com,2311.75,2238.85,2668245024768,77.16122,29.96,0.00059999997,3743.9,2025.0
2012-02-10 00:00:00+05:30,50.885804058321966,2314.95,2213.75,50.924598693847656,1376164,0.0,0.0,ADANIENT.NS,Adani Enterprises Limited,Thermal Coal,Energy,Mr. Gautambhai Shantilal Adani S.Y. B.Com,"Ahmedabad, India",https://www.adanienterprises.com,2311.75,2238.85,2668245024768,77.16122,29.96,0.00059999997,3743.9,2025.0
2012-02-13 00:00:00+05:30,51.079782072128076,2314.95,2213.75,48.20896911621094,1376164,0.0,0.0,ADANIENT.NS,Adani Enterprises Limited,Thermal Coal,Energy,Mr. Gautambhai Shantilal Adani S.Y. B.Com,"Ahmedabad, India",https://www.adanienterprises.com,2311.75,2238.85,2668245024768,77.16122,29.96,0.00059999997,3743.9,2025.0
2012-02-14 00:00:00+05:30,48.17018064759919,2314.95,2213.75,46.049400329589844,1376164,0.0,0.0,ADANIENT.NS,Adani Enterprises Limited,Thermal Coal,Energy,Mr. Gautambhai Shantilal Adani S.Y. B.Com,"Ahmedabad, India",https://www.adanienterprises.com,2311.75,2238.85,2668245024768,77.16122,29.96,0.00059999997,3743.9,2025.0
2012-02-15 00:00:00+05:30,46.165775568252904,2314.95,2213.75,48.933135986328125,1376164,0.0,0.0,ADANIENT.NS,Adani Enterprises Limited,Thermal Coal,Energy,Mr. Gautambhai Shantilal Adani S.Y. B.Com,"Ahmedabad, India",https://www.adanienterprises.com,2311.75,2238.85,2668245024768,77.16122,29.96,0.00059999997,3743.9,2025.0
2012-02-16 00:00:00+05:30,49.1659014906715,2314.95,2213.75,50.71769332885742,1376164,0.0,0.0,ADANIENT.NS,Adani Enterprises Limited,Thermal Coal,Energy,Mr. Gautambhai Shantilal Adani S.Y. B.Com,"Ahmedabad, India",https://www.adanienterprises.com,2311.75,2238.85,2668245024768,77.16122,29.96,0.00059999997,3743.9,2025.0
2012-02-17 00:00:00+05:30,51.30608074472512,2314.95,2213.75,53.56911087036133,1376164,0.0,0.0,ADANIENT.NS,Adani Enterprises Limited,Thermal Coal,Energy,Mr. Gautambhai Shantilal Adani S.Y. B.Com,"Ahmedabad, India",https://www.adanienterprises.com,2311.75,2238.85,2668245024768,77.16122,29.96,0.00059999997,3743.9,2025.0
2012-02-21 00:00:00+05:30,53.56911335093951,2314.95,2213.75,54.545448303222656,1376164,0.0,0.0,ADANIENT.NS,Adani Enterprises Limited,Thermal Coal,Energy,Mr. Gautambhai Shantilal Adani S.Y. B.Com,"Ahmedabad, India",https://www.adanienterprises.com,2311.75,2238.85,2668245024768,77.16122,29.96,0.00059999997,3743.9,2025.0
2012-02-22 00:00:00+05:30,54.66183254005557,2314.95,2213.75,50.07758331298828,1376164,0.0,0.0,ADANIENT.NS,Adani Enterprises Limited,Thermal Coal,Energy,Mr. Gautambhai Shantilal Adani S.Y. B.Com,"Ahmedabad, India",https://www.adanienterprises.com,2311.75,2238.85,2668245024768,77.16122,29.96,0.00059999997,3743.9,2025.0
2012-02-23 00:00:00+05:30,49.915938704423105,2314.95,2213.75,49.70903396606445,1376164,0.0,0.0,ADANIENT.NS,Adani Enterprises Limited,Thermal Coal,Energy,Mr. Gautambhai Shantilal Adani S.Y. B.Com,"Ahmedabad, India",https://www.adanienterprises.com,2311.75,2238.85,2668245024768,77.16122,29.96,0.00059999997,3743.9,2025.0
2012-02-24 00:00:00+05:30,50.29094993657632,2314.95,2213.75,48.713294982910156,1376164,0.0,0.0,ADANIENT.NS,Adani Enterprises Limited,Thermal Coal,Energy,Mr. Gautambhai Shantilal Adani S.Y. B.Com,"Ahmedabad, India",https://www.adanienterprises.com,2311.75,2238.85,2668245024768,77.16122,29.96,0.00059999997,3743.9,2025.0
2012-02-27 00:00:00+05:30,48.71329949952332,2314.95,2213.75,44.94374084472656,1376164,0.0,0.0,ADANIENT.NS,Adani Enterprises Limited,Thermal Coal,Energy,Mr. Gautambhai Shantilal Adani S.Y. B.Com,"Ahmedabad, India",https://www.adanienterprises.com,2311.75,2238.85,2668245024768,77.16122,29.96,0.00059999997,3743.9,2025.0
2012-02-28 00:00:00+05:30,45.3963487465292,2314.95,2213.75,47.55592346191406,1376164,0.0,0.0,ADANIENT.NS,Adani Enterprises Limited,Thermal Coal,Energy,Mr. Gautambhai Shantilal Adani S.Y. B.Com,"Ahmedabad, India",https://www.adanienterprises.com,2311.75,2238.85,2668245024768,77.16122,29.96,0.00059999997,3743.9,2025.0
2012-02-29 00:00:00+05:30,48.22189845213478,2314.95,2213.75,48.46113204956055,1376164,0.0,0.0,ADANIENT.NS,Adani Enterprises Limited,Thermal Coal,Energy,Mr. Gautambhai Shantilal Adani S.Y. B.Com,"Ahmedabad, India",https://www.adanienterprises.com,2311.75,2238.85,2668245024768,77.16122,29.96,0.00059999997,3743.9,2025.0
2012-03-01 00:00:00+05:30,48.49345678756936,2314.95,2213.75,47.41366958618164,1376164,0.0,0.0,ADANIENT.NS,Adani Enterprises Limited,Thermal Coal,Energy,Mr. Gautambhai Shantilal Adani S.Y. B.Com,"Ahmedabad, India",https://www.adanienterprises.com,2311.75,2238.85,2668245024768,77.16122,29.96,0.00059999997,3743.9,2025.0
2012-03-02 00:00:00+05:30,47.71757224276665,2314.95,2213.75,45.674381256103516,1376164,0.0,0.0,ADANIENT.NS,Adani Enterprises Limited,Thermal Coal,Energy,Mr. Gautambhai Shantilal Adani S.Y. B.Com,"Ahmedabad, India",https://www.adanienterprises.com,2311.75,2238.85,2668245024768,77.16122,29.96,0.00059999997,3743.9,2025.0
2012-03-05 00:00:00+05:30,46.42440768120918,2314.95,2213.75,46.411476135253906,1376164,0.0,0.0,ADANIENT.NS,Adani Enterprises Limited,Thermal Coal,Energy,Mr. Gautambhai Shantilal Adani S.Y. B.Com,"Ahmedabad, India",https://www.adanienterprises.com,2311.75,2238.85,2668245024768,77.16122,29.96,0.00059999997,3743.9,2025.0
2012-03-06 00:00:00+05:30,46.55372990749644,2314.95,2213.75,45.32522964477539,1376164,0.0,0.0,ADANIENT.NS,Adani Enterprises Limited,Thermal Coal,Energy,Mr. Gautambhai Shantilal Adani S.Y. B.Com,"Ahmedabad, India",https://www.adanienterprises.com,2311.75,2238.85,2668245024768,77.16122,29.96,0.00059999997,3743.9,2025.0
2012-03-07 00:00:00+05:30,44.613985488925834,2314.95,2213.75,41.251773834228516,1376164,0.0,0.0,ADANIENT.NS,Adani Enterprises Limited,Thermal Coal,Energy,Mr. Gautambhai Shantilal Adani S.Y. B.Com,"Ahmedabad, India",https://www.adanienterprises.com,2311.75,2238.85,2668245024768,77.16122,29.96,0.00059999997,3743.9,2025.0
2012-03-09 00:00:00+05:30,42.46734155686612,2314.95,2213.75,41.06426239013672,1376164,0.0,0.0,ADANIENT.NS,Adani Enterprises Limited,Thermal Coal,Energy,Mr. Gautambhai Shantilal Adani S.Y. B.Com,"Ahmedabad, India",https://www.adanienterprises.com,2311.75,2238.85,2668245024768,77.16122,29.96,0.00059999997,3743.9,2025.0
2012-03-12 00:00:00+05:30,42.24750255440981,2314.95,2213.75,41.97593688964844,1376164,0.0,0.0,ADANIENT.NS,Adani Enterprises Limited,Thermal Coal,Energy,Mr. Gautambhai Shantilal Adani S.Y. B.Com,"Ahmedabad, India",https://www.adanienterprises.com,2311.75,2238.85,2668245024768,77.16122,29.96,0.00059999997,3743.9,2025.0
2012-03-13 00:00:00+05:30,42.415611668545694,2314.95,2213.75,43.11391830444336,1376164,0.0,0.0,ADANIENT.NS,Adani Enterprises Limited,Thermal Coal,Energy,Mr. Gautambhai Shantilal Adani S.Y. B.Com,"Ahmedabad, India",https://www.adanienterprises.com,2311.75,2238.85,2668245024768,77.16122,29.96,0.00059999997,3743.9,2025.0
2012-03-14 00:00:00+05:30,42.648378561591755,2314.95,2213.75,42.06645584106445,1376164,0.0,0.0,ADANIENT.NS,Adani Enterprises Limited,Thermal Coal,Energy,Mr. Gautambhai Shantilal Adani S.Y. B.Com,"Ahmedabad, India",https://www.adanienterprises.com,2311.75,2238.85,2668245024768,77.16122,29.96,0.00059999997,3743.9,2025.0
2012-03-15 00:00:00+05:30,41.840164167184795,2314.95,2213.75,40.97374725341797,1376164,0.0,0.0,ADANIENT.NS,Adani Enterprises Limited,Thermal Coal,Energy,Mr. Gautambhai Shantilal Adani S.Y. B.Com,"Ahmedabad, India",https://www.adanienterprises.com,2311.75,2238.85,2668245024768,77.16122,29.96,0.00059999997,3743.9,2025.0
2012-03-16 00:00:00+05:30,40.779770003932605,2314.95,2213.75,39.745243072509766,1376164,0.0,0.0,ADANIENT.NS,Adani Enterprises Limited,Thermal Coal,Energy,Mr. Gautambhai Shantilal Adani S.Y. B.Com,"Ahmedabad, India",https://www.adanienterprises.com,2311.75,2238.85,2668245024768,77.16122,29.96,0.00059999997,3743.9,2025.0
2012-03-19 00:00:00+05:30,40.113790833051446,2314.95,2213.75,38.1417236328125,1376164,0.0,0.0,ADANIENT.NS,Adani Enterprises Limited,Thermal Coal,Energy,Mr. Gautambhai Shantilal Adani S.Y. B.Com,"Ahmedabad, India",https://www.adanienterprises.com,2311.75,2238.85,2668245024768,77.16122,29.96,0.00059999997,3743.9,2025.0
2012-03-20 00:00:00+05:30,37.9218836249603,2314.95,2213.75,36.75804138183594,1376164,0.0,0.0,ADANIENT.NS,Adani Enterprises Limited,Thermal Coal,Energy,Mr. Gautambhai Shantilal Adani S.Y. B.Com,"Ahmedabad, India",https://www.adanienterprises.com,2311.75,2238.85,2668245024768,77.16122,29.96,0.00059999997,3743.9,2025.0
2012-03-21 00:00:00+05:30,36.84209422099604,2314.95,2213.75,38.7171745300293,1376164,0.0,0.0,ADANIENT.NS,Adani Enterprises Limited,Thermal Coal,Energy,Mr. Gautambhai Shantilal Adani S.Y. B.Com,"Ahmedabad, India",https://www.adanienterprises.com,2311.75,2238.85,2668245024768,77.16122,29.96,0.00059999997,3743.9,2025.0
2012-03-22 00:00:00+05:30,38.53613521752197,2314.95,2213.75,36.75804138183594,1376164,0.0,0.0,ADANIENT.NS,Adani Enterprises Limited,Thermal Coal,Energy,Mr. Gautambhai Shantilal Adani S.Y. B.Com,"Ahmedabad, India",https://www.adanienterprises.com,2311.75,2238.85,2668245024768,77.16122,29.96,0.00059999997,3743.9,2025.0
2012-03-23 00:00:00+05:30,37.016681532484334,2314.95,2213.75,37.33997344970703,1376164,0.0,0.0,ADANIENT.NS,Adani Enterprises Limited,Thermal Coal,Energy,Mr. Gautambhai Shantilal Adani S.Y. B.Com,"Ahmedabad, India",https://www.adanienterprises.com,2311.75,2238.85,2668245024768,77.16122,29.96,0.00059999997,3743.9,2025.0
2012-03-26 00:00:00+05:30,37.07486038381758,2314.95,2213.75,35.729976654052734,1376164,0.0,0.0,ADANIENT.NS,Adani Enterprises Limited,Thermal Coal,Energy,Mr. Gautambhai Shantilal Adani S.Y. B.Com,"Ahmedabad, India",https://www.adanienterprises.com,2311.75,2238.85,2668245024768,77.16122,29.96,0.00059999997,3743.9,2025.0
2012-03-27 00:00:00+05:30,36.22785036438197,2314.95,2213.75,36.84210205078125,1376164,0.0,0.0,ADANIENT.NS,Adani Enterprises Limited,Thermal Coal,Energy,Mr. Gautambhai Shantilal Adani S.Y. B.Com,"Ahmedabad, India",https://www.adanienterprises.com,2311.75,2238.85,2668245024768,77.16122,29.96,0.00059999997,3743.9,2025.0
2012-03-28 00:00:00+05:30,36.60933227853279,2314.95,2213.75,36.75157928466797,1376164,0.0,0.0,ADANIENT.NS,Adani Enterprises Limited,Thermal Coal,Energy,Mr. Gautambhai Shantilal Adani S.Y. B.Com,"Ahmedabad, India",https://www.adanienterprises.com,2311.75,2238.85,2668245024768,77.16122,29.96,0.00059999997,3743.9,2025.0
2012-03-29 00:00:00+05:30,36.3894912036944,2314.95,2213.75,38.749507904052734,1376164,0.0,0.0,ADANIENT.NS,Adani Enterprises Limited,Thermal Coal,Energy,Mr. Gautambhai Shantilal Adani S.Y. B.Com,"Ahmedabad, India",https://www.adanienterprises.com,2311.75,2238.85,2668245024768,77.16122,29.96,0.00059999997,3743.9,2025.0
2012-03-30 00:00:00+05:30,38.79477187814081,2314.95,2213.75,39.42195510864258,1376164,0.0,0.0,ADANIENT.NS,Adani Enterprises Limited,Thermal Coal,Energy,Mr. Gautambhai Shantilal Adani S.Y. B.Com,"Ahmedabad, India",https://www.adanienterprises.com,2311.75,2238.85,2668245024768,77.16122,29.96,0.00059999997,3743.9,2025.0
2012-04-02 00:00:00+05:30,39.44781173399623,2314.95,2213.75,39.82929229736328,1376164,0.0,0.0,ADANIENT.NS,Adani Enterprises Limited,Thermal Coal,Energy,Mr. Gautambhai Shantilal Adani S.Y. B.Com,"Ahmedabad, India",https://www.adanienterprises.com,2311.75,2238.85,2668245024768,77.16122,29.96,0.00059999997,3743.9,2025.0
2012-04-03 00:00:00+05:30,40.31423014871645,2314.95,2213.75,41.445743560791016,1376164,0.0,0.0,ADANIENT.NS,Adani Enterprises Limited,Thermal Coal,Energy,Mr. Gautambhai Shantilal Adani S.Y. B.Com,"Ahmedabad, India",https://www.adanienterprises.com,2311.75,2238.85,2668245024768,77.16122,29.96,0.00059999997,3743.9,2025.0
2012-04-04 00:00:00+05:30,41.51040022688647,2314.95,2213.75,41.07072448730469,1376164,0.0,0.0,ADANIENT.NS,Adani Enterprises Limited,Thermal Coal,Energy,Mr. Gautambhai Shantilal Adani S.Y. B.Com,"Ahmedabad, India",https://www.adanienterprises.com,2311.75,2238.85,2668245024768,77.16122,29.96,0.00059999997,3743.9,2025.0
2012-04-09 00:00:00+05:30,40.8638191271337,2314.95,2213.75,40.18490982055664,1376164,0.0,0.0,ADANIENT.NS,Adani Enterprises Limited,Thermal Coal,Energy,Mr. Gautambhai Shantilal Adani S.Y. B.Com,"Ahmedabad, India",https://www.adanienterprises.com,2311.75,2238.85,2668245024768,77.16122,29.96,0.00059999997,3743.9,2025.0
2012-04-10 00:00:00+05:30,40.184909815817456,2314.95,2213.75,40.86381912231445,1376164,0.0,0.0,ADANIENT.NS,Adani Enterprises Limited,Thermal Coal,Energy,Mr. Gautambhai Shantilal Adani S.Y. B.Com,"Ahmedabad, India",https://www.adanienterprises.com,2311.75,2238.85,2668245024768,77.16122,29.96,0.00059999997,3743.9,2025.0
2012-04-11 00:00:00+05:30,40.346559043829345,2314.95,2213.75,39.73230743408203,1376164,0.0,0.0,ADANIENT.NS,Adani Enterprises Limited,Thermal Coal,Energy,Mr. Gautambhai Shantilal Adani S.Y. B.Com,"Ahmedabad, India",https://www.adanienterprises.com,2311.75,2238.85,2668245024768,77.16122,29.96,0.00059999997,3743.9,2025.0
2012-04-12 00:00:00+05:30,39.97153979939832,2314.95,2213.75,40.02973175048828,1376164,0.0,0.0,ADANIENT.NS,Adani Enterprises Limited,Thermal Coal,Energy,Mr. Gautambhai Shantilal Adani S.Y. B.Com,"Ahmedabad, India",https://www.adanienterprises.com,2311.75,2238.85,2668245024768,77.16122,29.96,0.00059999997,3743.9,2025.0
2012-04-13 00:00:00+05:30,40.39182364490776,2314.95,2213.75,39.240909576416016,1376164,0.0,0.0,ADANIENT.NS,Adani Enterprises Limited,Thermal Coal,Energy,Mr. Gautambhai Shantilal Adani S.Y. B.Com,"Ahmedabad, India",https://www.adanienterprises.com,2311.75,2238.85,2668245024768,77.16122,29.96,0.00059999997,3743.9,2025.0
2012-04-16 00:00:00+05:30,39.06633449487822,2314.95,2213.75,39.42842102050781,1376164,0.0,0.0,ADANIENT.NS,Adani Enterprises Limited,Thermal Coal,Energy,Mr. Gautambhai Shantilal Adani S.Y. B.Com,"Ahmedabad, India",https://www.adanienterprises.com,2311.75,2238.85,2668245024768,77.16122,29.96,0.00059999997,3743.9,2025.0
2012-04-17 00:00:00+05:30,39.29263576210969,2314.95,2213.75,39.240909576416016,1376164,0.0,0.0,ADANIENT.NS,Adani Enterprises Limited,Thermal Coal,Energy,Mr. Gautambhai Shantilal Adani S.Y. B.Com,"Ahmedabad, India",https://www.adanienterprises.com,2311.75,2238.85,2668245024768,77.16122,29.96,0.00059999997,3743.9,2025.0
2012-04-18 00:00:00+05:30,39.64179070120786,2314.95,2213.75,39.745243072509766,1376164,0.0,0.0,ADANIENT.NS,Adani Enterprises Limited,Thermal Coal,Energy,Mr. Gautambhai Shantilal Adani S.Y. B.Com,"Ahmedabad, India",https://www.adanienterprises.com,2311.75,2238.85,2668245024768,77.16122,29.96,0.00059999997,3743.9,2025.0
2012-04-19 00:00:00+05:30,40.01033752184218,2314.95,2213.75,38.781837463378906,1376164,0.0,0.0,ADANIENT.NS,Adani Enterprises Limited,Thermal Coal,Energy,Mr. Gautambhai Shantilal Adani S.Y. B.Com,"Ahmedabad, India",https://www.adanienterprises.com,2311.75,2238.85,2668245024768,77.16122,29.96,0.00059999997,3743.9,2025.0
2012-04-20 00:00:00+05:30,38.66544775666619,2314.95,2213.75,37.15891647338867,1376164,0.0,0.0,ADANIENT.NS,Adani Enterprises Limited,Thermal Coal,Energy,Mr. Gautambhai Shantilal Adani S.Y. B.Com,"Ahmedabad, India",https://www.adanienterprises.com,2311.75,2238.85,2668245024768,77.16122,29.96,0.00059999997,3743.9,2025.0
2012-04-23 00:00:00+05:30,37.482213348170625,2314.95,2213.75,36.00154495239258,1376164,0.0,0.0,ADANIENT.NS,Adani Enterprises Limited,Thermal Coal,Energy,Mr. Gautambhai Shantilal Adani S.Y. B.Com,"Ahmedabad, India",https://www.adanienterprises.com,2311.75,2238.85,2668245024768,77.16122,29.96,0.00059999997,3743.9,2025.0
2012-04-24 00:00:00+05:30,36.20845476794438,2314.95,2213.75,36.05974197387695,1376164,0.0,0.0,ADANIENT.NS,Adani Enterprises Limited,Thermal Coal,Energy,Mr. Gautambhai Shantilal Adani S.Y. B.Com,"Ahmedabad, India",https://www.adanienterprises.com,2311.75,2238.85,2668245024768,77.16122,29.96,0.00059999997,3743.9,2025.0
2012-04-25 00:00:00+05:30,36.13733030549687,2314.95,2213.75,35.65886306762695,1376164,0.0,0.0,ADANIENT.NS,Adani Enterprises Limited,Thermal Coal,Energy,Mr. Gautambhai Shantilal Adani S.Y. B.Com,"Ahmedabad, India",https://www.adanienterprises.com,2311.75,2238.85,2668245024768,77.16122,29.96,0.00059999997,3743.9,2025.0
2012-04-26 00:00:00+05:30,35.81404034197902,2314.95,2213.75,35.270912170410156,1376164,0.0,0.0,ADANIENT.NS,Adani Enterprises Limited,Thermal Coal,Energy,Mr. Gautambhai Shantilal Adani S.Y. B.Com,"Ahmedabad, India",https://www.adanienterprises.com,2311.75,2238.85,2668245024768,77.16122,29.96,0.00059999997,3743.9,2025.0
2012-04-27 00:00:00+05:30,35.432560031922115,2314.95,2213.75,35.61360168457031,1376164,0.0,0.0,ADANIENT.NS,Adani Enterprises Limited,Thermal Coal,Energy,Mr. Gautambhai Shantilal Adani S.Y. B.Com,"Ahmedabad, India",https://www.adanienterprises.com,2311.75,2238.85,2668245024768,77.16122,29.96,0.00059999997,3743.9,2025.0
2012-04-30 00:00:00+05:30,35.71705042623228,2314.95,2213.75,36.331298828125,1376164,0.0,0.0,ADANIENT.NS,Adani Enterprises Limited,Thermal Coal,Energy,Mr. Gautambhai Shantilal Adani S.Y. B.Com,"Ahmedabad, India",https://www.adanienterprises.com,2311.75,2238.85,2668245024768,77.16122,29.96,0.00059999997,3743.9,2025.0
2012-05-02 00:00:00+05:30,36.77097753585096,2314.95,2213.75,36.11146545410156,1376164,0.0,0.0,ADANIENT.NS,Adani Enterprises Limited,Thermal Coal,Energy,Mr. Gautambhai Shantilal Adani S.Y. B.Com,"Ahmedabad, India",https://www.adanienterprises.com,2311.75,2238.85,2668245024768,77.16122,29.96,0.00059999997,3743.9,2025.0
2012-05-03 00:00:00+05:30,35.82050201099061,2314.95,2213.75,35.08340072631836,1376164,0.0,0.0,ADANIENT.NS,Adani Enterprises Limited,Thermal Coal,Energy,Mr. Gautambhai Shantilal Adani S.Y. B.Com,"Ahmedabad, India",https://www.adanienterprises.com,2311.75,2238.85,2668245024768,77.16122,29.96,0.00059999997,3743.9,2025.0
2012-05-04 00:00:00+05:30,34.65666150918684,2314.95,2213.75,34.81184005737305,1376164,0.0,0.0,ADANIENT.NS,Adani Enterprises Limited,Thermal Coal,Energy,Mr. Gautambhai Shantilal Adani S.Y. B.Com,"Ahmedabad, India",https://www.adanienterprises.com,2311.75,2238.85,2668245024768,77.16122,29.96,0.00059999997,3743.9,2025.0
2012-05-07 00:00:00+05:30,33.89369665553219,2314.95,2213.75,35.826969146728516,1376164,0.0,0.0,ADANIENT.NS,Adani Enterprises Limited,Thermal Coal,Energy,Mr. Gautambhai Shantilal Adani S.Y. B.Com,"Ahmedabad, India",https://www.adanienterprises.com,2311.75,2238.85,2668245024768,77.16122,29.96,0.00059999997,3743.9,2025.0
2012-05-08 00:00:00+05:30,35.51015325962857,2314.95,2213.75,34.75365447998047,1376164,0.0,0.0,ADANIENT.NS,Adani Enterprises Limited,Thermal Coal,Energy,Mr. Gautambhai Shantilal Adani S.Y. B.Com,"Ahmedabad, India",https://www.adanienterprises.com,2311.75,2238.85,2668245024768,77.16122,29.96,0.00059999997,3743.9,2025.0
2012-05-09 00:00:00+05:30,34.51441277176242,2314.95,2213.75,33.369964599609375,1376164,0.0,0.0,ADANIENT.NS,Adani Enterprises Limited,Thermal Coal,Energy,Mr. Gautambhai Shantilal Adani S.Y. B.Com,"Ahmedabad, India",https://www.adanienterprises.com,2311.75,2238.85,2668245024768,77.16122,29.96,0.00059999997,3743.9,2025.0
2012-05-10 00:00:00+05:30,33.51867582451882,2314.95,2213.75,33.2988395690918,1376164,0.0,0.0,ADANIENT.NS,Adani Enterprises Limited,Thermal Coal,Energy,Mr. Gautambhai Shantilal Adani S.Y. B.Com,"Ahmedabad, India",https://www.adanienterprises.com,2311.75,2238.85,2668245024768,77.16122,29.96,0.00059999997,3743.9,2025.0
2012-05-11 00:00:00+05:30,33.23418764375818,2314.95,2213.75,32.529415130615234,1376164,0.0,0.0,ADANIENT.NS,Adani Enterprises Limited,Thermal Coal,Energy,Mr. Gautambhai Shantilal Adani S.Y. B.Com,"Ahmedabad, India",https://www.adanienterprises.com,2311.75,2238.85,2668245024768,77.16122,29.96,0.00059999997,3743.9,2025.0
2012-05-14 00:00:00+05:30,32.684590557849454,2314.95,2213.75,31.029346466064453,1376164,0.0,0.0,ADANIENT.NS,Adani Enterprises Limited,Thermal Coal,Energy,Mr. Gautambhai Shantilal Adani S.Y. B.Com,"Ahmedabad, India",https://www.adanienterprises.com,2311.75,2238.85,2668245024768,77.16122,29.96,0.00059999997,3743.9,2025.0
2012-05-15 00:00:00+05:30,30.99055484459548,2314.95,2213.75,30.57674217224121,1376164,0.0,0.0,ADANIENT.NS,Adani Enterprises Limited,Thermal Coal,Energy,Mr. Gautambhai Shantilal Adani S.Y. B.Com,"Ahmedabad, India",https://www.adanienterprises.com,2311.75,2238.85,2668245024768,77.16122,29.96,0.00059999997,3743.9,2025.0
2012-05-16 00:00:00+05:30,30.14353663820698,2314.95,2213.75,29.77498435974121,1376164,0.0,0.0,ADANIENT.NS,Adani Enterprises Limited,Thermal Coal,Energy,Mr. Gautambhai Shantilal Adani S.Y. B.Com,"Ahmedabad, India",https://www.adanienterprises.com,2311.75,2238.85,2668245024768,77.16122,29.96,0.00059999997,3743.9,2025.0
2012-05-17 00:00:00+05:30,29.91722607224778,2314.95,2213.75,29.619800567626953,1376164,0.0,0.0,ADANIENT.NS,Adani Enterprises Limited,Thermal Coal,Energy,Mr. Gautambhai Shantilal Adani S.Y. B.Com,"Ahmedabad, India",https://www.adanienterprises.com,2311.75,2238.85,2668245024768,77.16122,29.96,0.00059999997,3743.9,2025.0
2012-05-18 00:00:00+05:30,28.28138772509838,2314.95,2213.75,30.020687103271484,1376164,0.0,0.0,ADANIENT.NS,Adani Enterprises Limited,Thermal Coal,Energy,Mr. Gautambhai Shantilal Adani S.Y. B.Com,"Ahmedabad, India",https://www.adanienterprises.com,2311.75,2238.85,2668245024768,77.16122,29.96,0.00059999997,3743.9,2025.0
2012-05-21 00:00:00+05:30,29.742652901299163,2314.95,2213.75,30.92589569091797,1376164,0.0,0.0,ADANIENT.NS,Adani Enterprises Limited,Thermal Coal,Energy,Mr. Gautambhai Shantilal Adani S.Y. B.Com,"Ahmedabad, India",https://www.adanienterprises.com,2311.75,2238.85,2668245024768,77.16122,29.96,0.00059999997,3743.9,2025.0
2012-05-22 00:00:00+05:30,31.35264327625864,2314.95,2213.75,31.320314407348633,1376164,0.0,0.0,ADANIENT.NS,Adani Enterprises Limited,Thermal Coal,Energy,Mr. Gautambhai Shantilal Adani S.Y. B.Com,"Ahmedabad, India",https://www.adanienterprises.com,2311.75,2238.85,2668245024768,77.16122,29.96,0.00059999997,3743.9,2025.0
2012-05-23 00:00:00+05:30,31.03581043993654,2314.95,2213.75,31.210386276245117,1376164,0.0,0.0,ADANIENT.NS,Adani Enterprises Limited,Thermal Coal,Energy,Mr. Gautambhai Shantilal Adani S.Y. B.Com,"Ahmedabad, India",https://www.adanienterprises.com,2311.75,2238.85,2668245024768,77.16122,29.96,0.00059999997,3743.9,2025.0
2012-05-24 00:00:00+05:30,31.15219318561889,2314.95,2213.75,31.333234786987305,1376164,0.0,0.0,ADANIENT.NS,Adani Enterprises Limited,Thermal Coal,Energy,Mr. Gautambhai Shantilal Adani S.Y. B.Com,"Ahmedabad, India",https://www.adanienterprises.com,2311.75,2238.85,2668245024768,77.16122,29.96,0.00059999997,3743.9,2025.0
2012-05-25 00:00:00+05:30,31.326770697978596,2314.95,2213.75,33.55746841430664,1376164,0.0,0.0,ADANIENT.NS,Adani Enterprises Limited,Thermal Coal,Energy,Mr. Gautambhai Shantilal Adani S.Y. B.Com,"Ahmedabad, India",https://www.adanienterprises.com,2311.75,2238.85,2668245024768,77.16122,29.96,0.00059999997,3743.9,2025.0
2012-05-28 00:00:00+05:30,33.89370033802402,2314.95,2213.75,33.926029205322266,1376164,0.0,0.0,ADANIENT.NS,Adani Enterprises Limited,Thermal Coal,Energy,Mr. Gautambhai Shantilal Adani S.Y. B.Com,"Ahmedabad, India",https://www.adanienterprises.com,2311.75,2238.85,2668245024768,77.16122,29.96,0.00059999997,3743.9,2025.0
2012-05-29 00:00:00+05:30,33.880762294384326,2314.95,2213.75,34.50794219970703,1376164,0.0,0.0,ADANIENT.NS,Adani Enterprises Limited,Thermal Coal,Energy,Mr. Gautambhai Shantilal Adani S.Y. B.Com,"Ahmedabad, India",https://www.adanienterprises.com,2311.75,2238.85,2668245024768,77.16122,29.96,0.00059999997,3743.9,2025.0
2012-05-30 00:00:00+05:30,34.268714358901704,2314.95,2213.75,33.88723373413086,1376164,0.0,0.0,ADANIENT.NS,Adani Enterprises Limited,Thermal Coal,Energy,Mr. Gautambhai Shantilal Adani S.Y. B.Com,"Ahmedabad, India",https://www.adanienterprises.com,2311.75,2238.85,2668245024768,77.16122,29.96,0.00059999997,3743.9,2025.0
2012-05-31 00:00:00+05:30,33.62213288063551,2314.95,2213.75,33.69325637817383,1376164,0.0,0.0,ADANIENT.NS,Adani Enterprises Limited,Thermal Coal,Energy,Mr. Gautambhai Shantilal Adani S.Y. B.Com,"Ahmedabad, India",https://www.adanienterprises.com,2311.75,2238.85,2668245024768,77.16122,29.96,0.00059999997,3743.9,2025.0
2012-06-01 00:00:00+05:30,33.104869665234325,2314.95,2213.75,31.022884368896484,1376164,0.0,0.0,ADANIENT.NS,Adani Enterprises Limited,Thermal Coal,Energy,Mr. Gautambhai Shantilal Adani S.Y. B.Com,"Ahmedabad, India",https://www.adanienterprises.com,2311.75,2238.85,2668245024768,77.16122,29.96,0.00059999997,3743.9,2025.0
2012-06-04 00:00:00+05:30,30.518546934172072,2314.95,2213.75,29.80731201171875,1376164,0.0,0.0,ADANIENT.NS,Adani Enterprises Limited,Thermal Coal,Energy,Mr. Gautambhai Shantilal Adani S.Y. B.Com,"Ahmedabad, India",https://www.adanienterprises.com,2311.75,2238.85,2668245024768,77.16122,29.96,0.00059999997,3743.9,2025.0
2012-06-05 00:00:00+05:30,30.072413342365472,2314.95,2213.75,29.606874465942383,1376164,0.0,0.0,ADANIENT.NS,Adani Enterprises Limited,Thermal Coal,Energy,Mr. Gautambhai Shantilal Adani S.Y. B.Com,"Ahmedabad, India",https://www.adanienterprises.com,2311.75,2238.85,2668245024768,77.16122,29.96,0.00059999997,3743.9,2025.0
2012-06-06 00:00:00+05:30,29.484018499278775,2314.95,2213.75,29.904296875,1376164,0.0,0.0,ADANIENT.NS,Adani Enterprises Limited,Thermal Coal,Energy,Mr. Gautambhai Shantilal Adani S.Y. B.Com,"Ahmedabad, India",https://www.adanienterprises.com,2311.75,2238.85,2668245024768,77.16122,29.96,0.00059999997,3743.9,2025.0
2012-06-07 00:00:00+05:30,30.36337271604746,2314.95,2213.75,29.82671356201172,1376164,0.0,0.0,ADANIENT.NS,Adani Enterprises Limited,Thermal Coal,Energy,Mr. Gautambhai Shantilal Adani S.Y. B.Com,"Ahmedabad, India",https://www.adanienterprises.com,2311.75,2238.85,2668245024768,77.16122,29.96,0.00059999997,3743.9,2025.0
2012-06-08 00:00:00+05:30,29.587477492286535,2314.95,2213.75,29.44523048400879,1376164,0.0,0.0,ADANIENT.NS,Adani Enterprises Limited,Thermal Coal,Energy,Mr. Gautambhai Shantilal Adani S.Y. B.Com,"Ahmedabad, India",https://www.adanienterprises.com,2311.75,2238.85,2668245024768,77.16122,29.96,0.00059999997,3743.9,2025.0
2012-06-11 00:00:00+05:30,29.742657318563406,2314.95,2213.75,29.14780616760254,1376164,0.0,0.0,ADANIENT.NS,Adani Enterprises Limited,Thermal Coal,Energy,Mr. Gautambhai Shantilal Adani S.Y. B.Com,"Ahmedabad, India",https://www.adanienterprises.com,2311.75,2238.85,2668245024768,77.16122,29.96,0.00059999997,3743.9,2025.0
2012-06-12 00:00:00+05:30,28.708127447467223,2314.95,2213.75,29.54221534729004,1376164,0.0,0.0,ADANIENT.NS,Adani Enterprises Limited,Thermal Coal,Energy,Mr. Gautambhai Shantilal Adani S.Y. B.Com,"Ahmedabad, India",https://www.adanienterprises.com,2311.75,2238.85,2668245024768,77.16122,29.96,0.00059999997,3743.9,2025.0
2012-06-13 00:00:00+05:30,29.762052328766412,2314.95,2213.75,28.95383071899414,1376164,0.0,0.0,ADANIENT.NS,Adani Enterprises Limited,Thermal Coal,Energy,Mr. Gautambhai Shantilal Adani S.Y. B.Com,"Ahmedabad, India",https://www.adanienterprises.com,2311.75,2238.85,2668245024768,77.16122,29.96,0.00059999997,3743.9,2025.0
2012-06-14 00:00:00+05:30,28.843909407421528,2314.95,2213.75,28.54001808166504,1376164,0.0,0.0,ADANIENT.NS,Adani Enterprises Limited,Thermal Coal,Energy,Mr. Gautambhai Shantilal Adani S.Y. B.Com,"Ahmedabad, India",https://www.adanienterprises.com,2311.75,2238.85,2668245024768,77.16122,29.96,0.00059999997,3743.9,2025.0
2012-06-15 00:00:00+05:30,28.708129500928074,2314.95,2213.75,28.779253005981445,1376164,0.0,0.0,ADANIENT.NS,Adani Enterprises Limited,Thermal Coal,Energy,Mr. Gautambhai Shantilal Adani S.Y. B.Com,"Ahmedabad, India",https://www.adanienterprises.com,2311.75,2238.85,2668245024768,77.16122,29.96,0.00059999997,3743.9,2025.0
2012-06-18 00:00:00+05:30,28.902102008565894,2314.95,2213.75,26.92357063293457,1376164,0.0,0.0,ADANIENT.NS,Adani Enterprises Limited,Thermal Coal,Energy,Mr. Gautambhai Shantilal Adani S.Y. B.Com,"Ahmedabad, India",https://www.adanienterprises.com,2311.75,2238.85,2668245024768,77.16122,29.96,0.00059999997,3743.9,2025.0
2012-06-19 00:00:00+05:30,27.156338909662356,2314.95,2213.75,27.033489227294922,1376164,0.0,0.0,ADANIENT.NS,Adani Enterprises Limited,Thermal Coal,Energy,Mr. Gautambhai Shantilal Adani S.Y. B.Com,"Ahmedabad, India",https://www.adanienterprises.com,2311.75,2238.85,2668245024768,77.16122,29.96,0.00059999997,3743.9,2025.0
2012-06-20 00:00:00+05:30,27.20159540134426,2314.95,2213.75,27.971025466918945,1376164,0.0,0.0,ADANIENT.NS,Adani Enterprises Limited,Thermal Coal,Energy,Mr. Gautambhai Shantilal Adani S.Y. B.Com,"Ahmedabad, India",https://www.adanienterprises.com,2311.75,2238.85,2668245024768,77.16122,29.96,0.00059999997,3743.9,2025.0
2012-06-21 00:00:00+05:30,27.93223343462265,2314.95,2213.75,28.24259376525879,1376164,0.0,0.0,ADANIENT.NS,Adani Enterprises Limited,Thermal Coal,Energy,Mr. Gautambhai Shantilal Adani S.Y. B.Com,"Ahmedabad, India",https://www.adanienterprises.com,2311.75,2238.85,2668245024768,77.16122,29.96,0.00059999997,3743.9,2025.0
2012-06-22 00:00:00+05:30,27.68006608371506,2314.95,2213.75,28.40423583984375,1376164,0.0,0.0,ADANIENT.NS,Adani Enterprises Limited,Thermal Coal,Energy,Mr. Gautambhai Shantilal Adani S.Y. B.Com,"Ahmedabad, India",https://www.adanienterprises.com,2311.75,2238.85,2668245024768,77.16122,29.96,0.00059999997,3743.9,2025.0
2012-06-25 00:00:00+05:30,28.44949796197513,2314.95,2213.75,27.356779098510742,1376164,0.0,0.0,ADANIENT.NS,Adani Enterprises Limited,Thermal Coal,Energy,Mr. Gautambhai Shantilal Adani S.Y. B.Com,"Ahmedabad, India",https://www.adanienterprises.com,2311.75,2238.85,2668245024768,77.16122,29.96,0.00059999997,3743.9,2025.0
2012-06-26 00:00:00+05:30,27.44729888429754,2314.95,2213.75,27.486093521118164,1376164,0.0,0.0,ADANIENT.NS,Adani Enterprises Limited,Thermal Coal,Energy,Mr. Gautambhai Shantilal Adani S.Y. B.Com,"Ahmedabad, India",https://www.adanienterprises.com,2311.75,2238.85,2668245024768,77.16122,29.96,0.00059999997,3743.9,2025.0
2012-06-27 00:00:00+05:30,27.621878888492883,2314.95,2213.75,28.365446090698242,1376164,0.0,0.0,ADANIENT.NS,Adani Enterprises Limited,Thermal Coal,Energy,Mr. Gautambhai Shantilal Adani S.Y. B.Com,"Ahmedabad, India",https://www.adanienterprises.com,2311.75,2238.85,2668245024768,77.16122,29.96,0.00059999997,3743.9,2025.0
2012-06-28 00:00:00+05:30,28.449496122400824,2314.95,2213.75,28.132673263549805,1376164,0.0,0.0,ADANIENT.NS,Adani Enterprises Limited,Thermal Coal,Energy,Mr. Gautambhai Shantilal Adani S.Y. B.Com,"Ahmedabad, India",https://www.adanienterprises.com,2311.75,2238.85,2668245024768,77.16122,29.96,0.00059999997,3743.9,2025.0
2012-06-29 00:00:00+05:30,28.449501935446765,2314.95,2213.75,28.759859085083008,1376164,0.0,0.0,ADANIENT.NS,Adani Enterprises Limited,Thermal Coal,Energy,Mr. Gautambhai Shantilal Adani S.Y. B.Com,"Ahmedabad, India",https://www.adanienterprises.com,2311.75,2238.85,2668245024768,77.16122,29.96,0.00059999997,3743.9,2025.0
2012-07-02 00:00:00+05:30,28.966764972949374,2314.95,2213.75,30.389238357543945,1376164,0.0,0.0,ADANIENT.NS,Adani Enterprises Limited,Thermal Coal,Energy,Mr. Gautambhai Shantilal Adani S.Y. B.Com,"Ahmedabad, India",https://www.adanienterprises.com,2311.75,2238.85,2668245024768,77.16122,29.96,0.00059999997,3743.9,2025.0
2012-07-03 00:00:00+05:30,30.570276007678448,2314.95,2213.75,30.796581268310547,1376164,0.0,0.0,ADANIENT.NS,Adani Enterprises Limited,Thermal Coal,Energy,Mr. Gautambhai Shantilal Adani S.Y. B.Com,"Ahmedabad, India",https://www.adanienterprises.com,2311.75,2238.85,2668245024768,77.16122,29.96,0.00059999997,3743.9,2025.0
2012-07-04 00:00:00+05:30,30.906493142833618,2314.95,2213.75,30.71251678466797,1376164,0.0,0.0,ADANIENT.NS,Adani Enterprises Limited,Thermal Coal,Energy,Mr. Gautambhai Shantilal Adani S.Y. B.Com,"Ahmedabad, India",https://www.adanienterprises.com,2311.75,2238.85,2668245024768,77.16122,29.96,0.00059999997,3743.9,2025.0
2012-07-05 00:00:00+05:30,30.7771866129117,2314.95,2213.75,30.893573760986328,1376164,0.0,0.0,ADANIENT.NS,Adani Enterprises Limited,Thermal Coal,Energy,Mr. Gautambhai Shantilal Adani S.Y. B.Com,"Ahmedabad, India",https://www.adanienterprises.com,2311.75,2238.85,2668245024768,77.16122,29.96,0.00059999997,3743.9,2025.0
2012-07-06 00:00:00+05:30,30.854773493164092,2314.95,2213.75,30.305179595947266,1376164,0.0,0.0,ADANIENT.NS,Adani Enterprises Limited,Thermal Coal,Energy,Mr. Gautambhai Shantilal Adani S.Y. B.Com,"Ahmedabad, India",https://www.adanienterprises.com,2311.75,2238.85,2668245024768,77.16122,29.96,0.00059999997,3743.9,2025.0
2012-07-09 00:00:00+05:30,30.259924910604855,2314.95,2213.75,28.992630004882812,1376164,0.0,0.0,ADANIENT.NS,Adani Enterprises Limited,Thermal Coal,Energy,Mr. Gautambhai Shantilal Adani S.Y. B.Com,"Ahmedabad, India",https://www.adanienterprises.com,2311.75,2238.85,2668245024768,77.16122,29.96,0.00059999997,3743.9,2025.0
2012-07-10 00:00:00+05:30,28.966762936165715,2314.95,2213.75,29.606874465942383,1376164,0.0,0.0,ADANIENT.NS,Adani Enterprises Limited,Thermal Coal,Energy,Mr. Gautambhai Shantilal Adani S.Y. B.Com,"Ahmedabad, India",https://www.adanienterprises.com,2311.75,2238.85,2668245024768,77.16122,29.96,0.00059999997,3743.9,2025.0
2012-07-11 00:00:00+05:30,29.484024538736453,2314.95,2213.75,29.684463500976562,1376164,0.0,0.0,ADANIENT.NS,Adani Enterprises Limited,Thermal Coal,Energy,Mr. Gautambhai Shantilal Adani S.Y. B.Com,"Ahmedabad, India",https://www.adanienterprises.com,2311.75,2238.85,2668245024768,77.16122,29.96,0.00059999997,3743.9,2025.0
2012-07-12 00:00:00+05:30,29.302982913595894,2314.95,2213.75,29.063749313354492,1376164,0.0,0.0,ADANIENT.NS,Adani Enterprises Limited,Thermal Coal,Energy,Mr. Gautambhai Shantilal Adani S.Y. B.Com,"Ahmedabad, India",https://www.adanienterprises.com,2311.75,2238.85,2668245024768,77.16122,29.96,0.00059999997,3743.9,2025.0
2012-07-13 00:00:00+05:30,29.096076619125757,2314.95,2213.75,28.753387451171875,1376164,0.0,0.0,ADANIENT.NS,Adani Enterprises Limited,Thermal Coal,Energy,Mr. Gautambhai Shantilal Adani S.Y. B.Com,"Ahmedabad, India",https://www.adanienterprises.com,2311.75,2238.85,2668245024768,77.16122,29.96,0.00059999997,3743.9,2025.0
2012-07-16 00:00:00+05:30,28.695197375525645,2314.95,2213.75,27.44729995727539,1376164,0.0,0.0,ADANIENT.NS,Adani Enterprises Limited,Thermal Coal,Energy,Mr. Gautambhai Shantilal Adani S.Y. B.Com,"Ahmedabad, India",https://www.adanienterprises.com,2311.75,2238.85,2668245024768,77.16122,29.96,0.00059999997,3743.9,2025.0
2012-07-17 00:00:00+05:30,27.4796275367656,2314.95,2213.75,25.151941299438477,1376164,0.0,0.0,ADANIENT.NS,Adani Enterprises Limited,Thermal Coal,Energy,Mr. Gautambhai Shantilal Adani S.Y. B.Com,"Ahmedabad, India",https://www.adanienterprises.com,2311.75,2238.85,2668245024768,77.16122,29.96,0.00059999997,3743.9,2025.0
2012-07-18 00:00:00+05:30,25.345915014145568,2314.95,2213.75,25.695068359375,1376164,0.0,0.0,ADANIENT.NS,Adani Enterprises Limited,Thermal Coal,Energy,Mr. Gautambhai Shantilal Adani S.Y. B.Com,"Ahmedabad, India",https://www.adanienterprises.com,2311.75,2238.85,2668245024768,77.16122,29.96,0.00059999997,3743.9,2025.0
2012-07-19 00:00:00+05:30,25.8631781560792,2314.95,2213.75,25.326519012451172,1376164,0.0,0.0,ADANIENT.NS,Adani Enterprises Limited,Thermal Coal,Energy,Mr. Gautambhai Shantilal Adani S.Y. B.Com,"Ahmedabad, India",https://www.adanienterprises.com,2311.75,2238.85,2668245024768,77.16122,29.96,0.00059999997,3743.9,2025.0
2012-07-20 00:00:00+05:30,25.34591400529909,2314.95,2213.75,25.307119369506836,1376164,0.0,0.0,ADANIENT.NS,Adani Enterprises Limited,Thermal Coal,Energy,Mr. Gautambhai Shantilal Adani S.Y. B.Com,"Ahmedabad, India",https://www.adanienterprises.com,2311.75,2238.85,2668245024768,77.16122,29.96,0.00059999997,3743.9,2025.0
2012-07-23 00:00:00+05:30,25.08728531827755,2314.95,2213.75,24.80278968811035,1376164,0.0,0.0,ADANIENT.NS,Adani Enterprises Limited,Thermal Coal,Energy,Mr. Gautambhai Shantilal Adani S.Y. B.Com,"Ahmedabad, India",https://www.adanienterprises.com,2311.75,2238.85,2668245024768,77.16122,29.96,0.00059999997,3743.9,2025.0
2012-07-24 00:00:00+05:30,24.828652697152453,2314.95,2213.75,24.87391471862793,1376164,0.0,0.0,ADANIENT.NS,Adani Enterprises Limited,Thermal Coal,Energy,Mr. Gautambhai Shantilal Adani S.Y. B.Com,"Ahmedabad, India",https://www.adanienterprises.com,2311.75,2238.85,2668245024768,77.16122,29.96,0.00059999997,3743.9,2025.0
2012-07-25 00:00:00+05:30,25.235996321388036,2314.95,2213.75,24.544157028198242,1376164,0.0,0.0,ADANIENT.NS,Adani Enterprises Limited,Thermal Coal,Energy,Mr. Gautambhai Shantilal Adani S.Y. B.Com,"Ahmedabad, India",https://www.adanienterprises.com,2311.75,2238.85,2668245024768,77.16122,29.96,0.00059999997,3743.9,2025.0
2012-07-26 00:00:00+05:30,24.893305362860232,2314.95,2213.75,23.373844146728516,1376164,0.0,0.0,ADANIENT.NS,Adani Enterprises Limited,Thermal Coal,Energy,Mr. Gautambhai Shantilal Adani S.Y. B.Com,"Ahmedabad, India",https://www.adanienterprises.com,2311.75,2238.85,2668245024768,77.16122,29.96,0.00059999997,3743.9,2025.0
2012-07-27 00:00:00+05:30,23.5742880502663,2314.95,2213.75,22.40397834777832,1376164,0.0,0.0,ADANIENT.NS,Adani Enterprises Limited,Thermal Coal,Energy,Mr. Gautambhai Shantilal Adani S.Y. B.Com,"Ahmedabad, India",https://www.adanienterprises.com,2311.75,2238.85,2668245024768,77.16122,29.96,0.00059999997,3743.9,2025.0
2012-07-30 00:00:00+05:30,22.500965403664683,2314.95,2213.75,23.031160354614258,1376164,0.0,0.0,ADANIENT.NS,Adani Enterprises Limited,Thermal Coal,Energy,Mr. Gautambhai Shantilal Adani S.Y. B.Com,"Ahmedabad, India",https://www.adanienterprises.com,2311.75,2238.85,2668245024768,77.16122,29.96,0.00059999997,3743.9,2025.0
2012-07-31 00:00:00+05:30,23.11521527716781,2314.95,2213.75,23.39324188232422,1376164,0.0,0.0,ADANIENT.NS,Adani Enterprises Limited,Thermal Coal,Energy,Mr. Gautambhai Shantilal Adani S.Y. B.Com,"Ahmedabad, India",https://www.adanienterprises.com,2311.75,2238.85,2668245024768,77.16122,29.96,0.00059999997,3743.9,2025.0
2012-08-01 00:00:00+05:30,23.464368551421842,2314.95,2213.75,23.968700408935547,1376164,0.0,0.0,ADANIENT.NS,Adani Enterprises Limited,Thermal Coal,Energy,Mr. Gautambhai Shantilal Adani S.Y. B.Com,"Ahmedabad, India",https://www.adanienterprises.com,2311.75,2238.85,2668245024768,77.16122,29.96,0.00059999997,3743.9,2025.0
2012-08-02 00:00:00+05:30,24.836465006082484,2314.95,2213.75,24.896780014038086,1376164,1.0,0.0,ADANIENT.NS,Adani Enterprises Limited,Thermal Coal,Energy,Mr. Gautambhai Shantilal Adani S.Y. B.Com,"Ahmedabad, India",https://www.adanienterprises.com,2311.75,2238.85,2668245024768,77.16122,29.96,0.00059999997,3743.9,2025.0
2012-08-03 00:00:00+05:30,24.823061202023695,2314.95,2213.75,24.099279403686523,1376164,0.0,0.0,ADANIENT.NS,Adani Enterprises Limited,Thermal Coal,Energy,Mr. Gautambhai Shantilal Adani S.Y. B.Com,"Ahmedabad, India",https://www.adanienterprises.com,2311.75,2238.85,2668245024768,77.16122,29.96,0.00059999997,3743.9,2025.0
2012-08-06 00:00:00+05:30,24.126087029060148,2314.95,2213.75,24.260120391845703,1376164,0.0,0.0,ADANIENT.NS,Adani Enterprises Limited,Thermal Coal,Energy,Mr. Gautambhai Shantilal Adani S.Y. B.Com,"Ahmedabad, India",https://www.adanienterprises.com,2311.75,2238.85,2668245024768,77.16122,29.96,0.00059999997,3743.9,2025.0
2012-08-07 00:00:00+05:30,24.394158430744792,2314.95,2213.75,24.48798179626465,1376164,0.0,0.0,ADANIENT.NS,Adani Enterprises Limited,Thermal Coal,Energy,Mr. Gautambhai Shantilal Adani S.Y. B.Com,"Ahmedabad, India",https://www.adanienterprises.com,2311.75,2238.85,2668245024768,77.16122,29.96,0.00059999997,3743.9,2025.0
2012-08-08 00:00:00+05:30,24.521485952703127,2314.95,2213.75,24.266820907592773,1376164,0.0,0.0,ADANIENT.NS,Adani Enterprises Limited,Thermal Coal,Energy,Mr. Gautambhai Shantilal Adani S.Y. B.Com,"Ahmedabad, India",https://www.adanienterprises.com,2311.75,2238.85,2668245024768,77.16122,29.96,0.00059999997,3743.9,2025.0
2012-08-09 00:00:00+05:30,24.26012103992567,2314.95,2213.75,23.844615936279297,1376164,0.0,0.0,ADANIENT.NS,Adani Enterprises Limited,Thermal Coal,Energy,Mr. Gautambhai Shantilal Adani S.Y. B.Com,"Ahmedabad, India",https://www.adanienterprises.com,2311.75,2238.85,2668245024768,77.16122,29.96,0.00059999997,3743.9,2025.0
2012-08-10 00:00:00+05:30,23.85802253648501,2314.95,2213.75,23.791004180908203,1376164,0.0,0.0,ADANIENT.NS,Adani Enterprises Limited,Thermal Coal,Energy,Mr. Gautambhai Shantilal Adani S.Y. B.Com,"Ahmedabad, India",https://www.adanienterprises.com,2311.75,2238.85,2668245024768,77.16122,29.96,0.00059999997,3743.9,2025.0
2012-08-13 00:00:00+05:30,23.737387800925106,2314.95,2213.75,24.521486282348633,1376164,0.0,0.0,ADANIENT.NS,Adani Enterprises Limited,Thermal Coal,Energy,Mr. Gautambhai Shantilal Adani S.Y. B.Com,"Ahmedabad, India",https://www.adanienterprises.com,2311.75,2238.85,2668245024768,77.16122,29.96,0.00059999997,3743.9,2025.0
2012-08-14 00:00:00+05:30,24.528190373235592,2314.95,2213.75,25.707687377929688,1376164,0.0,0.0,ADANIENT.NS,Adani Enterprises Limited,Thermal Coal,Energy,Mr. Gautambhai Shantilal Adani S.Y. B.Com,"Ahmedabad, India",https://www.adanienterprises.com,2311.75,2238.85,2668245024768,77.16122,29.96,0.00059999997,3743.9,2025.0
2012-08-16 00:00:00+05:30,25.734491503328776,2314.95,2213.75,25.6004581451416,1376164,0.0,0.0,ADANIENT.NS,Adani Enterprises Limited,Thermal Coal,Energy,Mr. Gautambhai Shantilal Adani S.Y. B.Com,"Ahmedabad, India",https://www.adanienterprises.com,2311.75,2238.85,2668245024768,77.16122,29.96,0.00059999997,3743.9,2025.0
2012-08-17 00:00:00+05:30,25.506634760828636,2314.95,2213.75,24.554994583129883,1376164,0.0,0.0,ADANIENT.NS,Adani Enterprises Limited,Thermal Coal,Energy,Mr. Gautambhai Shantilal Adani S.Y. B.Com,"Ahmedabad, India",https://www.adanienterprises.com,2311.75,2238.85,2668245024768,77.16122,29.96,0.00059999997,3743.9,2025.0
2012-08-21 00:00:00+05:30,24.534892297971197,2314.95,2213.75,24.816362380981445,1376164,0.0,0.0,ADANIENT.NS,Adani Enterprises Limited,Thermal Coal,Energy,Mr. Gautambhai Shantilal Adani S.Y. B.Com,"Ahmedabad, India",https://www.adanienterprises.com,2311.75,2238.85,2668245024768,77.16122,29.96,0.00059999997,3743.9,2025.0
2012-08-22 00:00:00+05:30,24.86327163125288,2314.95,2213.75,24.374048233032227,1376164,0.0,0.0,ADANIENT.NS,Adani Enterprises Limited,Thermal Coal,Energy,Mr. Gautambhai Shantilal Adani S.Y. B.Com,"Ahmedabad, India",https://www.adanienterprises.com,2311.75,2238.85,2668245024768,77.16122,29.96,0.00059999997,3743.9,2025.0
2012-08-23 00:00:00+05:30,24.266822221980803,2314.95,2213.75,23.92503547668457,1376164,0.0,0.0,ADANIENT.NS,Adani Enterprises Limited,Thermal Coal,Energy,Mr. Gautambhai Shantilal Adani S.Y. B.Com,"Ahmedabad, India",https://www.adanienterprises.com,2311.75,2238.85,2668245024768,77.16122,29.96,0.00059999997,3743.9,2025.0
2012-08-24 00:00:00+05:30,23.85801719039278,2314.95,2213.75,23.422407150268555,1376164,0.0,0.0,ADANIENT.NS,Adani Enterprises Limited,Thermal Coal,Energy,Mr. Gautambhai Shantilal Adani S.Y. B.Com,"Ahmedabad, India",https://www.adanienterprises.com,2311.75,2238.85,2668245024768,77.16122,29.96,0.00059999997,3743.9,2025.0
2012-08-27 00:00:00+05:30,23.4559164608747,2314.95,2213.75,21.324779510498047,1376164,0.0,0.0,ADANIENT.NS,Adani Enterprises Limited,Thermal Coal,Energy,Mr. Gautambhai Shantilal Adani S.Y. B.Com,"Ahmedabad, India",https://www.adanienterprises.com,2311.75,2238.85,2668245024768,77.16122,29.96,0.00059999997,3743.9,2025.0
2012-08-28 00:00:00+05:30,21.311375279377927,2314.95,2213.75,20.895870208740234,1376164,0.0,0.0,ADANIENT.NS,Adani Enterprises Limited,Thermal Coal,Energy,Mr. Gautambhai Shantilal Adani S.Y. B.Com,"Ahmedabad, India",https://www.adanienterprises.com,2311.75,2238.85,2668245024768,77.16122,29.96,0.00059999997,3743.9,2025.0
2012-08-29 00:00:00+05:30,20.942783482345547,2314.95,2213.75,20.721630096435547,1376164,0.0,0.0,ADANIENT.NS,Adani Enterprises Limited,Thermal Coal,Energy,Mr. Gautambhai Shantilal Adani S.Y. B.Com,"Ahmedabad, India",https://www.adanienterprises.com,2311.75,2238.85,2668245024768,77.16122,29.96,0.00059999997,3743.9,2025.0
2012-08-30 00:00:00+05:30,20.775239750008343,2314.95,2213.75,20.822153091430664,1376164,0.0,0.0,ADANIENT.NS,Adani Enterprises Limited,Thermal Coal,Energy,Mr. Gautambhai Shantilal Adani S.Y. B.Com,"Ahmedabad, India",https://www.adanienterprises.com,2311.75,2238.85,2668245024768,77.16122,29.96,0.00059999997,3743.9,2025.0
2012-08-31 00:00:00+05:30,20.77524082149359,2314.95,2213.75,20.882469177246094,1376164,0.0,0.0,ADANIENT.NS,Adani Enterprises Limited,Thermal Coal,Energy,Mr. Gautambhai Shantilal Adani S.Y. B.Com,"Ahmedabad, India",https://www.adanienterprises.com,2311.75,2238.85,2668245024768,77.16122,29.96,0.00059999997,3743.9,2025.0
2012-09-03 00:00:00+05:30,21.043308101062294,2314.95,2213.75,21.056713104248047,1376164,0.0,0.0,ADANIENT.NS,Adani Enterprises Limited,Thermal Coal,Energy,Mr. Gautambhai Shantilal Adani S.Y. B.Com,"Ahmedabad, India",https://www.adanienterprises.com,2311.75,2238.85,2668245024768,77.16122,29.96,0.00059999997,3743.9,2025.0
2012-09-04 00:00:00+05:30,21.016501793787466,2314.95,2213.75,21.197446823120117,1376164,0.0,0.0,ADANIENT.NS,Adani Enterprises Limited,Thermal Coal,Energy,Mr. Gautambhai Shantilal Adani S.Y. B.Com,"Ahmedabad, India",https://www.adanienterprises.com,2311.75,2238.85,2668245024768,77.16122,29.96,0.00059999997,3743.9,2025.0
2012-09-05 00:00:00+05:30,21.063417443204692,2314.95,2213.75,20.694822311401367,1376164,0.0,0.0,ADANIENT.NS,Adani Enterprises Limited,Thermal Coal,Energy,Mr. Gautambhai Shantilal Adani S.Y. B.Com,"Ahmedabad, India",https://www.adanienterprises.com,2311.75,2238.85,2668245024768,77.16122,29.96,0.00059999997,3743.9,2025.0
2012-09-06 00:00:00+05:30,20.822152611834344,2314.95,2213.75,20.58089256286621,1376164,0.0,0.0,ADANIENT.NS,Adani Enterprises Limited,Thermal Coal,Energy,Mr. Gautambhai Shantilal Adani S.Y. B.Com,"Ahmedabad, India",https://www.adanienterprises.com,2311.75,2238.85,2668245024768,77.16122,29.96,0.00059999997,3743.9,2025.0
2012-09-07 00:00:00+05:30,20.64120481559853,2314.95,2213.75,20.79534149169922,1376164,0.0,0.0,ADANIENT.NS,Adani Enterprises Limited,Thermal Coal,Energy,Mr. Gautambhai Shantilal Adani S.Y. B.Com,"Ahmedabad, India",https://www.adanienterprises.com,2311.75,2238.85,2668245024768,77.16122,29.96,0.00059999997,3743.9,2025.0
2012-09-10 00:00:00+05:30,20.77524034785159,2314.95,2213.75,22.799152374267578,1376164,0.0,0.0,ADANIENT.NS,Adani Enterprises Limited,Thermal Coal,Energy,Mr. Gautambhai Shantilal Adani S.Y. B.Com,"Ahmedabad, India",https://www.adanienterprises.com,2311.75,2238.85,2668245024768,77.16122,29.96,0.00059999997,3743.9,2025.0
2012-09-11 00:00:00+05:30,22.78574862428612,2314.95,2213.75,24.059070587158203,1376164,0.0,0.0,ADANIENT.NS,Adani Enterprises Limited,Thermal Coal,Energy,Mr. Gautambhai Shantilal Adani S.Y. B.Com,"Ahmedabad, India",https://www.adanienterprises.com,2311.75,2238.85,2668245024768,77.16122,29.96,0.00059999997,3743.9,2025.0
2012-09-12 00:00:00+05:30,24.12608646222245,2314.95,2213.75,23.56314468383789,1376164,0.0,0.0,ADANIENT.NS,Adani Enterprises Limited,Thermal Coal,Energy,Mr. Gautambhai Shantilal Adani S.Y. B.Com,"Ahmedabad, India",https://www.adanienterprises.com,2311.75,2238.85,2668245024768,77.16122,29.96,0.00059999997,3743.9,2025.0
2012-09-13 00:00:00+05:30,23.53633695669354,2314.95,2213.75,23.824508666992188,1376164,0.0,0.0,ADANIENT.NS,Adani Enterprises Limited,Thermal Coal,Energy,Mr. Gautambhai Shantilal Adani S.Y. B.Com,"Ahmedabad, India",https://www.adanienterprises.com,2311.75,2238.85,2668245024768,77.16122,29.96,0.00059999997,3743.9,2025.0
2012-09-14 00:00:00+05:30,24.12608577736785,2314.95,2213.75,25.3256893157959,1376164,0.0,0.0,ADANIENT.NS,Adani Enterprises Limited,Thermal Coal,Energy,Mr. Gautambhai Shantilal Adani S.Y. B.Com,"Ahmedabad, India",https://www.adanienterprises.com,2311.75,2238.85,2668245024768,77.16122,29.96,0.00059999997,3743.9,2025.0
2012-09-17 00:00:00+05:30,25.479829776648522,2314.95,2213.75,25.801509857177734,1376164,0.0,0.0,ADANIENT.NS,Adani Enterprises Limited,Thermal Coal,Energy,Mr. Gautambhai Shantilal Adani S.Y. B.Com,"Ahmedabad, India",https://www.adanienterprises.com,2311.75,2238.85,2668245024768,77.16122,29.96,0.00059999997,3743.9,2025.0
2012-09-18 00:00:00+05:30,25.80150672385085,2314.95,2213.75,26.310836791992188,1376164,0.0,0.0,ADANIENT.NS,Adani Enterprises Limited,Thermal Coal,Energy,Mr. Gautambhai Shantilal Adani S.Y. B.Com,"Ahmedabad, India",https://www.adanienterprises.com,2311.75,2238.85,2668245024768,77.16122,29.96,0.00059999997,3743.9,2025.0
2012-09-20 00:00:00+05:30,26.270625236141942,2314.95,2213.75,26.766551971435547,1376164,0.0,0.0,ADANIENT.NS,Adani Enterprises Limited,Thermal Coal,Energy,Mr. Gautambhai Shantilal Adani S.Y. B.Com,"Ahmedabad, India",https://www.adanienterprises.com,2311.75,2238.85,2668245024768,77.16122,29.96,0.00059999997,3743.9,2025.0
2012-09-21 00:00:00+05:30,26.80676132321778,2314.95,2213.75,27.215564727783203,1376164,0.0,0.0,ADANIENT.NS,Adani Enterprises Limited,Thermal Coal,Energy,Mr. Gautambhai Shantilal Adani S.Y. B.Com,"Ahmedabad, India",https://www.adanienterprises.com,2311.75,2238.85,2668245024768,77.16122,29.96,0.00059999997,3743.9,2025.0
2012-09-24 00:00:00+05:30,27.30268573375657,2314.95,2213.75,26.672725677490234,1376164,0.0,0.0,ADANIENT.NS,Adani Enterprises Limited,Thermal Coal,Energy,Mr. Gautambhai Shantilal Adani S.Y. B.Com,"Ahmedabad, India",https://www.adanienterprises.com,2311.75,2238.85,2668245024768,77.16122,29.96,0.00059999997,3743.9,2025.0
2012-09-25 00:00:00+05:30,26.73974673248326,2314.95,2213.75,26.846973419189453,1376164,0.0,0.0,ADANIENT.NS,Adani Enterprises Limited,Thermal Coal,Energy,Mr. Gautambhai Shantilal Adani S.Y. B.Com,"Ahmedabad, India",https://www.adanienterprises.com,2311.75,2238.85,2668245024768,77.16122,29.96,0.00059999997,3743.9,2025.0
2012-09-26 00:00:00+05:30,26.85367632331643,2314.95,2213.75,26.57220458984375,1376164,0.0,0.0,ADANIENT.NS,Adani Enterprises Limited,Thermal Coal,Energy,Mr. Gautambhai Shantilal Adani S.Y. B.Com,"Ahmedabad, India",https://www.adanienterprises.com,2311.75,2238.85,2668245024768,77.16122,29.96,0.00059999997,3743.9,2025.0
2012-09-27 00:00:00+05:30,26.666025171109226,2314.95,2213.75,26.310836791992188,1376164,0.0,0.0,ADANIENT.NS,Adani Enterprises Limited,Thermal Coal,Energy,Mr. Gautambhai Shantilal Adani S.Y. B.Com,"Ahmedabad, India",https://www.adanienterprises.com,2311.75,2238.85,2668245024768,77.16122,29.96,0.00059999997,3743.9,2025.0
2012-09-28 00:00:00+05:30,26.51859115877309,2314.95,2213.75,26.960901260375977,1376164,0.0,0.0,ADANIENT.NS,Adani Enterprises Limited,Thermal Coal,Energy,Mr. Gautambhai Shantilal Adani S.Y. B.Com,"Ahmedabad, India",https://www.adanienterprises.com,2311.75,2238.85,2668245024768,77.16122,29.96,0.00059999997,3743.9,2025.0
2012-10-01 00:00:00+05:30,26.940799826003104,2314.95,2213.75,26.55210304260254,1376164,0.0,0.0,ADANIENT.NS,Adani Enterprises Limited,Thermal Coal,Energy,Mr. Gautambhai Shantilal Adani S.Y. B.Com,"Ahmedabad, India",https://www.adanienterprises.com,2311.75,2238.85,2668245024768,77.16122,29.96,0.00059999997,3743.9,2025.0
2012-10-03 00:00:00+05:30,26.69953524098944,2314.95,2213.75,27.959455490112305,1376164,0.0,0.0,ADANIENT.NS,Adani Enterprises Limited,Thermal Coal,Energy,Mr. Gautambhai Shantilal Adani S.Y. B.Com,"Ahmedabad, India",https://www.adanienterprises.com,2311.75,2238.85,2668245024768,77.16122,29.96,0.00059999997,3743.9,2025.0
2012-10-04 00:00:00+05:30,28.02646935807676,2314.95,2213.75,30.177711486816406,1376164,0.0,0.0,ADANIENT.NS,Adani Enterprises Limited,Thermal Coal,Energy,Mr. Gautambhai Shantilal Adani S.Y. B.Com,"Ahmedabad, India",https://www.adanienterprises.com,2311.75,2238.85,2668245024768,77.16122,29.96,0.00059999997,3743.9,2025.0
2012-10-05 00:00:00+05:30,30.64013147001114,2314.95,2213.75,31.571666717529297,1376164,0.0,0.0,ADANIENT.NS,Adani Enterprises Limited,Thermal Coal,Energy,Mr. Gautambhai Shantilal Adani S.Y. B.Com,"Ahmedabad, India",https://www.adanienterprises.com,2311.75,2238.85,2668245024768,77.16122,29.96,0.00059999997,3743.9,2025.0
2012-10-08 00:00:00+05:30,31.47113600089472,2314.95,2213.75,30.47258758544922,1376164,0.0,0.0,ADANIENT.NS,Adani Enterprises Limited,Thermal Coal,Energy,Mr. Gautambhai Shantilal Adani S.Y. B.Com,"Ahmedabad, India",https://www.adanienterprises.com,2311.75,2238.85,2668245024768,77.16122,29.96,0.00059999997,3743.9,2025.0
2012-10-09 00:00:00+05:30,30.55300153246441,2314.95,2213.75,29.52764320373535,1376164,0.0,0.0,ADANIENT.NS,Adani Enterprises Limited,Thermal Coal,Energy,Mr. Gautambhai Shantilal Adani S.Y. B.Com,"Ahmedabad, India",https://www.adanienterprises.com,2311.75,2238.85,2668245024768,77.16122,29.96,0.00059999997,3743.9,2025.0
2012-10-10 00:00:00+05:30,29.340002308399583,2314.95,2213.75,28.301237106323242,1376164,0.0,0.0,ADANIENT.NS,Adani Enterprises Limited,Thermal Coal,Energy,Mr. Gautambhai Shantilal Adani S.Y. B.Com,"Ahmedabad, India",https://www.adanienterprises.com,2311.75,2238.85,2668245024768,77.16122,29.96,0.00059999997,3743.9,2025.0
2012-10-11 00:00:00+05:30,28.415169146062407,2314.95,2213.75,30.20452117919922,1376164,0.0,0.0,ADANIENT.NS,Adani Enterprises Limited,Thermal Coal,Energy,Mr. Gautambhai Shantilal Adani S.Y. B.Com,"Ahmedabad, India",https://www.adanienterprises.com,2311.75,2238.85,2668245024768,77.16122,29.96,0.00059999997,3743.9,2025.0
2012-10-12 00:00:00+05:30,30.157610219273888,2314.95,2213.75,29.842628479003906,1376164,0.0,0.0,ADANIENT.NS,Adani Enterprises Limited,Thermal Coal,Energy,Mr. Gautambhai Shantilal Adani S.Y. B.Com,"Ahmedabad, India",https://www.adanienterprises.com,2311.75,2238.85,2668245024768,77.16122,29.96,0.00059999997,3743.9,2025.0
2012-10-15 00:00:00+05:30,29.869433110735844,2314.95,2213.75,29.621471405029297,1376164,0.0,0.0,ADANIENT.NS,Adani Enterprises Limited,Thermal Coal,Energy,Mr. Gautambhai Shantilal Adani S.Y. B.Com,"Ahmedabad, India",https://www.adanienterprises.com,2311.75,2238.85,2668245024768,77.16122,29.96,0.00059999997,3743.9,2025.0
2012-10-16 00:00:00+05:30,29.219368097453366,2314.95,2213.75,28.730146408081055,1376164,0.0,0.0,ADANIENT.NS,Adani Enterprises Limited,Thermal Coal,Energy,Mr. Gautambhai Shantilal Adani S.Y. B.Com,"Ahmedabad, India",https://www.adanienterprises.com,2311.75,2238.85,2668245024768,77.16122,29.96,0.00059999997,3743.9,2025.0
2012-10-17 00:00:00+05:30,28.951303447307712,2314.95,2213.75,28.663131713867188,1376164,0.0,0.0,ADANIENT.NS,Adani Enterprises Limited,Thermal Coal,Energy,Mr. Gautambhai Shantilal Adani S.Y. B.Com,"Ahmedabad, India",https://www.adanienterprises.com,2311.75,2238.85,2668245024768,77.16122,29.96,0.00059999997,3743.9,2025.0
2012-10-18 00:00:00+05:30,28.817264264099638,2314.95,2213.75,29.58795928955078,1376164,0.0,0.0,ADANIENT.NS,Adani Enterprises Limited,Thermal Coal,Energy,Mr. Gautambhai Shantilal Adani S.Y. B.Com,"Ahmedabad, India",https://www.adanienterprises.com,2311.75,2238.85,2668245024768,77.16122,29.96,0.00059999997,3743.9,2025.0
2012-10-19 00:00:00+05:30,29.4204181458732,2314.95,2213.75,28.971403121948242,1376164,0.0,0.0,ADANIENT.NS,Adani Enterprises Limited,Thermal Coal,Energy,Mr. Gautambhai Shantilal Adani S.Y. B.Com,"Ahmedabad, India",https://www.adanienterprises.com,2311.75,2238.85,2668245024768,77.16122,29.96,0.00059999997,3743.9,2025.0
2012-10-22 00:00:00+05:30,28.817271366150337,2314.95,2213.75,29.93645668029785,1376164,0.0,0.0,ADANIENT.NS,Adani Enterprises Limited,Thermal Coal,Energy,Mr. Gautambhai Shantilal Adani S.Y. B.Com,"Ahmedabad, India",https://www.adanienterprises.com,2311.75,2238.85,2668245024768,77.16122,29.96,0.00059999997,3743.9,2025.0
2012-10-23 00:00:00+05:30,30.1240997624371,2314.95,2213.75,30.010168075561523,1376164,0.0,0.0,ADANIENT.NS,Adani Enterprises Limited,Thermal Coal,Energy,Mr. Gautambhai Shantilal Adani S.Y. B.Com,"Ahmedabad, India",https://www.adanienterprises.com,2311.75,2238.85,2668245024768,77.16122,29.96,0.00059999997,3743.9,2025.0
2012-10-25 00:00:00+05:30,30.077186865642165,2314.95,2213.75,29.728696823120117,1376164,0.0,0.0,ADANIENT.NS,Adani Enterprises Limited,Thermal Coal,Energy,Mr. Gautambhai Shantilal Adani S.Y. B.Com,"Ahmedabad, India",https://www.adanienterprises.com,2311.75,2238.85,2668245024768,77.16122,29.96,0.00059999997,3743.9,2025.0
2012-10-29 00:00:00+05:30,29.152356905390338,2314.95,2213.75,28.917795181274414,1376164,0.0,0.0,ADANIENT.NS,Adani Enterprises Limited,Thermal Coal,Energy,Mr. Gautambhai Shantilal Adani S.Y. B.Com,"Ahmedabad, India",https://www.adanienterprises.com,2311.75,2238.85,2668245024768,77.16122,29.96,0.00059999997,3743.9,2025.0
2012-10-30 00:00:00+05:30,28.897691096449503,2314.95,2213.75,28.790464401245117,1376164,0.0,0.0,ADANIENT.NS,Adani Enterprises Limited,Thermal Coal,Energy,Mr. Gautambhai Shantilal Adani S.Y. B.Com,"Ahmedabad, India",https://www.adanienterprises.com,2311.75,2238.85,2668245024768,77.16122,29.96,0.00059999997,3743.9,2025.0
2012-10-31 00:00:00+05:30,28.817264606761594,2314.95,2213.75,28.864179611206055,1376164,0.0,0.0,ADANIENT.NS,Adani Enterprises Limited,Thermal Coal,Energy,Mr. Gautambhai Shantilal Adani S.Y. B.Com,"Ahmedabad, India",https://www.adanienterprises.com,2311.75,2238.85,2668245024768,77.16122,29.96,0.00059999997,3743.9,2025.0
2012-11-01 00:00:00+05:30,28.937902549858492,2314.95,2213.75,30.23802947998047,1376164,0.0,0.0,ADANIENT.NS,Adani Enterprises Limited,Thermal Coal,Energy,Mr. Gautambhai Shantilal Adani S.Y. B.Com,"Ahmedabad, India",https://www.adanienterprises.com,2311.75,2238.85,2668245024768,77.16122,29.96,0.00059999997,3743.9,2025.0
2012-11-02 00:00:00+05:30,30.439073826704227,2314.95,2213.75,30.17100715637207,1376164,0.0,0.0,ADANIENT.NS,Adani Enterprises Limited,Thermal Coal,Energy,Mr. Gautambhai Shantilal Adani S.Y. B.Com,"Ahmedabad, India",https://www.adanienterprises.com,2311.75,2238.85,2668245024768,77.16122,29.96,0.00059999997,3743.9,2025.0
2012-11-05 00:00:00+05:30,30.184415574950098,2314.95,2213.75,30.063785552978516,1376164,0.0,0.0,ADANIENT.NS,Adani Enterprises Limited,Thermal Coal,Energy,Mr. Gautambhai Shantilal Adani S.Y. B.Com,"Ahmedabad, India",https://www.adanienterprises.com,2311.75,2238.85,2668245024768,77.16122,29.96,0.00059999997,3743.9,2025.0
2012-11-06 00:00:00+05:30,30.15090630955055,2314.95,2213.75,30.54630470275879,1376164,0.0,0.0,ADANIENT.NS,Adani Enterprises Limited,Thermal Coal,Energy,Mr. Gautambhai Shantilal Adani S.Y. B.Com,"Ahmedabad, India",https://www.adanienterprises.com,2311.75,2238.85,2668245024768,77.16122,29.96,0.00059999997,3743.9,2025.0
2012-11-07 00:00:00+05:30,30.626726468710405,2314.95,2213.75,30.680339813232422,1376164,0.0,0.0,ADANIENT.NS,Adani Enterprises Limited,Thermal Coal,Energy,Mr. Gautambhai Shantilal Adani S.Y. B.Com,"Ahmedabad, India",https://www.adanienterprises.com,2311.75,2238.85,2668245024768,77.16122,29.96,0.00059999997,3743.9,2025.0
2012-11-08 00:00:00+05:30,30.5597070320591,2314.95,2213.75,30.41897201538086,1376164,0.0,0.0,ADANIENT.NS,Adani Enterprises Limited,Thermal Coal,Energy,Mr. Gautambhai Shantilal Adani S.Y. B.Com,"Ahmedabad, India",https://www.adanienterprises.com,2311.75,2238.85,2668245024768,77.16122,29.96,0.00059999997,3743.9,2025.0
2012-11-09 00:00:00+05:30,30.418970350858874,2314.95,2213.75,30.184412002563477,1376164,0.0,0.0,ADANIENT.NS,Adani Enterprises Limited,Thermal Coal,Energy,Mr. Gautambhai Shantilal Adani S.Y. B.Com,"Ahmedabad, India",https://www.adanienterprises.com,2311.75,2238.85,2668245024768,77.16122,29.96,0.00059999997,3743.9,2025.0
2012-11-12 00:00:00+05:30,30.278234087021477,2314.95,2213.75,30.291637420654297,1376164,0.0,0.0,ADANIENT.NS,Adani Enterprises Limited,Thermal Coal,Energy,Mr. Gautambhai Shantilal Adani S.Y. B.Com,"Ahmedabad, India",https://www.adanienterprises.com,2311.75,2238.85,2668245024768,77.16122,29.96,0.00059999997,3743.9,2025.0
2012-11-15 00:00:00+05:30,30.07718519722947,2314.95,2213.75,31.611873626708984,1376164,0.0,0.0,ADANIENT.NS,Adani Enterprises Limited,Thermal Coal,Energy,Mr. Gautambhai Shantilal Adani S.Y. B.Com,"Ahmedabad, India",https://www.adanienterprises.com,2311.75,2238.85,2668245024768,77.16122,29.96,0.00059999997,3743.9,2025.0
2012-11-16 00:00:00+05:30,31.786119380754677,2314.95,2213.75,30.19782066345215,1376164,0.0,0.0,ADANIENT.NS,Adani Enterprises Limited,Thermal Coal,Energy,Mr. Gautambhai Shantilal Adani S.Y. B.Com,"Ahmedabad, India",https://www.adanienterprises.com,2311.75,2238.85,2668245024768,77.16122,29.96,0.00059999997,3743.9,2025.0
2012-11-19 00:00:00+05:30,30.291648956870194,2314.95,2213.75,30.224632263183594,1376164,0.0,0.0,ADANIENT.NS,Adani Enterprises Limited,Thermal Coal,Energy,Mr. Gautambhai Shantilal Adani S.Y. B.Com,"Ahmedabad, India",https://www.adanienterprises.com,2311.75,2238.85,2668245024768,77.16122,29.96,0.00059999997,3743.9,2025.0
2012-11-20 00:00:00+05:30,30.291640552366356,2314.95,2213.75,29.782310485839844,1376164,0.0,0.0,ADANIENT.NS,Adani Enterprises Limited,Thermal Coal,Energy,Mr. Gautambhai Shantilal Adani S.Y. B.Com,"Ahmedabad, India",https://www.adanienterprises.com,2311.75,2238.85,2668245024768,77.16122,29.96,0.00059999997,3743.9,2025.0
2012-11-21 00:00:00+05:30,29.755500481535044,2314.95,2213.75,30.17100715637207,1376164,0.0,0.0,ADANIENT.NS,Adani Enterprises Limited,Thermal Coal,Energy,Mr. Gautambhai Shantilal Adani S.Y. B.Com,"Ahmedabad, India",https://www.adanienterprises.com,2311.75,2238.85,2668245024768,77.16122,29.96,0.00059999997,3743.9,2025.0
2012-11-22 00:00:00+05:30,30.184412093023987,2314.95,2213.75,30.003463745117188,1376164,0.0,0.0,ADANIENT.NS,Adani Enterprises Limited,Thermal Coal,Energy,Mr. Gautambhai Shantilal Adani S.Y. B.Com,"Ahmedabad, India",https://www.adanienterprises.com,2311.75,2238.85,2668245024768,77.16122,29.96,0.00059999997,3743.9,2025.0
2012-11-23 00:00:00+05:30,30.023581694674974,2314.95,2213.75,30.305051803588867,1376164,0.0,0.0,ADANIENT.NS,Adani Enterprises Limited,Thermal Coal,Energy,Mr. Gautambhai Shantilal Adani S.Y. B.Com,"Ahmedabad, India",https://www.adanienterprises.com,2311.75,2238.85,2668245024768,77.16122,29.96,0.00059999997,3743.9,2025.0
2012-11-26 00:00:00+05:30,30.42567571627515,2314.95,2213.75,30.64012908935547,1376164,0.0,0.0,ADANIENT.NS,Adani Enterprises Limited,Thermal Coal,Energy,Mr. Gautambhai Shantilal Adani S.Y. B.Com,"Ahmedabad, India",https://www.adanienterprises.com,2311.75,2238.85,2668245024768,77.16122,29.96,0.00059999997,3743.9,2025.0
2012-11-27 00:00:00+05:30,30.62672451986866,2314.95,2213.75,31.149457931518555,1376164,0.0,0.0,ADANIENT.NS,Adani Enterprises Limited,Thermal Coal,Energy,Mr. Gautambhai Shantilal Adani S.Y. B.Com,"Ahmedabad, India",https://www.adanienterprises.com,2311.75,2238.85,2668245024768,77.16122,29.96,0.00059999997,3743.9,2025.0
2012-11-29 00:00:00+05:30,31.169566160684706,2314.95,2213.75,30.928302764892578,1376164,0.0,0.0,ADANIENT.NS,Adani Enterprises Limited,Thermal Coal,Energy,Mr. Gautambhai Shantilal Adani S.Y. B.Com,"Ahmedabad, India",https://www.adanienterprises.com,2311.75,2238.85,2668245024768,77.16122,29.96,0.00059999997,3743.9,2025.0
2012-11-30 00:00:00+05:30,31.129355652795994,2314.95,2213.75,32.13460922241211,1376164,0.0,0.0,ADANIENT.NS,Adani Enterprises Limited,Thermal Coal,Energy,Mr. Gautambhai Shantilal Adani S.Y. B.Com,"Ahmedabad, India",https://www.adanienterprises.com,2311.75,2238.85,2668245024768,77.16122,29.96,0.00059999997,3743.9,2025.0
2012-12-03 00:00:00+05:30,32.32896125917905,2314.95,2213.75,34.734867095947266,1376164,0.0,0.0,ADANIENT.NS,Adani Enterprises Limited,Thermal Coal,Energy,Mr. Gautambhai Shantilal Adani S.Y. B.Com,"Ahmedabad, India",https://www.adanienterprises.com,2311.75,2238.85,2668245024768,77.16122,29.96,0.00059999997,3743.9,2025.0
2012-12-04 00:00:00+05:30,34.848795762883995,2314.95,2213.75,34.09820556640625,1376164,0.0,0.0,ADANIENT.NS,Adani Enterprises Limited,Thermal Coal,Energy,Mr. Gautambhai Shantilal Adani S.Y. B.Com,"Ahmedabad, India",https://www.adanienterprises.com,2311.75,2238.85,2668245024768,77.16122,29.96,0.00059999997,3743.9,2025.0
2012-12-05 00:00:00+05:30,33.50845348700396,2314.95,2213.75,33.407928466796875,1376164,0.0,0.0,ADANIENT.NS,Adani Enterprises Limited,Thermal Coal,Energy,Mr. Gautambhai Shantilal Adani S.Y. B.Com,"Ahmedabad, India",https://www.adanienterprises.com,2311.75,2238.85,2668245024768,77.16122,29.96,0.00059999997,3743.9,2025.0
2012-12-06 00:00:00+05:30,33.508453967740806,2314.95,2213.75,35.09675598144531,1376164,0.0,0.0,ADANIENT.NS,Adani Enterprises Limited,Thermal Coal,Energy,Mr. Gautambhai Shantilal Adani S.Y. B.Com,"Ahmedabad, India",https://www.adanienterprises.com,2311.75,2238.85,2668245024768,77.16122,29.96,0.00059999997,3743.9,2025.0
2012-12-07 00:00:00+05:30,35.116863042079274,2314.95,2213.75,35.28440475463867,1376164,0.0,0.0,ADANIENT.NS,Adani Enterprises Limited,Thermal Coal,Energy,Mr. Gautambhai Shantilal Adani S.Y. B.Com,"Ahmedabad, India",https://www.adanienterprises.com,2311.75,2238.85,2668245024768,77.16122,29.96,0.00059999997,3743.9,2025.0
2012-12-10 00:00:00+05:30,35.38492767022755,2314.95,2213.75,35.773624420166016,1376164,0.0,0.0,ADANIENT.NS,Adani Enterprises Limited,Thermal Coal,Energy,Mr. Gautambhai Shantilal Adani S.Y. B.Com,"Ahmedabad, India",https://www.adanienterprises.com,2311.75,2238.85,2668245024768,77.16122,29.96,0.00059999997,3743.9,2025.0
2012-12-11 00:00:00+05:30,35.800438606484285,2314.95,2213.75,36.45050048828125,1376164,0.0,0.0,ADANIENT.NS,Adani Enterprises Limited,Thermal Coal,Energy,Mr. Gautambhai Shantilal Adani S.Y. B.Com,"Ahmedabad, India",https://www.adanienterprises.com,2311.75,2238.85,2668245024768,77.16122,29.96,0.00059999997,3743.9,2025.0
2012-12-12 00:00:00+05:30,36.59792903516624,2314.95,2213.75,36.91960906982422,1376164,0.0,0.0,ADANIENT.NS,Adani Enterprises Limited,Thermal Coal,Energy,Mr. Gautambhai Shantilal Adani S.Y. B.Com,"Ahmedabad, India",https://www.adanienterprises.com,2311.75,2238.85,2668245024768,77.16122,29.96,0.00059999997,3743.9,2025.0
2012-12-13 00:00:00+05:30,36.99333724462096,2314.95,2213.75,35.626190185546875,1376164,0.0,0.0,ADANIENT.NS,Adani Enterprises Limited,Thermal Coal,Energy,Mr. Gautambhai Shantilal Adani S.Y. B.Com,"Ahmedabad, India",https://www.adanienterprises.com,2311.75,2238.85,2668245024768,77.16122,29.96,0.00059999997,3743.9,2025.0
2012-12-14 00:00:00+05:30,35.51896111251064,2314.95,2213.75,36.10871124267578,1376164,0.0,0.0,ADANIENT.NS,Adani Enterprises Limited,Thermal Coal,Energy,Mr. Gautambhai Shantilal Adani S.Y. B.Com,"Ahmedabad, India",https://www.adanienterprises.com,2311.75,2238.85,2668245024768,77.16122,29.96,0.00059999997,3743.9,2025.0
2012-12-17 00:00:00+05:30,36.18912344799304,2314.95,2213.75,37.55626678466797,1376164,0.0,0.0,ADANIENT.NS,Adani Enterprises Limited,Thermal Coal,Energy,Mr. Gautambhai Shantilal Adani S.Y. B.Com,"Ahmedabad, India",https://www.adanienterprises.com,2311.75,2238.85,2668245024768,77.16122,29.96,0.00059999997,3743.9,2025.0
2012-12-18 00:00:00+05:30,37.871252141826325,2314.95,2213.75,37.88465881347656,1376164,0.0,0.0,ADANIENT.NS,Adani Enterprises Limited,Thermal Coal,Energy,Mr. Gautambhai Shantilal Adani S.Y. B.Com,"Ahmedabad, India",https://www.adanienterprises.com,2311.75,2238.85,2668245024768,77.16122,29.96,0.00059999997,3743.9,2025.0
2012-12-19 00:00:00+05:30,37.80423495308851,2314.95,2213.75,39.097660064697266,1376164,0.0,0.0,ADANIENT.NS,Adani Enterprises Limited,Thermal Coal,Energy,Mr. Gautambhai Shantilal Adani S.Y. B.Com,"Ahmedabad, India",https://www.adanienterprises.com,2311.75,2238.85,2668245024768,77.16122,29.96,0.00059999997,3743.9,2025.0
2012-12-20 00:00:00+05:30,39.21828839161479,2314.95,2213.75,36.323158264160156,1376164,0.0,0.0,ADANIENT.NS,Adani Enterprises Limited,Thermal Coal,Energy,Mr. Gautambhai Shantilal Adani S.Y. B.Com,"Ahmedabad, India",https://www.adanienterprises.com,2311.75,2238.85,2668245024768,77.16122,29.96,0.00059999997,3743.9,2025.0
2012-12-21 00:00:00+05:30,37.281506700520744,2314.95,2213.75,36.584529876708984,1376164,0.0,0.0,ADANIENT.NS,Adani Enterprises Limited,Thermal Coal,Energy,Mr. Gautambhai Shantilal Adani S.Y. B.Com,"Ahmedabad, India",https://www.adanienterprises.com,2311.75,2238.85,2668245024768,77.16122,29.96,0.00059999997,3743.9,2025.0
2012-12-24 00:00:00+05:30,36.72526721135533,2314.95,2213.75,36.81238555908203,1376164,0.0,0.0,ADANIENT.NS,Adani Enterprises Limited,Thermal Coal,Energy,Mr. Gautambhai Shantilal Adani S.Y. B.Com,"Ahmedabad, India",https://www.adanienterprises.com,2311.75,2238.85,2668245024768,77.16122,29.96,0.00059999997,3743.9,2025.0
2012-12-26 00:00:00+05:30,36.8593031692056,2314.95,2213.75,36.56442642211914,1376164,0.0,0.0,ADANIENT.NS,Adani Enterprises Limited,Thermal Coal,Energy,Mr. Gautambhai Shantilal Adani S.Y. B.Com,"Ahmedabad, India",https://www.adanienterprises.com,2311.75,2238.85,2668245024768,77.16122,29.96,0.00059999997,3743.9,2025.0
2012-12-27 00:00:00+05:30,36.551012720569844,2314.95,2213.75,36.23603439331055,1376164,0.0,0.0,ADANIENT.NS,Adani Enterprises Limited,Thermal Coal,Energy,Mr. Gautambhai Shantilal Adani S.Y. B.Com,"Ahmedabad, India",https://www.adanienterprises.com,2311.75,2238.85,2668245024768,77.16122,29.96,0.00059999997,3743.9,2025.0
2012-12-28 00:00:00+05:30,36.42369682515395,2314.95,2213.75,36.47731018066406,1376164,0.0,0.0,ADANIENT.NS,Adani Enterprises Limited,Thermal Coal,Energy,Mr. Gautambhai Shantilal Adani S.Y. B.Com,"Ahmedabad, India",https://www.adanienterprises.com,2311.75,2238.85,2668245024768,77.16122,29.96,0.00059999997,3743.9,2025.0
2012-12-31 00:00:00+05:30,36.51081025214446,2314.95,2213.75,36.37007522583008,1376164,0.0,0.0,ADANIENT.NS,Adani Enterprises Limited,Thermal Coal,Energy,Mr. Gautambhai Shantilal Adani S.Y. B.Com,"Ahmedabad, India",https://www.adanienterprises.com,2311.75,2238.85,2668245024768,77.16122,29.96,0.00059999997,3743.9,2025.0
2013-01-01 00:00:00+05:30,36.63144458374028,2314.95,2213.75,36.97993469238281,1376164,0.0,0.0,ADANIENT.NS,Adani Enterprises Limited,Thermal Coal,Energy,Mr. Gautambhai Shantilal Adani S.Y. B.Com,"Ahmedabad, India",https://www.adanienterprises.com,2311.75,2238.85,2668245024768,77.16122,29.96,0.00059999997,3743.9,2025.0
2013-01-02 00:00:00+05:30,37.2882096002126,2314.95,2213.75,38.246551513671875,1376164,0.0,0.0,ADANIENT.NS,Adani Enterprises Limited,Thermal Coal,Energy,Mr. Gautambhai Shantilal Adani S.Y. B.Com,"Ahmedabad, India",https://www.adanienterprises.com,2311.75,2238.85,2668245024768,77.16122,29.96,0.00059999997,3743.9,2025.0
2013-01-03 00:00:00+05:30,38.45430118570866,2314.95,2213.75,37.623291015625,1376164,0.0,0.0,ADANIENT.NS,Adani Enterprises Limited,Thermal Coal,Energy,Mr. Gautambhai Shantilal Adani S.Y. B.Com,"Ahmedabad, India",https://www.adanienterprises.com,2311.75,2238.85,2668245024768,77.16122,29.96,0.00059999997,3743.9,2025.0
2013-01-04 00:00:00+05:30,38.20634404678646,2314.95,2213.75,37.087162017822266,1376164,0.0,0.0,ADANIENT.NS,Adani Enterprises Limited,Thermal Coal,Energy,Mr. Gautambhai Shantilal Adani S.Y. B.Com,"Ahmedabad, India",https://www.adanienterprises.com,2311.75,2238.85,2668245024768,77.16122,29.96,0.00059999997,3743.9,2025.0
2013-01-07 00:00:00+05:30,37.288207058584284,2314.95,2213.75,37.44904708862305,1376164,0.0,0.0,ADANIENT.NS,Adani Enterprises Limited,Thermal Coal,Energy,Mr. Gautambhai Shantilal Adani S.Y. B.Com,"Ahmedabad, India",https://www.adanienterprises.com,2311.75,2238.85,2668245024768,77.16122,29.96,0.00059999997,3743.9,2025.0
2013-01-08 00:00:00+05:30,37.489256686438374,2314.95,2213.75,37.140769958496094,1376164,0.0,0.0,ADANIENT.NS,Adani Enterprises Limited,Thermal Coal,Energy,Mr. Gautambhai Shantilal Adani S.Y. B.Com,"Ahmedabad, India",https://www.adanienterprises.com,2311.75,2238.85,2668245024768,77.16122,29.96,0.00059999997,3743.9,2025.0
2013-01-09 00:00:00+05:30,37.24799875861045,2314.95,2213.75,36.89280700683594,1376164,0.0,0.0,ADANIENT.NS,Adani Enterprises Limited,Thermal Coal,Energy,Mr. Gautambhai Shantilal Adani S.Y. B.Com,"Ahmedabad, India",https://www.adanienterprises.com,2311.75,2238.85,2668245024768,77.16122,29.96,0.00059999997,3743.9,2025.0
2013-01-10 00:00:00+05:30,36.99333359936797,2314.95,2213.75,36.43709182739258,1376164,0.0,0.0,ADANIENT.NS,Adani Enterprises Limited,Thermal Coal,Energy,Mr. Gautambhai Shantilal Adani S.Y. B.Com,"Ahmedabad, India",https://www.adanienterprises.com,2311.75,2238.85,2668245024768,77.16122,29.96,0.00059999997,3743.9,2025.0
2013-01-11 00:00:00+05:30,36.316461389946916,2314.95,2213.75,35.049842834472656,1376164,0.0,0.0,ADANIENT.NS,Adani Enterprises Limited,Thermal Coal,Energy,Mr. Gautambhai Shantilal Adani S.Y. B.Com,"Ahmedabad, India",https://www.adanienterprises.com,2311.75,2238.85,2668245024768,77.16122,29.96,0.00059999997,3743.9,2025.0
2013-01-14 00:00:00+05:30,35.143669657871804,2314.95,2213.75,36.32986831665039,1376164,0.0,0.0,ADANIENT.NS,Adani Enterprises Limited,Thermal Coal,Energy,Mr. Gautambhai Shantilal Adani S.Y. B.Com,"Ahmedabad, India",https://www.adanienterprises.com,2311.75,2238.85,2668245024768,77.16122,29.96,0.00059999997,3743.9,2025.0
2013-01-15 00:00:00+05:30,36.18912925523283,2314.95,2213.75,35.85404586791992,1376164,0.0,0.0,ADANIENT.NS,Adani Enterprises Limited,Thermal Coal,Energy,Mr. Gautambhai Shantilal Adani S.Y. B.Com,"Ahmedabad, India",https://www.adanienterprises.com,2311.75,2238.85,2668245024768,77.16122,29.96,0.00059999997,3743.9,2025.0
2013-01-16 00:00:00+05:30,35.840631647213414,2314.95,2213.75,35.250885009765625,1376164,0.0,0.0,ADANIENT.NS,Adani Enterprises Limited,Thermal Coal,Energy,Mr. Gautambhai Shantilal Adani S.Y. B.Com,"Ahmedabad, India",https://www.adanienterprises.com,2311.75,2238.85,2668245024768,77.16122,29.96,0.00059999997,3743.9,2025.0
2013-01-17 00:00:00+05:30,35.38492471738813,2314.95,2213.75,35.71330642700195,1376164,0.0,0.0,ADANIENT.NS,Adani Enterprises Limited,Thermal Coal,Energy,Mr. Gautambhai Shantilal Adani S.Y. B.Com,"Ahmedabad, India",https://www.adanienterprises.com,2311.75,2238.85,2668245024768,77.16122,29.96,0.00059999997,3743.9,2025.0
2013-01-18 00:00:00+05:30,35.840638793026514,2314.95,2213.75,35.787025451660156,1376164,0.0,0.0,ADANIENT.NS,Adani Enterprises Limited,Thermal Coal,Energy,Mr. Gautambhai Shantilal Adani S.Y. B.Com,"Ahmedabad, India",https://www.adanienterprises.com,2311.75,2238.85,2668245024768,77.16122,29.96,0.00059999997,3743.9,2025.0
2013-01-21 00:00:00+05:30,35.94787039155255,2314.95,2213.75,36.81238555908203,1376164,0.0,0.0,ADANIENT.NS,Adani Enterprises Limited,Thermal Coal,Energy,Mr. Gautambhai Shantilal Adani S.Y. B.Com,"Ahmedabad, India",https://www.adanienterprises.com,2311.75,2238.85,2668245024768,77.16122,29.96,0.00059999997,3743.9,2025.0
2013-01-22 00:00:00+05:30,36.95982793227471,2314.95,2213.75,36.15562438964844,1376164,0.0,0.0,ADANIENT.NS,Adani Enterprises Limited,Thermal Coal,Energy,Mr. Gautambhai Shantilal Adani S.Y. B.Com,"Ahmedabad, India",https://www.adanienterprises.com,2311.75,2238.85,2668245024768,77.16122,29.96,0.00059999997,3743.9,2025.0
2013-01-23 00:00:00+05:30,35.96127078112073,2314.95,2213.75,36.075199127197266,1376164,0.0,0.0,ADANIENT.NS,Adani Enterprises Limited,Thermal Coal,Energy,Mr. Gautambhai Shantilal Adani S.Y. B.Com,"Ahmedabad, India",https://www.adanienterprises.com,2311.75,2238.85,2668245024768,77.16122,29.96,0.00059999997,3743.9,2025.0
2013-01-24 00:00:00+05:30,36.18912994087301,2314.95,2213.75,33.76982116699219,1376164,0.0,0.0,ADANIENT.NS,Adani Enterprises Limited,Thermal Coal,Energy,Mr. Gautambhai Shantilal Adani S.Y. B.Com,"Ahmedabad, India",https://www.adanienterprises.com,2311.75,2238.85,2668245024768,77.16122,29.96,0.00059999997,3743.9,2025.0
2013-01-25 00:00:00+05:30,33.642488099584575,2314.95,2213.75,34.6678466796875,1376164,0.0,0.0,ADANIENT.NS,Adani Enterprises Limited,Thermal Coal,Energy,Mr. Gautambhai Shantilal Adani S.Y. B.Com,"Ahmedabad, India",https://www.adanienterprises.com,2311.75,2238.85,2668245024768,77.16122,29.96,0.00059999997,3743.9,2025.0
2013-01-28 00:00:00+05:30,34.72145939325011,2314.95,2213.75,33.917259216308594,1376164,0.0,0.0,ADANIENT.NS,Adani Enterprises Limited,Thermal Coal,Energy,Mr. Gautambhai Shantilal Adani S.Y. B.Com,"Ahmedabad, India",https://www.adanienterprises.com,2311.75,2238.85,2668245024768,77.16122,29.96,0.00059999997,3743.9,2025.0
2013-01-29 00:00:00+05:30,33.923959054065755,2314.95,2213.75,33.09294891357422,1376164,0.0,0.0,ADANIENT.NS,Adani Enterprises Limited,Thermal Coal,Energy,Mr. Gautambhai Shantilal Adani S.Y. B.Com,"Ahmedabad, India",https://www.adanienterprises.com,2311.75,2238.85,2668245024768,77.16122,29.96,0.00059999997,3743.9,2025.0
2013-01-30 00:00:00+05:30,33.1063478109231,2314.95,2213.75,32.95220947265625,1376164,0.0,0.0,ADANIENT.NS,Adani Enterprises Limited,Thermal Coal,Energy,Mr. Gautambhai Shantilal Adani S.Y. B.Com,"Ahmedabad, India",https://www.adanienterprises.com,2311.75,2238.85,2668245024768,77.16122,29.96,0.00059999997,3743.9,2025.0
2013-01-31 00:00:00+05:30,32.972320672797224,2314.95,2213.75,33.51515579223633,1376164,0.0,0.0,ADANIENT.NS,Adani Enterprises Limited,Thermal Coal,Energy,Mr. Gautambhai Shantilal Adani S.Y. B.Com,"Ahmedabad, India",https://www.adanienterprises.com,2311.75,2238.85,2668245024768,77.16122,29.96,0.00059999997,3743.9,2025.0
2013-02-01 00:00:00+05:30,33.789927529843126,2314.95,2213.75,32.938812255859375,1376164,0.0,0.0,ADANIENT.NS,Adani Enterprises Limited,Thermal Coal,Energy,Mr. Gautambhai Shantilal Adani S.Y. B.Com,"Ahmedabad, India",https://www.adanienterprises.com,2311.75,2238.85,2668245024768,77.16122,29.96,0.00059999997,3743.9,2025.0
2013-02-04 00:00:00+05:30,33.253784414581894,2314.95,2213.75,33.01922607421875,1376164,0.0,0.0,ADANIENT.NS,Adani Enterprises Limited,Thermal Coal,Energy,Mr. Gautambhai Shantilal Adani S.Y. B.Com,"Ahmedabad, India",https://www.adanienterprises.com,2311.75,2238.85,2668245024768,77.16122,29.96,0.00059999997,3743.9,2025.0
2013-02-05 00:00:00+05:30,32.48978960053206,2314.95,2213.75,32.46968460083008,1376164,0.0,0.0,ADANIENT.NS,Adani Enterprises Limited,Thermal Coal,Energy,Mr. Gautambhai Shantilal Adani S.Y. B.Com,"Ahmedabad, India",https://www.adanienterprises.com,2311.75,2238.85,2668245024768,77.16122,29.96,0.00059999997,3743.9,2025.0
2013-02-06 00:00:00+05:30,32.70425174874688,2314.95,2213.75,33.18677520751953,1376164,0.0,0.0,ADANIENT.NS,Adani Enterprises Limited,Thermal Coal,Energy,Mr. Gautambhai Shantilal Adani S.Y. B.Com,"Ahmedabad, India",https://www.adanienterprises.com,2311.75,2238.85,2668245024768,77.16122,29.96,0.00059999997,3743.9,2025.0
2013-02-07 00:00:00+05:30,33.17336510365585,2314.95,2213.75,32.62382507324219,1376164,0.0,0.0,ADANIENT.NS,Adani Enterprises Limited,Thermal Coal,Energy,Mr. Gautambhai Shantilal Adani S.Y. B.Com,"Ahmedabad, India",https://www.adanienterprises.com,2311.75,2238.85,2668245024768,77.16122,29.96,0.00059999997,3743.9,2025.0
2013-02-08 00:00:00+05:30,32.72435270736451,2314.95,2213.75,31.196369171142578,1376164,0.0,0.0,ADANIENT.NS,Adani Enterprises Limited,Thermal Coal,Energy,Mr. Gautambhai Shantilal Adani S.Y. B.Com,"Ahmedabad, India",https://www.adanienterprises.com,2311.75,2238.85,2668245024768,77.16122,29.96,0.00059999997,3743.9,2025.0
2013-02-11 00:00:00+05:30,31.310300948877426,2314.95,2213.75,31.209775924682617,1376164,0.0,0.0,ADANIENT.NS,Adani Enterprises Limited,Thermal Coal,Energy,Mr. Gautambhai Shantilal Adani S.Y. B.Com,"Ahmedabad, India",https://www.adanienterprises.com,2311.75,2238.85,2668245024768,77.16122,29.96,0.00059999997,3743.9,2025.0
2013-02-12 00:00:00+05:30,31.256682073450502,2314.95,2213.75,30.184412002563477,1376164,0.0,0.0,ADANIENT.NS,Adani Enterprises Limited,Thermal Coal,Energy,Mr. Gautambhai Shantilal Adani S.Y. B.Com,"Ahmedabad, India",https://www.adanienterprises.com,2311.75,2238.85,2668245024768,77.16122,29.96,0.00059999997,3743.9,2025.0
2013-02-13 00:00:00+05:30,30.29834659371864,2314.95,2213.75,30.392169952392578,1376164,0.0,0.0,ADANIENT.NS,Adani Enterprises Limited,Thermal Coal,Energy,Mr. Gautambhai Shantilal Adani S.Y. B.Com,"Ahmedabad, India",https://www.adanienterprises.com,2311.75,2238.85,2668245024768,77.16122,29.96,0.00059999997,3743.9,2025.0
2013-02-14 00:00:00+05:30,30.44578103900899,2314.95,2213.75,28.890987396240234,1376164,0.0,0.0,ADANIENT.NS,Adani Enterprises Limited,Thermal Coal,Energy,Mr. Gautambhai Shantilal Adani S.Y. B.Com,"Ahmedabad, India",https://www.adanienterprises.com,2311.75,2238.85,2668245024768,77.16122,29.96,0.00059999997,3743.9,2025.0
2013-02-15 00:00:00+05:30,28.81057196918859,2314.95,2213.75,29.809123992919922,1376164,0.0,0.0,ADANIENT.NS,Adani Enterprises Limited,Thermal Coal,Energy,Mr. Gautambhai Shantilal Adani S.Y. B.Com,"Ahmedabad, India",https://www.adanienterprises.com,2311.75,2238.85,2668245024768,77.16122,29.96,0.00059999997,3743.9,2025.0
2013-02-18 00:00:00+05:30,29.963257377387915,2314.95,2213.75,30.995317459106445,1376164,0.0,0.0,ADANIENT.NS,Adani Enterprises Limited,Thermal Coal,Energy,Mr. Gautambhai Shantilal Adani S.Y. B.Com,"Ahmedabad, India",https://www.adanienterprises.com,2311.75,2238.85,2668245024768,77.16122,29.96,0.00059999997,3743.9,2025.0
2013-02-19 00:00:00+05:30,31.243277895299254,2314.95,2213.75,31.84642791748047,1376164,0.0,0.0,ADANIENT.NS,Adani Enterprises Limited,Thermal Coal,Energy,Mr. Gautambhai Shantilal Adani S.Y. B.Com,"Ahmedabad, India",https://www.adanienterprises.com,2311.75,2238.85,2668245024768,77.16122,29.96,0.00059999997,3743.9,2025.0
2013-02-20 00:00:00+05:30,31.900049063261314,2314.95,2213.75,31.71240234375,1376164,0.0,0.0,ADANIENT.NS,Adani Enterprises Limited,Thermal Coal,Energy,Mr. Gautambhai Shantilal Adani S.Y. B.Com,"Ahmedabad, India",https://www.adanienterprises.com,2311.75,2238.85,2668245024768,77.16122,29.96,0.00059999997,3743.9,2025.0
2013-02-21 00:00:00+05:30,31.363911303610916,2314.95,2213.75,30.71384620666504,1376164,0.0,0.0,ADANIENT.NS,Adani Enterprises Limited,Thermal Coal,Energy,Mr. Gautambhai Shantilal Adani S.Y. B.Com,"Ahmedabad, India",https://www.adanienterprises.com,2311.75,2238.85,2668245024768,77.16122,29.96,0.00059999997,3743.9,2025.0
2013-02-22 00:00:00+05:30,30.626725767078174,2314.95,2213.75,31.042232513427734,1376164,0.0,0.0,ADANIENT.NS,Adani Enterprises Limited,Thermal Coal,Energy,Mr. Gautambhai Shantilal Adani S.Y. B.Com,"Ahmedabad, India",https://www.adanienterprises.com,2311.75,2238.85,2668245024768,77.16122,29.96,0.00059999997,3743.9,2025.0
2013-02-25 00:00:00+05:30,31.229879926584733,2314.95,2213.75,30.03697967529297,1376164,0.0,0.0,ADANIENT.NS,Adani Enterprises Limited,Thermal Coal,Energy,Mr. Gautambhai Shantilal Adani S.Y. B.Com,"Ahmedabad, India",https://www.adanienterprises.com,2311.75,2238.85,2668245024768,77.16122,29.96,0.00059999997,3743.9,2025.0
2013-02-26 00:00:00+05:30,30.036982253422657,2314.95,2213.75,29.051830291748047,1376164,0.0,0.0,ADANIENT.NS,Adani Enterprises Limited,Thermal Coal,Energy,Mr. Gautambhai Shantilal Adani S.Y. B.Com,"Ahmedabad, India",https://www.adanienterprises.com,2311.75,2238.85,2668245024768,77.16122,29.96,0.00059999997,3743.9,2025.0
2013-02-27 00:00:00+05:30,29.078634432196818,2314.95,2213.75,30.07048797607422,1376164,0.0,0.0,ADANIENT.NS,Adani Enterprises Limited,Thermal Coal,Energy,Mr. Gautambhai Shantilal Adani S.Y. B.Com,"Ahmedabad, India",https://www.adanienterprises.com,2311.75,2238.85,2668245024768,77.16122,29.96,0.00059999997,3743.9,2025.0
2013-02-28 00:00:00+05:30,30.345257604841912,2314.95,2213.75,28.90439224243164,1376164,0.0,0.0,ADANIENT.NS,Adani Enterprises Limited,Thermal Coal,Energy,Mr. Gautambhai Shantilal Adani S.Y. B.Com,"Ahmedabad, India",https://www.adanienterprises.com,2311.75,2238.85,2668245024768,77.16122,29.96,0.00059999997,3743.9,2025.0
2013-03-01 00:00:00+05:30,28.870880280762226,2314.95,2213.75,28.38165855407715,1376164,0.0,0.0,ADANIENT.NS,Adani Enterprises Limited,Thermal Coal,Energy,Mr. Gautambhai Shantilal Adani S.Y. B.Com,"Ahmedabad, India",https://www.adanienterprises.com,2311.75,2238.85,2668245024768,77.16122,29.96,0.00059999997,3743.9,2025.0
2013-03-04 00:00:00+05:30,28.555905232314043,2314.95,2213.75,28.17391014099121,1376164,0.0,0.0,ADANIENT.NS,Adani Enterprises Limited,Thermal Coal,Energy,Mr. Gautambhai Shantilal Adani S.Y. B.Com,"Ahmedabad, India",https://www.adanienterprises.com,2311.75,2238.85,2668245024768,77.16122,29.96,0.00059999997,3743.9,2025.0
2013-03-05 00:00:00+05:30,28.30794588570019,2314.95,2213.75,29.07193946838379,1376164,0.0,0.0,ADANIENT.NS,Adani Enterprises Limited,Thermal Coal,Energy,Mr. Gautambhai Shantilal Adani S.Y. B.Com,"Ahmedabad, India",https://www.adanienterprises.com,2311.75,2238.85,2668245024768,77.16122,29.96,0.00059999997,3743.9,2025.0
2013-03-06 00:00:00+05:30,29.21267238009577,2314.95,2213.75,29.561159133911133,1376164,0.0,0.0,ADANIENT.NS,Adani Enterprises Limited,Thermal Coal,Energy,Mr. Gautambhai Shantilal Adani S.Y. B.Com,"Ahmedabad, India",https://www.adanienterprises.com,2311.75,2238.85,2668245024768,77.16122,29.96,0.00059999997,3743.9,2025.0
2013-03-07 00:00:00+05:30,29.634881664788157,2314.95,2213.75,30.492698669433594,1376164,0.0,0.0,ADANIENT.NS,Adani Enterprises Limited,Thermal Coal,Energy,Mr. Gautambhai Shantilal Adani S.Y. B.Com,"Ahmedabad, India",https://www.adanienterprises.com,2311.75,2238.85,2668245024768,77.16122,29.96,0.00059999997,3743.9,2025.0
2013-03-08 00:00:00+05:30,30.646829050866163,2314.95,2213.75,31.585065841674805,1376164,0.0,0.0,ADANIENT.NS,Adani Enterprises Limited,Thermal Coal,Energy,Mr. Gautambhai Shantilal Adani S.Y. B.Com,"Ahmedabad, India",https://www.adanienterprises.com,2311.75,2238.85,2668245024768,77.16122,29.96,0.00059999997,3743.9,2025.0
2013-03-11 00:00:00+05:30,31.363918573960767,2314.95,2213.75,32.65064239501953,1376164,0.0,0.0,ADANIENT.NS,Adani Enterprises Limited,Thermal Coal,Energy,Mr. Gautambhai Shantilal Adani S.Y. B.Com,"Ahmedabad, India",https://www.adanienterprises.com,2311.75,2238.85,2668245024768,77.16122,29.96,0.00059999997,3743.9,2025.0
2013-03-12 00:00:00+05:30,32.70424879288466,2314.95,2213.75,32.0474853515625,1376164,0.0,0.0,ADANIENT.NS,Adani Enterprises Limited,Thermal Coal,Energy,Mr. Gautambhai Shantilal Adani S.Y. B.Com,"Ahmedabad, India",https://www.adanienterprises.com,2311.75,2238.85,2668245024768,77.16122,29.96,0.00059999997,3743.9,2025.0
2013-03-13 00:00:00+05:30,32.03408270018545,2314.95,2213.75,31.042232513427734,1376164,0.0,0.0,ADANIENT.NS,Adani Enterprises Limited,Thermal Coal,Energy,Mr. Gautambhai Shantilal Adani S.Y. B.Com,"Ahmedabad, India",https://www.adanienterprises.com,2311.75,2238.85,2668245024768,77.16122,29.96,0.00059999997,3743.9,2025.0
2013-03-14 00:00:00+05:30,30.82778605852282,2314.95,2213.75,32.1145133972168,1376164,0.0,0.0,ADANIENT.NS,Adani Enterprises Limited,Thermal Coal,Energy,Mr. Gautambhai Shantilal Adani S.Y. B.Com,"Ahmedabad, India",https://www.adanienterprises.com,2311.75,2238.85,2668245024768,77.16122,29.96,0.00059999997,3743.9,2025.0
2013-03-15 00:00:00+05:30,32.16811150817534,2314.95,2213.75,32.080989837646484,1376164,0.0,0.0,ADANIENT.NS,Adani Enterprises Limited,Thermal Coal,Energy,Mr. Gautambhai Shantilal Adani S.Y. B.Com,"Ahmedabad, India",https://www.adanienterprises.com,2311.75,2238.85,2668245024768,77.16122,29.96,0.00059999997,3743.9,2025.0
2013-03-18 00:00:00+05:30,31.90005115970499,2314.95,2213.75,31.578371047973633,1376164,0.0,0.0,ADANIENT.NS,Adani Enterprises Limited,Thermal Coal,Energy,Mr. Gautambhai Shantilal Adani S.Y. B.Com,"Ahmedabad, India",https://www.adanienterprises.com,2311.75,2238.85,2668245024768,77.16122,29.96,0.00059999997,3743.9,2025.0
2013-03-19 00:00:00+05:30,31.833031058688672,2314.95,2213.75,30.19782066345215,1376164,0.0,0.0,ADANIENT.NS,Adani Enterprises Limited,Thermal Coal,Energy,Mr. Gautambhai Shantilal Adani S.Y. B.Com,"Ahmedabad, India",https://www.adanienterprises.com,2311.75,2238.85,2668245024768,77.16122,29.96,0.00059999997,3743.9,2025.0
2013-03-20 00:00:00+05:30,29.889544031789068,2314.95,2213.75,29.08534049987793,1376164,0.0,0.0,ADANIENT.NS,Adani Enterprises Limited,Thermal Coal,Energy,Mr. Gautambhai Shantilal Adani S.Y. B.Com,"Ahmedabad, India",https://www.adanienterprises.com,2311.75,2238.85,2668245024768,77.16122,29.96,0.00059999997,3743.9,2025.0
2013-03-21 00:00:00+05:30,29.219368993282632,2314.95,2213.75,27.93264389038086,1376164,0.0,0.0,ADANIENT.NS,Adani Enterprises Limited,Thermal Coal,Energy,Mr. Gautambhai Shantilal Adani S.Y. B.Com,"Ahmedabad, India",https://www.adanienterprises.com,2311.75,2238.85,2668245024768,77.16122,29.96,0.00059999997,3743.9,2025.0
2013-03-22 00:00:00+05:30,27.972853223668892,2314.95,2213.75,27.001108169555664,1376164,0.0,0.0,ADANIENT.NS,Adani Enterprises Limited,Thermal Coal,Energy,Mr. Gautambhai Shantilal Adani S.Y. B.Com,"Ahmedabad, India",https://www.adanienterprises.com,2311.75,2238.85,2668245024768,77.16122,29.96,0.00059999997,3743.9,2025.0
2013-03-25 00:00:00+05:30,27.14854865558087,2314.95,2213.75,25.95564842224121,1376164,0.0,0.0,ADANIENT.NS,Adani Enterprises Limited,Thermal Coal,Energy,Mr. Gautambhai Shantilal Adani S.Y. B.Com,"Ahmedabad, India",https://www.adanienterprises.com,2311.75,2238.85,2668245024768,77.16122,29.96,0.00059999997,3743.9,2025.0
2013-03-26 00:00:00+05:30,26.103084952457518,2314.95,2213.75,25.768001556396484,1376164,0.0,0.0,ADANIENT.NS,Adani Enterprises Limited,Thermal Coal,Energy,Mr. Gautambhai Shantilal Adani S.Y. B.Com,"Ahmedabad, India",https://www.adanienterprises.com,2311.75,2238.85,2668245024768,77.16122,29.96,0.00059999997,3743.9,2025.0
2013-03-28 00:00:00+05:30,25.8082099703418,2314.95,2213.75,27.10163688659668,1376164,0.0,0.0,ADANIENT.NS,Adani Enterprises Limited,Thermal Coal,Energy,Mr. Gautambhai Shantilal Adani S.Y. B.Com,"Ahmedabad, India",https://www.adanienterprises.com,2311.75,2238.85,2668245024768,77.16122,29.96,0.00059999997,3743.9,2025.0
2013-04-01 00:00:00+05:30,27.33619632220533,2314.95,2213.75,27.71819305419922,1376164,0.0,0.0,ADANIENT.NS,Adani Enterprises Limited,Thermal Coal,Energy,Mr. Gautambhai Shantilal Adani S.Y. B.Com,"Ahmedabad, India",https://www.adanienterprises.com,2311.75,2238.85,2668245024768,77.16122,29.96,0.00059999997,3743.9,2025.0
2013-04-02 00:00:00+05:30,27.476931039534755,2314.95,2213.75,28.542499542236328,1376164,0.0,0.0,ADANIENT.NS,Adani Enterprises Limited,Thermal Coal,Energy,Mr. Gautambhai Shantilal Adani S.Y. B.Com,"Ahmedabad, India",https://www.adanienterprises.com,2311.75,2238.85,2668245024768,77.16122,29.96,0.00059999997,3743.9,2025.0
2013-04-03 00:00:00+05:30,28.535797108633236,2314.95,2213.75,29.326597213745117,1376164,0.0,0.0,ADANIENT.NS,Adani Enterprises Limited,Thermal Coal,Energy,Mr. Gautambhai Shantilal Adani S.Y. B.Com,"Ahmedabad, India",https://www.adanienterprises.com,2311.75,2238.85,2668245024768,77.16122,29.96,0.00059999997,3743.9,2025.0
2013-04-04 00:00:00+05:30,29.03172302449235,2314.95,2213.75,28.066682815551758,1376164,0.0,0.0,ADANIENT.NS,Adani Enterprises Limited,Thermal Coal,Energy,Mr. Gautambhai Shantilal Adani S.Y. B.Com,"Ahmedabad, India",https://www.adanienterprises.com,2311.75,2238.85,2668245024768,77.16122,29.96,0.00059999997,3743.9,2025.0
2013-04-05 00:00:00+05:30,27.919243315326256,2314.95,2213.75,28.395063400268555,1376164,0.0,0.0,ADANIENT.NS,Adani Enterprises Limited,Thermal Coal,Energy,Mr. Gautambhai Shantilal Adani S.Y. B.Com,"Ahmedabad, India",https://www.adanienterprises.com,2311.75,2238.85,2668245024768,77.16122,29.96,0.00059999997,3743.9,2025.0
2013-04-08 00:00:00+05:30,28.54920356404522,2314.95,2213.75,28.17391014099121,1376164,0.0,0.0,ADANIENT.NS,Adani Enterprises Limited,Thermal Coal,Energy,Mr. Gautambhai Shantilal Adani S.Y. B.Com,"Ahmedabad, India",https://www.adanienterprises.com,2311.75,2238.85,2668245024768,77.16122,29.96,0.00059999997,3743.9,2025.0
2013-04-09 00:00:00+05:30,28.41516843021473,2314.95,2213.75,28.039875030517578,1376164,0.0,0.0,ADANIENT.NS,Adani Enterprises Limited,Thermal Coal,Energy,Mr. Gautambhai Shantilal Adani S.Y. B.Com,"Ahmedabad, India",https://www.adanienterprises.com,2311.75,2238.85,2668245024768,77.16122,29.96,0.00059999997,3743.9,2025.0
2013-04-10 00:00:00+05:30,28.200714753340407,2314.95,2213.75,27.550649642944336,1376164,0.0,0.0,ADANIENT.NS,Adani Enterprises Limited,Thermal Coal,Energy,Mr. Gautambhai Shantilal Adani S.Y. B.Com,"Ahmedabad, India",https://www.adanienterprises.com,2311.75,2238.85,2668245024768,77.16122,29.96,0.00059999997,3743.9,2025.0
2013-04-11 00:00:00+05:30,27.691388325175605,2314.95,2213.75,27.805315017700195,1376164,0.0,0.0,ADANIENT.NS,Adani Enterprises Limited,Thermal Coal,Energy,Mr. Gautambhai Shantilal Adani S.Y. B.Com,"Ahmedabad, India",https://www.adanienterprises.com,2311.75,2238.85,2668245024768,77.16122,29.96,0.00059999997,3743.9,2025.0
2013-04-12 00:00:00+05:30,27.476928428273755,2314.95,2213.75,28.214115142822266,1376164,0.0,0.0,ADANIENT.NS,Adani Enterprises Limited,Thermal Coal,Energy,Mr. Gautambhai Shantilal Adani S.Y. B.Com,"Ahmedabad, India",https://www.adanienterprises.com,2311.75,2238.85,2668245024768,77.16122,29.96,0.00059999997,3743.9,2025.0
2013-04-15 00:00:00+05:30,27.879036189337764,2314.95,2213.75,28.488889694213867,1376164,0.0,0.0,ADANIENT.NS,Adani Enterprises Limited,Thermal Coal,Energy,Mr. Gautambhai Shantilal Adani S.Y. B.Com,"Ahmedabad, India",https://www.adanienterprises.com,2311.75,2238.85,2668245024768,77.16122,29.96,0.00059999997,3743.9,2025.0
2013-04-16 00:00:00+05:30,28.549203265808977,2314.95,2213.75,29.45393180847168,1376164,0.0,0.0,ADANIENT.NS,Adani Enterprises Limited,Thermal Coal,Energy,Mr. Gautambhai Shantilal Adani S.Y. B.Com,"Ahmedabad, India",https://www.adanienterprises.com,2311.75,2238.85,2668245024768,77.16122,29.96,0.00059999997,3743.9,2025.0
2013-04-17 00:00:00+05:30,29.6080692058138,2314.95,2213.75,28.890987396240234,1376164,0.0,0.0,ADANIENT.NS,Adani Enterprises Limited,Thermal Coal,Energy,Mr. Gautambhai Shantilal Adani S.Y. B.Com,"Ahmedabad, India",https://www.adanienterprises.com,2311.75,2238.85,2668245024768,77.16122,29.96,0.00059999997,3743.9,2025.0
2013-04-18 00:00:00+05:30,28.797165298659557,2314.95,2213.75,29.507545471191406,1376164,0.0,0.0,ADANIENT.NS,Adani Enterprises Limited,Thermal Coal,Energy,Mr. Gautambhai Shantilal Adani S.Y. B.Com,"Ahmedabad, India",https://www.adanienterprises.com,2311.75,2238.85,2668245024768,77.16122,29.96,0.00059999997,3743.9,2025.0
2013-04-22 00:00:00+05:30,29.487440999553346,2314.95,2213.75,30.083892822265625,1376164,0.0,0.0,ADANIENT.NS,Adani Enterprises Limited,Thermal Coal,Energy,Mr. Gautambhai Shantilal Adani S.Y. B.Com,"Ahmedabad, India",https://www.adanienterprises.com,2311.75,2238.85,2668245024768,77.16122,29.96,0.00059999997,3743.9,2025.0
2013-04-23 00:00:00+05:30,30.157611635446393,2314.95,2213.75,28.944602966308594,1376164,0.0,0.0,ADANIENT.NS,Adani Enterprises Limited,Thermal Coal,Energy,Mr. Gautambhai Shantilal Adani S.Y. B.Com,"Ahmedabad, India",https://www.adanienterprises.com,2311.75,2238.85,2668245024768,77.16122,29.96,0.00059999997,3743.9,2025.0
2013-04-25 00:00:00+05:30,28.78376292244229,2314.95,2213.75,28.944602966308594,1376164,0.0,0.0,ADANIENT.NS,Adani Enterprises Limited,Thermal Coal,Energy,Mr. Gautambhai Shantilal Adani S.Y. B.Com,"Ahmedabad, India",https://www.adanienterprises.com,2311.75,2238.85,2668245024768,77.16122,29.96,0.00059999997,3743.9,2025.0
2013-04-26 00:00:00+05:30,29.038426692729217,2314.95,2213.75,28.529096603393555,1376164,0.0,0.0,ADANIENT.NS,Adani Enterprises Limited,Thermal Coal,Energy,Mr. Gautambhai Shantilal Adani S.Y. B.Com,"Ahmedabad, India",https://www.adanienterprises.com,2311.75,2238.85,2668245024768,77.16122,29.96,0.00059999997,3743.9,2025.0
2013-04-29 00:00:00+05:30,28.616217291934802,2314.95,2213.75,29.078632354736328,1376164,0.0,0.0,ADANIENT.NS,Adani Enterprises Limited,Thermal Coal,Energy,Mr. Gautambhai Shantilal Adani S.Y. B.Com,"Ahmedabad, India",https://www.adanienterprises.com,2311.75,2238.85,2668245024768,77.16122,29.96,0.00059999997,3743.9,2025.0
2013-04-30 00:00:00+05:30,29.226076880584866,2314.95,2213.75,29.232778549194336,1376164,0.0,0.0,ADANIENT.NS,Adani Enterprises Limited,Thermal Coal,Energy,Mr. Gautambhai Shantilal Adani S.Y. B.Com,"Ahmedabad, India",https://www.adanienterprises.com,2311.75,2238.85,2668245024768,77.16122,29.96,0.00059999997,3743.9,2025.0
2013-05-02 00:00:00+05:30,28.951303124116713,2314.95,2213.75,29.333301544189453,1376164,0.0,0.0,ADANIENT.NS,Adani Enterprises Limited,Thermal Coal,Energy,Mr. Gautambhai Shantilal Adani S.Y. B.Com,"Ahmedabad, India",https://www.adanienterprises.com,2311.75,2238.85,2668245024768,77.16122,29.96,0.00059999997,3743.9,2025.0
2013-05-03 00:00:00+05:30,29.353405606819628,2314.95,2213.75,29.815820693969727,1376164,0.0,0.0,ADANIENT.NS,Adani Enterprises Limited,Thermal Coal,Energy,Mr. Gautambhai Shantilal Adani S.Y. B.Com,"Ahmedabad, India",https://www.adanienterprises.com,2311.75,2238.85,2668245024768,77.16122,29.96,0.00059999997,3743.9,2025.0
2013-05-06 00:00:00+05:30,30.023574549799367,2314.95,2213.75,30.61332130432129,1376164,0.0,0.0,ADANIENT.NS,Adani Enterprises Limited,Thermal Coal,Energy,Mr. Gautambhai Shantilal Adani S.Y. B.Com,"Ahmedabad, India",https://www.adanienterprises.com,2311.75,2238.85,2668245024768,77.16122,29.96,0.00059999997,3743.9,2025.0
2013-05-07 00:00:00+05:30,30.76746413720126,2314.95,2213.75,31.089147567749023,1376164,0.0,0.0,ADANIENT.NS,Adani Enterprises Limited,Thermal Coal,Energy,Mr. Gautambhai Shantilal Adani S.Y. B.Com,"Ahmedabad, India",https://www.adanienterprises.com,2311.75,2238.85,2668245024768,77.16122,29.96,0.00059999997,3743.9,2025.0
2013-05-08 00:00:00+05:30,30.96181059307743,2314.95,2213.75,30.720550537109375,1376164,0.0,0.0,ADANIENT.NS,Adani Enterprises Limited,Thermal Coal,Energy,Mr. Gautambhai Shantilal Adani S.Y. B.Com,"Ahmedabad, India",https://www.adanienterprises.com,2311.75,2238.85,2668245024768,77.16122,29.96,0.00059999997,3743.9,2025.0
2013-05-09 00:00:00+05:30,30.76075442145393,2314.95,2213.75,30.73394775390625,1376164,0.0,0.0,ADANIENT.NS,Adani Enterprises Limited,Thermal Coal,Energy,Mr. Gautambhai Shantilal Adani S.Y. B.Com,"Ahmedabad, India",https://www.adanienterprises.com,2311.75,2238.85,2668245024768,77.16122,29.96,0.00059999997,3743.9,2025.0
2013-05-10 00:00:00+05:30,30.760760954672257,2314.95,2213.75,30.385467529296875,1376164,0.0,0.0,ADANIENT.NS,Adani Enterprises Limited,Thermal Coal,Energy,Mr. Gautambhai Shantilal Adani S.Y. B.Com,"Ahmedabad, India",https://www.adanienterprises.com,2311.75,2238.85,2668245024768,77.16122,29.96,0.00059999997,3743.9,2025.0
2013-05-13 00:00:00+05:30,30.21121932595929,2314.95,2213.75,29.11214256286621,1376164,0.0,0.0,ADANIENT.NS,Adani Enterprises Limited,Thermal Coal,Energy,Mr. Gautambhai Shantilal Adani S.Y. B.Com,"Ahmedabad, India",https://www.adanienterprises.com,2311.75,2238.85,2668245024768,77.16122,29.96,0.00059999997,3743.9,2025.0
2013-05-14 00:00:00+05:30,29.0585375643424,2314.95,2213.75,28.78376579284668,1376164,0.0,0.0,ADANIENT.NS,Adani Enterprises Limited,Thermal Coal,Energy,Mr. Gautambhai Shantilal Adani S.Y. B.Com,"Ahmedabad, India",https://www.adanienterprises.com,2311.75,2238.85,2668245024768,77.16122,29.96,0.00059999997,3743.9,2025.0
2013-05-15 00:00:00+05:30,28.81726839693335,2314.95,2213.75,30.298343658447266,1376164,0.0,0.0,ADANIENT.NS,Adani Enterprises Limited,Thermal Coal,Energy,Mr. Gautambhai Shantilal Adani S.Y. B.Com,"Ahmedabad, India",https://www.adanienterprises.com,2311.75,2238.85,2668245024768,77.16122,29.96,0.00059999997,3743.9,2025.0
2013-05-16 00:00:00+05:30,30.452481168687648,2314.95,2213.75,30.71384620666504,1376164,0.0,0.0,ADANIENT.NS,Adani Enterprises Limited,Thermal Coal,Energy,Mr. Gautambhai Shantilal Adani S.Y. B.Com,"Ahmedabad, India",https://www.adanienterprises.com,2311.75,2238.85,2668245024768,77.16122,29.96,0.00059999997,3743.9,2025.0
2013-05-17 00:00:00+05:30,30.713848740695138,2314.95,2213.75,31.544858932495117,1376164,0.0,0.0,ADANIENT.NS,Adani Enterprises Limited,Thermal Coal,Energy,Mr. Gautambhai Shantilal Adani S.Y. B.Com,"Ahmedabad, India",https://www.adanienterprises.com,2311.75,2238.85,2668245024768,77.16122,29.96,0.00059999997,3743.9,2025.0
2013-05-20 00:00:00+05:30,32.03408219746593,2314.95,2213.75,32.55681228637695,1376164,0.0,0.0,ADANIENT.NS,Adani Enterprises Limited,Thermal Coal,Energy,Mr. Gautambhai Shantilal Adani S.Y. B.Com,"Ahmedabad, India",https://www.adanienterprises.com,2311.75,2238.85,2668245024768,77.16122,29.96,0.00059999997,3743.9,2025.0
2013-05-21 00:00:00+05:30,32.62383100285813,2314.95,2213.75,32.13460922241211,1376164,0.0,0.0,ADANIENT.NS,Adani Enterprises Limited,Thermal Coal,Energy,Mr. Gautambhai Shantilal Adani S.Y. B.Com,"Ahmedabad, India",https://www.adanienterprises.com,2311.75,2238.85,2668245024768,77.16122,29.96,0.00059999997,3743.9,2025.0
2013-05-22 00:00:00+05:30,32.201623418535824,2314.95,2213.75,31.20307159423828,1376164,0.0,0.0,ADANIENT.NS,Adani Enterprises Limited,Thermal Coal,Energy,Mr. Gautambhai Shantilal Adani S.Y. B.Com,"Ahmedabad, India",https://www.adanienterprises.com,2311.75,2238.85,2668245024768,77.16122,29.96,0.00059999997,3743.9,2025.0
2013-05-23 00:00:00+05:30,30.961811412326604,2314.95,2213.75,29.360109329223633,1376164,0.0,0.0,ADANIENT.NS,Adani Enterprises Limited,Thermal Coal,Energy,Mr. Gautambhai Shantilal Adani S.Y. B.Com,"Ahmedabad, India",https://www.adanienterprises.com,2311.75,2238.85,2668245024768,77.16122,29.96,0.00059999997,3743.9,2025.0
2013-05-24 00:00:00+05:30,29.507542658861965,2314.95,2213.75,29.63487434387207,1376164,0.0,0.0,ADANIENT.NS,Adani Enterprises Limited,Thermal Coal,Energy,Mr. Gautambhai Shantilal Adani S.Y. B.Com,"Ahmedabad, India",https://www.adanienterprises.com,2311.75,2238.85,2668245024768,77.16122,29.96,0.00059999997,3743.9,2025.0
2013-05-27 00:00:00+05:30,29.554458301330836,2314.95,2213.75,30.191120147705078,1376164,0.0,0.0,ADANIENT.NS,Adani Enterprises Limited,Thermal Coal,Energy,Mr. Gautambhai Shantilal Adani S.Y. B.Com,"Ahmedabad, India",https://www.adanienterprises.com,2311.75,2238.85,2668245024768,77.16122,29.96,0.00059999997,3743.9,2025.0
2013-05-28 00:00:00+05:30,30.284937383200738,2314.95,2213.75,29.735397338867188,1376164,0.0,0.0,ADANIENT.NS,Adani Enterprises Limited,Thermal Coal,Energy,Mr. Gautambhai Shantilal Adani S.Y. B.Com,"Ahmedabad, India",https://www.adanienterprises.com,2311.75,2238.85,2668245024768,77.16122,29.96,0.00059999997,3743.9,2025.0
2013-05-29 00:00:00+05:30,29.48744094620514,2314.95,2213.75,29.427125930786133,1376164,0.0,0.0,ADANIENT.NS,Adani Enterprises Limited,Thermal Coal,Energy,Mr. Gautambhai Shantilal Adani S.Y. B.Com,"Ahmedabad, India",https://www.adanienterprises.com,2311.75,2238.85,2668245024768,77.16122,29.96,0.00059999997,3743.9,2025.0
2013-05-30 00:00:00+05:30,30.023573090117047,2314.95,2213.75,29.77560806274414,1376164,0.0,0.0,ADANIENT.NS,Adani Enterprises Limited,Thermal Coal,Energy,Mr. Gautambhai Shantilal Adani S.Y. B.Com,"Ahmedabad, India",https://www.adanienterprises.com,2311.75,2238.85,2668245024768,77.16122,29.96,0.00059999997,3743.9,2025.0
2013-05-31 00:00:00+05:30,29.500839574947,2314.95,2213.75,28.374956130981445,1376164,0.0,0.0,ADANIENT.NS,Adani Enterprises Limited,Thermal Coal,Energy,Mr. Gautambhai Shantilal Adani S.Y. B.Com,"Ahmedabad, India",https://www.adanienterprises.com,2311.75,2238.85,2668245024768,77.16122,29.96,0.00059999997,3743.9,2025.0
2013-06-03 00:00:00+05:30,28.415172271239893,2314.95,2213.75,27.87233543395996,1376164,0.0,0.0,ADANIENT.NS,Adani Enterprises Limited,Thermal Coal,Energy,Mr. Gautambhai Shantilal Adani S.Y. B.Com,"Ahmedabad, India",https://www.adanienterprises.com,2311.75,2238.85,2668245024768,77.16122,29.96,0.00059999997,3743.9,2025.0
2013-06-04 00:00:00+05:30,27.879032517011918,2314.95,2213.75,27.66457748413086,1376164,0.0,0.0,ADANIENT.NS,Adani Enterprises Limited,Thermal Coal,Energy,Mr. Gautambhai Shantilal Adani S.Y. B.Com,"Ahmedabad, India",https://www.adanienterprises.com,2311.75,2238.85,2668245024768,77.16122,29.96,0.00059999997,3743.9,2025.0
2013-06-05 00:00:00+05:30,27.718193093412708,2314.95,2213.75,28.562604904174805,1376164,0.0,0.0,ADANIENT.NS,Adani Enterprises Limited,Thermal Coal,Energy,Mr. Gautambhai Shantilal Adani S.Y. B.Com,"Ahmedabad, India",https://www.adanienterprises.com,2311.75,2238.85,2668245024768,77.16122,29.96,0.00059999997,3743.9,2025.0
2013-06-06 00:00:00+05:30,28.535796516470622,2314.95,2213.75,28.830673217773438,1376164,0.0,0.0,ADANIENT.NS,Adani Enterprises Limited,Thermal Coal,Energy,Mr. Gautambhai Shantilal Adani S.Y. B.Com,"Ahmedabad, India",https://www.adanienterprises.com,2311.75,2238.85,2668245024768,77.16122,29.96,0.00059999997,3743.9,2025.0
2013-06-07 00:00:00+05:30,28.864184707179906,2314.95,2213.75,28.100191116333008,1376164,0.0,0.0,ADANIENT.NS,Adani Enterprises Limited,Thermal Coal,Energy,Mr. Gautambhai Shantilal Adani S.Y. B.Com,"Ahmedabad, India",https://www.adanienterprises.com,2311.75,2238.85,2668245024768,77.16122,29.96,0.00059999997,3743.9,2025.0
2013-06-10 00:00:00+05:30,28.294538024151077,2314.95,2213.75,27.617666244506836,1376164,0.0,0.0,ADANIENT.NS,Adani Enterprises Limited,Thermal Coal,Energy,Mr. Gautambhai Shantilal Adani S.Y. B.Com,"Ahmedabad, India",https://www.adanienterprises.com,2311.75,2238.85,2668245024768,77.16122,29.96,0.00059999997,3743.9,2025.0
2013-06-11 00:00:00+05:30,27.34289753105358,2314.95,2213.75,26.397960662841797,1376164,0.0,0.0,ADANIENT.NS,Adani Enterprises Limited,Thermal Coal,Energy,Mr. Gautambhai Shantilal Adani S.Y. B.Com,"Ahmedabad, India",https://www.adanienterprises.com,2311.75,2238.85,2668245024768,77.16122,29.96,0.00059999997,3743.9,2025.0
2013-06-12 00:00:00+05:30,26.27062580161072,2314.95,2213.75,24.51478385925293,1376164,0.0,0.0,ADANIENT.NS,Adani Enterprises Limited,Thermal Coal,Energy,Mr. Gautambhai Shantilal Adani S.Y. B.Com,"Ahmedabad, India",https://www.adanienterprises.com,2311.75,2238.85,2668245024768,77.16122,29.96,0.00059999997,3743.9,2025.0
2013-06-13 00:00:00+05:30,24.126084895339424,2314.95,2213.75,23.784299850463867,1376164,0.0,0.0,ADANIENT.NS,Adani Enterprises Limited,Thermal Coal,Energy,Mr. Gautambhai Shantilal Adani S.Y. B.Com,"Ahmedabad, India",https://www.adanienterprises.com,2311.75,2238.85,2668245024768,77.16122,29.96,0.00059999997,3743.9,2025.0
2013-06-14 00:00:00+05:30,24.085877300331887,2314.95,2213.75,24.025562286376953,1376164,0.0,0.0,ADANIENT.NS,Adani Enterprises Limited,Thermal Coal,Energy,Mr. Gautambhai Shantilal Adani S.Y. B.Com,"Ahmedabad, India",https://www.adanienterprises.com,2311.75,2238.85,2668245024768,77.16122,29.96,0.00059999997,3743.9,2025.0
2013-06-17 00:00:00+05:30,24.119383712883522,2314.95,2213.75,23.824508666992188,1376164,0.0,0.0,ADANIENT.NS,Adani Enterprises Limited,Thermal Coal,Energy,Mr. Gautambhai Shantilal Adani S.Y. B.Com,"Ahmedabad, India",https://www.adanienterprises.com,2311.75,2238.85,2668245024768,77.16122,29.96,0.00059999997,3743.9,2025.0
2013-06-18 00:00:00+05:30,23.951840539462243,2314.95,2213.75,24.97049903869629,1376164,0.0,0.0,ADANIENT.NS,Adani Enterprises Limited,Thermal Coal,Energy,Mr. Gautambhai Shantilal Adani S.Y. B.Com,"Ahmedabad, India",https://www.adanienterprises.com,2311.75,2238.85,2668245024768,77.16122,29.96,0.00059999997,3743.9,2025.0
2013-06-19 00:00:00+05:30,25.064321035779297,2314.95,2213.75,25.73448944091797,1376164,0.0,0.0,ADANIENT.NS,Adani Enterprises Limited,Thermal Coal,Energy,Mr. Gautambhai Shantilal Adani S.Y. B.Com,"Ahmedabad, India",https://www.adanienterprises.com,2311.75,2238.85,2668245024768,77.16122,29.96,0.00059999997,3743.9,2025.0
2013-06-20 00:00:00+05:30,25.453021045981732,2314.95,2213.75,24.534889221191406,1376164,0.0,0.0,ADANIENT.NS,Adani Enterprises Limited,Thermal Coal,Energy,Mr. Gautambhai Shantilal Adani S.Y. B.Com,"Ahmedabad, India",https://www.adanienterprises.com,2311.75,2238.85,2668245024768,77.16122,29.96,0.00059999997,3743.9,2025.0
2013-06-21 00:00:00+05:30,24.260119211225735,2314.95,2213.75,24.501380920410156,1376164,0.0,0.0,ADANIENT.NS,Adani Enterprises Limited,Thermal Coal,Energy,Mr. Gautambhai Shantilal Adani S.Y. B.Com,"Ahmedabad, India",https://www.adanienterprises.com,2311.75,2238.85,2668245024768,77.16122,29.96,0.00059999997,3743.9,2025.0
2013-06-24 00:00:00+05:30,24.24671725206943,2314.95,2213.75,24.41425895690918,1376164,0.0,0.0,ADANIENT.NS,Adani Enterprises Limited,Thermal Coal,Energy,Mr. Gautambhai Shantilal Adani S.Y. B.Com,"Ahmedabad, India",https://www.adanienterprises.com,2311.75,2238.85,2668245024768,77.16122,29.96,0.00059999997,3743.9,2025.0
2013-06-25 00:00:00+05:30,24.414258410430392,2314.95,2213.75,25.285478591918945,1376164,0.0,0.0,ADANIENT.NS,Adani Enterprises Limited,Thermal Coal,Energy,Mr. Gautambhai Shantilal Adani S.Y. B.Com,"Ahmedabad, India",https://www.adanienterprises.com,2311.75,2238.85,2668245024768,77.16122,29.96,0.00059999997,3743.9,2025.0
2013-06-26 00:00:00+05:30,25.647368485756907,2314.95,2213.75,24.863271713256836,1376164,0.0,0.0,ADANIENT.NS,Adani Enterprises Limited,Thermal Coal,Energy,Mr. Gautambhai Shantilal Adani S.Y. B.Com,"Ahmedabad, India",https://www.adanienterprises.com,2311.75,2238.85,2668245024768,77.16122,29.96,0.00059999997,3743.9,2025.0
2013-06-27 00:00:00+05:30,25.231864473518627,2314.95,2213.75,25.714387893676758,1376164,0.0,0.0,ADANIENT.NS,Adani Enterprises Limited,Thermal Coal,Energy,Mr. Gautambhai Shantilal Adani S.Y. B.Com,"Ahmedabad, India",https://www.adanienterprises.com,2311.75,2238.85,2668245024768,77.16122,29.96,0.00059999997,3743.9,2025.0
2013-06-28 00:00:00+05:30,25.92213929733861,2314.95,2213.75,27.617666244506836,1376164,0.0,0.0,ADANIENT.NS,Adani Enterprises Limited,Thermal Coal,Energy,Mr. Gautambhai Shantilal Adani S.Y. B.Com,"Ahmedabad, India",https://www.adanienterprises.com,2311.75,2238.85,2668245024768,77.16122,29.96,0.00059999997,3743.9,2025.0
2013-07-01 00:00:00+05:30,27.865626401246953,2314.95,2213.75,28.971403121948242,1376164,0.0,0.0,ADANIENT.NS,Adani Enterprises Limited,Thermal Coal,Energy,Mr. Gautambhai Shantilal Adani S.Y. B.Com,"Ahmedabad, India",https://www.adanienterprises.com,2311.75,2238.85,2668245024768,77.16122,29.96,0.00059999997,3743.9,2025.0
2013-07-02 00:00:00+05:30,29.085339784816824,2314.95,2213.75,29.045129776000977,1376164,0.0,0.0,ADANIENT.NS,Adani Enterprises Limited,Thermal Coal,Energy,Mr. Gautambhai Shantilal Adani S.Y. B.Com,"Ahmedabad, India",https://www.adanienterprises.com,2311.75,2238.85,2668245024768,77.16122,29.96,0.00059999997,3743.9,2025.0
2013-07-03 00:00:00+05:30,28.54920477000096,2314.95,2213.75,27.564054489135742,1376164,0.0,0.0,ADANIENT.NS,Adani Enterprises Limited,Thermal Coal,Energy,Mr. Gautambhai Shantilal Adani S.Y. B.Com,"Ahmedabad, India",https://www.adanienterprises.com,2311.75,2238.85,2668245024768,77.16122,29.96,0.00059999997,3743.9,2025.0
2013-07-04 00:00:00+05:30,27.651176891252508,2314.95,2213.75,27.604265213012695,1376164,0.0,0.0,ADANIENT.NS,Adani Enterprises Limited,Thermal Coal,Energy,Mr. Gautambhai Shantilal Adani S.Y. B.Com,"Ahmedabad, India",https://www.adanienterprises.com,2311.75,2238.85,2668245024768,77.16122,29.96,0.00059999997,3743.9,2025.0
2013-07-05 00:00:00+05:30,27.677979631929045,2314.95,2213.75,27.349597930908203,1376164,0.0,0.0,ADANIENT.NS,Adani Enterprises Limited,Thermal Coal,Energy,Mr. Gautambhai Shantilal Adani S.Y. B.Com,"Ahmedabad, India",https://www.adanienterprises.com,2311.75,2238.85,2668245024768,77.16122,29.96,0.00059999997,3743.9,2025.0
2013-07-08 00:00:00+05:30,26.779954348074973,2314.95,2213.75,27.36300277709961,1376164,0.0,0.0,ADANIENT.NS,Adani Enterprises Limited,Thermal Coal,Energy,Mr. Gautambhai Shantilal Adani S.Y. B.Com,"Ahmedabad, India",https://www.adanienterprises.com,2311.75,2238.85,2668245024768,77.16122,29.96,0.00059999997,3743.9,2025.0
2013-07-09 00:00:00+05:30,27.476933321039947,2314.95,2213.75,27.45012664794922,1376164,0.0,0.0,ADANIENT.NS,Adani Enterprises Limited,Thermal Coal,Energy,Mr. Gautambhai Shantilal Adani S.Y. B.Com,"Ahmedabad, India",https://www.adanienterprises.com,2311.75,2238.85,2668245024768,77.16122,29.96,0.00059999997,3743.9,2025.0
2013-07-10 00:00:00+05:30,27.45012796461252,2314.95,2213.75,26.82016944885254,1376164,0.0,0.0,ADANIENT.NS,Adani Enterprises Limited,Thermal Coal,Energy,Mr. Gautambhai Shantilal Adani S.Y. B.Com,"Ahmedabad, India",https://www.adanienterprises.com,2311.75,2238.85,2668245024768,77.16122,29.96,0.00059999997,3743.9,2025.0
2013-07-11 00:00:00+05:30,27.316086244492038,2314.95,2213.75,27.269174575805664,1376164,0.0,0.0,ADANIENT.NS,Adani Enterprises Limited,Thermal Coal,Energy,Mr. Gautambhai Shantilal Adani S.Y. B.Com,"Ahmedabad, India",https://www.adanienterprises.com,2311.75,2238.85,2668245024768,77.16122,29.96,0.00059999997,3743.9,2025.0
2013-07-12 00:00:00+05:30,27.416614838179946,2314.95,2213.75,26.91398811340332,1376164,0.0,0.0,ADANIENT.NS,Adani Enterprises Limited,Thermal Coal,Energy,Mr. Gautambhai Shantilal Adani S.Y. B.Com,"Ahmedabad, India",https://www.adanienterprises.com,2311.75,2238.85,2668245024768,77.16122,29.96,0.00059999997,3743.9,2025.0
2013-07-15 00:00:00+05:30,26.94079843788131,2314.95,2213.75,27.048025131225586,1376164,0.0,0.0,ADANIENT.NS,Adani Enterprises Limited,Thermal Coal,Energy,Mr. Gautambhai Shantilal Adani S.Y. B.Com,"Ahmedabad, India",https://www.adanienterprises.com,2311.75,2238.85,2668245024768,77.16122,29.96,0.00059999997,3743.9,2025.0
2013-07-16 00:00:00+05:30,26.806761103429203,2314.95,2213.75,26.73974609375,1376164,0.0,0.0,ADANIENT.NS,Adani Enterprises Limited,Thermal Coal,Energy,Mr. Gautambhai Shantilal Adani S.Y. B.Com,"Ahmedabad, India",https://www.adanienterprises.com,2311.75,2238.85,2668245024768,77.16122,29.96,0.00059999997,3743.9,2025.0
2013-07-17 00:00:00+05:30,26.746447563744567,2314.95,2213.75,26.585607528686523,1376164,0.0,0.0,ADANIENT.NS,Adani Enterprises Limited,Thermal Coal,Energy,Mr. Gautambhai Shantilal Adani S.Y. B.Com,"Ahmedabad, India",https://www.adanienterprises.com,2311.75,2238.85,2668245024768,77.16122,29.96,0.00059999997,3743.9,2025.0
2013-07-18 00:00:00+05:30,26.80676091406921,2314.95,2213.75,26.90728759765625,1376164,0.0,0.0,ADANIENT.NS,Adani Enterprises Limited,Thermal Coal,Energy,Mr. Gautambhai Shantilal Adani S.Y. B.Com,"Ahmedabad, India",https://www.adanienterprises.com,2311.75,2238.85,2668245024768,77.16122,29.96,0.00059999997,3743.9,2025.0
2013-07-19 00:00:00+05:30,26.907288267883942,2314.95,2213.75,26.77995491027832,1376164,0.0,0.0,ADANIENT.NS,Adani Enterprises Limited,Thermal Coal,Energy,Mr. Gautambhai Shantilal Adani S.Y. B.Com,"Ahmedabad, India",https://www.adanienterprises.com,2311.75,2238.85,2668245024768,77.16122,29.96,0.00059999997,3743.9,2025.0
2013-07-22 00:00:00+05:30,26.538692332714934,2314.95,2213.75,26.672725677490234,1376164,0.0,0.0,ADANIENT.NS,Adani Enterprises Limited,Thermal Coal,Energy,Mr. Gautambhai Shantilal Adani S.Y. B.Com,"Ahmedabad, India",https://www.adanienterprises.com,2311.75,2238.85,2668245024768,77.16122,29.96,0.00059999997,3743.9,2025.0
2013-07-23 00:00:00+05:30,26.94079788175757,2314.95,2213.75,27.19546127319336,1376164,0.0,0.0,ADANIENT.NS,Adani Enterprises Limited,Thermal Coal,Energy,Mr. Gautambhai Shantilal Adani S.Y. B.Com,"Ahmedabad, India",https://www.adanienterprises.com,2311.75,2238.85,2668245024768,77.16122,29.96,0.00059999997,3743.9,2025.0
2013-07-24 00:00:00+05:30,26.940797085700027,2314.95,2213.75,26.699535369873047,1376164,0.0,0.0,ADANIENT.NS,Adani Enterprises Limited,Thermal Coal,Energy,Mr. Gautambhai Shantilal Adani S.Y. B.Com,"Ahmedabad, India",https://www.adanienterprises.com,2311.75,2238.85,2668245024768,77.16122,29.96,0.00059999997,3743.9,2025.0
2013-07-25 00:00:00+05:30,26.485080569386323,2314.95,2213.75,26.06287384033203,1376164,0.0,0.0,ADANIENT.NS,Adani Enterprises Limited,Thermal Coal,Energy,Mr. Gautambhai Shantilal Adani S.Y. B.Com,"Ahmedabad, India",https://www.adanienterprises.com,2311.75,2238.85,2668245024768,77.16122,29.96,0.00059999997,3743.9,2025.0
2013-07-26 00:00:00+05:30,26.14999759508345,2314.95,2213.75,25.72779083251953,1376164,0.0,0.0,ADANIENT.NS,Adani Enterprises Limited,Thermal Coal,Energy,Mr. Gautambhai Shantilal Adani S.Y. B.Com,"Ahmedabad, India",https://www.adanienterprises.com,2311.75,2238.85,2668245024768,77.16122,29.96,0.00059999997,3743.9,2025.0
2013-07-29 00:00:00+05:30,25.466423619380304,2314.95,2213.75,24.29362678527832,1376164,0.0,0.0,ADANIENT.NS,Adani Enterprises Limited,Thermal Coal,Energy,Mr. Gautambhai Shantilal Adani S.Y. B.Com,"Ahmedabad, India",https://www.adanienterprises.com,2311.75,2238.85,2668245024768,77.16122,29.96,0.00059999997,3743.9,2025.0
2013-07-30 00:00:00+05:30,25.272328386989923,2314.95,2213.75,24.884174346923828,1376164,1.4,0.0,ADANIENT.NS,Adani Enterprises Limited,Thermal Coal,Energy,Mr. Gautambhai Shantilal Adani S.Y. B.Com,"Ahmedabad, India",https://www.adanienterprises.com,2311.75,2238.85,2668245024768,77.16122,29.96,0.00059999997,3743.9,2025.0
2013-07-31 00:00:00+05:30,24.912403016196016,2314.95,2213.75,24.70068359375,1376164,0.0,0.0,ADANIENT.NS,Adani Enterprises Limited,Thermal Coal,Energy,Mr. Gautambhai Shantilal Adani S.Y. B.Com,"Ahmedabad, India",https://www.adanienterprises.com,2311.75,2238.85,2668245024768,77.16122,29.96,0.00059999997,3743.9,2025.0
2013-08-01 00:00:00+05:30,24.841828063672363,2314.95,2213.75,24.91240119934082,1376164,0.0,0.0,ADANIENT.NS,Adani Enterprises Limited,Thermal Coal,Energy,Mr. Gautambhai Shantilal Adani S.Y. B.Com,"Ahmedabad, India",https://www.adanienterprises.com,2311.75,2238.85,2668245024768,77.16122,29.96,0.00059999997,3743.9,2025.0
2013-08-02 00:00:00+05:30,24.841827734566248,2314.95,2213.75,22.27295684814453,1376164,0.0,0.0,ADANIENT.NS,Adani Enterprises Limited,Thermal Coal,Energy,Mr. Gautambhai Shantilal Adani S.Y. B.Com,"Ahmedabad, India",https://www.adanienterprises.com,2311.75,2238.85,2668245024768,77.16122,29.96,0.00059999997,3743.9,2025.0
2013-08-05 00:00:00+05:30,23.006919732211585,2314.95,2213.75,23.684425354003906,1376164,0.0,0.0,ADANIENT.NS,Adani Enterprises Limited,Thermal Coal,Energy,Mr. Gautambhai Shantilal Adani S.Y. B.Com,"Ahmedabad, India",https://www.adanienterprises.com,2311.75,2238.85,2668245024768,77.16122,29.96,0.00059999997,3743.9,2025.0
2013-08-06 00:00:00+05:30,23.430361695616973,2314.95,2213.75,23.16218376159668,1376164,0.0,0.0,ADANIENT.NS,Adani Enterprises Limited,Thermal Coal,Energy,Mr. Gautambhai Shantilal Adani S.Y. B.Com,"Ahmedabad, India",https://www.adanienterprises.com,2311.75,2238.85,2668245024768,77.16122,29.96,0.00059999997,3743.9,2025.0
2013-08-07 00:00:00+05:30,22.86577487171153,2314.95,2213.75,23.592679977416992,1376164,0.0,0.0,ADANIENT.NS,Adani Enterprises Limited,Thermal Coal,Energy,Mr. Gautambhai Shantilal Adani S.Y. B.Com,"Ahmedabad, India",https://www.adanienterprises.com,2311.75,2238.85,2668245024768,77.16122,29.96,0.00059999997,3743.9,2025.0
2013-08-08 00:00:00+05:30,23.571506075405715,2314.95,2213.75,23.486818313598633,1376164,0.0,0.0,ADANIENT.NS,Adani Enterprises Limited,Thermal Coal,Energy,Mr. Gautambhai Shantilal Adani S.Y. B.Com,"Ahmedabad, India",https://www.adanienterprises.com,2311.75,2238.85,2668245024768,77.16122,29.96,0.00059999997,3743.9,2025.0
2013-08-12 00:00:00+05:30,23.57150680398472,2314.95,2213.75,23.889087677001953,1376164,0.0,0.0,ADANIENT.NS,Adani Enterprises Limited,Thermal Coal,Energy,Mr. Gautambhai Shantilal Adani S.Y. B.Com,"Ahmedabad, India",https://www.adanienterprises.com,2311.75,2238.85,2668245024768,77.16122,29.96,0.00059999997,3743.9,2025.0
2013-08-13 00:00:00+05:30,23.712655982980653,2314.95,2213.75,24.157268524169922,1376164,0.0,0.0,ADANIENT.NS,Adani Enterprises Limited,Thermal Coal,Energy,Mr. Gautambhai Shantilal Adani S.Y. B.Com,"Ahmedabad, India",https://www.adanienterprises.com,2311.75,2238.85,2668245024768,77.16122,29.96,0.00059999997,3743.9,2025.0
2013-08-14 00:00:00+05:30,23.811460245684007,2314.95,2213.75,23.82557487487793,1376164,0.0,0.0,ADANIENT.NS,Adani Enterprises Limited,Thermal Coal,Energy,Mr. Gautambhai Shantilal Adani S.Y. B.Com,"Ahmedabad, India",https://www.adanienterprises.com,2311.75,2238.85,2668245024768,77.16122,29.96,0.00059999997,3743.9,2025.0
2013-08-16 00:00:00+05:30,23.43036181705848,2314.95,2213.75,22.60465431213379,1376164,0.0,0.0,ADANIENT.NS,Adani Enterprises Limited,Thermal Coal,Energy,Mr. Gautambhai Shantilal Adani S.Y. B.Com,"Ahmedabad, India",https://www.adanienterprises.com,2311.75,2238.85,2668245024768,77.16122,29.96,0.00059999997,3743.9,2025.0
2013-08-19 00:00:00+05:30,22.428218238369926,2314.95,2213.75,22.915176391601562,1376164,0.0,0.0,ADANIENT.NS,Adani Enterprises Limited,Thermal Coal,Energy,Mr. Gautambhai Shantilal Adani S.Y. B.Com,"Ahmedabad, India",https://www.adanienterprises.com,2311.75,2238.85,2668245024768,77.16122,29.96,0.00059999997,3743.9,2025.0
2013-08-20 00:00:00+05:30,22.230613449292658,2314.95,2213.75,22.689340591430664,1376164,0.0,0.0,ADANIENT.NS,Adani Enterprises Limited,Thermal Coal,Energy,Mr. Gautambhai Shantilal Adani S.Y. B.Com,"Ahmedabad, India",https://www.adanienterprises.com,2311.75,2238.85,2668245024768,77.16122,29.96,0.00059999997,3743.9,2025.0
2013-08-21 00:00:00+05:30,22.802259404544635,2314.95,2213.75,22.14592742919922,1376164,0.0,0.0,ADANIENT.NS,Adani Enterprises Limited,Thermal Coal,Energy,Mr. Gautambhai Shantilal Adani S.Y. B.Com,"Ahmedabad, India",https://www.adanienterprises.com,2311.75,2238.85,2668245024768,77.16122,29.96,0.00059999997,3743.9,2025.0
2013-08-22 00:00:00+05:30,21.68719622767657,2314.95,2213.75,23.275096893310547,1376164,0.0,0.0,ADANIENT.NS,Adani Enterprises Limited,Thermal Coal,Energy,Mr. Gautambhai Shantilal Adani S.Y. B.Com,"Ahmedabad, India",https://www.adanienterprises.com,2311.75,2238.85,2668245024768,77.16122,29.96,0.00059999997,3743.9,2025.0
2013-08-23 00:00:00+05:30,23.522107201264717,2314.95,2213.75,23.246871948242188,1376164,0.0,0.0,ADANIENT.NS,Adani Enterprises Limited,Thermal Coal,Energy,Mr. Gautambhai Shantilal Adani S.Y. B.Com,"Ahmedabad, India",https://www.adanienterprises.com,2311.75,2238.85,2668245024768,77.16122,29.96,0.00059999997,3743.9,2025.0
2013-08-26 00:00:00+05:30,23.148068570408718,2314.95,2213.75,22.082408905029297,1376164,0.0,0.0,ADANIENT.NS,Adani Enterprises Limited,Thermal Coal,Energy,Mr. Gautambhai Shantilal Adani S.Y. B.Com,"Ahmedabad, India",https://www.adanienterprises.com,2311.75,2238.85,2668245024768,77.16122,29.96,0.00059999997,3743.9,2025.0
2013-08-27 00:00:00+05:30,21.800115869103767,2314.95,2213.75,20.89677619934082,1376164,0.0,0.0,ADANIENT.NS,Adani Enterprises Limited,Thermal Coal,Energy,Mr. Gautambhai Shantilal Adani S.Y. B.Com,"Ahmedabad, India",https://www.adanienterprises.com,2311.75,2238.85,2668245024768,77.16122,29.96,0.00059999997,3743.9,2025.0
2013-08-28 00:00:00+05:30,20.466278573243905,2314.95,2213.75,20.66388511657715,1376164,0.0,0.0,ADANIENT.NS,Adani Enterprises Limited,Thermal Coal,Energy,Mr. Gautambhai Shantilal Adani S.Y. B.Com,"Ahmedabad, India",https://www.adanienterprises.com,2311.75,2238.85,2668245024768,77.16122,29.96,0.00059999997,3743.9,2025.0
2013-08-29 00:00:00+05:30,20.903832594634018,2314.95,2213.75,21.284929275512695,1376164,0.0,0.0,ADANIENT.NS,Adani Enterprises Limited,Thermal Coal,Energy,Mr. Gautambhai Shantilal Adani S.Y. B.Com,"Ahmedabad, India",https://www.adanienterprises.com,2311.75,2238.85,2668245024768,77.16122,29.96,0.00059999997,3743.9,2025.0
2013-08-30 00:00:00+05:30,21.080268804113274,2314.95,2213.75,19.972265243530273,1376164,0.0,0.0,ADANIENT.NS,Adani Enterprises Limited,Thermal Coal,Energy,Mr. Gautambhai Shantilal Adani S.Y. B.Com,"Ahmedabad, India",https://www.adanienterprises.com,2311.75,2238.85,2668245024768,77.16122,29.96,0.00059999997,3743.9,2025.0
2013-09-02 00:00:00+05:30,19.873464733349067,2314.95,2213.75,19.64057159423828,1376164,0.0,0.0,ADANIENT.NS,Adani Enterprises Limited,Thermal Coal,Energy,Mr. Gautambhai Shantilal Adani S.Y. B.Com,"Ahmedabad, India",https://www.adanienterprises.com,2311.75,2238.85,2668245024768,77.16122,29.96,0.00059999997,3743.9,2025.0
2013-09-03 00:00:00+05:30,19.718201421689432,2314.95,2213.75,18.90660858154297,1376164,0.0,0.0,ADANIENT.NS,Adani Enterprises Limited,Thermal Coal,Energy,Mr. Gautambhai Shantilal Adani S.Y. B.Com,"Ahmedabad, India",https://www.adanienterprises.com,2311.75,2238.85,2668245024768,77.16122,29.96,0.00059999997,3743.9,2025.0
2013-09-04 00:00:00+05:30,18.878379498023786,2314.95,2213.75,18.77957534790039,1376164,0.0,0.0,ADANIENT.NS,Adani Enterprises Limited,Thermal Coal,Energy,Mr. Gautambhai Shantilal Adani S.Y. B.Com,"Ahmedabad, India",https://www.adanienterprises.com,2311.75,2238.85,2668245024768,77.16122,29.96,0.00059999997,3743.9,2025.0
2013-09-05 00:00:00+05:30,19.104215746657353,2314.95,2213.75,19.097158432006836,1376164,0.0,0.0,ADANIENT.NS,Adani Enterprises Limited,Thermal Coal,Energy,Mr. Gautambhai Shantilal Adani S.Y. B.Com,"Ahmedabad, India",https://www.adanienterprises.com,2311.75,2238.85,2668245024768,77.16122,29.96,0.00059999997,3743.9,2025.0
2013-09-06 00:00:00+05:30,19.287704938585673,2314.95,2213.75,19.252416610717773,1376164,0.0,0.0,ADANIENT.NS,Adani Enterprises Limited,Thermal Coal,Energy,Mr. Gautambhai Shantilal Adani S.Y. B.Com,"Ahmedabad, India",https://www.adanienterprises.com,2311.75,2238.85,2668245024768,77.16122,29.96,0.00059999997,3743.9,2025.0
2013-09-10 00:00:00+05:30,19.499425482838294,2314.95,2213.75,19.7393741607666,1376164,0.0,0.0,ADANIENT.NS,Adani Enterprises Limited,Thermal Coal,Energy,Mr. Gautambhai Shantilal Adani S.Y. B.Com,"Ahmedabad, India",https://www.adanienterprises.com,2311.75,2238.85,2668245024768,77.16122,29.96,0.00059999997,3743.9,2025.0
2013-09-11 00:00:00+05:30,19.42885071841774,2314.95,2213.75,20.05695343017578,1376164,0.0,0.0,ADANIENT.NS,Adani Enterprises Limited,Thermal Coal,Energy,Mr. Gautambhai Shantilal Adani S.Y. B.Com,"Ahmedabad, India",https://www.adanienterprises.com,2311.75,2238.85,2668245024768,77.16122,29.96,0.00059999997,3743.9,2025.0
2013-09-12 00:00:00+05:30,20.17692782253157,2314.95,2213.75,19.273588180541992,1376164,0.0,0.0,ADANIENT.NS,Adani Enterprises Limited,Thermal Coal,Energy,Mr. Gautambhai Shantilal Adani S.Y. B.Com,"Ahmedabad, India",https://www.adanienterprises.com,2311.75,2238.85,2668245024768,77.16122,29.96,0.00059999997,3743.9,2025.0
2013-09-13 00:00:00+05:30,19.534709278407128,2314.95,2213.75,19.908748626708984,1376164,0.0,0.0,ADANIENT.NS,Adani Enterprises Limited,Thermal Coal,Energy,Mr. Gautambhai Shantilal Adani S.Y. B.Com,"Ahmedabad, India",https://www.adanienterprises.com,2311.75,2238.85,2668245024768,77.16122,29.96,0.00059999997,3743.9,2025.0
2013-09-16 00:00:00+05:30,20.367476812427057,2314.95,2213.75,19.08304214477539,1376164,0.0,0.0,ADANIENT.NS,Adani Enterprises Limited,Thermal Coal,Energy,Mr. Gautambhai Shantilal Adani S.Y. B.Com,"Ahmedabad, India",https://www.adanienterprises.com,2311.75,2238.85,2668245024768,77.16122,29.96,0.00059999997,3743.9,2025.0
2013-09-17 00:00:00+05:30,18.984237728072426,2314.95,2213.75,19.090097427368164,1376164,0.0,0.0,ADANIENT.NS,Adani Enterprises Limited,Thermal Coal,Energy,Mr. Gautambhai Shantilal Adani S.Y. B.Com,"Ahmedabad, India",https://www.adanienterprises.com,2311.75,2238.85,2668245024768,77.16122,29.96,0.00059999997,3743.9,2025.0
2013-09-18 00:00:00+05:30,18.927778489628125,2314.95,2213.75,19.1324405670166,1376164,0.0,0.0,ADANIENT.NS,Adani Enterprises Limited,Thermal Coal,Energy,Mr. Gautambhai Shantilal Adani S.Y. B.Com,"Ahmedabad, India",https://www.adanienterprises.com,2311.75,2238.85,2668245024768,77.16122,29.96,0.00059999997,3743.9,2025.0
2013-09-19 00:00:00+05:30,19.80994707490089,2314.95,2213.75,21.08026885986328,1376164,0.0,0.0,ADANIENT.NS,Adani Enterprises Limited,Thermal Coal,Energy,Mr. Gautambhai Shantilal Adani S.Y. B.Com,"Ahmedabad, India",https://www.adanienterprises.com,2311.75,2238.85,2668245024768,77.16122,29.96,0.00059999997,3743.9,2025.0
2013-09-20 00:00:00+05:30,21.277877056632367,2314.95,2213.75,21.320220947265625,1376164,0.0,0.0,ADANIENT.NS,Adani Enterprises Limited,Thermal Coal,Energy,Mr. Gautambhai Shantilal Adani S.Y. B.Com,"Ahmedabad, India",https://www.adanienterprises.com,2311.75,2238.85,2668245024768,77.16122,29.96,0.00059999997,3743.9,2025.0
2013-09-23 00:00:00+05:30,21.143782365324252,2314.95,2213.75,20.43099021911621,1376164,0.0,0.0,ADANIENT.NS,Adani Enterprises Limited,Thermal Coal,Energy,Mr. Gautambhai Shantilal Adani S.Y. B.Com,"Ahmedabad, India",https://www.adanienterprises.com,2311.75,2238.85,2668245024768,77.16122,29.96,0.00059999997,3743.9,2025.0
2013-09-24 00:00:00+05:30,20.16987042819479,2314.95,2213.75,20.7203426361084,1376164,0.0,0.0,ADANIENT.NS,Adani Enterprises Limited,Thermal Coal,Energy,Mr. Gautambhai Shantilal Adani S.Y. B.Com,"Ahmedabad, India",https://www.adanienterprises.com,2311.75,2238.85,2668245024768,77.16122,29.96,0.00059999997,3743.9,2025.0
2013-09-25 00:00:00+05:30,20.6285977609164,2314.95,2213.75,20.1557559967041,1376164,0.0,0.0,ADANIENT.NS,Adani Enterprises Limited,Thermal Coal,Energy,Mr. Gautambhai Shantilal Adani S.Y. B.Com,"Ahmedabad, India",https://www.adanienterprises.com,2311.75,2238.85,2668245024768,77.16122,29.96,0.00059999997,3743.9,2025.0
2013-09-26 00:00:00+05:30,20.198102288199188,2314.95,2213.75,20.12752914428711,1376164,0.0,0.0,ADANIENT.NS,Adani Enterprises Limited,Thermal Coal,Energy,Mr. Gautambhai Shantilal Adani S.Y. B.Com,"Ahmedabad, India",https://www.adanienterprises.com,2311.75,2238.85,2668245024768,77.16122,29.96,0.00059999997,3743.9,2025.0
2013-09-27 00:00:00+05:30,20.042841651452395,2314.95,2213.75,20.54391098022461,1376164,0.0,0.0,ADANIENT.NS,Adani Enterprises Limited,Thermal Coal,Energy,Mr. Gautambhai Shantilal Adani S.Y. B.Com,"Ahmedabad, India",https://www.adanienterprises.com,2311.75,2238.85,2668245024768,77.16122,29.96,0.00059999997,3743.9,2025.0
2013-09-30 00:00:00+05:30,20.332189963567952,2314.95,2213.75,19.866405487060547,1376164,0.0,0.0,ADANIENT.NS,Adani Enterprises Limited,Thermal Coal,Energy,Mr. Gautambhai Shantilal Adani S.Y. B.Com,"Ahmedabad, India",https://www.adanienterprises.com,2311.75,2238.85,2668245024768,77.16122,29.96,0.00059999997,3743.9,2025.0
2013-10-01 00:00:00+05:30,19.901690572457316,2314.95,2213.75,19.951091766357422,1376164,0.0,0.0,ADANIENT.NS,Adani Enterprises Limited,Thermal Coal,Energy,Mr. Gautambhai Shantilal Adani S.Y. B.Com,"Ahmedabad, India",https://www.adanienterprises.com,2311.75,2238.85,2668245024768,77.16122,29.96,0.00059999997,3743.9,2025.0
2013-10-03 00:00:00+05:30,20.056956346655976,2314.95,2213.75,20.76974868774414,1376164,0.0,0.0,ADANIENT.NS,Adani Enterprises Limited,Thermal Coal,Energy,Mr. Gautambhai Shantilal Adani S.Y. B.Com,"Ahmedabad, India",https://www.adanienterprises.com,2311.75,2238.85,2668245024768,77.16122,29.96,0.00059999997,3743.9,2025.0
2013-10-04 00:00:00+05:30,20.480396097805496,2314.95,2213.75,20.932065963745117,1376164,0.0,0.0,ADANIENT.NS,Adani Enterprises Limited,Thermal Coal,Energy,Mr. Gautambhai Shantilal Adani S.Y. B.Com,"Ahmedabad, India",https://www.adanienterprises.com,2311.75,2238.85,2668245024768,77.16122,29.96,0.00059999997,3743.9,2025.0
2013-10-07 00:00:00+05:30,20.889717791595764,2314.95,2213.75,21.186126708984375,1376164,0.0,0.0,ADANIENT.NS,Adani Enterprises Limited,Thermal Coal,Energy,Mr. Gautambhai Shantilal Adani S.Y. B.Com,"Ahmedabad, India",https://www.adanienterprises.com,2311.75,2238.85,2668245024768,77.16122,29.96,0.00059999997,3743.9,2025.0
2013-10-08 00:00:00+05:30,21.524885249402413,2314.95,2213.75,21.404909133911133,1376164,0.0,0.0,ADANIENT.NS,Adani Enterprises Limited,Thermal Coal,Energy,Mr. Gautambhai Shantilal Adani S.Y. B.Com,"Ahmedabad, India",https://www.adanienterprises.com,2311.75,2238.85,2668245024768,77.16122,29.96,0.00059999997,3743.9,2025.0
2013-10-09 00:00:00+05:30,21.426076194436458,2314.95,2213.75,22.244728088378906,1376164,0.0,0.0,ADANIENT.NS,Adani Enterprises Limited,Thermal Coal,Energy,Mr. Gautambhai Shantilal Adani S.Y. B.Com,"Ahmedabad, India",https://www.adanienterprises.com,2311.75,2238.85,2668245024768,77.16122,29.96,0.00059999997,3743.9,2025.0
2013-10-10 00:00:00+05:30,22.350588914529403,2314.95,2213.75,22.18121337890625,1376164,0.0,0.0,ADANIENT.NS,Adani Enterprises Limited,Thermal Coal,Energy,Mr. Gautambhai Shantilal Adani S.Y. B.Com,"Ahmedabad, India",https://www.adanienterprises.com,2311.75,2238.85,2668245024768,77.16122,29.96,0.00059999997,3743.9,2025.0
2013-10-11 00:00:00+05:30,22.456448362696158,2314.95,2213.75,23.190412521362305,1376164,0.0,0.0,ADANIENT.NS,Adani Enterprises Limited,Thermal Coal,Energy,Mr. Gautambhai Shantilal Adani S.Y. B.Com,"Ahmedabad, India",https://www.adanienterprises.com,2311.75,2238.85,2668245024768,77.16122,29.96,0.00059999997,3743.9,2025.0
2013-10-14 00:00:00+05:30,23.52916604126236,2314.95,2213.75,23.910259246826172,1376164,0.0,0.0,ADANIENT.NS,Adani Enterprises Limited,Thermal Coal,Energy,Mr. Gautambhai Shantilal Adani S.Y. B.Com,"Ahmedabad, India",https://www.adanienterprises.com,2311.75,2238.85,2668245024768,77.16122,29.96,0.00059999997,3743.9,2025.0
2013-10-15 00:00:00+05:30,24.1149212339949,2314.95,2213.75,23.69853973388672,1376164,0.0,0.0,ADANIENT.NS,Adani Enterprises Limited,Thermal Coal,Energy,Mr. Gautambhai Shantilal Adani S.Y. B.Com,"Ahmedabad, India",https://www.adanienterprises.com,2311.75,2238.85,2668245024768,77.16122,29.96,0.00059999997,3743.9,2025.0
2013-10-17 00:00:00+05:30,23.606796734928313,2314.95,2213.75,23.571508407592773,1376164,0.0,0.0,ADANIENT.NS,Adani Enterprises Limited,Thermal Coal,Energy,Mr. Gautambhai Shantilal Adani S.Y. B.Com,"Ahmedabad, India",https://www.adanienterprises.com,2311.75,2238.85,2668245024768,77.16122,29.96,0.00059999997,3743.9,2025.0
2013-10-18 00:00:00+05:30,23.642078494669548,2314.95,2213.75,24.750080108642578,1376164,0.0,0.0,ADANIENT.NS,Adani Enterprises Limited,Thermal Coal,Energy,Mr. Gautambhai Shantilal Adani S.Y. B.Com,"Ahmedabad, India",https://www.adanienterprises.com,2311.75,2238.85,2668245024768,77.16122,29.96,0.00059999997,3743.9,2025.0
2013-10-21 00:00:00+05:30,24.83476668932322,2314.95,2213.75,27.947052001953125,1376164,0.0,0.0,ADANIENT.NS,Adani Enterprises Limited,Thermal Coal,Energy,Mr. Gautambhai Shantilal Adani S.Y. B.Com,"Ahmedabad, India",https://www.adanienterprises.com,2311.75,2238.85,2668245024768,77.16122,29.96,0.00059999997,3743.9,2025.0
2013-10-22 00:00:00+05:30,28.010574160293004,2314.95,2213.75,27.361299514770508,1376164,0.0,0.0,ADANIENT.NS,Adani Enterprises Limited,Thermal Coal,Energy,Mr. Gautambhai Shantilal Adani S.Y. B.Com,"Ahmedabad, India",https://www.adanienterprises.com,2311.75,2238.85,2668245024768,77.16122,29.96,0.00059999997,3743.9,2025.0
2013-10-23 00:00:00+05:30,27.502446704555478,2314.95,2213.75,27.968231201171875,1376164,0.0,0.0,ADANIENT.NS,Adani Enterprises Limited,Thermal Coal,Energy,Mr. Gautambhai Shantilal Adani S.Y. B.Com,"Ahmedabad, India",https://www.adanienterprises.com,2311.75,2238.85,2668245024768,77.16122,29.96,0.00059999997,3743.9,2025.0
2013-10-24 00:00:00+05:30,27.67888250394964,2314.95,2213.75,29.330299377441406,1376164,0.0,0.0,ADANIENT.NS,Adani Enterprises Limited,Thermal Coal,Energy,Mr. Gautambhai Shantilal Adani S.Y. B.Com,"Ahmedabad, India",https://www.adanienterprises.com,2311.75,2238.85,2668245024768,77.16122,29.96,0.00059999997,3743.9,2025.0
2013-10-25 00:00:00+05:30,29.23149270349153,2314.95,2213.75,27.36835479736328,1376164,0.0,0.0,ADANIENT.NS,Adani Enterprises Limited,Thermal Coal,Energy,Mr. Gautambhai Shantilal Adani S.Y. B.Com,"Ahmedabad, India",https://www.adanienterprises.com,2311.75,2238.85,2668245024768,77.16122,29.96,0.00059999997,3743.9,2025.0
2013-10-28 00:00:00+05:30,27.114289654085663,2314.95,2213.75,29.252662658691406,1376164,0.0,0.0,ADANIENT.NS,Adani Enterprises Limited,Thermal Coal,Energy,Mr. Gautambhai Shantilal Adani S.Y. B.Com,"Ahmedabad, India",https://www.adanienterprises.com,2311.75,2238.85,2668245024768,77.16122,29.96,0.00059999997,3743.9,2025.0
2013-10-29 00:00:00+05:30,29.400870294365493,2314.95,2213.75,30.007801055908203,1376164,0.0,0.0,ADANIENT.NS,Adani Enterprises Limited,Thermal Coal,Energy,Mr. Gautambhai Shantilal Adani S.Y. B.Com,"Ahmedabad, India",https://www.adanienterprises.com,2311.75,2238.85,2668245024768,77.16122,29.96,0.00059999997,3743.9,2025.0
2013-10-30 00:00:00+05:30,30.120718111989397,2314.95,2213.75,29.789024353027344,1376164,0.0,0.0,ADANIENT.NS,Adani Enterprises Limited,Thermal Coal,Energy,Mr. Gautambhai Shantilal Adani S.Y. B.Com,"Ahmedabad, India",https://www.adanienterprises.com,2311.75,2238.85,2668245024768,77.16122,29.96,0.00059999997,3743.9,2025.0
2013-10-31 00:00:00+05:30,29.6408193415247,2314.95,2213.75,29.30912208557129,1376164,0.0,0.0,ADANIENT.NS,Adani Enterprises Limited,Thermal Coal,Energy,Mr. Gautambhai Shantilal Adani S.Y. B.Com,"Ahmedabad, India",https://www.adanienterprises.com,2311.75,2238.85,2668245024768,77.16122,29.96,0.00059999997,3743.9,2025.0
2013-11-01 00:00:00+05:30,29.076234302672123,2314.95,2213.75,28.772768020629883,1376164,0.0,0.0,ADANIENT.NS,Adani Enterprises Limited,Thermal Coal,Energy,Mr. Gautambhai Shantilal Adani S.Y. B.Com,"Ahmedabad, India",https://www.adanienterprises.com,2311.75,2238.85,2668245024768,77.16122,29.96,0.00059999997,3743.9,2025.0
2013-11-05 00:00:00+05:30,28.53987641138408,2314.95,2213.75,29.676109313964844,1376164,0.0,0.0,ADANIENT.NS,Adani Enterprises Limited,Thermal Coal,Energy,Mr. Gautambhai Shantilal Adani S.Y. B.Com,"Ahmedabad, India",https://www.adanienterprises.com,2311.75,2238.85,2668245024768,77.16122,29.96,0.00059999997,3743.9,2025.0
2013-11-06 00:00:00+05:30,29.781967321057454,2314.95,2213.75,29.556133270263672,1376164,0.0,0.0,ADANIENT.NS,Adani Enterprises Limited,Thermal Coal,Energy,Mr. Gautambhai Shantilal Adani S.Y. B.Com,"Ahmedabad, India",https://www.adanienterprises.com,2311.75,2238.85,2668245024768,77.16122,29.96,0.00059999997,3743.9,2025.0
2013-11-07 00:00:00+05:30,29.37264045839523,2314.95,2213.75,29.824310302734375,1376164,0.0,0.0,ADANIENT.NS,Adani Enterprises Limited,Thermal Coal,Energy,Mr. Gautambhai Shantilal Adani S.Y. B.Com,"Ahmedabad, India",https://www.adanienterprises.com,2311.75,2238.85,2668245024768,77.16122,29.96,0.00059999997,3743.9,2025.0
2013-11-08 00:00:00+05:30,29.781965784493824,2314.95,2213.75,30.62178611755371,1376164,0.0,0.0,ADANIENT.NS,Adani Enterprises Limited,Thermal Coal,Energy,Mr. Gautambhai Shantilal Adani S.Y. B.Com,"Ahmedabad, India",https://www.adanienterprises.com,2311.75,2238.85,2668245024768,77.16122,29.96,0.00059999997,3743.9,2025.0
2013-11-11 00:00:00+05:30,30.48769634548281,2314.95,2213.75,33.00716781616211,1376164,0.0,0.0,ADANIENT.NS,Adani Enterprises Limited,Thermal Coal,Energy,Mr. Gautambhai Shantilal Adani S.Y. B.Com,"Ahmedabad, India",https://www.adanienterprises.com,2311.75,2238.85,2668245024768,77.16122,29.96,0.00059999997,3743.9,2025.0
2013-11-12 00:00:00+05:30,32.88719261401902,2314.95,2213.75,32.16734313964844,1376164,0.0,0.0,ADANIENT.NS,Adani Enterprises Limited,Thermal Coal,Energy,Mr. Gautambhai Shantilal Adani S.Y. B.Com,"Ahmedabad, India",https://www.adanienterprises.com,2311.75,2238.85,2668245024768,77.16122,29.96,0.00059999997,3743.9,2025.0
2013-11-13 00:00:00+05:30,31.75801557485591,2314.95,2213.75,32.36494445800781,1376164,0.0,0.0,ADANIENT.NS,Adani Enterprises Limited,Thermal Coal,Energy,Mr. Gautambhai Shantilal Adani S.Y. B.Com,"Ahmedabad, India",https://www.adanienterprises.com,2311.75,2238.85,2668245024768,77.16122,29.96,0.00059999997,3743.9,2025.0
2013-11-14 00:00:00+05:30,32.746048447476305,2314.95,2213.75,34.475093841552734,1376164,0.0,0.0,ADANIENT.NS,Adani Enterprises Limited,Thermal Coal,Energy,Mr. Gautambhai Shantilal Adani S.Y. B.Com,"Ahmedabad, India",https://www.adanienterprises.com,2311.75,2238.85,2668245024768,77.16122,29.96,0.00059999997,3743.9,2025.0
2013-11-18 00:00:00+05:30,35.00439682656116,2314.95,2213.75,35.307861328125,1376164,0.0,0.0,ADANIENT.NS,Adani Enterprises Limited,Thermal Coal,Energy,Mr. Gautambhai Shantilal Adani S.Y. B.Com,"Ahmedabad, India",https://www.adanienterprises.com,2311.75,2238.85,2668245024768,77.16122,29.96,0.00059999997,3743.9,2025.0
2013-11-19 00:00:00+05:30,35.14553928922324,2314.95,2213.75,34.19985580444336,1376164,0.0,0.0,ADANIENT.NS,Adani Enterprises Limited,Thermal Coal,Energy,Mr. Gautambhai Shantilal Adani S.Y. B.Com,"Ahmedabad, India",https://www.adanienterprises.com,2311.75,2238.85,2668245024768,77.16122,29.96,0.00059999997,3743.9,2025.0
2013-11-20 00:00:00+05:30,34.03047519130996,2314.95,2213.75,35.173763275146484,1376164,0.0,0.0,ADANIENT.NS,Adani Enterprises Limited,Thermal Coal,Energy,Mr. Gautambhai Shantilal Adani S.Y. B.Com,"Ahmedabad, India",https://www.adanienterprises.com,2311.75,2238.85,2668245024768,77.16122,29.96,0.00059999997,3743.9,2025.0
2013-11-21 00:00:00+05:30,35.11732135134216,2314.95,2213.75,34.00931930541992,1376164,0.0,0.0,ADANIENT.NS,Adani Enterprises Limited,Thermal Coal,Energy,Mr. Gautambhai Shantilal Adani S.Y. B.Com,"Ahmedabad, India",https://www.adanienterprises.com,2311.75,2238.85,2668245024768,77.16122,29.96,0.00059999997,3743.9,2025.0
2013-11-22 00:00:00+05:30,34.270434586579285,2314.95,2213.75,34.31277847290039,1376164,0.0,0.0,ADANIENT.NS,Adani Enterprises Limited,Thermal Coal,Energy,Mr. Gautambhai Shantilal Adani S.Y. B.Com,"Ahmedabad, India",https://www.adanienterprises.com,2311.75,2238.85,2668245024768,77.16122,29.96,0.00059999997,3743.9,2025.0
2013-11-25 00:00:00+05:30,34.60212741888509,2314.95,2213.75,36.13357162475586,1376164,0.0,0.0,ADANIENT.NS,Adani Enterprises Limited,Thermal Coal,Energy,Mr. Gautambhai Shantilal Adani S.Y. B.Com,"Ahmedabad, India",https://www.adanienterprises.com,2311.75,2238.85,2668245024768,77.16122,29.96,0.00059999997,3743.9,2025.0
2013-11-26 00:00:00+05:30,36.246483403705895,2314.95,2213.75,34.21397018432617,1376164,0.0,0.0,ADANIENT.NS,Adani Enterprises Limited,Thermal Coal,Energy,Mr. Gautambhai Shantilal Adani S.Y. B.Com,"Ahmedabad, India",https://www.adanienterprises.com,2311.75,2238.85,2668245024768,77.16122,29.96,0.00059999997,3743.9,2025.0
2013-11-27 00:00:00+05:30,34.249262353316574,2314.95,2213.75,33.89639663696289,1376164,0.0,0.0,ADANIENT.NS,Adani Enterprises Limited,Thermal Coal,Energy,Mr. Gautambhai Shantilal Adani S.Y. B.Com,"Ahmedabad, India",https://www.adanienterprises.com,2311.75,2238.85,2668245024768,77.16122,29.96,0.00059999997,3743.9,2025.0
2013-11-28 00:00:00+05:30,34.31983329456334,2314.95,2213.75,36.8957633972168,1376164,0.0,0.0,ADANIENT.NS,Adani Enterprises Limited,Thermal Coal,Energy,Mr. Gautambhai Shantilal Adani S.Y. B.Com,"Ahmedabad, India",https://www.adanienterprises.com,2311.75,2238.85,2668245024768,77.16122,29.96,0.00059999997,3743.9,2025.0
2013-11-29 00:00:00+05:30,37.086306540765314,2314.95,2213.75,37.142765045166016,1376164,0.0,0.0,ADANIENT.NS,Adani Enterprises Limited,Thermal Coal,Energy,Mr. Gautambhai Shantilal Adani S.Y. B.Com,"Ahmedabad, India",https://www.adanienterprises.com,2311.75,2238.85,2668245024768,77.16122,29.96,0.00059999997,3743.9,2025.0
2013-12-02 00:00:00+05:30,37.333312371920705,2314.95,2213.75,37.58737564086914,1376164,0.0,0.0,ADANIENT.NS,Adani Enterprises Limited,Thermal Coal,Energy,Mr. Gautambhai Shantilal Adani S.Y. B.Com,"Ahmedabad, India",https://www.adanienterprises.com,2311.75,2238.85,2668245024768,77.16122,29.96,0.00059999997,3743.9,2025.0
2013-12-03 00:00:00+05:30,37.403890871474694,2314.95,2213.75,37.714412689208984,1376164,0.0,0.0,ADANIENT.NS,Adani Enterprises Limited,Thermal Coal,Energy,Mr. Gautambhai Shantilal Adani S.Y. B.Com,"Ahmedabad, India",https://www.adanienterprises.com,2311.75,2238.85,2668245024768,77.16122,29.96,0.00059999997,3743.9,2025.0
2013-12-04 00:00:00+05:30,37.83438102362072,2314.95,2213.75,37.60148620605469,1376164,0.0,0.0,ADANIENT.NS,Adani Enterprises Limited,Thermal Coal,Energy,Mr. Gautambhai Shantilal Adani S.Y. B.Com,"Ahmedabad, India",https://www.adanienterprises.com,2311.75,2238.85,2668245024768,77.16122,29.96,0.00059999997,3743.9,2025.0
2013-12-05 00:00:00+05:30,38.773007922482385,2314.95,2213.75,38.03199005126953,1376164,0.0,0.0,ADANIENT.NS,Adani Enterprises Limited,Thermal Coal,Energy,Mr. Gautambhai Shantilal Adani S.Y. B.Com,"Ahmedabad, India",https://www.adanienterprises.com,2311.75,2238.85,2668245024768,77.16122,29.96,0.00059999997,3743.9,2025.0
2013-12-06 00:00:00+05:30,37.96847422798581,2314.95,2213.75,38.68832015991211,1376164,0.0,0.0,ADANIENT.NS,Adani Enterprises Limited,Thermal Coal,Energy,Mr. Gautambhai Shantilal Adani S.Y. B.Com,"Ahmedabad, India",https://www.adanienterprises.com,2311.75,2238.85,2668245024768,77.16122,29.96,0.00059999997,3743.9,2025.0
2013-12-09 00:00:00+05:30,40.08568248538042,2314.95,2213.75,39.38700485229492,1376164,0.0,0.0,ADANIENT.NS,Adani Enterprises Limited,Thermal Coal,Energy,Mr. Gautambhai Shantilal Adani S.Y. B.Com,"Ahmedabad, India",https://www.adanienterprises.com,2311.75,2238.85,2668245024768,77.16122,29.96,0.00059999997,3743.9,2025.0
2013-12-10 00:00:00+05:30,39.097652063660135,2314.95,2213.75,39.11882400512695,1376164,0.0,0.0,ADANIENT.NS,Adani Enterprises Limited,Thermal Coal,Energy,Mr. Gautambhai Shantilal Adani S.Y. B.Com,"Ahmedabad, India",https://www.adanienterprises.com,2311.75,2238.85,2668245024768,77.16122,29.96,0.00059999997,3743.9,2025.0
2013-12-11 00:00:00+05:30,39.01296665544658,2314.95,2213.75,37.65089797973633,1376164,0.0,0.0,ADANIENT.NS,Adani Enterprises Limited,Thermal Coal,Energy,Mr. Gautambhai Shantilal Adani S.Y. B.Com,"Ahmedabad, India",https://www.adanienterprises.com,2311.75,2238.85,2668245024768,77.16122,29.96,0.00059999997,3743.9,2025.0
2013-12-12 00:00:00+05:30,37.26274351700892,2314.95,2213.75,35.5689811706543,1376164,0.0,0.0,ADANIENT.NS,Adani Enterprises Limited,Thermal Coal,Energy,Mr. Gautambhai Shantilal Adani S.Y. B.Com,"Ahmedabad, India",https://www.adanienterprises.com,2311.75,2238.85,2668245024768,77.16122,29.96,0.00059999997,3743.9,2025.0
2013-12-13 00:00:00+05:30,35.16670854005226,2314.95,2213.75,35.02556228637695,1376164,0.0,0.0,ADANIENT.NS,Adani Enterprises Limited,Thermal Coal,Energy,Mr. Gautambhai Shantilal Adani S.Y. B.Com,"Ahmedabad, India",https://www.adanienterprises.com,2311.75,2238.85,2668245024768,77.16122,29.96,0.00059999997,3743.9,2025.0
2013-12-16 00:00:00+05:30,35.025567006492416,2314.95,2213.75,36.51466369628906,1376164,0.0,0.0,ADANIENT.NS,Adani Enterprises Limited,Thermal Coal,Energy,Mr. Gautambhai Shantilal Adani S.Y. B.Com,"Ahmedabad, India",https://www.adanienterprises.com,2311.75,2238.85,2668245024768,77.16122,29.96,0.00059999997,3743.9,2025.0
2013-12-17 00:00:00+05:30,36.93811208960459,2314.95,2213.75,36.17591857910156,1376164,0.0,0.0,ADANIENT.NS,Adani Enterprises Limited,Thermal Coal,Energy,Mr. Gautambhai Shantilal Adani S.Y. B.Com,"Ahmedabad, India",https://www.adanienterprises.com,2311.75,2238.85,2668245024768,77.16122,29.96,0.00059999997,3743.9,2025.0
2013-12-18 00:00:00+05:30,36.00653493312544,2314.95,2213.75,36.422916412353516,1376164,0.0,0.0,ADANIENT.NS,Adani Enterprises Limited,Thermal Coal,Energy,Mr. Gautambhai Shantilal Adani S.Y. B.Com,"Ahmedabad, India",https://www.adanienterprises.com,2311.75,2238.85,2668245024768,77.16122,29.96,0.00059999997,3743.9,2025.0
2013-12-19 00:00:00+05:30,36.69815251530125,2314.95,2213.75,35.91478729248047,1376164,0.0,0.0,ADANIENT.NS,Adani Enterprises Limited,Thermal Coal,Energy,Mr. Gautambhai Shantilal Adani S.Y. B.Com,"Ahmedabad, India",https://www.adanienterprises.com,2311.75,2238.85,2668245024768,77.16122,29.96,0.00059999997,3743.9,2025.0
2013-12-20 00:00:00+05:30,35.568970825586575,2314.95,2213.75,36.62757110595703,1376164,0.0,0.0,ADANIENT.NS,Adani Enterprises Limited,Thermal Coal,Energy,Mr. Gautambhai Shantilal Adani S.Y. B.Com,"Ahmedabad, India",https://www.adanienterprises.com,2311.75,2238.85,2668245024768,77.16122,29.96,0.00059999997,3743.9,2025.0
2013-12-23 00:00:00+05:30,36.71227161119815,2314.95,2213.75,38.321346282958984,1376164,0.0,0.0,ADANIENT.NS,Adani Enterprises Limited,Thermal Coal,Energy,Mr. Gautambhai Shantilal Adani S.Y. B.Com,"Ahmedabad, India",https://www.adanienterprises.com,2311.75,2238.85,2668245024768,77.16122,29.96,0.00059999997,3743.9,2025.0
2013-12-24 00:00:00+05:30,38.51894702992352,2314.95,2213.75,37.89790344238281,1376164,0.0,0.0,ADANIENT.NS,Adani Enterprises Limited,Thermal Coal,Energy,Mr. Gautambhai Shantilal Adani S.Y. B.Com,"Ahmedabad, India",https://www.adanienterprises.com,2311.75,2238.85,2668245024768,77.16122,29.96,0.00059999997,3743.9,2025.0
2013-12-26 00:00:00+05:30,37.96847687690092,2314.95,2213.75,38.081390380859375,1376164,0.0,0.0,ADANIENT.NS,Adani Enterprises Limited,Thermal Coal,Energy,Mr. Gautambhai Shantilal Adani S.Y. B.Com,"Ahmedabad, India",https://www.adanienterprises.com,2311.75,2238.85,2668245024768,77.16122,29.96,0.00059999997,3743.9,2025.0
2013-12-27 00:00:00+05:30,38.34957306129134,2314.95,2213.75,38.46249008178711,1376164,0.0,0.0,ADANIENT.NS,Adani Enterprises Limited,Thermal Coal,Energy,Mr. Gautambhai Shantilal Adani S.Y. B.Com,"Ahmedabad, India",https://www.adanienterprises.com,2311.75,2238.85,2668245024768,77.16122,29.96,0.00059999997,3743.9,2025.0
2013-12-30 00:00:00+05:30,38.63186552958312,2314.95,2213.75,37.580322265625,1376164,0.0,0.0,ADANIENT.NS,Adani Enterprises Limited,Thermal Coal,Energy,Mr. Gautambhai Shantilal Adani S.Y. B.Com,"Ahmedabad, India",https://www.adanienterprises.com,2311.75,2238.85,2668245024768,77.16122,29.96,0.00059999997,3743.9,2025.0
2013-12-31 00:00:00+05:30,37.70030568052077,2314.95,2213.75,37.051029205322266,1376164,0.0,0.0,ADANIENT.NS,Adani Enterprises Limited,Thermal Coal,Energy,Mr. Gautambhai Shantilal Adani S.Y. B.Com,"Ahmedabad, India",https://www.adanienterprises.com,2311.75,2238.85,2668245024768,77.16122,29.96,0.00059999997,3743.9,2025.0
2014-01-01 00:00:00+05:30,37.2345155990718,2314.95,2213.75,37.93319320678711,1376164,0.0,0.0,ADANIENT.NS,Adani Enterprises Limited,Thermal Coal,Energy,Mr. Gautambhai Shantilal Adani S.Y. B.Com,"Ahmedabad, India",https://www.adanienterprises.com,2311.75,2238.85,2668245024768,77.16122,29.96,0.00059999997,3743.9,2025.0
2014-01-02 00:00:00+05:30,37.262747078706,2314.95,2213.75,36.04182815551758,1376164,0.0,0.0,ADANIENT.NS,Adani Enterprises Limited,Thermal Coal,Energy,Mr. Gautambhai Shantilal Adani S.Y. B.Com,"Ahmedabad, India",https://www.adanienterprises.com,2311.75,2238.85,2668245024768,77.16122,29.96,0.00059999997,3743.9,2025.0
2014-01-03 00:00:00+05:30,35.710128888783665,2314.95,2213.75,35.05379867553711,1376164,0.0,0.0,ADANIENT.NS,Adani Enterprises Limited,Thermal Coal,Energy,Mr. Gautambhai Shantilal Adani S.Y. B.Com,"Ahmedabad, India",https://www.adanienterprises.com,2311.75,2238.85,2668245024768,77.16122,29.96,0.00059999997,3743.9,2025.0
2014-01-06 00:00:00+05:30,34.990285066130475,2314.95,2213.75,35.57604217529297,1376164,0.0,0.0,ADANIENT.NS,Adani Enterprises Limited,Thermal Coal,Energy,Mr. Gautambhai Shantilal Adani S.Y. B.Com,"Ahmedabad, India",https://www.adanienterprises.com,2311.75,2238.85,2668245024768,77.16122,29.96,0.00059999997,3743.9,2025.0
2014-01-07 00:00:00+05:30,35.759529956139545,2314.95,2213.75,34.150455474853516,1376164,0.0,0.0,ADANIENT.NS,Adani Enterprises Limited,Thermal Coal,Energy,Mr. Gautambhai Shantilal Adani S.Y. B.Com,"Ahmedabad, India",https://www.adanienterprises.com,2311.75,2238.85,2668245024768,77.16122,29.96,0.00059999997,3743.9,2025.0
2014-01-08 00:00:00+05:30,34.242205038989496,2314.95,2213.75,33.89639663696289,1376164,0.0,0.0,ADANIENT.NS,Adani Enterprises Limited,Thermal Coal,Energy,Mr. Gautambhai Shantilal Adani S.Y. B.Com,"Ahmedabad, India",https://www.adanienterprises.com,2311.75,2238.85,2668245024768,77.16122,29.96,0.00059999997,3743.9,2025.0
2014-01-09 00:00:00+05:30,34.02343008653948,2314.95,2213.75,34.65858840942383,1376164,0.0,0.0,ADANIENT.NS,Adani Enterprises Limited,Thermal Coal,Energy,Mr. Gautambhai Shantilal Adani S.Y. B.Com,"Ahmedabad, India",https://www.adanienterprises.com,2311.75,2238.85,2668245024768,77.16122,29.96,0.00059999997,3743.9,2025.0
2014-01-10 00:00:00+05:30,34.6656531595165,2314.95,2213.75,34.00931930541992,1376164,0.0,0.0,ADANIENT.NS,Adani Enterprises Limited,Thermal Coal,Energy,Mr. Gautambhai Shantilal Adani S.Y. B.Com,"Ahmedabad, India",https://www.adanienterprises.com,2311.75,2238.85,2668245024768,77.16122,29.96,0.00059999997,3743.9,2025.0
2014-01-13 00:00:00+05:30,33.75524679800476,2314.95,2213.75,33.211830139160156,1376164,0.0,0.0,ADANIENT.NS,Adani Enterprises Limited,Thermal Coal,Energy,Mr. Gautambhai Shantilal Adani S.Y. B.Com,"Ahmedabad, India",https://www.adanienterprises.com,2311.75,2238.85,2668245024768,77.16122,29.96,0.00059999997,3743.9,2025.0
2014-01-14 00:00:00+05:30,32.76016307507816,2314.95,2213.75,34.475093841552734,1376164,0.0,0.0,ADANIENT.NS,Adani Enterprises Limited,Thermal Coal,Energy,Mr. Gautambhai Shantilal Adani S.Y. B.Com,"Ahmedabad, India",https://www.adanienterprises.com,2311.75,2238.85,2668245024768,77.16122,29.96,0.00059999997,3743.9,2025.0
2014-01-15 00:00:00+05:30,34.72209918363262,2314.95,2213.75,35.166709899902344,1376164,0.0,0.0,ADANIENT.NS,Adani Enterprises Limited,Thermal Coal,Energy,Mr. Gautambhai Shantilal Adani S.Y. B.Com,"Ahmedabad, India",https://www.adanienterprises.com,2311.75,2238.85,2668245024768,77.16122,29.96,0.00059999997,3743.9,2025.0
2014-01-16 00:00:00+05:30,35.343147804174286,2314.95,2213.75,35.09614181518555,1376164,0.0,0.0,ADANIENT.NS,Adani Enterprises Limited,Thermal Coal,Energy,Mr. Gautambhai Shantilal Adani S.Y. B.Com,"Ahmedabad, India",https://www.adanienterprises.com,2311.75,2238.85,2668245024768,77.16122,29.96,0.00059999997,3743.9,2025.0
2014-01-17 00:00:00+05:30,35.23729064876375,2314.95,2213.75,33.85405349731445,1376164,0.0,0.0,ADANIENT.NS,Adani Enterprises Limited,Thermal Coal,Energy,Mr. Gautambhai Shantilal Adani S.Y. B.Com,"Ahmedabad, India",https://www.adanienterprises.com,2311.75,2238.85,2668245024768,77.16122,29.96,0.00059999997,3743.9,2025.0
2014-01-20 00:00:00+05:30,34.02342012310886,2314.95,2213.75,34.820899963378906,1376164,0.0,0.0,ADANIENT.NS,Adani Enterprises Limited,Thermal Coal,Energy,Mr. Gautambhai Shantilal Adani S.Y. B.Com,"Ahmedabad, India",https://www.adanienterprises.com,2311.75,2238.85,2668245024768,77.16122,29.96,0.00059999997,3743.9,2025.0
2014-01-21 00:00:00+05:30,35.194940640720695,2314.95,2213.75,34.86324691772461,1376164,0.0,0.0,ADANIENT.NS,Adani Enterprises Limited,Thermal Coal,Energy,Mr. Gautambhai Shantilal Adani S.Y. B.Com,"Ahmedabad, India",https://www.adanienterprises.com,2311.75,2238.85,2668245024768,77.16122,29.96,0.00059999997,3743.9,2025.0
2014-01-22 00:00:00+05:30,34.89147877349709,2314.95,2213.75,34.71504592895508,1376164,0.0,0.0,ADANIENT.NS,Adani Enterprises Limited,Thermal Coal,Energy,Mr. Gautambhai Shantilal Adani S.Y. B.Com,"Ahmedabad, India",https://www.adanienterprises.com,2311.75,2238.85,2668245024768,77.16122,29.96,0.00059999997,3743.9,2025.0
2014-01-23 00:00:00+05:30,34.43980239480714,2314.95,2213.75,36.32411193847656,1376164,0.0,0.0,ADANIENT.NS,Adani Enterprises Limited,Thermal Coal,Energy,Mr. Gautambhai Shantilal Adani S.Y. B.Com,"Ahmedabad, India",https://www.adanienterprises.com,2311.75,2238.85,2668245024768,77.16122,29.96,0.00059999997,3743.9,2025.0
2014-01-24 00:00:00+05:30,36.415864034225145,2314.95,2213.75,35.258460998535156,1376164,0.0,0.0,ADANIENT.NS,Adani Enterprises Limited,Thermal Coal,Energy,Mr. Gautambhai Shantilal Adani S.Y. B.Com,"Ahmedabad, India",https://www.adanienterprises.com,2311.75,2238.85,2668245024768,77.16122,29.96,0.00059999997,3743.9,2025.0
2014-01-27 00:00:00+05:30,34.750327031705396,2314.95,2213.75,33.458831787109375,1376164,0.0,0.0,ADANIENT.NS,Adani Enterprises Limited,Thermal Coal,Energy,Mr. Gautambhai Shantilal Adani S.Y. B.Com,"Ahmedabad, India",https://www.adanienterprises.com,2311.75,2238.85,2668245024768,77.16122,29.96,0.00059999997,3743.9,2025.0
2014-01-28 00:00:00+05:30,34.01636746988231,2314.95,2213.75,33.86110305786133,1376164,0.0,0.0,ADANIENT.NS,Adani Enterprises Limited,Thermal Coal,Energy,Mr. Gautambhai Shantilal Adani S.Y. B.Com,"Ahmedabad, India",https://www.adanienterprises.com,2311.75,2238.85,2668245024768,77.16122,29.96,0.00059999997,3743.9,2025.0
2014-01-29 00:00:00+05:30,34.016363149823626,2314.95,2213.75,35.91478729248047,1376164,0.0,0.0,ADANIENT.NS,Adani Enterprises Limited,Thermal Coal,Energy,Mr. Gautambhai Shantilal Adani S.Y. B.Com,"Ahmedabad, India",https://www.adanienterprises.com,2311.75,2238.85,2668245024768,77.16122,29.96,0.00059999997,3743.9,2025.0
2014-01-30 00:00:00+05:30,34.72915958535134,2314.95,2213.75,33.88227844238281,1376164,0.0,0.0,ADANIENT.NS,Adani Enterprises Limited,Thermal Coal,Energy,Mr. Gautambhai Shantilal Adani S.Y. B.Com,"Ahmedabad, India",https://www.adanienterprises.com,2311.75,2238.85,2668245024768,77.16122,29.96,0.00059999997,3743.9,2025.0
2014-01-31 00:00:00+05:30,34.00225576621533,2314.95,2213.75,33.71290588378906,1376164,0.0,0.0,ADANIENT.NS,Adani Enterprises Limited,Thermal Coal,Energy,Mr. Gautambhai Shantilal Adani S.Y. B.Com,"Ahmedabad, India",https://www.adanienterprises.com,2311.75,2238.85,2668245024768,77.16122,29.96,0.00059999997,3743.9,2025.0
2014-02-03 00:00:00+05:30,33.6635024743148,2314.95,2213.75,33.16948699951172,1376164,0.0,0.0,ADANIENT.NS,Adani Enterprises Limited,Thermal Coal,Energy,Mr. Gautambhai Shantilal Adani S.Y. B.Com,"Ahmedabad, India",https://www.adanienterprises.com,2311.75,2238.85,2668245024768,77.16122,29.96,0.00059999997,3743.9,2025.0
2014-02-04 00:00:00+05:30,32.851905583968836,2314.95,2213.75,32.64724349975586,1376164,0.0,0.0,ADANIENT.NS,Adani Enterprises Limited,Thermal Coal,Energy,Mr. Gautambhai Shantilal Adani S.Y. B.Com,"Ahmedabad, India",https://www.adanienterprises.com,2311.75,2238.85,2668245024768,77.16122,29.96,0.00059999997,3743.9,2025.0
2014-02-05 00:00:00+05:30,32.46375218171926,2314.95,2213.75,32.51315689086914,1376164,0.0,0.0,ADANIENT.NS,Adani Enterprises Limited,Thermal Coal,Energy,Mr. Gautambhai Shantilal Adani S.Y. B.Com,"Ahmedabad, India",https://www.adanienterprises.com,2311.75,2238.85,2668245024768,77.16122,29.96,0.00059999997,3743.9,2025.0
2014-02-06 00:00:00+05:30,32.65429204826126,2314.95,2213.75,31.941503524780273,1376164,0.0,0.0,ADANIENT.NS,Adani Enterprises Limited,Thermal Coal,Energy,Mr. Gautambhai Shantilal Adani S.Y. B.Com,"Ahmedabad, India",https://www.adanienterprises.com,2311.75,2238.85,2668245024768,77.16122,29.96,0.00059999997,3743.9,2025.0
2014-02-07 00:00:00+05:30,32.32260567213005,2314.95,2213.75,31.856822967529297,1376164,0.0,0.0,ADANIENT.NS,Adani Enterprises Limited,Thermal Coal,Energy,Mr. Gautambhai Shantilal Adani S.Y. B.Com,"Ahmedabad, India",https://www.adanienterprises.com,2311.75,2238.85,2668245024768,77.16122,29.96,0.00059999997,3743.9,2025.0
2014-02-10 00:00:00+05:30,31.61686858334495,2314.95,2213.75,31.29222869873047,1376164,0.0,0.0,ADANIENT.NS,Adani Enterprises Limited,Thermal Coal,Energy,Mr. Gautambhai Shantilal Adani S.Y. B.Com,"Ahmedabad, India",https://www.adanienterprises.com,2311.75,2238.85,2668245024768,77.16122,29.96,0.00059999997,3743.9,2025.0
2014-02-11 00:00:00+05:30,31.29223245611447,2314.95,2213.75,31.186372756958008,1376164,0.0,0.0,ADANIENT.NS,Adani Enterprises Limited,Thermal Coal,Energy,Mr. Gautambhai Shantilal Adani S.Y. B.Com,"Ahmedabad, India",https://www.adanienterprises.com,2311.75,2238.85,2668245024768,77.16122,29.96,0.00059999997,3743.9,2025.0
2014-02-12 00:00:00+05:30,31.461610349032817,2314.95,2213.75,31.05228614807129,1376164,0.0,0.0,ADANIENT.NS,Adani Enterprises Limited,Thermal Coal,Energy,Mr. Gautambhai Shantilal Adani S.Y. B.Com,"Ahmedabad, India",https://www.adanienterprises.com,2311.75,2238.85,2668245024768,77.16122,29.96,0.00059999997,3743.9,2025.0
2014-02-13 00:00:00+05:30,31.22165959161738,2314.95,2213.75,30.734704971313477,1376164,0.0,0.0,ADANIENT.NS,Adani Enterprises Limited,Thermal Coal,Energy,Mr. Gautambhai Shantilal Adani S.Y. B.Com,"Ahmedabad, India",https://www.adanienterprises.com,2311.75,2238.85,2668245024768,77.16122,29.96,0.00059999997,3743.9,2025.0
2014-02-14 00:00:00+05:30,30.50181581693874,2314.95,2213.75,30.374780654907227,1376164,0.0,0.0,ADANIENT.NS,Adani Enterprises Limited,Thermal Coal,Energy,Mr. Gautambhai Shantilal Adani S.Y. B.Com,"Ahmedabad, India",https://www.adanienterprises.com,2311.75,2238.85,2668245024768,77.16122,29.96,0.00059999997,3743.9,2025.0
2014-02-17 00:00:00+05:30,30.219519244287135,2314.95,2213.75,31.073457717895508,1376164,0.0,0.0,ADANIENT.NS,Adani Enterprises Limited,Thermal Coal,Energy,Mr. Gautambhai Shantilal Adani S.Y. B.Com,"Ahmedabad, India",https://www.adanienterprises.com,2311.75,2238.85,2668245024768,77.16122,29.96,0.00059999997,3743.9,2025.0
2014-02-18 00:00:00+05:30,31.087574731621917,2314.95,2213.75,32.146175384521484,1376164,0.0,0.0,ADANIENT.NS,Adani Enterprises Limited,Thermal Coal,Energy,Mr. Gautambhai Shantilal Adani S.Y. B.Com,"Ahmedabad, India",https://www.adanienterprises.com,2311.75,2238.85,2668245024768,77.16122,29.96,0.00059999997,3743.9,2025.0
2014-02-19 00:00:00+05:30,32.590791621751144,2314.95,2213.75,34.446868896484375,1376164,0.0,0.0,ADANIENT.NS,Adani Enterprises Limited,Thermal Coal,Energy,Mr. Gautambhai Shantilal Adani S.Y. B.Com,"Ahmedabad, India",https://www.adanienterprises.com,2311.75,2238.85,2668245024768,77.16122,29.96,0.00059999997,3743.9,2025.0
2014-02-20 00:00:00+05:30,34.29866244478416,2314.95,2213.75,34.60918426513672,1376164,0.0,0.0,ADANIENT.NS,Adani Enterprises Limited,Thermal Coal,Energy,Mr. Gautambhai Shantilal Adani S.Y. B.Com,"Ahmedabad, India",https://www.adanienterprises.com,2311.75,2238.85,2668245024768,77.16122,29.96,0.00059999997,3743.9,2025.0
2014-02-21 00:00:00+05:30,34.78562520674316,2314.95,2213.75,35.2302360534668,1376164,0.0,0.0,ADANIENT.NS,Adani Enterprises Limited,Thermal Coal,Energy,Mr. Gautambhai Shantilal Adani S.Y. B.Com,"Ahmedabad, India",https://www.adanienterprises.com,2311.75,2238.85,2668245024768,77.16122,29.96,0.00059999997,3743.9,2025.0
2014-02-24 00:00:00+05:30,35.40666113739673,2314.95,2213.75,35.23728561401367,1376164,0.0,0.0,ADANIENT.NS,Adani Enterprises Limited,Thermal Coal,Energy,Mr. Gautambhai Shantilal Adani S.Y. B.Com,"Ahmedabad, India",https://www.adanienterprises.com,2311.75,2238.85,2668245024768,77.16122,29.96,0.00059999997,3743.9,2025.0
2014-02-25 00:00:00+05:30,35.39254725580698,2314.95,2213.75,35.194942474365234,1376164,0.0,0.0,ADANIENT.NS,Adani Enterprises Limited,Thermal Coal,Energy,Mr. Gautambhai Shantilal Adani S.Y. B.Com,"Ahmedabad, India",https://www.adanienterprises.com,2311.75,2238.85,2668245024768,77.16122,29.96,0.00059999997,3743.9,2025.0
2014-02-26 00:00:00+05:30,35.2584609099738,2314.95,2213.75,35.0467414855957,1376164,0.0,0.0,ADANIENT.NS,Adani Enterprises Limited,Thermal Coal,Energy,Mr. Gautambhai Shantilal Adani S.Y. B.Com,"Ahmedabad, India",https://www.adanienterprises.com,2311.75,2238.85,2668245024768,77.16122,29.96,0.00059999997,3743.9,2025.0
2014-02-28 00:00:00+05:30,35.1808237399643,2314.95,2213.75,35.886558532714844,1376164,0.0,0.0,ADANIENT.NS,Adani Enterprises Limited,Thermal Coal,Energy,Mr. Gautambhai Shantilal Adani S.Y. B.Com,"Ahmedabad, India",https://www.adanienterprises.com,2311.75,2238.85,2668245024768,77.16122,29.96,0.00059999997,3743.9,2025.0
2014-03-03 00:00:00+05:30,35.99242140684721,2314.95,2213.75,37.248626708984375,1376164,0.0,0.0,ADANIENT.NS,Adani Enterprises Limited,Thermal Coal,Energy,Mr. Gautambhai Shantilal Adani S.Y. B.Com,"Ahmedabad, India",https://www.adanienterprises.com,2311.75,2238.85,2668245024768,77.16122,29.96,0.00059999997,3743.9,2025.0
2014-03-04 00:00:00+05:30,37.545036219094904,2314.95,2213.75,37.78498840332031,1376164,0.0,0.0,ADANIENT.NS,Adani Enterprises Limited,Thermal Coal,Energy,Mr. Gautambhai Shantilal Adani S.Y. B.Com,"Ahmedabad, India",https://www.adanienterprises.com,2311.75,2238.85,2668245024768,77.16122,29.96,0.00059999997,3743.9,2025.0
2014-03-05 00:00:00+05:30,38.10962775643624,2314.95,2213.75,37.820274353027344,1376164,0.0,0.0,ADANIENT.NS,Adani Enterprises Limited,Thermal Coal,Energy,Mr. Gautambhai Shantilal Adani S.Y. B.Com,"Ahmedabad, India",https://www.adanienterprises.com,2311.75,2238.85,2668245024768,77.16122,29.96,0.00059999997,3743.9,2025.0
2014-03-06 00:00:00+05:30,37.96847018006078,2314.95,2213.75,38.72360610961914,1376164,0.0,0.0,ADANIENT.NS,Adani Enterprises Limited,Thermal Coal,Energy,Mr. Gautambhai Shantilal Adani S.Y. B.Com,"Ahmedabad, India",https://www.adanienterprises.com,2311.75,2238.85,2668245024768,77.16122,29.96,0.00059999997,3743.9,2025.0
2014-03-07 00:00:00+05:30,38.88593425152401,2314.95,2213.75,42.781585693359375,1376164,0.0,0.0,ADANIENT.NS,Adani Enterprises Limited,Thermal Coal,Energy,Mr. Gautambhai Shantilal Adani S.Y. B.Com,"Ahmedabad, India",https://www.adanienterprises.com,2311.75,2238.85,2668245024768,77.16122,29.96,0.00059999997,3743.9,2025.0
2014-03-10 00:00:00+05:30,42.887438938171144,2314.95,2213.75,44.70823287963867,1376164,0.0,0.0,ADANIENT.NS,Adani Enterprises Limited,Thermal Coal,Energy,Mr. Gautambhai Shantilal Adani S.Y. B.Com,"Ahmedabad, India",https://www.adanienterprises.com,2311.75,2238.85,2668245024768,77.16122,29.96,0.00059999997,3743.9,2025.0
2014-03-11 00:00:00+05:30,44.94112069581507,2314.95,2213.75,44.92700958251953,1376164,0.0,0.0,ADANIENT.NS,Adani Enterprises Limited,Thermal Coal,Energy,Mr. Gautambhai Shantilal Adani S.Y. B.Com,"Ahmedabad, India",https://www.adanienterprises.com,2311.75,2238.85,2668245024768,77.16122,29.96,0.00059999997,3743.9,2025.0
2014-03-12 00:00:00+05:30,45.02581630101634,2314.95,2213.75,44.228336334228516,1376164,0.0,0.0,ADANIENT.NS,Adani Enterprises Limited,Thermal Coal,Energy,Mr. Gautambhai Shantilal Adani S.Y. B.Com,"Ahmedabad, India",https://www.adanienterprises.com,2311.75,2238.85,2668245024768,77.16122,29.96,0.00059999997,3743.9,2025.0
2014-03-13 00:00:00+05:30,44.39066132391835,2314.95,2213.75,43.61435317993164,1376164,0.0,0.0,ADANIENT.NS,Adani Enterprises Limited,Thermal Coal,Energy,Mr. Gautambhai Shantilal Adani S.Y. B.Com,"Ahmedabad, India",https://www.adanienterprises.com,2311.75,2238.85,2668245024768,77.16122,29.96,0.00059999997,3743.9,2025.0
2014-03-14 00:00:00+05:30,43.06387823356216,2314.95,2213.75,45.20225143432617,1376164,0.0,0.0,ADANIENT.NS,Adani Enterprises Limited,Thermal Coal,Energy,Mr. Gautambhai Shantilal Adani S.Y. B.Com,"Ahmedabad, India",https://www.adanienterprises.com,2311.75,2238.85,2668245024768,77.16122,29.96,0.00059999997,3743.9,2025.0
2014-03-18 00:00:00+05:30,45.639809528959816,2314.95,2213.75,45.59040832519531,1376164,0.0,0.0,ADANIENT.NS,Adani Enterprises Limited,Thermal Coal,Energy,Mr. Gautambhai Shantilal Adani S.Y. B.Com,"Ahmedabad, India",https://www.adanienterprises.com,2311.75,2238.85,2668245024768,77.16122,29.96,0.00059999997,3743.9,2025.0
2014-03-19 00:00:00+05:30,45.788010514896825,2314.95,2213.75,45.738609313964844,1376164,0.0,0.0,ADANIENT.NS,Adani Enterprises Limited,Thermal Coal,Energy,Mr. Gautambhai Shantilal Adani S.Y. B.Com,"Ahmedabad, India",https://www.adanienterprises.com,2311.75,2238.85,2668245024768,77.16122,29.96,0.00059999997,3743.9,2025.0
2014-03-20 00:00:00+05:30,45.576284230091126,2314.95,2213.75,44.36948013305664,1376164,0.0,0.0,ADANIENT.NS,Adani Enterprises Limited,Thermal Coal,Energy,Mr. Gautambhai Shantilal Adani S.Y. B.Com,"Ahmedabad, India",https://www.adanienterprises.com,2311.75,2238.85,2668245024768,77.16122,29.96,0.00059999997,3743.9,2025.0
2014-03-21 00:00:00+05:30,44.60238444540036,2314.95,2213.75,46.02090835571289,1376164,0.0,0.0,ADANIENT.NS,Adani Enterprises Limited,Thermal Coal,Energy,Mr. Gautambhai Shantilal Adani S.Y. B.Com,"Ahmedabad, India",https://www.adanienterprises.com,2311.75,2238.85,2668245024768,77.16122,29.96,0.00059999997,3743.9,2025.0
2014-03-24 00:00:00+05:30,46.154992122797275,2314.95,2213.75,45.865638732910156,1376164,0.0,0.0,ADANIENT.NS,Adani Enterprises Limited,Thermal Coal,Energy,Mr. Gautambhai Shantilal Adani S.Y. B.Com,"Ahmedabad, India",https://www.adanienterprises.com,2311.75,2238.85,2668245024768,77.16122,29.96,0.00059999997,3743.9,2025.0
2014-03-25 00:00:00+05:30,45.83035692488131,2314.95,2213.75,46.69135284423828,1376164,0.0,0.0,ADANIENT.NS,Adani Enterprises Limited,Thermal Coal,Energy,Mr. Gautambhai Shantilal Adani S.Y. B.Com,"Ahmedabad, India",https://www.adanienterprises.com,2311.75,2238.85,2668245024768,77.16122,29.96,0.00059999997,3743.9,2025.0
2014-03-26 00:00:00+05:30,46.917187858187056,2314.95,2213.75,46.42317581176758,1376164,0.0,0.0,ADANIENT.NS,Adani Enterprises Limited,Thermal Coal,Energy,Mr. Gautambhai Shantilal Adani S.Y. B.Com,"Ahmedabad, India",https://www.adanienterprises.com,2311.75,2238.85,2668245024768,77.16122,29.96,0.00059999997,3743.9,2025.0
2014-03-27 00:00:00+05:30,46.50785848830415,2314.95,2213.75,46.712520599365234,1376164,0.0,0.0,ADANIENT.NS,Adani Enterprises Limited,Thermal Coal,Energy,Mr. Gautambhai Shantilal Adani S.Y. B.Com,"Ahmedabad, India",https://www.adanienterprises.com,2311.75,2238.85,2668245024768,77.16122,29.96,0.00059999997,3743.9,2025.0
2014-03-28 00:00:00+05:30,46.846610033873446,2314.95,2213.75,50.22002029418945,1376164,0.0,0.0,ADANIENT.NS,Adani Enterprises Limited,Thermal Coal,Energy,Mr. Gautambhai Shantilal Adani S.Y. B.Com,"Ahmedabad, India",https://www.adanienterprises.com,2311.75,2238.85,2668245024768,77.16122,29.96,0.00059999997,3743.9,2025.0
2014-03-31 00:00:00+05:30,50.678746197631604,2314.95,2213.75,51.94200897216797,1376164,0.0,0.0,ADANIENT.NS,Adani Enterprises Limited,Thermal Coal,Energy,Mr. Gautambhai Shantilal Adani S.Y. B.Com,"Ahmedabad, India",https://www.adanienterprises.com,2311.75,2238.85,2668245024768,77.16122,29.96,0.00059999997,3743.9,2025.0
2014-04-01 00:00:00+05:30,52.22430113370529,2314.95,2213.75,49.782466888427734,1376164,0.0,0.0,ADANIENT.NS,Adani Enterprises Limited,Thermal Coal,Energy,Mr. Gautambhai Shantilal Adani S.Y. B.Com,"Ahmedabad, India",https://www.adanienterprises.com,2311.75,2238.85,2668245024768,77.16122,29.96,0.00059999997,3743.9,2025.0
2014-04-02 00:00:00+05:30,50.08592494251979,2314.95,2213.75,50.601112365722656,1376164,0.0,0.0,ADANIENT.NS,Adani Enterprises Limited,Thermal Coal,Energy,Mr. Gautambhai Shantilal Adani S.Y. B.Com,"Ahmedabad, India",https://www.adanienterprises.com,2311.75,2238.85,2668245024768,77.16122,29.96,0.00059999997,3743.9,2025.0
2014-04-03 00:00:00+05:30,50.64345379877947,2314.95,2213.75,49.634254455566406,1376164,0.0,0.0,ADANIENT.NS,Adani Enterprises Limited,Thermal Coal,Energy,Mr. Gautambhai Shantilal Adani S.Y. B.Com,"Ahmedabad, India",https://www.adanienterprises.com,2311.75,2238.85,2668245024768,77.16122,29.96,0.00059999997,3743.9,2025.0
2014-04-04 00:00:00+05:30,49.85303273086344,2314.95,2213.75,52.40778732299805,1376164,0.0,0.0,ADANIENT.NS,Adani Enterprises Limited,Thermal Coal,Energy,Mr. Gautambhai Shantilal Adani S.Y. B.Com,"Ahmedabad, India",https://www.adanienterprises.com,2311.75,2238.85,2668245024768,77.16122,29.96,0.00059999997,3743.9,2025.0
2014-04-07 00:00:00+05:30,52.640683159922204,2314.95,2213.75,53.47344970703125,1376164,0.0,0.0,ADANIENT.NS,Adani Enterprises Limited,Thermal Coal,Energy,Mr. Gautambhai Shantilal Adani S.Y. B.Com,"Ahmedabad, India",https://www.adanienterprises.com,2311.75,2238.85,2668245024768,77.16122,29.96,0.00059999997,3743.9,2025.0
2014-04-09 00:00:00+05:30,53.76985234837074,2314.95,2213.75,53.96746063232422,1376164,0.0,0.0,ADANIENT.NS,Adani Enterprises Limited,Thermal Coal,Energy,Mr. Gautambhai Shantilal Adani S.Y. B.Com,"Ahmedabad, India",https://www.adanienterprises.com,2311.75,2238.85,2668245024768,77.16122,29.96,0.00059999997,3743.9,2025.0
2014-04-10 00:00:00+05:30,54.193304796504826,2314.95,2213.75,66.31781768798828,1376164,0.0,0.0,ADANIENT.NS,Adani Enterprises Limited,Thermal Coal,Energy,Mr. Gautambhai Shantilal Adani S.Y. B.Com,"Ahmedabad, India",https://www.adanienterprises.com,2311.75,2238.85,2668245024768,77.16122,29.96,0.00059999997,3743.9,2025.0
2014-04-11 00:00:00+05:30,63.65719030043854,2314.95,2213.75,61.779937744140625,1376164,0.0,0.0,ADANIENT.NS,Adani Enterprises Limited,Thermal Coal,Energy,Mr. Gautambhai Shantilal Adani S.Y. B.Com,"Ahmedabad, India",https://www.adanienterprises.com,2311.75,2238.85,2668245024768,77.16122,29.96,0.00059999997,3743.9,2025.0
2014-04-15 00:00:00+05:30,62.07634058580894,2314.95,2213.75,58.94288635253906,1376164,0.0,0.0,ADANIENT.NS,Adani Enterprises Limited,Thermal Coal,Energy,Mr. Gautambhai Shantilal Adani S.Y. B.Com,"Ahmedabad, India",https://www.adanienterprises.com,2311.75,2238.85,2668245024768,77.16122,29.96,0.00059999997,3743.9,2025.0
2014-04-16 00:00:00+05:30,59.28163978861311,2314.95,2213.75,60.763675689697266,1376164,0.0,0.0,ADANIENT.NS,Adani Enterprises Limited,Thermal Coal,Energy,Mr. Gautambhai Shantilal Adani S.Y. B.Com,"Ahmedabad, India",https://www.adanienterprises.com,2311.75,2238.85,2668245024768,77.16122,29.96,0.00059999997,3743.9,2025.0
2014-04-17 00:00:00+05:30,61.398837700041476,2314.95,2213.75,61.871681213378906,1376164,0.0,0.0,ADANIENT.NS,Adani Enterprises Limited,Thermal Coal,Energy,Mr. Gautambhai Shantilal Adani S.Y. B.Com,"Ahmedabad, India",https://www.adanienterprises.com,2311.75,2238.85,2668245024768,77.16122,29.96,0.00059999997,3743.9,2025.0
2014-04-21 00:00:00+05:30,62.386849577307416,2314.95,2213.75,62.542110443115234,1376164,0.0,0.0,ADANIENT.NS,Adani Enterprises Limited,Thermal Coal,Energy,Mr. Gautambhai Shantilal Adani S.Y. B.Com,"Ahmedabad, India",https://www.adanienterprises.com,2311.75,2238.85,2668245024768,77.16122,29.96,0.00059999997,3743.9,2025.0
2014-04-22 00:00:00+05:30,62.95851002704769,2314.95,2213.75,62.146915435791016,1376164,0.0,0.0,ADANIENT.NS,Adani Enterprises Limited,Thermal Coal,Energy,Mr. Gautambhai Shantilal Adani S.Y. B.Com,"Ahmedabad, India",https://www.adanienterprises.com,2311.75,2238.85,2668245024768,77.16122,29.96,0.00059999997,3743.9,2025.0
2014-04-23 00:00:00+05:30,62.45744254885685,2314.95,2213.75,60.94717025756836,1376164,0.0,0.0,ADANIENT.NS,Adani Enterprises Limited,Thermal Coal,Energy,Mr. Gautambhai Shantilal Adani S.Y. B.Com,"Ahmedabad, India",https://www.adanienterprises.com,2311.75,2238.85,2668245024768,77.16122,29.96,0.00059999997,3743.9,2025.0
2014-04-24 00:00:00+05:30,60.94717025756836,2314.95,2213.75,60.94717025756836,1376164,0.0,0.0,ADANIENT.NS,Adani Enterprises Limited,Thermal Coal,Energy,Mr. Gautambhai Shantilal Adani S.Y. B.Com,"Ahmedabad, India",https://www.adanienterprises.com,2311.75,2238.85,2668245024768,77.16122,29.96,0.00059999997,3743.9,2025.0
2014-04-25 00:00:00+05:30,61.222404062412735,2314.95,2213.75,61.04597473144531,1376164,0.0,0.0,ADANIENT.NS,Adani Enterprises Limited,Thermal Coal,Energy,Mr. Gautambhai Shantilal Adani S.Y. B.Com,"Ahmedabad, India",https://www.adanienterprises.com,2311.75,2238.85,2668245024768,77.16122,29.96,0.00059999997,3743.9,2025.0
2014-04-28 00:00:00+05:30,61.116554851450864,2314.95,2213.75,60.417877197265625,1376164,0.0,0.0,ADANIENT.NS,Adani Enterprises Limited,Thermal Coal,Energy,Mr. Gautambhai Shantilal Adani S.Y. B.Com,"Ahmedabad, India",https://www.adanienterprises.com,2311.75,2238.85,2668245024768,77.16122,29.96,0.00059999997,3743.9,2025.0
2014-04-29 00:00:00+05:30,59.98737520733484,2314.95,2213.75,61.215354919433594,1376164,0.0,0.0,ADANIENT.NS,Adani Enterprises Limited,Thermal Coal,Energy,Mr. Gautambhai Shantilal Adani S.Y. B.Com,"Ahmedabad, India",https://www.adanienterprises.com,2311.75,2238.85,2668245024768,77.16122,29.96,0.00059999997,3743.9,2025.0
2014-04-30 00:00:00+05:30,61.525873150379965,2314.95,2213.75,58.978172302246094,1376164,0.0,0.0,ADANIENT.NS,Adani Enterprises Limited,Thermal Coal,Energy,Mr. Gautambhai Shantilal Adani S.Y. B.Com,"Ahmedabad, India",https://www.adanienterprises.com,2311.75,2238.85,2668245024768,77.16122,29.96,0.00059999997,3743.9,2025.0
2014-05-02 00:00:00+05:30,59.78977119560343,2314.95,2213.75,59.38750076293945,1376164,0.0,0.0,ADANIENT.NS,Adani Enterprises Limited,Thermal Coal,Energy,Mr. Gautambhai Shantilal Adani S.Y. B.Com,"Ahmedabad, India",https://www.adanienterprises.com,2311.75,2238.85,2668245024768,77.16122,29.96,0.00059999997,3743.9,2025.0
2014-05-05 00:00:00+05:30,59.70507800915353,2314.95,2213.75,60.1638069152832,1376164,0.0,0.0,ADANIENT.NS,Adani Enterprises Limited,Thermal Coal,Energy,Mr. Gautambhai Shantilal Adani S.Y. B.Com,"Ahmedabad, India",https://www.adanienterprises.com,2311.75,2238.85,2668245024768,77.16122,29.96,0.00059999997,3743.9,2025.0
2014-05-06 00:00:00+05:30,60.76367515564083,2314.95,2213.75,61.04597473144531,1376164,0.0,0.0,ADANIENT.NS,Adani Enterprises Limited,Thermal Coal,Energy,Mr. Gautambhai Shantilal Adani S.Y. B.Com,"Ahmedabad, India",https://www.adanienterprises.com,2311.75,2238.85,2668245024768,77.16122,29.96,0.00059999997,3743.9,2025.0
2014-05-07 00:00:00+05:30,61.31414954866234,2314.95,2213.75,60.33317947387695,1376164,0.0,0.0,ADANIENT.NS,Adani Enterprises Limited,Thermal Coal,Energy,Mr. Gautambhai Shantilal Adani S.Y. B.Com,"Ahmedabad, India",https://www.adanienterprises.com,2311.75,2238.85,2668245024768,77.16122,29.96,0.00059999997,3743.9,2025.0
2014-05-08 00:00:00+05:30,60.763668106524094,2314.95,2213.75,59.683902740478516,1376164,0.0,0.0,ADANIENT.NS,Adani Enterprises Limited,Thermal Coal,Energy,Mr. Gautambhai Shantilal Adani S.Y. B.Com,"Ahmedabad, India",https://www.adanienterprises.com,2311.75,2238.85,2668245024768,77.16122,29.96,0.00059999997,3743.9,2025.0
2014-05-09 00:00:00+05:30,59.86033206233367,2314.95,2213.75,60.99656295776367,1376164,0.0,0.0,ADANIENT.NS,Adani Enterprises Limited,Thermal Coal,Energy,Mr. Gautambhai Shantilal Adani S.Y. B.Com,"Ahmedabad, India",https://www.adanienterprises.com,2311.75,2238.85,2668245024768,77.16122,29.96,0.00059999997,3743.9,2025.0
2014-05-12 00:00:00+05:30,61.64584074305136,2314.95,2213.75,60.71427536010742,1376164,0.0,0.0,ADANIENT.NS,Adani Enterprises Limited,Thermal Coal,Energy,Mr. Gautambhai Shantilal Adani S.Y. B.Com,"Ahmedabad, India",https://www.adanienterprises.com,2311.75,2238.85,2668245024768,77.16122,29.96,0.00059999997,3743.9,2025.0
2014-05-13 00:00:00+05:30,61.71640422516648,2314.95,2213.75,67.53871154785156,1376164,0.0,0.0,ADANIENT.NS,Adani Enterprises Limited,Thermal Coal,Energy,Mr. Gautambhai Shantilal Adani S.Y. B.Com,"Ahmedabad, India",https://www.adanienterprises.com,2311.75,2238.85,2668245024768,77.16122,29.96,0.00059999997,3743.9,2025.0
2014-05-14 00:00:00+05:30,68.03273988832966,2314.95,2213.75,70.312255859375,1376164,0.0,0.0,ADANIENT.NS,Adani Enterprises Limited,Thermal Coal,Energy,Mr. Gautambhai Shantilal Adani S.Y. B.Com,"Ahmedabad, India",https://www.adanienterprises.com,2311.75,2238.85,2668245024768,77.16122,29.96,0.00059999997,3743.9,2025.0
2014-05-15 00:00:00+05:30,70.84862103684641,2314.95,2213.75,70.65101623535156,1376164,0.0,0.0,ADANIENT.NS,Adani Enterprises Limited,Thermal Coal,Energy,Mr. Gautambhai Shantilal Adani S.Y. B.Com,"Ahmedabad, India",https://www.adanienterprises.com,2311.75,2238.85,2668245024768,77.16122,29.96,0.00059999997,3743.9,2025.0
2014-05-16 00:00:00+05:30,76.92498713286254,2314.95,2213.75,74.76544189453125,1376164,0.0,0.0,ADANIENT.NS,Adani Enterprises Limited,Thermal Coal,Energy,Mr. Gautambhai Shantilal Adani S.Y. B.Com,"Ahmedabad, India",https://www.adanienterprises.com,2311.75,2238.85,2668245024768,77.16122,29.96,0.00059999997,3743.9,2025.0
2014-05-19 00:00:00+05:30,76.92498370901602,2314.95,2213.75,76.28982543945312,1376164,0.0,0.0,ADANIENT.NS,Adani Enterprises Limited,Thermal Coal,Energy,Mr. Gautambhai Shantilal Adani S.Y. B.Com,"Ahmedabad, India",https://www.adanienterprises.com,2311.75,2238.85,2668245024768,77.16122,29.96,0.00059999997,3743.9,2025.0
2014-05-20 00:00:00+05:30,77.2778639304846,2314.95,2213.75,75.25241088867188,1376164,0.0,0.0,ADANIENT.NS,Adani Enterprises Limited,Thermal Coal,Energy,Mr. Gautambhai Shantilal Adani S.Y. B.Com,"Ahmedabad, India",https://www.adanienterprises.com,2311.75,2238.85,2668245024768,77.16122,29.96,0.00059999997,3743.9,2025.0
2014-05-21 00:00:00+05:30,75.4358870112127,2314.95,2213.75,72.74703979492188,1376164,0.0,0.0,ADANIENT.NS,Adani Enterprises Limited,Thermal Coal,Energy,Mr. Gautambhai Shantilal Adani S.Y. B.Com,"Ahmedabad, India",https://www.adanienterprises.com,2311.75,2238.85,2668245024768,77.16122,29.96,0.00059999997,3743.9,2025.0
2014-05-22 00:00:00+05:30,73.3680738937962,2314.95,2213.75,70.82037353515625,1376164,0.0,0.0,ADANIENT.NS,Adani Enterprises Limited,Thermal Coal,Energy,Mr. Gautambhai Shantilal Adani S.Y. B.Com,"Ahmedabad, India",https://www.adanienterprises.com,2311.75,2238.85,2668245024768,77.16122,29.96,0.00059999997,3743.9,2025.0
2014-05-23 00:00:00+05:30,70.9968175124462,2314.95,2213.75,71.72372436523438,1376164,0.0,0.0,ADANIENT.NS,Adani Enterprises Limited,Thermal Coal,Energy,Mr. Gautambhai Shantilal Adani S.Y. B.Com,"Ahmedabad, India",https://www.adanienterprises.com,2311.75,2238.85,2668245024768,77.16122,29.96,0.00059999997,3743.9,2025.0
2014-05-26 00:00:00+05:30,72.54943492857416,2314.95,2213.75,69.01371002197266,1376164,0.0,0.0,ADANIENT.NS,Adani Enterprises Limited,Thermal Coal,Energy,Mr. Gautambhai Shantilal Adani S.Y. B.Com,"Ahmedabad, India",https://www.adanienterprises.com,2311.75,2238.85,2668245024768,77.16122,29.96,0.00059999997,3743.9,2025.0
2014-05-27 00:00:00+05:30,68.61142091129217,2314.95,2213.75,66.9811782836914,1376164,0.0,0.0,ADANIENT.NS,Adani Enterprises Limited,Thermal Coal,Energy,Mr. Gautambhai Shantilal Adani S.Y. B.Com,"Ahmedabad, India",https://www.adanienterprises.com,2311.75,2238.85,2668245024768,77.16122,29.96,0.00059999997,3743.9,2025.0
2014-05-28 00:00:00+05:30,66.31074834646314,2314.95,2213.75,67.23526000976562,1376164,0.0,0.0,ADANIENT.NS,Adani Enterprises Limited,Thermal Coal,Energy,Mr. Gautambhai Shantilal Adani S.Y. B.Com,"Ahmedabad, India",https://www.adanienterprises.com,2311.75,2238.85,2668245024768,77.16122,29.96,0.00059999997,3743.9,2025.0
2014-05-29 00:00:00+05:30,66.64244062691134,2314.95,2213.75,63.770103454589844,1376164,0.0,0.0,ADANIENT.NS,Adani Enterprises Limited,Thermal Coal,Energy,Mr. Gautambhai Shantilal Adani S.Y. B.Com,"Ahmedabad, India",https://www.adanienterprises.com,2311.75,2238.85,2668245024768,77.16122,29.96,0.00059999997,3743.9,2025.0
2014-05-30 00:00:00+05:30,63.55837955355831,2314.95,2213.75,67.59517669677734,1376164,0.0,0.0,ADANIENT.NS,Adani Enterprises Limited,Thermal Coal,Energy,Mr. Gautambhai Shantilal Adani S.Y. B.Com,"Ahmedabad, India",https://www.adanienterprises.com,2311.75,2238.85,2668245024768,77.16122,29.96,0.00059999997,3743.9,2025.0
2014-06-02 00:00:00+05:30,68.45617906478991,2314.95,2213.75,67.89159393310547,1376164,0.0,0.0,ADANIENT.NS,Adani Enterprises Limited,Thermal Coal,Energy,Mr. Gautambhai Shantilal Adani S.Y. B.Com,"Ahmedabad, India",https://www.adanienterprises.com,2311.75,2238.85,2668245024768,77.16122,29.96,0.00059999997,3743.9,2025.0
2014-06-03 00:00:00+05:30,67.79277998641986,2314.95,2213.75,68.11741638183594,1376164,0.0,0.0,ADANIENT.NS,Adani Enterprises Limited,Thermal Coal,Energy,Mr. Gautambhai Shantilal Adani S.Y. B.Com,"Ahmedabad, India",https://www.adanienterprises.com,2311.75,2238.85,2668245024768,77.16122,29.96,0.00059999997,3743.9,2025.0
2014-06-04 00:00:00+05:30,67.77867123767793,2314.95,2213.75,70.22756958007812,1376164,0.0,0.0,ADANIENT.NS,Adani Enterprises Limited,Thermal Coal,Energy,Mr. Gautambhai Shantilal Adani S.Y. B.Com,"Ahmedabad, India",https://www.adanienterprises.com,2311.75,2238.85,2668245024768,77.16122,29.96,0.00059999997,3743.9,2025.0
2014-06-05 00:00:00+05:30,70.55926597196323,2314.95,2213.75,70.31226348876953,1376164,0.0,0.0,ADANIENT.NS,Adani Enterprises Limited,Thermal Coal,Energy,Mr. Gautambhai Shantilal Adani S.Y. B.Com,"Ahmedabad, India",https://www.adanienterprises.com,2311.75,2238.85,2668245024768,77.16122,29.96,0.00059999997,3743.9,2025.0
2014-06-06 00:00:00+05:30,70.88390278923961,2314.95,2213.75,71.39203643798828,1376164,0.0,0.0,ADANIENT.NS,Adani Enterprises Limited,Thermal Coal,Energy,Mr. Gautambhai Shantilal Adani S.Y. B.Com,"Ahmedabad, India",https://www.adanienterprises.com,2311.75,2238.85,2668245024768,77.16122,29.96,0.00059999997,3743.9,2025.0
2014-06-09 00:00:00+05:30,71.84370354772618,2314.95,2213.75,71.44849395751953,1376164,0.0,0.0,ADANIENT.NS,Adani Enterprises Limited,Thermal Coal,Energy,Mr. Gautambhai Shantilal Adani S.Y. B.Com,"Ahmedabad, India",https://www.adanienterprises.com,2311.75,2238.85,2668245024768,77.16122,29.96,0.00059999997,3743.9,2025.0
2014-06-10 00:00:00+05:30,71.5614053168625,2314.95,2213.75,69.99467468261719,1376164,0.0,0.0,ADANIENT.NS,Adani Enterprises Limited,Thermal Coal,Energy,Mr. Gautambhai Shantilal Adani S.Y. B.Com,"Ahmedabad, India",https://www.adanienterprises.com,2311.75,2238.85,2668245024768,77.16122,29.96,0.00059999997,3743.9,2025.0
2014-06-11 00:00:00+05:30,69.99467597196438,2314.95,2213.75,68.81610107421875,1376164,0.0,0.0,ADANIENT.NS,Adani Enterprises Limited,Thermal Coal,Energy,Mr. Gautambhai Shantilal Adani S.Y. B.Com,"Ahmedabad, India",https://www.adanienterprises.com,2311.75,2238.85,2668245024768,77.16122,29.96,0.00059999997,3743.9,2025.0
2014-06-12 00:00:00+05:30,68.21623287206938,2314.95,2213.75,69.04899597167969,1376164,0.0,0.0,ADANIENT.NS,Adani Enterprises Limited,Thermal Coal,Energy,Mr. Gautambhai Shantilal Adani S.Y. B.Com,"Ahmedabad, India",https://www.adanienterprises.com,2311.75,2238.85,2668245024768,77.16122,29.96,0.00059999997,3743.9,2025.0
2014-06-13 00:00:00+05:30,68.6820015429942,2314.95,2213.75,66.3248519897461,1376164,0.0,0.0,ADANIENT.NS,Adani Enterprises Limited,Thermal Coal,Energy,Mr. Gautambhai Shantilal Adani S.Y. B.Com,"Ahmedabad, India",https://www.adanienterprises.com,2311.75,2238.85,2668245024768,77.16122,29.96,0.00059999997,3743.9,2025.0
2014-06-16 00:00:00+05:30,65.91553898164959,2314.95,2213.75,66.98825073242188,1376164,0.0,0.0,ADANIENT.NS,Adani Enterprises Limited,Thermal Coal,Energy,Mr. Gautambhai Shantilal Adani S.Y. B.Com,"Ahmedabad, India",https://www.adanienterprises.com,2311.75,2238.85,2668245024768,77.16122,29.96,0.00059999997,3743.9,2025.0
2014-06-17 00:00:00+05:30,66.62834124541934,2314.95,2213.75,68.17389678955078,1376164,0.0,0.0,ADANIENT.NS,Adani Enterprises Limited,Thermal Coal,Energy,Mr. Gautambhai Shantilal Adani S.Y. B.Com,"Ahmedabad, India",https://www.adanienterprises.com,2311.75,2238.85,2668245024768,77.16122,29.96,0.00059999997,3743.9,2025.0
2014-06-18 00:00:00+05:30,68.31503870292924,2314.95,2213.75,67.75750732421875,1376164,0.0,0.0,ADANIENT.NS,Adani Enterprises Limited,Thermal Coal,Energy,Mr. Gautambhai Shantilal Adani S.Y. B.Com,"Ahmedabad, India",https://www.adanienterprises.com,2311.75,2238.85,2668245024768,77.16122,29.96,0.00059999997,3743.9,2025.0
2014-06-19 00:00:00+05:30,67.7433789311185,2314.95,2213.75,65.01924896240234,1376164,0.0,0.0,ADANIENT.NS,Adani Enterprises Limited,Thermal Coal,Energy,Mr. Gautambhai Shantilal Adani S.Y. B.Com,"Ahmedabad, India",https://www.adanienterprises.com,2311.75,2238.85,2668245024768,77.16122,29.96,0.00059999997,3743.9,2025.0
2014-06-20 00:00:00+05:30,65.06866285418012,2314.95,2213.75,63.381954193115234,1376164,0.0,0.0,ADANIENT.NS,Adani Enterprises Limited,Thermal Coal,Energy,Mr. Gautambhai Shantilal Adani S.Y. B.Com,"Ahmedabad, India",https://www.adanienterprises.com,2311.75,2238.85,2668245024768,77.16122,29.96,0.00059999997,3743.9,2025.0
2014-06-23 00:00:00+05:30,63.727754162147214,2314.95,2213.75,64.08061981201172,1376164,0.0,0.0,ADANIENT.NS,Adani Enterprises Limited,Thermal Coal,Energy,Mr. Gautambhai Shantilal Adani S.Y. B.Com,"Ahmedabad, India",https://www.adanienterprises.com,2311.75,2238.85,2668245024768,77.16122,29.96,0.00059999997,3743.9,2025.0
2014-06-24 00:00:00+05:30,64.42642542764449,2314.95,2213.75,65.55559539794922,1376164,0.0,0.0,ADANIENT.NS,Adani Enterprises Limited,Thermal Coal,Energy,Mr. Gautambhai Shantilal Adani S.Y. B.Com,"Ahmedabad, India",https://www.adanienterprises.com,2311.75,2238.85,2668245024768,77.16122,29.96,0.00059999997,3743.9,2025.0
2014-06-25 00:00:00+05:30,65.63323803545045,2314.95,2213.75,65.29448699951172,1376164,0.0,0.0,ADANIENT.NS,Adani Enterprises Limited,Thermal Coal,Energy,Mr. Gautambhai Shantilal Adani S.Y. B.Com,"Ahmedabad, India",https://www.adanienterprises.com,2311.75,2238.85,2668245024768,77.16122,29.96,0.00059999997,3743.9,2025.0
2014-06-26 00:00:00+05:30,65.49913671181274,2314.95,2213.75,63.55131149291992,1376164,0.0,0.0,ADANIENT.NS,Adani Enterprises Limited,Thermal Coal,Energy,Mr. Gautambhai Shantilal Adani S.Y. B.Com,"Ahmedabad, India",https://www.adanienterprises.com,2311.75,2238.85,2668245024768,77.16122,29.96,0.00059999997,3743.9,2025.0
2014-06-27 00:00:00+05:30,63.26902677238192,2314.95,2213.75,61.75875473022461,1376164,0.0,0.0,ADANIENT.NS,Adani Enterprises Limited,Thermal Coal,Energy,Mr. Gautambhai Shantilal Adani S.Y. B.Com,"Ahmedabad, India",https://www.adanienterprises.com,2311.75,2238.85,2668245024768,77.16122,29.96,0.00059999997,3743.9,2025.0
2014-06-30 00:00:00+05:30,61.75171564078156,2314.95,2213.75,64.22884368896484,1376164,0.0,0.0,ADANIENT.NS,Adani Enterprises Limited,Thermal Coal,Energy,Mr. Gautambhai Shantilal Adani S.Y. B.Com,"Ahmedabad, India",https://www.adanienterprises.com,2311.75,2238.85,2668245024768,77.16122,29.96,0.00059999997,3743.9,2025.0
2014-07-01 00:00:00+05:30,64.58874266411983,2314.95,2213.75,64.72988891601562,1376164,0.0,0.0,ADANIENT.NS,Adani Enterprises Limited,Thermal Coal,Energy,Mr. Gautambhai Shantilal Adani S.Y. B.Com,"Ahmedabad, India",https://www.adanienterprises.com,2311.75,2238.85,2668245024768,77.16122,29.96,0.00059999997,3743.9,2025.0
2014-07-02 00:00:00+05:30,65.22390977869128,2314.95,2213.75,69.54299926757812,1376164,0.0,0.0,ADANIENT.NS,Adani Enterprises Limited,Thermal Coal,Energy,Mr. Gautambhai Shantilal Adani S.Y. B.Com,"Ahmedabad, India",https://www.adanienterprises.com,2311.75,2238.85,2668245024768,77.16122,29.96,0.00059999997,3743.9,2025.0
2014-07-03 00:00:00+05:30,69.91704534510694,2314.95,2213.75,69.93115997314453,1376164,0.0,0.0,ADANIENT.NS,Adani Enterprises Limited,Thermal Coal,Energy,Mr. Gautambhai Shantilal Adani S.Y. B.Com,"Ahmedabad, India",https://www.adanienterprises.com,2311.75,2238.85,2668245024768,77.16122,29.96,0.00059999997,3743.9,2025.0
2014-07-04 00:00:00+05:30,70.00879398394093,2314.95,2213.75,70.3969497680664,1376164,0.0,0.0,ADANIENT.NS,Adani Enterprises Limited,Thermal Coal,Energy,Mr. Gautambhai Shantilal Adani S.Y. B.Com,"Ahmedabad, India",https://www.adanienterprises.com,2311.75,2238.85,2668245024768,77.16122,29.96,0.00059999997,3743.9,2025.0
2014-07-07 00:00:00+05:30,70.57338060030854,2314.95,2213.75,70.31226348876953,1376164,0.0,0.0,ADANIENT.NS,Adani Enterprises Limited,Thermal Coal,Energy,Mr. Gautambhai Shantilal Adani S.Y. B.Com,"Ahmedabad, India",https://www.adanienterprises.com,2311.75,2238.85,2668245024768,77.16122,29.96,0.00059999997,3743.9,2025.0
2014-07-08 00:00:00+05:30,70.29813600834383,2314.95,2213.75,63.90418243408203,1376164,0.0,0.0,ADANIENT.NS,Adani Enterprises Limited,Thermal Coal,Energy,Mr. Gautambhai Shantilal Adani S.Y. B.Com,"Ahmedabad, India",https://www.adanienterprises.com,2311.75,2238.85,2668245024768,77.16122,29.96,0.00059999997,3743.9,2025.0
2014-07-09 00:00:00+05:30,63.657186224982496,2314.95,2213.75,62.67621612548828,1376164,0.0,0.0,ADANIENT.NS,Adani Enterprises Limited,Thermal Coal,Energy,Mr. Gautambhai Shantilal Adani S.Y. B.Com,"Ahmedabad, India",https://www.adanienterprises.com,2311.75,2238.85,2668245024768,77.16122,29.96,0.00059999997,3743.9,2025.0
2014-07-10 00:00:00+05:30,62.68326106947682,2314.95,2213.75,62.74678039550781,1376164,0.0,0.0,ADANIENT.NS,Adani Enterprises Limited,Thermal Coal,Energy,Mr. Gautambhai Shantilal Adani S.Y. B.Com,"Ahmedabad, India",https://www.adanienterprises.com,2311.75,2238.85,2668245024768,77.16122,29.96,0.00059999997,3743.9,2025.0
2014-07-11 00:00:00+05:30,62.549181732063694,2314.95,2213.75,59.507469177246094,1376164,0.0,0.0,ADANIENT.NS,Adani Enterprises Limited,Thermal Coal,Energy,Mr. Gautambhai Shantilal Adani S.Y. B.Com,"Ahmedabad, India",https://www.adanienterprises.com,2311.75,2238.85,2668245024768,77.16122,29.96,0.00059999997,3743.9,2025.0
2014-07-14 00:00:00+05:30,59.175771786450376,2314.95,2213.75,58.844078063964844,1376164,0.0,0.0,ADANIENT.NS,Adani Enterprises Limited,Thermal Coal,Energy,Mr. Gautambhai Shantilal Adani S.Y. B.Com,"Ahmedabad, India",https://www.adanienterprises.com,2311.75,2238.85,2668245024768,77.16122,29.96,0.00059999997,3743.9,2025.0
2014-07-15 00:00:00+05:30,59.35222110404307,2314.95,2213.75,61.187129974365234,1376164,0.0,0.0,ADANIENT.NS,Adani Enterprises Limited,Thermal Coal,Energy,Mr. Gautambhai Shantilal Adani S.Y. B.Com,"Ahmedabad, India",https://www.adanienterprises.com,2311.75,2238.85,2668245024768,77.16122,29.96,0.00059999997,3743.9,2025.0
2014-07-16 00:00:00+05:30,61.53997855743484,2314.95,2213.75,63.51603317260742,1376164,0.0,0.0,ADANIENT.NS,Adani Enterprises Limited,Thermal Coal,Energy,Mr. Gautambhai Shantilal Adani S.Y. B.Com,"Ahmedabad, India",https://www.adanienterprises.com,2311.75,2238.85,2668245024768,77.16122,29.96,0.00059999997,3743.9,2025.0
2014-07-17 00:00:00+05:30,63.28316094361995,2314.95,2213.75,63.74188995361328,1376164,0.0,0.0,ADANIENT.NS,Adani Enterprises Limited,Thermal Coal,Energy,Mr. Gautambhai Shantilal Adani S.Y. B.Com,"Ahmedabad, India",https://www.adanienterprises.com,2311.75,2238.85,2668245024768,77.16122,29.96,0.00059999997,3743.9,2025.0
2014-07-18 00:00:00+05:30,63.480761289985715,2314.95,2213.75,64.22884368896484,1376164,0.0,0.0,ADANIENT.NS,Adani Enterprises Limited,Thermal Coal,Energy,Mr. Gautambhai Shantilal Adani S.Y. B.Com,"Ahmedabad, India",https://www.adanienterprises.com,2311.75,2238.85,2668245024768,77.16122,29.96,0.00059999997,3743.9,2025.0
2014-07-21 00:00:00+05:30,64.84988149135684,2314.95,2213.75,63.22669219970703,1376164,0.0,0.0,ADANIENT.NS,Adani Enterprises Limited,Thermal Coal,Energy,Mr. Gautambhai Shantilal Adani S.Y. B.Com,"Ahmedabad, India",https://www.adanienterprises.com,2311.75,2238.85,2668245024768,77.16122,29.96,0.00059999997,3743.9,2025.0
2014-07-22 00:00:00+05:30,63.30432381444037,2314.95,2213.75,62.90910720825195,1376164,0.0,0.0,ADANIENT.NS,Adani Enterprises Limited,Thermal Coal,Energy,Mr. Gautambhai Shantilal Adani S.Y. B.Com,"Ahmedabad, India",https://www.adanienterprises.com,2311.75,2238.85,2668245024768,77.16122,29.96,0.00059999997,3743.9,2025.0
2014-07-23 00:00:00+05:30,63.09966956244842,2314.95,2213.75,62.485679626464844,1376164,0.0,0.0,ADANIENT.NS,Adani Enterprises Limited,Thermal Coal,Energy,Mr. Gautambhai Shantilal Adani S.Y. B.Com,"Ahmedabad, India",https://www.adanienterprises.com,2311.75,2238.85,2668245024768,77.16122,29.96,0.00059999997,3743.9,2025.0
2014-07-24 00:00:00+05:30,62.6126919981892,2314.95,2213.75,62.29511642456055,1376164,0.0,0.0,ADANIENT.NS,Adani Enterprises Limited,Thermal Coal,Energy,Mr. Gautambhai Shantilal Adani S.Y. B.Com,"Ahmedabad, India",https://www.adanienterprises.com,2311.75,2238.85,2668245024768,77.16122,29.96,0.00059999997,3743.9,2025.0
2014-07-25 00:00:00+05:30,62.196314388510636,2314.95,2213.75,60.25554275512695,1376164,0.0,0.0,ADANIENT.NS,Adani Enterprises Limited,Thermal Coal,Energy,Mr. Gautambhai Shantilal Adani S.Y. B.Com,"Ahmedabad, India",https://www.adanienterprises.com,2311.75,2238.85,2668245024768,77.16122,29.96,0.00059999997,3743.9,2025.0
2014-07-28 00:00:00+05:30,60.7989573939223,2314.95,2213.75,61.060081481933594,1376164,0.0,0.0,ADANIENT.NS,Adani Enterprises Limited,Thermal Coal,Energy,Mr. Gautambhai Shantilal Adani S.Y. B.Com,"Ahmedabad, India",https://www.adanienterprises.com,2311.75,2238.85,2668245024768,77.16122,29.96,0.00059999997,3743.9,2025.0
2014-07-30 00:00:00+05:30,61.12360991821832,2314.95,2213.75,62.0904655456543,1376164,0.0,0.0,ADANIENT.NS,Adani Enterprises Limited,Thermal Coal,Energy,Mr. Gautambhai Shantilal Adani S.Y. B.Com,"Ahmedabad, India",https://www.adanienterprises.com,2311.75,2238.85,2668245024768,77.16122,29.96,0.00059999997,3743.9,2025.0
2014-07-31 00:00:00+05:30,63.08270306957104,2314.95,2213.75,62.52777099609375,1376164,1.4,0.0,ADANIENT.NS,Adani Enterprises Limited,Thermal Coal,Energy,Mr. Gautambhai Shantilal Adani S.Y. B.Com,"Ahmedabad, India",https://www.adanienterprises.com,2311.75,2238.85,2668245024768,77.16122,29.96,0.00059999997,3743.9,2025.0
2014-08-01 00:00:00+05:30,61.88634888294982,2314.95,2213.75,60.610713958740234,1376164,0.0,0.0,ADANIENT.NS,Adani Enterprises Limited,Thermal Coal,Energy,Mr. Gautambhai Shantilal Adani S.Y. B.Com,"Ahmedabad, India",https://www.adanienterprises.com,2311.75,2238.85,2668245024768,77.16122,29.96,0.00059999997,3743.9,2025.0
2014-08-04 00:00:00+05:30,60.689971778075574,2314.95,2213.75,62.246681213378906,1376164,0.0,0.0,ADANIENT.NS,Adani Enterprises Limited,Thermal Coal,Energy,Mr. Gautambhai Shantilal Adani S.Y. B.Com,"Ahmedabad, India",https://www.adanienterprises.com,2311.75,2238.85,2668245024768,77.16122,29.96,0.00059999997,3743.9,2025.0
2014-08-05 00:00:00+05:30,62.253898054986266,2314.95,2213.75,63.479087829589844,1376164,0.0,0.0,ADANIENT.NS,Adani Enterprises Limited,Thermal Coal,Energy,Mr. Gautambhai Shantilal Adani S.Y. B.Com,"Ahmedabad, India",https://www.adanienterprises.com,2311.75,2238.85,2668245024768,77.16122,29.96,0.00059999997,3743.9,2025.0
2014-08-06 00:00:00+05:30,63.666463831181055,2314.95,2213.75,65.5114517211914,1376164,0.0,0.0,ADANIENT.NS,Adani Enterprises Limited,Thermal Coal,Energy,Mr. Gautambhai Shantilal Adani S.Y. B.Com,"Ahmedabad, India",https://www.adanienterprises.com,2311.75,2238.85,2668245024768,77.16122,29.96,0.00059999997,3743.9,2025.0
2014-08-07 00:00:00+05:30,65.64117075595269,2314.95,2213.75,66.88797760009766,1376164,0.0,0.0,ADANIENT.NS,Adani Enterprises Limited,Thermal Coal,Energy,Mr. Gautambhai Shantilal Adani S.Y. B.Com,"Ahmedabad, India",https://www.adanienterprises.com,2311.75,2238.85,2668245024768,77.16122,29.96,0.00059999997,3743.9,2025.0
2014-08-08 00:00:00+05:30,66.08799449810498,2314.95,2213.75,65.55467987060547,1376164,0.0,0.0,ADANIENT.NS,Adani Enterprises Limited,Thermal Coal,Energy,Mr. Gautambhai Shantilal Adani S.Y. B.Com,"Ahmedabad, India",https://www.adanienterprises.com,2311.75,2238.85,2668245024768,77.16122,29.96,0.00059999997,3743.9,2025.0
2014-08-11 00:00:00+05:30,68.78342295902397,2314.95,2213.75,69.17980194091797,1376164,0.0,0.0,ADANIENT.NS,Adani Enterprises Limited,Thermal Coal,Energy,Mr. Gautambhai Shantilal Adani S.Y. B.Com,"Ahmedabad, India",https://www.adanienterprises.com,2311.75,2238.85,2668245024768,77.16122,29.96,0.00059999997,3743.9,2025.0
2014-08-12 00:00:00+05:30,69.43205241797226,2314.95,2213.75,68.76901245117188,1376164,0.0,0.0,ADANIENT.NS,Adani Enterprises Limited,Thermal Coal,Energy,Mr. Gautambhai Shantilal Adani S.Y. B.Com,"Ahmedabad, India",https://www.adanienterprises.com,2311.75,2238.85,2668245024768,77.16122,29.96,0.00059999997,3743.9,2025.0
2014-08-13 00:00:00+05:30,68.76901733871051,2314.95,2213.75,69.3960189819336,1376164,0.0,0.0,ADANIENT.NS,Adani Enterprises Limited,Thermal Coal,Energy,Mr. Gautambhai Shantilal Adani S.Y. B.Com,"Ahmedabad, India",https://www.adanienterprises.com,2311.75,2238.85,2668245024768,77.16122,29.96,0.00059999997,3743.9,2025.0
2014-08-14 00:00:00+05:30,69.65547732179493,2314.95,2213.75,70.16716766357422,1376164,0.0,0.0,ADANIENT.NS,Adani Enterprises Limited,Thermal Coal,Energy,Mr. Gautambhai Shantilal Adani S.Y. B.Com,"Ahmedabad, India",https://www.adanienterprises.com,2311.75,2238.85,2668245024768,77.16122,29.96,0.00059999997,3743.9,2025.0
2014-08-18 00:00:00+05:30,70.31129298834522,2314.95,2213.75,71.0464096069336,1376164,0.0,0.0,ADANIENT.NS,Adani Enterprises Limited,Thermal Coal,Energy,Mr. Gautambhai Shantilal Adani S.Y. B.Com,"Ahmedabad, India",https://www.adanienterprises.com,2311.75,2238.85,2668245024768,77.16122,29.96,0.00059999997,3743.9,2025.0
2014-08-19 00:00:00+05:30,71.34911219777263,2314.95,2213.75,71.5797348022461,1376164,0.0,0.0,ADANIENT.NS,Adani Enterprises Limited,Thermal Coal,Energy,Mr. Gautambhai Shantilal Adani S.Y. B.Com,"Ahmedabad, India",https://www.adanienterprises.com,2311.75,2238.85,2668245024768,77.16122,29.96,0.00059999997,3743.9,2025.0
2014-08-20 00:00:00+05:30,71.49323882362764,2314.95,2213.75,71.7815170288086,1376164,0.0,0.0,ADANIENT.NS,Adani Enterprises Limited,Thermal Coal,Energy,Mr. Gautambhai Shantilal Adani S.Y. B.Com,"Ahmedabad, India",https://www.adanienterprises.com,2311.75,2238.85,2668245024768,77.16122,29.96,0.00059999997,3743.9,2025.0
2014-08-21 00:00:00+05:30,71.9256527657555,2314.95,2213.75,71.69503021240234,1376164,0.0,0.0,ADANIENT.NS,Adani Enterprises Limited,Thermal Coal,Energy,Mr. Gautambhai Shantilal Adani S.Y. B.Com,"Ahmedabad, India",https://www.adanienterprises.com,2311.75,2238.85,2668245024768,77.16122,29.96,0.00059999997,3743.9,2025.0
2014-08-22 00:00:00+05:30,71.51486553304616,2314.95,2213.75,72.71122741699219,1376164,0.0,0.0,ADANIENT.NS,Adani Enterprises Limited,Thermal Coal,Energy,Mr. Gautambhai Shantilal Adani S.Y. B.Com,"Ahmedabad, India",https://www.adanienterprises.com,2311.75,2238.85,2668245024768,77.16122,29.96,0.00059999997,3743.9,2025.0
2014-08-25 00:00:00+05:30,72.79051247948962,2314.95,2213.75,71.7310791015625,1376164,0.0,0.0,ADANIENT.NS,Adani Enterprises Limited,Thermal Coal,Energy,Mr. Gautambhai Shantilal Adani S.Y. B.Com,"Ahmedabad, India",https://www.adanienterprises.com,2311.75,2238.85,2668245024768,77.16122,29.96,0.00059999997,3743.9,2025.0
2014-08-26 00:00:00+05:30,71.19054934744935,2314.95,2213.75,70.70767974853516,1376164,0.0,0.0,ADANIENT.NS,Adani Enterprises Limited,Thermal Coal,Energy,Mr. Gautambhai Shantilal Adani S.Y. B.Com,"Ahmedabad, India",https://www.adanienterprises.com,2311.75,2238.85,2668245024768,77.16122,29.96,0.00059999997,3743.9,2025.0
2014-08-27 00:00:00+05:30,70.7725550169671,2314.95,2213.75,69.53295135498047,1376164,0.0,0.0,ADANIENT.NS,Adani Enterprises Limited,Thermal Coal,Energy,Mr. Gautambhai Shantilal Adani S.Y. B.Com,"Ahmedabad, India",https://www.adanienterprises.com,2311.75,2238.85,2668245024768,77.16122,29.96,0.00059999997,3743.9,2025.0
2014-08-28 00:00:00+05:30,69.42484428627918,2314.95,2213.75,69.0284652709961,1376164,0.0,0.0,ADANIENT.NS,Adani Enterprises Limited,Thermal Coal,Energy,Mr. Gautambhai Shantilal Adani S.Y. B.Com,"Ahmedabad, India",https://www.adanienterprises.com,2311.75,2238.85,2668245024768,77.16122,29.96,0.00059999997,3743.9,2025.0
2014-09-01 00:00:00+05:30,69.29513107884671,2314.95,2213.75,70.49149322509766,1376164,0.0,0.0,ADANIENT.NS,Adani Enterprises Limited,Thermal Coal,Energy,Mr. Gautambhai Shantilal Adani S.Y. B.Com,"Ahmedabad, India",https://www.adanienterprises.com,2311.75,2238.85,2668245024768,77.16122,29.96,0.00059999997,3743.9,2025.0
2014-09-02 00:00:00+05:30,70.13112870991223,2314.95,2213.75,71.11127471923828,1376164,0.0,0.0,ADANIENT.NS,Adani Enterprises Limited,Thermal Coal,Energy,Mr. Gautambhai Shantilal Adani S.Y. B.Com,"Ahmedabad, India",https://www.adanienterprises.com,2311.75,2238.85,2668245024768,77.16122,29.96,0.00059999997,3743.9,2025.0
2014-09-03 00:00:00+05:30,71.49325267524972,2314.95,2213.75,71.68063354492188,1376164,0.0,0.0,ADANIENT.NS,Adani Enterprises Limited,Thermal Coal,Energy,Mr. Gautambhai Shantilal Adani S.Y. B.Com,"Ahmedabad, India",https://www.adanienterprises.com,2311.75,2238.85,2668245024768,77.16122,29.96,0.00059999997,3743.9,2025.0
2014-09-04 00:00:00+05:30,71.62296897085218,2314.95,2213.75,74.13099670410156,1376164,0.0,0.0,ADANIENT.NS,Adani Enterprises Limited,Thermal Coal,Energy,Mr. Gautambhai Shantilal Adani S.Y. B.Com,"Ahmedabad, India",https://www.adanienterprises.com,2311.75,2238.85,2668245024768,77.16122,29.96,0.00059999997,3743.9,2025.0
2014-09-05 00:00:00+05:30,74.52017206118651,2314.95,2213.75,73.46795654296875,1376164,0.0,0.0,ADANIENT.NS,Adani Enterprises Limited,Thermal Coal,Energy,Mr. Gautambhai Shantilal Adani S.Y. B.Com,"Ahmedabad, India",https://www.adanienterprises.com,2311.75,2238.85,2668245024768,77.16122,29.96,0.00059999997,3743.9,2025.0
2014-09-08 00:00:00+05:30,73.52562230938993,2314.95,2213.75,74.61387634277344,1376164,0.0,0.0,ADANIENT.NS,Adani Enterprises Limited,Thermal Coal,Energy,Mr. Gautambhai Shantilal Adani S.Y. B.Com,"Ahmedabad, India",https://www.adanienterprises.com,2311.75,2238.85,2668245024768,77.16122,29.96,0.00059999997,3743.9,2025.0
2014-09-09 00:00:00+05:30,74.66432400389704,2314.95,2213.75,73.04275512695312,1376164,0.0,0.0,ADANIENT.NS,Adani Enterprises Limited,Thermal Coal,Energy,Mr. Gautambhai Shantilal Adani S.Y. B.Com,"Ahmedabad, India",https://www.adanienterprises.com,2311.75,2238.85,2668245024768,77.16122,29.96,0.00059999997,3743.9,2025.0
2014-09-10 00:00:00+05:30,72.05539845216721,2314.95,2213.75,73.04275512695312,1376164,0.0,0.0,ADANIENT.NS,Adani Enterprises Limited,Thermal Coal,Energy,Mr. Gautambhai Shantilal Adani S.Y. B.Com,"Ahmedabad, India",https://www.adanienterprises.com,2311.75,2238.85,2668245024768,77.16122,29.96,0.00059999997,3743.9,2025.0
2014-09-11 00:00:00+05:30,73.3094087137487,2314.95,2213.75,72.4301528930664,1376164,0.0,0.0,ADANIENT.NS,Adani Enterprises Limited,Thermal Coal,Energy,Mr. Gautambhai Shantilal Adani S.Y. B.Com,"Ahmedabad, India",https://www.adanienterprises.com,2311.75,2238.85,2668245024768,77.16122,29.96,0.00059999997,3743.9,2025.0
2014-09-12 00:00:00+05:30,72.76167327207892,2314.95,2213.75,71.8752212524414,1376164,0.0,0.0,ADANIENT.NS,Adani Enterprises Limited,Thermal Coal,Energy,Mr. Gautambhai Shantilal Adani S.Y. B.Com,"Ahmedabad, India",https://www.adanienterprises.com,2311.75,2238.85,2668245024768,77.16122,29.96,0.00059999997,3743.9,2025.0
2014-09-15 00:00:00+05:30,71.66621674119683,2314.95,2213.75,71.64459228515625,1376164,0.0,0.0,ADANIENT.NS,Adani Enterprises Limited,Thermal Coal,Energy,Mr. Gautambhai Shantilal Adani S.Y. B.Com,"Ahmedabad, India",https://www.adanienterprises.com,2311.75,2238.85,2668245024768,77.16122,29.96,0.00059999997,3743.9,2025.0
2014-09-16 00:00:00+05:30,71.1256903029601,2314.95,2213.75,71.1545181274414,1376164,0.0,0.0,ADANIENT.NS,Adani Enterprises Limited,Thermal Coal,Energy,Mr. Gautambhai Shantilal Adani S.Y. B.Com,"Ahmedabad, India",https://www.adanienterprises.com,2311.75,2238.85,2668245024768,77.16122,29.96,0.00059999997,3743.9,2025.0
2014-09-17 00:00:00+05:30,71.13290873191562,2314.95,2213.75,71.3202896118164,1376164,0.0,0.0,ADANIENT.NS,Adani Enterprises Limited,Thermal Coal,Energy,Mr. Gautambhai Shantilal Adani S.Y. B.Com,"Ahmedabad, India",https://www.adanienterprises.com,2311.75,2238.85,2668245024768,77.16122,29.96,0.00059999997,3743.9,2025.0
2014-09-18 00:00:00+05:30,70.67166366872793,2314.95,2213.75,73.42472839355469,1376164,0.0,0.0,ADANIENT.NS,Adani Enterprises Limited,Thermal Coal,Energy,Mr. Gautambhai Shantilal Adani S.Y. B.Com,"Ahmedabad, India",https://www.adanienterprises.com,2311.75,2238.85,2668245024768,77.16122,29.96,0.00059999997,3743.9,2025.0
2014-09-19 00:00:00+05:30,73.87155953590566,2314.95,2213.75,71.3202896118164,1376164,0.0,0.0,ADANIENT.NS,Adani Enterprises Limited,Thermal Coal,Energy,Mr. Gautambhai Shantilal Adani S.Y. B.Com,"Ahmedabad, India",https://www.adanienterprises.com,2311.75,2238.85,2668245024768,77.16122,29.96,0.00059999997,3743.9,2025.0
2014-09-22 00:00:00+05:30,70.84462658792303,2314.95,2213.75,71.68063354492188,1376164,0.0,0.0,ADANIENT.NS,Adani Enterprises Limited,Thermal Coal,Energy,Mr. Gautambhai Shantilal Adani S.Y. B.Com,"Ahmedabad, India",https://www.adanienterprises.com,2311.75,2238.85,2668245024768,77.16122,29.96,0.00059999997,3743.9,2025.0
2014-09-23 00:00:00+05:30,72.05539096247396,2314.95,2213.75,69.93653869628906,1376164,0.0,0.0,ADANIENT.NS,Adani Enterprises Limited,Thermal Coal,Energy,Mr. Gautambhai Shantilal Adani S.Y. B.Com,"Ahmedabad, India",https://www.adanienterprises.com,2311.75,2238.85,2668245024768,77.16122,29.96,0.00059999997,3743.9,2025.0
2014-09-24 00:00:00+05:30,69.92212958199607,2314.95,2213.75,69.62664794921875,1376164,0.0,0.0,ADANIENT.NS,Adani Enterprises Limited,Thermal Coal,Energy,Mr. Gautambhai Shantilal Adani S.Y. B.Com,"Ahmedabad, India",https://www.adanienterprises.com,2311.75,2238.85,2668245024768,77.16122,29.96,0.00059999997,3743.9,2025.0
2014-09-25 00:00:00+05:30,69.90771182856255,2314.95,2213.75,67.93299865722656,1376164,0.0,0.0,ADANIENT.NS,Adani Enterprises Limited,Thermal Coal,Energy,Mr. Gautambhai Shantilal Adani S.Y. B.Com,"Ahmedabad, India",https://www.adanienterprises.com,2311.75,2238.85,2668245024768,77.16122,29.96,0.00059999997,3743.9,2025.0
2014-09-26 00:00:00+05:30,67.32761367637514,2314.95,2213.75,68.271728515625,1376164,0.0,0.0,ADANIENT.NS,Adani Enterprises Limited,Thermal Coal,Energy,Mr. Gautambhai Shantilal Adani S.Y. B.Com,"Ahmedabad, India",https://www.adanienterprises.com,2311.75,2238.85,2668245024768,77.16122,29.96,0.00059999997,3743.9,2025.0
2014-09-29 00:00:00+05:30,68.46632269287457,2314.95,2213.75,68.75460815429688,1376164,0.0,0.0,ADANIENT.NS,Adani Enterprises Limited,Thermal Coal,Energy,Mr. Gautambhai Shantilal Adani S.Y. B.Com,"Ahmedabad, India",https://www.adanienterprises.com,2311.75,2238.85,2668245024768,77.16122,29.96,0.00059999997,3743.9,2025.0
2014-09-30 00:00:00+05:30,68.11317279413156,2314.95,2213.75,67.84651184082031,1376164,0.0,0.0,ADANIENT.NS,Adani Enterprises Limited,Thermal Coal,Energy,Mr. Gautambhai Shantilal Adani S.Y. B.Com,"Ahmedabad, India",https://www.adanienterprises.com,2311.75,2238.85,2668245024768,77.16122,29.96,0.00059999997,3743.9,2025.0
2014-10-01 00:00:00+05:30,67.60147870057634,2314.95,2213.75,66.88078308105469,1376164,0.0,0.0,ADANIENT.NS,Adani Enterprises Limited,Thermal Coal,Energy,Mr. Gautambhai Shantilal Adani S.Y. B.Com,"Ahmedabad, India",https://www.adanienterprises.com,2311.75,2238.85,2668245024768,77.16122,29.96,0.00059999997,3743.9,2025.0
2014-10-07 00:00:00+05:30,66.23213821169878,2314.95,2213.75,65.18712615966797,1376164,0.0,0.0,ADANIENT.NS,Adani Enterprises Limited,Thermal Coal,Energy,Mr. Gautambhai Shantilal Adani S.Y. B.Com,"Ahmedabad, India",https://www.adanienterprises.com,2311.75,2238.85,2668245024768,77.16122,29.96,0.00059999997,3743.9,2025.0
2014-10-08 00:00:00+05:30,64.65381727811246,2314.95,2213.75,66.53484344482422,1376164,0.0,0.0,ADANIENT.NS,Adani Enterprises Limited,Thermal Coal,Energy,Mr. Gautambhai Shantilal Adani S.Y. B.Com,"Ahmedabad, India",https://www.adanienterprises.com,2311.75,2238.85,2668245024768,77.16122,29.96,0.00059999997,3743.9,2025.0
2014-10-09 00:00:00+05:30,66.88078393818314,2314.95,2213.75,67.20509338378906,1376164,0.0,0.0,ADANIENT.NS,Adani Enterprises Limited,Thermal Coal,Energy,Mr. Gautambhai Shantilal Adani S.Y. B.Com,"Ahmedabad, India",https://www.adanienterprises.com,2311.75,2238.85,2668245024768,77.16122,29.96,0.00059999997,3743.9,2025.0
2014-10-10 00:00:00+05:30,66.54926562171059,2314.95,2213.75,66.41954040527344,1376164,0.0,0.0,ADANIENT.NS,Adani Enterprises Limited,Thermal Coal,Energy,Mr. Gautambhai Shantilal Adani S.Y. B.Com,"Ahmedabad, India",https://www.adanienterprises.com,2311.75,2238.85,2668245024768,77.16122,29.96,0.00059999997,3743.9,2025.0
2014-10-13 00:00:00+05:30,65.82135352854894,2314.95,2213.75,66.46277618408203,1376164,0.0,0.0,ADANIENT.NS,Adani Enterprises Limited,Thermal Coal,Energy,Mr. Gautambhai Shantilal Adani S.Y. B.Com,"Ahmedabad, India",https://www.adanienterprises.com,2311.75,2238.85,2668245024768,77.16122,29.96,0.00059999997,3743.9,2025.0
2014-10-14 00:00:00+05:30,66.81591357878204,2314.95,2213.75,65.29524230957031,1376164,0.0,0.0,ADANIENT.NS,Adani Enterprises Limited,Thermal Coal,Energy,Mr. Gautambhai Shantilal Adani S.Y. B.Com,"Ahmedabad, India",https://www.adanienterprises.com,2311.75,2238.85,2668245024768,77.16122,29.96,0.00059999997,3743.9,2025.0
2014-10-15 00:00:00+05:30,65.29524230957031,2314.95,2213.75,65.29524230957031,1376164,0.0,0.0,ADANIENT.NS,Adani Enterprises Limited,Thermal Coal,Energy,Mr. Gautambhai Shantilal Adani S.Y. B.Com,"Ahmedabad, India",https://www.adanienterprises.com,2311.75,2238.85,2668245024768,77.16122,29.96,0.00059999997,3743.9,2025.0
2014-10-16 00:00:00+05:30,64.74029957491673,2314.95,2213.75,64.098876953125,1376164,0.0,0.0,ADANIENT.NS,Adani Enterprises Limited,Thermal Coal,Energy,Mr. Gautambhai Shantilal Adani S.Y. B.Com,"Ahmedabad, India",https://www.adanienterprises.com,2311.75,2238.85,2668245024768,77.16122,29.96,0.00059999997,3743.9,2025.0
2014-10-17 00:00:00+05:30,64.2862748822157,2314.95,2213.75,63.55836868286133,1376164,0.0,0.0,ADANIENT.NS,Adani Enterprises Limited,Thermal Coal,Energy,Mr. Gautambhai Shantilal Adani S.Y. B.Com,"Ahmedabad, India",https://www.adanienterprises.com,2311.75,2238.85,2668245024768,77.16122,29.96,0.00059999997,3743.9,2025.0
2014-10-20 00:00:00+05:30,64.51689886171245,2314.95,2213.75,64.90607452392578,1376164,0.0,0.0,ADANIENT.NS,Adani Enterprises Limited,Thermal Coal,Energy,Mr. Gautambhai Shantilal Adani S.Y. B.Com,"Ahmedabad, India",https://www.adanienterprises.com,2311.75,2238.85,2668245024768,77.16122,29.96,0.00059999997,3743.9,2025.0
2014-10-21 00:00:00+05:30,65.36731740370847,2314.95,2213.75,66.58529663085938,1376164,0.0,0.0,ADANIENT.NS,Adani Enterprises Limited,Thermal Coal,Energy,Mr. Gautambhai Shantilal Adani S.Y. B.Com,"Ahmedabad, India",https://www.adanienterprises.com,2311.75,2238.85,2668245024768,77.16122,29.96,0.00059999997,3743.9,2025.0
2014-10-22 00:00:00+05:30,67.08258088877136,2314.95,2213.75,68.40866088867188,1376164,0.0,0.0,ADANIENT.NS,Adani Enterprises Limited,Thermal Coal,Energy,Mr. Gautambhai Shantilal Adani S.Y. B.Com,"Ahmedabad, India",https://www.adanienterprises.com,2311.75,2238.85,2668245024768,77.16122,29.96,0.00059999997,3743.9,2025.0
2014-10-27 00:00:00+05:30,68.73297143742818,2314.95,2213.75,66.84474182128906,1376164,0.0,0.0,ADANIENT.NS,Adani Enterprises Limited,Thermal Coal,Energy,Mr. Gautambhai Shantilal Adani S.Y. B.Com,"Ahmedabad, India",https://www.adanienterprises.com,2311.75,2238.85,2668245024768,77.16122,29.96,0.00059999997,3743.9,2025.0
2014-10-28 00:00:00+05:30,66.75825500488281,2314.95,2213.75,66.75825500488281,1376164,0.0,0.0,ADANIENT.NS,Adani Enterprises Limited,Thermal Coal,Energy,Mr. Gautambhai Shantilal Adani S.Y. B.Com,"Ahmedabad, India",https://www.adanienterprises.com,2311.75,2238.85,2668245024768,77.16122,29.96,0.00059999997,3743.9,2025.0
2014-10-29 00:00:00+05:30,67.01050197926853,2314.95,2213.75,67.47895050048828,1376164,0.0,0.0,ADANIENT.NS,Adani Enterprises Limited,Thermal Coal,Energy,Mr. Gautambhai Shantilal Adani S.Y. B.Com,"Ahmedabad, India",https://www.adanienterprises.com,2311.75,2238.85,2668245024768,77.16122,29.96,0.00059999997,3743.9,2025.0
2014-10-30 00:00:00+05:30,67.12581625710047,2314.95,2213.75,67.84651184082031,1376164,0.0,0.0,ADANIENT.NS,Adani Enterprises Limited,Thermal Coal,Energy,Mr. Gautambhai Shantilal Adani S.Y. B.Com,"Ahmedabad, India",https://www.adanienterprises.com,2311.75,2238.85,2668245024768,77.16122,29.96,0.00059999997,3743.9,2025.0
2014-10-31 00:00:00+05:30,68.36541137658203,2314.95,2213.75,69.79960632324219,1376164,0.0,0.0,ADANIENT.NS,Adani Enterprises Limited,Thermal Coal,Energy,Mr. Gautambhai Shantilal Adani S.Y. B.Com,"Ahmedabad, India",https://www.adanienterprises.com,2311.75,2238.85,2668245024768,77.16122,29.96,0.00059999997,3743.9,2025.0
2014-11-03 00:00:00+05:30,69.61942608656025,2314.95,2213.75,70.09508514404297,1376164,0.0,0.0,ADANIENT.NS,Adani Enterprises Limited,Thermal Coal,Energy,Mr. Gautambhai Shantilal Adani S.Y. B.Com,"Ahmedabad, India",https://www.adanienterprises.com,2311.75,2238.85,2668245024768,77.16122,29.96,0.00059999997,3743.9,2025.0
2014-11-05 00:00:00+05:30,70.39777656964137,2314.95,2213.75,68.93476104736328,1376164,0.0,0.0,ADANIENT.NS,Adani Enterprises Limited,Thermal Coal,Energy,Mr. Gautambhai Shantilal Adani S.Y. B.Com,"Ahmedabad, India",https://www.adanienterprises.com,2311.75,2238.85,2668245024768,77.16122,29.96,0.00059999997,3743.9,2025.0
2014-11-07 00:00:00+05:30,69.14378468576665,2314.95,2213.75,68.52397918701172,1376164,0.0,0.0,ADANIENT.NS,Adani Enterprises Limited,Thermal Coal,Energy,Mr. Gautambhai Shantilal Adani S.Y. B.Com,"Ahmedabad, India",https://www.adanienterprises.com,2311.75,2238.85,2668245024768,77.16122,29.96,0.00059999997,3743.9,2025.0
2014-11-10 00:00:00+05:30,68.53838263287693,2314.95,2213.75,67.54381561279297,1376164,0.0,0.0,ADANIENT.NS,Adani Enterprises Limited,Thermal Coal,Energy,Mr. Gautambhai Shantilal Adani S.Y. B.Com,"Ahmedabad, India",https://www.adanienterprises.com,2311.75,2238.85,2668245024768,77.16122,29.96,0.00059999997,3743.9,2025.0
2014-11-11 00:00:00+05:30,67.7456270556708,2314.95,2213.75,69.97258758544922,1376164,0.0,0.0,ADANIENT.NS,Adani Enterprises Limited,Thermal Coal,Energy,Mr. Gautambhai Shantilal Adani S.Y. B.Com,"Ahmedabad, India",https://www.adanienterprises.com,2311.75,2238.85,2668245024768,77.16122,29.96,0.00059999997,3743.9,2025.0
2014-11-12 00:00:00+05:30,70.19599220961724,2314.95,2213.75,69.0284652709961,1376164,0.0,0.0,ADANIENT.NS,Adani Enterprises Limited,Thermal Coal,Energy,Mr. Gautambhai Shantilal Adani S.Y. B.Com,"Ahmedabad, India",https://www.adanienterprises.com,2311.75,2238.85,2668245024768,77.16122,29.96,0.00059999997,3743.9,2025.0
2014-11-13 00:00:00+05:30,69.3743952920866,2314.95,2213.75,69.38880920410156,1376164,0.0,0.0,ADANIENT.NS,Adani Enterprises Limited,Thermal Coal,Energy,Mr. Gautambhai Shantilal Adani S.Y. B.Com,"Ahmedabad, India",https://www.adanienterprises.com,2311.75,2238.85,2668245024768,77.16122,29.96,0.00059999997,3743.9,2025.0
2014-11-14 00:00:00+05:30,69.61223306198586,2314.95,2213.75,70.62841033935547,1376164,0.0,0.0,ADANIENT.NS,Adani Enterprises Limited,Thermal Coal,Energy,Mr. Gautambhai Shantilal Adani S.Y. B.Com,"Ahmedabad, India",https://www.adanienterprises.com,2311.75,2238.85,2668245024768,77.16122,29.96,0.00059999997,3743.9,2025.0
2014-11-17 00:00:00+05:30,70.77255859754314,2314.95,2213.75,71.3923568725586,1376164,0.0,0.0,ADANIENT.NS,Adani Enterprises Limited,Thermal Coal,Energy,Mr. Gautambhai Shantilal Adani S.Y. B.Com,"Ahmedabad, India",https://www.adanienterprises.com,2311.75,2238.85,2668245024768,77.16122,29.96,0.00059999997,3743.9,2025.0
2014-11-18 00:00:00+05:30,72.02655919137118,2314.95,2213.75,71.57251739501953,1376164,0.0,0.0,ADANIENT.NS,Adani Enterprises Limited,Thermal Coal,Energy,Mr. Gautambhai Shantilal Adani S.Y. B.Com,"Ahmedabad, India",https://www.adanienterprises.com,2311.75,2238.85,2668245024768,77.16122,29.96,0.00059999997,3743.9,2025.0
2014-11-19 00:00:00+05:30,71.7815268518074,2314.95,2213.75,69.54736328125,1376164,0.0,0.0,ADANIENT.NS,Adani Enterprises Limited,Thermal Coal,Energy,Mr. Gautambhai Shantilal Adani S.Y. B.Com,"Ahmedabad, India",https://www.adanienterprises.com,2311.75,2238.85,2668245024768,77.16122,29.96,0.00059999997,3743.9,2025.0
2014-11-20 00:00:00+05:30,69.6914997048786,2314.95,2213.75,69.12214660644531,1376164,0.0,0.0,ADANIENT.NS,Adani Enterprises Limited,Thermal Coal,Energy,Mr. Gautambhai Shantilal Adani S.Y. B.Com,"Ahmedabad, India",https://www.adanienterprises.com,2311.75,2238.85,2668245024768,77.16122,29.96,0.00059999997,3743.9,2025.0
2014-11-21 00:00:00+05:30,69.0717061044146,2314.95,2213.75,68.97801208496094,1376164,0.0,0.0,ADANIENT.NS,Adani Enterprises Limited,Thermal Coal,Energy,Mr. Gautambhai Shantilal Adani S.Y. B.Com,"Ahmedabad, India",https://www.adanienterprises.com,2311.75,2238.85,2668245024768,77.16122,29.96,0.00059999997,3743.9,2025.0
2014-11-24 00:00:00+05:30,69.97978341774606,2314.95,2213.75,69.52574157714844,1376164,0.0,0.0,ADANIENT.NS,Adani Enterprises Limited,Thermal Coal,Energy,Mr. Gautambhai Shantilal Adani S.Y. B.Com,"Ahmedabad, India",https://www.adanienterprises.com,2311.75,2238.85,2668245024768,77.16122,29.96,0.00059999997,3743.9,2025.0
2014-11-25 00:00:00+05:30,69.57618886312915,2314.95,2213.75,66.84474182128906,1376164,0.0,0.0,ADANIENT.NS,Adani Enterprises Limited,Thermal Coal,Energy,Mr. Gautambhai Shantilal Adani S.Y. B.Com,"Ahmedabad, India",https://www.adanienterprises.com,2311.75,2238.85,2668245024768,77.16122,29.96,0.00059999997,3743.9,2025.0
2014-11-26 00:00:00+05:30,66.3330447666913,2314.95,2213.75,65.39613342285156,1376164,0.0,0.0,ADANIENT.NS,Adani Enterprises Limited,Thermal Coal,Energy,Mr. Gautambhai Shantilal Adani S.Y. B.Com,"Ahmedabad, India",https://www.adanienterprises.com,2311.75,2238.85,2668245024768,77.16122,29.96,0.00059999997,3743.9,2025.0
2014-11-27 00:00:00+05:30,65.54027129732845,2314.95,2213.75,65.85017395019531,1376164,0.0,0.0,ADANIENT.NS,Adani Enterprises Limited,Thermal Coal,Energy,Mr. Gautambhai Shantilal Adani S.Y. B.Com,"Ahmedabad, India",https://www.adanienterprises.com,2311.75,2238.85,2668245024768,77.16122,29.96,0.00059999997,3743.9,2025.0
2014-11-28 00:00:00+05:30,65.99431715808157,2314.95,2213.75,66.15287017822266,1376164,0.0,0.0,ADANIENT.NS,Adani Enterprises Limited,Thermal Coal,Energy,Mr. Gautambhai Shantilal Adani S.Y. B.Com,"Ahmedabad, India",https://www.adanienterprises.com,2311.75,2238.85,2668245024768,77.16122,29.96,0.00059999997,3743.9,2025.0
2014-12-01 00:00:00+05:30,65.88621441050807,2314.95,2213.75,65.11506652832031,1376164,0.0,0.0,ADANIENT.NS,Adani Enterprises Limited,Thermal Coal,Energy,Mr. Gautambhai Shantilal Adani S.Y. B.Com,"Ahmedabad, India",https://www.adanienterprises.com,2311.75,2238.85,2668245024768,77.16122,29.96,0.00059999997,3743.9,2025.0
2014-12-02 00:00:00+05:30,65.13667999796702,2314.95,2213.75,65.47541046142578,1376164,0.0,0.0,ADANIENT.NS,Adani Enterprises Limited,Thermal Coal,Energy,Mr. Gautambhai Shantilal Adani S.Y. B.Com,"Ahmedabad, India",https://www.adanienterprises.com,2311.75,2238.85,2668245024768,77.16122,29.96,0.00059999997,3743.9,2025.0
2014-12-03 00:00:00+05:30,65.56910643037659,2314.95,2213.75,66.96005249023438,1376164,0.0,0.0,ADANIENT.NS,Adani Enterprises Limited,Thermal Coal,Energy,Mr. Gautambhai Shantilal Adani S.Y. B.Com,"Ahmedabad, India",https://www.adanienterprises.com,2311.75,2238.85,2668245024768,77.16122,29.96,0.00059999997,3743.9,2025.0
2014-12-04 00:00:00+05:30,67.03933838953192,2314.95,2213.75,66.25377655029297,1376164,0.0,0.0,ADANIENT.NS,Adani Enterprises Limited,Thermal Coal,Energy,Mr. Gautambhai Shantilal Adani S.Y. B.Com,"Ahmedabad, India",https://www.adanienterprises.com,2311.75,2238.85,2668245024768,77.16122,29.96,0.00059999997,3743.9,2025.0
2014-12-05 00:00:00+05:30,66.05197098945533,2314.95,2213.75,65.77810668945312,1376164,0.0,0.0,ADANIENT.NS,Adani Enterprises Limited,Thermal Coal,Energy,Mr. Gautambhai Shantilal Adani S.Y. B.Com,"Ahmedabad, India",https://www.adanienterprises.com,2311.75,2238.85,2668245024768,77.16122,29.96,0.00059999997,3743.9,2025.0
2014-12-08 00:00:00+05:30,65.87180724642907,2314.95,2213.75,65.28804016113281,1376164,0.0,0.0,ADANIENT.NS,Adani Enterprises Limited,Thermal Coal,Energy,Mr. Gautambhai Shantilal Adani S.Y. B.Com,"Ahmedabad, India",https://www.adanienterprises.com,2311.75,2238.85,2668245024768,77.16122,29.96,0.00059999997,3743.9,2025.0
2014-12-09 00:00:00+05:30,65.28803695422923,2314.95,2213.75,63.78899002075195,1376164,0.0,0.0,ADANIENT.NS,Adani Enterprises Limited,Thermal Coal,Energy,Mr. Gautambhai Shantilal Adani S.Y. B.Com,"Ahmedabad, India",https://www.adanienterprises.com,2311.75,2238.85,2668245024768,77.16122,29.96,0.00059999997,3743.9,2025.0
2014-12-10 00:00:00+05:30,63.28451013726605,2314.95,2213.75,64.430419921875,1376164,0.0,0.0,ADANIENT.NS,Adani Enterprises Limited,Thermal Coal,Energy,Mr. Gautambhai Shantilal Adani S.Y. B.Com,"Ahmedabad, India",https://www.adanienterprises.com,2311.75,2238.85,2668245024768,77.16122,29.96,0.00059999997,3743.9,2025.0
2014-12-11 00:00:00+05:30,64.14212225034551,2314.95,2213.75,63.65925979614258,1376164,0.0,0.0,ADANIENT.NS,Adani Enterprises Limited,Thermal Coal,Energy,Mr. Gautambhai Shantilal Adani S.Y. B.Com,"Ahmedabad, India",https://www.adanienterprises.com,2311.75,2238.85,2668245024768,77.16122,29.96,0.00059999997,3743.9,2025.0
2014-12-12 00:00:00+05:30,63.85384960042226,2314.95,2213.75,64.03402709960938,1376164,0.0,0.0,ADANIENT.NS,Adani Enterprises Limited,Thermal Coal,Energy,Mr. Gautambhai Shantilal Adani S.Y. B.Com,"Ahmedabad, India",https://www.adanienterprises.com,2311.75,2238.85,2668245024768,77.16122,29.96,0.00059999997,3743.9,2025.0
2014-12-15 00:00:00+05:30,63.42141951834542,2314.95,2213.75,64.0700454711914,1376164,0.0,0.0,ADANIENT.NS,Adani Enterprises Limited,Thermal Coal,Energy,Mr. Gautambhai Shantilal Adani S.Y. B.Com,"Ahmedabad, India",https://www.adanienterprises.com,2311.75,2238.85,2668245024768,77.16122,29.96,0.00059999997,3743.9,2025.0
2014-12-16 00:00:00+05:30,63.43582809773411,2314.95,2213.75,63.500694274902344,1376164,0.0,0.0,ADANIENT.NS,Adani Enterprises Limited,Thermal Coal,Energy,Mr. Gautambhai Shantilal Adani S.Y. B.Com,"Ahmedabad, India",https://www.adanienterprises.com,2311.75,2238.85,2668245024768,77.16122,29.96,0.00059999997,3743.9,2025.0
2014-12-17 00:00:00+05:30,63.14757050258223,2314.95,2213.75,63.125946044921875,1376164,0.0,0.0,ADANIENT.NS,Adani Enterprises Limited,Thermal Coal,Energy,Mr. Gautambhai Shantilal Adani S.Y. B.Com,"Ahmedabad, India",https://www.adanienterprises.com,2311.75,2238.85,2668245024768,77.16122,29.96,0.00059999997,3743.9,2025.0
2014-12-18 00:00:00+05:30,63.85385107481227,2314.95,2213.75,64.24302673339844,1376164,0.0,0.0,ADANIENT.NS,Adani Enterprises Limited,Thermal Coal,Energy,Mr. Gautambhai Shantilal Adani S.Y. B.Com,"Ahmedabad, India",https://www.adanienterprises.com,2311.75,2238.85,2668245024768,77.16122,29.96,0.00059999997,3743.9,2025.0
2014-12-19 00:00:00+05:30,64.50969625579042,2314.95,2213.75,65.17994689941406,1376164,0.0,0.0,ADANIENT.NS,Adani Enterprises Limited,Thermal Coal,Energy,Mr. Gautambhai Shantilal Adani S.Y. B.Com,"Ahmedabad, India",https://www.adanienterprises.com,2311.75,2238.85,2668245024768,77.16122,29.96,0.00059999997,3743.9,2025.0
2014-12-22 00:00:00+05:30,65.37451899090047,2314.95,2213.75,65.65559387207031,1376164,0.0,0.0,ADANIENT.NS,Adani Enterprises Limited,Thermal Coal,Energy,Mr. Gautambhai Shantilal Adani S.Y. B.Com,"Ahmedabad, India",https://www.adanienterprises.com,2311.75,2238.85,2668245024768,77.16122,29.96,0.00059999997,3743.9,2025.0
2014-12-23 00:00:00+05:30,65.73487007722161,2314.95,2213.75,63.825016021728516,1376164,0.0,0.0,ADANIENT.NS,Adani Enterprises Limited,Thermal Coal,Energy,Mr. Gautambhai Shantilal Adani S.Y. B.Com,"Ahmedabad, India",https://www.adanienterprises.com,2311.75,2238.85,2668245024768,77.16122,29.96,0.00059999997,3743.9,2025.0
2014-12-24 00:00:00+05:30,63.9115004318087,2314.95,2213.75,63.65205001831055,1376164,0.0,0.0,ADANIENT.NS,Adani Enterprises Limited,Thermal Coal,Energy,Mr. Gautambhai Shantilal Adani S.Y. B.Com,"Ahmedabad, India",https://www.adanienterprises.com,2311.75,2238.85,2668245024768,77.16122,29.96,0.00059999997,3743.9,2025.0
2014-12-26 00:00:00+05:30,64.21419371212573,2314.95,2213.75,65.28083038330078,1376164,0.0,0.0,ADANIENT.NS,Adani Enterprises Limited,Thermal Coal,Energy,Mr. Gautambhai Shantilal Adani S.Y. B.Com,"Ahmedabad, India",https://www.adanienterprises.com,2311.75,2238.85,2668245024768,77.16122,29.96,0.00059999997,3743.9,2025.0
2014-12-29 00:00:00+05:30,65.1871303783338,2314.95,2213.75,66.04476165771484,1376164,0.0,0.0,ADANIENT.NS,Adani Enterprises Limited,Thermal Coal,Energy,Mr. Gautambhai Shantilal Adani S.Y. B.Com,"Ahmedabad, India",https://www.adanienterprises.com,2311.75,2238.85,2668245024768,77.16122,29.96,0.00059999997,3743.9,2025.0
2014-12-30 00:00:00+05:30,66.4339383768849,2314.95,2213.75,69.20142364501953,1376164,0.0,0.0,ADANIENT.NS,Adani Enterprises Limited,Thermal Coal,Energy,Mr. Gautambhai Shantilal Adani S.Y. B.Com,"Ahmedabad, India",https://www.adanienterprises.com,2311.75,2238.85,2668245024768,77.16122,29.96,0.00059999997,3743.9,2025.0
2014-12-31 00:00:00+05:30,69.33114786990406,2314.95,2213.75,70.09508514404297,1376164,0.0,0.0,ADANIENT.NS,Adani Enterprises Limited,Thermal Coal,Energy,Mr. Gautambhai Shantilal Adani S.Y. B.Com,"Ahmedabad, India",https://www.adanienterprises.com,2311.75,2238.85,2668245024768,77.16122,29.96,0.00059999997,3743.9,2025.0
2015-01-01 00:00:00+05:30,69.96537034252678,2314.95,2213.75,70.62841033935547,1376164,0.0,0.0,ADANIENT.NS,Adani Enterprises Limited,Thermal Coal,Energy,Mr. Gautambhai Shantilal Adani S.Y. B.Com,"Ahmedabad, India",https://www.adanienterprises.com,2311.75,2238.85,2668245024768,77.16122,29.96,0.00059999997,3743.9,2025.0
2015-01-02 00:00:00+05:30,70.81579693610487,2314.95,2213.75,70.97434997558594,1376164,0.0,0.0,ADANIENT.NS,Adani Enterprises Limited,Thermal Coal,Energy,Mr. Gautambhai Shantilal Adani S.Y. B.Com,"Ahmedabad, India",https://www.adanienterprises.com,2311.75,2238.85,2668245024768,77.16122,29.96,0.00059999997,3743.9,2025.0
2015-01-05 00:00:00+05:30,70.786975175622,2314.95,2213.75,72.14909362792969,1376164,0.0,0.0,ADANIENT.NS,Adani Enterprises Limited,Thermal Coal,Energy,Mr. Gautambhai Shantilal Adani S.Y. B.Com,"Ahmedabad, India",https://www.adanienterprises.com,2311.75,2238.85,2668245024768,77.16122,29.96,0.00059999997,3743.9,2025.0
2015-01-06 00:00:00+05:30,71.43559247474747,2314.95,2213.75,71.60134887695312,1376164,0.0,0.0,ADANIENT.NS,Adani Enterprises Limited,Thermal Coal,Energy,Mr. Gautambhai Shantilal Adani S.Y. B.Com,"Ahmedabad, India",https://www.adanienterprises.com,2311.75,2238.85,2668245024768,77.16122,29.96,0.00059999997,3743.9,2025.0
2015-01-07 00:00:00+05:30,72.06981586495387,2314.95,2213.75,70.96714782714844,1376164,0.0,0.0,ADANIENT.NS,Adani Enterprises Limited,Thermal Coal,Energy,Mr. Gautambhai Shantilal Adani S.Y. B.Com,"Ahmedabad, India",https://www.adanienterprises.com,2311.75,2238.85,2668245024768,77.16122,29.96,0.00059999997,3743.9,2025.0
2015-01-08 00:00:00+05:30,71.96890778585673,2314.95,2213.75,73.7634506225586,1376164,0.0,0.0,ADANIENT.NS,Adani Enterprises Limited,Thermal Coal,Energy,Mr. Gautambhai Shantilal Adani S.Y. B.Com,"Ahmedabad, India",https://www.adanienterprises.com,2311.75,2238.85,2668245024768,77.16122,29.96,0.00059999997,3743.9,2025.0
2015-01-09 00:00:00+05:30,74.37602444370707,2314.95,2213.75,73.0283203125,1376164,0.0,0.0,ADANIENT.NS,Adani Enterprises Limited,Thermal Coal,Energy,Mr. Gautambhai Shantilal Adani S.Y. B.Com,"Ahmedabad, India",https://www.adanienterprises.com,2311.75,2238.85,2668245024768,77.16122,29.96,0.00059999997,3743.9,2025.0
2015-01-12 00:00:00+05:30,73.60488065670079,2314.95,2213.75,74.16703033447266,1376164,0.0,0.0,ADANIENT.NS,Adani Enterprises Limited,Thermal Coal,Energy,Mr. Gautambhai Shantilal Adani S.Y. B.Com,"Ahmedabad, India",https://www.adanienterprises.com,2311.75,2238.85,2668245024768,77.16122,29.96,0.00059999997,3743.9,2025.0
2015-01-13 00:00:00+05:30,74.65712182699495,2314.95,2213.75,71.59415435791016,1376164,0.0,0.0,ADANIENT.NS,Adani Enterprises Limited,Thermal Coal,Energy,Mr. Gautambhai Shantilal Adani S.Y. B.Com,"Ahmedabad, India",https://www.adanienterprises.com,2311.75,2238.85,2668245024768,77.16122,29.96,0.00059999997,3743.9,2025.0
2015-01-14 00:00:00+05:30,71.8535963579758,2314.95,2213.75,70.822998046875,1376164,0.0,0.0,ADANIENT.NS,Adani Enterprises Limited,Thermal Coal,Energy,Mr. Gautambhai Shantilal Adani S.Y. B.Com,"Ahmedabad, India",https://www.adanienterprises.com,2311.75,2238.85,2668245024768,77.16122,29.96,0.00059999997,3743.9,2025.0
2015-01-15 00:00:00+05:30,72.06979872716212,2314.95,2213.75,72.19952392578125,1376164,0.0,0.0,ADANIENT.NS,Adani Enterprises Limited,Thermal Coal,Energy,Mr. Gautambhai Shantilal Adani S.Y. B.Com,"Ahmedabad, India",https://www.adanienterprises.com,2311.75,2238.85,2668245024768,77.16122,29.96,0.00059999997,3743.9,2025.0
2015-01-16 00:00:00+05:30,71.85360192808241,2314.95,2213.75,72.11305236816406,1376164,0.0,0.0,ADANIENT.NS,Adani Enterprises Limited,Thermal Coal,Energy,Mr. Gautambhai Shantilal Adani S.Y. B.Com,"Ahmedabad, India",https://www.adanienterprises.com,2311.75,2238.85,2668245024768,77.16122,29.96,0.00059999997,3743.9,2025.0
2015-01-19 00:00:00+05:30,72.35807703861359,2314.95,2213.75,72.9778823852539,1376164,0.0,0.0,ADANIENT.NS,Adani Enterprises Limited,Thermal Coal,Energy,Mr. Gautambhai Shantilal Adani S.Y. B.Com,"Ahmedabad, India",https://www.adanienterprises.com,2311.75,2238.85,2668245024768,77.16122,29.96,0.00059999997,3743.9,2025.0
2015-01-20 00:00:00+05:30,73.32383524962405,2314.95,2213.75,73.00672912597656,1376164,0.0,0.0,ADANIENT.NS,Adani Enterprises Limited,Thermal Coal,Energy,Mr. Gautambhai Shantilal Adani S.Y. B.Com,"Ahmedabad, India",https://www.adanienterprises.com,2311.75,2238.85,2668245024768,77.16122,29.96,0.00059999997,3743.9,2025.0
2015-01-21 00:00:00+05:30,73.07876723198696,2314.95,2213.75,72.95624542236328,1376164,0.0,0.0,ADANIENT.NS,Adani Enterprises Limited,Thermal Coal,Energy,Mr. Gautambhai Shantilal Adani S.Y. B.Com,"Ahmedabad, India",https://www.adanienterprises.com,2311.75,2238.85,2668245024768,77.16122,29.96,0.00059999997,3743.9,2025.0
2015-01-22 00:00:00+05:30,73.0787872420632,2314.95,2213.75,74.75080108642578,1376164,0.0,0.0,ADANIENT.NS,Adani Enterprises Limited,Thermal Coal,Energy,Mr. Gautambhai Shantilal Adani S.Y. B.Com,"Ahmedabad, India",https://www.adanienterprises.com,2311.75,2238.85,2668245024768,77.16122,29.96,0.00059999997,3743.9,2025.0
2015-01-23 00:00:00+05:30,75.6733015563037,2314.95,2213.75,81.27312469482422,1376164,0.0,0.0,ADANIENT.NS,Adani Enterprises Limited,Thermal Coal,Energy,Mr. Gautambhai Shantilal Adani S.Y. B.Com,"Ahmedabad, India",https://www.adanienterprises.com,2311.75,2238.85,2668245024768,77.16122,29.96,0.00059999997,3743.9,2025.0
2015-01-27 00:00:00+05:30,81.28753562239048,2314.95,2213.75,80.90556335449219,1376164,0.0,0.0,ADANIENT.NS,Adani Enterprises Limited,Thermal Coal,Energy,Mr. Gautambhai Shantilal Adani S.Y. B.Com,"Ahmedabad, India",https://www.adanienterprises.com,2311.75,2238.85,2668245024768,77.16122,29.96,0.00059999997,3743.9,2025.0
2015-01-28 00:00:00+05:30,79.85334526922495,2314.95,2213.75,80.31459045410156,1376164,0.0,0.0,ADANIENT.NS,Adani Enterprises Limited,Thermal Coal,Energy,Mr. Gautambhai Shantilal Adani S.Y. B.Com,"Ahmedabad, India",https://www.adanienterprises.com,2311.75,2238.85,2668245024768,77.16122,29.96,0.00059999997,3743.9,2025.0
2015-01-29 00:00:00+05:30,80.42989391720462,2314.95,2213.75,84.0910415649414,1376164,0.0,0.0,ADANIENT.NS,Adani Enterprises Limited,Thermal Coal,Energy,Mr. Gautambhai Shantilal Adani S.Y. B.Com,"Ahmedabad, India",https://www.adanienterprises.com,2311.75,2238.85,2668245024768,77.16122,29.96,0.00059999997,3743.9,2025.0
2015-01-30 00:00:00+05:30,85.53244700365572,2314.95,2213.75,90.41877746582031,1376164,0.0,0.0,ADANIENT.NS,Adani Enterprises Limited,Thermal Coal,Energy,Mr. Gautambhai Shantilal Adani S.Y. B.Com,"Ahmedabad, India",https://www.adanienterprises.com,2311.75,2238.85,2668245024768,77.16122,29.96,0.00059999997,3743.9,2025.0
2015-02-02 00:00:00+05:30,93.8348855058593,2314.95,2213.75,94.38261413574219,1376164,0.0,0.0,ADANIENT.NS,Adani Enterprises Limited,Thermal Coal,Energy,Mr. Gautambhai Shantilal Adani S.Y. B.Com,"Ahmedabad, India",https://www.adanienterprises.com,2311.75,2238.85,2668245024768,77.16122,29.96,0.00059999997,3743.9,2025.0
2015-02-03 00:00:00+05:30,94.45470149484312,2314.95,2213.75,92.47998809814453,1376164,0.0,0.0,ADANIENT.NS,Adani Enterprises Limited,Thermal Coal,Energy,Mr. Gautambhai Shantilal Adani S.Y. B.Com,"Ahmedabad, India",https://www.adanienterprises.com,2311.75,2238.85,2668245024768,77.16122,29.96,0.00059999997,3743.9,2025.0
2015-02-04 00:00:00+05:30,92.53042976379594,2314.95,2213.75,93.44571685791016,1376164,0.0,0.0,ADANIENT.NS,Adani Enterprises Limited,Thermal Coal,Energy,Mr. Gautambhai Shantilal Adani S.Y. B.Com,"Ahmedabad, India",https://www.adanienterprises.com,2311.75,2238.85,2668245024768,77.16122,29.96,0.00059999997,3743.9,2025.0
2015-02-05 00:00:00+05:30,93.97903244291446,2314.95,2213.75,89.77735900878906,1376164,0.0,0.0,ADANIENT.NS,Adani Enterprises Limited,Thermal Coal,Energy,Mr. Gautambhai Shantilal Adani S.Y. B.Com,"Ahmedabad, India",https://www.adanienterprises.com,2311.75,2238.85,2668245024768,77.16122,29.96,0.00059999997,3743.9,2025.0
2015-02-06 00:00:00+05:30,90.08726387880395,2314.95,2213.75,90.42598724365234,1376164,0.0,0.0,ADANIENT.NS,Adani Enterprises Limited,Thermal Coal,Energy,Mr. Gautambhai Shantilal Adani S.Y. B.Com,"Ahmedabad, India",https://www.adanienterprises.com,2311.75,2238.85,2668245024768,77.16122,29.96,0.00059999997,3743.9,2025.0
2015-02-09 00:00:00+05:30,87.92516389525716,2314.95,2213.75,87.80985260009766,1376164,0.0,0.0,ADANIENT.NS,Adani Enterprises Limited,Thermal Coal,Energy,Mr. Gautambhai Shantilal Adani S.Y. B.Com,"Ahmedabad, India",https://www.adanienterprises.com,2311.75,2238.85,2668245024768,77.16122,29.96,0.00059999997,3743.9,2025.0
2015-02-10 00:00:00+05:30,87.34860077255544,2314.95,2213.75,91.52144622802734,1376164,0.0,0.0,ADANIENT.NS,Adani Enterprises Limited,Thermal Coal,Energy,Mr. Gautambhai Shantilal Adani S.Y. B.Com,"Ahmedabad, India",https://www.adanienterprises.com,2311.75,2238.85,2668245024768,77.16122,29.96,0.00059999997,3743.9,2025.0
2015-02-11 00:00:00+05:30,92.24935227722828,2314.95,2213.75,95.34835052490234,1376164,0.0,0.0,ADANIENT.NS,Adani Enterprises Limited,Thermal Coal,Energy,Mr. Gautambhai Shantilal Adani S.Y. B.Com,"Ahmedabad, India",https://www.adanienterprises.com,2311.75,2238.85,2668245024768,77.16122,29.96,0.00059999997,3743.9,2025.0
2015-02-12 00:00:00+05:30,95.83121733061249,2314.95,2213.75,98.64193725585938,1376164,0.0,0.0,ADANIENT.NS,Adani Enterprises Limited,Thermal Coal,Energy,Mr. Gautambhai Shantilal Adani S.Y. B.Com,"Ahmedabad, India",https://www.adanienterprises.com,2311.75,2238.85,2668245024768,77.16122,29.96,0.00059999997,3743.9,2025.0
2015-02-13 00:00:00+05:30,99.08158361891827,2314.95,2213.75,96.84741973876953,1376164,0.0,0.0,ADANIENT.NS,Adani Enterprises Limited,Thermal Coal,Energy,Mr. Gautambhai Shantilal Adani S.Y. B.Com,"Ahmedabad, India",https://www.adanienterprises.com,2311.75,2238.85,2668245024768,77.16122,29.96,0.00059999997,3743.9,2025.0
2015-02-16 00:00:00+05:30,97.1789252639165,2314.95,2213.75,95.56455993652344,1376164,0.0,0.0,ADANIENT.NS,Adani Enterprises Limited,Thermal Coal,Energy,Mr. Gautambhai Shantilal Adani S.Y. B.Com,"Ahmedabad, India",https://www.adanienterprises.com,2311.75,2238.85,2668245024768,77.16122,29.96,0.00059999997,3743.9,2025.0
2015-02-18 00:00:00+05:30,95.91051527573809,2314.95,2213.75,95.9609603881836,1376164,0.0,0.0,ADANIENT.NS,Adani Enterprises Limited,Thermal Coal,Energy,Mr. Gautambhai Shantilal Adani S.Y. B.Com,"Ahmedabad, India",https://www.adanienterprises.com,2311.75,2238.85,2668245024768,77.16122,29.96,0.00059999997,3743.9,2025.0
2015-02-19 00:00:00+05:30,96.7104844414406,2314.95,2213.75,99.7806625366211,1376164,0.0,0.0,ADANIENT.NS,Adani Enterprises Limited,Thermal Coal,Energy,Mr. Gautambhai Shantilal Adani S.Y. B.Com,"Ahmedabad, India",https://www.adanienterprises.com,2311.75,2238.85,2668245024768,77.16122,29.96,0.00059999997,3743.9,2025.0
2015-02-20 00:00:00+05:30,100.75360229870284,2314.95,2213.75,99.08158111572266,1376164,0.0,0.0,ADANIENT.NS,Adani Enterprises Limited,Thermal Coal,Energy,Mr. Gautambhai Shantilal Adani S.Y. B.Com,"Ahmedabad, India",https://www.adanienterprises.com,2311.75,2238.85,2668245024768,77.16122,29.96,0.00059999997,3743.9,2025.0
2015-02-23 00:00:00+05:30,99.45633234000786,2314.95,2213.75,97.99331665039062,1376164,0.0,0.0,ADANIENT.NS,Adani Enterprises Limited,Thermal Coal,Energy,Mr. Gautambhai Shantilal Adani S.Y. B.Com,"Ahmedabad, India",https://www.adanienterprises.com,2311.75,2238.85,2668245024768,77.16122,29.96,0.00059999997,3743.9,2025.0
2015-02-24 00:00:00+05:30,97.95007444858992,2314.95,2213.75,102.65623474121094,1376164,0.0,0.0,ADANIENT.NS,Adani Enterprises Limited,Thermal Coal,Energy,Mr. Gautambhai Shantilal Adani S.Y. B.Com,"Ahmedabad, India",https://www.adanienterprises.com,2311.75,2238.85,2668245024768,77.16122,29.96,0.00059999997,3743.9,2025.0
2015-02-25 00:00:00+05:30,103.34810544458405,2314.95,2213.75,100.3067626953125,1376164,0.0,0.0,ADANIENT.NS,Adani Enterprises Limited,Thermal Coal,Energy,Mr. Gautambhai Shantilal Adani S.Y. B.Com,"Ahmedabad, India",https://www.adanienterprises.com,2311.75,2238.85,2668245024768,77.16122,29.96,0.00059999997,3743.9,2025.0
2015-02-26 00:00:00+05:30,100.3355859561255,2314.95,2213.75,99.17526245117188,1376164,0.0,0.0,ADANIENT.NS,Adani Enterprises Limited,Thermal Coal,Energy,Mr. Gautambhai Shantilal Adani S.Y. B.Com,"Ahmedabad, India",https://www.adanienterprises.com,2311.75,2238.85,2668245024768,77.16122,29.96,0.00059999997,3743.9,2025.0
2015-02-27 00:00:00+05:30,99.77342444728352,2314.95,2213.75,102.53369903564453,1376164,0.0,0.0,ADANIENT.NS,Adani Enterprises Limited,Thermal Coal,Energy,Mr. Gautambhai Shantilal Adani S.Y. B.Com,"Ahmedabad, India",https://www.adanienterprises.com,2311.75,2238.85,2668245024768,77.16122,29.96,0.00059999997,3743.9,2025.0
2015-03-02 00:00:00+05:30,101.18600087329787,2314.95,2213.75,102.32470703125,1376164,0.0,0.0,ADANIENT.NS,Adani Enterprises Limited,Thermal Coal,Energy,Mr. Gautambhai Shantilal Adani S.Y. B.Com,"Ahmedabad, India",https://www.adanienterprises.com,2311.75,2238.85,2668245024768,77.16122,29.96,0.00059999997,3743.9,2025.0
2015-03-03 00:00:00+05:30,102.84361567868538,2314.95,2213.75,104.03997039794922,1376164,0.0,0.0,ADANIENT.NS,Adani Enterprises Limited,Thermal Coal,Energy,Mr. Gautambhai Shantilal Adani S.Y. B.Com,"Ahmedabad, India",https://www.adanienterprises.com,2311.75,2238.85,2668245024768,77.16122,29.96,0.00059999997,3743.9,2025.0
2015-03-04 00:00:00+05:30,104.92644137725354,2314.95,2213.75,101.51753997802734,1376164,0.0,0.0,ADANIENT.NS,Adani Enterprises Limited,Thermal Coal,Energy,Mr. Gautambhai Shantilal Adani S.Y. B.Com,"Ahmedabad, India",https://www.adanienterprises.com,2311.75,2238.85,2668245024768,77.16122,29.96,0.00059999997,3743.9,2025.0
2015-03-05 00:00:00+05:30,101.65445732769372,2314.95,2213.75,100.81844329833984,1376164,0.0,0.0,ADANIENT.NS,Adani Enterprises Limited,Thermal Coal,Energy,Mr. Gautambhai Shantilal Adani S.Y. B.Com,"Ahmedabad, India",https://www.adanienterprises.com,2311.75,2238.85,2668245024768,77.16122,29.96,0.00059999997,3743.9,2025.0
2015-03-09 00:00:00+05:30,100.16263432091077,2314.95,2213.75,95.9609603881836,1376164,0.0,0.0,ADANIENT.NS,Adani Enterprises Limited,Thermal Coal,Energy,Mr. Gautambhai Shantilal Adani S.Y. B.Com,"Ahmedabad, India",https://www.adanienterprises.com,2311.75,2238.85,2668245024768,77.16122,29.96,0.00059999997,3743.9,2025.0
2015-03-10 00:00:00+05:30,95.99698323156338,2314.95,2213.75,93.46733093261719,1376164,0.0,0.0,ADANIENT.NS,Adani Enterprises Limited,Thermal Coal,Energy,Mr. Gautambhai Shantilal Adani S.Y. B.Com,"Ahmedabad, India",https://www.adanienterprises.com,2311.75,2238.85,2668245024768,77.16122,29.96,0.00059999997,3743.9,2025.0
2015-03-11 00:00:00+05:30,93.5898404001405,2314.95,2213.75,93.50335693359375,1376164,0.0,0.0,ADANIENT.NS,Adani Enterprises Limited,Thermal Coal,Energy,Mr. Gautambhai Shantilal Adani S.Y. B.Com,"Ahmedabad, India",https://www.adanienterprises.com,2311.75,2238.85,2668245024768,77.16122,29.96,0.00059999997,3743.9,2025.0
2015-03-12 00:00:00+05:30,94.2673154646275,2314.95,2213.75,94.5123519897461,1376164,0.0,0.0,ADANIENT.NS,Adani Enterprises Limited,Thermal Coal,Energy,Mr. Gautambhai Shantilal Adani S.Y. B.Com,"Ahmedabad, India",https://www.adanienterprises.com,2311.75,2238.85,2668245024768,77.16122,29.96,0.00059999997,3743.9,2025.0
2015-03-13 00:00:00+05:30,95.09611219763929,2314.95,2213.75,91.39892578125,1376164,0.0,0.0,ADANIENT.NS,Adani Enterprises Limited,Thermal Coal,Energy,Mr. Gautambhai Shantilal Adani S.Y. B.Com,"Ahmedabad, India",https://www.adanienterprises.com,2311.75,2238.85,2668245024768,77.16122,29.96,0.00059999997,3743.9,2025.0
2015-03-16 00:00:00+05:30,91.52865630427202,2314.95,2213.75,92.24935913085938,1376164,0.0,0.0,ADANIENT.NS,Adani Enterprises Limited,Thermal Coal,Energy,Mr. Gautambhai Shantilal Adani S.Y. B.Com,"Ahmedabad, India",https://www.adanienterprises.com,2311.75,2238.85,2668245024768,77.16122,29.96,0.00059999997,3743.9,2025.0
2015-03-17 00:00:00+05:30,92.7178031504391,2314.95,2213.75,92.94843292236328,1376164,0.0,0.0,ADANIENT.NS,Adani Enterprises Limited,Thermal Coal,Energy,Mr. Gautambhai Shantilal Adani S.Y. B.Com,"Ahmedabad, India",https://www.adanienterprises.com,2311.75,2238.85,2668245024768,77.16122,29.96,0.00059999997,3743.9,2025.0
2015-03-18 00:00:00+05:30,92.98446352422214,2314.95,2213.75,92.84032440185547,1376164,0.0,0.0,ADANIENT.NS,Adani Enterprises Limited,Thermal Coal,Energy,Mr. Gautambhai Shantilal Adani S.Y. B.Com,"Ahmedabad, India",https://www.adanienterprises.com,2311.75,2238.85,2668245024768,77.16122,29.96,0.00059999997,3743.9,2025.0
2015-03-19 00:00:00+05:30,93.6979709790537,2314.95,2213.75,89.1864013671875,1376164,0.0,0.0,ADANIENT.NS,Adani Enterprises Limited,Thermal Coal,Energy,Mr. Gautambhai Shantilal Adani S.Y. B.Com,"Ahmedabad, India",https://www.adanienterprises.com,2311.75,2238.85,2668245024768,77.16122,29.96,0.00059999997,3743.9,2025.0
2015-03-20 00:00:00+05:30,88.93413215883366,2314.95,2213.75,87.90353393554688,1376164,0.0,0.0,ADANIENT.NS,Adani Enterprises Limited,Thermal Coal,Energy,Mr. Gautambhai Shantilal Adani S.Y. B.Com,"Ahmedabad, India",https://www.adanienterprises.com,2311.75,2238.85,2668245024768,77.16122,29.96,0.00059999997,3743.9,2025.0
2015-03-23 00:00:00+05:30,88.24947030357362,2314.95,2213.75,85.9432373046875,1376164,0.0,0.0,ADANIENT.NS,Adani Enterprises Limited,Thermal Coal,Energy,Mr. Gautambhai Shantilal Adani S.Y. B.Com,"Ahmedabad, India",https://www.adanienterprises.com,2311.75,2238.85,2668245024768,77.16122,29.96,0.00059999997,3743.9,2025.0
2015-03-24 00:00:00+05:30,85.5540731001838,2314.95,2213.75,85.25138092041016,1376164,0.0,0.0,ADANIENT.NS,Adani Enterprises Limited,Thermal Coal,Energy,Mr. Gautambhai Shantilal Adani S.Y. B.Com,"Ahmedabad, India",https://www.adanienterprises.com,2311.75,2238.85,2668245024768,77.16122,29.96,0.00059999997,3743.9,2025.0
2015-03-25 00:00:00+05:30,85.8063119781954,2314.95,2213.75,87.752197265625,1376164,0.0,0.0,ADANIENT.NS,Adani Enterprises Limited,Thermal Coal,Energy,Mr. Gautambhai Shantilal Adani S.Y. B.Com,"Ahmedabad, India",https://www.adanienterprises.com,2311.75,2238.85,2668245024768,77.16122,29.96,0.00059999997,3743.9,2025.0
2015-03-26 00:00:00+05:30,87.17564082302299,2314.95,2213.75,86.69998168945312,1376164,0.0,0.0,ADANIENT.NS,Adani Enterprises Limited,Thermal Coal,Energy,Mr. Gautambhai Shantilal Adani S.Y. B.Com,"Ahmedabad, India",https://www.adanienterprises.com,2311.75,2238.85,2668245024768,77.16122,29.96,0.00059999997,3743.9,2025.0
2015-03-27 00:00:00+05:30,86.48375950847394,2314.95,2213.75,85.7990951538086,1376164,0.0,0.0,ADANIENT.NS,Adani Enterprises Limited,Thermal Coal,Energy,Mr. Gautambhai Shantilal Adani S.Y. B.Com,"Ahmedabad, India",https://www.adanienterprises.com,2311.75,2238.85,2668245024768,77.16122,29.96,0.00059999997,3743.9,2025.0
2015-03-30 00:00:00+05:30,86.91619905934202,2314.95,2213.75,89.1864013671875,1376164,0.0,0.0,ADANIENT.NS,Adani Enterprises Limited,Thermal Coal,Energy,Mr. Gautambhai Shantilal Adani S.Y. B.Com,"Ahmedabad, India",https://www.adanienterprises.com,2311.75,2238.85,2668245024768,77.16122,29.96,0.00059999997,3743.9,2025.0
2015-03-31 00:00:00+05:30,89.66924687983594,2314.95,2213.75,88.69630432128906,1376164,0.0,0.0,ADANIENT.NS,Adani Enterprises Limited,Thermal Coal,Energy,Mr. Gautambhai Shantilal Adani S.Y. B.Com,"Ahmedabad, India",https://www.adanienterprises.com,2311.75,2238.85,2668245024768,77.16122,29.96,0.00059999997,3743.9,2025.0
2015-04-01 00:00:00+05:30,87.75219446238593,2314.95,2213.75,88.2710952758789,1376164,0.0,0.0,ADANIENT.NS,Adani Enterprises Limited,Thermal Coal,Energy,Mr. Gautambhai Shantilal Adani S.Y. B.Com,"Ahmedabad, India",https://www.adanienterprises.com,2311.75,2238.85,2668245024768,77.16122,29.96,0.00059999997,3743.9,2025.0
2015-04-06 00:00:00+05:30,88.64585597014612,2314.95,2213.75,90.66381072998047,1376164,0.0,0.0,ADANIENT.NS,Adani Enterprises Limited,Thermal Coal,Energy,Mr. Gautambhai Shantilal Adani S.Y. B.Com,"Ahmedabad, India",https://www.adanienterprises.com,2311.75,2238.85,2668245024768,77.16122,29.96,0.00059999997,3743.9,2025.0
2015-04-07 00:00:00+05:30,91.52864493849916,2314.95,2213.75,92.38627624511719,1376164,0.0,0.0,ADANIENT.NS,Adani Enterprises Limited,Thermal Coal,Energy,Mr. Gautambhai Shantilal Adani S.Y. B.Com,"Ahmedabad, India",https://www.adanienterprises.com,2311.75,2238.85,2668245024768,77.16122,29.96,0.00059999997,3743.9,2025.0
2015-04-08 00:00:00+05:30,92.81149716790863,2314.95,2213.75,92.94843292236328,1376164,0.0,0.0,ADANIENT.NS,Adani Enterprises Limited,Thermal Coal,Energy,Mr. Gautambhai Shantilal Adani S.Y. B.Com,"Ahmedabad, India",https://www.adanienterprises.com,2311.75,2238.85,2668245024768,77.16122,29.96,0.00059999997,3743.9,2025.0
2015-04-09 00:00:00+05:30,93.24391913050464,2314.95,2213.75,92.24935913085938,1376164,0.0,0.0,ADANIENT.NS,Adani Enterprises Limited,Thermal Coal,Energy,Mr. Gautambhai Shantilal Adani S.Y. B.Com,"Ahmedabad, India",https://www.adanienterprises.com,2311.75,2238.85,2668245024768,77.16122,29.96,0.00059999997,3743.9,2025.0
2015-04-10 00:00:00+05:30,90.81516402552093,2314.95,2213.75,91.96827697753906,1376164,0.0,0.0,ADANIENT.NS,Adani Enterprises Limited,Thermal Coal,Energy,Mr. Gautambhai Shantilal Adani S.Y. B.Com,"Ahmedabad, India",https://www.adanienterprises.com,2311.75,2238.85,2668245024768,77.16122,29.96,0.00059999997,3743.9,2025.0
2015-04-13 00:00:00+05:30,91.88900608893898,2314.95,2213.75,95.39159393310547,1376164,0.0,0.0,ADANIENT.NS,Adani Enterprises Limited,Thermal Coal,Energy,Mr. Gautambhai Shantilal Adani S.Y. B.Com,"Ahmedabad, India",https://www.adanienterprises.com,2311.75,2238.85,2668245024768,77.16122,29.96,0.00059999997,3743.9,2025.0
2015-04-15 00:00:00+05:30,95.67987712114878,2314.95,2213.75,93.0277099609375,1376164,0.0,0.0,ADANIENT.NS,Adani Enterprises Limited,Thermal Coal,Energy,Mr. Gautambhai Shantilal Adani S.Y. B.Com,"Ahmedabad, India",https://www.adanienterprises.com,2311.75,2238.85,2668245024768,77.16122,29.96,0.00059999997,3743.9,2025.0
2015-04-16 00:00:00+05:30,92.99886737565997,2314.95,2213.75,92.3574447631836,1376164,0.0,0.0,ADANIENT.NS,Adani Enterprises Limited,Thermal Coal,Energy,Mr. Gautambhai Shantilal Adani S.Y. B.Com,"Ahmedabad, India",https://www.adanienterprises.com,2311.75,2238.85,2668245024768,77.16122,29.96,0.00059999997,3743.9,2025.0
2015-04-17 00:00:00+05:30,92.24934765344538,2314.95,2213.75,92.60969543457031,1376164,0.0,0.0,ADANIENT.NS,Adani Enterprises Limited,Thermal Coal,Energy,Mr. Gautambhai Shantilal Adani S.Y. B.Com,"Ahmedabad, India",https://www.adanienterprises.com,2311.75,2238.85,2668245024768,77.16122,29.96,0.00059999997,3743.9,2025.0
2015-04-20 00:00:00+05:30,92.60970247334603,2314.95,2213.75,92.50159454345703,1376164,0.0,0.0,ADANIENT.NS,Adani Enterprises Limited,Thermal Coal,Energy,Mr. Gautambhai Shantilal Adani S.Y. B.Com,"Ahmedabad, India",https://www.adanienterprises.com,2311.75,2238.85,2668245024768,77.16122,29.96,0.00059999997,3743.9,2025.0
2015-04-21 00:00:00+05:30,92.24935083568964,2314.95,2213.75,93.86371612548828,1376164,0.0,0.0,ADANIENT.NS,Adani Enterprises Limited,Thermal Coal,Energy,Mr. Gautambhai Shantilal Adani S.Y. B.Com,"Ahmedabad, India",https://www.adanienterprises.com,2311.75,2238.85,2668245024768,77.16122,29.96,0.00059999997,3743.9,2025.0
2015-04-22 00:00:00+05:30,94.53396381801684,2314.95,2213.75,95.16097259521484,1376164,0.0,0.0,ADANIENT.NS,Adani Enterprises Limited,Thermal Coal,Energy,Mr. Gautambhai Shantilal Adani S.Y. B.Com,"Ahmedabad, India",https://www.adanienterprises.com,2311.75,2238.85,2668245024768,77.16122,29.96,0.00059999997,3743.9,2025.0
2015-04-23 00:00:00+05:30,95.87447630333607,2314.95,2213.75,96.96273040771484,1376164,0.0,0.0,ADANIENT.NS,Adani Enterprises Limited,Thermal Coal,Energy,Mr. Gautambhai Shantilal Adani S.Y. B.Com,"Ahmedabad, India",https://www.adanienterprises.com,2311.75,2238.85,2668245024768,77.16122,29.96,0.00059999997,3743.9,2025.0
2015-04-24 00:00:00+05:30,96.85461011152321,2314.95,2213.75,95.16818237304688,1376164,0.0,0.0,ADANIENT.NS,Adani Enterprises Limited,Thermal Coal,Energy,Mr. Gautambhai Shantilal Adani S.Y. B.Com,"Ahmedabad, India",https://www.adanienterprises.com,2311.75,2238.85,2668245024768,77.16122,29.96,0.00059999997,3743.9,2025.0
2015-04-27 00:00:00+05:30,95.41322845532184,2314.95,2213.75,94.26731872558594,1376164,0.0,0.0,ADANIENT.NS,Adani Enterprises Limited,Thermal Coal,Energy,Mr. Gautambhai Shantilal Adani S.Y. B.Com,"Ahmedabad, India",https://www.adanienterprises.com,2311.75,2238.85,2668245024768,77.16122,29.96,0.00059999997,3743.9,2025.0
2015-04-28 00:00:00+05:30,93.00607585841566,2314.95,2213.75,94.26008605957031,1376164,0.0,0.0,ADANIENT.NS,Adani Enterprises Limited,Thermal Coal,Energy,Mr. Gautambhai Shantilal Adani S.Y. B.Com,"Ahmedabad, India",https://www.adanienterprises.com,2311.75,2238.85,2668245024768,77.16122,29.96,0.00059999997,3743.9,2025.0
2015-04-29 00:00:00+05:30,94.5483778999251,2314.95,2213.75,97.65458679199219,1376164,0.0,0.0,ADANIENT.NS,Adani Enterprises Limited,Thermal Coal,Energy,Mr. Gautambhai Shantilal Adani S.Y. B.Com,"Ahmedabad, India",https://www.adanienterprises.com,2311.75,2238.85,2668245024768,77.16122,29.96,0.00059999997,3743.9,2025.0
2015-04-30 00:00:00+05:30,97.72665321554209,2314.95,2213.75,97.17892456054688,1376164,0.0,0.0,ADANIENT.NS,Adani Enterprises Limited,Thermal Coal,Energy,Mr. Gautambhai Shantilal Adani S.Y. B.Com,"Ahmedabad, India",https://www.adanienterprises.com,2311.75,2238.85,2668245024768,77.16122,29.96,0.00059999997,3743.9,2025.0
2015-05-04 00:00:00+05:30,97.72665459686495,2314.95,2213.75,101.9931869506836,1376164,0.0,0.0,ADANIENT.NS,Adani Enterprises Limited,Thermal Coal,Energy,Mr. Gautambhai Shantilal Adani S.Y. B.Com,"Ahmedabad, India",https://www.adanienterprises.com,2311.75,2238.85,2668245024768,77.16122,29.96,0.00059999997,3743.9,2025.0
2015-05-05 00:00:00+05:30,102.33912496255289,2314.95,2213.75,103.12467956542969,1376164,0.0,0.0,ADANIENT.NS,Adani Enterprises Limited,Thermal Coal,Energy,Mr. Gautambhai Shantilal Adani S.Y. B.Com,"Ahmedabad, India",https://www.adanienterprises.com,2311.75,2238.85,2668245024768,77.16122,29.96,0.00059999997,3743.9,2025.0
2015-05-06 00:00:00+05:30,102.21660830178223,2314.95,2213.75,97.82035064697266,1376164,0.0,0.0,ADANIENT.NS,Adani Enterprises Limited,Thermal Coal,Energy,Mr. Gautambhai Shantilal Adani S.Y. B.Com,"Ahmedabad, India",https://www.adanienterprises.com,2311.75,2238.85,2668245024768,77.16122,29.96,0.00059999997,3743.9,2025.0
2015-05-07 00:00:00+05:30,97.01315872993018,2314.95,2213.75,93.64028930664062,1376164,0.0,0.0,ADANIENT.NS,Adani Enterprises Limited,Thermal Coal,Energy,Mr. Gautambhai Shantilal Adani S.Y. B.Com,"Ahmedabad, India",https://www.adanienterprises.com,2311.75,2238.85,2668245024768,77.16122,29.96,0.00059999997,3743.9,2025.0
2015-05-08 00:00:00+05:30,95.16818123154466,2314.95,2213.75,98.61311340332031,1376164,0.0,0.0,ADANIENT.NS,Adani Enterprises Limited,Thermal Coal,Energy,Mr. Gautambhai Shantilal Adani S.Y. B.Com,"Ahmedabad, India",https://www.adanienterprises.com,2311.75,2238.85,2668245024768,77.16122,29.96,0.00059999997,3743.9,2025.0
2015-05-11 00:00:00+05:30,99.7446109780322,2314.95,2213.75,101.92832946777344,1376164,0.0,0.0,ADANIENT.NS,Adani Enterprises Limited,Thermal Coal,Energy,Mr. Gautambhai Shantilal Adani S.Y. B.Com,"Ahmedabad, India",https://www.adanienterprises.com,2311.75,2238.85,2668245024768,77.16122,29.96,0.00059999997,3743.9,2025.0
2015-05-12 00:00:00+05:30,101.90670573078346,2314.95,2213.75,97.09965515136719,1376164,0.0,0.0,ADANIENT.NS,Adani Enterprises Limited,Thermal Coal,Energy,Mr. Gautambhai Shantilal Adani S.Y. B.Com,"Ahmedabad, India",https://www.adanienterprises.com,2311.75,2238.85,2668245024768,77.16122,29.96,0.00059999997,3743.9,2025.0
2015-05-13 00:00:00+05:30,98.15907234739937,2314.95,2213.75,104.09761810302734,1376164,0.0,0.0,ADANIENT.NS,Adani Enterprises Limited,Thermal Coal,Energy,Mr. Gautambhai Shantilal Adani S.Y. B.Com,"Ahmedabad, India",https://www.adanienterprises.com,2311.75,2238.85,2668245024768,77.16122,29.96,0.00059999997,3743.9,2025.0
2015-05-14 00:00:00+05:30,102.77153395223435,2314.95,2213.75,106.29574584960938,1376164,0.0,0.0,ADANIENT.NS,Adani Enterprises Limited,Thermal Coal,Energy,Mr. Gautambhai Shantilal Adani S.Y. B.Com,"Ahmedabad, India",https://www.adanienterprises.com,2311.75,2238.85,2668245024768,77.16122,29.96,0.00059999997,3743.9,2025.0
2015-05-15 00:00:00+05:30,106.37503142631125,2314.95,2213.75,106.47592163085938,1376164,0.0,0.0,ADANIENT.NS,Adani Enterprises Limited,Thermal Coal,Energy,Mr. Gautambhai Shantilal Adani S.Y. B.Com,"Ahmedabad, India",https://www.adanienterprises.com,2311.75,2238.85,2668245024768,77.16122,29.96,0.00059999997,3743.9,2025.0
2015-05-18 00:00:00+05:30,105.95701642979824,2314.95,2213.75,111.61449432373047,1376164,0.0,0.0,ADANIENT.NS,Adani Enterprises Limited,Thermal Coal,Energy,Mr. Gautambhai Shantilal Adani S.Y. B.Com,"Ahmedabad, India",https://www.adanienterprises.com,2311.75,2238.85,2668245024768,77.16122,29.96,0.00059999997,3743.9,2025.0
2015-05-19 00:00:00+05:30,110.84335509366477,2314.95,2213.75,110.99469757080078,1376164,0.0,0.0,ADANIENT.NS,Adani Enterprises Limited,Thermal Coal,Energy,Mr. Gautambhai Shantilal Adani S.Y. B.Com,"Ahmedabad, India",https://www.adanienterprises.com,2311.75,2238.85,2668245024768,77.16122,29.96,0.00059999997,3743.9,2025.0
2015-05-20 00:00:00+05:30,111.70819737017838,2314.95,2213.75,112.49375915527344,1376164,0.0,0.0,ADANIENT.NS,Adani Enterprises Limited,Thermal Coal,Energy,Mr. Gautambhai Shantilal Adani S.Y. B.Com,"Ahmedabad, India",https://www.adanienterprises.com,2311.75,2238.85,2668245024768,77.16122,29.96,0.00059999997,3743.9,2025.0
2015-05-21 00:00:00+05:30,112.81086521675456,2314.95,2213.75,112.49375915527344,1376164,0.0,0.0,ADANIENT.NS,Adani Enterprises Limited,Thermal Coal,Energy,Mr. Gautambhai Shantilal Adani S.Y. B.Com,"Ahmedabad, India",https://www.adanienterprises.com,2311.75,2238.85,2668245024768,77.16122,29.96,0.00059999997,3743.9,2025.0
2015-05-22 00:00:00+05:30,113.27931975297751,2314.95,2213.75,114.5549545288086,1376164,0.0,0.0,ADANIENT.NS,Adani Enterprises Limited,Thermal Coal,Energy,Mr. Gautambhai Shantilal Adani S.Y. B.Com,"Ahmedabad, India",https://www.adanienterprises.com,2311.75,2238.85,2668245024768,77.16122,29.96,0.00059999997,3743.9,2025.0
2015-05-25 00:00:00+05:30,113.87029749570264,2314.95,2213.75,113.33698272705078,1376164,0.0,0.0,ADANIENT.NS,Adani Enterprises Limited,Thermal Coal,Energy,Mr. Gautambhai Shantilal Adani S.Y. B.Com,"Ahmedabad, India",https://www.adanienterprises.com,2311.75,2238.85,2668245024768,77.16122,29.96,0.00059999997,3743.9,2025.0
2015-05-26 00:00:00+05:30,113.84145641162563,2314.95,2213.75,114.37477111816406,1376164,0.0,0.0,ADANIENT.NS,Adani Enterprises Limited,Thermal Coal,Energy,Mr. Gautambhai Shantilal Adani S.Y. B.Com,"Ahmedabad, India",https://www.adanienterprises.com,2311.75,2238.85,2668245024768,77.16122,29.96,0.00059999997,3743.9,2025.0
2015-05-27 00:00:00+05:30,112.60185895562132,2314.95,2213.75,113.9423599243164,1376164,0.0,0.0,ADANIENT.NS,Adani Enterprises Limited,Thermal Coal,Energy,Mr. Gautambhai Shantilal Adani S.Y. B.Com,"Ahmedabad, India",https://www.adanienterprises.com,2311.75,2238.85,2668245024768,77.16122,29.96,0.00059999997,3743.9,2025.0
2015-05-28 00:00:00+05:30,113.72614712963623,2314.95,2213.75,105.87053680419922,1376164,0.0,0.0,ADANIENT.NS,Adani Enterprises Limited,Thermal Coal,Energy,Mr. Gautambhai Shantilal Adani S.Y. B.Com,"Ahmedabad, India",https://www.adanienterprises.com,2311.75,2238.85,2668245024768,77.16122,29.96,0.00059999997,3743.9,2025.0
2015-05-29 00:00:00+05:30,105.79846130108665,2314.95,2213.75,101.80579376220703,1376164,0.0,0.0,ADANIENT.NS,Adani Enterprises Limited,Thermal Coal,Energy,Mr. Gautambhai Shantilal Adani S.Y. B.Com,"Ahmedabad, India",https://www.adanienterprises.com,2311.75,2238.85,2668245024768,77.16122,29.96,0.00059999997,3743.9,2025.0
2015-06-01 00:00:00+05:30,102.19497132336811,2314.95,2213.75,91.24757385253906,1376164,0.0,0.0,ADANIENT.NS,Adani Enterprises Limited,Thermal Coal,Energy,Mr. Gautambhai Shantilal Adani S.Y. B.Com,"Ahmedabad, India",https://www.adanienterprises.com,2311.75,2238.85,2668245024768,77.16122,29.96,0.00059999997,3743.9,2025.0
2015-06-02 00:00:00+05:30,91.96107179438083,2314.95,2213.75,91.81693267822266,1376164,0.0,0.0,ADANIENT.NS,Adani Enterprises Limited,Thermal Coal,Energy,Mr. Gautambhai Shantilal Adani S.Y. B.Com,"Ahmedabad, India",https://www.adanienterprises.com,2311.75,2238.85,2668245024768,77.16122,29.96,0.00059999997,3743.9,2025.0
2015-06-03 00:00:00+05:30,293.77281526161966,2314.95,2213.75,56.23855972290039,1376164,0.0,0.0,ADANIENT.NS,Adani Enterprises Limited,Thermal Coal,Energy,Mr. Gautambhai Shantilal Adani S.Y. B.Com,"Ahmedabad, India",https://www.adanienterprises.com,2311.75,2238.85,2668245024768,77.16122,29.96,0.00059999997,3743.9,2025.0
2015-06-04 00:00:00+05:30,57.39151796188709,2314.95,2213.75,59.72304916381836,1376164,0.0,0.0,ADANIENT.NS,Adani Enterprises Limited,Thermal Coal,Energy,Mr. Gautambhai Shantilal Adani S.Y. B.Com,"Ahmedabad, India",https://www.adanienterprises.com,2311.75,2238.85,2668245024768,77.16122,29.96,0.00059999997,3743.9,2025.0
2015-06-05 00:00:00+05:30,59.95363262736913,2314.95,2213.75,59.056888580322266,1376164,0.0,0.0,ADANIENT.NS,Adani Enterprises Limited,Thermal Coal,Energy,Mr. Gautambhai Shantilal Adani S.Y. B.Com,"Ahmedabad, India",https://www.adanienterprises.com,2311.75,2238.85,2668245024768,77.16122,29.96,0.00059999997,3743.9,2025.0
2015-06-08 00:00:00+05:30,59.774276310185726,2314.95,2213.75,51.11430740356445,1376164,0.0,0.0,ADANIENT.NS,Adani Enterprises Limited,Thermal Coal,Energy,Mr. Gautambhai Shantilal Adani S.Y. B.Com,"Ahmedabad, India",https://www.adanienterprises.com,2311.75,2238.85,2668245024768,77.16122,29.96,0.00059999997,3743.9,2025.0
2015-06-09 00:00:00+05:30,51.5754987473967,2314.95,2213.75,51.37052917480469,1376164,0.0,0.0,ADANIENT.NS,Adani Enterprises Limited,Thermal Coal,Energy,Mr. Gautambhai Shantilal Adani S.Y. B.Com,"Ahmedabad, India",https://www.adanienterprises.com,2311.75,2238.85,2668245024768,77.16122,29.96,0.00059999997,3743.9,2025.0
2015-06-10 00:00:00+05:30,51.49863186035597,2314.95,2213.75,51.54987335205078,1376164,0.0,0.0,ADANIENT.NS,Adani Enterprises Limited,Thermal Coal,Energy,Mr. Gautambhai Shantilal Adani S.Y. B.Com,"Ahmedabad, India",https://www.adanienterprises.com,2311.75,2238.85,2668245024768,77.16122,29.96,0.00059999997,3743.9,2025.0
2015-06-11 00:00:00+05:30,52.11354100598541,2314.95,2213.75,50.16632843017578,1376164,0.0,0.0,ADANIENT.NS,Adani Enterprises Limited,Thermal Coal,Energy,Mr. Gautambhai Shantilal Adani S.Y. B.Com,"Ahmedabad, India",https://www.adanienterprises.com,2311.75,2238.85,2668245024768,77.16122,29.96,0.00059999997,3743.9,2025.0
2015-06-12 00:00:00+05:30,49.70515203256341,2314.95,2213.75,48.14225769042969,1376164,0.0,0.0,ADANIENT.NS,Adani Enterprises Limited,Thermal Coal,Energy,Mr. Gautambhai Shantilal Adani S.Y. B.Com,"Ahmedabad, India",https://www.adanienterprises.com,2311.75,2238.85,2668245024768,77.16122,29.96,0.00059999997,3743.9,2025.0
2015-06-15 00:00:00+05:30,48.14224951045684,2314.95,2213.75,51.47300720214844,1376164,0.0,0.0,ADANIENT.NS,Adani Enterprises Limited,Thermal Coal,Energy,Mr. Gautambhai Shantilal Adani S.Y. B.Com,"Ahmedabad, India",https://www.adanienterprises.com,2311.75,2238.85,2668245024768,77.16122,29.96,0.00059999997,3743.9,2025.0
2015-06-16 00:00:00+05:30,51.4730114657862,2314.95,2213.75,49.6026611328125,1376164,0.0,0.0,ADANIENT.NS,Adani Enterprises Limited,Thermal Coal,Energy,Mr. Gautambhai Shantilal Adani S.Y. B.Com,"Ahmedabad, India",https://www.adanienterprises.com,2311.75,2238.85,2668245024768,77.16122,29.96,0.00059999997,3743.9,2025.0
2015-06-17 00:00:00+05:30,50.166326425127295,2314.95,2213.75,50.85810089111328,1376164,0.0,0.0,ADANIENT.NS,Adani Enterprises Limited,Thermal Coal,Energy,Mr. Gautambhai Shantilal Adani S.Y. B.Com,"Ahmedabad, India",https://www.adanienterprises.com,2311.75,2238.85,2668245024768,77.16122,29.96,0.00059999997,3743.9,2025.0
2015-06-18 00:00:00+05:30,51.31928325139381,2314.95,2213.75,51.063072204589844,1376164,0.0,0.0,ADANIENT.NS,Adani Enterprises Limited,Thermal Coal,Energy,Mr. Gautambhai Shantilal Adani S.Y. B.Com,"Ahmedabad, India",https://www.adanienterprises.com,2311.75,2238.85,2668245024768,77.16122,29.96,0.00059999997,3743.9,2025.0
2015-06-19 00:00:00+05:30,51.06307788578182,2314.95,2213.75,49.65391159057617,1376164,0.0,0.0,ADANIENT.NS,Adani Enterprises Limited,Thermal Coal,Energy,Mr. Gautambhai Shantilal Adani S.Y. B.Com,"Ahmedabad, India",https://www.adanienterprises.com,2311.75,2238.85,2668245024768,77.16122,29.96,0.00059999997,3743.9,2025.0
2015-06-22 00:00:00+05:30,49.93573176405254,2314.95,2213.75,50.14070129394531,1376164,0.0,0.0,ADANIENT.NS,Adani Enterprises Limited,Thermal Coal,Energy,Mr. Gautambhai Shantilal Adani S.Y. B.Com,"Ahmedabad, India",https://www.adanienterprises.com,2311.75,2238.85,2668245024768,77.16122,29.96,0.00059999997,3743.9,2025.0
2015-06-23 00:00:00+05:30,50.21757178125803,2314.95,2213.75,51.42177200317383,1376164,0.0,0.0,ADANIENT.NS,Adani Enterprises Limited,Thermal Coal,Energy,Mr. Gautambhai Shantilal Adani S.Y. B.Com,"Ahmedabad, India",https://www.adanienterprises.com,2311.75,2238.85,2668245024768,77.16122,29.96,0.00059999997,3743.9,2025.0
2015-06-24 00:00:00+05:30,51.26804499689045,2314.95,2213.75,49.782012939453125,1376164,0.0,0.0,ADANIENT.NS,Adani Enterprises Limited,Thermal Coal,Energy,Mr. Gautambhai Shantilal Adani S.Y. B.Com,"Ahmedabad, India",https://www.adanienterprises.com,2311.75,2238.85,2668245024768,77.16122,29.96,0.00059999997,3743.9,2025.0
2015-06-25 00:00:00+05:30,48.42409133911133,2314.95,2213.75,48.42409133911133,1376164,0.0,0.0,ADANIENT.NS,Adani Enterprises Limited,Thermal Coal,Energy,Mr. Gautambhai Shantilal Adani S.Y. B.Com,"Ahmedabad, India",https://www.adanienterprises.com,2311.75,2238.85,2668245024768,77.16122,29.96,0.00059999997,3743.9,2025.0
2015-06-26 00:00:00+05:30,48.52657017777325,2314.95,2213.75,48.34722137451172,1376164,0.0,0.0,ADANIENT.NS,Adani Enterprises Limited,Thermal Coal,Energy,Mr. Gautambhai Shantilal Adani S.Y. B.Com,"Ahmedabad, India",https://www.adanienterprises.com,2311.75,2238.85,2668245024768,77.16122,29.96,0.00059999997,3743.9,2025.0
2015-06-29 00:00:00+05:30,47.604205415966476,2314.95,2213.75,46.8099479675293,1376164,0.0,0.0,ADANIENT.NS,Adani Enterprises Limited,Thermal Coal,Energy,Mr. Gautambhai Shantilal Adani S.Y. B.Com,"Ahmedabad, India",https://www.adanienterprises.com,2311.75,2238.85,2668245024768,77.16122,29.96,0.00059999997,3743.9,2025.0
2015-06-30 00:00:00+05:30,46.50249233883487,2314.95,2213.75,46.553733825683594,1376164,0.0,0.0,ADANIENT.NS,Adani Enterprises Limited,Thermal Coal,Energy,Mr. Gautambhai Shantilal Adani S.Y. B.Com,"Ahmedabad, India",https://www.adanienterprises.com,2311.75,2238.85,2668245024768,77.16122,29.96,0.00059999997,3743.9,2025.0
2015-07-01 00:00:00+05:30,46.78433144787537,2314.95,2213.75,46.963680267333984,1376164,0.0,0.0,ADANIENT.NS,Adani Enterprises Limited,Thermal Coal,Energy,Mr. Gautambhai Shantilal Adani S.Y. B.Com,"Ahmedabad, India",https://www.adanienterprises.com,2311.75,2238.85,2668245024768,77.16122,29.96,0.00059999997,3743.9,2025.0
2015-07-02 00:00:00+05:30,47.399237122145905,2314.95,2213.75,46.78432846069336,1376164,0.0,0.0,ADANIENT.NS,Adani Enterprises Limited,Thermal Coal,Energy,Mr. Gautambhai Shantilal Adani S.Y. B.Com,"Ahmedabad, India",https://www.adanienterprises.com,2311.75,2238.85,2668245024768,77.16122,29.96,0.00059999997,3743.9,2025.0
2015-07-03 00:00:00+05:30,46.93805609719122,2314.95,2213.75,46.63059997558594,1376164,0.0,0.0,ADANIENT.NS,Adani Enterprises Limited,Thermal Coal,Energy,Mr. Gautambhai Shantilal Adani S.Y. B.Com,"Ahmedabad, India",https://www.adanienterprises.com,2311.75,2238.85,2668245024768,77.16122,29.96,0.00059999997,3743.9,2025.0
2015-07-06 00:00:00+05:30,46.118176465537715,2314.95,2213.75,46.50249481201172,1376164,0.0,0.0,ADANIENT.NS,Adani Enterprises Limited,Thermal Coal,Energy,Mr. Gautambhai Shantilal Adani S.Y. B.Com,"Ahmedabad, India",https://www.adanienterprises.com,2311.75,2238.85,2668245024768,77.16122,29.96,0.00059999997,3743.9,2025.0
2015-07-07 00:00:00+05:30,46.83556710148598,2314.95,2213.75,47.168643951416016,1376164,0.0,0.0,ADANIENT.NS,Adani Enterprises Limited,Thermal Coal,Energy,Mr. Gautambhai Shantilal Adani S.Y. B.Com,"Ahmedabad, India",https://www.adanienterprises.com,2311.75,2238.85,2668245024768,77.16122,29.96,0.00059999997,3743.9,2025.0
2015-07-08 00:00:00+05:30,46.78433126100644,2314.95,2213.75,45.83634567260742,1376164,0.0,0.0,ADANIENT.NS,Adani Enterprises Limited,Thermal Coal,Energy,Mr. Gautambhai Shantilal Adani S.Y. B.Com,"Ahmedabad, India",https://www.adanienterprises.com,2311.75,2238.85,2668245024768,77.16122,29.96,0.00059999997,3743.9,2025.0
2015-07-09 00:00:00+05:30,46.11817409089075,2314.95,2213.75,45.58012771606445,1376164,0.0,0.0,ADANIENT.NS,Adani Enterprises Limited,Thermal Coal,Energy,Mr. Gautambhai Shantilal Adani S.Y. B.Com,"Ahmedabad, India",https://www.adanienterprises.com,2311.75,2238.85,2668245024768,77.16122,29.96,0.00059999997,3743.9,2025.0
2015-07-10 00:00:00+05:30,45.81072143890148,2314.95,2213.75,45.9132080078125,1376164,0.0,0.0,ADANIENT.NS,Adani Enterprises Limited,Thermal Coal,Energy,Mr. Gautambhai Shantilal Adani S.Y. B.Com,"Ahmedabad, India",https://www.adanienterprises.com,2311.75,2238.85,2668245024768,77.16122,29.96,0.00059999997,3743.9,2025.0
2015-07-13 00:00:00+05:30,46.11817491060994,2314.95,2213.75,46.45124816894531,1376164,0.0,0.0,ADANIENT.NS,Adani Enterprises Limited,Thermal Coal,Energy,Mr. Gautambhai Shantilal Adani S.Y. B.Com,"Ahmedabad, India",https://www.adanienterprises.com,2311.75,2238.85,2668245024768,77.16122,29.96,0.00059999997,3743.9,2025.0
2015-07-14 00:00:00+05:30,46.68184983562893,2314.95,2213.75,45.81072998046875,1376164,0.0,0.0,ADANIENT.NS,Adani Enterprises Limited,Thermal Coal,Energy,Mr. Gautambhai Shantilal Adani S.Y. B.Com,"Ahmedabad, India",https://www.adanienterprises.com,2311.75,2238.85,2668245024768,77.16122,29.96,0.00059999997,3743.9,2025.0
2015-07-15 00:00:00+05:30,45.86196341863925,2314.95,2213.75,45.6569938659668,1376164,0.0,0.0,ADANIENT.NS,Adani Enterprises Limited,Thermal Coal,Energy,Mr. Gautambhai Shantilal Adani S.Y. B.Com,"Ahmedabad, India",https://www.adanienterprises.com,2311.75,2238.85,2668245024768,77.16122,29.96,0.00059999997,3743.9,2025.0
2015-07-16 00:00:00+05:30,45.99007323285182,2314.95,2213.75,45.60575485229492,1376164,0.0,0.0,ADANIENT.NS,Adani Enterprises Limited,Thermal Coal,Energy,Mr. Gautambhai Shantilal Adani S.Y. B.Com,"Ahmedabad, India",https://www.adanienterprises.com,2311.75,2238.85,2668245024768,77.16122,29.96,0.00059999997,3743.9,2025.0
2015-07-17 00:00:00+05:30,45.861960289332586,2314.95,2213.75,45.400779724121094,1376164,0.0,0.0,ADANIENT.NS,Adani Enterprises Limited,Thermal Coal,Energy,Mr. Gautambhai Shantilal Adani S.Y. B.Com,"Ahmedabad, India",https://www.adanienterprises.com,2311.75,2238.85,2668245024768,77.16122,29.96,0.00059999997,3743.9,2025.0
2015-07-20 00:00:00+05:30,45.580129121592826,2314.95,2213.75,45.06770706176758,1376164,0.0,0.0,ADANIENT.NS,Adani Enterprises Limited,Thermal Coal,Energy,Mr. Gautambhai Shantilal Adani S.Y. B.Com,"Ahmedabad, India",https://www.adanienterprises.com,2311.75,2238.85,2668245024768,77.16122,29.96,0.00059999997,3743.9,2025.0
2015-07-21 00:00:00+05:30,45.09332997975233,2314.95,2213.75,43.40232849121094,1376164,0.0,0.0,ADANIENT.NS,Adani Enterprises Limited,Thermal Coal,Energy,Mr. Gautambhai Shantilal Adani S.Y. B.Com,"Ahmedabad, India",https://www.adanienterprises.com,2311.75,2238.85,2668245024768,77.16122,29.96,0.00059999997,3743.9,2025.0
2015-07-22 00:00:00+05:30,43.22297978357095,2314.95,2213.75,43.479190826416016,1376164,0.0,0.0,ADANIENT.NS,Adani Enterprises Limited,Thermal Coal,Energy,Mr. Gautambhai Shantilal Adani S.Y. B.Com,"Ahmedabad, India",https://www.adanienterprises.com,2311.75,2238.85,2668245024768,77.16122,29.96,0.00059999997,3743.9,2025.0
2015-07-23 00:00:00+05:30,43.78665060379891,2314.95,2213.75,43.325469970703125,1376164,0.0,0.0,ADANIENT.NS,Adani Enterprises Limited,Thermal Coal,Energy,Mr. Gautambhai Shantilal Adani S.Y. B.Com,"Ahmedabad, India",https://www.adanienterprises.com,2311.75,2238.85,2668245024768,77.16122,29.96,0.00059999997,3743.9,2025.0
2015-07-24 00:00:00+05:30,43.29984153675314,2314.95,2213.75,43.73540496826172,1376164,0.0,0.0,ADANIENT.NS,Adani Enterprises Limited,Thermal Coal,Energy,Mr. Gautambhai Shantilal Adani S.Y. B.Com,"Ahmedabad, India",https://www.adanienterprises.com,2311.75,2238.85,2668245024768,77.16122,29.96,0.00059999997,3743.9,2025.0
2015-07-27 00:00:00+05:30,43.55606122084236,2314.95,2213.75,41.531986236572266,1376164,0.0,0.0,ADANIENT.NS,Adani Enterprises Limited,Thermal Coal,Energy,Mr. Gautambhai Shantilal Adani S.Y. B.Com,"Ahmedabad, India",https://www.adanienterprises.com,2311.75,2238.85,2668245024768,77.16122,29.96,0.00059999997,3743.9,2025.0
2015-07-28 00:00:00+05:30,41.81381199851343,2314.95,2213.75,41.173282623291016,1376164,0.0,0.0,ADANIENT.NS,Adani Enterprises Limited,Thermal Coal,Energy,Mr. Gautambhai Shantilal Adani S.Y. B.Com,"Ahmedabad, India",https://www.adanienterprises.com,2311.75,2238.85,2668245024768,77.16122,29.96,0.00059999997,3743.9,2025.0
2015-07-29 00:00:00+05:30,41.403877036545296,2314.95,2213.75,41.89067840576172,1376164,0.0,0.0,ADANIENT.NS,Adani Enterprises Limited,Thermal Coal,Energy,Mr. Gautambhai Shantilal Adani S.Y. B.Com,"Ahmedabad, India",https://www.adanienterprises.com,2311.75,2238.85,2668245024768,77.16122,29.96,0.00059999997,3743.9,2025.0
2015-07-30 00:00:00+05:30,42.04440720244504,2314.95,2213.75,45.42640686035156,1376164,0.0,0.0,ADANIENT.NS,Adani Enterprises Limited,Thermal Coal,Energy,Mr. Gautambhai Shantilal Adani S.Y. B.Com,"Ahmedabad, India",https://www.adanienterprises.com,2311.75,2238.85,2668245024768,77.16122,29.96,0.00059999997,3743.9,2025.0
2015-07-31 00:00:00+05:30,46.43924837824221,2314.95,2213.75,45.990684509277344,1376164,1.4,0.0,ADANIENT.NS,Adani Enterprises Limited,Thermal Coal,Energy,Mr. Gautambhai Shantilal Adani S.Y. B.Com,"Ahmedabad, India",https://www.adanienterprises.com,2311.75,2238.85,2668245024768,77.16122,29.96,0.00059999997,3743.9,2025.0
2015-08-03 00:00:00+05:30,46.333694625583895,2314.95,2213.75,44.75053787231445,1376164,0.0,0.0,ADANIENT.NS,Adani Enterprises Limited,Thermal Coal,Energy,Mr. Gautambhai Shantilal Adani S.Y. B.Com,"Ahmedabad, India",https://www.adanienterprises.com,2311.75,2238.85,2668245024768,77.16122,29.96,0.00059999997,3743.9,2025.0
2015-08-04 00:00:00+05:30,45.06717295041459,2314.95,2213.75,49.84302520751953,1376164,0.0,0.0,ADANIENT.NS,Adani Enterprises Limited,Thermal Coal,Energy,Mr. Gautambhai Shantilal Adani S.Y. B.Com,"Ahmedabad, India",https://www.adanienterprises.com,2311.75,2238.85,2668245024768,77.16122,29.96,0.00059999997,3743.9,2025.0
2015-08-05 00:00:00+05:30,50.71376809900028,2314.95,2213.75,52.19137954711914,1376164,0.0,0.0,ADANIENT.NS,Adani Enterprises Limited,Thermal Coal,Energy,Mr. Gautambhai Shantilal Adani S.Y. B.Com,"Ahmedabad, India",https://www.adanienterprises.com,2311.75,2238.85,2668245024768,77.16122,29.96,0.00059999997,3743.9,2025.0
2015-08-06 00:00:00+05:30,51.45257540002881,2314.95,2213.75,50.21243667602539,1376164,0.0,0.0,ADANIENT.NS,Adani Enterprises Limited,Thermal Coal,Energy,Mr. Gautambhai Shantilal Adani S.Y. B.Com,"Ahmedabad, India",https://www.adanienterprises.com,2311.75,2238.85,2668245024768,77.16122,29.96,0.00059999997,3743.9,2025.0
2015-08-07 00:00:00+05:30,49.790258715318956,2314.95,2213.75,47.65299606323242,1376164,0.0,0.0,ADANIENT.NS,Adani Enterprises Limited,Thermal Coal,Energy,Mr. Gautambhai Shantilal Adani S.Y. B.Com,"Ahmedabad, India",https://www.adanienterprises.com,2311.75,2238.85,2668245024768,77.16122,29.96,0.00059999997,3743.9,2025.0
2015-08-10 00:00:00+05:30,48.28625836236192,2314.95,2213.75,48.154327392578125,1376164,0.0,0.0,ADANIENT.NS,Adani Enterprises Limited,Thermal Coal,Energy,Mr. Gautambhai Shantilal Adani S.Y. B.Com,"Ahmedabad, India",https://www.adanienterprises.com,2311.75,2238.85,2668245024768,77.16122,29.96,0.00059999997,3743.9,2025.0
2015-08-11 00:00:00+05:30,48.89313554292521,2314.95,2213.75,48.78759002685547,1376164,0.0,0.0,ADANIENT.NS,Adani Enterprises Limited,Thermal Coal,Energy,Mr. Gautambhai Shantilal Adani S.Y. B.Com,"Ahmedabad, India",https://www.adanienterprises.com,2311.75,2238.85,2668245024768,77.16122,29.96,0.00059999997,3743.9,2025.0
2015-08-12 00:00:00+05:30,49.077837081087104,2314.95,2213.75,46.571170806884766,1376164,0.0,0.0,ADANIENT.NS,Adani Enterprises Limited,Thermal Coal,Energy,Mr. Gautambhai Shantilal Adani S.Y. B.Com,"Ahmedabad, India",https://www.adanienterprises.com,2311.75,2238.85,2668245024768,77.16122,29.96,0.00059999997,3743.9,2025.0
2015-08-13 00:00:00+05:30,47.30997954669302,2314.95,2213.75,45.38380432128906,1376164,0.0,0.0,ADANIENT.NS,Adani Enterprises Limited,Thermal Coal,Energy,Mr. Gautambhai Shantilal Adani S.Y. B.Com,"Ahmedabad, India",https://www.adanienterprises.com,2311.75,2238.85,2668245024768,77.16122,29.96,0.00059999997,3743.9,2025.0
2015-08-14 00:00:00+05:30,45.80598425687353,2314.95,2213.75,46.782264709472656,1376164,0.0,0.0,ADANIENT.NS,Adani Enterprises Limited,Thermal Coal,Energy,Mr. Gautambhai Shantilal Adani S.Y. B.Com,"Ahmedabad, India",https://www.adanienterprises.com,2311.75,2238.85,2668245024768,77.16122,29.96,0.00059999997,3743.9,2025.0
2015-08-17 00:00:00+05:30,47.12527759973306,2314.95,2213.75,46.729488372802734,1376164,0.0,0.0,ADANIENT.NS,Adani Enterprises Limited,Thermal Coal,Energy,Mr. Gautambhai Shantilal Adani S.Y. B.Com,"Ahmedabad, India",https://www.adanienterprises.com,2311.75,2238.85,2668245024768,77.16122,29.96,0.00059999997,3743.9,2025.0
2015-08-18 00:00:00+05:30,46.993345709699526,2314.95,2213.75,45.59489440917969,1376164,0.0,0.0,ADANIENT.NS,Adani Enterprises Limited,Thermal Coal,Energy,Mr. Gautambhai Shantilal Adani S.Y. B.Com,"Ahmedabad, India",https://www.adanienterprises.com,2311.75,2238.85,2668245024768,77.16122,29.96,0.00059999997,3743.9,2025.0
2015-08-19 00:00:00+05:30,45.59489211454225,2314.95,2213.75,45.27825927734375,1376164,0.0,0.0,ADANIENT.NS,Adani Enterprises Limited,Thermal Coal,Energy,Mr. Gautambhai Shantilal Adani S.Y. B.Com,"Ahmedabad, India",https://www.adanienterprises.com,2311.75,2238.85,2668245024768,77.16122,29.96,0.00059999997,3743.9,2025.0
2015-08-20 00:00:00+05:30,45.70044099545058,2314.95,2213.75,43.90619659423828,1376164,0.0,0.0,ADANIENT.NS,Adani Enterprises Limited,Thermal Coal,Energy,Mr. Gautambhai Shantilal Adani S.Y. B.Com,"Ahmedabad, India",https://www.adanienterprises.com,2311.75,2238.85,2668245024768,77.16122,29.96,0.00059999997,3743.9,2025.0
2015-08-21 00:00:00+05:30,43.589560782389874,2314.95,2213.75,43.32569885253906,1376164,0.0,0.0,ADANIENT.NS,Adani Enterprises Limited,Thermal Coal,Energy,Mr. Gautambhai Shantilal Adani S.Y. B.Com,"Ahmedabad, India",https://www.adanienterprises.com,2311.75,2238.85,2668245024768,77.16122,29.96,0.00059999997,3743.9,2025.0
2015-08-24 00:00:00+05:30,42.217489770017636,2314.95,2213.75,37.6527214050293,1376164,0.0,0.0,ADANIENT.NS,Adani Enterprises Limited,Thermal Coal,Energy,Mr. Gautambhai Shantilal Adani S.Y. B.Com,"Ahmedabad, India",https://www.adanienterprises.com,2311.75,2238.85,2668245024768,77.16122,29.96,0.00059999997,3743.9,2025.0
2015-08-25 00:00:00+05:30,40.106621404437774,2314.95,2213.75,38.28599166870117,1376164,0.0,0.0,ADANIENT.NS,Adani Enterprises Limited,Thermal Coal,Energy,Mr. Gautambhai Shantilal Adani S.Y. B.Com,"Ahmedabad, India",https://www.adanienterprises.com,2311.75,2238.85,2668245024768,77.16122,29.96,0.00059999997,3743.9,2025.0
2015-08-26 00:00:00+05:30,38.39153587066335,2314.95,2213.75,37.99574661254883,1376164,0.0,0.0,ADANIENT.NS,Adani Enterprises Limited,Thermal Coal,Energy,Mr. Gautambhai Shantilal Adani S.Y. B.Com,"Ahmedabad, India",https://www.adanienterprises.com,2311.75,2238.85,2668245024768,77.16122,29.96,0.00059999997,3743.9,2025.0
2015-08-27 00:00:00+05:30,38.523465006272744,2314.95,2213.75,42.1119499206543,1376164,0.0,0.0,ADANIENT.NS,Adani Enterprises Limited,Thermal Coal,Energy,Mr. Gautambhai Shantilal Adani S.Y. B.Com,"Ahmedabad, India",https://www.adanienterprises.com,2311.75,2238.85,2668245024768,77.16122,29.96,0.00059999997,3743.9,2025.0
2015-08-28 00:00:00+05:30,42.850755050037044,2314.95,2213.75,40.68710708618164,1376164,0.0,0.0,ADANIENT.NS,Adani Enterprises Limited,Thermal Coal,Energy,Mr. Gautambhai Shantilal Adani S.Y. B.Com,"Ahmedabad, India",https://www.adanienterprises.com,2311.75,2238.85,2668245024768,77.16122,29.96,0.00059999997,3743.9,2025.0
2015-08-31 00:00:00+05:30,40.84542195647763,2314.95,2213.75,39.65805435180664,1376164,0.0,0.0,ADANIENT.NS,Adani Enterprises Limited,Thermal Coal,Energy,Mr. Gautambhai Shantilal Adani S.Y. B.Com,"Ahmedabad, India",https://www.adanienterprises.com,2311.75,2238.85,2668245024768,77.16122,29.96,0.00059999997,3743.9,2025.0
2015-09-01 00:00:00+05:30,39.05118340271839,2314.95,2213.75,37.99574661254883,1376164,0.0,0.0,ADANIENT.NS,Adani Enterprises Limited,Thermal Coal,Energy,Mr. Gautambhai Shantilal Adani S.Y. B.Com,"Ahmedabad, India",https://www.adanienterprises.com,2311.75,2238.85,2668245024768,77.16122,29.96,0.00059999997,3743.9,2025.0
2015-09-02 00:00:00+05:30,38.62900782162368,2314.95,2213.75,37.59995651245117,1376164,0.0,0.0,ADANIENT.NS,Adani Enterprises Limited,Thermal Coal,Energy,Mr. Gautambhai Shantilal Adani S.Y. B.Com,"Ahmedabad, India",https://www.adanienterprises.com,2311.75,2238.85,2668245024768,77.16122,29.96,0.00059999997,3743.9,2025.0
2015-09-03 00:00:00+05:30,37.99574399692063,2314.95,2213.75,38.52346420288086,1376164,0.0,0.0,ADANIENT.NS,Adani Enterprises Limited,Thermal Coal,Energy,Mr. Gautambhai Shantilal Adani S.Y. B.Com,"Ahmedabad, India",https://www.adanienterprises.com,2311.75,2238.85,2668245024768,77.16122,29.96,0.00059999997,3743.9,2025.0
2015-09-04 00:00:00+05:30,38.39153132904751,2314.95,2213.75,36.62367630004883,1376164,0.0,0.0,ADANIENT.NS,Adani Enterprises Limited,Thermal Coal,Energy,Mr. Gautambhai Shantilal Adani S.Y. B.Com,"Ahmedabad, India",https://www.adanienterprises.com,2311.75,2238.85,2668245024768,77.16122,29.96,0.00059999997,3743.9,2025.0
2015-09-07 00:00:00+05:30,36.80837027332954,2314.95,2213.75,35.51546096801758,1376164,0.0,0.0,ADANIENT.NS,Adani Enterprises Limited,Thermal Coal,Energy,Mr. Gautambhai Shantilal Adani S.Y. B.Com,"Ahmedabad, India",https://www.adanienterprises.com,2311.75,2238.85,2668245024768,77.16122,29.96,0.00059999997,3743.9,2025.0
2015-09-08 00:00:00+05:30,35.88487515389963,2314.95,2213.75,36.09596252441406,1376164,0.0,0.0,ADANIENT.NS,Adani Enterprises Limited,Thermal Coal,Energy,Mr. Gautambhai Shantilal Adani S.Y. B.Com,"Ahmedabad, India",https://www.adanienterprises.com,2311.75,2238.85,2668245024768,77.16122,29.96,0.00059999997,3743.9,2025.0
2015-09-09 00:00:00+05:30,36.80837637591716,2314.95,2213.75,37.17778015136719,1376164,0.0,0.0,ADANIENT.NS,Adani Enterprises Limited,Thermal Coal,Energy,Mr. Gautambhai Shantilal Adani S.Y. B.Com,"Ahmedabad, India",https://www.adanienterprises.com,2311.75,2238.85,2668245024768,77.16122,29.96,0.00059999997,3743.9,2025.0
2015-09-10 00:00:00+05:30,36.808376101980954,2314.95,2213.75,36.676448822021484,1376164,0.0,0.0,ADANIENT.NS,Adani Enterprises Limited,Thermal Coal,Energy,Mr. Gautambhai Shantilal Adani S.Y. B.Com,"Ahmedabad, India",https://www.adanienterprises.com,2311.75,2238.85,2668245024768,77.16122,29.96,0.00059999997,3743.9,2025.0
2015-09-11 00:00:00+05:30,37.072236421006494,2314.95,2213.75,36.62367630004883,1376164,0.0,0.0,ADANIENT.NS,Adani Enterprises Limited,Thermal Coal,Energy,Mr. Gautambhai Shantilal Adani S.Y. B.Com,"Ahmedabad, India",https://www.adanienterprises.com,2311.75,2238.85,2668245024768,77.16122,29.96,0.00059999997,3743.9,2025.0
2015-09-14 00:00:00+05:30,37.41525153241452,2314.95,2213.75,40.68710708618164,1376164,0.0,0.0,ADANIENT.NS,Adani Enterprises Limited,Thermal Coal,Energy,Mr. Gautambhai Shantilal Adani S.Y. B.Com,"Ahmedabad, India",https://www.adanienterprises.com,2311.75,2238.85,2668245024768,77.16122,29.96,0.00059999997,3743.9,2025.0
2015-09-15 00:00:00+05:30,39.737217079476814,2314.95,2213.75,38.76093673706055,1376164,0.0,0.0,ADANIENT.NS,Adani Enterprises Limited,Thermal Coal,Energy,Mr. Gautambhai Shantilal Adani S.Y. B.Com,"Ahmedabad, India",https://www.adanienterprises.com,2311.75,2238.85,2668245024768,77.16122,29.96,0.00059999997,3743.9,2025.0
2015-09-16 00:00:00+05:30,39.36781010283211,2314.95,2213.75,39.394195556640625,1376164,0.0,0.0,ADANIENT.NS,Adani Enterprises Limited,Thermal Coal,Energy,Mr. Gautambhai Shantilal Adani S.Y. B.Com,"Ahmedabad, India",https://www.adanienterprises.com,2311.75,2238.85,2668245024768,77.16122,29.96,0.00059999997,3743.9,2025.0
2015-09-18 00:00:00+05:30,39.76359653019539,2314.95,2213.75,41.13566589355469,1376164,0.0,0.0,ADANIENT.NS,Adani Enterprises Limited,Thermal Coal,Energy,Mr. Gautambhai Shantilal Adani S.Y. B.Com,"Ahmedabad, India",https://www.adanienterprises.com,2311.75,2238.85,2668245024768,77.16122,29.96,0.00059999997,3743.9,2025.0
2015-09-21 00:00:00+05:30,40.5287923944502,2314.95,2213.75,42.82436752319336,1376164,0.0,0.0,ADANIENT.NS,Adani Enterprises Limited,Thermal Coal,Energy,Mr. Gautambhai Shantilal Adani S.Y. B.Com,"Ahmedabad, India",https://www.adanienterprises.com,2311.75,2238.85,2668245024768,77.16122,29.96,0.00059999997,3743.9,2025.0
2015-09-22 00:00:00+05:30,43.114611778768996,2314.95,2213.75,41.37314224243164,1376164,0.0,0.0,ADANIENT.NS,Adani Enterprises Limited,Thermal Coal,Energy,Mr. Gautambhai Shantilal Adani S.Y. B.Com,"Ahmedabad, India",https://www.adanienterprises.com,2311.75,2238.85,2668245024768,77.16122,29.96,0.00059999997,3743.9,2025.0
2015-09-23 00:00:00+05:30,40.133006965801094,2314.95,2213.75,42.21749496459961,1376164,0.0,0.0,ADANIENT.NS,Adani Enterprises Limited,Thermal Coal,Energy,Mr. Gautambhai Shantilal Adani S.Y. B.Com,"Ahmedabad, India",https://www.adanienterprises.com,2311.75,2238.85,2668245024768,77.16122,29.96,0.00059999997,3743.9,2025.0
2015-09-24 00:00:00+05:30,42.21749609354315,2314.95,2213.75,42.37581253051758,1376164,0.0,0.0,ADANIENT.NS,Adani Enterprises Limited,Thermal Coal,Energy,Mr. Gautambhai Shantilal Adani S.Y. B.Com,"Ahmedabad, India",https://www.adanienterprises.com,2311.75,2238.85,2668245024768,77.16122,29.96,0.00059999997,3743.9,2025.0
2015-09-28 00:00:00+05:30,42.74520958908663,2314.95,2213.75,42.40219497680664,1376164,0.0,0.0,ADANIENT.NS,Adani Enterprises Limited,Thermal Coal,Energy,Mr. Gautambhai Shantilal Adani S.Y. B.Com,"Ahmedabad, India",https://www.adanienterprises.com,2311.75,2238.85,2668245024768,77.16122,29.96,0.00059999997,3743.9,2025.0
2015-09-29 00:00:00+05:30,41.452301684252426,2314.95,2213.75,41.716163635253906,1376164,0.0,0.0,ADANIENT.NS,Adani Enterprises Limited,Thermal Coal,Energy,Mr. Gautambhai Shantilal Adani S.Y. B.Com,"Ahmedabad, India",https://www.adanienterprises.com,2311.75,2238.85,2668245024768,77.16122,29.96,0.00059999997,3743.9,2025.0
2015-09-30 00:00:00+05:30,42.21749363863458,2314.95,2213.75,42.666053771972656,1376164,0.0,0.0,ADANIENT.NS,Adani Enterprises Limited,Thermal Coal,Energy,Mr. Gautambhai Shantilal Adani S.Y. B.Com,"Ahmedabad, India",https://www.adanienterprises.com,2311.75,2238.85,2668245024768,77.16122,29.96,0.00059999997,3743.9,2025.0
2015-10-01 00:00:00+05:30,43.11461662007117,2314.95,2213.75,42.50774002075195,1376164,0.0,0.0,ADANIENT.NS,Adani Enterprises Limited,Thermal Coal,Energy,Mr. Gautambhai Shantilal Adani S.Y. B.Com,"Ahmedabad, India",https://www.adanienterprises.com,2311.75,2238.85,2668245024768,77.16122,29.96,0.00059999997,3743.9,2025.0
2015-10-05 00:00:00+05:30,42.903526709655964,2314.95,2213.75,43.40486145019531,1376164,0.0,0.0,ADANIENT.NS,Adani Enterprises Limited,Thermal Coal,Energy,Mr. Gautambhai Shantilal Adani S.Y. B.Com,"Ahmedabad, India",https://www.adanienterprises.com,2311.75,2238.85,2668245024768,77.16122,29.96,0.00059999997,3743.9,2025.0
2015-10-06 00:00:00+05:30,43.800655113631976,2314.95,2213.75,44.40753173828125,1376164,0.0,0.0,ADANIENT.NS,Adani Enterprises Limited,Thermal Coal,Energy,Mr. Gautambhai Shantilal Adani S.Y. B.Com,"Ahmedabad, India",https://www.adanienterprises.com,2311.75,2238.85,2668245024768,77.16122,29.96,0.00059999997,3743.9,2025.0
2015-10-07 00:00:00+05:30,44.618611410643624,2314.95,2213.75,44.77692413330078,1376164,0.0,0.0,ADANIENT.NS,Adani Enterprises Limited,Thermal Coal,Energy,Mr. Gautambhai Shantilal Adani S.Y. B.Com,"Ahmedabad, India",https://www.adanienterprises.com,2311.75,2238.85,2668245024768,77.16122,29.96,0.00059999997,3743.9,2025.0
2015-10-08 00:00:00+05:30,45.014408362930524,2314.95,2213.75,44.40753173828125,1376164,0.0,0.0,ADANIENT.NS,Adani Enterprises Limited,Thermal Coal,Energy,Mr. Gautambhai Shantilal Adani S.Y. B.Com,"Ahmedabad, India",https://www.adanienterprises.com,2311.75,2238.85,2668245024768,77.16122,29.96,0.00059999997,3743.9,2025.0
2015-10-09 00:00:00+05:30,44.85609240838994,2314.95,2213.75,44.30198669433594,1376164,0.0,0.0,ADANIENT.NS,Adani Enterprises Limited,Thermal Coal,Energy,Mr. Gautambhai Shantilal Adani S.Y. B.Com,"Ahmedabad, India",https://www.adanienterprises.com,2311.75,2238.85,2668245024768,77.16122,29.96,0.00059999997,3743.9,2025.0
2015-10-12 00:00:00+05:30,44.565842107775374,2314.95,2213.75,45.436580657958984,1376164,0.0,0.0,ADANIENT.NS,Adani Enterprises Limited,Thermal Coal,Energy,Mr. Gautambhai Shantilal Adani S.Y. B.Com,"Ahmedabad, India",https://www.adanienterprises.com,2311.75,2238.85,2668245024768,77.16122,29.96,0.00059999997,3743.9,2025.0
2015-10-13 00:00:00+05:30,45.38380018260715,2314.95,2213.75,44.882469177246094,1376164,0.0,0.0,ADANIENT.NS,Adani Enterprises Limited,Thermal Coal,Energy,Mr. Gautambhai Shantilal Adani S.Y. B.Com,"Ahmedabad, India",https://www.adanienterprises.com,2311.75,2238.85,2668245024768,77.16122,29.96,0.00059999997,3743.9,2025.0
2015-10-14 00:00:00+05:30,44.829697926621996,2314.95,2213.75,44.75053787231445,1376164,0.0,0.0,ADANIENT.NS,Adani Enterprises Limited,Thermal Coal,Energy,Mr. Gautambhai Shantilal Adani S.Y. B.Com,"Ahmedabad, India",https://www.adanienterprises.com,2311.75,2238.85,2668245024768,77.16122,29.96,0.00059999997,3743.9,2025.0
2015-10-15 00:00:00+05:30,45.09356148073591,2314.95,2213.75,51.05678176879883,1376164,0.0,0.0,ADANIENT.NS,Adani Enterprises Limited,Thermal Coal,Energy,Mr. Gautambhai Shantilal Adani S.Y. B.Com,"Ahmedabad, India",https://www.adanienterprises.com,2311.75,2238.85,2668245024768,77.16122,29.96,0.00059999997,3743.9,2025.0
2015-10-16 00:00:00+05:30,51.71642625382032,2314.95,2213.75,50.71376419067383,1376164,0.0,0.0,ADANIENT.NS,Adani Enterprises Limited,Thermal Coal,Energy,Mr. Gautambhai Shantilal Adani S.Y. B.Com,"Ahmedabad, India",https://www.adanienterprises.com,2311.75,2238.85,2668245024768,77.16122,29.96,0.00059999997,3743.9,2025.0
2015-10-19 00:00:00+05:30,50.397134758892754,2314.95,2213.75,49.473628997802734,1376164,0.0,0.0,ADANIENT.NS,Adani Enterprises Limited,Thermal Coal,Energy,Mr. Gautambhai Shantilal Adani S.Y. B.Com,"Ahmedabad, India",https://www.adanienterprises.com,2311.75,2238.85,2668245024768,77.16122,29.96,0.00059999997,3743.9,2025.0
2015-10-20 00:00:00+05:30,49.60555869322888,2314.95,2213.75,50.66099548339844,1376164,0.0,0.0,ADANIENT.NS,Adani Enterprises Limited,Thermal Coal,Energy,Mr. Gautambhai Shantilal Adani S.Y. B.Com,"Ahmedabad, India",https://www.adanienterprises.com,2311.75,2238.85,2668245024768,77.16122,29.96,0.00059999997,3743.9,2025.0
2015-10-21 00:00:00+05:30,50.660995981035825,2314.95,2213.75,49.447242736816406,1376164,0.0,0.0,ADANIENT.NS,Adani Enterprises Limited,Thermal Coal,Energy,Mr. Gautambhai Shantilal Adani S.Y. B.Com,"Ahmedabad, India",https://www.adanienterprises.com,2311.75,2238.85,2668245024768,77.16122,29.96,0.00059999997,3743.9,2025.0
2015-10-23 00:00:00+05:30,49.86941925270912,2314.95,2213.75,49.63194274902344,1376164,0.0,0.0,ADANIENT.NS,Adani Enterprises Limited,Thermal Coal,Energy,Mr. Gautambhai Shantilal Adani S.Y. B.Com,"Ahmedabad, India",https://www.adanienterprises.com,2311.75,2238.85,2668245024768,77.16122,29.96,0.00059999997,3743.9,2025.0
2015-10-26 00:00:00+05:30,49.71110554758974,2314.95,2213.75,48.365421295166016,1376164,0.0,0.0,ADANIENT.NS,Adani Enterprises Limited,Thermal Coal,Energy,Mr. Gautambhai Shantilal Adani S.Y. B.Com,"Ahmedabad, India",https://www.adanienterprises.com,2311.75,2238.85,2668245024768,77.16122,29.96,0.00059999997,3743.9,2025.0
2015-10-27 00:00:00+05:30,48.12794328455707,2314.95,2213.75,48.44457244873047,1376164,0.0,0.0,ADANIENT.NS,Adani Enterprises Limited,Thermal Coal,Energy,Mr. Gautambhai Shantilal Adani S.Y. B.Com,"Ahmedabad, India",https://www.adanienterprises.com,2311.75,2238.85,2668245024768,77.16122,29.96,0.00059999997,3743.9,2025.0
2015-10-28 00:00:00+05:30,48.23348503868251,2314.95,2213.75,48.07516860961914,1376164,0.0,0.0,ADANIENT.NS,Adani Enterprises Limited,Thermal Coal,Energy,Mr. Gautambhai Shantilal Adani S.Y. B.Com,"Ahmedabad, India",https://www.adanienterprises.com,2311.75,2238.85,2668245024768,77.16122,29.96,0.00059999997,3743.9,2025.0
2015-10-29 00:00:00+05:30,48.180718875128626,2314.95,2213.75,48.1015625,1376164,0.0,0.0,ADANIENT.NS,Adani Enterprises Limited,Thermal Coal,Energy,Mr. Gautambhai Shantilal Adani S.Y. B.Com,"Ahmedabad, India",https://www.adanienterprises.com,2311.75,2238.85,2668245024768,77.16122,29.96,0.00059999997,3743.9,2025.0
2015-10-30 00:00:00+05:30,48.18071644237758,2314.95,2213.75,48.761207580566406,1376164,0.0,0.0,ADANIENT.NS,Adani Enterprises Limited,Thermal Coal,Energy,Mr. Gautambhai Shantilal Adani S.Y. B.Com,"Ahmedabad, India",https://www.adanienterprises.com,2311.75,2238.85,2668245024768,77.16122,29.96,0.00059999997,3743.9,2025.0
2015-11-02 00:00:00+05:30,48.8139777952159,2314.95,2213.75,46.650333404541016,1376164,0.0,0.0,ADANIENT.NS,Adani Enterprises Limited,Thermal Coal,Energy,Mr. Gautambhai Shantilal Adani S.Y. B.Com,"Ahmedabad, India",https://www.adanienterprises.com,2311.75,2238.85,2668245024768,77.16122,29.96,0.00059999997,3743.9,2025.0
2015-11-03 00:00:00+05:30,47.072508100009635,2314.95,2213.75,46.650333404541016,1376164,0.0,0.0,ADANIENT.NS,Adani Enterprises Limited,Thermal Coal,Energy,Mr. Gautambhai Shantilal Adani S.Y. B.Com,"Ahmedabad, India",https://www.adanienterprises.com,2311.75,2238.85,2668245024768,77.16122,29.96,0.00059999997,3743.9,2025.0
2015-11-04 00:00:00+05:30,46.966959478506624,2314.95,2213.75,44.96162796020508,1376164,0.0,0.0,ADANIENT.NS,Adani Enterprises Limited,Thermal Coal,Energy,Mr. Gautambhai Shantilal Adani S.Y. B.Com,"Ahmedabad, India",https://www.adanienterprises.com,2311.75,2238.85,2668245024768,77.16122,29.96,0.00059999997,3743.9,2025.0
2015-11-05 00:00:00+05:30,44.882476731491614,2314.95,2213.75,43.03546142578125,1376164,0.0,0.0,ADANIENT.NS,Adani Enterprises Limited,Thermal Coal,Energy,Mr. Gautambhai Shantilal Adani S.Y. B.Com,"Ahmedabad, India",https://www.adanienterprises.com,2311.75,2238.85,2668245024768,77.16122,29.96,0.00059999997,3743.9,2025.0
2015-11-06 00:00:00+05:30,43.220160500570685,2314.95,2213.75,41.716163635253906,1376164,0.0,0.0,ADANIENT.NS,Adani Enterprises Limited,Thermal Coal,Energy,Mr. Gautambhai Shantilal Adani S.Y. B.Com,"Ahmedabad, India",https://www.adanienterprises.com,2311.75,2238.85,2668245024768,77.16122,29.96,0.00059999997,3743.9,2025.0
2015-11-09 00:00:00+05:30,39.94830004926287,2314.95,2213.75,41.927242279052734,1376164,0.0,0.0,ADANIENT.NS,Adani Enterprises Limited,Thermal Coal,Energy,Mr. Gautambhai Shantilal Adani S.Y. B.Com,"Ahmedabad, India",https://www.adanienterprises.com,2311.75,2238.85,2668245024768,77.16122,29.96,0.00059999997,3743.9,2025.0
2015-11-10 00:00:00+05:30,41.84808752518661,2314.95,2213.75,40.264930725097656,1376164,0.0,0.0,ADANIENT.NS,Adani Enterprises Limited,Thermal Coal,Energy,Mr. Gautambhai Shantilal Adani S.Y. B.Com,"Ahmedabad, India",https://www.adanienterprises.com,2311.75,2238.85,2668245024768,77.16122,29.96,0.00059999997,3743.9,2025.0
2015-11-13 00:00:00+05:30,40.84543095909607,2314.95,2213.75,39.81637954711914,1376164,0.0,0.0,ADANIENT.NS,Adani Enterprises Limited,Thermal Coal,Energy,Mr. Gautambhai Shantilal Adani S.Y. B.Com,"Ahmedabad, India",https://www.adanienterprises.com,2311.75,2238.85,2668245024768,77.16122,29.96,0.00059999997,3743.9,2025.0
2015-11-16 00:00:00+05:30,39.73721592180219,2314.95,2213.75,40.68710708618164,1376164,0.0,0.0,ADANIENT.NS,Adani Enterprises Limited,Thermal Coal,Energy,Mr. Gautambhai Shantilal Adani S.Y. B.Com,"Ahmedabad, India",https://www.adanienterprises.com,2311.75,2238.85,2668245024768,77.16122,29.96,0.00059999997,3743.9,2025.0
2015-11-17 00:00:00+05:30,40.95096953515225,2314.95,2213.75,42.29664993286133,1376164,0.0,0.0,ADANIENT.NS,Adani Enterprises Limited,Thermal Coal,Energy,Mr. Gautambhai Shantilal Adani S.Y. B.Com,"Ahmedabad, India",https://www.adanienterprises.com,2311.75,2238.85,2668245024768,77.16122,29.96,0.00059999997,3743.9,2025.0
2015-11-18 00:00:00+05:30,42.296644252329536,2314.95,2213.75,41.13566589355469,1376164,0.0,0.0,ADANIENT.NS,Adani Enterprises Limited,Thermal Coal,Energy,Mr. Gautambhai Shantilal Adani S.Y. B.Com,"Ahmedabad, India",https://www.adanienterprises.com,2311.75,2238.85,2668245024768,77.16122,29.96,0.00059999997,3743.9,2025.0
2015-11-19 00:00:00+05:30,41.37313865570394,2314.95,2213.75,41.13566589355469,1376164,0.0,0.0,ADANIENT.NS,Adani Enterprises Limited,Thermal Coal,Energy,Mr. Gautambhai Shantilal Adani S.Y. B.Com,"Ahmedabad, India",https://www.adanienterprises.com,2311.75,2238.85,2668245024768,77.16122,29.96,0.00059999997,3743.9,2025.0
2015-11-20 00:00:00+05:30,41.32037180200874,2314.95,2213.75,41.26759719848633,1376164,0.0,0.0,ADANIENT.NS,Adani Enterprises Limited,Thermal Coal,Energy,Mr. Gautambhai Shantilal Adani S.Y. B.Com,"Ahmedabad, India",https://www.adanienterprises.com,2311.75,2238.85,2668245024768,77.16122,29.96,0.00059999997,3743.9,2025.0
2015-11-23 00:00:00+05:30,41.425919416639786,2314.95,2213.75,41.82170867919922,1376164,0.0,0.0,ADANIENT.NS,Adani Enterprises Limited,Thermal Coal,Energy,Mr. Gautambhai Shantilal Adani S.Y. B.Com,"Ahmedabad, India",https://www.adanienterprises.com,2311.75,2238.85,2668245024768,77.16122,29.96,0.00059999997,3743.9,2025.0
2015-11-24 00:00:00+05:30,42.05917960553125,2314.95,2213.75,42.00640869140625,1376164,0.0,0.0,ADANIENT.NS,Adani Enterprises Limited,Thermal Coal,Energy,Mr. Gautambhai Shantilal Adani S.Y. B.Com,"Ahmedabad, India",https://www.adanienterprises.com,2311.75,2238.85,2668245024768,77.16122,29.96,0.00059999997,3743.9,2025.0
2015-11-26 00:00:00+05:30,42.21749566137881,2314.95,2213.75,43.58956527709961,1376164,0.0,0.0,ADANIENT.NS,Adani Enterprises Limited,Thermal Coal,Energy,Mr. Gautambhai Shantilal Adani S.Y. B.Com,"Ahmedabad, India",https://www.adanienterprises.com,2311.75,2238.85,2668245024768,77.16122,29.96,0.00059999997,3743.9,2025.0
2015-11-27 00:00:00+05:30,43.80065067373428,2314.95,2213.75,43.40486145019531,1376164,0.0,0.0,ADANIENT.NS,Adani Enterprises Limited,Thermal Coal,Energy,Mr. Gautambhai Shantilal Adani S.Y. B.Com,"Ahmedabad, India",https://www.adanienterprises.com,2311.75,2238.85,2668245024768,77.16122,29.96,0.00059999997,3743.9,2025.0
2015-11-30 00:00:00+05:30,43.40486766956451,2314.95,2213.75,43.48402404785156,1376164,0.0,0.0,ADANIENT.NS,Adani Enterprises Limited,Thermal Coal,Energy,Mr. Gautambhai Shantilal Adani S.Y. B.Com,"Ahmedabad, India",https://www.adanienterprises.com,2311.75,2238.85,2668245024768,77.16122,29.96,0.00059999997,3743.9,2025.0
2015-12-01 00:00:00+05:30,43.66871493787795,2314.95,2213.75,43.00906753540039,1376164,0.0,0.0,ADANIENT.NS,Adani Enterprises Limited,Thermal Coal,Energy,Mr. Gautambhai Shantilal Adani S.Y. B.Com,"Ahmedabad, India",https://www.adanienterprises.com,2311.75,2238.85,2668245024768,77.16122,29.96,0.00059999997,3743.9,2025.0
2015-12-02 00:00:00+05:30,43.16739051473934,2314.95,2213.75,43.95896530151367,1376164,0.0,0.0,ADANIENT.NS,Adani Enterprises Limited,Thermal Coal,Energy,Mr. Gautambhai Shantilal Adani S.Y. B.Com,"Ahmedabad, India",https://www.adanienterprises.com,2311.75,2238.85,2668245024768,77.16122,29.96,0.00059999997,3743.9,2025.0
2015-12-03 00:00:00+05:30,43.80065217915103,2314.95,2213.75,42.71882629394531,1376164,0.0,0.0,ADANIENT.NS,Adani Enterprises Limited,Thermal Coal,Energy,Mr. Gautambhai Shantilal Adani S.Y. B.Com,"Ahmedabad, India",https://www.adanienterprises.com,2311.75,2238.85,2668245024768,77.16122,29.96,0.00059999997,3743.9,2025.0
2015-12-04 00:00:00+05:30,42.32303945063141,2314.95,2213.75,41.68977737426758,1376164,0.0,0.0,ADANIENT.NS,Adani Enterprises Limited,Thermal Coal,Energy,Mr. Gautambhai Shantilal Adani S.Y. B.Com,"Ahmedabad, India",https://www.adanienterprises.com,2311.75,2238.85,2668245024768,77.16122,29.96,0.00059999997,3743.9,2025.0
2015-12-07 00:00:00+05:30,41.92724749454,2314.95,2213.75,41.84809112548828,1376164,0.0,0.0,ADANIENT.NS,Adani Enterprises Limited,Thermal Coal,Energy,Mr. Gautambhai Shantilal Adani S.Y. B.Com,"Ahmedabad, India",https://www.adanienterprises.com,2311.75,2238.85,2668245024768,77.16122,29.96,0.00059999997,3743.9,2025.0
2015-12-08 00:00:00+05:30,41.63699936318615,2314.95,2213.75,40.23854446411133,1376164,0.0,0.0,ADANIENT.NS,Adani Enterprises Limited,Thermal Coal,Energy,Mr. Gautambhai Shantilal Adani S.Y. B.Com,"Ahmedabad, India",https://www.adanienterprises.com,2311.75,2238.85,2668245024768,77.16122,29.96,0.00059999997,3743.9,2025.0
2015-12-09 00:00:00+05:30,39.94830812579048,2314.95,2213.75,39.737220764160156,1376164,0.0,0.0,ADANIENT.NS,Adani Enterprises Limited,Thermal Coal,Energy,Mr. Gautambhai Shantilal Adani S.Y. B.Com,"Ahmedabad, India",https://www.adanienterprises.com,2311.75,2238.85,2668245024768,77.16122,29.96,0.00059999997,3743.9,2025.0
2015-12-10 00:00:00+05:30,39.94831054151896,2314.95,2213.75,39.81637954711914,1376164,0.0,0.0,ADANIENT.NS,Adani Enterprises Limited,Thermal Coal,Energy,Mr. Gautambhai Shantilal Adani S.Y. B.Com,"Ahmedabad, India",https://www.adanienterprises.com,2311.75,2238.85,2668245024768,77.16122,29.96,0.00059999997,3743.9,2025.0
2015-12-11 00:00:00+05:30,40.08023331013132,2314.95,2213.75,38.444305419921875,1376164,0.0,0.0,ADANIENT.NS,Adani Enterprises Limited,Thermal Coal,Energy,Mr. Gautambhai Shantilal Adani S.Y. B.Com,"Ahmedabad, India",https://www.adanienterprises.com,2311.75,2238.85,2668245024768,77.16122,29.96,0.00059999997,3743.9,2025.0
2015-12-14 00:00:00+05:30,38.41791427353898,2314.95,2213.75,39.605281829833984,1376164,0.0,0.0,ADANIENT.NS,Adani Enterprises Limited,Thermal Coal,Energy,Mr. Gautambhai Shantilal Adani S.Y. B.Com,"Ahmedabad, India",https://www.adanienterprises.com,2311.75,2238.85,2668245024768,77.16122,29.96,0.00059999997,3743.9,2025.0
2015-12-15 00:00:00+05:30,41.90086116279345,2314.95,2213.75,41.452301025390625,1376164,0.0,0.0,ADANIENT.NS,Adani Enterprises Limited,Thermal Coal,Energy,Mr. Gautambhai Shantilal Adani S.Y. B.Com,"Ahmedabad, India",https://www.adanienterprises.com,2311.75,2238.85,2668245024768,77.16122,29.96,0.00059999997,3743.9,2025.0
2015-12-16 00:00:00+05:30,41.663385021259934,2314.95,2213.75,40.977352142333984,1376164,0.0,0.0,ADANIENT.NS,Adani Enterprises Limited,Thermal Coal,Energy,Mr. Gautambhai Shantilal Adani S.Y. B.Com,"Ahmedabad, India",https://www.adanienterprises.com,2311.75,2238.85,2668245024768,77.16122,29.96,0.00059999997,3743.9,2025.0
2015-12-17 00:00:00+05:30,41.34675717996038,2314.95,2213.75,42.24387741088867,1376164,0.0,0.0,ADANIENT.NS,Adani Enterprises Limited,Thermal Coal,Energy,Mr. Gautambhai Shantilal Adani S.Y. B.Com,"Ahmedabad, India",https://www.adanienterprises.com,2311.75,2238.85,2668245024768,77.16122,29.96,0.00059999997,3743.9,2025.0
2015-12-18 00:00:00+05:30,41.76892509891936,2314.95,2213.75,42.27025604248047,1376164,0.0,0.0,ADANIENT.NS,Adani Enterprises Limited,Thermal Coal,Energy,Mr. Gautambhai Shantilal Adani S.Y. B.Com,"Ahmedabad, India",https://www.adanienterprises.com,2311.75,2238.85,2668245024768,77.16122,29.96,0.00059999997,3743.9,2025.0
2015-12-21 00:00:00+05:30,42.45496491357316,2314.95,2213.75,42.98268508911133,1376164,0.0,0.0,ADANIENT.NS,Adani Enterprises Limited,Thermal Coal,Energy,Mr. Gautambhai Shantilal Adani S.Y. B.Com,"Ahmedabad, India",https://www.adanienterprises.com,2311.75,2238.85,2668245024768,77.16122,29.96,0.00059999997,3743.9,2025.0
2015-12-22 00:00:00+05:30,42.90353012084961,2314.95,2213.75,42.90353012084961,1376164,0.0,0.0,ADANIENT.NS,Adani Enterprises Limited,Thermal Coal,Energy,Mr. Gautambhai Shantilal Adani S.Y. B.Com,"Ahmedabad, India",https://www.adanienterprises.com,2311.75,2238.85,2668245024768,77.16122,29.96,0.00059999997,3743.9,2025.0
2015-12-23 00:00:00+05:30,43.272932081377014,2314.95,2213.75,43.45763397216797,1376164,0.0,0.0,ADANIENT.NS,Adani Enterprises Limited,Thermal Coal,Energy,Mr. Gautambhai Shantilal Adani S.Y. B.Com,"Ahmedabad, India",https://www.adanienterprises.com,2311.75,2238.85,2668245024768,77.16122,29.96,0.00059999997,3743.9,2025.0
2015-12-24 00:00:00+05:30,43.5367872426495,2314.95,2213.75,44.460296630859375,1376164,0.0,0.0,ADANIENT.NS,Adani Enterprises Limited,Thermal Coal,Energy,Mr. Gautambhai Shantilal Adani S.Y. B.Com,"Ahmedabad, India",https://www.adanienterprises.com,2311.75,2238.85,2668245024768,77.16122,29.96,0.00059999997,3743.9,2025.0
2015-12-28 00:00:00+05:30,44.32836151123047,2314.95,2213.75,44.32836151123047,1376164,0.0,0.0,ADANIENT.NS,Adani Enterprises Limited,Thermal Coal,Energy,Mr. Gautambhai Shantilal Adani S.Y. B.Com,"Ahmedabad, India",https://www.adanienterprises.com,2311.75,2238.85,2668245024768,77.16122,29.96,0.00059999997,3743.9,2025.0
2015-12-29 00:00:00+05:30,44.46029304999387,2314.95,2213.75,44.22282028198242,1376164,0.0,0.0,ADANIENT.NS,Adani Enterprises Limited,Thermal Coal,Energy,Mr. Gautambhai Shantilal Adani S.Y. B.Com,"Ahmedabad, India",https://www.adanienterprises.com,2311.75,2238.85,2668245024768,77.16122,29.96,0.00059999997,3743.9,2025.0
2015-12-30 00:00:00+05:30,44.222825162169464,2314.95,2213.75,44.01173782348633,1376164,0.0,0.0,ADANIENT.NS,Adani Enterprises Limited,Thermal Coal,Energy,Mr. Gautambhai Shantilal Adani S.Y. B.Com,"Ahmedabad, India",https://www.adanienterprises.com,2311.75,2238.85,2668245024768,77.16122,29.96,0.00059999997,3743.9,2025.0
2015-12-31 00:00:00+05:30,44.11727964562434,2314.95,2213.75,44.01173782348633,1376164,0.0,0.0,ADANIENT.NS,Adani Enterprises Limited,Thermal Coal,Energy,Mr. Gautambhai Shantilal Adani S.Y. B.Com,"Ahmedabad, India",https://www.adanienterprises.com,2311.75,2238.85,2668245024768,77.16122,29.96,0.00059999997,3743.9,2025.0
2016-01-01 00:00:00+05:30,44.11727904182687,2314.95,2213.75,47.54745101928711,1376164,0.0,0.0,ADANIENT.NS,Adani Enterprises Limited,Thermal Coal,Energy,Mr. Gautambhai Shantilal Adani S.Y. B.Com,"Ahmedabad, India",https://www.adanienterprises.com,2311.75,2238.85,2668245024768,77.16122,29.96,0.00059999997,3743.9,2025.0
2016-01-04 00:00:00+05:30,47.23081602667711,2314.95,2213.75,44.90885543823242,1376164,0.0,0.0,ADANIENT.NS,Adani Enterprises Limited,Thermal Coal,Energy,Mr. Gautambhai Shantilal Adani S.Y. B.Com,"Ahmedabad, India",https://www.adanienterprises.com,2311.75,2238.85,2668245024768,77.16122,29.96,0.00059999997,3743.9,2025.0
2016-01-05 00:00:00+05:30,45.199099474173785,2314.95,2213.75,46.75586700439453,1376164,0.0,0.0,ADANIENT.NS,Adani Enterprises Limited,Thermal Coal,Energy,Mr. Gautambhai Shantilal Adani S.Y. B.Com,"Ahmedabad, India",https://www.adanienterprises.com,2311.75,2238.85,2668245024768,77.16122,29.96,0.00059999997,3743.9,2025.0
2016-01-06 00:00:00+05:30,46.43924506177527,2314.95,2213.75,45.5157356262207,1376164,0.0,0.0,ADANIENT.NS,Adani Enterprises Limited,Thermal Coal,Energy,Mr. Gautambhai Shantilal Adani S.Y. B.Com,"Ahmedabad, India",https://www.adanienterprises.com,2311.75,2238.85,2668245024768,77.16122,29.96,0.00059999997,3743.9,2025.0
2016-01-07 00:00:00+05:30,44.803316863596656,2314.95,2213.75,42.19110870361328,1376164,0.0,0.0,ADANIENT.NS,Adani Enterprises Limited,Thermal Coal,Energy,Mr. Gautambhai Shantilal Adani S.Y. B.Com,"Ahmedabad, India",https://www.adanienterprises.com,2311.75,2238.85,2668245024768,77.16122,29.96,0.00059999997,3743.9,2025.0
2016-01-08 00:00:00+05:30,43.272926330566406,2314.95,2213.75,43.272926330566406,1376164,0.0,0.0,ADANIENT.NS,Adani Enterprises Limited,Thermal Coal,Energy,Mr. Gautambhai Shantilal Adani S.Y. B.Com,"Ahmedabad, India",https://www.adanienterprises.com,2311.75,2238.85,2668245024768,77.16122,29.96,0.00059999997,3743.9,2025.0
2016-01-11 00:00:00+05:30,42.74521186563038,2314.95,2213.75,43.45763397216797,1376164,0.0,0.0,ADANIENT.NS,Adani Enterprises Limited,Thermal Coal,Energy,Mr. Gautambhai Shantilal Adani S.Y. B.Com,"Ahmedabad, India",https://www.adanienterprises.com,2311.75,2238.85,2668245024768,77.16122,29.96,0.00059999997,3743.9,2025.0
2016-01-12 00:00:00+05:30,43.45763139553117,2314.95,2213.75,42.63966751098633,1376164,0.0,0.0,ADANIENT.NS,Adani Enterprises Limited,Thermal Coal,Energy,Mr. Gautambhai Shantilal Adani S.Y. B.Com,"Ahmedabad, India",https://www.adanienterprises.com,2311.75,2238.85,2668245024768,77.16122,29.96,0.00059999997,3743.9,2025.0
2016-01-13 00:00:00+05:30,43.16738851083829,2314.95,2213.75,42.666053771972656,1376164,0.0,0.0,ADANIENT.NS,Adani Enterprises Limited,Thermal Coal,Energy,Mr. Gautambhai Shantilal Adani S.Y. B.Com,"Ahmedabad, India",https://www.adanienterprises.com,2311.75,2238.85,2668245024768,77.16122,29.96,0.00059999997,3743.9,2025.0
2016-01-14 00:00:00+05:30,41.66338360789133,2314.95,2213.75,41.0565071105957,1376164,0.0,0.0,ADANIENT.NS,Adani Enterprises Limited,Thermal Coal,Energy,Mr. Gautambhai Shantilal Adani S.Y. B.Com,"Ahmedabad, India",https://www.adanienterprises.com,2311.75,2238.85,2668245024768,77.16122,29.96,0.00059999997,3743.9,2025.0
2016-01-15 00:00:00+05:30,41.37314921608409,2314.95,2213.75,39.262271881103516,1376164,0.0,0.0,ADANIENT.NS,Adani Enterprises Limited,Thermal Coal,Energy,Mr. Gautambhai Shantilal Adani S.Y. B.Com,"Ahmedabad, India",https://www.adanienterprises.com,2311.75,2238.85,2668245024768,77.16122,29.96,0.00059999997,3743.9,2025.0
2016-01-18 00:00:00+05:30,38.945636924112705,2314.95,2213.75,36.99307632446289,1376164,0.0,0.0,ADANIENT.NS,Adani Enterprises Limited,Thermal Coal,Energy,Mr. Gautambhai Shantilal Adani S.Y. B.Com,"Ahmedabad, India",https://www.adanienterprises.com,2311.75,2238.85,2668245024768,77.16122,29.96,0.00059999997,3743.9,2025.0
2016-01-19 00:00:00+05:30,37.75827066495944,2314.95,2213.75,38.259605407714844,1376164,0.0,0.0,ADANIENT.NS,Adani Enterprises Limited,Thermal Coal,Energy,Mr. Gautambhai Shantilal Adani S.Y. B.Com,"Ahmedabad, India",https://www.adanienterprises.com,2311.75,2238.85,2668245024768,77.16122,29.96,0.00059999997,3743.9,2025.0
2016-01-20 00:00:00+05:30,37.230546806837985,2314.95,2213.75,36.30704116821289,1376164,0.0,0.0,ADANIENT.NS,Adani Enterprises Limited,Thermal Coal,Energy,Mr. Gautambhai Shantilal Adani S.Y. B.Com,"Ahmedabad, India",https://www.adanienterprises.com,2311.75,2238.85,2668245024768,77.16122,29.96,0.00059999997,3743.9,2025.0
2016-01-21 00:00:00+05:30,37.15139218864004,2314.95,2213.75,36.729217529296875,1376164,0.0,0.0,ADANIENT.NS,Adani Enterprises Limited,Thermal Coal,Energy,Mr. Gautambhai Shantilal Adani S.Y. B.Com,"Ahmedabad, India",https://www.adanienterprises.com,2311.75,2238.85,2668245024768,77.16122,29.96,0.00059999997,3743.9,2025.0
2016-01-22 00:00:00+05:30,37.283330085044746,2314.95,2213.75,38.91925811767578,1376164,0.0,0.0,ADANIENT.NS,Adani Enterprises Limited,Thermal Coal,Energy,Mr. Gautambhai Shantilal Adani S.Y. B.Com,"Ahmedabad, India",https://www.adanienterprises.com,2311.75,2238.85,2668245024768,77.16122,29.96,0.00059999997,3743.9,2025.0
2016-01-25 00:00:00+05:30,39.28865236508447,2314.95,2213.75,39.10395050048828,1376164,0.0,0.0,ADANIENT.NS,Adani Enterprises Limited,Thermal Coal,Energy,Mr. Gautambhai Shantilal Adani S.Y. B.Com,"Ahmedabad, India",https://www.adanienterprises.com,2311.75,2238.85,2668245024768,77.16122,29.96,0.00059999997,3743.9,2025.0
2016-01-27 00:00:00+05:30,39.47335184284105,2314.95,2213.75,38.655391693115234,1376164,0.0,0.0,ADANIENT.NS,Adani Enterprises Limited,Thermal Coal,Energy,Mr. Gautambhai Shantilal Adani S.Y. B.Com,"Ahmedabad, India",https://www.adanienterprises.com,2311.75,2238.85,2668245024768,77.16122,29.96,0.00059999997,3743.9,2025.0
2016-01-28 00:00:00+05:30,38.866474524684705,2314.95,2213.75,38.022125244140625,1376164,0.0,0.0,ADANIENT.NS,Adani Enterprises Limited,Thermal Coal,Energy,Mr. Gautambhai Shantilal Adani S.Y. B.Com,"Ahmedabad, India",https://www.adanienterprises.com,2311.75,2238.85,2668245024768,77.16122,29.96,0.00059999997,3743.9,2025.0
2016-01-29 00:00:00+05:30,38.022130718861845,2314.95,2213.75,38.444305419921875,1376164,0.0,0.0,ADANIENT.NS,Adani Enterprises Limited,Thermal Coal,Energy,Mr. Gautambhai Shantilal Adani S.Y. B.Com,"Ahmedabad, India",https://www.adanienterprises.com,2311.75,2238.85,2668245024768,77.16122,29.96,0.00059999997,3743.9,2025.0
2016-02-01 00:00:00+05:30,38.81370666045924,2314.95,2213.75,39.341426849365234,1376164,0.0,0.0,ADANIENT.NS,Adani Enterprises Limited,Thermal Coal,Energy,Mr. Gautambhai Shantilal Adani S.Y. B.Com,"Ahmedabad, India",https://www.adanienterprises.com,2311.75,2238.85,2668245024768,77.16122,29.96,0.00059999997,3743.9,2025.0
2016-02-02 00:00:00+05:30,39.15672189887597,2314.95,2213.75,38.022125244140625,1376164,0.0,0.0,ADANIENT.NS,Adani Enterprises Limited,Thermal Coal,Energy,Mr. Gautambhai Shantilal Adani S.Y. B.Com,"Ahmedabad, India",https://www.adanienterprises.com,2311.75,2238.85,2668245024768,77.16122,29.96,0.00059999997,3743.9,2025.0
2016-02-03 00:00:00+05:30,39.13034264339854,2314.95,2213.75,37.9693603515625,1376164,0.0,0.0,ADANIENT.NS,Adani Enterprises Limited,Thermal Coal,Energy,Mr. Gautambhai Shantilal Adani S.Y. B.Com,"Ahmedabad, India",https://www.adanienterprises.com,2311.75,2238.85,2668245024768,77.16122,29.96,0.00059999997,3743.9,2025.0
2016-02-04 00:00:00+05:30,38.365143058552356,2314.95,2213.75,38.12767028808594,1376164,0.0,0.0,ADANIENT.NS,Adani Enterprises Limited,Thermal Coal,Energy,Mr. Gautambhai Shantilal Adani S.Y. B.Com,"Ahmedabad, India",https://www.adanienterprises.com,2311.75,2238.85,2668245024768,77.16122,29.96,0.00059999997,3743.9,2025.0
2016-02-05 00:00:00+05:30,38.15406423353976,2314.95,2213.75,38.89287185668945,1376164,0.0,0.0,ADANIENT.NS,Adani Enterprises Limited,Thermal Coal,Energy,Mr. Gautambhai Shantilal Adani S.Y. B.Com,"Ahmedabad, India",https://www.adanienterprises.com,2311.75,2238.85,2668245024768,77.16122,29.96,0.00059999997,3743.9,2025.0
2016-02-08 00:00:00+05:30,39.28866374818373,2314.95,2213.75,39.84276580810547,1376164,0.0,0.0,ADANIENT.NS,Adani Enterprises Limited,Thermal Coal,Energy,Mr. Gautambhai Shantilal Adani S.Y. B.Com,"Ahmedabad, India",https://www.adanienterprises.com,2311.75,2238.85,2668245024768,77.16122,29.96,0.00059999997,3743.9,2025.0
2016-02-09 00:00:00+05:30,39.288655682901634,2314.95,2213.75,39.57889938354492,1376164,0.0,0.0,ADANIENT.NS,Adani Enterprises Limited,Thermal Coal,Energy,Mr. Gautambhai Shantilal Adani S.Y. B.Com,"Ahmedabad, India",https://www.adanienterprises.com,2311.75,2238.85,2668245024768,77.16122,29.96,0.00059999997,3743.9,2025.0
2016-02-10 00:00:00+05:30,39.05117366840157,2314.95,2213.75,38.18043899536133,1376164,0.0,0.0,ADANIENT.NS,Adani Enterprises Limited,Thermal Coal,Energy,Mr. Gautambhai Shantilal Adani S.Y. B.Com,"Ahmedabad, India",https://www.adanienterprises.com,2311.75,2238.85,2668245024768,77.16122,29.96,0.00059999997,3743.9,2025.0
2016-02-11 00:00:00+05:30,38.25961030311345,2314.95,2213.75,35.83210372924805,1376164,0.0,0.0,ADANIENT.NS,Adani Enterprises Limited,Thermal Coal,Energy,Mr. Gautambhai Shantilal Adani S.Y. B.Com,"Ahmedabad, India",https://www.adanienterprises.com,2311.75,2238.85,2668245024768,77.16122,29.96,0.00059999997,3743.9,2025.0
2016-02-12 00:00:00+05:30,36.35981673891456,2314.95,2213.75,33.879539489746094,1376164,0.0,0.0,ADANIENT.NS,Adani Enterprises Limited,Thermal Coal,Energy,Mr. Gautambhai Shantilal Adani S.Y. B.Com,"Ahmedabad, India",https://www.adanienterprises.com,2311.75,2238.85,2668245024768,77.16122,29.96,0.00059999997,3743.9,2025.0
2016-02-15 00:00:00+05:30,34.723892505964194,2314.95,2213.75,34.486419677734375,1376164,0.0,0.0,ADANIENT.NS,Adani Enterprises Limited,Thermal Coal,Energy,Mr. Gautambhai Shantilal Adani S.Y. B.Com,"Ahmedabad, India",https://www.adanienterprises.com,2311.75,2238.85,2668245024768,77.16122,29.96,0.00059999997,3743.9,2025.0
2016-02-16 00:00:00+05:30,35.040513931817884,2314.95,2213.75,33.27265548706055,1376164,0.0,0.0,ADANIENT.NS,Adani Enterprises Limited,Thermal Coal,Energy,Mr. Gautambhai Shantilal Adani S.Y. B.Com,"Ahmedabad, India",https://www.adanienterprises.com,2311.75,2238.85,2668245024768,77.16122,29.96,0.00059999997,3743.9,2025.0
2016-02-17 00:00:00+05:30,33.325426388406804,2314.95,2213.75,33.27265548706055,1376164,0.0,0.0,ADANIENT.NS,Adani Enterprises Limited,Thermal Coal,Energy,Mr. Gautambhai Shantilal Adani S.Y. B.Com,"Ahmedabad, India",https://www.adanienterprises.com,2311.75,2238.85,2668245024768,77.16122,29.96,0.00059999997,3743.9,2025.0
2016-02-18 00:00:00+05:30,33.77399055979444,2314.95,2213.75,33.035186767578125,1376164,0.0,0.0,ADANIENT.NS,Adani Enterprises Limited,Thermal Coal,Energy,Mr. Gautambhai Shantilal Adani S.Y. B.Com,"Ahmedabad, India",https://www.adanienterprises.com,2311.75,2238.85,2668245024768,77.16122,29.96,0.00059999997,3743.9,2025.0
2016-02-19 00:00:00+05:30,33.035188711955485,2314.95,2213.75,33.21989059448242,1376164,0.0,0.0,ADANIENT.NS,Adani Enterprises Limited,Thermal Coal,Energy,Mr. Gautambhai Shantilal Adani S.Y. B.Com,"Ahmedabad, India",https://www.adanienterprises.com,2311.75,2238.85,2668245024768,77.16122,29.96,0.00059999997,3743.9,2025.0
2016-02-22 00:00:00+05:30,33.668443661880595,2314.95,2213.75,32.87686538696289,1376164,0.0,0.0,ADANIENT.NS,Adani Enterprises Limited,Thermal Coal,Energy,Mr. Gautambhai Shantilal Adani S.Y. B.Com,"Ahmedabad, India",https://www.adanienterprises.com,2311.75,2238.85,2668245024768,77.16122,29.96,0.00059999997,3743.9,2025.0
2016-02-23 00:00:00+05:30,33.14073113530686,2314.95,2213.75,32.138065338134766,1376164,0.0,0.0,ADANIENT.NS,Adani Enterprises Limited,Thermal Coal,Energy,Mr. Gautambhai Shantilal Adani S.Y. B.Com,"Ahmedabad, India",https://www.adanienterprises.com,2311.75,2238.85,2668245024768,77.16122,29.96,0.00059999997,3743.9,2025.0
2016-02-24 00:00:00+05:30,32.03252683310377,2314.95,2213.75,32.243614196777344,1376164,0.0,0.0,ADANIENT.NS,Adani Enterprises Limited,Thermal Coal,Energy,Mr. Gautambhai Shantilal Adani S.Y. B.Com,"Ahmedabad, India",https://www.adanienterprises.com,2311.75,2238.85,2668245024768,77.16122,29.96,0.00059999997,3743.9,2025.0
2016-02-25 00:00:00+05:30,32.58662922637618,2314.95,2213.75,31.768665313720703,1376164,0.0,0.0,ADANIENT.NS,Adani Enterprises Limited,Thermal Coal,Energy,Mr. Gautambhai Shantilal Adani S.Y. B.Com,"Ahmedabad, India",https://www.adanienterprises.com,2311.75,2238.85,2668245024768,77.16122,29.96,0.00059999997,3743.9,2025.0
2016-02-26 00:00:00+05:30,32.21722647864147,2314.95,2213.75,31.926979064941406,1376164,0.0,0.0,ADANIENT.NS,Adani Enterprises Limited,Thermal Coal,Energy,Mr. Gautambhai Shantilal Adani S.Y. B.Com,"Ahmedabad, India",https://www.adanienterprises.com,2311.75,2238.85,2668245024768,77.16122,29.96,0.00059999997,3743.9,2025.0
2016-02-29 00:00:00+05:30,32.032524568829686,2314.95,2213.75,31.00347328186035,1376164,0.0,0.0,ADANIENT.NS,Adani Enterprises Limited,Thermal Coal,Energy,Mr. Gautambhai Shantilal Adani S.Y. B.Com,"Ahmedabad, India",https://www.adanienterprises.com,2311.75,2238.85,2668245024768,77.16122,29.96,0.00059999997,3743.9,2025.0
2016-03-01 00:00:00+05:30,31.135400889757854,2314.95,2213.75,32.05890655517578,1376164,0.0,0.0,ADANIENT.NS,Adani Enterprises Limited,Thermal Coal,Energy,Mr. Gautambhai Shantilal Adani S.Y. B.Com,"Ahmedabad, India",https://www.adanienterprises.com,2311.75,2238.85,2668245024768,77.16122,29.96,0.00059999997,3743.9,2025.0
2016-03-02 00:00:00+05:30,32.71855519600411,2314.95,2213.75,32.95602798461914,1376164,0.0,0.0,ADANIENT.NS,Adani Enterprises Limited,Thermal Coal,Energy,Mr. Gautambhai Shantilal Adani S.Y. B.Com,"Ahmedabad, India",https://www.adanienterprises.com,2311.75,2238.85,2668245024768,77.16122,29.96,0.00059999997,3743.9,2025.0
2016-03-03 00:00:00+05:30,33.246268620811215,2314.95,2213.75,32.9824104309082,1376164,0.0,0.0,ADANIENT.NS,Adani Enterprises Limited,Thermal Coal,Energy,Mr. Gautambhai Shantilal Adani S.Y. B.Com,"Ahmedabad, India",https://www.adanienterprises.com,2311.75,2238.85,2668245024768,77.16122,29.96,0.00059999997,3743.9,2025.0
2016-03-04 00:00:00+05:30,33.24627626225997,2314.95,2213.75,33.3518180847168,1376164,0.0,0.0,ADANIENT.NS,Adani Enterprises Limited,Thermal Coal,Energy,Mr. Gautambhai Shantilal Adani S.Y. B.Com,"Ahmedabad, India",https://www.adanienterprises.com,2311.75,2238.85,2668245024768,77.16122,29.96,0.00059999997,3743.9,2025.0
2016-03-08 00:00:00+05:30,33.51012953463768,2314.95,2213.75,33.800376892089844,1376164,0.0,0.0,ADANIENT.NS,Adani Enterprises Limited,Thermal Coal,Energy,Mr. Gautambhai Shantilal Adani S.Y. B.Com,"Ahmedabad, India",https://www.adanienterprises.com,2311.75,2238.85,2668245024768,77.16122,29.96,0.00059999997,3743.9,2025.0
2016-03-09 00:00:00+05:30,33.51014106369444,2314.95,2213.75,35.04052734375,1376164,0.0,0.0,ADANIENT.NS,Adani Enterprises Limited,Thermal Coal,Energy,Mr. Gautambhai Shantilal Adani S.Y. B.Com,"Ahmedabad, India",https://www.adanienterprises.com,2311.75,2238.85,2668245024768,77.16122,29.96,0.00059999997,3743.9,2025.0
2016-03-10 00:00:00+05:30,35.38353759876791,2314.95,2213.75,34.40726089477539,1376164,0.0,0.0,ADANIENT.NS,Adani Enterprises Limited,Thermal Coal,Energy,Mr. Gautambhai Shantilal Adani S.Y. B.Com,"Ahmedabad, India",https://www.adanienterprises.com,2311.75,2238.85,2668245024768,77.16122,29.96,0.00059999997,3743.9,2025.0
2016-03-11 00:00:00+05:30,34.40725729676196,2314.95,2213.75,34.5391845703125,1376164,0.0,0.0,ADANIENT.NS,Adani Enterprises Limited,Thermal Coal,Energy,Mr. Gautambhai Shantilal Adani S.Y. B.Com,"Ahmedabad, India",https://www.adanienterprises.com,2311.75,2238.85,2668245024768,77.16122,29.96,0.00059999997,3743.9,2025.0
2016-03-14 00:00:00+05:30,34.855818564114486,2314.95,2213.75,34.69750213623047,1376164,0.0,0.0,ADANIENT.NS,Adani Enterprises Limited,Thermal Coal,Energy,Mr. Gautambhai Shantilal Adani S.Y. B.Com,"Ahmedabad, India",https://www.adanienterprises.com,2311.75,2238.85,2668245024768,77.16122,29.96,0.00059999997,3743.9,2025.0
2016-03-15 00:00:00+05:30,34.98774452169382,2314.95,2213.75,35.146060943603516,1376164,0.0,0.0,ADANIENT.NS,Adani Enterprises Limited,Thermal Coal,Energy,Mr. Gautambhai Shantilal Adani S.Y. B.Com,"Ahmedabad, India",https://www.adanienterprises.com,2311.75,2238.85,2668245024768,77.16122,29.96,0.00059999997,3743.9,2025.0
2016-03-16 00:00:00+05:30,35.83209697037736,2314.95,2213.75,34.8822021484375,1376164,0.0,0.0,ADANIENT.NS,Adani Enterprises Limited,Thermal Coal,Energy,Mr. Gautambhai Shantilal Adani S.Y. B.Com,"Ahmedabad, India",https://www.adanienterprises.com,2311.75,2238.85,2668245024768,77.16122,29.96,0.00059999997,3743.9,2025.0
2016-03-17 00:00:00+05:30,35.357149162569456,2314.95,2213.75,35.54185104370117,1376164,0.0,0.0,ADANIENT.NS,Adani Enterprises Limited,Thermal Coal,Energy,Mr. Gautambhai Shantilal Adani S.Y. B.Com,"Ahmedabad, India",https://www.adanienterprises.com,2311.75,2238.85,2668245024768,77.16122,29.96,0.00059999997,3743.9,2025.0
2016-03-18 00:00:00+05:30,35.647399079635996,2314.95,2213.75,36.35981750488281,1376164,0.0,0.0,ADANIENT.NS,Adani Enterprises Limited,Thermal Coal,Energy,Mr. Gautambhai Shantilal Adani S.Y. B.Com,"Ahmedabad, India",https://www.adanienterprises.com,2311.75,2238.85,2668245024768,77.16122,29.96,0.00059999997,3743.9,2025.0
2016-03-21 00:00:00+05:30,35.93764168166486,2314.95,2213.75,36.201499938964844,1376164,0.0,0.0,ADANIENT.NS,Adani Enterprises Limited,Thermal Coal,Energy,Mr. Gautambhai Shantilal Adani S.Y. B.Com,"Ahmedabad, India",https://www.adanienterprises.com,2311.75,2238.85,2668245024768,77.16122,29.96,0.00059999997,3743.9,2025.0
2016-03-22 00:00:00+05:30,36.726433614024764,2314.95,2213.75,36.53973388671875,1376164,0.4,0.0,ADANIENT.NS,Adani Enterprises Limited,Thermal Coal,Energy,Mr. Gautambhai Shantilal Adani S.Y. B.Com,"Ahmedabad, India",https://www.adanienterprises.com,2311.75,2238.85,2668245024768,77.16122,29.96,0.00059999997,3743.9,2025.0
2016-03-23 00:00:00+05:30,36.566406513997634,2314.95,2213.75,37.97998809814453,1376164,0.0,0.0,ADANIENT.NS,Adani Enterprises Limited,Thermal Coal,Energy,Mr. Gautambhai Shantilal Adani S.Y. B.Com,"Ahmedabad, India",https://www.adanienterprises.com,2311.75,2238.85,2668245024768,77.16122,29.96,0.00059999997,3743.9,2025.0
2016-03-28 00:00:00+05:30,38.11334112486501,2314.95,2213.75,36.48638916015625,1376164,0.0,0.0,ADANIENT.NS,Adani Enterprises Limited,Thermal Coal,Energy,Mr. Gautambhai Shantilal Adani S.Y. B.Com,"Ahmedabad, India",https://www.adanienterprises.com,2311.75,2238.85,2668245024768,77.16122,29.96,0.00059999997,3743.9,2025.0
2016-03-29 00:00:00+05:30,36.45972610273235,2314.95,2213.75,36.086326599121094,1376164,0.0,0.0,ADANIENT.NS,Adani Enterprises Limited,Thermal Coal,Energy,Mr. Gautambhai Shantilal Adani S.Y. B.Com,"Ahmedabad, India",https://www.adanienterprises.com,2311.75,2238.85,2668245024768,77.16122,29.96,0.00059999997,3743.9,2025.0
2016-03-30 00:00:00+05:30,36.299695450530436,2314.95,2213.75,38.67344665527344,1376164,0.0,0.0,ADANIENT.NS,Adani Enterprises Limited,Thermal Coal,Energy,Mr. Gautambhai Shantilal Adani S.Y. B.Com,"Ahmedabad, India",https://www.adanienterprises.com,2311.75,2238.85,2668245024768,77.16122,29.96,0.00059999997,3743.9,2025.0
2016-03-31 00:00:00+05:30,38.833465485206375,2314.95,2213.75,39.36689376831055,1376164,0.0,0.0,ADANIENT.NS,Adani Enterprises Limited,Thermal Coal,Energy,Mr. Gautambhai Shantilal Adani S.Y. B.Com,"Ahmedabad, India",https://www.adanienterprises.com,2311.75,2238.85,2668245024768,77.16122,29.96,0.00059999997,3743.9,2025.0
2016-04-01 00:00:00+05:30,39.233533279735234,2314.95,2213.75,40.593772888183594,1376164,0.0,0.0,ADANIENT.NS,Adani Enterprises Limited,Thermal Coal,Energy,Mr. Gautambhai Shantilal Adani S.Y. B.Com,"Ahmedabad, India",https://www.adanienterprises.com,2311.75,2238.85,2668245024768,77.16122,29.96,0.00059999997,3743.9,2025.0
2016-04-04 00:00:00+05:30,42.35408083486963,2314.95,2213.75,42.96752166748047,1376164,0.0,0.0,ADANIENT.NS,Adani Enterprises Limited,Thermal Coal,Energy,Mr. Gautambhai Shantilal Adani S.Y. B.Com,"Ahmedabad, India",https://www.adanienterprises.com,2311.75,2238.85,2668245024768,77.16122,29.96,0.00059999997,3743.9,2025.0
2016-04-05 00:00:00+05:30,43.36759359425918,2314.95,2213.75,39.713623046875,1376164,0.0,0.0,ADANIENT.NS,Adani Enterprises Limited,Thermal Coal,Energy,Mr. Gautambhai Shantilal Adani S.Y. B.Com,"Ahmedabad, India",https://www.adanienterprises.com,2311.75,2238.85,2668245024768,77.16122,29.96,0.00059999997,3743.9,2025.0
2016-04-06 00:00:00+05:30,39.846978633183895,2314.95,2213.75,40.273719787597656,1376164,0.0,0.0,ADANIENT.NS,Adani Enterprises Limited,Thermal Coal,Energy,Mr. Gautambhai Shantilal Adani S.Y. B.Com,"Ahmedabad, India",https://www.adanienterprises.com,2311.75,2238.85,2668245024768,77.16122,29.96,0.00059999997,3743.9,2025.0
2016-04-07 00:00:00+05:30,40.80714961013025,2314.95,2213.75,40.43375015258789,1376164,0.0,0.0,ADANIENT.NS,Adani Enterprises Limited,Thermal Coal,Energy,Mr. Gautambhai Shantilal Adani S.Y. B.Com,"Ahmedabad, India",https://www.adanienterprises.com,2311.75,2238.85,2668245024768,77.16122,29.96,0.00059999997,3743.9,2025.0
2016-04-08 00:00:00+05:30,40.06034880241925,2314.95,2213.75,41.74064254760742,1376164,0.0,0.0,ADANIENT.NS,Adani Enterprises Limited,Thermal Coal,Energy,Mr. Gautambhai Shantilal Adani S.Y. B.Com,"Ahmedabad, India",https://www.adanienterprises.com,2311.75,2238.85,2668245024768,77.16122,29.96,0.00059999997,3743.9,2025.0
2016-04-11 00:00:00+05:30,41.767313968230084,2314.95,2213.75,42.62079620361328,1376164,0.0,0.0,ADANIENT.NS,Adani Enterprises Limited,Thermal Coal,Energy,Mr. Gautambhai Shantilal Adani S.Y. B.Com,"Ahmedabad, India",https://www.adanienterprises.com,2311.75,2238.85,2668245024768,77.16122,29.96,0.00059999997,3743.9,2025.0
2016-04-12 00:00:00+05:30,42.674145696059085,2314.95,2213.75,42.220733642578125,1376164,0.0,0.0,ADANIENT.NS,Adani Enterprises Limited,Thermal Coal,Energy,Mr. Gautambhai Shantilal Adani S.Y. B.Com,"Ahmedabad, India",https://www.adanienterprises.com,2311.75,2238.85,2668245024768,77.16122,29.96,0.00059999997,3743.9,2025.0
2016-04-13 00:00:00+05:30,42.91417996056673,2314.95,2213.75,42.96752166748047,1376164,0.0,0.0,ADANIENT.NS,Adani Enterprises Limited,Thermal Coal,Energy,Mr. Gautambhai Shantilal Adani S.Y. B.Com,"Ahmedabad, India",https://www.adanienterprises.com,2311.75,2238.85,2668245024768,77.16122,29.96,0.00059999997,3743.9,2025.0
2016-04-18 00:00:00+05:30,43.34092902222745,2314.95,2213.75,44.24775314331055,1376164,0.0,0.0,ADANIENT.NS,Adani Enterprises Limited,Thermal Coal,Energy,Mr. Gautambhai Shantilal Adani S.Y. B.Com,"Ahmedabad, India",https://www.adanienterprises.com,2311.75,2238.85,2668245024768,77.16122,29.96,0.00059999997,3743.9,2025.0
2016-04-20 00:00:00+05:30,44.46111972628165,2314.95,2213.75,44.91453170776367,1376164,0.0,0.0,ADANIENT.NS,Adani Enterprises Limited,Thermal Coal,Energy,Mr. Gautambhai Shantilal Adani S.Y. B.Com,"Ahmedabad, India",https://www.adanienterprises.com,2311.75,2238.85,2668245024768,77.16122,29.96,0.00059999997,3743.9,2025.0
2016-04-21 00:00:00+05:30,45.34127292217292,2314.95,2213.75,44.381103515625,1376164,0.0,0.0,ADANIENT.NS,Adani Enterprises Limited,Thermal Coal,Energy,Mr. Gautambhai Shantilal Adani S.Y. B.Com,"Ahmedabad, India",https://www.adanienterprises.com,2311.75,2238.85,2668245024768,77.16122,29.96,0.00059999997,3743.9,2025.0
2016-04-22 00:00:00+05:30,44.007707298558806,2314.95,2213.75,43.76766586303711,1376164,0.0,0.0,ADANIENT.NS,Adani Enterprises Limited,Thermal Coal,Energy,Mr. Gautambhai Shantilal Adani S.Y. B.Com,"Ahmedabad, India",https://www.adanienterprises.com,2311.75,2238.85,2668245024768,77.16122,29.96,0.00059999997,3743.9,2025.0
2016-04-25 00:00:00+05:30,43.76766724361136,2314.95,2213.75,44.19440841674805,1376164,0.0,0.0,ADANIENT.NS,Adani Enterprises Limited,Thermal Coal,Energy,Mr. Gautambhai Shantilal Adani S.Y. B.Com,"Ahmedabad, India",https://www.adanienterprises.com,2311.75,2238.85,2668245024768,77.16122,29.96,0.00059999997,3743.9,2025.0
2016-04-26 00:00:00+05:30,43.74099320842929,2314.95,2213.75,44.94120407104492,1376164,0.0,0.0,ADANIENT.NS,Adani Enterprises Limited,Thermal Coal,Energy,Mr. Gautambhai Shantilal Adani S.Y. B.Com,"Ahmedabad, India",https://www.adanienterprises.com,2311.75,2238.85,2668245024768,77.16122,29.96,0.00059999997,3743.9,2025.0
2016-04-27 00:00:00+05:30,44.91453677149454,2314.95,2213.75,45.74134826660156,1376164,0.0,0.0,ADANIENT.NS,Adani Enterprises Limited,Thermal Coal,Energy,Mr. Gautambhai Shantilal Adani S.Y. B.Com,"Ahmedabad, India",https://www.adanienterprises.com,2311.75,2238.85,2668245024768,77.16122,29.96,0.00059999997,3743.9,2025.0
2016-04-28 00:00:00+05:30,45.98138534619812,2314.95,2213.75,44.72783279418945,1376164,0.0,0.0,ADANIENT.NS,Adani Enterprises Limited,Thermal Coal,Energy,Mr. Gautambhai Shantilal Adani S.Y. B.Com,"Ahmedabad, India",https://www.adanienterprises.com,2311.75,2238.85,2668245024768,77.16122,29.96,0.00059999997,3743.9,2025.0
2016-04-29 00:00:00+05:30,44.807844236531054,2314.95,2213.75,46.24809646606445,1376164,0.0,0.0,ADANIENT.NS,Adani Enterprises Limited,Thermal Coal,Energy,Mr. Gautambhai Shantilal Adani S.Y. B.Com,"Ahmedabad, India",https://www.adanienterprises.com,2311.75,2238.85,2668245024768,77.16122,29.96,0.00059999997,3743.9,2025.0
2016-05-02 00:00:00+05:30,46.03472889709734,2314.95,2213.75,46.43479919433594,1376164,0.0,0.0,ADANIENT.NS,Adani Enterprises Limited,Thermal Coal,Energy,Mr. Gautambhai Shantilal Adani S.Y. B.Com,"Ahmedabad, India",https://www.adanienterprises.com,2311.75,2238.85,2668245024768,77.16122,29.96,0.00059999997,3743.9,2025.0
2016-05-03 00:00:00+05:30,46.40813160123457,2314.95,2213.75,45.82136154174805,1376164,0.0,0.0,ADANIENT.NS,Adani Enterprises Limited,Thermal Coal,Energy,Mr. Gautambhai Shantilal Adani S.Y. B.Com,"Ahmedabad, India",https://www.adanienterprises.com,2311.75,2238.85,2668245024768,77.16122,29.96,0.00059999997,3743.9,2025.0
2016-05-04 00:00:00+05:30,45.928050112940724,2314.95,2213.75,42.220733642578125,1376164,0.0,0.0,ADANIENT.NS,Adani Enterprises Limited,Thermal Coal,Energy,Mr. Gautambhai Shantilal Adani S.Y. B.Com,"Ahmedabad, India",https://www.adanienterprises.com,2311.75,2238.85,2668245024768,77.16122,29.96,0.00059999997,3743.9,2025.0
2016-05-05 00:00:00+05:30,41.87399984385903,2314.95,2213.75,41.66062927246094,1376164,0.0,0.0,ADANIENT.NS,Adani Enterprises Limited,Thermal Coal,Energy,Mr. Gautambhai Shantilal Adani S.Y. B.Com,"Ahmedabad, India",https://www.adanienterprises.com,2311.75,2238.85,2668245024768,77.16122,29.96,0.00059999997,3743.9,2025.0
2016-05-06 00:00:00+05:30,41.553939249577596,2314.95,2213.75,40.94050216674805,1376164,0.0,0.0,ADANIENT.NS,Adani Enterprises Limited,Thermal Coal,Energy,Mr. Gautambhai Shantilal Adani S.Y. B.Com,"Ahmedabad, India",https://www.adanienterprises.com,2311.75,2238.85,2668245024768,77.16122,29.96,0.00059999997,3743.9,2025.0
2016-05-09 00:00:00+05:30,41.2072226856176,2314.95,2213.75,41.287235260009766,1376164,0.0,0.0,ADANIENT.NS,Adani Enterprises Limited,Thermal Coal,Energy,Mr. Gautambhai Shantilal Adani S.Y. B.Com,"Ahmedabad, India",https://www.adanienterprises.com,2311.75,2238.85,2668245024768,77.16122,29.96,0.00059999997,3743.9,2025.0
2016-05-10 00:00:00+05:30,41.34057506067757,2314.95,2213.75,40.11369323730469,1376164,0.0,0.0,ADANIENT.NS,Adani Enterprises Limited,Thermal Coal,Energy,Mr. Gautambhai Shantilal Adani S.Y. B.Com,"Ahmedabad, India",https://www.adanienterprises.com,2311.75,2238.85,2668245024768,77.16122,29.96,0.00059999997,3743.9,2025.0
2016-05-11 00:00:00+05:30,39.44690624506663,2314.95,2213.75,39.63360595703125,1376164,0.0,0.0,ADANIENT.NS,Adani Enterprises Limited,Thermal Coal,Energy,Mr. Gautambhai Shantilal Adani S.Y. B.Com,"Ahmedabad, India",https://www.adanienterprises.com,2311.75,2238.85,2668245024768,77.16122,29.96,0.00059999997,3743.9,2025.0
2016-05-12 00:00:00+05:30,39.84698090017351,2314.95,2213.75,40.380409240722656,1376164,0.0,0.0,ADANIENT.NS,Adani Enterprises Limited,Thermal Coal,Energy,Mr. Gautambhai Shantilal Adani S.Y. B.Com,"Ahmedabad, India",https://www.adanienterprises.com,2311.75,2238.85,2668245024768,77.16122,29.96,0.00059999997,3743.9,2025.0
2016-05-13 00:00:00+05:30,40.167032047002195,2314.95,2213.75,39.12685012817383,1376164,0.0,0.0,ADANIENT.NS,Adani Enterprises Limited,Thermal Coal,Energy,Mr. Gautambhai Shantilal Adani S.Y. B.Com,"Ahmedabad, India",https://www.adanienterprises.com,2311.75,2238.85,2668245024768,77.16122,29.96,0.00059999997,3743.9,2025.0
2016-05-16 00:00:00+05:30,39.42023814859169,2314.95,2213.75,40.62044906616211,1376164,0.0,0.0,ADANIENT.NS,Adani Enterprises Limited,Thermal Coal,Energy,Mr. Gautambhai Shantilal Adani S.Y. B.Com,"Ahmedabad, India",https://www.adanienterprises.com,2311.75,2238.85,2668245024768,77.16122,29.96,0.00059999997,3743.9,2025.0
2016-05-17 00:00:00+05:30,40.700463391314415,2314.95,2213.75,39.98033905029297,1376164,0.0,0.0,ADANIENT.NS,Adani Enterprises Limited,Thermal Coal,Energy,Mr. Gautambhai Shantilal Adani S.Y. B.Com,"Ahmedabad, India",https://www.adanienterprises.com,2311.75,2238.85,2668245024768,77.16122,29.96,0.00059999997,3743.9,2025.0
2016-05-18 00:00:00+05:30,39.47358156495068,2314.95,2213.75,39.98033905029297,1376164,0.0,0.0,ADANIENT.NS,Adani Enterprises Limited,Thermal Coal,Energy,Mr. Gautambhai Shantilal Adani S.Y. B.Com,"Ahmedabad, India",https://www.adanienterprises.com,2311.75,2238.85,2668245024768,77.16122,29.96,0.00059999997,3743.9,2025.0
2016-05-19 00:00:00+05:30,39.98034130653684,2314.95,2213.75,38.140018463134766,1376164,0.0,0.0,ADANIENT.NS,Adani Enterprises Limited,Thermal Coal,Energy,Mr. Gautambhai Shantilal Adani S.Y. B.Com,"Ahmedabad, India",https://www.adanienterprises.com,2311.75,2238.85,2668245024768,77.16122,29.96,0.00059999997,3743.9,2025.0
2016-05-20 00:00:00+05:30,38.566753021275495,2314.95,2213.75,36.75310134887695,1376164,0.0,0.0,ADANIENT.NS,Adani Enterprises Limited,Thermal Coal,Energy,Mr. Gautambhai Shantilal Adani S.Y. B.Com,"Ahmedabad, India",https://www.adanienterprises.com,2311.75,2238.85,2668245024768,77.16122,29.96,0.00059999997,3743.9,2025.0
2016-05-23 00:00:00+05:30,37.07316048302869,2314.95,2213.75,37.17984390258789,1376164,0.0,0.0,ADANIENT.NS,Adani Enterprises Limited,Thermal Coal,Energy,Mr. Gautambhai Shantilal Adani S.Y. B.Com,"Ahmedabad, India",https://www.adanienterprises.com,2311.75,2238.85,2668245024768,77.16122,29.96,0.00059999997,3743.9,2025.0
2016-05-24 00:00:00+05:30,37.126501305354175,2314.95,2213.75,37.63325500488281,1376164,0.0,0.0,ADANIENT.NS,Adani Enterprises Limited,Thermal Coal,Energy,Mr. Gautambhai Shantilal Adani S.Y. B.Com,"Ahmedabad, India",https://www.adanienterprises.com,2311.75,2238.85,2668245024768,77.16122,29.96,0.00059999997,3743.9,2025.0
2016-05-25 00:00:00+05:30,37.9266471862793,2314.95,2213.75,37.9266471862793,1376164,0.0,0.0,ADANIENT.NS,Adani Enterprises Limited,Thermal Coal,Energy,Mr. Gautambhai Shantilal Adani S.Y. B.Com,"Ahmedabad, India",https://www.adanienterprises.com,2311.75,2238.85,2668245024768,77.16122,29.96,0.00059999997,3743.9,2025.0
2016-05-26 00:00:00+05:30,38.1400135318601,2314.95,2213.75,39.52692413330078,1376164,0.0,0.0,ADANIENT.NS,Adani Enterprises Limited,Thermal Coal,Energy,Mr. Gautambhai Shantilal Adani S.Y. B.Com,"Ahmedabad, India",https://www.adanienterprises.com,2311.75,2238.85,2668245024768,77.16122,29.96,0.00059999997,3743.9,2025.0
2016-05-27 00:00:00+05:30,39.5802620891869,2314.95,2213.75,39.12685012817383,1376164,0.0,0.0,ADANIENT.NS,Adani Enterprises Limited,Thermal Coal,Energy,Mr. Gautambhai Shantilal Adani S.Y. B.Com,"Ahmedabad, India",https://www.adanienterprises.com,2311.75,2238.85,2668245024768,77.16122,29.96,0.00059999997,3743.9,2025.0
2016-05-30 00:00:00+05:30,39.420238377126566,2314.95,2213.75,39.820308685302734,1376164,0.0,0.0,ADANIENT.NS,Adani Enterprises Limited,Thermal Coal,Energy,Mr. Gautambhai Shantilal Adani S.Y. B.Com,"Ahmedabad, India",https://www.adanienterprises.com,2311.75,2238.85,2668245024768,77.16122,29.96,0.00059999997,3743.9,2025.0
2016-05-31 00:00:00+05:30,40.19370288933884,2314.95,2213.75,38.86013412475586,1376164,0.0,0.0,ADANIENT.NS,Adani Enterprises Limited,Thermal Coal,Energy,Mr. Gautambhai Shantilal Adani S.Y. B.Com,"Ahmedabad, India",https://www.adanienterprises.com,2311.75,2238.85,2668245024768,77.16122,29.96,0.00059999997,3743.9,2025.0
2016-06-01 00:00:00+05:30,38.94015910436116,2314.95,2213.75,40.0870246887207,1376164,0.0,0.0,ADANIENT.NS,Adani Enterprises Limited,Thermal Coal,Energy,Mr. Gautambhai Shantilal Adani S.Y. B.Com,"Ahmedabad, India",https://www.adanienterprises.com,2311.75,2238.85,2668245024768,77.16122,29.96,0.00059999997,3743.9,2025.0
2016-06-02 00:00:00+05:30,40.59377903949599,2314.95,2213.75,40.300392150878906,1376164,0.0,0.0,ADANIENT.NS,Adani Enterprises Limited,Thermal Coal,Energy,Mr. Gautambhai Shantilal Adani S.Y. B.Com,"Ahmedabad, India",https://www.adanienterprises.com,2311.75,2238.85,2668245024768,77.16122,29.96,0.00059999997,3743.9,2025.0
2016-06-03 00:00:00+05:30,40.540429915788536,2314.95,2213.75,38.43339157104492,1376164,0.0,0.0,ADANIENT.NS,Adani Enterprises Limited,Thermal Coal,Energy,Mr. Gautambhai Shantilal Adani S.Y. B.Com,"Ahmedabad, India",https://www.adanienterprises.com,2311.75,2238.85,2668245024768,77.16122,29.96,0.00059999997,3743.9,2025.0
2016-06-06 00:00:00+05:30,38.433395382472504,2314.95,2213.75,38.56675338745117,1376164,0.0,0.0,ADANIENT.NS,Adani Enterprises Limited,Thermal Coal,Energy,Mr. Gautambhai Shantilal Adani S.Y. B.Com,"Ahmedabad, India",https://www.adanienterprises.com,2311.75,2238.85,2668245024768,77.16122,29.96,0.00059999997,3743.9,2025.0
2016-06-07 00:00:00+05:30,38.88681110423408,2314.95,2213.75,38.83346939086914,1376164,0.0,0.0,ADANIENT.NS,Adani Enterprises Limited,Thermal Coal,Energy,Mr. Gautambhai Shantilal Adani S.Y. B.Com,"Ahmedabad, India",https://www.adanienterprises.com,2311.75,2238.85,2668245024768,77.16122,29.96,0.00059999997,3743.9,2025.0
2016-06-08 00:00:00+05:30,38.94015920683555,2314.95,2213.75,39.953670501708984,1376164,0.0,0.0,ADANIENT.NS,Adani Enterprises Limited,Thermal Coal,Energy,Mr. Gautambhai Shantilal Adani S.Y. B.Com,"Ahmedabad, India",https://www.adanienterprises.com,2311.75,2238.85,2668245024768,77.16122,29.96,0.00059999997,3743.9,2025.0
2016-06-09 00:00:00+05:30,40.0603439684767,2314.95,2213.75,39.84697341918945,1376164,0.0,0.0,ADANIENT.NS,Adani Enterprises Limited,Thermal Coal,Energy,Mr. Gautambhai Shantilal Adani S.Y. B.Com,"Ahmedabad, India",https://www.adanienterprises.com,2311.75,2238.85,2668245024768,77.16122,29.96,0.00059999997,3743.9,2025.0
2016-06-10 00:00:00+05:30,39.76696697337737,2314.95,2213.75,39.820308685302734,1376164,0.0,0.0,ADANIENT.NS,Adani Enterprises Limited,Thermal Coal,Energy,Mr. Gautambhai Shantilal Adani S.Y. B.Com,"Ahmedabad, India",https://www.adanienterprises.com,2311.75,2238.85,2668245024768,77.16122,29.96,0.00059999997,3743.9,2025.0
2016-06-13 00:00:00+05:30,39.046839978696944,2314.95,2213.75,38.83346939086914,1376164,0.0,0.0,ADANIENT.NS,Adani Enterprises Limited,Thermal Coal,Energy,Mr. Gautambhai Shantilal Adani S.Y. B.Com,"Ahmedabad, India",https://www.adanienterprises.com,2311.75,2238.85,2668245024768,77.16122,29.96,0.00059999997,3743.9,2025.0
2016-06-14 00:00:00+05:30,39.10017523243947,2314.95,2213.75,42.060691833496094,1376164,0.0,0.0,ADANIENT.NS,Adani Enterprises Limited,Thermal Coal,Energy,Mr. Gautambhai Shantilal Adani S.Y. B.Com,"Ahmedabad, India",https://www.adanienterprises.com,2311.75,2238.85,2668245024768,77.16122,29.96,0.00059999997,3743.9,2025.0
2016-06-15 00:00:00+05:30,42.19405508592168,2314.95,2213.75,42.62079620361328,1376164,0.0,0.0,ADANIENT.NS,Adani Enterprises Limited,Thermal Coal,Energy,Mr. Gautambhai Shantilal Adani S.Y. B.Com,"Ahmedabad, India",https://www.adanienterprises.com,2311.75,2238.85,2668245024768,77.16122,29.96,0.00059999997,3743.9,2025.0
2016-06-16 00:00:00+05:30,42.14071506103606,2314.95,2213.75,41.98068618774414,1376164,0.0,0.0,ADANIENT.NS,Adani Enterprises Limited,Thermal Coal,Energy,Mr. Gautambhai Shantilal Adani S.Y. B.Com,"Ahmedabad, India",https://www.adanienterprises.com,2311.75,2238.85,2668245024768,77.16122,29.96,0.00059999997,3743.9,2025.0
2016-06-17 00:00:00+05:30,42.30074320897436,2314.95,2213.75,42.03403091430664,1376164,0.0,0.0,ADANIENT.NS,Adani Enterprises Limited,Thermal Coal,Energy,Mr. Gautambhai Shantilal Adani S.Y. B.Com,"Ahmedabad, India",https://www.adanienterprises.com,2311.75,2238.85,2668245024768,77.16122,29.96,0.00059999997,3743.9,2025.0
2016-06-20 00:00:00+05:30,41.6072880676699,2314.95,2213.75,42.5407829284668,1376164,0.0,0.0,ADANIENT.NS,Adani Enterprises Limited,Thermal Coal,Energy,Mr. Gautambhai Shantilal Adani S.Y. B.Com,"Ahmedabad, India",https://www.adanienterprises.com,2311.75,2238.85,2668245024768,77.16122,29.96,0.00059999997,3743.9,2025.0
2016-06-21 00:00:00+05:30,42.647467127949106,2314.95,2213.75,41.954010009765625,1376164,0.0,0.0,ADANIENT.NS,Adani Enterprises Limited,Thermal Coal,Energy,Mr. Gautambhai Shantilal Adani S.Y. B.Com,"Ahmedabad, India",https://www.adanienterprises.com,2311.75,2238.85,2668245024768,77.16122,29.96,0.00059999997,3743.9,2025.0
2016-06-22 00:00:00+05:30,42.30074262125382,2314.95,2213.75,41.420589447021484,1376164,0.0,0.0,ADANIENT.NS,Adani Enterprises Limited,Thermal Coal,Energy,Mr. Gautambhai Shantilal Adani S.Y. B.Com,"Ahmedabad, India",https://www.adanienterprises.com,2311.75,2238.85,2668245024768,77.16122,29.96,0.00059999997,3743.9,2025.0
2016-06-23 00:00:00+05:30,41.58061889306112,2314.95,2213.75,42.03403091430664,1376164,0.0,0.0,ADANIENT.NS,Adani Enterprises Limited,Thermal Coal,Energy,Mr. Gautambhai Shantilal Adani S.Y. B.Com,"Ahmedabad, India",https://www.adanienterprises.com,2311.75,2238.85,2668245024768,77.16122,29.96,0.00059999997,3743.9,2025.0
2016-06-24 00:00:00+05:30,40.00701389721462,2314.95,2213.75,39.58027267456055,1376164,0.0,0.0,ADANIENT.NS,Adani Enterprises Limited,Thermal Coal,Energy,Mr. Gautambhai Shantilal Adani S.Y. B.Com,"Ahmedabad, India",https://www.adanienterprises.com,2311.75,2238.85,2668245024768,77.16122,29.96,0.00059999997,3743.9,2025.0
2016-06-27 00:00:00+05:30,39.79363841143923,2314.95,2213.75,40.300392150878906,1376164,0.0,0.0,ADANIENT.NS,Adani Enterprises Limited,Thermal Coal,Energy,Mr. Gautambhai Shantilal Adani S.Y. B.Com,"Ahmedabad, India",https://www.adanienterprises.com,2311.75,2238.85,2668245024768,77.16122,29.96,0.00059999997,3743.9,2025.0
2016-06-28 00:00:00+05:30,40.38041182502156,2314.95,2213.75,43.44761657714844,1376164,0.0,0.0,ADANIENT.NS,Adani Enterprises Limited,Thermal Coal,Energy,Mr. Gautambhai Shantilal Adani S.Y. B.Com,"Ahmedabad, India",https://www.adanienterprises.com,2311.75,2238.85,2668245024768,77.16122,29.96,0.00059999997,3743.9,2025.0
2016-06-29 00:00:00+05:30,43.87434904020306,2314.95,2213.75,44.434444427490234,1376164,0.0,0.0,ADANIENT.NS,Adani Enterprises Limited,Thermal Coal,Energy,Mr. Gautambhai Shantilal Adani S.Y. B.Com,"Ahmedabad, India",https://www.adanienterprises.com,2311.75,2238.85,2668245024768,77.16122,29.96,0.00059999997,3743.9,2025.0
2016-06-30 00:00:00+05:30,44.59448248149114,2314.95,2213.75,46.274776458740234,1376164,0.0,0.0,ADANIENT.NS,Adani Enterprises Limited,Thermal Coal,Energy,Mr. Gautambhai Shantilal Adani S.Y. B.Com,"Ahmedabad, India",https://www.adanienterprises.com,2311.75,2238.85,2668245024768,77.16122,29.96,0.00059999997,3743.9,2025.0
2016-07-01 00:00:00+05:30,46.43480663999056,2314.95,2213.75,45.15458297729492,1376164,0.0,0.0,ADANIENT.NS,Adani Enterprises Limited,Thermal Coal,Energy,Mr. Gautambhai Shantilal Adani S.Y. B.Com,"Ahmedabad, India",https://www.adanienterprises.com,2311.75,2238.85,2668245024768,77.16122,29.96,0.00059999997,3743.9,2025.0
2016-07-04 00:00:00+05:30,45.34127408170056,2314.95,2213.75,45.874698638916016,1376164,0.0,0.0,ADANIENT.NS,Adani Enterprises Limited,Thermal Coal,Energy,Mr. Gautambhai Shantilal Adani S.Y. B.Com,"Ahmedabad, India",https://www.adanienterprises.com,2311.75,2238.85,2668245024768,77.16122,29.96,0.00059999997,3743.9,2025.0
2016-07-05 00:00:00+05:30,45.6613275356015,2314.95,2213.75,45.12790298461914,1376164,0.0,0.0,ADANIENT.NS,Adani Enterprises Limited,Thermal Coal,Energy,Mr. Gautambhai Shantilal Adani S.Y. B.Com,"Ahmedabad, India",https://www.adanienterprises.com,2311.75,2238.85,2668245024768,77.16122,29.96,0.00059999997,3743.9,2025.0
2016-07-07 00:00:00+05:30,45.10123760586762,2314.95,2213.75,44.621150970458984,1376164,0.0,0.0,ADANIENT.NS,Adani Enterprises Limited,Thermal Coal,Energy,Mr. Gautambhai Shantilal Adani S.Y. B.Com,"Ahmedabad, India",https://www.adanienterprises.com,2311.75,2238.85,2668245024768,77.16122,29.96,0.00059999997,3743.9,2025.0
2016-07-08 00:00:00+05:30,44.647823750805806,2314.95,2213.75,43.71432876586914,1376164,0.0,0.0,ADANIENT.NS,Adani Enterprises Limited,Thermal Coal,Energy,Mr. Gautambhai Shantilal Adani S.Y. B.Com,"Ahmedabad, India",https://www.adanienterprises.com,2311.75,2238.85,2668245024768,77.16122,29.96,0.00059999997,3743.9,2025.0
2016-07-11 00:00:00+05:30,44.27442001828565,2314.95,2213.75,44.6478157043457,1376164,0.0,0.0,ADANIENT.NS,Adani Enterprises Limited,Thermal Coal,Energy,Mr. Gautambhai Shantilal Adani S.Y. B.Com,"Ahmedabad, India",https://www.adanienterprises.com,2311.75,2238.85,2668245024768,77.16122,29.96,0.00059999997,3743.9,2025.0
2016-07-12 00:00:00+05:30,44.96787724686519,2314.95,2213.75,44.78117752075195,1376164,0.0,0.0,ADANIENT.NS,Adani Enterprises Limited,Thermal Coal,Energy,Mr. Gautambhai Shantilal Adani S.Y. B.Com,"Ahmedabad, India",https://www.adanienterprises.com,2311.75,2238.85,2668245024768,77.16122,29.96,0.00059999997,3743.9,2025.0
2016-07-13 00:00:00+05:30,45.02121611049547,2314.95,2213.75,43.92769241333008,1376164,0.0,0.0,ADANIENT.NS,Adani Enterprises Limited,Thermal Coal,Energy,Mr. Gautambhai Shantilal Adani S.Y. B.Com,"Ahmedabad, India",https://www.adanienterprises.com,2311.75,2238.85,2668245024768,77.16122,29.96,0.00059999997,3743.9,2025.0
2016-07-14 00:00:00+05:30,43.954370226728045,2314.95,2213.75,43.71432876586914,1376164,0.0,0.0,ADANIENT.NS,Adani Enterprises Limited,Thermal Coal,Energy,Mr. Gautambhai Shantilal Adani S.Y. B.Com,"Ahmedabad, India",https://www.adanienterprises.com,2311.75,2238.85,2668245024768,77.16122,29.96,0.00059999997,3743.9,2025.0
2016-07-15 00:00:00+05:30,43.927698020664515,2314.95,2213.75,43.15422821044922,1376164,0.0,0.0,ADANIENT.NS,Adani Enterprises Limited,Thermal Coal,Energy,Mr. Gautambhai Shantilal Adani S.Y. B.Com,"Ahmedabad, India",https://www.adanienterprises.com,2311.75,2238.85,2668245024768,77.16122,29.96,0.00059999997,3743.9,2025.0
2016-07-18 00:00:00+05:30,43.47428060364955,2314.95,2213.75,43.26091003417969,1376164,0.0,0.0,ADANIENT.NS,Adani Enterprises Limited,Thermal Coal,Energy,Mr. Gautambhai Shantilal Adani S.Y. B.Com,"Ahmedabad, India",https://www.adanienterprises.com,2311.75,2238.85,2668245024768,77.16122,29.96,0.00059999997,3743.9,2025.0
2016-07-19 00:00:00+05:30,43.100878229783184,2314.95,2213.75,42.8074951171875,1376164,0.0,0.0,ADANIENT.NS,Adani Enterprises Limited,Thermal Coal,Energy,Mr. Gautambhai Shantilal Adani S.Y. B.Com,"Ahmedabad, India",https://www.adanienterprises.com,2311.75,2238.85,2668245024768,77.16122,29.96,0.00059999997,3743.9,2025.0
2016-07-20 00:00:00+05:30,43.02087498776154,2314.95,2213.75,44.24775314331055,1376164,0.0,0.0,ADANIENT.NS,Adani Enterprises Limited,Thermal Coal,Energy,Mr. Gautambhai Shantilal Adani S.Y. B.Com,"Ahmedabad, India",https://www.adanienterprises.com,2311.75,2238.85,2668245024768,77.16122,29.96,0.00059999997,3743.9,2025.0
2016-07-21 00:00:00+05:30,44.3811045903045,2314.95,2213.75,43.26091003417969,1376164,0.0,0.0,ADANIENT.NS,Adani Enterprises Limited,Thermal Coal,Energy,Mr. Gautambhai Shantilal Adani S.Y. B.Com,"Ahmedabad, India",https://www.adanienterprises.com,2311.75,2238.85,2668245024768,77.16122,29.96,0.00059999997,3743.9,2025.0
2016-07-22 00:00:00+05:30,42.88750675720855,2314.95,2213.75,43.527618408203125,1376164,0.0,0.0,ADANIENT.NS,Adani Enterprises Limited,Thermal Coal,Energy,Mr. Gautambhai Shantilal Adani S.Y. B.Com,"Ahmedabad, India",https://www.adanienterprises.com,2311.75,2238.85,2668245024768,77.16122,29.96,0.00059999997,3743.9,2025.0
2016-07-25 00:00:00+05:30,43.47428829901595,2314.95,2213.75,43.127559661865234,1376164,0.0,0.0,ADANIENT.NS,Adani Enterprises Limited,Thermal Coal,Energy,Mr. Gautambhai Shantilal Adani S.Y. B.Com,"Ahmedabad, India",https://www.adanienterprises.com,2311.75,2238.85,2668245024768,77.16122,29.96,0.00059999997,3743.9,2025.0
2016-07-26 00:00:00+05:30,43.3142566898074,2314.95,2213.75,44.2210807800293,1376164,0.0,0.0,ADANIENT.NS,Adani Enterprises Limited,Thermal Coal,Energy,Mr. Gautambhai Shantilal Adani S.Y. B.Com,"Ahmedabad, India",https://www.adanienterprises.com,2311.75,2238.85,2668245024768,77.16122,29.96,0.00059999997,3743.9,2025.0
2016-07-27 00:00:00+05:30,44.327766433741274,2314.95,2213.75,44.19440841674805,1376164,0.0,0.0,ADANIENT.NS,Adani Enterprises Limited,Thermal Coal,Energy,Mr. Gautambhai Shantilal Adani S.Y. B.Com,"Ahmedabad, India",https://www.adanienterprises.com,2311.75,2238.85,2668245024768,77.16122,29.96,0.00059999997,3743.9,2025.0
2016-07-28 00:00:00+05:30,44.327765024314296,2314.95,2213.75,43.901023864746094,1376164,0.0,0.0,ADANIENT.NS,Adani Enterprises Limited,Thermal Coal,Energy,Mr. Gautambhai Shantilal Adani S.Y. B.Com,"Ahmedabad, India",https://www.adanienterprises.com,2311.75,2238.85,2668245024768,77.16122,29.96,0.00059999997,3743.9,2025.0
2016-07-29 00:00:00+05:30,43.047541064118946,2314.95,2213.75,43.020870208740234,1376164,0.0,0.0,ADANIENT.NS,Adani Enterprises Limited,Thermal Coal,Energy,Mr. Gautambhai Shantilal Adani S.Y. B.Com,"Ahmedabad, India",https://www.adanienterprises.com,2311.75,2238.85,2668245024768,77.16122,29.96,0.00059999997,3743.9,2025.0
2016-08-01 00:00:00+05:30,43.26091126293279,2314.95,2213.75,41.47393035888672,1376164,0.0,0.0,ADANIENT.NS,Adani Enterprises Limited,Thermal Coal,Energy,Mr. Gautambhai Shantilal Adani S.Y. B.Com,"Ahmedabad, India",https://www.adanienterprises.com,2311.75,2238.85,2668245024768,77.16122,29.96,0.00059999997,3743.9,2025.0
2016-08-02 00:00:00+05:30,41.34057005112527,2314.95,2213.75,41.5005989074707,1376164,0.0,0.0,ADANIENT.NS,Adani Enterprises Limited,Thermal Coal,Energy,Mr. Gautambhai Shantilal Adani S.Y. B.Com,"Ahmedabad, India",https://www.adanienterprises.com,2311.75,2238.85,2668245024768,77.16122,29.96,0.00059999997,3743.9,2025.0
2016-08-03 00:00:00+05:30,41.34057744117116,2314.95,2213.75,40.0870246887207,1376164,0.0,0.0,ADANIENT.NS,Adani Enterprises Limited,Thermal Coal,Energy,Mr. Gautambhai Shantilal Adani S.Y. B.Com,"Ahmedabad, India",https://www.adanienterprises.com,2311.75,2238.85,2668245024768,77.16122,29.96,0.00059999997,3743.9,2025.0
2016-08-04 00:00:00+05:30,40.40707539924771,2314.95,2213.75,40.83381652832031,1376164,0.0,0.0,ADANIENT.NS,Adani Enterprises Limited,Thermal Coal,Energy,Mr. Gautambhai Shantilal Adani S.Y. B.Com,"Ahmedabad, India",https://www.adanienterprises.com,2311.75,2238.85,2668245024768,77.16122,29.96,0.00059999997,3743.9,2025.0
2016-08-05 00:00:00+05:30,41.12720567746358,2314.95,2213.75,41.20722198486328,1376164,0.0,0.0,ADANIENT.NS,Adani Enterprises Limited,Thermal Coal,Energy,Mr. Gautambhai Shantilal Adani S.Y. B.Com,"Ahmedabad, India",https://www.adanienterprises.com,2311.75,2238.85,2668245024768,77.16122,29.96,0.00059999997,3743.9,2025.0
2016-08-08 00:00:00+05:30,41.44726158926178,2314.95,2213.75,41.98068618774414,1376164,0.0,0.0,ADANIENT.NS,Adani Enterprises Limited,Thermal Coal,Energy,Mr. Gautambhai Shantilal Adani S.Y. B.Com,"Ahmedabad, India",https://www.adanienterprises.com,2311.75,2238.85,2668245024768,77.16122,29.96,0.00059999997,3743.9,2025.0
2016-08-09 00:00:00+05:30,41.90067079154829,2314.95,2213.75,41.393917083740234,1376164,0.0,0.0,ADANIENT.NS,Adani Enterprises Limited,Thermal Coal,Energy,Mr. Gautambhai Shantilal Adani S.Y. B.Com,"Ahmedabad, India",https://www.adanienterprises.com,2311.75,2238.85,2668245024768,77.16122,29.96,0.00059999997,3743.9,2025.0
2016-08-10 00:00:00+05:30,41.50059796889717,2314.95,2213.75,42.62079620361328,1376164,0.0,0.0,ADANIENT.NS,Adani Enterprises Limited,Thermal Coal,Energy,Mr. Gautambhai Shantilal Adani S.Y. B.Com,"Ahmedabad, India",https://www.adanienterprises.com,2311.75,2238.85,2668245024768,77.16122,29.96,0.00059999997,3743.9,2025.0
2016-08-11 00:00:00+05:30,42.674142319393496,2314.95,2213.75,40.487091064453125,1376164,0.0,0.0,ADANIENT.NS,Adani Enterprises Limited,Thermal Coal,Energy,Mr. Gautambhai Shantilal Adani S.Y. B.Com,"Ahmedabad, India",https://www.adanienterprises.com,2311.75,2238.85,2668245024768,77.16122,29.96,0.00059999997,3743.9,2025.0
2016-08-12 00:00:00+05:30,40.593773750596505,2314.95,2213.75,40.00700378417969,1376164,0.0,0.0,ADANIENT.NS,Adani Enterprises Limited,Thermal Coal,Energy,Mr. Gautambhai Shantilal Adani S.Y. B.Com,"Ahmedabad, India",https://www.adanienterprises.com,2311.75,2238.85,2668245024768,77.16122,29.96,0.00059999997,3743.9,2025.0
2016-08-16 00:00:00+05:30,40.11369583688079,2314.95,2213.75,39.42024230957031,1376164,0.0,0.0,ADANIENT.NS,Adani Enterprises Limited,Thermal Coal,Energy,Mr. Gautambhai Shantilal Adani S.Y. B.Com,"Ahmedabad, India",https://www.adanienterprises.com,2311.75,2238.85,2668245024768,77.16122,29.96,0.00059999997,3743.9,2025.0
2016-08-17 00:00:00+05:30,39.473580101457266,2314.95,2213.75,39.68695068359375,1376164,0.0,0.0,ADANIENT.NS,Adani Enterprises Limited,Thermal Coal,Energy,Mr. Gautambhai Shantilal Adani S.Y. B.Com,"Ahmedabad, India",https://www.adanienterprises.com,2311.75,2238.85,2668245024768,77.16122,29.96,0.00059999997,3743.9,2025.0
2016-08-18 00:00:00+05:30,39.846978741740436,2314.95,2213.75,39.87364959716797,1376164,0.0,0.0,ADANIENT.NS,Adani Enterprises Limited,Thermal Coal,Energy,Mr. Gautambhai Shantilal Adani S.Y. B.Com,"Ahmedabad, India",https://www.adanienterprises.com,2311.75,2238.85,2668245024768,77.16122,29.96,0.00059999997,3743.9,2025.0
2016-08-19 00:00:00+05:30,39.95366410974655,2314.95,2213.75,41.04718780517578,1376164,0.0,0.0,ADANIENT.NS,Adani Enterprises Limited,Thermal Coal,Energy,Mr. Gautambhai Shantilal Adani S.Y. B.Com,"Ahmedabad, India",https://www.adanienterprises.com,2311.75,2238.85,2668245024768,77.16122,29.96,0.00059999997,3743.9,2025.0
2016-08-22 00:00:00+05:30,41.04718571825619,2314.95,2213.75,40.00700378417969,1376164,0.0,0.0,ADANIENT.NS,Adani Enterprises Limited,Thermal Coal,Energy,Mr. Gautambhai Shantilal Adani S.Y. B.Com,"Ahmedabad, India",https://www.adanienterprises.com,2311.75,2238.85,2668245024768,77.16122,29.96,0.00059999997,3743.9,2025.0
2016-08-23 00:00:00+05:30,39.95366447152152,2314.95,2213.75,39.713623046875,1376164,0.0,0.0,ADANIENT.NS,Adani Enterprises Limited,Thermal Coal,Energy,Mr. Gautambhai Shantilal Adani S.Y. B.Com,"Ahmedabad, India",https://www.adanienterprises.com,2311.75,2238.85,2668245024768,77.16122,29.96,0.00059999997,3743.9,2025.0
2016-08-24 00:00:00+05:30,39.58026566104576,2314.95,2213.75,39.9269905090332,1376164,0.0,0.0,ADANIENT.NS,Adani Enterprises Limited,Thermal Coal,Energy,Mr. Gautambhai Shantilal Adani S.Y. B.Com,"Ahmedabad, India",https://www.adanienterprises.com,2311.75,2238.85,2668245024768,77.16122,29.96,0.00059999997,3743.9,2025.0
2016-08-25 00:00:00+05:30,40.007004009769645,2314.95,2213.75,39.073509216308594,1376164,0.0,0.0,ADANIENT.NS,Adani Enterprises Limited,Thermal Coal,Energy,Mr. Gautambhai Shantilal Adani S.Y. B.Com,"Ahmedabad, India",https://www.adanienterprises.com,2311.75,2238.85,2668245024768,77.16122,29.96,0.00059999997,3743.9,2025.0
2016-08-26 00:00:00+05:30,39.12685099498443,2314.95,2213.75,38.54008102416992,1376164,0.0,0.0,ADANIENT.NS,Adani Enterprises Limited,Thermal Coal,Energy,Mr. Gautambhai Shantilal Adani S.Y. B.Com,"Ahmedabad, India",https://www.adanienterprises.com,2311.75,2238.85,2668245024768,77.16122,29.96,0.00059999997,3743.9,2025.0
2016-08-29 00:00:00+05:30,37.65992412659802,2314.95,2213.75,38.806793212890625,1376164,0.0,0.0,ADANIENT.NS,Adani Enterprises Limited,Thermal Coal,Energy,Mr. Gautambhai Shantilal Adani S.Y. B.Com,"Ahmedabad, India",https://www.adanienterprises.com,2311.75,2238.85,2668245024768,77.16122,29.96,0.00059999997,3743.9,2025.0
2016-08-30 00:00:00+05:30,38.940150426397715,2314.95,2213.75,39.12685012817383,1376164,0.0,0.0,ADANIENT.NS,Adani Enterprises Limited,Thermal Coal,Energy,Mr. Gautambhai Shantilal Adani S.Y. B.Com,"Ahmedabad, India",https://www.adanienterprises.com,2311.75,2238.85,2668245024768,77.16122,29.96,0.00059999997,3743.9,2025.0
2016-08-31 00:00:00+05:30,39.28688142320722,2314.95,2213.75,38.83346939086914,1376164,0.0,0.0,ADANIENT.NS,Adani Enterprises Limited,Thermal Coal,Energy,Mr. Gautambhai Shantilal Adani S.Y. B.Com,"Ahmedabad, India",https://www.adanienterprises.com,2311.75,2238.85,2668245024768,77.16122,29.96,0.00059999997,3743.9,2025.0
2016-09-01 00:00:00+05:30,38.88680600054583,2314.95,2213.75,37.60658264160156,1376164,0.0,0.0,ADANIENT.NS,Adani Enterprises Limited,Thermal Coal,Energy,Mr. Gautambhai Shantilal Adani S.Y. B.Com,"Ahmedabad, India",https://www.adanienterprises.com,2311.75,2238.85,2668245024768,77.16122,29.96,0.00059999997,3743.9,2025.0
2016-09-02 00:00:00+05:30,37.79328916195845,2314.95,2213.75,37.9266471862793,1376164,0.0,0.0,ADANIENT.NS,Adani Enterprises Limited,Thermal Coal,Energy,Mr. Gautambhai Shantilal Adani S.Y. B.Com,"Ahmedabad, India",https://www.adanienterprises.com,2311.75,2238.85,2668245024768,77.16122,29.96,0.00059999997,3743.9,2025.0
2016-09-06 00:00:00+05:30,38.16668460777442,2314.95,2213.75,38.46006774902344,1376164,0.0,0.0,ADANIENT.NS,Adani Enterprises Limited,Thermal Coal,Energy,Mr. Gautambhai Shantilal Adani S.Y. B.Com,"Ahmedabad, India",https://www.adanienterprises.com,2311.75,2238.85,2668245024768,77.16122,29.96,0.00059999997,3743.9,2025.0
2016-09-07 00:00:00+05:30,38.62009580798356,2314.95,2213.75,38.646766662597656,1376164,0.0,0.0,ADANIENT.NS,Adani Enterprises Limited,Thermal Coal,Energy,Mr. Gautambhai Shantilal Adani S.Y. B.Com,"Ahmedabad, India",https://www.adanienterprises.com,2311.75,2238.85,2668245024768,77.16122,29.96,0.00059999997,3743.9,2025.0
2016-09-08 00:00:00+05:30,38.806795322872,2314.95,2213.75,39.713623046875,1376164,0.0,0.0,ADANIENT.NS,Adani Enterprises Limited,Thermal Coal,Energy,Mr. Gautambhai Shantilal Adani S.Y. B.Com,"Ahmedabad, India",https://www.adanienterprises.com,2311.75,2238.85,2668245024768,77.16122,29.96,0.00059999997,3743.9,2025.0
2016-09-09 00:00:00+05:30,39.873652158192655,2314.95,2213.75,39.180198669433594,1376164,0.0,0.0,ADANIENT.NS,Adani Enterprises Limited,Thermal Coal,Energy,Mr. Gautambhai Shantilal Adani S.Y. B.Com,"Ahmedabad, India",https://www.adanienterprises.com,2311.75,2238.85,2668245024768,77.16122,29.96,0.00059999997,3743.9,2025.0
2016-09-12 00:00:00+05:30,38.67343769023154,2314.95,2213.75,37.31319808959961,1376164,0.0,0.0,ADANIENT.NS,Adani Enterprises Limited,Thermal Coal,Energy,Mr. Gautambhai Shantilal Adani S.Y. B.Com,"Ahmedabad, India",https://www.adanienterprises.com,2311.75,2238.85,2668245024768,77.16122,29.96,0.00059999997,3743.9,2025.0
2016-09-14 00:00:00+05:30,37.36654638533675,2314.95,2213.75,38.033329010009766,1376164,0.0,0.0,ADANIENT.NS,Adani Enterprises Limited,Thermal Coal,Energy,Mr. Gautambhai Shantilal Adani S.Y. B.Com,"Ahmedabad, India",https://www.adanienterprises.com,2311.75,2238.85,2668245024768,77.16122,29.96,0.00059999997,3743.9,2025.0
2016-09-15 00:00:00+05:30,38.14000779687976,2314.95,2213.75,37.95330810546875,1376164,0.0,0.0,ADANIENT.NS,Adani Enterprises Limited,Thermal Coal,Energy,Mr. Gautambhai Shantilal Adani S.Y. B.Com,"Ahmedabad, India",https://www.adanienterprises.com,2311.75,2238.85,2668245024768,77.16122,29.96,0.00059999997,3743.9,2025.0
2016-09-16 00:00:00+05:30,38.1400063795358,2314.95,2213.75,36.85978317260742,1376164,0.0,0.0,ADANIENT.NS,Adani Enterprises Limited,Thermal Coal,Energy,Mr. Gautambhai Shantilal Adani S.Y. B.Com,"Ahmedabad, India",https://www.adanienterprises.com,2311.75,2238.85,2668245024768,77.16122,29.96,0.00059999997,3743.9,2025.0
2016-09-19 00:00:00+05:30,37.07316576103844,2314.95,2213.75,37.33987808227539,1376164,0.0,0.0,ADANIENT.NS,Adani Enterprises Limited,Thermal Coal,Energy,Mr. Gautambhai Shantilal Adani S.Y. B.Com,"Ahmedabad, India",https://www.adanienterprises.com,2311.75,2238.85,2668245024768,77.16122,29.96,0.00059999997,3743.9,2025.0
2016-09-20 00:00:00+05:30,37.4465575225092,2314.95,2213.75,37.60658264160156,1376164,0.0,0.0,ADANIENT.NS,Adani Enterprises Limited,Thermal Coal,Energy,Mr. Gautambhai Shantilal Adani S.Y. B.Com,"Ahmedabad, India",https://www.adanienterprises.com,2311.75,2238.85,2668245024768,77.16122,29.96,0.00059999997,3743.9,2025.0
2016-09-21 00:00:00+05:30,37.8199555072596,2314.95,2213.75,37.84663009643555,1376164,0.0,0.0,ADANIENT.NS,Adani Enterprises Limited,Thermal Coal,Energy,Mr. Gautambhai Shantilal Adani S.Y. B.Com,"Ahmedabad, India",https://www.adanienterprises.com,2311.75,2238.85,2668245024768,77.16122,29.96,0.00059999997,3743.9,2025.0
2016-09-22 00:00:00+05:30,38.19335175005566,2314.95,2213.75,38.32670974731445,1376164,0.0,0.0,ADANIENT.NS,Adani Enterprises Limited,Thermal Coal,Energy,Mr. Gautambhai Shantilal Adani S.Y. B.Com,"Ahmedabad, India",https://www.adanienterprises.com,2311.75,2238.85,2668245024768,77.16122,29.96,0.00059999997,3743.9,2025.0
2016-09-23 00:00:00+05:30,38.62010057018202,2314.95,2213.75,38.193359375,1376164,0.0,0.0,ADANIENT.NS,Adani Enterprises Limited,Thermal Coal,Energy,Mr. Gautambhai Shantilal Adani S.Y. B.Com,"Ahmedabad, India",https://www.adanienterprises.com,2311.75,2238.85,2668245024768,77.16122,29.96,0.00059999997,3743.9,2025.0
2016-09-26 00:00:00+05:30,38.0866692821715,2314.95,2213.75,37.473228454589844,1376164,0.0,0.0,ADANIENT.NS,Adani Enterprises Limited,Thermal Coal,Energy,Mr. Gautambhai Shantilal Adani S.Y. B.Com,"Ahmedabad, India",https://www.adanienterprises.com,2311.75,2238.85,2668245024768,77.16122,29.96,0.00059999997,3743.9,2025.0
2016-09-27 00:00:00+05:30,37.686598935515306,2314.95,2213.75,37.60658264160156,1376164,0.0,0.0,ADANIENT.NS,Adani Enterprises Limited,Thermal Coal,Energy,Mr. Gautambhai Shantilal Adani S.Y. B.Com,"Ahmedabad, India",https://www.adanienterprises.com,2311.75,2238.85,2668245024768,77.16122,29.96,0.00059999997,3743.9,2025.0
2016-09-28 00:00:00+05:30,37.606579573652986,2314.95,2213.75,37.95330810546875,1376164,0.0,0.0,ADANIENT.NS,Adani Enterprises Limited,Thermal Coal,Energy,Mr. Gautambhai Shantilal Adani S.Y. B.Com,"Ahmedabad, India",https://www.adanienterprises.com,2311.75,2238.85,2668245024768,77.16122,29.96,0.00059999997,3743.9,2025.0
2016-09-29 00:00:00+05:30,38.2466996083726,2314.95,2213.75,34.6193962097168,1376164,0.0,0.0,ADANIENT.NS,Adani Enterprises Limited,Thermal Coal,Energy,Mr. Gautambhai Shantilal Adani S.Y. B.Com,"Ahmedabad, India",https://www.adanienterprises.com,2311.75,2238.85,2668245024768,77.16122,29.96,0.00059999997,3743.9,2025.0
2016-09-30 00:00:00+05:30,34.56605966095669,2314.95,2213.75,35.046142578125,1376164,0.0,0.0,ADANIENT.NS,Adani Enterprises Limited,Thermal Coal,Energy,Mr. Gautambhai Shantilal Adani S.Y. B.Com,"Ahmedabad, India",https://www.adanienterprises.com,2311.75,2238.85,2668245024768,77.16122,29.96,0.00059999997,3743.9,2025.0
2016-10-03 00:00:00+05:30,35.20616139532837,2314.95,2213.75,35.739585876464844,1376164,0.0,0.0,ADANIENT.NS,Adani Enterprises Limited,Thermal Coal,Energy,Mr. Gautambhai Shantilal Adani S.Y. B.Com,"Ahmedabad, India",https://www.adanienterprises.com,2311.75,2238.85,2668245024768,77.16122,29.96,0.00059999997,3743.9,2025.0
2016-10-04 00:00:00+05:30,36.00630566713536,2314.95,2213.75,36.27302169799805,1376164,0.0,0.0,ADANIENT.NS,Adani Enterprises Limited,Thermal Coal,Energy,Mr. Gautambhai Shantilal Adani S.Y. B.Com,"Ahmedabad, India",https://www.adanienterprises.com,2311.75,2238.85,2668245024768,77.16122,29.96,0.00059999997,3743.9,2025.0
2016-10-05 00:00:00+05:30,36.48639696236623,2314.95,2213.75,36.086326599121094,1376164,0.0,0.0,ADANIENT.NS,Adani Enterprises Limited,Thermal Coal,Energy,Mr. Gautambhai Shantilal Adani S.Y. B.Com,"Ahmedabad, India",https://www.adanienterprises.com,2311.75,2238.85,2668245024768,77.16122,29.96,0.00059999997,3743.9,2025.0
2016-10-06 00:00:00+05:30,36.273021931561836,2314.95,2213.75,35.606239318847656,1376164,0.0,0.0,ADANIENT.NS,Adani Enterprises Limited,Thermal Coal,Energy,Mr. Gautambhai Shantilal Adani S.Y. B.Com,"Ahmedabad, India",https://www.adanienterprises.com,2311.75,2238.85,2668245024768,77.16122,29.96,0.00059999997,3743.9,2025.0
2016-10-07 00:00:00+05:30,35.819605119584736,2314.95,2213.75,36.19300079345703,1376164,0.0,0.0,ADANIENT.NS,Adani Enterprises Limited,Thermal Coal,Energy,Mr. Gautambhai Shantilal Adani S.Y. B.Com,"Ahmedabad, India",https://www.adanienterprises.com,2311.75,2238.85,2668245024768,77.16122,29.96,0.00059999997,3743.9,2025.0
2016-10-10 00:00:00+05:30,36.45971892825677,2314.95,2213.75,36.83311462402344,1376164,0.0,0.0,ADANIENT.NS,Adani Enterprises Limited,Thermal Coal,Energy,Mr. Gautambhai Shantilal Adani S.Y. B.Com,"Ahmedabad, India",https://www.adanienterprises.com,2311.75,2238.85,2668245024768,77.16122,29.96,0.00059999997,3743.9,2025.0
2016-10-13 00:00:00+05:30,36.77977237939726,2314.95,2213.75,35.95296096801758,1376164,0.0,0.0,ADANIENT.NS,Adani Enterprises Limited,Thermal Coal,Energy,Mr. Gautambhai Shantilal Adani S.Y. B.Com,"Ahmedabad, India",https://www.adanienterprises.com,2311.75,2238.85,2668245024768,77.16122,29.96,0.00059999997,3743.9,2025.0
2016-10-14 00:00:00+05:30,36.16633384394363,2314.95,2213.75,36.05965042114258,1376164,0.0,0.0,ADANIENT.NS,Adani Enterprises Limited,Thermal Coal,Energy,Mr. Gautambhai Shantilal Adani S.Y. B.Com,"Ahmedabad, India",https://www.adanienterprises.com,2311.75,2238.85,2668245024768,77.16122,29.96,0.00059999997,3743.9,2025.0
2016-10-17 00:00:00+05:30,36.219676976723576,2314.95,2213.75,35.95296096801758,1376164,0.0,0.0,ADANIENT.NS,Adani Enterprises Limited,Thermal Coal,Energy,Mr. Gautambhai Shantilal Adani S.Y. B.Com,"Ahmedabad, India",https://www.adanienterprises.com,2311.75,2238.85,2668245024768,77.16122,29.96,0.00059999997,3743.9,2025.0
2016-10-18 00:00:00+05:30,36.24634844752394,2314.95,2213.75,36.566402435302734,1376164,0.0,0.0,ADANIENT.NS,Adani Enterprises Limited,Thermal Coal,Energy,Mr. Gautambhai Shantilal Adani S.Y. B.Com,"Ahmedabad, India",https://www.adanienterprises.com,2311.75,2238.85,2668245024768,77.16122,29.96,0.00059999997,3743.9,2025.0
2016-10-19 00:00:00+05:30,36.7531013468807,2314.95,2213.75,36.88645935058594,1376164,0.0,0.0,ADANIENT.NS,Adani Enterprises Limited,Thermal Coal,Energy,Mr. Gautambhai Shantilal Adani S.Y. B.Com,"Ahmedabad, India",https://www.adanienterprises.com,2311.75,2238.85,2668245024768,77.16122,29.96,0.00059999997,3743.9,2025.0
2016-10-20 00:00:00+05:30,37.073155084793484,2314.95,2213.75,37.95330810546875,1376164,0.0,0.0,ADANIENT.NS,Adani Enterprises Limited,Thermal Coal,Energy,Mr. Gautambhai Shantilal Adani S.Y. B.Com,"Ahmedabad, India",https://www.adanienterprises.com,2311.75,2238.85,2668245024768,77.16122,29.96,0.00059999997,3743.9,2025.0
2016-10-21 00:00:00+05:30,38.14001544928724,2314.95,2213.75,38.086673736572266,1376164,0.0,0.0,ADANIENT.NS,Adani Enterprises Limited,Thermal Coal,Energy,Mr. Gautambhai Shantilal Adani S.Y. B.Com,"Ahmedabad, India",https://www.adanienterprises.com,2311.75,2238.85,2668245024768,77.16122,29.96,0.00059999997,3743.9,2025.0
2016-10-24 00:00:00+05:30,38.35338603451514,2314.95,2213.75,38.086673736572266,1376164,0.0,0.0,ADANIENT.NS,Adani Enterprises Limited,Thermal Coal,Energy,Mr. Gautambhai Shantilal Adani S.Y. B.Com,"Ahmedabad, India",https://www.adanienterprises.com,2311.75,2238.85,2668245024768,77.16122,29.96,0.00059999997,3743.9,2025.0
2016-10-25 00:00:00+05:30,37.33987464680601,2314.95,2213.75,36.00630569458008,1376164,0.0,0.0,ADANIENT.NS,Adani Enterprises Limited,Thermal Coal,Energy,Mr. Gautambhai Shantilal Adani S.Y. B.Com,"Ahmedabad, India",https://www.adanienterprises.com,2311.75,2238.85,2668245024768,77.16122,29.96,0.00059999997,3743.9,2025.0
2016-10-26 00:00:00+05:30,36.00630347450646,2314.95,2213.75,35.899620056152344,1376164,0.0,0.0,ADANIENT.NS,Adani Enterprises Limited,Thermal Coal,Energy,Mr. Gautambhai Shantilal Adani S.Y. B.Com,"Ahmedabad, India",https://www.adanienterprises.com,2311.75,2238.85,2668245024768,77.16122,29.96,0.00059999997,3743.9,2025.0
2016-10-27 00:00:00+05:30,35.979633428827526,2314.95,2213.75,35.712921142578125,1376164,0.0,0.0,ADANIENT.NS,Adani Enterprises Limited,Thermal Coal,Energy,Mr. Gautambhai Shantilal Adani S.Y. B.Com,"Ahmedabad, India",https://www.adanienterprises.com,2311.75,2238.85,2668245024768,77.16122,29.96,0.00059999997,3743.9,2025.0
2016-10-28 00:00:00+05:30,35.819614441875075,2314.95,2213.75,35.686256408691406,1376164,0.0,0.0,ADANIENT.NS,Adani Enterprises Limited,Thermal Coal,Energy,Mr. Gautambhai Shantilal Adani S.Y. B.Com,"Ahmedabad, India",https://www.adanienterprises.com,2311.75,2238.85,2668245024768,77.16122,29.96,0.00059999997,3743.9,2025.0
2016-11-01 00:00:00+05:30,35.89962247344413,2314.95,2213.75,35.606239318847656,1376164,0.0,0.0,ADANIENT.NS,Adani Enterprises Limited,Thermal Coal,Energy,Mr. Gautambhai Shantilal Adani S.Y. B.Com,"Ahmedabad, India",https://www.adanienterprises.com,2311.75,2238.85,2668245024768,77.16122,29.96,0.00059999997,3743.9,2025.0
2016-11-02 00:00:00+05:30,35.3128527134001,2314.95,2213.75,34.53938293457031,1376164,0.0,0.0,ADANIENT.NS,Adani Enterprises Limited,Thermal Coal,Energy,Mr. Gautambhai Shantilal Adani S.Y. B.Com,"Ahmedabad, India",https://www.adanienterprises.com,2311.75,2238.85,2668245024768,77.16122,29.96,0.00059999997,3743.9,2025.0
2016-11-03 00:00:00+05:30,34.45937046090447,2314.95,2213.75,34.406028747558594,1376164,0.0,0.0,ADANIENT.NS,Adani Enterprises Limited,Thermal Coal,Energy,Mr. Gautambhai Shantilal Adani S.Y. B.Com,"Ahmedabad, India",https://www.adanienterprises.com,2311.75,2238.85,2668245024768,77.16122,29.96,0.00059999997,3743.9,2025.0
2016-11-04 00:00:00+05:30,34.51271330476804,2314.95,2213.75,33.285831451416016,1376164,0.0,0.0,ADANIENT.NS,Adani Enterprises Limited,Thermal Coal,Energy,Mr. Gautambhai Shantilal Adani S.Y. B.Com,"Ahmedabad, India",https://www.adanienterprises.com,2311.75,2238.85,2668245024768,77.16122,29.96,0.00059999997,3743.9,2025.0
2016-11-07 00:00:00+05:30,33.71257099104715,2314.95,2213.75,33.65922927856445,1376164,0.0,0.0,ADANIENT.NS,Adani Enterprises Limited,Thermal Coal,Energy,Mr. Gautambhai Shantilal Adani S.Y. B.Com,"Ahmedabad, India",https://www.adanienterprises.com,2311.75,2238.85,2668245024768,77.16122,29.96,0.00059999997,3743.9,2025.0
2016-11-08 00:00:00+05:30,33.87259813350876,2314.95,2213.75,34.56605529785156,1376164,0.0,0.0,ADANIENT.NS,Adani Enterprises Limited,Thermal Coal,Energy,Mr. Gautambhai Shantilal Adani S.Y. B.Com,"Ahmedabad, India",https://www.adanienterprises.com,2311.75,2238.85,2668245024768,77.16122,29.96,0.00059999997,3743.9,2025.0
2016-11-09 00:00:00+05:30,31.898920884507735,2314.95,2213.75,33.01911544799805,1376164,0.0,0.0,ADANIENT.NS,Adani Enterprises Limited,Thermal Coal,Energy,Mr. Gautambhai Shantilal Adani S.Y. B.Com,"Ahmedabad, India",https://www.adanienterprises.com,2311.75,2238.85,2668245024768,77.16122,29.96,0.00059999997,3743.9,2025.0
2016-11-10 00:00:00+05:30,33.659226780480765,2314.95,2213.75,34.75275421142578,1376164,0.0,0.0,ADANIENT.NS,Adani Enterprises Limited,Thermal Coal,Energy,Mr. Gautambhai Shantilal Adani S.Y. B.Com,"Ahmedabad, India",https://www.adanienterprises.com,2311.75,2238.85,2668245024768,77.16122,29.96,0.00059999997,3743.9,2025.0
2016-11-11 00:00:00+05:30,34.13931505405921,2314.95,2213.75,34.11264419555664,1376164,0.0,0.0,ADANIENT.NS,Adani Enterprises Limited,Thermal Coal,Energy,Mr. Gautambhai Shantilal Adani S.Y. B.Com,"Ahmedabad, India",https://www.adanienterprises.com,2311.75,2238.85,2668245024768,77.16122,29.96,0.00059999997,3743.9,2025.0
2016-11-15 00:00:00+05:30,34.29934127055833,2314.95,2213.75,32.99244689941406,1376164,0.0,0.0,ADANIENT.NS,Adani Enterprises Limited,Thermal Coal,Energy,Mr. Gautambhai Shantilal Adani S.Y. B.Com,"Ahmedabad, India",https://www.adanienterprises.com,2311.75,2238.85,2668245024768,77.16122,29.96,0.00059999997,3743.9,2025.0
2016-11-16 00:00:00+05:30,33.419194976548894,2314.95,2213.75,33.04579544067383,1376164,0.0,0.0,ADANIENT.NS,Adani Enterprises Limited,Thermal Coal,Energy,Mr. Gautambhai Shantilal Adani S.Y. B.Com,"Ahmedabad, India",https://www.adanienterprises.com,2311.75,2238.85,2668245024768,77.16122,29.96,0.00059999997,3743.9,2025.0
2016-11-17 00:00:00+05:30,33.17914946872634,2314.95,2213.75,33.579219818115234,1376164,0.0,0.0,ADANIENT.NS,Adani Enterprises Limited,Thermal Coal,Energy,Mr. Gautambhai Shantilal Adani S.Y. B.Com,"Ahmedabad, India",https://www.adanienterprises.com,2311.75,2238.85,2668245024768,77.16122,29.96,0.00059999997,3743.9,2025.0
2016-11-18 00:00:00+05:30,33.552545707313286,2314.95,2213.75,34.32601547241211,1376164,0.0,0.0,ADANIENT.NS,Adani Enterprises Limited,Thermal Coal,Energy,Mr. Gautambhai Shantilal Adani S.Y. B.Com,"Ahmedabad, India",https://www.adanienterprises.com,2311.75,2238.85,2668245024768,77.16122,29.96,0.00059999997,3743.9,2025.0
2016-11-21 00:00:00+05:30,34.8594346922348,2314.95,2213.75,33.49919509887695,1376164,0.0,0.0,ADANIENT.NS,Adani Enterprises Limited,Thermal Coal,Energy,Mr. Gautambhai Shantilal Adani S.Y. B.Com,"Ahmedabad, India",https://www.adanienterprises.com,2311.75,2238.85,2668245024768,77.16122,29.96,0.00059999997,3743.9,2025.0
2016-11-22 00:00:00+05:30,33.68590257369615,2314.95,2213.75,33.365848541259766,1376164,0.0,0.0,ADANIENT.NS,Adani Enterprises Limited,Thermal Coal,Energy,Mr. Gautambhai Shantilal Adani S.Y. B.Com,"Ahmedabad, India",https://www.adanienterprises.com,2311.75,2238.85,2668245024768,77.16122,29.96,0.00059999997,3743.9,2025.0
2016-11-23 00:00:00+05:30,33.63255461189071,2314.95,2213.75,33.79258346557617,1376164,0.0,0.0,ADANIENT.NS,Adani Enterprises Limited,Thermal Coal,Energy,Mr. Gautambhai Shantilal Adani S.Y. B.Com,"Ahmedabad, India",https://www.adanienterprises.com,2311.75,2238.85,2668245024768,77.16122,29.96,0.00059999997,3743.9,2025.0
2016-11-24 00:00:00+05:30,33.55254763999284,2314.95,2213.75,32.88576126098633,1376164,0.0,0.0,ADANIENT.NS,Adani Enterprises Limited,Thermal Coal,Energy,Mr. Gautambhai Shantilal Adani S.Y. B.Com,"Ahmedabad, India",https://www.adanienterprises.com,2311.75,2238.85,2668245024768,77.16122,29.96,0.00059999997,3743.9,2025.0
2016-11-25 00:00:00+05:30,33.259153638939864,2314.95,2213.75,33.89926528930664,1376164,0.0,0.0,ADANIENT.NS,Adani Enterprises Limited,Thermal Coal,Energy,Mr. Gautambhai Shantilal Adani S.Y. B.Com,"Ahmedabad, India",https://www.adanienterprises.com,2311.75,2238.85,2668245024768,77.16122,29.96,0.00059999997,3743.9,2025.0
2016-11-28 00:00:00+05:30,33.84592863941922,2314.95,2213.75,34.9927978515625,1376164,0.0,0.0,ADANIENT.NS,Adani Enterprises Limited,Thermal Coal,Energy,Mr. Gautambhai Shantilal Adani S.Y. B.Com,"Ahmedabad, India",https://www.adanienterprises.com,2311.75,2238.85,2668245024768,77.16122,29.96,0.00059999997,3743.9,2025.0
2016-11-29 00:00:00+05:30,35.04614242784058,2314.95,2213.75,35.44621276855469,1376164,0.0,0.0,ADANIENT.NS,Adani Enterprises Limited,Thermal Coal,Energy,Mr. Gautambhai Shantilal Adani S.Y. B.Com,"Ahmedabad, India",https://www.adanienterprises.com,2311.75,2238.85,2668245024768,77.16122,29.96,0.00059999997,3743.9,2025.0
2016-11-30 00:00:00+05:30,35.472878819079,2314.95,2213.75,36.29969024658203,1376164,0.0,0.0,ADANIENT.NS,Adani Enterprises Limited,Thermal Coal,Energy,Mr. Gautambhai Shantilal Adani S.Y. B.Com,"Ahmedabad, India",https://www.adanienterprises.com,2311.75,2238.85,2668245024768,77.16122,29.96,0.00059999997,3743.9,2025.0
2016-12-01 00:00:00+05:30,36.433047773121416,2314.95,2213.75,35.819610595703125,1376164,0.0,0.0,ADANIENT.NS,Adani Enterprises Limited,Thermal Coal,Energy,Mr. Gautambhai Shantilal Adani S.Y. B.Com,"Ahmedabad, India",https://www.adanienterprises.com,2311.75,2238.85,2668245024768,77.16122,29.96,0.00059999997,3743.9,2025.0
2016-12-02 00:00:00+05:30,35.63290768054972,2314.95,2213.75,36.29969024658203,1376164,0.0,0.0,ADANIENT.NS,Adani Enterprises Limited,Thermal Coal,Energy,Mr. Gautambhai Shantilal Adani S.Y. B.Com,"Ahmedabad, India",https://www.adanienterprises.com,2311.75,2238.85,2668245024768,77.16122,29.96,0.00059999997,3743.9,2025.0
2016-12-05 00:00:00+05:30,36.2730221505332,2314.95,2213.75,37.153175354003906,1376164,0.0,0.0,ADANIENT.NS,Adani Enterprises Limited,Thermal Coal,Energy,Mr. Gautambhai Shantilal Adani S.Y. B.Com,"Ahmedabad, India",https://www.adanienterprises.com,2311.75,2238.85,2668245024768,77.16122,29.96,0.00059999997,3743.9,2025.0
2016-12-06 00:00:00+05:30,37.87330413584158,2314.95,2213.75,37.23318862915039,1376164,0.0,0.0,ADANIENT.NS,Adani Enterprises Limited,Thermal Coal,Energy,Mr. Gautambhai Shantilal Adani S.Y. B.Com,"Ahmedabad, India",https://www.adanienterprises.com,2311.75,2238.85,2668245024768,77.16122,29.96,0.00059999997,3743.9,2025.0
2016-12-07 00:00:00+05:30,37.87330187102021,2314.95,2213.75,37.25986099243164,1376164,0.0,0.0,ADANIENT.NS,Adani Enterprises Limited,Thermal Coal,Energy,Mr. Gautambhai Shantilal Adani S.Y. B.Com,"Ahmedabad, India",https://www.adanienterprises.com,2311.75,2238.85,2668245024768,77.16122,29.96,0.00059999997,3743.9,2025.0
2016-12-08 00:00:00+05:30,37.65993046003437,2314.95,2213.75,37.71327590942383,1376164,0.0,0.0,ADANIENT.NS,Adani Enterprises Limited,Thermal Coal,Energy,Mr. Gautambhai Shantilal Adani S.Y. B.Com,"Ahmedabad, India",https://www.adanienterprises.com,2311.75,2238.85,2668245024768,77.16122,29.96,0.00059999997,3743.9,2025.0
2016-12-09 00:00:00+05:30,37.873303151344366,2314.95,2213.75,38.086673736572266,1376164,0.0,0.0,ADANIENT.NS,Adani Enterprises Limited,Thermal Coal,Energy,Mr. Gautambhai Shantilal Adani S.Y. B.Com,"Ahmedabad, India",https://www.adanienterprises.com,2311.75,2238.85,2668245024768,77.16122,29.96,0.00059999997,3743.9,2025.0
2016-12-12 00:00:00+05:30,37.926637254462506,2314.95,2213.75,37.95330810546875,1376164,0.0,0.0,ADANIENT.NS,Adani Enterprises Limited,Thermal Coal,Energy,Mr. Gautambhai Shantilal Adani S.Y. B.Com,"Ahmedabad, India",https://www.adanienterprises.com,2311.75,2238.85,2668245024768,77.16122,29.96,0.00059999997,3743.9,2025.0
2016-12-13 00:00:00+05:30,38.03333215476402,2314.95,2213.75,37.81996154785156,1376164,0.0,0.0,ADANIENT.NS,Adani Enterprises Limited,Thermal Coal,Energy,Mr. Gautambhai Shantilal Adani S.Y. B.Com,"Ahmedabad, India",https://www.adanienterprises.com,2311.75,2238.85,2668245024768,77.16122,29.96,0.00059999997,3743.9,2025.0
2016-12-14 00:00:00+05:30,37.8199555072596,2314.95,2213.75,37.84663009643555,1376164,0.0,0.0,ADANIENT.NS,Adani Enterprises Limited,Thermal Coal,Energy,Mr. Gautambhai Shantilal Adani S.Y. B.Com,"Ahmedabad, India",https://www.adanienterprises.com,2311.75,2238.85,2668245024768,77.16122,29.96,0.00059999997,3743.9,2025.0
2016-12-15 00:00:00+05:30,37.55324508988884,2314.95,2213.75,38.886810302734375,1376164,0.0,0.0,ADANIENT.NS,Adani Enterprises Limited,Thermal Coal,Energy,Mr. Gautambhai Shantilal Adani S.Y. B.Com,"Ahmedabad, India",https://www.adanienterprises.com,2311.75,2238.85,2668245024768,77.16122,29.96,0.00059999997,3743.9,2025.0
2016-12-16 00:00:00+05:30,39.153527011513575,2314.95,2213.75,39.23353958129883,1376164,0.0,0.0,ADANIENT.NS,Adani Enterprises Limited,Thermal Coal,Energy,Mr. Gautambhai Shantilal Adani S.Y. B.Com,"Ahmedabad, India",https://www.adanienterprises.com,2311.75,2238.85,2668245024768,77.16122,29.96,0.00059999997,3743.9,2025.0
2016-12-19 00:00:00+05:30,38.99349363622985,2314.95,2213.75,39.020164489746094,1376164,0.0,0.0,ADANIENT.NS,Adani Enterprises Limited,Thermal Coal,Energy,Mr. Gautambhai Shantilal Adani S.Y. B.Com,"Ahmedabad, India",https://www.adanienterprises.com,2311.75,2238.85,2668245024768,77.16122,29.96,0.00059999997,3743.9,2025.0
2016-12-20 00:00:00+05:30,38.9401512890722,2314.95,2213.75,38.54008102416992,1376164,0.0,0.0,ADANIENT.NS,Adani Enterprises Limited,Thermal Coal,Energy,Mr. Gautambhai Shantilal Adani S.Y. B.Com,"Ahmedabad, India",https://www.adanienterprises.com,2311.75,2238.85,2668245024768,77.16122,29.96,0.00059999997,3743.9,2025.0
2016-12-21 00:00:00+05:30,38.673445608233834,2314.95,2213.75,39.26021194458008,1376164,0.0,0.0,ADANIENT.NS,Adani Enterprises Limited,Thermal Coal,Energy,Mr. Gautambhai Shantilal Adani S.Y. B.Com,"Ahmedabad, India",https://www.adanienterprises.com,2311.75,2238.85,2668245024768,77.16122,29.96,0.00059999997,3743.9,2025.0
2016-12-22 00:00:00+05:30,39.10018647577901,2314.95,2213.75,38.2467041015625,1376164,0.0,0.0,ADANIENT.NS,Adani Enterprises Limited,Thermal Coal,Energy,Mr. Gautambhai Shantilal Adani S.Y. B.Com,"Ahmedabad, India",https://www.adanienterprises.com,2311.75,2238.85,2668245024768,77.16122,29.96,0.00059999997,3743.9,2025.0
2016-12-23 00:00:00+05:30,38.22002642443284,2314.95,2213.75,38.05999755859375,1376164,0.0,0.0,ADANIENT.NS,Adani Enterprises Limited,Thermal Coal,Energy,Mr. Gautambhai Shantilal Adani S.Y. B.Com,"Ahmedabad, India",https://www.adanienterprises.com,2311.75,2238.85,2668245024768,77.16122,29.96,0.00059999997,3743.9,2025.0
2016-12-26 00:00:00+05:30,37.713272203487335,2314.95,2213.75,37.17984390258789,1376164,0.0,0.0,ADANIENT.NS,Adani Enterprises Limited,Thermal Coal,Energy,Mr. Gautambhai Shantilal Adani S.Y. B.Com,"Ahmedabad, India",https://www.adanienterprises.com,2311.75,2238.85,2668245024768,77.16122,29.96,0.00059999997,3743.9,2025.0
2016-12-27 00:00:00+05:30,37.286536897754615,2314.95,2213.75,37.81996154785156,1376164,0.0,0.0,ADANIENT.NS,Adani Enterprises Limited,Thermal Coal,Energy,Mr. Gautambhai Shantilal Adani S.Y. B.Com,"Ahmedabad, India",https://www.adanienterprises.com,2311.75,2238.85,2668245024768,77.16122,29.96,0.00059999997,3743.9,2025.0
2016-12-28 00:00:00+05:30,38.033325283454566,2314.95,2213.75,37.7666130065918,1376164,0.0,0.0,ADANIENT.NS,Adani Enterprises Limited,Thermal Coal,Energy,Mr. Gautambhai Shantilal Adani S.Y. B.Com,"Ahmedabad, India",https://www.adanienterprises.com,2311.75,2238.85,2668245024768,77.16122,29.96,0.00059999997,3743.9,2025.0
2016-12-29 00:00:00+05:30,37.606583880221635,2314.95,2213.75,38.96682357788086,1376164,0.0,0.0,ADANIENT.NS,Adani Enterprises Limited,Thermal Coal,Energy,Mr. Gautambhai Shantilal Adani S.Y. B.Com,"Ahmedabad, India",https://www.adanienterprises.com,2311.75,2238.85,2668245024768,77.16122,29.96,0.00059999997,3743.9,2025.0
2016-12-30 00:00:00+05:30,39.12685201202991,2314.95,2213.75,40.83381652832031,1376164,0.0,0.0,ADANIENT.NS,Adani Enterprises Limited,Thermal Coal,Energy,Mr. Gautambhai Shantilal Adani S.Y. B.Com,"Ahmedabad, India",https://www.adanienterprises.com,2311.75,2238.85,2668245024768,77.16122,29.96,0.00059999997,3743.9,2025.0
2017-01-02 00:00:00+05:30,41.50059979588782,2314.95,2213.75,41.04718780517578,1376164,0.0,0.0,ADANIENT.NS,Adani Enterprises Limited,Thermal Coal,Energy,Mr. Gautambhai Shantilal Adani S.Y. B.Com,"Ahmedabad, India",https://www.adanienterprises.com,2311.75,2238.85,2668245024768,77.16122,29.96,0.00059999997,3743.9,2025.0
2017-01-03 00:00:00+05:30,41.12719965416986,2314.95,2213.75,40.83381652832031,1376164,0.0,0.0,ADANIENT.NS,Adani Enterprises Limited,Thermal Coal,Energy,Mr. Gautambhai Shantilal Adani S.Y. B.Com,"Ahmedabad, India",https://www.adanienterprises.com,2311.75,2238.85,2668245024768,77.16122,29.96,0.00059999997,3743.9,2025.0
2017-01-04 00:00:00+05:30,41.073857780127966,2314.95,2213.75,41.5005989074707,1376164,0.0,0.0,ADANIENT.NS,Adani Enterprises Limited,Thermal Coal,Energy,Mr. Gautambhai Shantilal Adani S.Y. B.Com,"Ahmedabad, India",https://www.adanienterprises.com,2311.75,2238.85,2668245024768,77.16122,29.96,0.00059999997,3743.9,2025.0
2017-01-05 00:00:00+05:30,41.87400502080175,2314.95,2213.75,42.220733642578125,1376164,0.0,0.0,ADANIENT.NS,Adani Enterprises Limited,Thermal Coal,Energy,Mr. Gautambhai Shantilal Adani S.Y. B.Com,"Ahmedabad, India",https://www.adanienterprises.com,2311.75,2238.85,2668245024768,77.16122,29.96,0.00059999997,3743.9,2025.0
2017-01-06 00:00:00+05:30,42.24739686264866,2314.95,2213.75,41.954010009765625,1376164,0.0,0.0,ADANIENT.NS,Adani Enterprises Limited,Thermal Coal,Energy,Mr. Gautambhai Shantilal Adani S.Y. B.Com,"Ahmedabad, India",https://www.adanienterprises.com,2311.75,2238.85,2668245024768,77.16122,29.96,0.00059999997,3743.9,2025.0
2017-01-09 00:00:00+05:30,41.900671396365524,2314.95,2213.75,42.00735855102539,1376164,0.0,0.0,ADANIENT.NS,Adani Enterprises Limited,Thermal Coal,Energy,Mr. Gautambhai Shantilal Adani S.Y. B.Com,"Ahmedabad, India",https://www.adanienterprises.com,2311.75,2238.85,2668245024768,77.16122,29.96,0.00059999997,3743.9,2025.0
2017-01-10 00:00:00+05:30,41.90067337221873,2314.95,2213.75,42.780826568603516,1376164,0.0,0.0,ADANIENT.NS,Adani Enterprises Limited,Thermal Coal,Energy,Mr. Gautambhai Shantilal Adani S.Y. B.Com,"Ahmedabad, India",https://www.adanienterprises.com,2311.75,2238.85,2668245024768,77.16122,29.96,0.00059999997,3743.9,2025.0
2017-01-11 00:00:00+05:30,42.967530772844256,2314.95,2213.75,43.127559661865234,1376164,0.0,0.0,ADANIENT.NS,Adani Enterprises Limited,Thermal Coal,Energy,Mr. Gautambhai Shantilal Adani S.Y. B.Com,"Ahmedabad, India",https://www.adanienterprises.com,2311.75,2238.85,2668245024768,77.16122,29.96,0.00059999997,3743.9,2025.0
2017-01-12 00:00:00+05:30,42.9942032086887,2314.95,2213.75,42.75415802001953,1376164,0.0,0.0,ADANIENT.NS,Adani Enterprises Limited,Thermal Coal,Energy,Mr. Gautambhai Shantilal Adani S.Y. B.Com,"Ahmedabad, India",https://www.adanienterprises.com,2311.75,2238.85,2668245024768,77.16122,29.96,0.00059999997,3743.9,2025.0
2017-01-13 00:00:00+05:30,42.70080810419011,2314.95,2213.75,41.87399673461914,1376164,0.0,0.0,ADANIENT.NS,Adani Enterprises Limited,Thermal Coal,Energy,Mr. Gautambhai Shantilal Adani S.Y. B.Com,"Ahmedabad, India",https://www.adanienterprises.com,2311.75,2238.85,2668245024768,77.16122,29.96,0.00059999997,3743.9,2025.0
2017-01-16 00:00:00+05:30,41.82065637574931,2314.95,2213.75,42.56745147705078,1376164,0.0,0.0,ADANIENT.NS,Adani Enterprises Limited,Thermal Coal,Energy,Mr. Gautambhai Shantilal Adani S.Y. B.Com,"Ahmedabad, India",https://www.adanienterprises.com,2311.75,2238.85,2668245024768,77.16122,29.96,0.00059999997,3743.9,2025.0
2017-01-17 00:00:00+05:30,42.62080166563456,2314.95,2213.75,42.114044189453125,1376164,0.0,0.0,ADANIENT.NS,Adani Enterprises Limited,Thermal Coal,Energy,Mr. Gautambhai Shantilal Adani S.Y. B.Com,"Ahmedabad, India",https://www.adanienterprises.com,2311.75,2238.85,2668245024768,77.16122,29.96,0.00059999997,3743.9,2025.0
2017-01-18 00:00:00+05:30,42.194056668344786,2314.95,2213.75,42.247398376464844,1376164,0.0,0.0,ADANIENT.NS,Adani Enterprises Limited,Thermal Coal,Energy,Mr. Gautambhai Shantilal Adani S.Y. B.Com,"Ahmedabad, India",https://www.adanienterprises.com,2311.75,2238.85,2668245024768,77.16122,29.96,0.00059999997,3743.9,2025.0
2017-01-19 00:00:00+05:30,42.407420319331955,2314.95,2213.75,42.99419021606445,1376164,0.0,0.0,ADANIENT.NS,Adani Enterprises Limited,Thermal Coal,Energy,Mr. Gautambhai Shantilal Adani S.Y. B.Com,"Ahmedabad, India",https://www.adanienterprises.com,2311.75,2238.85,2668245024768,77.16122,29.96,0.00059999997,3743.9,2025.0
2017-01-20 00:00:00+05:30,43.180894971887696,2314.95,2213.75,41.340572357177734,1376164,0.0,0.0,ADANIENT.NS,Adani Enterprises Limited,Thermal Coal,Energy,Mr. Gautambhai Shantilal Adani S.Y. B.Com,"Ahmedabad, India",https://www.adanienterprises.com,2311.75,2238.85,2668245024768,77.16122,29.96,0.00059999997,3743.9,2025.0
2017-01-23 00:00:00+05:30,41.28722904968744,2314.95,2213.75,41.71397018432617,1376164,0.0,0.0,ADANIENT.NS,Adani Enterprises Limited,Thermal Coal,Energy,Mr. Gautambhai Shantilal Adani S.Y. B.Com,"Ahmedabad, India",https://www.adanienterprises.com,2311.75,2238.85,2668245024768,77.16122,29.96,0.00059999997,3743.9,2025.0
2017-01-24 00:00:00+05:30,41.76731771626372,2314.95,2213.75,42.48744201660156,1376164,0.0,0.0,ADANIENT.NS,Adani Enterprises Limited,Thermal Coal,Energy,Mr. Gautambhai Shantilal Adani S.Y. B.Com,"Ahmedabad, India",https://www.adanienterprises.com,2311.75,2238.85,2668245024768,77.16122,29.96,0.00059999997,3743.9,2025.0
2017-01-25 00:00:00+05:30,42.59412836533321,2314.95,2213.75,42.67414093017578,1376164,0.0,0.0,ADANIENT.NS,Adani Enterprises Limited,Thermal Coal,Energy,Mr. Gautambhai Shantilal Adani S.Y. B.Com,"Ahmedabad, India",https://www.adanienterprises.com,2311.75,2238.85,2668245024768,77.16122,29.96,0.00059999997,3743.9,2025.0
2017-01-27 00:00:00+05:30,42.72748037912077,2314.95,2213.75,49.39531326293945,1376164,0.0,0.0,ADANIENT.NS,Adani Enterprises Limited,Thermal Coal,Energy,Mr. Gautambhai Shantilal Adani S.Y. B.Com,"Ahmedabad, India",https://www.adanienterprises.com,2311.75,2238.85,2668245024768,77.16122,29.96,0.00059999997,3743.9,2025.0
2017-01-30 00:00:00+05:30,49.02191765934106,2314.95,2213.75,49.261959075927734,1376164,0.0,0.0,ADANIENT.NS,Adani Enterprises Limited,Thermal Coal,Energy,Mr. Gautambhai Shantilal Adani S.Y. B.Com,"Ahmedabad, India",https://www.adanienterprises.com,2311.75,2238.85,2668245024768,77.16122,29.96,0.00059999997,3743.9,2025.0
2017-01-31 00:00:00+05:30,49.07526559318194,2314.95,2213.75,46.48814392089844,1376164,0.0,0.0,ADANIENT.NS,Adani Enterprises Limited,Thermal Coal,Energy,Mr. Gautambhai Shantilal Adani S.Y. B.Com,"Ahmedabad, India",https://www.adanienterprises.com,2311.75,2238.85,2668245024768,77.16122,29.96,0.00059999997,3743.9,2025.0
2017-02-01 00:00:00+05:30,46.941553895296,2314.95,2213.75,48.46181869506836,1376164,0.0,0.0,ADANIENT.NS,Adani Enterprises Limited,Thermal Coal,Energy,Mr. Gautambhai Shantilal Adani S.Y. B.Com,"Ahmedabad, India",https://www.adanienterprises.com,2311.75,2238.85,2668245024768,77.16122,29.96,0.00059999997,3743.9,2025.0
2017-02-02 00:00:00+05:30,48.221776191419444,2314.95,2213.75,50.115440368652344,1376164,0.0,0.0,ADANIENT.NS,Adani Enterprises Limited,Thermal Coal,Energy,Mr. Gautambhai Shantilal Adani S.Y. B.Com,"Ahmedabad, India",https://www.adanienterprises.com,2311.75,2238.85,2668245024768,77.16122,29.96,0.00059999997,3743.9,2025.0
2017-02-03 00:00:00+05:30,50.38215565492762,2314.95,2213.75,50.43550109863281,1376164,0.0,0.0,ADANIENT.NS,Adani Enterprises Limited,Thermal Coal,Energy,Mr. Gautambhai Shantilal Adani S.Y. B.Com,"Ahmedabad, India",https://www.adanienterprises.com,2311.75,2238.85,2668245024768,77.16122,29.96,0.00059999997,3743.9,2025.0
2017-02-06 00:00:00+05:30,50.72888828931125,2314.95,2213.75,51.849082946777344,1376164,0.0,0.0,ADANIENT.NS,Adani Enterprises Limited,Thermal Coal,Energy,Mr. Gautambhai Shantilal Adani S.Y. B.Com,"Ahmedabad, India",https://www.adanienterprises.com,2311.75,2238.85,2668245024768,77.16122,29.96,0.00059999997,3743.9,2025.0
2017-02-07 00:00:00+05:30,52.22247610563254,2314.95,2213.75,48.995243072509766,1376164,0.0,0.0,ADANIENT.NS,Adani Enterprises Limited,Thermal Coal,Energy,Mr. Gautambhai Shantilal Adani S.Y. B.Com,"Ahmedabad, India",https://www.adanienterprises.com,2311.75,2238.85,2668245024768,77.16122,29.96,0.00059999997,3743.9,2025.0
2017-02-08 00:00:00+05:30,49.31530461284173,2314.95,2213.75,49.128604888916016,1376164,0.0,0.0,ADANIENT.NS,Adani Enterprises Limited,Thermal Coal,Energy,Mr. Gautambhai Shantilal Adani S.Y. B.Com,"Ahmedabad, India",https://www.adanienterprises.com,2311.75,2238.85,2668245024768,77.16122,29.96,0.00059999997,3743.9,2025.0
2017-02-09 00:00:00+05:30,49.34197296638727,2314.95,2213.75,49.955413818359375,1376164,0.0,0.0,ADANIENT.NS,Adani Enterprises Limited,Thermal Coal,Energy,Mr. Gautambhai Shantilal Adani S.Y. B.Com,"Ahmedabad, India",https://www.adanienterprises.com,2311.75,2238.85,2668245024768,77.16122,29.96,0.00059999997,3743.9,2025.0
2017-02-10 00:00:00+05:30,50.14211209908014,2314.95,2213.75,49.52867126464844,1376164,0.0,0.0,ADANIENT.NS,Adani Enterprises Limited,Thermal Coal,Energy,Mr. Gautambhai Shantilal Adani S.Y. B.Com,"Ahmedabad, India",https://www.adanienterprises.com,2311.75,2238.85,2668245024768,77.16122,29.96,0.00059999997,3743.9,2025.0
2017-02-13 00:00:00+05:30,49.90207003726723,2314.95,2213.75,48.91522979736328,1376164,0.0,0.0,ADANIENT.NS,Adani Enterprises Limited,Thermal Coal,Energy,Mr. Gautambhai Shantilal Adani S.Y. B.Com,"Ahmedabad, India",https://www.adanienterprises.com,2311.75,2238.85,2668245024768,77.16122,29.96,0.00059999997,3743.9,2025.0
2017-02-14 00:00:00+05:30,49.02191863080002,2314.95,2213.75,48.408477783203125,1376164,0.0,0.0,ADANIENT.NS,Adani Enterprises Limited,Thermal Coal,Energy,Mr. Gautambhai Shantilal Adani S.Y. B.Com,"Ahmedabad, India",https://www.adanienterprises.com,2311.75,2238.85,2668245024768,77.16122,29.96,0.00059999997,3743.9,2025.0
2017-02-15 00:00:00+05:30,48.80854788516302,2314.95,2213.75,49.2086181640625,1376164,0.0,0.0,ADANIENT.NS,Adani Enterprises Limited,Thermal Coal,Energy,Mr. Gautambhai Shantilal Adani S.Y. B.Com,"Ahmedabad, India",https://www.adanienterprises.com,2311.75,2238.85,2668245024768,77.16122,29.96,0.00059999997,3743.9,2025.0
2017-02-16 00:00:00+05:30,49.448660809952216,2314.95,2213.75,50.30214309692383,1376164,0.0,0.0,ADANIENT.NS,Adani Enterprises Limited,Thermal Coal,Energy,Mr. Gautambhai Shantilal Adani S.Y. B.Com,"Ahmedabad, India",https://www.adanienterprises.com,2311.75,2238.85,2668245024768,77.16122,29.96,0.00059999997,3743.9,2025.0
2017-02-17 00:00:00+05:30,50.62219718080346,2314.95,2213.75,50.035430908203125,1376164,0.0,0.0,ADANIENT.NS,Adani Enterprises Limited,Thermal Coal,Energy,Mr. Gautambhai Shantilal Adani S.Y. B.Com,"Ahmedabad, India",https://www.adanienterprises.com,2311.75,2238.85,2668245024768,77.16122,29.96,0.00059999997,3743.9,2025.0
2017-02-20 00:00:00+05:30,50.142116766620035,2314.95,2213.75,51.95576858520508,1376164,0.0,0.0,ADANIENT.NS,Adani Enterprises Limited,Thermal Coal,Energy,Mr. Gautambhai Shantilal Adani S.Y. B.Com,"Ahmedabad, India",https://www.adanienterprises.com,2311.75,2238.85,2668245024768,77.16122,29.96,0.00059999997,3743.9,2025.0
2017-02-21 00:00:00+05:30,52.22247472935788,2314.95,2213.75,51.9824333190918,1376164,0.0,0.0,ADANIENT.NS,Adani Enterprises Limited,Thermal Coal,Energy,Mr. Gautambhai Shantilal Adani S.Y. B.Com,"Ahmedabad, India",https://www.adanienterprises.com,2311.75,2238.85,2668245024768,77.16122,29.96,0.00059999997,3743.9,2025.0
2017-02-22 00:00:00+05:30,52.06244937399846,2314.95,2213.75,50.43550109863281,1376164,0.0,0.0,ADANIENT.NS,Adani Enterprises Limited,Thermal Coal,Energy,Mr. Gautambhai Shantilal Adani S.Y. B.Com,"Ahmedabad, India",https://www.adanienterprises.com,2311.75,2238.85,2668245024768,77.16122,29.96,0.00059999997,3743.9,2025.0
2017-02-23 00:00:00+05:30,50.40883516882557,2314.95,2213.75,51.529029846191406,1376164,0.0,0.0,ADANIENT.NS,Adani Enterprises Limited,Thermal Coal,Energy,Mr. Gautambhai Shantilal Adani S.Y. B.Com,"Ahmedabad, India",https://www.adanienterprises.com,2311.75,2238.85,2668245024768,77.16122,29.96,0.00059999997,3743.9,2025.0
2017-02-27 00:00:00+05:30,51.635711876838705,2314.95,2213.75,51.23564529418945,1376164,0.0,0.0,ADANIENT.NS,Adani Enterprises Limited,Thermal Coal,Energy,Mr. Gautambhai Shantilal Adani S.Y. B.Com,"Ahmedabad, India",https://www.adanienterprises.com,2311.75,2238.85,2668245024768,77.16122,29.96,0.00059999997,3743.9,2025.0
2017-02-28 00:00:00+05:30,51.20896877133941,2314.95,2213.75,52.542537689208984,1376164,0.0,0.0,ADANIENT.NS,Adani Enterprises Limited,Thermal Coal,Energy,Mr. Gautambhai Shantilal Adani S.Y. B.Com,"Ahmedabad, India",https://www.adanienterprises.com,2311.75,2238.85,2668245024768,77.16122,29.96,0.00059999997,3743.9,2025.0
2017-03-01 00:00:00+05:30,52.809250000024434,2314.95,2213.75,52.275821685791016,1376164,0.0,0.0,ADANIENT.NS,Adani Enterprises Limited,Thermal Coal,Energy,Mr. Gautambhai Shantilal Adani S.Y. B.Com,"Ahmedabad, India",https://www.adanienterprises.com,2311.75,2238.85,2668245024768,77.16122,29.96,0.00059999997,3743.9,2025.0
2017-03-02 00:00:00+05:30,52.46252135756981,2314.95,2213.75,49.92874526977539,1376164,0.0,0.0,ADANIENT.NS,Adani Enterprises Limited,Thermal Coal,Energy,Mr. Gautambhai Shantilal Adani S.Y. B.Com,"Ahmedabad, India",https://www.adanienterprises.com,2311.75,2238.85,2668245024768,77.16122,29.96,0.00059999997,3743.9,2025.0
2017-03-03 00:00:00+05:30,49.71537378498283,2314.95,2213.75,50.5155143737793,1376164,0.0,0.0,ADANIENT.NS,Adani Enterprises Limited,Thermal Coal,Energy,Mr. Gautambhai Shantilal Adani S.Y. B.Com,"Ahmedabad, India",https://www.adanienterprises.com,2311.75,2238.85,2668245024768,77.16122,29.96,0.00059999997,3743.9,2025.0
2017-03-06 00:00:00+05:30,50.70221628786753,2314.95,2213.75,50.888916015625,1376164,0.0,0.0,ADANIENT.NS,Adani Enterprises Limited,Thermal Coal,Energy,Mr. Gautambhai Shantilal Adani S.Y. B.Com,"Ahmedabad, India",https://www.adanienterprises.com,2311.75,2238.85,2668245024768,77.16122,29.96,0.00059999997,3743.9,2025.0
2017-03-07 00:00:00+05:30,51.02226464695089,2314.95,2213.75,52.195804595947266,1376164,0.0,0.0,ADANIENT.NS,Adani Enterprises Limited,Thermal Coal,Energy,Mr. Gautambhai Shantilal Adani S.Y. B.Com,"Ahmedabad, India",https://www.adanienterprises.com,2311.75,2238.85,2668245024768,77.16122,29.96,0.00059999997,3743.9,2025.0
2017-03-08 00:00:00+05:30,52.27582306973116,2314.95,2213.75,50.48884582519531,1376164,0.0,0.0,ADANIENT.NS,Adani Enterprises Limited,Thermal Coal,Energy,Mr. Gautambhai Shantilal Adani S.Y. B.Com,"Ahmedabad, India",https://www.adanienterprises.com,2311.75,2238.85,2668245024768,77.16122,29.96,0.00059999997,3743.9,2025.0
2017-03-09 00:00:00+05:30,50.32881557146587,2314.95,2213.75,49.92874526977539,1376164,0.0,0.0,ADANIENT.NS,Adani Enterprises Limited,Thermal Coal,Energy,Mr. Gautambhai Shantilal Adani S.Y. B.Com,"Ahmedabad, India",https://www.adanienterprises.com,2311.75,2238.85,2668245024768,77.16122,29.96,0.00059999997,3743.9,2025.0
2017-03-10 00:00:00+05:30,50.14211042787047,2314.95,2213.75,50.16878128051758,1376164,0.0,0.0,ADANIENT.NS,Adani Enterprises Limited,Thermal Coal,Energy,Mr. Gautambhai Shantilal Adani S.Y. B.Com,"Ahmedabad, India",https://www.adanienterprises.com,2311.75,2238.85,2668245024768,77.16122,29.96,0.00059999997,3743.9,2025.0
2017-03-14 00:00:00+05:30,51.76906956217211,2314.95,2213.75,52.03578186035156,1376164,0.0,0.0,ADANIENT.NS,Adani Enterprises Limited,Thermal Coal,Energy,Mr. Gautambhai Shantilal Adani S.Y. B.Com,"Ahmedabad, India",https://www.adanienterprises.com,2311.75,2238.85,2668245024768,77.16122,29.96,0.00059999997,3743.9,2025.0
2017-03-15 00:00:00+05:30,52.08912748191984,2314.95,2213.75,53.982791900634766,1376164,0.0,0.0,ADANIENT.NS,Adani Enterprises Limited,Thermal Coal,Energy,Mr. Gautambhai Shantilal Adani S.Y. B.Com,"Ahmedabad, India",https://www.adanienterprises.com,2311.75,2238.85,2668245024768,77.16122,29.96,0.00059999997,3743.9,2025.0
2017-03-16 00:00:00+05:30,54.649571964357776,2314.95,2213.75,54.809600830078125,1376164,0.0,0.0,ADANIENT.NS,Adani Enterprises Limited,Thermal Coal,Energy,Mr. Gautambhai Shantilal Adani S.Y. B.Com,"Ahmedabad, India",https://www.adanienterprises.com,2311.75,2238.85,2668245024768,77.16122,29.96,0.00059999997,3743.9,2025.0
2017-03-17 00:00:00+05:30,55.20966942662269,2314.95,2213.75,55.31635284423828,1376164,0.0,0.0,ADANIENT.NS,Adani Enterprises Limited,Thermal Coal,Energy,Mr. Gautambhai Shantilal Adani S.Y. B.Com,"Ahmedabad, India",https://www.adanienterprises.com,2311.75,2238.85,2668245024768,77.16122,29.96,0.00059999997,3743.9,2025.0
2017-03-20 00:00:00+05:30,55.26301425189576,2314.95,2213.75,55.10298538208008,1376164,0.0,0.0,ADANIENT.NS,Adani Enterprises Limited,Thermal Coal,Energy,Mr. Gautambhai Shantilal Adani S.Y. B.Com,"Ahmedabad, India",https://www.adanienterprises.com,2311.75,2238.85,2668245024768,77.16122,29.96,0.00059999997,3743.9,2025.0
2017-03-21 00:00:00+05:30,55.049645159665836,2314.95,2213.75,55.26301574707031,1376164,0.0,0.0,ADANIENT.NS,Adani Enterprises Limited,Thermal Coal,Energy,Mr. Gautambhai Shantilal Adani S.Y. B.Com,"Ahmedabad, India",https://www.adanienterprises.com,2311.75,2238.85,2668245024768,77.16122,29.96,0.00059999997,3743.9,2025.0
2017-03-22 00:00:00+05:30,54.622901225343234,2314.95,2213.75,54.27617263793945,1376164,0.0,0.0,ADANIENT.NS,Adani Enterprises Limited,Thermal Coal,Energy,Mr. Gautambhai Shantilal Adani S.Y. B.Com,"Ahmedabad, India",https://www.adanienterprises.com,2311.75,2238.85,2668245024768,77.16122,29.96,0.00059999997,3743.9,2025.0
2017-03-23 00:00:00+05:30,54.35618999751924,2314.95,2213.75,55.76976776123047,1376164,0.0,0.0,ADANIENT.NS,Adani Enterprises Limited,Thermal Coal,Energy,Mr. Gautambhai Shantilal Adani S.Y. B.Com,"Ahmedabad, India",https://www.adanienterprises.com,2311.75,2238.85,2668245024768,77.16122,29.96,0.00059999997,3743.9,2025.0
2017-03-24 00:00:00+05:30,56.11650222760414,2314.95,2213.75,56.40988540649414,1376164,0.0,0.0,ADANIENT.NS,Adani Enterprises Limited,Thermal Coal,Energy,Mr. Gautambhai Shantilal Adani S.Y. B.Com,"Ahmedabad, India",https://www.adanienterprises.com,2311.75,2238.85,2668245024768,77.16122,29.96,0.00059999997,3743.9,2025.0
2017-03-27 00:00:00+05:30,56.489897542119174,2314.95,2213.75,55.3963737487793,1376164,0.0,0.0,ADANIENT.NS,Adani Enterprises Limited,Thermal Coal,Energy,Mr. Gautambhai Shantilal Adani S.Y. B.Com,"Ahmedabad, India",https://www.adanienterprises.com,2311.75,2238.85,2668245024768,77.16122,29.96,0.00059999997,3743.9,2025.0
2017-03-28 00:00:00+05:30,56.009812932183934,2314.95,2213.75,55.76976776123047,1376164,0.0,0.0,ADANIENT.NS,Adani Enterprises Limited,Thermal Coal,Energy,Mr. Gautambhai Shantilal Adani S.Y. B.Com,"Ahmedabad, India",https://www.adanienterprises.com,2311.75,2238.85,2668245024768,77.16122,29.96,0.00059999997,3743.9,2025.0
2017-03-29 00:00:00+05:30,55.983139145581035,2314.95,2213.75,55.716426849365234,1376164,0.0,0.0,ADANIENT.NS,Adani Enterprises Limited,Thermal Coal,Energy,Mr. Gautambhai Shantilal Adani S.Y. B.Com,"Ahmedabad, India",https://www.adanienterprises.com,2311.75,2238.85,2668245024768,77.16122,29.96,0.00059999997,3743.9,2025.0
2017-03-30 00:00:00+05:30,55.82310552357035,2314.95,2213.75,56.436546325683594,1376164,0.0,0.0,ADANIENT.NS,Adani Enterprises Limited,Thermal Coal,Energy,Mr. Gautambhai Shantilal Adani S.Y. B.Com,"Ahmedabad, India",https://www.adanienterprises.com,2311.75,2238.85,2668245024768,77.16122,29.96,0.00059999997,3743.9,2025.0
2017-03-31 00:00:00+05:30,56.72993666551837,2314.95,2213.75,57.90347671508789,1376164,0.0,0.0,ADANIENT.NS,Adani Enterprises Limited,Thermal Coal,Energy,Mr. Gautambhai Shantilal Adani S.Y. B.Com,"Ahmedabad, India",https://www.adanienterprises.com,2311.75,2238.85,2668245024768,77.16122,29.96,0.00059999997,3743.9,2025.0
2017-04-03 00:00:00+05:30,58.06350504072559,2314.95,2213.75,59.637115478515625,1376164,0.0,0.0,ADANIENT.NS,Adani Enterprises Limited,Thermal Coal,Energy,Mr. Gautambhai Shantilal Adani S.Y. B.Com,"Ahmedabad, India",https://www.adanienterprises.com,2311.75,2238.85,2668245024768,77.16122,29.96,0.00059999997,3743.9,2025.0
2017-04-05 00:00:00+05:30,59.74379988110314,2314.95,2213.75,61.130706787109375,1376164,0.0,0.0,ADANIENT.NS,Adani Enterprises Limited,Thermal Coal,Energy,Mr. Gautambhai Shantilal Adani S.Y. B.Com,"Ahmedabad, India",https://www.adanienterprises.com,2311.75,2238.85,2668245024768,77.16122,29.96,0.00059999997,3743.9,2025.0
2017-04-06 00:00:00+05:30,60.9173330167939,2314.95,2213.75,61.744144439697266,1376164,0.0,0.0,ADANIENT.NS,Adani Enterprises Limited,Thermal Coal,Energy,Mr. Gautambhai Shantilal Adani S.Y. B.Com,"Ahmedabad, India",https://www.adanienterprises.com,2311.75,2238.85,2668245024768,77.16122,29.96,0.00059999997,3743.9,2025.0
2017-04-07 00:00:00+05:30,61.07736618759868,2314.95,2213.75,62.624305725097656,1376164,0.0,0.0,ADANIENT.NS,Adani Enterprises Limited,Thermal Coal,Energy,Mr. Gautambhai Shantilal Adani S.Y. B.Com,"Ahmedabad, India",https://www.adanienterprises.com,2311.75,2238.85,2668245024768,77.16122,29.96,0.00059999997,3743.9,2025.0
2017-04-10 00:00:00+05:30,62.91768311903874,2314.95,2213.75,64.0645523071289,1376164,0.0,0.0,ADANIENT.NS,Adani Enterprises Limited,Thermal Coal,Energy,Mr. Gautambhai Shantilal Adani S.Y. B.Com,"Ahmedabad, India",https://www.adanienterprises.com,2311.75,2238.85,2668245024768,77.16122,29.96,0.00059999997,3743.9,2025.0
2017-04-11 00:00:00+05:30,63.931211489785895,2314.95,2213.75,64.70468139648438,1376164,0.0,0.0,ADANIENT.NS,Adani Enterprises Limited,Thermal Coal,Energy,Mr. Gautambhai Shantilal Adani S.Y. B.Com,"Ahmedabad, India",https://www.adanienterprises.com,2311.75,2238.85,2668245024768,77.16122,29.96,0.00059999997,3743.9,2025.0
2017-04-12 00:00:00+05:30,63.21106306935305,2314.95,2213.75,60.997344970703125,1376164,0.0,0.0,ADANIENT.NS,Adani Enterprises Limited,Thermal Coal,Energy,Mr. Gautambhai Shantilal Adani S.Y. B.Com,"Ahmedabad, India",https://www.adanienterprises.com,2311.75,2238.85,2668245024768,77.16122,29.96,0.00059999997,3743.9,2025.0
2017-04-13 00:00:00+05:30,61.29072781538175,2314.95,2213.75,62.330909729003906,1376164,0.0,0.0,ADANIENT.NS,Adani Enterprises Limited,Thermal Coal,Energy,Mr. Gautambhai Shantilal Adani S.Y. B.Com,"Ahmedabad, India",https://www.adanienterprises.com,2311.75,2238.85,2668245024768,77.16122,29.96,0.00059999997,3743.9,2025.0
2017-04-17 00:00:00+05:30,61.37075075861724,2314.95,2213.75,65.7981948852539,1376164,0.0,0.0,ADANIENT.NS,Adani Enterprises Limited,Thermal Coal,Energy,Mr. Gautambhai Shantilal Adani S.Y. B.Com,"Ahmedabad, India",https://www.adanienterprises.com,2311.75,2238.85,2668245024768,77.16122,29.96,0.00059999997,3743.9,2025.0
2017-04-18 00:00:00+05:30,66.14491444064373,2314.95,2213.75,77.29353332519531,1376164,0.0,0.0,ADANIENT.NS,Adani Enterprises Limited,Thermal Coal,Energy,Mr. Gautambhai Shantilal Adani S.Y. B.Com,"Ahmedabad, India",https://www.adanienterprises.com,2311.75,2238.85,2668245024768,77.16122,29.96,0.00059999997,3743.9,2025.0
2017-04-19 00:00:00+05:30,76.2266917877339,2314.95,2213.75,77.4269027709961,1376164,0.0,0.0,ADANIENT.NS,Adani Enterprises Limited,Thermal Coal,Energy,Mr. Gautambhai Shantilal Adani S.Y. B.Com,"Ahmedabad, India",https://www.adanienterprises.com,2311.75,2238.85,2668245024768,77.16122,29.96,0.00059999997,3743.9,2025.0
2017-04-20 00:00:00+05:30,77.77363415104988,2314.95,2213.75,78.013671875,1376164,0.0,0.0,ADANIENT.NS,Adani Enterprises Limited,Thermal Coal,Energy,Mr. Gautambhai Shantilal Adani S.Y. B.Com,"Ahmedabad, India",https://www.adanienterprises.com,2311.75,2238.85,2668245024768,77.16122,29.96,0.00059999997,3743.9,2025.0
2017-04-21 00:00:00+05:30,78.14702457040205,2314.95,2213.75,77.8536376953125,1376164,0.0,0.0,ADANIENT.NS,Adani Enterprises Limited,Thermal Coal,Energy,Mr. Gautambhai Shantilal Adani S.Y. B.Com,"Ahmedabad, India",https://www.adanienterprises.com,2311.75,2238.85,2668245024768,77.16122,29.96,0.00059999997,3743.9,2025.0
2017-04-24 00:00:00+05:30,77.82696175732418,2314.95,2213.75,80.04067993164062,1376164,0.0,0.0,ADANIENT.NS,Adani Enterprises Limited,Thermal Coal,Energy,Mr. Gautambhai Shantilal Adani S.Y. B.Com,"Ahmedabad, India",https://www.adanienterprises.com,2311.75,2238.85,2668245024768,77.16122,29.96,0.00059999997,3743.9,2025.0
2017-04-25 00:00:00+05:30,80.3340790796116,2314.95,2213.75,79.98735046386719,1376164,0.0,0.0,ADANIENT.NS,Adani Enterprises Limited,Thermal Coal,Energy,Mr. Gautambhai Shantilal Adani S.Y. B.Com,"Ahmedabad, India",https://www.adanienterprises.com,2311.75,2238.85,2668245024768,77.16122,29.96,0.00059999997,3743.9,2025.0
2017-04-26 00:00:00+05:30,80.12069690042138,2314.95,2213.75,63.23773956298828,1376164,0.0,0.0,ADANIENT.NS,Adani Enterprises Limited,Thermal Coal,Energy,Mr. Gautambhai Shantilal Adani S.Y. B.Com,"Ahmedabad, India",https://www.adanienterprises.com,2311.75,2238.85,2668245024768,77.16122,29.96,0.00059999997,3743.9,2025.0
2017-04-27 00:00:00+05:30,64.91803724177079,2314.95,2213.75,60.89066696166992,1376164,0.0,0.0,ADANIENT.NS,Adani Enterprises Limited,Thermal Coal,Energy,Mr. Gautambhai Shantilal Adani S.Y. B.Com,"Ahmedabad, India",https://www.adanienterprises.com,2311.75,2238.85,2668245024768,77.16122,29.96,0.00059999997,3743.9,2025.0
2017-04-28 00:00:00+05:30,62.304242958419316,2314.95,2213.75,58.116844177246094,1376164,0.0,0.0,ADANIENT.NS,Adani Enterprises Limited,Thermal Coal,Energy,Mr. Gautambhai Shantilal Adani S.Y. B.Com,"Ahmedabad, India",https://www.adanienterprises.com,2311.75,2238.85,2668245024768,77.16122,29.96,0.00059999997,3743.9,2025.0
2017-05-02 00:00:00+05:30,58.59692805262381,2314.95,2213.75,60.14386749267578,1376164,0.0,0.0,ADANIENT.NS,Adani Enterprises Limited,Thermal Coal,Energy,Mr. Gautambhai Shantilal Adani S.Y. B.Com,"Ahmedabad, India",https://www.adanienterprises.com,2311.75,2238.85,2668245024768,77.16122,29.96,0.00059999997,3743.9,2025.0
2017-05-03 00:00:00+05:30,60.73063448655445,2314.95,2213.75,60.09052276611328,1376164,0.0,0.0,ADANIENT.NS,Adani Enterprises Limited,Thermal Coal,Energy,Mr. Gautambhai Shantilal Adani S.Y. B.Com,"Ahmedabad, India",https://www.adanienterprises.com,2311.75,2238.85,2668245024768,77.16122,29.96,0.00059999997,3743.9,2025.0
2017-05-04 00:00:00+05:30,60.250555328136464,2314.95,2213.75,60.490596771240234,1376164,0.0,0.0,ADANIENT.NS,Adani Enterprises Limited,Thermal Coal,Energy,Mr. Gautambhai Shantilal Adani S.Y. B.Com,"Ahmedabad, India",https://www.adanienterprises.com,2311.75,2238.85,2668245024768,77.16122,29.96,0.00059999997,3743.9,2025.0
2017-05-05 00:00:00+05:30,60.59728542186635,2314.95,2213.75,60.65062713623047,1376164,0.0,0.0,ADANIENT.NS,Adani Enterprises Limited,Thermal Coal,Energy,Mr. Gautambhai Shantilal Adani S.Y. B.Com,"Ahmedabad, India",https://www.adanienterprises.com,2311.75,2238.85,2668245024768,77.16122,29.96,0.00059999997,3743.9,2025.0
2017-05-08 00:00:00+05:30,60.863989193782515,2314.95,2213.75,61.10403060913086,1376164,0.0,0.0,ADANIENT.NS,Adani Enterprises Limited,Thermal Coal,Energy,Mr. Gautambhai Shantilal Adani S.Y. B.Com,"Ahmedabad, India",https://www.adanienterprises.com,2311.75,2238.85,2668245024768,77.16122,29.96,0.00059999997,3743.9,2025.0
2017-05-09 00:00:00+05:30,61.29073441007214,2314.95,2213.75,63.05104446411133,1376164,0.0,0.0,ADANIENT.NS,Adani Enterprises Limited,Thermal Coal,Energy,Mr. Gautambhai Shantilal Adani S.Y. B.Com,"Ahmedabad, India",https://www.adanienterprises.com,2311.75,2238.85,2668245024768,77.16122,29.96,0.00059999997,3743.9,2025.0
2017-05-10 00:00:00+05:30,63.717821914167104,2314.95,2213.75,65.50480651855469,1376164,0.0,0.0,ADANIENT.NS,Adani Enterprises Limited,Thermal Coal,Energy,Mr. Gautambhai Shantilal Adani S.Y. B.Com,"Ahmedabad, India",https://www.adanienterprises.com,2311.75,2238.85,2668245024768,77.16122,29.96,0.00059999997,3743.9,2025.0
2017-05-11 00:00:00+05:30,66.91837972375514,2314.95,2213.75,64.09121704101562,1376164,0.0,0.0,ADANIENT.NS,Adani Enterprises Limited,Thermal Coal,Energy,Mr. Gautambhai Shantilal Adani S.Y. B.Com,"Ahmedabad, India",https://www.adanienterprises.com,2311.75,2238.85,2668245024768,77.16122,29.96,0.00059999997,3743.9,2025.0
2017-05-12 00:00:00+05:30,64.33125904723788,2314.95,2213.75,64.8380126953125,1376164,0.0,0.0,ADANIENT.NS,Adani Enterprises Limited,Thermal Coal,Energy,Mr. Gautambhai Shantilal Adani S.Y. B.Com,"Ahmedabad, India",https://www.adanienterprises.com,2311.75,2238.85,2668245024768,77.16122,29.96,0.00059999997,3743.9,2025.0
2017-05-15 00:00:00+05:30,65.34477713908218,2314.95,2213.75,65.02472686767578,1376164,0.0,0.0,ADANIENT.NS,Adani Enterprises Limited,Thermal Coal,Energy,Mr. Gautambhai Shantilal Adani S.Y. B.Com,"Ahmedabad, India",https://www.adanienterprises.com,2311.75,2238.85,2668245024768,77.16122,29.96,0.00059999997,3743.9,2025.0
2017-05-16 00:00:00+05:30,65.05139452098231,2314.95,2213.75,65.50480651855469,1376164,0.0,0.0,ADANIENT.NS,Adani Enterprises Limited,Thermal Coal,Energy,Mr. Gautambhai Shantilal Adani S.Y. B.Com,"Ahmedabad, India",https://www.adanienterprises.com,2311.75,2238.85,2668245024768,77.16122,29.96,0.00059999997,3743.9,2025.0
2017-05-17 00:00:00+05:30,65.34478020358313,2314.95,2213.75,64.81135559082031,1376164,0.0,0.0,ADANIENT.NS,Adani Enterprises Limited,Thermal Coal,Energy,Mr. Gautambhai Shantilal Adani S.Y. B.Com,"Ahmedabad, India",https://www.adanienterprises.com,2311.75,2238.85,2668245024768,77.16122,29.96,0.00059999997,3743.9,2025.0
2017-05-18 00:00:00+05:30,63.957868956001384,2314.95,2213.75,64.19791412353516,1376164,0.0,0.0,ADANIENT.NS,Adani Enterprises Limited,Thermal Coal,Energy,Mr. Gautambhai Shantilal Adani S.Y. B.Com,"Ahmedabad, India",https://www.adanienterprises.com,2311.75,2238.85,2668245024768,77.16122,29.96,0.00059999997,3743.9,2025.0
2017-05-19 00:00:00+05:30,65.71817659112557,2314.95,2213.75,65.02472686767578,1376164,0.0,0.0,ADANIENT.NS,Adani Enterprises Limited,Thermal Coal,Energy,Mr. Gautambhai Shantilal Adani S.Y. B.Com,"Ahmedabad, India",https://www.adanienterprises.com,2311.75,2238.85,2668245024768,77.16122,29.96,0.00059999997,3743.9,2025.0
2017-05-22 00:00:00+05:30,65.37144649786524,2314.95,2213.75,64.73133850097656,1376164,0.0,0.0,ADANIENT.NS,Adani Enterprises Limited,Thermal Coal,Energy,Mr. Gautambhai Shantilal Adani S.Y. B.Com,"Ahmedabad, India",https://www.adanienterprises.com,2311.75,2238.85,2668245024768,77.16122,29.96,0.00059999997,3743.9,2025.0
2017-05-23 00:00:00+05:30,63.21106878877174,2314.95,2213.75,60.35723876953125,1376164,0.0,0.0,ADANIENT.NS,Adani Enterprises Limited,Thermal Coal,Energy,Mr. Gautambhai Shantilal Adani S.Y. B.Com,"Ahmedabad, India",https://www.adanienterprises.com,2311.75,2238.85,2668245024768,77.16122,29.96,0.00059999997,3743.9,2025.0
2017-05-24 00:00:00+05:30,60.863994702598816,2314.95,2213.75,60.59728240966797,1376164,0.0,0.0,ADANIENT.NS,Adani Enterprises Limited,Thermal Coal,Energy,Mr. Gautambhai Shantilal Adani S.Y. B.Com,"Ahmedabad, India",https://www.adanienterprises.com,2311.75,2238.85,2668245024768,77.16122,29.96,0.00059999997,3743.9,2025.0
2017-05-25 00:00:00+05:30,63.47777966882231,2314.95,2213.75,62.01085662841797,1376164,0.0,0.0,ADANIENT.NS,Adani Enterprises Limited,Thermal Coal,Energy,Mr. Gautambhai Shantilal Adani S.Y. B.Com,"Ahmedabad, India",https://www.adanienterprises.com,2311.75,2238.85,2668245024768,77.16122,29.96,0.00059999997,3743.9,2025.0
2017-05-26 00:00:00+05:30,62.41093305850961,2314.95,2213.75,61.850833892822266,1376164,0.0,0.0,ADANIENT.NS,Adani Enterprises Limited,Thermal Coal,Energy,Mr. Gautambhai Shantilal Adani S.Y. B.Com,"Ahmedabad, India",https://www.adanienterprises.com,2311.75,2238.85,2668245024768,77.16122,29.96,0.00059999997,3743.9,2025.0
2017-05-29 00:00:00+05:30,61.85083300229495,2314.95,2213.75,59.42374038696289,1376164,0.0,0.0,ADANIENT.NS,Adani Enterprises Limited,Thermal Coal,Energy,Mr. Gautambhai Shantilal Adani S.Y. B.Com,"Ahmedabad, India",https://www.adanienterprises.com,2311.75,2238.85,2668245024768,77.16122,29.96,0.00059999997,3743.9,2025.0
2017-05-30 00:00:00+05:30,59.743804413590425,2314.95,2213.75,62.89101791381836,1376164,0.0,0.0,ADANIENT.NS,Adani Enterprises Limited,Thermal Coal,Energy,Mr. Gautambhai Shantilal Adani S.Y. B.Com,"Ahmedabad, India",https://www.adanienterprises.com,2311.75,2238.85,2668245024768,77.16122,29.96,0.00059999997,3743.9,2025.0
2017-05-31 00:00:00+05:30,63.104381718079594,2314.95,2213.75,62.30424118041992,1376164,0.0,0.0,ADANIENT.NS,Adani Enterprises Limited,Thermal Coal,Energy,Mr. Gautambhai Shantilal Adani S.Y. B.Com,"Ahmedabad, India",https://www.adanienterprises.com,2311.75,2238.85,2668245024768,77.16122,29.96,0.00059999997,3743.9,2025.0
2017-06-01 00:00:00+05:30,62.517614055143724,2314.95,2213.75,62.27757263183594,1376164,0.0,0.0,ADANIENT.NS,Adani Enterprises Limited,Thermal Coal,Energy,Mr. Gautambhai Shantilal Adani S.Y. B.Com,"Ahmedabad, India",https://www.adanienterprises.com,2311.75,2238.85,2668245024768,77.16122,29.96,0.00059999997,3743.9,2025.0
2017-06-02 00:00:00+05:30,62.51761776713339,2314.95,2213.75,62.67764663696289,1376164,0.0,0.0,ADANIENT.NS,Adani Enterprises Limited,Thermal Coal,Energy,Mr. Gautambhai Shantilal Adani S.Y. B.Com,"Ahmedabad, India",https://www.adanienterprises.com,2311.75,2238.85,2668245024768,77.16122,29.96,0.00059999997,3743.9,2025.0
2017-06-05 00:00:00+05:30,62.67764663696289,2314.95,2213.75,62.67764663696289,1376164,0.0,0.0,ADANIENT.NS,Adani Enterprises Limited,Thermal Coal,Energy,Mr. Gautambhai Shantilal Adani S.Y. B.Com,"Ahmedabad, India",https://www.adanienterprises.com,2311.75,2238.85,2668245024768,77.16122,29.96,0.00059999997,3743.9,2025.0
2017-06-06 00:00:00+05:30,63.53112529451354,2314.95,2213.75,68.3052978515625,1376164,0.0,0.0,ADANIENT.NS,Adani Enterprises Limited,Thermal Coal,Energy,Mr. Gautambhai Shantilal Adani S.Y. B.Com,"Ahmedabad, India",https://www.adanienterprises.com,2311.75,2238.85,2668245024768,77.16122,29.96,0.00059999997,3743.9,2025.0
2017-06-07 00:00:00+05:30,69.74555353285156,2314.95,2213.75,70.0389404296875,1376164,0.0,0.0,ADANIENT.NS,Adani Enterprises Limited,Thermal Coal,Energy,Mr. Gautambhai Shantilal Adani S.Y. B.Com,"Ahmedabad, India",https://www.adanienterprises.com,2311.75,2238.85,2668245024768,77.16122,29.96,0.00059999997,3743.9,2025.0
2017-06-08 00:00:00+05:30,69.87890039052847,2314.95,2213.75,69.2387924194336,1376164,0.0,0.0,ADANIENT.NS,Adani Enterprises Limited,Thermal Coal,Energy,Mr. Gautambhai Shantilal Adani S.Y. B.Com,"Ahmedabad, India",https://www.adanienterprises.com,2311.75,2238.85,2668245024768,77.16122,29.96,0.00059999997,3743.9,2025.0
2017-06-09 00:00:00+05:30,69.34548149773431,2314.95,2213.75,70.54569244384766,1376164,0.0,0.0,ADANIENT.NS,Adani Enterprises Limited,Thermal Coal,Energy,Mr. Gautambhai Shantilal Adani S.Y. B.Com,"Ahmedabad, India",https://www.adanienterprises.com,2311.75,2238.85,2668245024768,77.16122,29.96,0.00059999997,3743.9,2025.0
2017-06-12 00:00:00+05:30,70.14563005295057,2314.95,2213.75,69.74555969238281,1376164,0.0,0.0,ADANIENT.NS,Adani Enterprises Limited,Thermal Coal,Energy,Mr. Gautambhai Shantilal Adani S.Y. B.Com,"Ahmedabad, India",https://www.adanienterprises.com,2311.75,2238.85,2668245024768,77.16122,29.96,0.00059999997,3743.9,2025.0
2017-06-13 00:00:00+05:30,68.81206130458266,2314.95,2213.75,70.6257095336914,1376164,0.0,0.0,ADANIENT.NS,Adani Enterprises Limited,Thermal Coal,Energy,Mr. Gautambhai Shantilal Adani S.Y. B.Com,"Ahmedabad, India",https://www.adanienterprises.com,2311.75,2238.85,2668245024768,77.16122,29.96,0.00059999997,3743.9,2025.0
2017-06-14 00:00:00+05:30,70.83907183669655,2314.95,2213.75,70.01226043701172,1376164,0.0,0.0,ADANIENT.NS,Adani Enterprises Limited,Thermal Coal,Energy,Mr. Gautambhai Shantilal Adani S.Y. B.Com,"Ahmedabad, India",https://www.adanienterprises.com,2311.75,2238.85,2668245024768,77.16122,29.96,0.00059999997,3743.9,2025.0
2017-06-15 00:00:00+05:30,69.87891354421886,2314.95,2213.75,70.6790542602539,1376164,0.0,0.0,ADANIENT.NS,Adani Enterprises Limited,Thermal Coal,Energy,Mr. Gautambhai Shantilal Adani S.Y. B.Com,"Ahmedabad, India",https://www.adanienterprises.com,2311.75,2238.85,2668245024768,77.16122,29.96,0.00059999997,3743.9,2025.0
2017-06-16 00:00:00+05:30,70.65237297676842,2314.95,2213.75,69.8255615234375,1376164,0.0,0.0,ADANIENT.NS,Adani Enterprises Limited,Thermal Coal,Energy,Mr. Gautambhai Shantilal Adani S.Y. B.Com,"Ahmedabad, India",https://www.adanienterprises.com,2311.75,2238.85,2668245024768,77.16122,29.96,0.00059999997,3743.9,2025.0
2017-06-19 00:00:00+05:30,70.54569102899929,2314.95,2213.75,70.38566589355469,1376164,0.0,0.0,ADANIENT.NS,Adani Enterprises Limited,Thermal Coal,Energy,Mr. Gautambhai Shantilal Adani S.Y. B.Com,"Ahmedabad, India",https://www.adanienterprises.com,2311.75,2238.85,2668245024768,77.16122,29.96,0.00059999997,3743.9,2025.0
2017-06-20 00:00:00+05:30,70.62570212141812,2314.95,2213.75,69.8255615234375,1376164,0.0,0.0,ADANIENT.NS,Adani Enterprises Limited,Thermal Coal,Energy,Mr. Gautambhai Shantilal Adani S.Y. B.Com,"Ahmedabad, India",https://www.adanienterprises.com,2311.75,2238.85,2668245024768,77.16122,29.96,0.00059999997,3743.9,2025.0
2017-06-21 00:00:00+05:30,69.77221071083612,2314.95,2213.75,70.33231353759766,1376164,0.0,0.0,ADANIENT.NS,Adani Enterprises Limited,Thermal Coal,Energy,Mr. Gautambhai Shantilal Adani S.Y. B.Com,"Ahmedabad, India",https://www.adanienterprises.com,2311.75,2238.85,2668245024768,77.16122,29.96,0.00059999997,3743.9,2025.0
2017-06-22 00:00:00+05:30,70.67905775637303,2314.95,2213.75,69.79890441894531,1376164,0.0,0.0,ADANIENT.NS,Adani Enterprises Limited,Thermal Coal,Energy,Mr. Gautambhai Shantilal Adani S.Y. B.Com,"Ahmedabad, India",https://www.adanienterprises.com,2311.75,2238.85,2668245024768,77.16122,29.96,0.00059999997,3743.9,2025.0
2017-06-23 00:00:00+05:30,69.82556854016174,2314.95,2213.75,67.39847564697266,1376164,0.0,0.0,ADANIENT.NS,Adani Enterprises Limited,Thermal Coal,Energy,Mr. Gautambhai Shantilal Adani S.Y. B.Com,"Ahmedabad, India",https://www.adanienterprises.com,2311.75,2238.85,2668245024768,77.16122,29.96,0.00059999997,3743.9,2025.0
2017-06-27 00:00:00+05:30,67.69185128259466,2314.95,2213.75,69.87889862060547,1376164,0.0,0.0,ADANIENT.NS,Adani Enterprises Limited,Thermal Coal,Energy,Mr. Gautambhai Shantilal Adani S.Y. B.Com,"Ahmedabad, India",https://www.adanienterprises.com,2311.75,2238.85,2668245024768,77.16122,29.96,0.00059999997,3743.9,2025.0
2017-06-28 00:00:00+05:30,70.57235245454831,2314.95,2213.75,71.69255065917969,1376164,0.0,0.0,ADANIENT.NS,Adani Enterprises Limited,Thermal Coal,Energy,Mr. Gautambhai Shantilal Adani S.Y. B.Com,"Ahmedabad, India",https://www.adanienterprises.com,2311.75,2238.85,2668245024768,77.16122,29.96,0.00059999997,3743.9,2025.0
2017-06-29 00:00:00+05:30,72.0126114704943,2314.95,2213.75,71.07910919189453,1376164,0.0,0.0,ADANIENT.NS,Adani Enterprises Limited,Thermal Coal,Energy,Mr. Gautambhai Shantilal Adani S.Y. B.Com,"Ahmedabad, India",https://www.adanienterprises.com,2311.75,2238.85,2668245024768,77.16122,29.96,0.00059999997,3743.9,2025.0
2017-06-30 00:00:00+05:30,70.94575038168126,2314.95,2213.75,70.73237609863281,1376164,0.0,0.0,ADANIENT.NS,Adani Enterprises Limited,Thermal Coal,Energy,Mr. Gautambhai Shantilal Adani S.Y. B.Com,"Ahmedabad, India",https://www.adanienterprises.com,2311.75,2238.85,2668245024768,77.16122,29.96,0.00059999997,3743.9,2025.0
2017-07-03 00:00:00+05:30,70.62569697815086,2314.95,2213.75,72.81275177001953,1376164,0.0,0.0,ADANIENT.NS,Adani Enterprises Limited,Thermal Coal,Energy,Mr. Gautambhai Shantilal Adani S.Y. B.Com,"Ahmedabad, India",https://www.adanienterprises.com,2311.75,2238.85,2668245024768,77.16122,29.96,0.00059999997,3743.9,2025.0
2017-07-04 00:00:00+05:30,72.81275363796546,2314.95,2213.75,71.23914337158203,1376164,0.0,0.0,ADANIENT.NS,Adani Enterprises Limited,Thermal Coal,Energy,Mr. Gautambhai Shantilal Adani S.Y. B.Com,"Ahmedabad, India",https://www.adanienterprises.com,2311.75,2238.85,2668245024768,77.16122,29.96,0.00059999997,3743.9,2025.0
2017-07-05 00:00:00+05:30,71.4791868616548,2314.95,2213.75,72.1459732055664,1376164,0.0,0.0,ADANIENT.NS,Adani Enterprises Limited,Thermal Coal,Energy,Mr. Gautambhai Shantilal Adani S.Y. B.Com,"Ahmedabad, India",https://www.adanienterprises.com,2311.75,2238.85,2668245024768,77.16122,29.96,0.00059999997,3743.9,2025.0
2017-07-06 00:00:00+05:30,72.0126174194841,2314.95,2213.75,72.11930084228516,1376164,0.0,0.0,ADANIENT.NS,Adani Enterprises Limited,Thermal Coal,Energy,Mr. Gautambhai Shantilal Adani S.Y. B.Com,"Ahmedabad, India",https://www.adanienterprises.com,2311.75,2238.85,2668245024768,77.16122,29.96,0.00059999997,3743.9,2025.0
2017-07-07 00:00:00+05:30,71.7192231001205,2314.95,2213.75,71.58586883544922,1376164,0.0,0.0,ADANIENT.NS,Adani Enterprises Limited,Thermal Coal,Energy,Mr. Gautambhai Shantilal Adani S.Y. B.Com,"Ahmedabad, India",https://www.adanienterprises.com,2311.75,2238.85,2668245024768,77.16122,29.96,0.00059999997,3743.9,2025.0
2017-07-10 00:00:00+05:30,72.01260669384023,2314.95,2213.75,71.93258666992188,1376164,0.0,0.0,ADANIENT.NS,Adani Enterprises Limited,Thermal Coal,Energy,Mr. Gautambhai Shantilal Adani S.Y. B.Com,"Ahmedabad, India",https://www.adanienterprises.com,2311.75,2238.85,2668245024768,77.16122,29.96,0.00059999997,3743.9,2025.0
2017-07-11 00:00:00+05:30,72.01260833327038,2314.95,2213.75,71.15911865234375,1376164,0.0,0.0,ADANIENT.NS,Adani Enterprises Limited,Thermal Coal,Energy,Mr. Gautambhai Shantilal Adani S.Y. B.Com,"Ahmedabad, India",https://www.adanienterprises.com,2311.75,2238.85,2668245024768,77.16122,29.96,0.00059999997,3743.9,2025.0
2017-07-12 00:00:00+05:30,71.31916222528369,2314.95,2213.75,75.37320709228516,1376164,0.0,0.0,ADANIENT.NS,Adani Enterprises Limited,Thermal Coal,Energy,Mr. Gautambhai Shantilal Adani S.Y. B.Com,"Ahmedabad, India",https://www.adanienterprises.com,2311.75,2238.85,2668245024768,77.16122,29.96,0.00059999997,3743.9,2025.0
2017-07-13 00:00:00+05:30,76.01332286733957,2314.95,2213.75,75.10649871826172,1376164,0.0,0.0,ADANIENT.NS,Adani Enterprises Limited,Thermal Coal,Energy,Mr. Gautambhai Shantilal Adani S.Y. B.Com,"Ahmedabad, India",https://www.adanienterprises.com,2311.75,2238.85,2668245024768,77.16122,29.96,0.00059999997,3743.9,2025.0
2017-07-14 00:00:00+05:30,75.21317009912065,2314.95,2213.75,74.35968780517578,1376164,0.0,0.0,ADANIENT.NS,Adani Enterprises Limited,Thermal Coal,Energy,Mr. Gautambhai Shantilal Adani S.Y. B.Com,"Ahmedabad, India",https://www.adanienterprises.com,2311.75,2238.85,2668245024768,77.16122,29.96,0.00059999997,3743.9,2025.0
2017-07-17 00:00:00+05:30,74.41302951495538,2314.95,2213.75,74.35968780517578,1376164,0.0,0.0,ADANIENT.NS,Adani Enterprises Limited,Thermal Coal,Energy,Mr. Gautambhai Shantilal Adani S.Y. B.Com,"Ahmedabad, India",https://www.adanienterprises.com,2311.75,2238.85,2668245024768,77.16122,29.96,0.00059999997,3743.9,2025.0
2017-07-18 00:00:00+05:30,74.11965648594293,2314.95,2213.75,73.53288269042969,1376164,0.0,0.0,ADANIENT.NS,Adani Enterprises Limited,Thermal Coal,Energy,Mr. Gautambhai Shantilal Adani S.Y. B.Com,"Ahmedabad, India",https://www.adanienterprises.com,2311.75,2238.85,2668245024768,77.16122,29.96,0.00059999997,3743.9,2025.0
2017-07-19 00:00:00+05:30,73.61289191513447,2314.95,2213.75,74.41303253173828,1376164,0.0,0.0,ADANIENT.NS,Adani Enterprises Limited,Thermal Coal,Energy,Mr. Gautambhai Shantilal Adani S.Y. B.Com,"Ahmedabad, India",https://www.adanienterprises.com,2311.75,2238.85,2668245024768,77.16122,29.96,0.00059999997,3743.9,2025.0
2017-07-20 00:00:00+05:30,74.6797607195547,2314.95,2213.75,74.89313507080078,1376164,0.0,0.0,ADANIENT.NS,Adani Enterprises Limited,Thermal Coal,Energy,Mr. Gautambhai Shantilal Adani S.Y. B.Com,"Ahmedabad, India",https://www.adanienterprises.com,2311.75,2238.85,2668245024768,77.16122,29.96,0.00059999997,3743.9,2025.0
2017-07-21 00:00:00+05:30,75.13315890934187,2314.95,2213.75,75.31986236572266,1376164,0.0,0.0,ADANIENT.NS,Adani Enterprises Limited,Thermal Coal,Energy,Mr. Gautambhai Shantilal Adani S.Y. B.Com,"Ahmedabad, India",https://www.adanienterprises.com,2311.75,2238.85,2668245024768,77.16122,29.96,0.00059999997,3743.9,2025.0
2017-07-24 00:00:00+05:30,75.4265473460078,2314.95,2213.75,74.81310272216797,1376164,0.0,0.0,ADANIENT.NS,Adani Enterprises Limited,Thermal Coal,Energy,Mr. Gautambhai Shantilal Adani S.Y. B.Com,"Ahmedabad, India",https://www.adanienterprises.com,2311.75,2238.85,2668245024768,77.16122,29.96,0.00059999997,3743.9,2025.0
2017-07-25 00:00:00+05:30,75.18650391147852,2314.95,2213.75,74.30635070800781,1376164,0.0,0.0,ADANIENT.NS,Adani Enterprises Limited,Thermal Coal,Energy,Mr. Gautambhai Shantilal Adani S.Y. B.Com,"Ahmedabad, India",https://www.adanienterprises.com,2311.75,2238.85,2668245024768,77.16122,29.96,0.00059999997,3743.9,2025.0
2017-07-26 00:00:00+05:30,74.4130399517442,2314.95,2213.75,75.07982635498047,1376164,0.0,0.0,ADANIENT.NS,Adani Enterprises Limited,Thermal Coal,Energy,Mr. Gautambhai Shantilal Adani S.Y. B.Com,"Ahmedabad, India",https://www.adanienterprises.com,2311.75,2238.85,2668245024768,77.16122,29.96,0.00059999997,3743.9,2025.0
2017-07-27 00:00:00+05:30,75.07981132928792,2314.95,2213.75,73.87960052490234,1376164,0.0,0.0,ADANIENT.NS,Adani Enterprises Limited,Thermal Coal,Energy,Mr. Gautambhai Shantilal Adani S.Y. B.Com,"Ahmedabad, India",https://www.adanienterprises.com,2311.75,2238.85,2668245024768,77.16122,29.96,0.00059999997,3743.9,2025.0
2017-07-28 00:00:00+05:30,73.66623211599374,2314.95,2213.75,73.98628234863281,1376164,0.0,0.0,ADANIENT.NS,Adani Enterprises Limited,Thermal Coal,Energy,Mr. Gautambhai Shantilal Adani S.Y. B.Com,"Ahmedabad, India",https://www.adanienterprises.com,2311.75,2238.85,2668245024768,77.16122,29.96,0.00059999997,3743.9,2025.0
2017-07-31 00:00:00+05:30,74.37993939789472,2314.95,2213.75,73.950927734375,1376164,0.4,0.0,ADANIENT.NS,Adani Enterprises Limited,Thermal Coal,Energy,Mr. Gautambhai Shantilal Adani S.Y. B.Com,"Ahmedabad, India",https://www.adanienterprises.com,2311.75,2238.85,2668245024768,77.16122,29.96,0.00059999997,3743.9,2025.0
2017-08-01 00:00:00+05:30,73.95093939440541,2314.95,2213.75,75.1843490600586,1376164,0.0,0.0,ADANIENT.NS,Adani Enterprises Limited,Thermal Coal,Energy,Mr. Gautambhai Shantilal Adani S.Y. B.Com,"Ahmedabad, India",https://www.adanienterprises.com,2311.75,2238.85,2668245024768,77.16122,29.96,0.00059999997,3743.9,2025.0
2017-08-02 00:00:00+05:30,75.45248388116511,2314.95,2213.75,76.12281799316406,1376164,0.0,0.0,ADANIENT.NS,Adani Enterprises Limited,Thermal Coal,Energy,Mr. Gautambhai Shantilal Adani S.Y. B.Com,"Ahmedabad, India",https://www.adanienterprises.com,2311.75,2238.85,2668245024768,77.16122,29.96,0.00059999997,3743.9,2025.0
2017-08-03 00:00:00+05:30,76.20325409171886,2314.95,2213.75,73.87049865722656,1376164,0.0,0.0,ADANIENT.NS,Adani Enterprises Limited,Thermal Coal,Energy,Mr. Gautambhai Shantilal Adani S.Y. B.Com,"Ahmedabad, India",https://www.adanienterprises.com,2311.75,2238.85,2668245024768,77.16122,29.96,0.00059999997,3743.9,2025.0
2017-08-04 00:00:00+05:30,73.7900602739603,2314.95,2213.75,74.00456237792969,1376164,0.0,0.0,ADANIENT.NS,Adani Enterprises Limited,Thermal Coal,Energy,Mr. Gautambhai Shantilal Adani S.Y. B.Com,"Ahmedabad, India",https://www.adanienterprises.com,2311.75,2238.85,2668245024768,77.16122,29.96,0.00059999997,3743.9,2025.0
2017-08-07 00:00:00+05:30,74.24589337670011,2314.95,2213.75,75.13072967529297,1376164,0.0,0.0,ADANIENT.NS,Adani Enterprises Limited,Thermal Coal,Energy,Mr. Gautambhai Shantilal Adani S.Y. B.Com,"Ahmedabad, India",https://www.adanienterprises.com,2311.75,2238.85,2668245024768,77.16122,29.96,0.00059999997,3743.9,2025.0
2017-08-08 00:00:00+05:30,75.15753551929349,2314.95,2213.75,73.65599822998047,1376164,0.0,0.0,ADANIENT.NS,Adani Enterprises Limited,Thermal Coal,Energy,Mr. Gautambhai Shantilal Adani S.Y. B.Com,"Ahmedabad, India",https://www.adanienterprises.com,2311.75,2238.85,2668245024768,77.16122,29.96,0.00059999997,3743.9,2025.0
2017-08-09 00:00:00+05:30,73.46830306031953,2314.95,2213.75,66.63092803955078,1376164,0.0,0.0,ADANIENT.NS,Adani Enterprises Limited,Thermal Coal,Energy,Mr. Gautambhai Shantilal Adani S.Y. B.Com,"Ahmedabad, India",https://www.adanienterprises.com,2311.75,2238.85,2668245024768,77.16122,29.96,0.00059999997,3743.9,2025.0
2017-08-10 00:00:00+05:30,65.69245447813522,2314.95,2213.75,62.12629699707031,1376164,0.0,0.0,ADANIENT.NS,Adani Enterprises Limited,Thermal Coal,Energy,Mr. Gautambhai Shantilal Adani S.Y. B.Com,"Ahmedabad, India",https://www.adanienterprises.com,2311.75,2238.85,2668245024768,77.16122,29.96,0.00059999997,3743.9,2025.0
2017-08-11 00:00:00+05:30,61.134207971143276,2314.95,2213.75,60.97332763671875,1376164,0.0,0.0,ADANIENT.NS,Adani Enterprises Limited,Thermal Coal,Energy,Mr. Gautambhai Shantilal Adani S.Y. B.Com,"Ahmedabad, India",https://www.adanienterprises.com,2311.75,2238.85,2668245024768,77.16122,29.96,0.00059999997,3743.9,2025.0
2017-08-14 00:00:00+05:30,61.670473107668805,2314.95,2213.75,62.5553092956543,1376164,0.0,0.0,ADANIENT.NS,Adani Enterprises Limited,Thermal Coal,Energy,Mr. Gautambhai Shantilal Adani S.Y. B.Com,"Ahmedabad, India",https://www.adanienterprises.com,2311.75,2238.85,2668245024768,77.16122,29.96,0.00059999997,3743.9,2025.0
2017-08-16 00:00:00+05:30,61.13420763975414,2314.95,2213.75,61.77772521972656,1376164,0.0,0.0,ADANIENT.NS,Adani Enterprises Limited,Thermal Coal,Energy,Mr. Gautambhai Shantilal Adani S.Y. B.Com,"Ahmedabad, India",https://www.adanienterprises.com,2311.75,2238.85,2668245024768,77.16122,29.96,0.00059999997,3743.9,2025.0
2017-08-17 00:00:00+05:30,61.93860516786042,2314.95,2213.75,60.81244659423828,1376164,0.0,0.0,ADANIENT.NS,Adani Enterprises Limited,Thermal Coal,Energy,Mr. Gautambhai Shantilal Adani S.Y. B.Com,"Ahmedabad, India",https://www.adanienterprises.com,2311.75,2238.85,2668245024768,77.16122,29.96,0.00059999997,3743.9,2025.0
2017-08-18 00:00:00+05:30,60.195743560791016,2314.95,2213.75,60.195743560791016,1376164,0.0,0.0,ADANIENT.NS,Adani Enterprises Limited,Thermal Coal,Energy,Mr. Gautambhai Shantilal Adani S.Y. B.Com,"Ahmedabad, India",https://www.adanienterprises.com,2311.75,2238.85,2668245024768,77.16122,29.96,0.00059999997,3743.9,2025.0
2017-08-21 00:00:00+05:30,60.59794373198682,2314.95,2213.75,57.64848709106445,1376164,0.0,0.0,ADANIENT.NS,Adani Enterprises Limited,Thermal Coal,Energy,Mr. Gautambhai Shantilal Adani S.Y. B.Com,"Ahmedabad, India",https://www.adanienterprises.com,2311.75,2238.85,2668245024768,77.16122,29.96,0.00059999997,3743.9,2025.0
2017-08-22 00:00:00+05:30,58.21156360012828,2314.95,2213.75,57.004966735839844,1376164,0.0,0.0,ADANIENT.NS,Adani Enterprises Limited,Thermal Coal,Energy,Mr. Gautambhai Shantilal Adani S.Y. B.Com,"Ahmedabad, India",https://www.adanienterprises.com,2311.75,2238.85,2668245024768,77.16122,29.96,0.00059999997,3743.9,2025.0
2017-08-23 00:00:00+05:30,57.62167447709055,2314.95,2213.75,59.01596450805664,1376164,0.0,0.0,ADANIENT.NS,Adani Enterprises Limited,Thermal Coal,Energy,Mr. Gautambhai Shantilal Adani S.Y. B.Com,"Ahmedabad, India",https://www.adanienterprises.com,2311.75,2238.85,2668245024768,77.16122,29.96,0.00059999997,3743.9,2025.0
2017-08-24 00:00:00+05:30,59.364539803307025,2314.95,2213.75,58.533329010009766,1376164,0.0,0.0,ADANIENT.NS,Adani Enterprises Limited,Thermal Coal,Energy,Mr. Gautambhai Shantilal Adani S.Y. B.Com,"Ahmedabad, India",https://www.adanienterprises.com,2311.75,2238.85,2668245024768,77.16122,29.96,0.00059999997,3743.9,2025.0
2017-08-28 00:00:00+05:30,62.79663183528666,2314.95,2213.75,63.922786712646484,1376164,0.0,0.0,ADANIENT.NS,Adani Enterprises Limited,Thermal Coal,Energy,Mr. Gautambhai Shantilal Adani S.Y. B.Com,"Ahmedabad, India",https://www.adanienterprises.com,2311.75,2238.85,2668245024768,77.16122,29.96,0.00059999997,3743.9,2025.0
2017-08-29 00:00:00+05:30,62.9575160412475,2314.95,2213.75,63.788726806640625,1376164,0.0,0.0,ADANIENT.NS,Adani Enterprises Limited,Thermal Coal,Energy,Mr. Gautambhai Shantilal Adani S.Y. B.Com,"Ahmedabad, India",https://www.adanienterprises.com,2311.75,2238.85,2668245024768,77.16122,29.96,0.00059999997,3743.9,2025.0
2017-08-30 00:00:00+05:30,64.56631247785032,2314.95,2213.75,68.72236633300781,1376164,0.0,0.0,ADANIENT.NS,Adani Enterprises Limited,Thermal Coal,Energy,Mr. Gautambhai Shantilal Adani S.Y. B.Com,"Ahmedabad, India",https://www.adanienterprises.com,2311.75,2238.85,2668245024768,77.16122,29.96,0.00059999997,3743.9,2025.0
2017-08-31 00:00:00+05:30,71.32323152296924,2314.95,2213.75,71.0819091796875,1376164,0.0,0.0,ADANIENT.NS,Adani Enterprises Limited,Thermal Coal,Energy,Mr. Gautambhai Shantilal Adani S.Y. B.Com,"Ahmedabad, India",https://www.adanienterprises.com,2311.75,2238.85,2668245024768,77.16122,29.96,0.00059999997,3743.9,2025.0
2017-09-01 00:00:00+05:30,71.18917167655567,2314.95,2213.75,73.25379180908203,1376164,0.0,0.0,ADANIENT.NS,Adani Enterprises Limited,Thermal Coal,Energy,Mr. Gautambhai Shantilal Adani S.Y. B.Com,"Ahmedabad, India",https://www.adanienterprises.com,2311.75,2238.85,2668245024768,77.16122,29.96,0.00059999997,3743.9,2025.0
2017-09-04 00:00:00+05:30,73.03928640945693,2314.95,2213.75,70.1434555053711,1376164,0.0,0.0,ADANIENT.NS,Adani Enterprises Limited,Thermal Coal,Energy,Mr. Gautambhai Shantilal Adani S.Y. B.Com,"Ahmedabad, India",https://www.adanienterprises.com,2311.75,2238.85,2668245024768,77.16122,29.96,0.00059999997,3743.9,2025.0
2017-09-05 00:00:00+05:30,70.46522020901719,2314.95,2213.75,71.37686920166016,1376164,0.0,0.0,ADANIENT.NS,Adani Enterprises Limited,Thermal Coal,Energy,Mr. Gautambhai Shantilal Adani S.Y. B.Com,"Ahmedabad, India",https://www.adanienterprises.com,2311.75,2238.85,2668245024768,77.16122,29.96,0.00059999997,3743.9,2025.0
2017-09-06 00:00:00+05:30,69.76806932257529,2314.95,2213.75,70.1434555053711,1376164,0.0,0.0,ADANIENT.NS,Adani Enterprises Limited,Thermal Coal,Energy,Mr. Gautambhai Shantilal Adani S.Y. B.Com,"Ahmedabad, India",https://www.adanienterprises.com,2311.75,2238.85,2668245024768,77.16122,29.96,0.00059999997,3743.9,2025.0
2017-09-07 00:00:00+05:30,70.49203830237477,2314.95,2213.75,69.92896270751953,1376164,0.0,0.0,ADANIENT.NS,Adani Enterprises Limited,Thermal Coal,Energy,Mr. Gautambhai Shantilal Adani S.Y. B.Com,"Ahmedabad, India",https://www.adanienterprises.com,2311.75,2238.85,2668245024768,77.16122,29.96,0.00059999997,3743.9,2025.0
2017-09-08 00:00:00+05:30,70.1970786056076,2314.95,2213.75,68.42740631103516,1376164,0.0,0.0,ADANIENT.NS,Adani Enterprises Limited,Thermal Coal,Energy,Mr. Gautambhai Shantilal Adani S.Y. B.Com,"Ahmedabad, India",https://www.adanienterprises.com,2311.75,2238.85,2668245024768,77.16122,29.96,0.00059999997,3743.9,2025.0
2017-09-11 00:00:00+05:30,68.91004746197504,2314.95,2213.75,70.06301879882812,1376164,0.0,0.0,ADANIENT.NS,Adani Enterprises Limited,Thermal Coal,Energy,Mr. Gautambhai Shantilal Adani S.Y. B.Com,"Ahmedabad, India",https://www.adanienterprises.com,2311.75,2238.85,2668245024768,77.16122,29.96,0.00059999997,3743.9,2025.0
2017-09-12 00:00:00+05:30,70.6797311162083,2314.95,2213.75,71.83270263671875,1376164,0.0,0.0,ADANIENT.NS,Adani Enterprises Limited,Thermal Coal,Energy,Mr. Gautambhai Shantilal Adani S.Y. B.Com,"Ahmedabad, India",https://www.adanienterprises.com,2311.75,2238.85,2668245024768,77.16122,29.96,0.00059999997,3743.9,2025.0
2017-09-13 00:00:00+05:30,71.80587214209538,2314.95,2213.75,70.11663818359375,1376164,0.0,0.0,ADANIENT.NS,Adani Enterprises Limited,Thermal Coal,Energy,Mr. Gautambhai Shantilal Adani S.Y. B.Com,"Ahmedabad, India",https://www.adanienterprises.com,2311.75,2238.85,2668245024768,77.16122,29.96,0.00059999997,3743.9,2025.0
2017-09-14 00:00:00+05:30,70.25070791074326,2314.95,2213.75,70.73335266113281,1376164,0.0,0.0,ADANIENT.NS,Adani Enterprises Limited,Thermal Coal,Energy,Mr. Gautambhai Shantilal Adani S.Y. B.Com,"Ahmedabad, India",https://www.adanienterprises.com,2311.75,2238.85,2668245024768,77.16122,29.96,0.00059999997,3743.9,2025.0
2017-09-15 00:00:00+05:30,69.74125813367557,2314.95,2213.75,70.06301879882812,1376164,0.0,0.0,ADANIENT.NS,Adani Enterprises Limited,Thermal Coal,Energy,Mr. Gautambhai Shantilal Adani S.Y. B.Com,"Ahmedabad, India",https://www.adanienterprises.com,2311.75,2238.85,2668245024768,77.16122,29.96,0.00059999997,3743.9,2025.0
2017-09-18 00:00:00+05:30,70.59929223876203,2314.95,2213.75,70.17028045654297,1376164,0.0,0.0,ADANIENT.NS,Adani Enterprises Limited,Thermal Coal,Energy,Mr. Gautambhai Shantilal Adani S.Y. B.Com,"Ahmedabad, India",https://www.adanienterprises.com,2311.75,2238.85,2668245024768,77.16122,29.96,0.00059999997,3743.9,2025.0
2017-09-19 00:00:00+05:30,70.22390439658567,2314.95,2213.75,70.25071716308594,1376164,0.0,0.0,ADANIENT.NS,Adani Enterprises Limited,Thermal Coal,Energy,Mr. Gautambhai Shantilal Adani S.Y. B.Com,"Ahmedabad, India",https://www.adanienterprises.com,2311.75,2238.85,2668245024768,77.16122,29.96,0.00059999997,3743.9,2025.0
2017-09-20 00:00:00+05:30,70.65289956184868,2314.95,2213.75,69.3926773071289,1376164,0.0,0.0,ADANIENT.NS,Adani Enterprises Limited,Thermal Coal,Energy,Mr. Gautambhai Shantilal Adani S.Y. B.Com,"Ahmedabad, India",https://www.adanienterprises.com,2311.75,2238.85,2668245024768,77.16122,29.96,0.00059999997,3743.9,2025.0
2017-09-21 00:00:00+05:30,69.39268225385722,2314.95,2213.75,68.48103332519531,1376164,0.0,0.0,ADANIENT.NS,Adani Enterprises Limited,Thermal Coal,Energy,Mr. Gautambhai Shantilal Adani S.Y. B.Com,"Ahmedabad, India",https://www.adanienterprises.com,2311.75,2238.85,2668245024768,77.16122,29.96,0.00059999997,3743.9,2025.0
2017-09-22 00:00:00+05:30,68.02519895223593,2314.95,2213.75,65.29024505615234,1376164,0.0,0.0,ADANIENT.NS,Adani Enterprises Limited,Thermal Coal,Energy,Mr. Gautambhai Shantilal Adani S.Y. B.Com,"Ahmedabad, India",https://www.adanienterprises.com,2311.75,2238.85,2668245024768,77.16122,29.96,0.00059999997,3743.9,2025.0
2017-09-25 00:00:00+05:30,65.3707019446374,2314.95,2213.75,62.5553092956543,1376164,0.0,0.0,ADANIENT.NS,Adani Enterprises Limited,Thermal Coal,Energy,Mr. Gautambhai Shantilal Adani S.Y. B.Com,"Ahmedabad, India",https://www.adanienterprises.com,2311.75,2238.85,2668245024768,77.16122,29.96,0.00059999997,3743.9,2025.0
2017-09-26 00:00:00+05:30,62.528495306724075,2314.95,2213.75,63.60102081298828,1376164,0.0,0.0,ADANIENT.NS,Adani Enterprises Limited,Thermal Coal,Energy,Mr. Gautambhai Shantilal Adani S.Y. B.Com,"Ahmedabad, India",https://www.adanienterprises.com,2311.75,2238.85,2668245024768,77.16122,29.96,0.00059999997,3743.9,2025.0
2017-09-27 00:00:00+05:30,64.0836689580959,2314.95,2213.75,61.26827621459961,1376164,0.0,0.0,ADANIENT.NS,Adani Enterprises Limited,Thermal Coal,Energy,Mr. Gautambhai Shantilal Adani S.Y. B.Com,"Ahmedabad, India",https://www.adanienterprises.com,2311.75,2238.85,2668245024768,77.16122,29.96,0.00059999997,3743.9,2025.0
2017-09-28 00:00:00+05:30,61.5632246391609,2314.95,2213.75,61.831356048583984,1376164,0.0,0.0,ADANIENT.NS,Adani Enterprises Limited,Thermal Coal,Energy,Mr. Gautambhai Shantilal Adani S.Y. B.Com,"Ahmedabad, India",https://www.adanienterprises.com,2311.75,2238.85,2668245024768,77.16122,29.96,0.00059999997,3743.9,2025.0
2017-09-29 00:00:00+05:30,62.20673822391732,2314.95,2213.75,62.367618560791016,1376164,0.0,0.0,ADANIENT.NS,Adani Enterprises Limited,Thermal Coal,Energy,Mr. Gautambhai Shantilal Adani S.Y. B.Com,"Ahmedabad, India",https://www.adanienterprises.com,2311.75,2238.85,2668245024768,77.16122,29.96,0.00059999997,3743.9,2025.0
2017-10-03 00:00:00+05:30,62.50168721950595,2314.95,2213.75,59.95442581176758,1376164,0.0,0.0,ADANIENT.NS,Adani Enterprises Limited,Thermal Coal,Energy,Mr. Gautambhai Shantilal Adani S.Y. B.Com,"Ahmedabad, India",https://www.adanienterprises.com,2311.75,2238.85,2668245024768,77.16122,29.96,0.00059999997,3743.9,2025.0
2017-10-04 00:00:00+05:30,60.16893455253301,2314.95,2213.75,61.831356048583984,1376164,0.0,0.0,ADANIENT.NS,Adani Enterprises Limited,Thermal Coal,Energy,Mr. Gautambhai Shantilal Adani S.Y. B.Com,"Ahmedabad, India",https://www.adanienterprises.com,2311.75,2238.85,2668245024768,77.16122,29.96,0.00059999997,3743.9,2025.0
2017-10-05 00:00:00+05:30,62.528502045302524,2314.95,2213.75,65.20982360839844,1376164,0.0,0.0,ADANIENT.NS,Adani Enterprises Limited,Thermal Coal,Energy,Mr. Gautambhai Shantilal Adani S.Y. B.Com,"Ahmedabad, India",https://www.adanienterprises.com,2311.75,2238.85,2668245024768,77.16122,29.96,0.00059999997,3743.9,2025.0
2017-10-06 00:00:00+05:30,65.90695643507935,2314.95,2213.75,66.201904296875,1376164,0.0,0.0,ADANIENT.NS,Adani Enterprises Limited,Thermal Coal,Energy,Mr. Gautambhai Shantilal Adani S.Y. B.Com,"Ahmedabad, India",https://www.adanienterprises.com,2311.75,2238.85,2668245024768,77.16122,29.96,0.00059999997,3743.9,2025.0
2017-10-09 00:00:00+05:30,64.35179994605417,2314.95,2213.75,63.97641372680664,1376164,0.0,0.0,ADANIENT.NS,Adani Enterprises Limited,Thermal Coal,Energy,Mr. Gautambhai Shantilal Adani S.Y. B.Com,"Ahmedabad, India",https://www.adanienterprises.com,2311.75,2238.85,2668245024768,77.16122,29.96,0.00059999997,3743.9,2025.0
2017-10-10 00:00:00+05:30,64.08366368077793,2314.95,2213.75,64.48585510253906,1376164,0.0,0.0,ADANIENT.NS,Adani Enterprises Limited,Thermal Coal,Energy,Mr. Gautambhai Shantilal Adani S.Y. B.Com,"Ahmedabad, India",https://www.adanienterprises.com,2311.75,2238.85,2668245024768,77.16122,29.96,0.00059999997,3743.9,2025.0
2017-10-11 00:00:00+05:30,64.96851103953338,2314.95,2213.75,63.788726806640625,1376164,0.0,0.0,ADANIENT.NS,Adani Enterprises Limited,Thermal Coal,Energy,Mr. Gautambhai Shantilal Adani S.Y. B.Com,"Ahmedabad, India",https://www.adanienterprises.com,2311.75,2238.85,2668245024768,77.16122,29.96,0.00059999997,3743.9,2025.0
2017-10-12 00:00:00+05:30,64.35179287178089,2314.95,2213.75,64.4054183959961,1376164,0.0,0.0,ADANIENT.NS,Adani Enterprises Limited,Thermal Coal,Energy,Mr. Gautambhai Shantilal Adani S.Y. B.Com,"Ahmedabad, India",https://www.adanienterprises.com,2311.75,2238.85,2668245024768,77.16122,29.96,0.00059999997,3743.9,2025.0
2017-10-13 00:00:00+05:30,64.78079697465462,2314.95,2213.75,64.27134704589844,1376164,0.0,0.0,ADANIENT.NS,Adani Enterprises Limited,Thermal Coal,Energy,Mr. Gautambhai Shantilal Adani S.Y. B.Com,"Ahmedabad, India",https://www.adanienterprises.com,2311.75,2238.85,2668245024768,77.16122,29.96,0.00059999997,3743.9,2025.0
2017-10-16 00:00:00+05:30,64.70037161628682,2314.95,2213.75,62.95751190185547,1376164,0.0,0.0,ADANIENT.NS,Adani Enterprises Limited,Thermal Coal,Energy,Mr. Gautambhai Shantilal Adani S.Y. B.Com,"Ahmedabad, India",https://www.adanienterprises.com,2311.75,2238.85,2668245024768,77.16122,29.96,0.00059999997,3743.9,2025.0
2017-10-17 00:00:00+05:30,63.1988296648038,2314.95,2213.75,63.33290100097656,1376164,0.0,0.0,ADANIENT.NS,Adani Enterprises Limited,Thermal Coal,Energy,Mr. Gautambhai Shantilal Adani S.Y. B.Com,"Ahmedabad, India",https://www.adanienterprises.com,2311.75,2238.85,2668245024768,77.16122,29.96,0.00059999997,3743.9,2025.0
2017-10-18 00:00:00+05:30,63.279274314554684,2314.95,2213.75,65.74609375,1376164,0.0,0.0,ADANIENT.NS,Adani Enterprises Limited,Thermal Coal,Energy,Mr. Gautambhai Shantilal Adani S.Y. B.Com,"Ahmedabad, India",https://www.adanienterprises.com,2311.75,2238.85,2668245024768,77.16122,29.96,0.00059999997,3743.9,2025.0
2017-10-19 00:00:00+05:30,66.09464384724,2314.95,2213.75,67.35486602783203,1376164,0.0,0.0,ADANIENT.NS,Adani Enterprises Limited,Thermal Coal,Energy,Mr. Gautambhai Shantilal Adani S.Y. B.Com,"Ahmedabad, India",https://www.adanienterprises.com,2311.75,2238.85,2668245024768,77.16122,29.96,0.00059999997,3743.9,2025.0
2017-10-23 00:00:00+05:30,67.78390174618772,2314.95,2213.75,68.07884216308594,1376164,0.0,0.0,ADANIENT.NS,Adani Enterprises Limited,Thermal Coal,Energy,Mr. Gautambhai Shantilal Adani S.Y. B.Com,"Ahmedabad, India",https://www.adanienterprises.com,2311.75,2238.85,2668245024768,77.16122,29.96,0.00059999997,3743.9,2025.0
2017-10-24 00:00:00+05:30,68.10565661593554,2314.95,2213.75,67.73027038574219,1376164,0.0,0.0,ADANIENT.NS,Adani Enterprises Limited,Thermal Coal,Energy,Mr. Gautambhai Shantilal Adani S.Y. B.Com,"Ahmedabad, India",https://www.adanienterprises.com,2311.75,2238.85,2668245024768,77.16122,29.96,0.00059999997,3743.9,2025.0
2017-10-25 00:00:00+05:30,68.02520886086437,2314.95,2213.75,68.48103332519531,1376164,0.0,0.0,ADANIENT.NS,Adani Enterprises Limited,Thermal Coal,Energy,Mr. Gautambhai Shantilal Adani S.Y. B.Com,"Ahmedabad, India",https://www.adanienterprises.com,2311.75,2238.85,2668245024768,77.16122,29.96,0.00059999997,3743.9,2025.0
2017-10-26 00:00:00+05:30,68.3737934741646,2314.95,2213.75,70.25071716308594,1376164,0.0,0.0,ADANIENT.NS,Adani Enterprises Limited,Thermal Coal,Energy,Mr. Gautambhai Shantilal Adani S.Y. B.Com,"Ahmedabad, India",https://www.adanienterprises.com,2311.75,2238.85,2668245024768,77.16122,29.96,0.00059999997,3743.9,2025.0
2017-10-27 00:00:00+05:30,70.7333499406994,2314.95,2213.75,69.68762969970703,1376164,0.0,0.0,ADANIENT.NS,Adani Enterprises Limited,Thermal Coal,Energy,Mr. Gautambhai Shantilal Adani S.Y. B.Com,"Ahmedabad, India",https://www.adanienterprises.com,2311.75,2238.85,2668245024768,77.16122,29.96,0.00059999997,3743.9,2025.0
2017-10-30 00:00:00+05:30,70.06302253647874,2314.95,2213.75,71.96676635742188,1376164,0.0,0.0,ADANIENT.NS,Adani Enterprises Limited,Thermal Coal,Energy,Mr. Gautambhai Shantilal Adani S.Y. B.Com,"Ahmedabad, India",https://www.adanienterprises.com,2311.75,2238.85,2668245024768,77.16122,29.96,0.00059999997,3743.9,2025.0
2017-10-31 00:00:00+05:30,72.23489597369363,2314.95,2213.75,70.94786071777344,1376164,0.0,0.0,ADANIENT.NS,Adani Enterprises Limited,Thermal Coal,Energy,Mr. Gautambhai Shantilal Adani S.Y. B.Com,"Ahmedabad, India",https://www.adanienterprises.com,2311.75,2238.85,2668245024768,77.16122,29.96,0.00059999997,3743.9,2025.0
2017-11-01 00:00:00+05:30,71.21599261771432,2314.95,2213.75,71.37686920166016,1376164,0.0,0.0,ADANIENT.NS,Adani Enterprises Limited,Thermal Coal,Energy,Mr. Gautambhai Shantilal Adani S.Y. B.Com,"Ahmedabad, India",https://www.adanienterprises.com,2311.75,2238.85,2668245024768,77.16122,29.96,0.00059999997,3743.9,2025.0
2017-11-02 00:00:00+05:30,71.48411253187561,2314.95,2213.75,71.51092529296875,1376164,0.0,0.0,ADANIENT.NS,Adani Enterprises Limited,Thermal Coal,Energy,Mr. Gautambhai Shantilal Adani S.Y. B.Com,"Ahmedabad, India",https://www.adanienterprises.com,2311.75,2238.85,2668245024768,77.16122,29.96,0.00059999997,3743.9,2025.0
2017-11-03 00:00:00+05:30,71.85951063443672,2314.95,2213.75,75.3452377319336,1376164,0.0,0.0,ADANIENT.NS,Adani Enterprises Limited,Thermal Coal,Energy,Mr. Gautambhai Shantilal Adani S.Y. B.Com,"Ahmedabad, India",https://www.adanienterprises.com,2311.75,2238.85,2668245024768,77.16122,29.96,0.00059999997,3743.9,2025.0
2017-11-06 00:00:00+05:30,76.79315013632093,2314.95,2213.75,80.27887725830078,1376164,0.0,0.0,ADANIENT.NS,Adani Enterprises Limited,Thermal Coal,Energy,Mr. Gautambhai Shantilal Adani S.Y. B.Com,"Ahmedabad, India",https://www.adanienterprises.com,2311.75,2238.85,2668245024768,77.16122,29.96,0.00059999997,3743.9,2025.0
2017-11-07 00:00:00+05:30,80.3056888282197,2314.95,2213.75,79.55491638183594,1376164,0.0,0.0,ADANIENT.NS,Adani Enterprises Limited,Thermal Coal,Energy,Mr. Gautambhai Shantilal Adani S.Y. B.Com,"Ahmedabad, India",https://www.adanienterprises.com,2311.75,2238.85,2668245024768,77.16122,29.96,0.00059999997,3743.9,2025.0
2017-11-08 00:00:00+05:30,79.39402995791475,2314.95,2213.75,81.24414825439453,1376164,0.0,0.0,ADANIENT.NS,Adani Enterprises Limited,Thermal Coal,Energy,Mr. Gautambhai Shantilal Adani S.Y. B.Com,"Ahmedabad, India",https://www.adanienterprises.com,2311.75,2238.85,2668245024768,77.16122,29.96,0.00059999997,3743.9,2025.0
2017-11-09 00:00:00+05:30,81.4318279135601,2314.95,2213.75,82.79930877685547,1376164,0.0,0.0,ADANIENT.NS,Adani Enterprises Limited,Thermal Coal,Energy,Mr. Gautambhai Shantilal Adani S.Y. B.Com,"Ahmedabad, India",https://www.adanienterprises.com,2311.75,2238.85,2668245024768,77.16122,29.96,0.00059999997,3743.9,2025.0
2017-11-10 00:00:00+05:30,82.77248804499533,2314.95,2213.75,83.871826171875,1376164,0.0,0.0,ADANIENT.NS,Adani Enterprises Limited,Thermal Coal,Energy,Mr. Gautambhai Shantilal Adani S.Y. B.Com,"Ahmedabad, India",https://www.adanienterprises.com,2311.75,2238.85,2668245024768,77.16122,29.96,0.00059999997,3743.9,2025.0
2017-11-13 00:00:00+05:30,84.24721916484471,2314.95,2213.75,81.9412841796875,1376164,0.0,0.0,ADANIENT.NS,Adani Enterprises Limited,Thermal Coal,Energy,Mr. Gautambhai Shantilal Adani S.Y. B.Com,"Ahmedabad, India",https://www.adanienterprises.com,2311.75,2238.85,2668245024768,77.16122,29.96,0.00059999997,3743.9,2025.0
2017-11-14 00:00:00+05:30,81.51227649025144,2314.95,2213.75,83.30876159667969,1376164,0.0,0.0,ADANIENT.NS,Adani Enterprises Limited,Thermal Coal,Energy,Mr. Gautambhai Shantilal Adani S.Y. B.Com,"Ahmedabad, India",https://www.adanienterprises.com,2311.75,2238.85,2668245024768,77.16122,29.96,0.00059999997,3743.9,2025.0
2017-11-15 00:00:00+05:30,83.0138186847695,2314.95,2213.75,78.8577651977539,1376164,0.0,0.0,ADANIENT.NS,Adani Enterprises Limited,Thermal Coal,Energy,Mr. Gautambhai Shantilal Adani S.Y. B.Com,"Ahmedabad, India",https://www.adanienterprises.com,2311.75,2238.85,2668245024768,77.16122,29.96,0.00059999997,3743.9,2025.0
2017-11-16 00:00:00+05:30,77.75842282240349,2314.95,2213.75,77.62435150146484,1376164,0.0,0.0,ADANIENT.NS,Adani Enterprises Limited,Thermal Coal,Energy,Mr. Gautambhai Shantilal Adani S.Y. B.Com,"Ahmedabad, India",https://www.adanienterprises.com,2311.75,2238.85,2668245024768,77.16122,29.96,0.00059999997,3743.9,2025.0
2017-11-17 00:00:00+05:30,78.56282701992592,2314.95,2213.75,83.9791030883789,1376164,0.0,0.0,ADANIENT.NS,Adani Enterprises Limited,Thermal Coal,Energy,Mr. Gautambhai Shantilal Adani S.Y. B.Com,"Ahmedabad, India",https://www.adanienterprises.com,2311.75,2238.85,2668245024768,77.16122,29.96,0.00059999997,3743.9,2025.0
2017-11-20 00:00:00+05:30,84.16679598685404,2314.95,2213.75,86.01691436767578,1376164,0.0,0.0,ADANIENT.NS,Adani Enterprises Limited,Thermal Coal,Energy,Mr. Gautambhai Shantilal Adani S.Y. B.Com,"Ahmedabad, India",https://www.adanienterprises.com,2311.75,2238.85,2668245024768,77.16122,29.96,0.00059999997,3743.9,2025.0
2017-11-21 00:00:00+05:30,86.33865823667401,2314.95,2213.75,82.28985595703125,1376164,0.0,0.0,ADANIENT.NS,Adani Enterprises Limited,Thermal Coal,Energy,Mr. Gautambhai Shantilal Adani S.Y. B.Com,"Ahmedabad, India",https://www.adanienterprises.com,2311.75,2238.85,2668245024768,77.16122,29.96,0.00059999997,3743.9,2025.0
2017-11-22 00:00:00+05:30,82.74569601040554,2314.95,2213.75,84.62261962890625,1376164,0.0,0.0,ADANIENT.NS,Adani Enterprises Limited,Thermal Coal,Energy,Mr. Gautambhai Shantilal Adani S.Y. B.Com,"Ahmedabad, India",https://www.adanienterprises.com,2311.75,2238.85,2668245024768,77.16122,29.96,0.00059999997,3743.9,2025.0
2017-11-23 00:00:00+05:30,84.72986741631112,2314.95,2213.75,81.78041076660156,1376164,0.0,0.0,ADANIENT.NS,Adani Enterprises Limited,Thermal Coal,Energy,Mr. Gautambhai Shantilal Adani S.Y. B.Com,"Ahmedabad, India",https://www.adanienterprises.com,2311.75,2238.85,2668245024768,77.16122,29.96,0.00059999997,3743.9,2025.0
2017-11-24 00:00:00+05:30,81.83403611245568,2314.95,2213.75,82.18260955810547,1376164,0.0,0.0,ADANIENT.NS,Adani Enterprises Limited,Thermal Coal,Energy,Mr. Gautambhai Shantilal Adani S.Y. B.Com,"Ahmedabad, India",https://www.adanienterprises.com,2311.75,2238.85,2668245024768,77.16122,29.96,0.00059999997,3743.9,2025.0
2017-11-27 00:00:00+05:30,80.43974283575044,2314.95,2213.75,81.11007690429688,1376164,0.0,0.0,ADANIENT.NS,Adani Enterprises Limited,Thermal Coal,Energy,Mr. Gautambhai Shantilal Adani S.Y. B.Com,"Ahmedabad, India",https://www.adanienterprises.com,2311.75,2238.85,2668245024768,77.16122,29.96,0.00059999997,3743.9,2025.0
2017-11-28 00:00:00+05:30,81.08326607478534,2314.95,2213.75,79.82303619384766,1376164,0.0,0.0,ADANIENT.NS,Adani Enterprises Limited,Thermal Coal,Energy,Mr. Gautambhai Shantilal Adani S.Y. B.Com,"Ahmedabad, India",https://www.adanienterprises.com,2311.75,2238.85,2668245024768,77.16122,29.96,0.00059999997,3743.9,2025.0
2017-11-29 00:00:00+05:30,79.8230227331604,2314.95,2213.75,79.07225799560547,1376164,0.0,0.0,ADANIENT.NS,Adani Enterprises Limited,Thermal Coal,Energy,Mr. Gautambhai Shantilal Adani S.Y. B.Com,"Ahmedabad, India",https://www.adanienterprises.com,2311.75,2238.85,2668245024768,77.16122,29.96,0.00059999997,3743.9,2025.0
2017-11-30 00:00:00+05:30,78.56282192291972,2314.95,2213.75,78.61644744873047,1376164,0.0,0.0,ADANIENT.NS,Adani Enterprises Limited,Thermal Coal,Energy,Mr. Gautambhai Shantilal Adani S.Y. B.Com,"Ahmedabad, India",https://www.adanienterprises.com,2311.75,2238.85,2668245024768,77.16122,29.96,0.00059999997,3743.9,2025.0
2017-12-01 00:00:00+05:30,78.83095044986007,2314.95,2213.75,76.33731842041016,1376164,0.0,0.0,ADANIENT.NS,Adani Enterprises Limited,Thermal Coal,Energy,Mr. Gautambhai Shantilal Adani S.Y. B.Com,"Ahmedabad, India",https://www.adanienterprises.com,2311.75,2238.85,2668245024768,77.16122,29.96,0.00059999997,3743.9,2025.0
2017-12-04 00:00:00+05:30,76.57863306220183,2314.95,2213.75,76.47137451171875,1376164,0.0,0.0,ADANIENT.NS,Adani Enterprises Limited,Thermal Coal,Energy,Mr. Gautambhai Shantilal Adani S.Y. B.Com,"Ahmedabad, India",https://www.adanienterprises.com,2311.75,2238.85,2668245024768,77.16122,29.96,0.00059999997,3743.9,2025.0
2017-12-05 00:00:00+05:30,76.49820780439885,2314.95,2213.75,78.16062927246094,1376164,0.0,0.0,ADANIENT.NS,Adani Enterprises Limited,Thermal Coal,Energy,Mr. Gautambhai Shantilal Adani S.Y. B.Com,"Ahmedabad, India",https://www.adanienterprises.com,2311.75,2238.85,2668245024768,77.16122,29.96,0.00059999997,3743.9,2025.0
2017-12-06 00:00:00+05:30,77.06127654114675,2314.95,2213.75,76.28369140625,1376164,0.0,0.0,ADANIENT.NS,Adani Enterprises Limited,Thermal Coal,Energy,Mr. Gautambhai Shantilal Adani S.Y. B.Com,"Ahmedabad, India",https://www.adanienterprises.com,2311.75,2238.85,2668245024768,77.16122,29.96,0.00059999997,3743.9,2025.0
2017-12-07 00:00:00+05:30,76.52500974470362,2314.95,2213.75,79.12589263916016,1376164,0.0,0.0,ADANIENT.NS,Adani Enterprises Limited,Thermal Coal,Energy,Mr. Gautambhai Shantilal Adani S.Y. B.Com,"Ahmedabad, India",https://www.adanienterprises.com,2311.75,2238.85,2668245024768,77.16122,29.96,0.00059999997,3743.9,2025.0
2017-12-08 00:00:00+05:30,80.01072807124822,2314.95,2213.75,81.00281524658203,1376164,0.0,0.0,ADANIENT.NS,Adani Enterprises Limited,Thermal Coal,Energy,Mr. Gautambhai Shantilal Adani S.Y. B.Com,"Ahmedabad, India",https://www.adanienterprises.com,2311.75,2238.85,2668245024768,77.16122,29.96,0.00059999997,3743.9,2025.0
2017-12-11 00:00:00+05:30,81.7267744162798,2314.95,2213.75,82.20941162109375,1376164,0.0,0.0,ADANIENT.NS,Adani Enterprises Limited,Thermal Coal,Energy,Mr. Gautambhai Shantilal Adani S.Y. B.Com,"Ahmedabad, India",https://www.adanienterprises.com,2311.75,2238.85,2668245024768,77.16122,29.96,0.00059999997,3743.9,2025.0
2017-12-12 00:00:00+05:30,82.53118778602641,2314.95,2213.75,81.8072280883789,1376164,0.0,0.0,ADANIENT.NS,Adani Enterprises Limited,Thermal Coal,Energy,Mr. Gautambhai Shantilal Adani S.Y. B.Com,"Ahmedabad, India",https://www.adanienterprises.com,2311.75,2238.85,2668245024768,77.16122,29.96,0.00059999997,3743.9,2025.0
2017-12-13 00:00:00+05:30,80.43974358793217,2314.95,2213.75,79.09908294677734,1376164,0.0,0.0,ADANIENT.NS,Adani Enterprises Limited,Thermal Coal,Energy,Mr. Gautambhai Shantilal Adani S.Y. B.Com,"Ahmedabad, India",https://www.adanienterprises.com,2311.75,2238.85,2668245024768,77.16122,29.96,0.00059999997,3743.9,2025.0
2017-12-14 00:00:00+05:30,78.83095208701589,2314.95,2213.75,79.66216278076172,1376164,0.0,0.0,ADANIENT.NS,Adani Enterprises Limited,Thermal Coal,Energy,Mr. Gautambhai Shantilal Adani S.Y. B.Com,"Ahmedabad, India",https://www.adanienterprises.com,2311.75,2238.85,2668245024768,77.16122,29.96,0.00059999997,3743.9,2025.0
2017-12-15 00:00:00+05:30,83.09425356773373,2314.95,2213.75,83.22832489013672,1376164,0.0,0.0,ADANIENT.NS,Adani Enterprises Limited,Thermal Coal,Energy,Mr. Gautambhai Shantilal Adani S.Y. B.Com,"Ahmedabad, India",https://www.adanienterprises.com,2311.75,2238.85,2668245024768,77.16122,29.96,0.00059999997,3743.9,2025.0
2017-12-18 00:00:00+05:30,79.36720393722688,2314.95,2213.75,85.77557373046875,1376164,0.0,0.0,ADANIENT.NS,Adani Enterprises Limited,Thermal Coal,Energy,Mr. Gautambhai Shantilal Adani S.Y. B.Com,"Ahmedabad, India",https://www.adanienterprises.com,2311.75,2238.85,2668245024768,77.16122,29.96,0.00059999997,3743.9,2025.0
2017-12-19 00:00:00+05:30,85.74877920145475,2314.95,2213.75,86.01691436767578,1376164,0.0,0.0,ADANIENT.NS,Adani Enterprises Limited,Thermal Coal,Energy,Mr. Gautambhai Shantilal Adani S.Y. B.Com,"Ahmedabad, India",https://www.adanienterprises.com,2311.75,2238.85,2668245024768,77.16122,29.96,0.00059999997,3743.9,2025.0
2017-12-20 00:00:00+05:30,85.80239387832768,2314.95,2213.75,86.31184387207031,1376164,0.0,0.0,ADANIENT.NS,Adani Enterprises Limited,Thermal Coal,Energy,Mr. Gautambhai Shantilal Adani S.Y. B.Com,"Ahmedabad, India",https://www.adanienterprises.com,2311.75,2238.85,2668245024768,77.16122,29.96,0.00059999997,3743.9,2025.0
2017-12-21 00:00:00+05:30,86.33866987563083,2314.95,2213.75,87.19669342041016,1376164,0.0,0.0,ADANIENT.NS,Adani Enterprises Limited,Thermal Coal,Energy,Mr. Gautambhai Shantilal Adani S.Y. B.Com,"Ahmedabad, India",https://www.adanienterprises.com,2311.75,2238.85,2668245024768,77.16122,29.96,0.00059999997,3743.9,2025.0
2017-12-22 00:00:00+05:30,87.38436433323582,2314.95,2213.75,87.35755157470703,1376164,0.0,0.0,ADANIENT.NS,Adani Enterprises Limited,Thermal Coal,Energy,Mr. Gautambhai Shantilal Adani S.Y. B.Com,"Ahmedabad, India",https://www.adanienterprises.com,2311.75,2238.85,2668245024768,77.16122,29.96,0.00059999997,3743.9,2025.0
2017-12-26 00:00:00+05:30,87.41119681765826,2314.95,2213.75,87.51844787597656,1376164,0.0,0.0,ADANIENT.NS,Adani Enterprises Limited,Thermal Coal,Energy,Mr. Gautambhai Shantilal Adani S.Y. B.Com,"Ahmedabad, India",https://www.adanienterprises.com,2311.75,2238.85,2668245024768,77.16122,29.96,0.00059999997,3743.9,2025.0
2017-12-27 00:00:00+05:30,87.41118869480802,2314.95,2213.75,88.99317169189453,1376164,0.0,0.0,ADANIENT.NS,Adani Enterprises Limited,Thermal Coal,Energy,Mr. Gautambhai Shantilal Adani S.Y. B.Com,"Ahmedabad, India",https://www.adanienterprises.com,2311.75,2238.85,2668245024768,77.16122,29.96,0.00059999997,3743.9,2025.0
2017-12-28 00:00:00+05:30,89.01998918332913,2314.95,2213.75,88.61779022216797,1376164,0.0,0.0,ADANIENT.NS,Adani Enterprises Limited,Thermal Coal,Energy,Mr. Gautambhai Shantilal Adani S.Y. B.Com,"Ahmedabad, India",https://www.adanienterprises.com,2311.75,2238.85,2668245024768,77.16122,29.96,0.00059999997,3743.9,2025.0
2017-12-29 00:00:00+05:30,88.48372010684426,2314.95,2213.75,89.20767974853516,1376164,0.0,0.0,ADANIENT.NS,Adani Enterprises Limited,Thermal Coal,Energy,Mr. Gautambhai Shantilal Adani S.Y. B.Com,"Ahmedabad, India",https://www.adanienterprises.com,2311.75,2238.85,2668245024768,77.16122,29.96,0.00059999997,3743.9,2025.0
2018-01-01 00:00:00+05:30,88.9127350028047,2314.95,2213.75,89.04680633544922,1376164,0.0,0.0,ADANIENT.NS,Adani Enterprises Limited,Thermal Coal,Energy,Mr. Gautambhai Shantilal Adani S.Y. B.Com,"Ahmedabad, India",https://www.adanienterprises.com,2311.75,2238.85,2668245024768,77.16122,29.96,0.00059999997,3743.9,2025.0
2018-01-02 00:00:00+05:30,89.07361344896705,2314.95,2213.75,87.89382934570312,1376164,0.0,0.0,ADANIENT.NS,Adani Enterprises Limited,Thermal Coal,Energy,Mr. Gautambhai Shantilal Adani S.Y. B.Com,"Ahmedabad, India",https://www.adanienterprises.com,2311.75,2238.85,2668245024768,77.16122,29.96,0.00059999997,3743.9,2025.0
2018-01-03 00:00:00+05:30,87.89381686391712,2314.95,2213.75,94.48987579345703,1376164,0.0,0.0,ADANIENT.NS,Adani Enterprises Limited,Thermal Coal,Energy,Mr. Gautambhai Shantilal Adani S.Y. B.Com,"Ahmedabad, India",https://www.adanienterprises.com,2311.75,2238.85,2668245024768,77.16122,29.96,0.00059999997,3743.9,2025.0
2018-01-04 00:00:00+05:30,94.3826325214475,2314.95,2213.75,98.29736328125,1376164,0.0,0.0,ADANIENT.NS,Adani Enterprises Limited,Thermal Coal,Energy,Mr. Gautambhai Shantilal Adani S.Y. B.Com,"Ahmedabad, India",https://www.adanienterprises.com,2311.75,2238.85,2668245024768,77.16122,29.96,0.00059999997,3743.9,2025.0
2018-01-05 00:00:00+05:30,99.10176812981129,2314.95,2213.75,103.57958221435547,1376164,0.0,0.0,ADANIENT.NS,Adani Enterprises Limited,Thermal Coal,Energy,Mr. Gautambhai Shantilal Adani S.Y. B.Com,"Ahmedabad, India",https://www.adanienterprises.com,2311.75,2238.85,2668245024768,77.16122,29.96,0.00059999997,3743.9,2025.0
2018-01-08 00:00:00+05:30,103.28463054292675,2314.95,2213.75,105.34925079345703,1376164,0.0,0.0,ADANIENT.NS,Adani Enterprises Limited,Thermal Coal,Energy,Mr. Gautambhai Shantilal Adani S.Y. B.Com,"Ahmedabad, India",https://www.adanienterprises.com,2311.75,2238.85,2668245024768,77.16122,29.96,0.00059999997,3743.9,2025.0
2018-01-09 00:00:00+05:30,106.18047232308456,2314.95,2213.75,105.05431365966797,1376164,0.0,0.0,ADANIENT.NS,Adani Enterprises Limited,Thermal Coal,Energy,Mr. Gautambhai Shantilal Adani S.Y. B.Com,"Ahmedabad, India",https://www.adanienterprises.com,2311.75,2238.85,2668245024768,77.16122,29.96,0.00059999997,3743.9,2025.0
2018-01-10 00:00:00+05:30,105.16156247078345,2314.95,2213.75,106.6094741821289,1376164,0.0,0.0,ADANIENT.NS,Adani Enterprises Limited,Thermal Coal,Energy,Mr. Gautambhai Shantilal Adani S.Y. B.Com,"Ahmedabad, India",https://www.adanienterprises.com,2311.75,2238.85,2668245024768,77.16122,29.96,0.00059999997,3743.9,2025.0
2018-01-11 00:00:00+05:30,106.18046039051166,2314.95,2213.75,108.16464233398438,1376164,0.0,0.0,ADANIENT.NS,Adani Enterprises Limited,Thermal Coal,Energy,Mr. Gautambhai Shantilal Adani S.Y. B.Com,"Ahmedabad, India",https://www.adanienterprises.com,2311.75,2238.85,2668245024768,77.16122,29.96,0.00059999997,3743.9,2025.0
2018-01-12 00:00:00+05:30,108.32551159285838,2314.95,2213.75,107.2261734008789,1376164,0.0,0.0,ADANIENT.NS,Adani Enterprises Limited,Thermal Coal,Energy,Mr. Gautambhai Shantilal Adani S.Y. B.Com,"Ahmedabad, India",https://www.adanienterprises.com,2311.75,2238.85,2668245024768,77.16122,29.96,0.00059999997,3743.9,2025.0
2018-01-15 00:00:00+05:30,107.78926455945087,2314.95,2213.75,106.2877197265625,1376164,0.0,0.0,ADANIENT.NS,Adani Enterprises Limited,Thermal Coal,Energy,Mr. Gautambhai Shantilal Adani S.Y. B.Com,"Ahmedabad, India",https://www.adanienterprises.com,2311.75,2238.85,2668245024768,77.16122,29.96,0.00059999997,3743.9,2025.0
2018-01-16 00:00:00+05:30,106.55584651535851,2314.95,2213.75,104.35716247558594,1376164,0.0,0.0,ADANIENT.NS,Adani Enterprises Limited,Thermal Coal,Energy,Mr. Gautambhai Shantilal Adani S.Y. B.Com,"Ahmedabad, India",https://www.adanienterprises.com,2311.75,2238.85,2668245024768,77.16122,29.96,0.00059999997,3743.9,2025.0
2018-01-17 00:00:00+05:30,104.14265385450679,2314.95,2213.75,109.69300079345703,1376164,0.0,0.0,ADANIENT.NS,Adani Enterprises Limited,Thermal Coal,Energy,Mr. Gautambhai Shantilal Adani S.Y. B.Com,"Ahmedabad, India",https://www.adanienterprises.com,2311.75,2238.85,2668245024768,77.16122,29.96,0.00059999997,3743.9,2025.0
2018-01-18 00:00:00+05:30,110.47058314645345,2314.95,2213.75,104.70573425292969,1376164,0.0,0.0,ADANIENT.NS,Adani Enterprises Limited,Thermal Coal,Energy,Mr. Gautambhai Shantilal Adani S.Y. B.Com,"Ahmedabad, India",https://www.adanienterprises.com,2311.75,2238.85,2668245024768,77.16122,29.96,0.00059999997,3743.9,2025.0
2018-01-19 00:00:00+05:30,104.70574375544048,2314.95,2213.75,107.09211730957031,1376164,0.0,0.0,ADANIENT.NS,Adani Enterprises Limited,Thermal Coal,Energy,Mr. Gautambhai Shantilal Adani S.Y. B.Com,"Ahmedabad, India",https://www.adanienterprises.com,2311.75,2238.85,2668245024768,77.16122,29.96,0.00059999997,3743.9,2025.0
2018-01-22 00:00:00+05:30,106.18046395243748,2314.95,2213.75,106.66310119628906,1376164,0.0,0.0,ADANIENT.NS,Adani Enterprises Limited,Thermal Coal,Energy,Mr. Gautambhai Shantilal Adani S.Y. B.Com,"Ahmedabad, India",https://www.adanienterprises.com,2311.75,2238.85,2668245024768,77.16122,29.96,0.00059999997,3743.9,2025.0
2018-01-23 00:00:00+05:30,106.93122768650342,2314.95,2213.75,109.612548828125,1376164,0.0,0.0,ADANIENT.NS,Adani Enterprises Limited,Thermal Coal,Energy,Mr. Gautambhai Shantilal Adani S.Y. B.Com,"Ahmedabad, India",https://www.adanienterprises.com,2311.75,2238.85,2668245024768,77.16122,29.96,0.00059999997,3743.9,2025.0
2018-01-24 00:00:00+05:30,109.55893228182667,2314.95,2213.75,110.20245361328125,1376164,0.0,0.0,ADANIENT.NS,Adani Enterprises Limited,Thermal Coal,Energy,Mr. Gautambhai Shantilal Adani S.Y. B.Com,"Ahmedabad, India",https://www.adanienterprises.com,2311.75,2238.85,2668245024768,77.16122,29.96,0.00059999997,3743.9,2025.0
2018-01-25 00:00:00+05:30,109.93431505903108,2314.95,2213.75,114.97520446777344,1376164,0.0,0.0,ADANIENT.NS,Adani Enterprises Limited,Thermal Coal,Energy,Mr. Gautambhai Shantilal Adani S.Y. B.Com,"Ahmedabad, India",https://www.adanienterprises.com,2311.75,2238.85,2668245024768,77.16122,29.96,0.00059999997,3743.9,2025.0
2018-01-29 00:00:00+05:30,115.61873683560485,2314.95,2213.75,114.41213989257812,1376164,0.0,0.0,ADANIENT.NS,Adani Enterprises Limited,Thermal Coal,Energy,Mr. Gautambhai Shantilal Adani S.Y. B.Com,"Ahmedabad, India",https://www.adanienterprises.com,2311.75,2238.85,2668245024768,77.16122,29.96,0.00059999997,3743.9,2025.0
2018-01-30 00:00:00+05:30,113.15190571522554,2314.95,2213.75,113.31278228759766,1376164,0.0,0.0,ADANIENT.NS,Adani Enterprises Limited,Thermal Coal,Energy,Mr. Gautambhai Shantilal Adani S.Y. B.Com,"Ahmedabad, India",https://www.adanienterprises.com,2311.75,2238.85,2668245024768,77.16122,29.96,0.00059999997,3743.9,2025.0
2018-01-31 00:00:00+05:30,112.58882838742907,2314.95,2213.75,114.3316879272461,1376164,0.0,0.0,ADANIENT.NS,Adani Enterprises Limited,Thermal Coal,Energy,Mr. Gautambhai Shantilal Adani S.Y. B.Com,"Ahmedabad, India",https://www.adanienterprises.com,2311.75,2238.85,2668245024768,77.16122,29.96,0.00059999997,3743.9,2025.0
2018-02-01 00:00:00+05:30,114.22442617659675,2314.95,2213.75,114.76069641113281,1376164,0.0,0.0,ADANIENT.NS,Adani Enterprises Limited,Thermal Coal,Energy,Mr. Gautambhai Shantilal Adani S.Y. B.Com,"Ahmedabad, India",https://www.adanienterprises.com,2311.75,2238.85,2668245024768,77.16122,29.96,0.00059999997,3743.9,2025.0
2018-02-02 00:00:00+05:30,114.22444091499663,2314.95,2213.75,105.75145721435547,1376164,0.0,0.0,ADANIENT.NS,Adani Enterprises Limited,Thermal Coal,Energy,Mr. Gautambhai Shantilal Adani S.Y. B.Com,"Ahmedabad, India",https://www.adanienterprises.com,2311.75,2238.85,2668245024768,77.16122,29.96,0.00059999997,3743.9,2025.0
2018-02-05 00:00:00+05:30,99.2626476018294,2314.95,2213.75,106.95805358886719,1376164,0.0,0.0,ADANIENT.NS,Adani Enterprises Limited,Thermal Coal,Energy,Mr. Gautambhai Shantilal Adani S.Y. B.Com,"Ahmedabad, India",https://www.adanienterprises.com,2311.75,2238.85,2668245024768,77.16122,29.96,0.00059999997,3743.9,2025.0
2018-02-06 00:00:00+05:30,99.2090245234072,2314.95,2213.75,104.73255920410156,1376164,0.0,0.0,ADANIENT.NS,Adani Enterprises Limited,Thermal Coal,Energy,Mr. Gautambhai Shantilal Adani S.Y. B.Com,"Ahmedabad, India",https://www.adanienterprises.com,2311.75,2238.85,2668245024768,77.16122,29.96,0.00059999997,3743.9,2025.0
2018-02-07 00:00:00+05:30,107.01168436823095,2314.95,2213.75,105.51013946533203,1376164,0.0,0.0,ADANIENT.NS,Adani Enterprises Limited,Thermal Coal,Energy,Mr. Gautambhai Shantilal Adani S.Y. B.Com,"Ahmedabad, India",https://www.adanienterprises.com,2311.75,2238.85,2668245024768,77.16122,29.96,0.00059999997,3743.9,2025.0
2018-02-08 00:00:00+05:30,106.31452812885819,2314.95,2213.75,109.66619110107422,1376164,0.0,0.0,ADANIENT.NS,Adani Enterprises Limited,Thermal Coal,Energy,Mr. Gautambhai Shantilal Adani S.Y. B.Com,"Ahmedabad, India",https://www.adanienterprises.com,2311.75,2238.85,2668245024768,77.16122,29.96,0.00059999997,3743.9,2025.0
2018-02-09 00:00:00+05:30,107.25299759484872,2314.95,2213.75,112.66927337646484,1376164,0.0,0.0,ADANIENT.NS,Adani Enterprises Limited,Thermal Coal,Energy,Mr. Gautambhai Shantilal Adani S.Y. B.Com,"Ahmedabad, India",https://www.adanienterprises.com,2311.75,2238.85,2668245024768,77.16122,29.96,0.00059999997,3743.9,2025.0
2018-02-12 00:00:00+05:30,113.25915859741204,2314.95,2213.75,116.5035629272461,1376164,0.0,0.0,ADANIENT.NS,Adani Enterprises Limited,Thermal Coal,Energy,Mr. Gautambhai Shantilal Adani S.Y. B.Com,"Ahmedabad, India",https://www.adanienterprises.com,2311.75,2238.85,2668245024768,77.16122,29.96,0.00059999997,3743.9,2025.0
2018-02-14 00:00:00+05:30,117.1738996021879,2314.95,2213.75,117.683349609375,1376164,0.0,0.0,ADANIENT.NS,Adani Enterprises Limited,Thermal Coal,Energy,Mr. Gautambhai Shantilal Adani S.Y. B.Com,"Ahmedabad, India",https://www.adanienterprises.com,2311.75,2238.85,2668245024768,77.16122,29.96,0.00059999997,3743.9,2025.0
2018-02-15 00:00:00+05:30,118.56819160824386,2314.95,2213.75,115.16291046142578,1376164,0.0,0.0,ADANIENT.NS,Adani Enterprises Limited,Thermal Coal,Energy,Mr. Gautambhai Shantilal Adani S.Y. B.Com,"Ahmedabad, India",https://www.adanienterprises.com,2311.75,2238.85,2668245024768,77.16122,29.96,0.00059999997,3743.9,2025.0
2018-02-16 00:00:00+05:30,115.72599257074796,2314.95,2213.75,111.43587493896484,1376164,0.0,0.0,ADANIENT.NS,Adani Enterprises Limited,Thermal Coal,Energy,Mr. Gautambhai Shantilal Adani S.Y. B.Com,"Ahmedabad, India",https://www.adanienterprises.com,2311.75,2238.85,2668245024768,77.16122,29.96,0.00059999997,3743.9,2025.0
2018-02-19 00:00:00+05:30,109.9343174397273,2314.95,2213.75,108.80815887451172,1376164,0.0,0.0,ADANIENT.NS,Adani Enterprises Limited,Thermal Coal,Energy,Mr. Gautambhai Shantilal Adani S.Y. B.Com,"Ahmedabad, India",https://www.adanienterprises.com,2311.75,2238.85,2668245024768,77.16122,29.96,0.00059999997,3743.9,2025.0
2018-02-20 00:00:00+05:30,108.32553210552754,2314.95,2213.75,106.18047332763672,1376164,0.0,0.0,ADANIENT.NS,Adani Enterprises Limited,Thermal Coal,Energy,Mr. Gautambhai Shantilal Adani S.Y. B.Com,"Ahmedabad, India",https://www.adanienterprises.com,2311.75,2238.85,2668245024768,77.16122,29.96,0.00059999997,3743.9,2025.0
2018-02-21 00:00:00+05:30,106.87761884158088,2314.95,2213.75,105.85871124267578,1376164,0.0,0.0,ADANIENT.NS,Adani Enterprises Limited,Thermal Coal,Energy,Mr. Gautambhai Shantilal Adani S.Y. B.Com,"Ahmedabad, India",https://www.adanienterprises.com,2311.75,2238.85,2668245024768,77.16122,29.96,0.00059999997,3743.9,2025.0
2018-02-22 00:00:00+05:30,105.10793588125264,2314.95,2213.75,109.02267456054688,1376164,0.0,0.0,ADANIENT.NS,Adani Enterprises Limited,Thermal Coal,Energy,Mr. Gautambhai Shantilal Adani S.Y. B.Com,"Ahmedabad, India",https://www.adanienterprises.com,2311.75,2238.85,2668245024768,77.16122,29.96,0.00059999997,3743.9,2025.0
2018-02-23 00:00:00+05:30,109.66619256418734,2314.95,2213.75,109.58574676513672,1376164,0.0,0.0,ADANIENT.NS,Adani Enterprises Limited,Thermal Coal,Energy,Mr. Gautambhai Shantilal Adani S.Y. B.Com,"Ahmedabad, India",https://www.adanienterprises.com,2311.75,2238.85,2668245024768,77.16122,29.96,0.00059999997,3743.9,2025.0
2018-02-26 00:00:00+05:30,109.93431995737183,2314.95,2213.75,110.2560806274414,1376164,0.0,0.0,ADANIENT.NS,Adani Enterprises Limited,Thermal Coal,Energy,Mr. Gautambhai Shantilal Adani S.Y. B.Com,"Ahmedabad, India",https://www.adanienterprises.com,2311.75,2238.85,2668245024768,77.16122,29.96,0.00059999997,3743.9,2025.0
2018-02-27 00:00:00+05:30,110.47059296294033,2314.95,2213.75,111.0336685180664,1376164,0.0,0.0,ADANIENT.NS,Adani Enterprises Limited,Thermal Coal,Energy,Mr. Gautambhai Shantilal Adani S.Y. B.Com,"Ahmedabad, India",https://www.adanienterprises.com,2311.75,2238.85,2668245024768,77.16122,29.96,0.00059999997,3743.9,2025.0
2018-02-28 00:00:00+05:30,109.90750301732957,2314.95,2213.75,109.15673065185547,1376164,0.0,0.0,ADANIENT.NS,Adani Enterprises Limited,Thermal Coal,Energy,Mr. Gautambhai Shantilal Adani S.Y. B.Com,"Ahmedabad, India",https://www.adanienterprises.com,2311.75,2238.85,2668245024768,77.16122,29.96,0.00059999997,3743.9,2025.0
2018-03-01 00:00:00+05:30,109.15673324007142,2314.95,2213.75,106.79717254638672,1376164,0.0,0.0,ADANIENT.NS,Adani Enterprises Limited,Thermal Coal,Energy,Mr. Gautambhai Shantilal Adani S.Y. B.Com,"Ahmedabad, India",https://www.adanienterprises.com,2311.75,2238.85,2668245024768,77.16122,29.96,0.00059999997,3743.9,2025.0
2018-03-05 00:00:00+05:30,106.71673388873914,2314.95,2213.75,107.73564147949219,1376164,0.0,0.0,ADANIENT.NS,Adani Enterprises Limited,Thermal Coal,Energy,Mr. Gautambhai Shantilal Adani S.Y. B.Com,"Ahmedabad, India",https://www.adanienterprises.com,2311.75,2238.85,2668245024768,77.16122,29.96,0.00059999997,3743.9,2025.0
2018-03-06 00:00:00+05:30,108.59365748793157,2314.95,2213.75,99.8525390625,1376164,0.0,0.0,ADANIENT.NS,Adani Enterprises Limited,Thermal Coal,Energy,Mr. Gautambhai Shantilal Adani S.Y. B.Com,"Ahmedabad, India",https://www.adanienterprises.com,2311.75,2238.85,2668245024768,77.16122,29.96,0.00059999997,3743.9,2025.0
2018-03-07 00:00:00+05:30,98.08286997426374,2314.95,2213.75,92.34483337402344,1376164,0.0,0.0,ADANIENT.NS,Adani Enterprises Limited,Thermal Coal,Energy,Mr. Gautambhai Shantilal Adani S.Y. B.Com,"Ahmedabad, India",https://www.adanienterprises.com,2311.75,2238.85,2668245024768,77.16122,29.96,0.00059999997,3743.9,2025.0
2018-03-08 00:00:00+05:30,93.31010086190949,2314.95,2213.75,90.60196685791016,1376164,0.0,0.0,ADANIENT.NS,Adani Enterprises Limited,Thermal Coal,Energy,Mr. Gautambhai Shantilal Adani S.Y. B.Com,"Ahmedabad, India",https://www.adanienterprises.com,2311.75,2238.85,2668245024768,77.16122,29.96,0.00059999997,3743.9,2025.0
2018-03-09 00:00:00+05:30,90.60197618232787,2314.95,2213.75,83.71096801757812,1376164,0.0,0.0,ADANIENT.NS,Adani Enterprises Limited,Thermal Coal,Energy,Mr. Gautambhai Shantilal Adani S.Y. B.Com,"Ahmedabad, India",https://www.adanienterprises.com,2311.75,2238.85,2668245024768,77.16122,29.96,0.00059999997,3743.9,2025.0
2018-03-12 00:00:00+05:30,84.9711874709402,2314.95,2213.75,87.00899505615234,1376164,0.0,0.0,ADANIENT.NS,Adani Enterprises Limited,Thermal Coal,Energy,Mr. Gautambhai Shantilal Adani S.Y. B.Com,"Ahmedabad, India",https://www.adanienterprises.com,2311.75,2238.85,2668245024768,77.16122,29.96,0.00059999997,3743.9,2025.0
2018-03-13 00:00:00+05:30,86.90173688718768,2314.95,2213.75,85.66832733154297,1376164,0.0,0.0,ADANIENT.NS,Adani Enterprises Limited,Thermal Coal,Energy,Mr. Gautambhai Shantilal Adani S.Y. B.Com,"Ahmedabad, India",https://www.adanienterprises.com,2311.75,2238.85,2668245024768,77.16122,29.96,0.00059999997,3743.9,2025.0
2018-03-14 00:00:00+05:30,84.08635822584067,2314.95,2213.75,87.81340026855469,1376164,0.0,0.0,ADANIENT.NS,Adani Enterprises Limited,Thermal Coal,Energy,Mr. Gautambhai Shantilal Adani S.Y. B.Com,"Ahmedabad, India",https://www.adanienterprises.com,2311.75,2238.85,2668245024768,77.16122,29.96,0.00059999997,3743.9,2025.0
2018-03-15 00:00:00+05:30,87.67931754103986,2314.95,2213.75,89.58306121826172,1376164,0.0,0.0,ADANIENT.NS,Adani Enterprises Limited,Thermal Coal,Energy,Mr. Gautambhai Shantilal Adani S.Y. B.Com,"Ahmedabad, India",https://www.adanienterprises.com,2311.75,2238.85,2668245024768,77.16122,29.96,0.00059999997,3743.9,2025.0
2018-03-16 00:00:00+05:30,89.8243882690746,2314.95,2213.75,86.0705337524414,1376164,0.0,0.0,ADANIENT.NS,Adani Enterprises Limited,Thermal Coal,Energy,Mr. Gautambhai Shantilal Adani S.Y. B.Com,"Ahmedabad, India",https://www.adanienterprises.com,2311.75,2238.85,2668245024768,77.16122,29.96,0.00059999997,3743.9,2025.0
2018-03-19 00:00:00+05:30,85.80239248536577,2314.95,2213.75,86.12415313720703,1376164,0.0,0.0,ADANIENT.NS,Adani Enterprises Limited,Thermal Coal,Energy,Mr. Gautambhai Shantilal Adani S.Y. B.Com,"Ahmedabad, India",https://www.adanienterprises.com,2311.75,2238.85,2668245024768,77.16122,29.96,0.00059999997,3743.9,2025.0
2018-03-20 00:00:00+05:30,85.23931835981998,2314.95,2213.75,86.31184387207031,1376164,0.0,0.0,ADANIENT.NS,Adani Enterprises Limited,Thermal Coal,Energy,Mr. Gautambhai Shantilal Adani S.Y. B.Com,"Ahmedabad, India",https://www.adanienterprises.com,2311.75,2238.85,2668245024768,77.16122,29.96,0.00059999997,3743.9,2025.0
2018-03-21 00:00:00+05:30,86.74086297327963,2314.95,2213.75,86.98218536376953,1376164,0.0,0.0,ADANIENT.NS,Adani Enterprises Limited,Thermal Coal,Energy,Mr. Gautambhai Shantilal Adani S.Y. B.Com,"Ahmedabad, India",https://www.adanienterprises.com,2311.75,2238.85,2668245024768,77.16122,29.96,0.00059999997,3743.9,2025.0
2018-03-22 00:00:00+05:30,87.08942930918052,2314.95,2213.75,85.5074462890625,1376164,0.0,0.0,ADANIENT.NS,Adani Enterprises Limited,Thermal Coal,Energy,Mr. Gautambhai Shantilal Adani S.Y. B.Com,"Ahmedabad, India",https://www.adanienterprises.com,2311.75,2238.85,2668245024768,77.16122,29.96,0.00059999997,3743.9,2025.0
2018-03-23 00:00:00+05:30,83.12105912437045,2314.95,2213.75,81.75358581542969,1376164,0.0,0.0,ADANIENT.NS,Adani Enterprises Limited,Thermal Coal,Energy,Mr. Gautambhai Shantilal Adani S.Y. B.Com,"Ahmedabad, India",https://www.adanienterprises.com,2311.75,2238.85,2668245024768,77.16122,29.96,0.00059999997,3743.9,2025.0
2018-03-26 00:00:00+05:30,81.78041530366848,2314.95,2213.75,87.81340026855469,1376164,0.0,0.0,ADANIENT.NS,Adani Enterprises Limited,Thermal Coal,Energy,Mr. Gautambhai Shantilal Adani S.Y. B.Com,"Ahmedabad, India",https://www.adanienterprises.com,2311.75,2238.85,2668245024768,77.16122,29.96,0.00059999997,3743.9,2025.0
2018-03-27 00:00:00+05:30,88.96636334553016,2314.95,2213.75,85.74877166748047,1376164,0.0,0.0,ADANIENT.NS,Adani Enterprises Limited,Thermal Coal,Energy,Mr. Gautambhai Shantilal Adani S.Y. B.Com,"Ahmedabad, India",https://www.adanienterprises.com,2311.75,2238.85,2668245024768,77.16122,29.96,0.00059999997,3743.9,2025.0
2018-03-28 00:00:00+05:30,85.21249414471124,2314.95,2213.75,83.871826171875,1376164,0.0,0.0,ADANIENT.NS,Adani Enterprises Limited,Thermal Coal,Energy,Mr. Gautambhai Shantilal Adani S.Y. B.Com,"Ahmedabad, India",https://www.adanienterprises.com,2311.75,2238.85,2668245024768,77.16122,29.96,0.00059999997,3743.9,2025.0
2018-04-02 00:00:00+05:30,84.3544776770839,2314.95,2213.75,86.2850341796875,1376164,0.0,0.0,ADANIENT.NS,Adani Enterprises Limited,Thermal Coal,Energy,Mr. Gautambhai Shantilal Adani S.Y. B.Com,"Ahmedabad, India",https://www.adanienterprises.com,2311.75,2238.85,2668245024768,77.16122,29.96,0.00059999997,3743.9,2025.0
2018-04-03 00:00:00+05:30,84.86393487192598,2314.95,2213.75,87.08943176269531,1376164,0.0,0.0,ADANIENT.NS,Adani Enterprises Limited,Thermal Coal,Energy,Mr. Gautambhai Shantilal Adani S.Y. B.Com,"Ahmedabad, India",https://www.adanienterprises.com,2311.75,2238.85,2668245024768,77.16122,29.96,0.00059999997,3743.9,2025.0
2018-04-04 00:00:00+05:30,87.11624392176373,2314.95,2213.75,81.21733093261719,1376164,0.0,0.0,ADANIENT.NS,Adani Enterprises Limited,Thermal Coal,Energy,Mr. Gautambhai Shantilal Adani S.Y. B.Com,"Ahmedabad, India",https://www.adanienterprises.com,2311.75,2238.85,2668245024768,77.16122,29.96,0.00059999997,3743.9,2025.0
2018-04-05 00:00:00+05:30,83.98310578825601,2314.95,2213.75,93.36016845703125,1376164,0.0,0.0,ADANIENT.NS,Adani Enterprises Limited,Thermal Coal,Energy,Mr. Gautambhai Shantilal Adani S.Y. B.Com,"Ahmedabad, India",https://www.adanienterprises.com,2311.75,2238.85,2668245024768,77.16122,29.96,0.00059999997,3743.9,2025.0
2018-04-06 00:00:00+05:30,93.61276500317281,2314.95,2213.75,94.55994415283203,1376164,0.0,0.0,ADANIENT.NS,Adani Enterprises Limited,Thermal Coal,Energy,Mr. Gautambhai Shantilal Adani S.Y. B.Com,"Ahmedabad, India",https://www.adanienterprises.com,2311.75,2238.85,2668245024768,77.16122,29.96,0.00059999997,3743.9,2025.0
2018-04-09 00:00:00+05:30,94.84408289759563,2314.95,2213.75,92.91815185546875,1376164,0.0,0.0,ADANIENT.NS,Adani Enterprises Limited,Thermal Coal,Energy,Mr. Gautambhai Shantilal Adani S.Y. B.Com,"Ahmedabad, India",https://www.adanienterprises.com,2311.75,2238.85,2668245024768,77.16122,29.96,0.00059999997,3743.9,2025.0
2018-04-10 00:00:00+05:30,93.77061709401514,2314.95,2213.75,93.29702758789062,1376164,0.0,0.0,ADANIENT.NS,Adani Enterprises Limited,Thermal Coal,Energy,Mr. Gautambhai Shantilal Adani S.Y. B.Com,"Ahmedabad, India",https://www.adanienterprises.com,2311.75,2238.85,2668245024768,77.16122,29.96,0.00059999997,3743.9,2025.0
2018-04-11 00:00:00+05:30,93.48646425481333,2314.95,2213.75,91.27638244628906,1376164,0.0,0.0,ADANIENT.NS,Adani Enterprises Limited,Thermal Coal,Energy,Mr. Gautambhai Shantilal Adani S.Y. B.Com,"Ahmedabad, India",https://www.adanienterprises.com,2311.75,2238.85,2668245024768,77.16122,29.96,0.00059999997,3743.9,2025.0
2018-04-12 00:00:00+05:30,91.30796349528016,2314.95,2213.75,85.94062042236328,1376164,0.0,0.0,ADANIENT.NS,Adani Enterprises Limited,Thermal Coal,Energy,Mr. Gautambhai Shantilal Adani S.Y. B.Com,"Ahmedabad, India",https://www.adanienterprises.com,2311.75,2238.85,2668245024768,77.16122,29.96,0.00059999997,3743.9,2025.0
2018-04-13 00:00:00+05:30,88.65586931047429,2314.95,2213.75,88.0244140625,1376164,0.0,0.0,ADANIENT.NS,Adani Enterprises Limited,Thermal Coal,Energy,Mr. Gautambhai Shantilal Adani S.Y. B.Com,"Ahmedabad, India",https://www.adanienterprises.com,2311.75,2238.85,2668245024768,77.16122,29.96,0.00059999997,3743.9,2025.0
2018-04-16 00:00:00+05:30,87.58239314285404,2314.95,2213.75,88.87686920166016,1376164,0.0,0.0,ADANIENT.NS,Adani Enterprises Limited,Thermal Coal,Energy,Mr. Gautambhai Shantilal Adani S.Y. B.Com,"Ahmedabad, India",https://www.adanienterprises.com,2311.75,2238.85,2668245024768,77.16122,29.96,0.00059999997,3743.9,2025.0
2018-04-17 00:00:00+05:30,89.31890017780063,2314.95,2213.75,88.08757019042969,1376164,0.0,0.0,ADANIENT.NS,Adani Enterprises Limited,Thermal Coal,Energy,Mr. Gautambhai Shantilal Adani S.Y. B.Com,"Ahmedabad, India",https://www.adanienterprises.com,2311.75,2238.85,2668245024768,77.16122,29.96,0.00059999997,3743.9,2025.0
2018-04-18 00:00:00+05:30,89.03473821604418,2314.95,2213.75,86.35106658935547,1376164,0.0,0.0,ADANIENT.NS,Adani Enterprises Limited,Thermal Coal,Energy,Mr. Gautambhai Shantilal Adani S.Y. B.Com,"Ahmedabad, India",https://www.adanienterprises.com,2311.75,2238.85,2668245024768,77.16122,29.96,0.00059999997,3743.9,2025.0
2018-04-19 00:00:00+05:30,85.56174712359747,2314.95,2213.75,89.44517517089844,1376164,0.0,0.0,ADANIENT.NS,Adani Enterprises Limited,Thermal Coal,Energy,Mr. Gautambhai Shantilal Adani S.Y. B.Com,"Ahmedabad, India",https://www.adanienterprises.com,2311.75,2238.85,2668245024768,77.16122,29.96,0.00059999997,3743.9,2025.0
2018-04-20 00:00:00+05:30,89.03473225768353,2314.95,2213.75,86.95093536376953,1376164,0.0,0.0,ADANIENT.NS,Adani Enterprises Limited,Thermal Coal,Energy,Mr. Gautambhai Shantilal Adani S.Y. B.Com,"Ahmedabad, India",https://www.adanienterprises.com,2311.75,2238.85,2668245024768,77.16122,29.96,0.00059999997,3743.9,2025.0
2018-04-23 00:00:00+05:30,87.77183282408288,2314.95,2213.75,88.24542236328125,1376164,0.0,0.0,ADANIENT.NS,Adani Enterprises Limited,Thermal Coal,Energy,Mr. Gautambhai Shantilal Adani S.Y. B.Com,"Ahmedabad, India",https://www.adanienterprises.com,2311.75,2238.85,2668245024768,77.16122,29.96,0.00059999997,3743.9,2025.0
2018-04-24 00:00:00+05:30,88.75057858187533,2314.95,2213.75,87.07723236083984,1376164,0.0,0.0,ADANIENT.NS,Adani Enterprises Limited,Thermal Coal,Energy,Mr. Gautambhai Shantilal Adani S.Y. B.Com,"Ahmedabad, India",https://www.adanienterprises.com,2311.75,2238.85,2668245024768,77.16122,29.96,0.00059999997,3743.9,2025.0
2018-04-25 00:00:00+05:30,87.14037477095505,2314.95,2213.75,86.8562240600586,1376164,0.0,0.0,ADANIENT.NS,Adani Enterprises Limited,Thermal Coal,Energy,Mr. Gautambhai Shantilal Adani S.Y. B.Com,"Ahmedabad, India",https://www.adanienterprises.com,2311.75,2238.85,2668245024768,77.16122,29.96,0.00059999997,3743.9,2025.0
2018-04-26 00:00:00+05:30,87.14037237302846,2314.95,2213.75,88.75057220458984,1376164,0.0,0.0,ADANIENT.NS,Adani Enterprises Limited,Thermal Coal,Energy,Mr. Gautambhai Shantilal Adani S.Y. B.Com,"Ahmedabad, India",https://www.adanienterprises.com,2311.75,2238.85,2668245024768,77.16122,29.96,0.00059999997,3743.9,2025.0
2018-04-27 00:00:00+05:30,89.00315073408198,2314.95,2213.75,89.53988647460938,1376164,0.0,0.0,ADANIENT.NS,Adani Enterprises Limited,Thermal Coal,Energy,Mr. Gautambhai Shantilal Adani S.Y. B.Com,"Ahmedabad, India",https://www.adanienterprises.com,2311.75,2238.85,2668245024768,77.16122,29.96,0.00059999997,3743.9,2025.0
2018-04-30 00:00:00+05:30,89.8871915916251,2314.95,2213.75,88.46642303466797,1376164,0.0,0.0,ADANIENT.NS,Adani Enterprises Limited,Thermal Coal,Energy,Mr. Gautambhai Shantilal Adani S.Y. B.Com,"Ahmedabad, India",https://www.adanienterprises.com,2311.75,2238.85,2668245024768,77.16122,29.96,0.00059999997,3743.9,2025.0
2018-05-02 00:00:00+05:30,88.62428860947536,2314.95,2213.75,81.70988464355469,1376164,0.0,0.0,ADANIENT.NS,Adani Enterprises Limited,Thermal Coal,Energy,Mr. Gautambhai Shantilal Adani S.Y. B.Com,"Ahmedabad, India",https://www.adanienterprises.com,2311.75,2238.85,2668245024768,77.16122,29.96,0.00059999997,3743.9,2025.0
2018-05-03 00:00:00+05:30,82.0887650930273,2314.95,2213.75,79.81554412841797,1376164,0.0,0.0,ADANIENT.NS,Adani Enterprises Limited,Thermal Coal,Energy,Mr. Gautambhai Shantilal Adani S.Y. B.Com,"Ahmedabad, India",https://www.adanienterprises.com,2311.75,2238.85,2668245024768,77.16122,29.96,0.00059999997,3743.9,2025.0
2018-05-04 00:00:00+05:30,80.00495687145016,2314.95,2213.75,79.94181060791016,1376164,0.0,0.0,ADANIENT.NS,Adani Enterprises Limited,Thermal Coal,Energy,Mr. Gautambhai Shantilal Adani S.Y. B.Com,"Ahmedabad, India",https://www.adanienterprises.com,2311.75,2238.85,2668245024768,77.16122,29.96,0.00059999997,3743.9,2025.0
2018-05-07 00:00:00+05:30,80.25756406753707,2314.95,2213.75,80.57328796386719,1376164,0.0,0.0,ADANIENT.NS,Adani Enterprises Limited,Thermal Coal,Energy,Mr. Gautambhai Shantilal Adani S.Y. B.Com,"Ahmedabad, India",https://www.adanienterprises.com,2311.75,2238.85,2668245024768,77.16122,29.96,0.00059999997,3743.9,2025.0
2018-05-08 00:00:00+05:30,80.983713382504,2314.95,2213.75,83.00435638427734,1376164,0.0,0.0,ADANIENT.NS,Adani Enterprises Limited,Thermal Coal,Energy,Mr. Gautambhai Shantilal Adani S.Y. B.Com,"Ahmedabad, India",https://www.adanienterprises.com,2311.75,2238.85,2668245024768,77.16122,29.96,0.00059999997,3743.9,2025.0
2018-05-09 00:00:00+05:30,82.34135135227848,2314.95,2213.75,81.4888916015625,1376164,0.0,0.0,ADANIENT.NS,Adani Enterprises Limited,Thermal Coal,Energy,Mr. Gautambhai Shantilal Adani S.Y. B.Com,"Ahmedabad, India",https://www.adanienterprises.com,2311.75,2238.85,2668245024768,77.16122,29.96,0.00059999997,3743.9,2025.0
2018-05-10 00:00:00+05:30,82.02561232959712,2314.95,2213.75,79.973388671875,1376164,0.0,0.0,ADANIENT.NS,Adani Enterprises Limited,Thermal Coal,Energy,Mr. Gautambhai Shantilal Adani S.Y. B.Com,"Ahmedabad, India",https://www.adanienterprises.com,2311.75,2238.85,2668245024768,77.16122,29.96,0.00059999997,3743.9,2025.0
2018-05-11 00:00:00+05:30,80.54170402091889,2314.95,2213.75,80.69956970214844,1376164,0.0,0.0,ADANIENT.NS,Adani Enterprises Limited,Thermal Coal,Energy,Mr. Gautambhai Shantilal Adani S.Y. B.Com,"Ahmedabad, India",https://www.adanienterprises.com,2311.75,2238.85,2668245024768,77.16122,29.96,0.00059999997,3743.9,2025.0
2018-05-14 00:00:00+05:30,80.73114277477059,2314.95,2213.75,78.300048828125,1376164,0.0,0.0,ADANIENT.NS,Adani Enterprises Limited,Thermal Coal,Energy,Mr. Gautambhai Shantilal Adani S.Y. B.Com,"Ahmedabad, India",https://www.adanienterprises.com,2311.75,2238.85,2668245024768,77.16122,29.96,0.00059999997,3743.9,2025.0
2018-05-15 00:00:00+05:30,78.30004862403003,2314.95,2213.75,77.8580322265625,1376164,0.0,0.0,ADANIENT.NS,Adani Enterprises Limited,Thermal Coal,Energy,Mr. Gautambhai Shantilal Adani S.Y. B.Com,"Ahmedabad, India",https://www.adanienterprises.com,2311.75,2238.85,2668245024768,77.16122,29.96,0.00059999997,3743.9,2025.0
2018-05-16 00:00:00+05:30,77.6686040925035,2314.95,2213.75,77.73174285888672,1376164,0.0,0.0,ADANIENT.NS,Adani Enterprises Limited,Thermal Coal,Energy,Mr. Gautambhai Shantilal Adani S.Y. B.Com,"Ahmedabad, India",https://www.adanienterprises.com,2311.75,2238.85,2668245024768,77.16122,29.96,0.00059999997,3743.9,2025.0
2018-05-17 00:00:00+05:30,78.55262075774309,2314.95,2213.75,77.92117309570312,1376164,0.0,0.0,ADANIENT.NS,Adani Enterprises Limited,Thermal Coal,Energy,Mr. Gautambhai Shantilal Adani S.Y. B.Com,"Ahmedabad, India",https://www.adanienterprises.com,2311.75,2238.85,2668245024768,77.16122,29.96,0.00059999997,3743.9,2025.0
2018-05-18 00:00:00+05:30,78.17375127200202,2314.95,2213.75,74.89020538330078,1376164,0.0,0.0,ADANIENT.NS,Adani Enterprises Limited,Thermal Coal,Energy,Mr. Gautambhai Shantilal Adani S.Y. B.Com,"Ahmedabad, India",https://www.adanienterprises.com,2311.75,2238.85,2668245024768,77.16122,29.96,0.00059999997,3743.9,2025.0
2018-05-21 00:00:00+05:30,75.14278932952648,2314.95,2213.75,74.63762664794922,1376164,0.0,0.0,ADANIENT.NS,Adani Enterprises Limited,Thermal Coal,Energy,Mr. Gautambhai Shantilal Adani S.Y. B.Com,"Ahmedabad, India",https://www.adanienterprises.com,2311.75,2238.85,2668245024768,77.16122,29.96,0.00059999997,3743.9,2025.0
2018-05-22 00:00:00+05:30,75.71110749464525,2314.95,2213.75,77.19502258300781,1376164,0.0,0.0,ADANIENT.NS,Adani Enterprises Limited,Thermal Coal,Energy,Mr. Gautambhai Shantilal Adani S.Y. B.Com,"Ahmedabad, India",https://www.adanienterprises.com,2311.75,2238.85,2668245024768,77.16122,29.96,0.00059999997,3743.9,2025.0
2018-05-23 00:00:00+05:30,77.03714499503882,2314.95,2213.75,74.13246154785156,1376164,0.0,0.0,ADANIENT.NS,Adani Enterprises Limited,Thermal Coal,Energy,Mr. Gautambhai Shantilal Adani S.Y. B.Com,"Ahmedabad, India",https://www.adanienterprises.com,2311.75,2238.85,2668245024768,77.16122,29.96,0.00059999997,3743.9,2025.0
2018-05-24 00:00:00+05:30,74.51133597541018,2314.95,2213.75,75.23750305175781,1376164,0.0,0.0,ADANIENT.NS,Adani Enterprises Limited,Thermal Coal,Energy,Mr. Gautambhai Shantilal Adani S.Y. B.Com,"Ahmedabad, India",https://www.adanienterprises.com,2311.75,2238.85,2668245024768,77.16122,29.96,0.00059999997,3743.9,2025.0
2018-05-25 00:00:00+05:30,75.17434866292776,2314.95,2213.75,78.8051986694336,1376164,0.0,0.0,ADANIENT.NS,Adani Enterprises Limited,Thermal Coal,Energy,Mr. Gautambhai Shantilal Adani S.Y. B.Com,"Ahmedabad, India",https://www.adanienterprises.com,2311.75,2238.85,2668245024768,77.16122,29.96,0.00059999997,3743.9,2025.0
2018-05-28 00:00:00+05:30,78.23690152538911,2314.95,2213.75,81.86775207519531,1376164,0.0,0.0,ADANIENT.NS,Adani Enterprises Limited,Thermal Coal,Energy,Mr. Gautambhai Shantilal Adani S.Y. B.Com,"Ahmedabad, India",https://www.adanienterprises.com,2311.75,2238.85,2668245024768,77.16122,29.96,0.00059999997,3743.9,2025.0
2018-05-29 00:00:00+05:30,80.8258636788627,2314.95,2213.75,78.11062622070312,1376164,0.0,0.0,ADANIENT.NS,Adani Enterprises Limited,Thermal Coal,Energy,Mr. Gautambhai Shantilal Adani S.Y. B.Com,"Ahmedabad, India",https://www.adanienterprises.com,2311.75,2238.85,2668245024768,77.16122,29.96,0.00059999997,3743.9,2025.0
2018-05-30 00:00:00+05:30,77.10028662996666,2314.95,2213.75,77.92117309570312,1376164,0.0,0.0,ADANIENT.NS,Adani Enterprises Limited,Thermal Coal,Energy,Mr. Gautambhai Shantilal Adani S.Y. B.Com,"Ahmedabad, India",https://www.adanienterprises.com,2311.75,2238.85,2668245024768,77.16122,29.96,0.00059999997,3743.9,2025.0
2018-05-31 00:00:00+05:30,78.3000590707626,2314.95,2213.75,76.40570068359375,1376164,0.0,0.0,ADANIENT.NS,Adani Enterprises Limited,Thermal Coal,Energy,Mr. Gautambhai Shantilal Adani S.Y. B.Com,"Ahmedabad, India",https://www.adanienterprises.com,2311.75,2238.85,2668245024768,77.16122,29.96,0.00059999997,3743.9,2025.0
2018-06-01 00:00:00+05:30,76.40568768456907,2314.95,2213.75,75.49008178710938,1376164,0.0,0.0,ADANIENT.NS,Adani Enterprises Limited,Thermal Coal,Energy,Mr. Gautambhai Shantilal Adani S.Y. B.Com,"Ahmedabad, India",https://www.adanienterprises.com,2311.75,2238.85,2668245024768,77.16122,29.96,0.00059999997,3743.9,2025.0
2018-06-04 00:00:00+05:30,75.74267032928591,2314.95,2213.75,73.40629577636719,1376164,0.0,0.0,ADANIENT.NS,Adani Enterprises Limited,Thermal Coal,Energy,Mr. Gautambhai Shantilal Adani S.Y. B.Com,"Ahmedabad, India",https://www.adanienterprises.com,2311.75,2238.85,2668245024768,77.16122,29.96,0.00059999997,3743.9,2025.0
2018-06-05 00:00:00+05:30,73.24843804079615,2314.95,2213.75,72.86956787109375,1376164,0.0,0.0,ADANIENT.NS,Adani Enterprises Limited,Thermal Coal,Energy,Mr. Gautambhai Shantilal Adani S.Y. B.Com,"Ahmedabad, India",https://www.adanienterprises.com,2311.75,2238.85,2668245024768,77.16122,29.96,0.00059999997,3743.9,2025.0
2018-06-06 00:00:00+05:30,72.93269719899236,2314.95,2213.75,74.669189453125,1376164,0.0,0.0,ADANIENT.NS,Adani Enterprises Limited,Thermal Coal,Energy,Mr. Gautambhai Shantilal Adani S.Y. B.Com,"Ahmedabad, India",https://www.adanienterprises.com,2311.75,2238.85,2668245024768,77.16122,29.96,0.00059999997,3743.9,2025.0
2018-06-07 00:00:00+05:30,74.66919861324753,2314.95,2213.75,79.18408203125,1376164,0.0,0.0,ADANIENT.NS,Adani Enterprises Limited,Thermal Coal,Energy,Mr. Gautambhai Shantilal Adani S.Y. B.Com,"Ahmedabad, India",https://www.adanienterprises.com,2311.75,2238.85,2668245024768,77.16122,29.96,0.00059999997,3743.9,2025.0
2018-06-08 00:00:00+05:30,78.77363582610599,2314.95,2213.75,79.75238800048828,1376164,0.0,0.0,ADANIENT.NS,Adani Enterprises Limited,Thermal Coal,Energy,Mr. Gautambhai Shantilal Adani S.Y. B.Com,"Ahmedabad, India",https://www.adanienterprises.com,2311.75,2238.85,2668245024768,77.16122,29.96,0.00059999997,3743.9,2025.0
2018-06-11 00:00:00+05:30,80.6364218884778,2314.95,2213.75,80.98371887207031,1376164,0.0,0.0,ADANIENT.NS,Adani Enterprises Limited,Thermal Coal,Energy,Mr. Gautambhai Shantilal Adani S.Y. B.Com,"Ahmedabad, India",https://www.adanienterprises.com,2311.75,2238.85,2668245024768,77.16122,29.96,0.00059999997,3743.9,2025.0
2018-06-12 00:00:00+05:30,80.3838464224928,2314.95,2213.75,80.6048583984375,1376164,0.0,0.0,ADANIENT.NS,Adani Enterprises Limited,Thermal Coal,Energy,Mr. Gautambhai Shantilal Adani S.Y. B.Com,"Ahmedabad, India",https://www.adanienterprises.com,2311.75,2238.85,2668245024768,77.16122,29.96,0.00059999997,3743.9,2025.0
2018-06-13 00:00:00+05:30,81.17315473584291,2314.95,2213.75,81.5520248413086,1376164,0.0,0.0,ADANIENT.NS,Adani Enterprises Limited,Thermal Coal,Energy,Mr. Gautambhai Shantilal Adani S.Y. B.Com,"Ahmedabad, India",https://www.adanienterprises.com,2311.75,2238.85,2668245024768,77.16122,29.96,0.00059999997,3743.9,2025.0
2018-06-14 00:00:00+05:30,81.14158830656073,2314.95,2213.75,84.58300018310547,1376164,0.0,0.0,ADANIENT.NS,Adani Enterprises Limited,Thermal Coal,Energy,Mr. Gautambhai Shantilal Adani S.Y. B.Com,"Ahmedabad, India",https://www.adanienterprises.com,2311.75,2238.85,2668245024768,77.16122,29.96,0.00059999997,3743.9,2025.0
2018-06-15 00:00:00+05:30,85.24601838969122,2314.95,2213.75,83.63581848144531,1376164,0.0,0.0,ADANIENT.NS,Adani Enterprises Limited,Thermal Coal,Energy,Mr. Gautambhai Shantilal Adani S.Y. B.Com,"Ahmedabad, India",https://www.adanienterprises.com,2311.75,2238.85,2668245024768,77.16122,29.96,0.00059999997,3743.9,2025.0
2018-06-18 00:00:00+05:30,83.91996539995687,2314.95,2213.75,84.8355712890625,1376164,0.0,0.0,ADANIENT.NS,Adani Enterprises Limited,Thermal Coal,Energy,Mr. Gautambhai Shantilal Adani S.Y. B.Com,"Ahmedabad, India",https://www.adanienterprises.com,2311.75,2238.85,2668245024768,77.16122,29.96,0.00059999997,3743.9,2025.0
2018-06-19 00:00:00+05:30,83.73053105487607,2314.95,2213.75,82.0256118774414,1376164,0.0,0.0,ADANIENT.NS,Adani Enterprises Limited,Thermal Coal,Energy,Mr. Gautambhai Shantilal Adani S.Y. B.Com,"Ahmedabad, India",https://www.adanienterprises.com,2311.75,2238.85,2668245024768,77.16122,29.96,0.00059999997,3743.9,2025.0
2018-06-20 00:00:00+05:30,81.45730943142034,2314.95,2213.75,83.19380187988281,1376164,0.0,0.0,ADANIENT.NS,Adani Enterprises Limited,Thermal Coal,Energy,Mr. Gautambhai Shantilal Adani S.Y. B.Com,"Ahmedabad, India",https://www.adanienterprises.com,2311.75,2238.85,2668245024768,77.16122,29.96,0.00059999997,3743.9,2025.0
2018-06-21 00:00:00+05:30,83.1622326350906,2314.95,2213.75,81.99404907226562,1376164,0.0,0.0,ADANIENT.NS,Adani Enterprises Limited,Thermal Coal,Energy,Mr. Gautambhai Shantilal Adani S.Y. B.Com,"Ahmedabad, India",https://www.adanienterprises.com,2311.75,2238.85,2668245024768,77.16122,29.96,0.00059999997,3743.9,2025.0
2018-06-22 00:00:00+05:30,81.96246409329075,2314.95,2213.75,82.30976104736328,1376164,0.0,0.0,ADANIENT.NS,Adani Enterprises Limited,Thermal Coal,Energy,Mr. Gautambhai Shantilal Adani S.Y. B.Com,"Ahmedabad, India",https://www.adanienterprises.com,2311.75,2238.85,2668245024768,77.16122,29.96,0.00059999997,3743.9,2025.0
2018-06-25 00:00:00+05:30,82.0887629866785,2314.95,2213.75,80.19441223144531,1376164,0.0,0.0,ADANIENT.NS,Adani Enterprises Limited,Thermal Coal,Energy,Mr. Gautambhai Shantilal Adani S.Y. B.Com,"Ahmedabad, India",https://www.adanienterprises.com,2311.75,2238.85,2668245024768,77.16122,29.96,0.00059999997,3743.9,2025.0
2018-06-26 00:00:00+05:30,79.05778475857524,2314.95,2213.75,81.5520248413086,1376164,0.0,0.0,ADANIENT.NS,Adani Enterprises Limited,Thermal Coal,Energy,Mr. Gautambhai Shantilal Adani S.Y. B.Com,"Ahmedabad, India",https://www.adanienterprises.com,2311.75,2238.85,2668245024768,77.16122,29.96,0.00059999997,3743.9,2025.0
2018-06-27 00:00:00+05:30,80.82585669218713,2314.95,2213.75,72.68013000488281,1376164,0.0,0.0,ADANIENT.NS,Adani Enterprises Limited,Thermal Coal,Energy,Mr. Gautambhai Shantilal Adani S.Y. B.Com,"Ahmedabad, India",https://www.adanienterprises.com,2311.75,2238.85,2668245024768,77.16122,29.96,0.00059999997,3743.9,2025.0
2018-06-28 00:00:00+05:30,71.669803540048,2314.95,2213.75,69.04927825927734,1376164,0.0,0.0,ADANIENT.NS,Adani Enterprises Limited,Thermal Coal,Energy,Mr. Gautambhai Shantilal Adani S.Y. B.Com,"Ahmedabad, India",https://www.adanienterprises.com,2311.75,2238.85,2668245024768,77.16122,29.96,0.00059999997,3743.9,2025.0
2018-06-29 00:00:00+05:30,69.52286783805178,2314.95,2213.75,71.44879913330078,1376164,0.0,0.0,ADANIENT.NS,Adani Enterprises Limited,Thermal Coal,Energy,Mr. Gautambhai Shantilal Adani S.Y. B.Com,"Ahmedabad, India",https://www.adanienterprises.com,2311.75,2238.85,2668245024768,77.16122,29.96,0.00059999997,3743.9,2025.0
2018-07-02 00:00:00+05:30,71.22779165972227,2314.95,2213.75,66.33403778076172,1376164,0.0,0.0,ADANIENT.NS,Adani Enterprises Limited,Thermal Coal,Energy,Mr. Gautambhai Shantilal Adani S.Y. B.Com,"Ahmedabad, India",https://www.adanienterprises.com,2311.75,2238.85,2668245024768,77.16122,29.96,0.00059999997,3743.9,2025.0
2018-07-03 00:00:00+05:30,66.04988300444103,2314.95,2213.75,67.0917739868164,1376164,0.0,0.0,ADANIENT.NS,Adani Enterprises Limited,Thermal Coal,Energy,Mr. Gautambhai Shantilal Adani S.Y. B.Com,"Ahmedabad, India",https://www.adanienterprises.com,2311.75,2238.85,2668245024768,77.16122,29.96,0.00059999997,3743.9,2025.0
2018-07-04 00:00:00+05:30,67.12335237686666,2314.95,2213.75,68.00738525390625,1376164,0.0,0.0,ADANIENT.NS,Adani Enterprises Limited,Thermal Coal,Energy,Mr. Gautambhai Shantilal Adani S.Y. B.Com,"Ahmedabad, India",https://www.adanienterprises.com,2311.75,2238.85,2668245024768,77.16122,29.96,0.00059999997,3743.9,2025.0
2018-07-05 00:00:00+05:30,68.22838795618505,2314.95,2213.75,66.87076568603516,1376164,0.0,0.0,ADANIENT.NS,Adani Enterprises Limited,Thermal Coal,Energy,Mr. Gautambhai Shantilal Adani S.Y. B.Com,"Ahmedabad, India",https://www.adanienterprises.com,2311.75,2238.85,2668245024768,77.16122,29.96,0.00059999997,3743.9,2025.0
2018-07-06 00:00:00+05:30,66.14460683565001,2314.95,2213.75,70.05960845947266,1376164,0.0,0.0,ADANIENT.NS,Adani Enterprises Limited,Thermal Coal,Energy,Mr. Gautambhai Shantilal Adani S.Y. B.Com,"Ahmedabad, India",https://www.adanienterprises.com,2311.75,2238.85,2668245024768,77.16122,29.96,0.00059999997,3743.9,2025.0
2018-07-09 00:00:00+05:30,70.40689040638908,2314.95,2213.75,70.5016098022461,1376164,0.0,0.0,ADANIENT.NS,Adani Enterprises Limited,Thermal Coal,Energy,Mr. Gautambhai Shantilal Adani S.Y. B.Com,"Ahmedabad, India",https://www.adanienterprises.com,2311.75,2238.85,2668245024768,77.16122,29.96,0.00059999997,3743.9,2025.0
2018-07-10 00:00:00+05:30,71.35408908833837,2314.95,2213.75,72.0486831665039,1376164,0.0,0.0,ADANIENT.NS,Adani Enterprises Limited,Thermal Coal,Energy,Mr. Gautambhai Shantilal Adani S.Y. B.Com,"Ahmedabad, India",https://www.adanienterprises.com,2311.75,2238.85,2668245024768,77.16122,29.96,0.00059999997,3743.9,2025.0
2018-07-11 00:00:00+05:30,72.30126715787294,2314.95,2213.75,78.36320495605469,1376164,0.0,0.0,ADANIENT.NS,Adani Enterprises Limited,Thermal Coal,Energy,Mr. Gautambhai Shantilal Adani S.Y. B.Com,"Ahmedabad, India",https://www.adanienterprises.com,2311.75,2238.85,2668245024768,77.16122,29.96,0.00059999997,3743.9,2025.0
2018-07-12 00:00:00+05:30,78.58419859337661,2314.95,2213.75,78.48948669433594,1376164,0.0,0.0,ADANIENT.NS,Adani Enterprises Limited,Thermal Coal,Energy,Mr. Gautambhai Shantilal Adani S.Y. B.Com,"Ahmedabad, India",https://www.adanienterprises.com,2311.75,2238.85,2668245024768,77.16122,29.96,0.00059999997,3743.9,2025.0
2018-07-13 00:00:00+05:30,78.71050398592692,2314.95,2213.75,83.13066864013672,1376164,0.0,0.0,ADANIENT.NS,Adani Enterprises Limited,Thermal Coal,Energy,Mr. Gautambhai Shantilal Adani S.Y. B.Com,"Ahmedabad, India",https://www.adanienterprises.com,2311.75,2238.85,2668245024768,77.16122,29.96,0.00059999997,3743.9,2025.0
2018-07-16 00:00:00+05:30,82.72021123468659,2314.95,2213.75,84.36198425292969,1376164,0.0,0.0,ADANIENT.NS,Adani Enterprises Limited,Thermal Coal,Energy,Mr. Gautambhai Shantilal Adani S.Y. B.Com,"Ahmedabad, India",https://www.adanienterprises.com,2311.75,2238.85,2668245024768,77.16122,29.96,0.00059999997,3743.9,2025.0
2018-07-17 00:00:00+05:30,85.277594832087,2314.95,2213.75,87.32981872558594,1376164,0.0,0.0,ADANIENT.NS,Adani Enterprises Limited,Thermal Coal,Energy,Mr. Gautambhai Shantilal Adani S.Y. B.Com,"Ahmedabad, India",https://www.adanienterprises.com,2311.75,2238.85,2668245024768,77.16122,29.96,0.00059999997,3743.9,2025.0
2018-07-18 00:00:00+05:30,87.29824019410029,2314.95,2213.75,89.79247283935547,1376164,0.0,0.0,ADANIENT.NS,Adani Enterprises Limited,Thermal Coal,Energy,Mr. Gautambhai Shantilal Adani S.Y. B.Com,"Ahmedabad, India",https://www.adanienterprises.com,2311.75,2238.85,2668245024768,77.16122,29.96,0.00059999997,3743.9,2025.0
2018-07-19 00:00:00+05:30,90.55022129663585,2314.95,2213.75,95.38082885742188,1376164,0.0,0.0,ADANIENT.NS,Adani Enterprises Limited,Thermal Coal,Energy,Mr. Gautambhai Shantilal Adani S.Y. B.Com,"Ahmedabad, India",https://www.adanienterprises.com,2311.75,2238.85,2668245024768,77.16122,29.96,0.00059999997,3743.9,2025.0
2018-07-20 00:00:00+05:30,96.04384588953614,2314.95,2213.75,102.89510345458984,1376164,0.0,0.0,ADANIENT.NS,Adani Enterprises Limited,Thermal Coal,Energy,Mr. Gautambhai Shantilal Adani S.Y. B.Com,"Ahmedabad, India",https://www.adanienterprises.com,2311.75,2238.85,2668245024768,77.16122,29.96,0.00059999997,3743.9,2025.0
2018-07-23 00:00:00+05:30,101.88478836409865,2314.95,2213.75,108.1045913696289,1376164,0.0,0.0,ADANIENT.NS,Adani Enterprises Limited,Thermal Coal,Energy,Mr. Gautambhai Shantilal Adani S.Y. B.Com,"Ahmedabad, India",https://www.adanienterprises.com,2311.75,2238.85,2668245024768,77.16122,29.96,0.00059999997,3743.9,2025.0
2018-07-24 00:00:00+05:30,107.97830189889989,2314.95,2213.75,117.48165893554688,1376164,0.0,0.0,ADANIENT.NS,Adani Enterprises Limited,Thermal Coal,Energy,Mr. Gautambhai Shantilal Adani S.Y. B.Com,"Ahmedabad, India",https://www.adanienterprises.com,2311.75,2238.85,2668245024768,77.16122,29.96,0.00059999997,3743.9,2025.0
2018-07-25 00:00:00+05:30,116.81862489243068,2314.95,2213.75,126.16410827636719,1376164,0.0,0.0,ADANIENT.NS,Adani Enterprises Limited,Thermal Coal,Energy,Mr. Gautambhai Shantilal Adani S.Y. B.Com,"Ahmedabad, India",https://www.adanienterprises.com,2311.75,2238.85,2668245024768,77.16122,29.96,0.00059999997,3743.9,2025.0
2018-07-26 00:00:00+05:30,122.69113517206787,2314.95,2213.75,124.86964416503906,1376164,0.0,0.0,ADANIENT.NS,Adani Enterprises Limited,Thermal Coal,Energy,Mr. Gautambhai Shantilal Adani S.Y. B.Com,"Ahmedabad, India",https://www.adanienterprises.com,2311.75,2238.85,2668245024768,77.16122,29.96,0.00059999997,3743.9,2025.0
2018-07-27 00:00:00+05:30,125.45457489527223,2314.95,2213.75,124.09265899658203,1376164,0.4,0.0,ADANIENT.NS,Adani Enterprises Limited,Thermal Coal,Energy,Mr. Gautambhai Shantilal Adani S.Y. B.Com,"Ahmedabad, India",https://www.adanienterprises.com,2311.75,2238.85,2668245024768,77.16122,29.96,0.00059999997,3743.9,2025.0
2018-07-30 00:00:00+05:30,124.91613999516736,2314.95,2213.75,122.60404968261719,1376164,0.0,0.0,ADANIENT.NS,Adani Enterprises Limited,Thermal Coal,Energy,Mr. Gautambhai Shantilal Adani S.Y. B.Com,"Ahmedabad, India",https://www.adanienterprises.com,2311.75,2238.85,2668245024768,77.16122,29.96,0.00059999997,3743.9,2025.0
2018-07-31 00:00:00+05:30,122.54070507366373,2314.95,2213.75,123.80760192871094,1376164,0.0,0.0,ADANIENT.NS,Adani Enterprises Limited,Thermal Coal,Energy,Mr. Gautambhai Shantilal Adani S.Y. B.Com,"Ahmedabad, India",https://www.adanienterprises.com,2311.75,2238.85,2668245024768,77.16122,29.96,0.00059999997,3743.9,2025.0
2018-08-01 00:00:00+05:30,124.15600089201006,2314.95,2213.75,122.41401672363281,1376164,0.0,0.0,ADANIENT.NS,Adani Enterprises Limited,Thermal Coal,Energy,Mr. Gautambhai Shantilal Adani S.Y. B.Com,"Ahmedabad, India",https://www.adanienterprises.com,2311.75,2238.85,2668245024768,77.16122,29.96,0.00059999997,3743.9,2025.0
2018-08-02 00:00:00+05:30,122.25566106774552,2314.95,2213.75,124.47273254394531,1376164,0.0,0.0,ADANIENT.NS,Adani Enterprises Limited,Thermal Coal,Energy,Mr. Gautambhai Shantilal Adani S.Y. B.Com,"Ahmedabad, India",https://www.adanienterprises.com,2311.75,2238.85,2668245024768,77.16122,29.96,0.00059999997,3743.9,2025.0
2018-08-03 00:00:00+05:30,123.2058234661176,2314.95,2213.75,125.51791381835938,1376164,0.0,0.0,ADANIENT.NS,Adani Enterprises Limited,Thermal Coal,Energy,Mr. Gautambhai Shantilal Adani S.Y. B.Com,"Ahmedabad, India",https://www.adanienterprises.com,2311.75,2238.85,2668245024768,77.16122,29.96,0.00059999997,3743.9,2025.0
2018-08-06 00:00:00+05:30,126.68978832122383,2314.95,2213.75,125.5495834350586,1376164,0.0,0.0,ADANIENT.NS,Adani Enterprises Limited,Thermal Coal,Energy,Mr. Gautambhai Shantilal Adani S.Y. B.Com,"Ahmedabad, India",https://www.adanienterprises.com,2311.75,2238.85,2668245024768,77.16122,29.96,0.00059999997,3743.9,2025.0
2018-08-07 00:00:00+05:30,124.78944088527132,2314.95,2213.75,120.4503173828125,1376164,0.0,0.0,ADANIENT.NS,Adani Enterprises Limited,Thermal Coal,Energy,Mr. Gautambhai Shantilal Adani S.Y. B.Com,"Ahmedabad, India",https://www.adanienterprises.com,2311.75,2238.85,2668245024768,77.16122,29.96,0.00059999997,3743.9,2025.0
2018-08-08 00:00:00+05:30,115.3193904482241,2314.95,2213.75,126.46809387207031,1376164,0.0,0.0,ADANIENT.NS,Adani Enterprises Limited,Thermal Coal,Energy,Mr. Gautambhai Shantilal Adani S.Y. B.Com,"Ahmedabad, India",https://www.adanienterprises.com,2311.75,2238.85,2668245024768,77.16122,29.96,0.00059999997,3743.9,2025.0
2018-08-09 00:00:00+05:30,129.22358964514063,2314.95,2213.75,126.91151428222656,1376164,0.0,0.0,ADANIENT.NS,Adani Enterprises Limited,Thermal Coal,Energy,Mr. Gautambhai Shantilal Adani S.Y. B.Com,"Ahmedabad, India",https://www.adanienterprises.com,2311.75,2238.85,2668245024768,77.16122,29.96,0.00059999997,3743.9,2025.0
2018-08-10 00:00:00+05:30,126.46807422596433,2314.95,2213.75,126.15135192871094,1376164,0.0,0.0,ADANIENT.NS,Adani Enterprises Limited,Thermal Coal,Energy,Mr. Gautambhai Shantilal Adani S.Y. B.Com,"Ahmedabad, India",https://www.adanienterprises.com,2311.75,2238.85,2668245024768,77.16122,29.96,0.00059999997,3743.9,2025.0
2018-08-13 00:00:00+05:30,124.15599955582923,2314.95,2213.75,123.14248657226562,1376164,0.0,0.0,ADANIENT.NS,Adani Enterprises Limited,Thermal Coal,Energy,Mr. Gautambhai Shantilal Adani S.Y. B.Com,"Ahmedabad, India",https://www.adanienterprises.com,2311.75,2238.85,2668245024768,77.16122,29.96,0.00059999997,3743.9,2025.0
2018-08-14 00:00:00+05:30,123.3325100996051,2314.95,2213.75,128.146728515625,1376164,0.0,0.0,ADANIENT.NS,Adani Enterprises Limited,Thermal Coal,Energy,Mr. Gautambhai Shantilal Adani S.Y. B.Com,"Ahmedabad, India",https://www.adanienterprises.com,2311.75,2238.85,2668245024768,77.16122,29.96,0.00059999997,3743.9,2025.0
2018-08-16 00:00:00+05:30,125.73965421245572,2314.95,2213.75,128.52682495117188,1376164,0.0,0.0,ADANIENT.NS,Adani Enterprises Limited,Thermal Coal,Energy,Mr. Gautambhai Shantilal Adani S.Y. B.Com,"Ahmedabad, India",https://www.adanienterprises.com,2311.75,2238.85,2668245024768,77.16122,29.96,0.00059999997,3743.9,2025.0
2018-08-17 00:00:00+05:30,127.95671614262055,2314.95,2213.75,128.62184143066406,1376164,0.0,0.0,ADANIENT.NS,Adani Enterprises Limited,Thermal Coal,Energy,Mr. Gautambhai Shantilal Adani S.Y. B.Com,"Ahmedabad, India",https://www.adanienterprises.com,2311.75,2238.85,2668245024768,77.16122,29.96,0.00059999997,3743.9,2025.0
2018-08-20 00:00:00+05:30,128.6851743417015,2314.95,2213.75,134.60791015625,1376164,0.0,0.0,ADANIENT.NS,Adani Enterprises Limited,Thermal Coal,Energy,Mr. Gautambhai Shantilal Adani S.Y. B.Com,"Ahmedabad, India",https://www.adanienterprises.com,2311.75,2238.85,2668245024768,77.16122,29.96,0.00059999997,3743.9,2025.0
2018-08-21 00:00:00+05:30,135.55806123482807,2314.95,2213.75,135.11465454101562,1376164,0.0,0.0,ADANIENT.NS,Adani Enterprises Limited,Thermal Coal,Energy,Mr. Gautambhai Shantilal Adani S.Y. B.Com,"Ahmedabad, India",https://www.adanienterprises.com,2311.75,2238.85,2668245024768,77.16122,29.96,0.00059999997,3743.9,2025.0
2018-08-23 00:00:00+05:30,135.8748039201998,2314.95,2213.75,133.56271362304688,1376164,0.0,0.0,ADANIENT.NS,Adani Enterprises Limited,Thermal Coal,Energy,Mr. Gautambhai Shantilal Adani S.Y. B.Com,"Ahmedabad, India",https://www.adanienterprises.com,2311.75,2238.85,2668245024768,77.16122,29.96,0.00059999997,3743.9,2025.0
2018-08-24 00:00:00+05:30,133.02426615032536,2314.95,2213.75,132.26412963867188,1376164,0.0,0.0,ADANIENT.NS,Adani Enterprises Limited,Thermal Coal,Energy,Mr. Gautambhai Shantilal Adani S.Y. B.Com,"Ahmedabad, India",https://www.adanienterprises.com,2311.75,2238.85,2668245024768,77.16122,29.96,0.00059999997,3743.9,2025.0
2018-08-27 00:00:00+05:30,133.21431182029244,2314.95,2213.75,134.19615173339844,1376164,0.0,0.0,ADANIENT.NS,Adani Enterprises Limited,Thermal Coal,Energy,Mr. Gautambhai Shantilal Adani S.Y. B.Com,"Ahmedabad, India",https://www.adanienterprises.com,2311.75,2238.85,2668245024768,77.16122,29.96,0.00059999997,3743.9,2025.0
2018-08-28 00:00:00+05:30,134.7029202415388,2314.95,2213.75,145.5032196044922,1376164,0.0,0.0,ADANIENT.NS,Adani Enterprises Limited,Thermal Coal,Energy,Mr. Gautambhai Shantilal Adani S.Y. B.Com,"Ahmedabad, India",https://www.adanienterprises.com,2311.75,2238.85,2668245024768,77.16122,29.96,0.00059999997,3743.9,2025.0
2018-08-29 00:00:00+05:30,146.77012888158822,2314.95,2213.75,141.44915771484375,1376164,0.0,0.0,ADANIENT.NS,Adani Enterprises Limited,Thermal Coal,Energy,Mr. Gautambhai Shantilal Adani S.Y. B.Com,"Ahmedabad, India",https://www.adanienterprises.com,2311.75,2238.85,2668245024768,77.16122,29.96,0.00059999997,3743.9,2025.0
2018-08-30 00:00:00+05:30,140.94240353473853,2314.95,2213.75,141.892578125,1376164,0.0,0.0,ADANIENT.NS,Adani Enterprises Limited,Thermal Coal,Energy,Mr. Gautambhai Shantilal Adani S.Y. B.Com,"Ahmedabad, India",https://www.adanienterprises.com,2311.75,2238.85,2668245024768,77.16122,29.96,0.00059999997,3743.9,2025.0
2018-08-31 00:00:00+05:30,142.52602980578905,2314.95,2213.75,142.68438720703125,1376164,0.0,0.0,ADANIENT.NS,Adani Enterprises Limited,Thermal Coal,Energy,Mr. Gautambhai Shantilal Adani S.Y. B.Com,"Ahmedabad, India",https://www.adanienterprises.com,2311.75,2238.85,2668245024768,77.16122,29.96,0.00059999997,3743.9,2025.0
2018-09-03 00:00:00+05:30,143.15947916417795,2314.95,2213.75,133.3410186767578,1376164,0.0,0.0,ADANIENT.NS,Adani Enterprises Limited,Thermal Coal,Energy,Mr. Gautambhai Shantilal Adani S.Y. B.Com,"Ahmedabad, India",https://www.adanienterprises.com,2311.75,2238.85,2668245024768,77.16122,29.96,0.00059999997,3743.9,2025.0
2018-09-04 00:00:00+05:30,133.65772494860136,2314.95,2213.75,133.2776641845703,1376164,0.0,0.0,ADANIENT.NS,Adani Enterprises Limited,Thermal Coal,Energy,Mr. Gautambhai Shantilal Adani S.Y. B.Com,"Ahmedabad, India",https://www.adanienterprises.com,2311.75,2238.85,2668245024768,77.16122,29.96,0.00059999997,3743.9,2025.0
2018-09-05 00:00:00+05:30,131.8840613258226,2314.95,2213.75,133.6260528564453,1376164,0.0,0.0,ADANIENT.NS,Adani Enterprises Limited,Thermal Coal,Energy,Mr. Gautambhai Shantilal Adani S.Y. B.Com,"Ahmedabad, India",https://www.adanienterprises.com,2311.75,2238.85,2668245024768,77.16122,29.96,0.00059999997,3743.9,2025.0
2018-09-06 00:00:00+05:30,148.08948678735186,2314.95,2213.75,161.614990234375,1376164,0.0,0.0,ADANIENT.NS,Adani Enterprises Limited,Thermal Coal,Energy,Mr. Gautambhai Shantilal Adani S.Y. B.Com,"Ahmedabad, India",https://www.adanienterprises.com,2311.75,2238.85,2668245024768,77.16122,29.96,0.00059999997,3743.9,2025.0
2018-09-07 00:00:00+05:30,163.14526027216596,2314.95,2213.75,155.34588623046875,1376164,0.0,0.0,ADANIENT.NS,Adani Enterprises Limited,Thermal Coal,Energy,Mr. Gautambhai Shantilal Adani S.Y. B.Com,"Ahmedabad, India",https://www.adanienterprises.com,2311.75,2238.85,2668245024768,77.16122,29.96,0.00059999997,3743.9,2025.0
2018-09-10 00:00:00+05:30,155.98758364751762,2314.95,2213.75,148.82992553710938,1376164,0.0,0.0,ADANIENT.NS,Adani Enterprises Limited,Thermal Coal,Energy,Mr. Gautambhai Shantilal Adani S.Y. B.Com,"Ahmedabad, India",https://www.adanienterprises.com,2311.75,2238.85,2668245024768,77.16122,29.96,0.00059999997,3743.9,2025.0
2018-09-11 00:00:00+05:30,149.07672891086108,2314.95,2213.75,146.36175537109375,1376164,0.0,0.0,ADANIENT.NS,Adani Enterprises Limited,Thermal Coal,Energy,Mr. Gautambhai Shantilal Adani S.Y. B.Com,"Ahmedabad, India",https://www.adanienterprises.com,2311.75,2238.85,2668245024768,77.16122,29.96,0.00059999997,3743.9,2025.0
2018-09-12 00:00:00+05:30,146.60857976432393,2314.95,2213.75,147.00347900390625,1376164,0.0,0.0,ADANIENT.NS,Adani Enterprises Limited,Thermal Coal,Energy,Mr. Gautambhai Shantilal Adani S.Y. B.Com,"Ahmedabad, India",https://www.adanienterprises.com,2311.75,2238.85,2668245024768,77.16122,29.96,0.00059999997,3743.9,2025.0
2018-09-14 00:00:00+05:30,147.84267444412313,2314.95,2213.75,148.68185424804688,1376164,0.0,0.0,ADANIENT.NS,Adani Enterprises Limited,Thermal Coal,Energy,Mr. Gautambhai Shantilal Adani S.Y. B.Com,"Ahmedabad, India",https://www.adanienterprises.com,2311.75,2238.85,2668245024768,77.16122,29.96,0.00059999997,3743.9,2025.0
2018-09-17 00:00:00+05:30,148.28692985416146,2314.95,2213.75,150.11337280273438,1376164,0.0,0.0,ADANIENT.NS,Adani Enterprises Limited,Thermal Coal,Energy,Mr. Gautambhai Shantilal Adani S.Y. B.Com,"Ahmedabad, India",https://www.adanienterprises.com,2311.75,2238.85,2668245024768,77.16122,29.96,0.00059999997,3743.9,2025.0
2018-09-18 00:00:00+05:30,150.01464056820834,2314.95,2213.75,146.55921936035156,1376164,0.0,0.0,ADANIENT.NS,Adani Enterprises Limited,Thermal Coal,Energy,Mr. Gautambhai Shantilal Adani S.Y. B.Com,"Ahmedabad, India",https://www.adanienterprises.com,2311.75,2238.85,2668245024768,77.16122,29.96,0.00059999997,3743.9,2025.0
2018-09-19 00:00:00+05:30,147.49711355818226,2314.95,2213.75,145.47323608398438,1376164,0.0,0.0,ADANIENT.NS,Adani Enterprises Limited,Thermal Coal,Energy,Mr. Gautambhai Shantilal Adani S.Y. B.Com,"Ahmedabad, India",https://www.adanienterprises.com,2311.75,2238.85,2668245024768,77.16122,29.96,0.00059999997,3743.9,2025.0
2018-09-21 00:00:00+05:30,146.1149345580335,2314.95,2213.75,136.6865692138672,1376164,0.0,0.0,ADANIENT.NS,Adani Enterprises Limited,Thermal Coal,Energy,Mr. Gautambhai Shantilal Adani S.Y. B.Com,"Ahmedabad, India",https://www.adanienterprises.com,2311.75,2238.85,2668245024768,77.16122,29.96,0.00059999997,3743.9,2025.0
2018-09-24 00:00:00+05:30,136.68658224256106,2314.95,2213.75,132.78689575195312,1376164,0.0,0.0,ADANIENT.NS,Adani Enterprises Limited,Thermal Coal,Energy,Mr. Gautambhai Shantilal Adani S.Y. B.Com,"Ahmedabad, India",https://www.adanienterprises.com,2311.75,2238.85,2668245024768,77.16122,29.96,0.00059999997,3743.9,2025.0
2018-09-25 00:00:00+05:30,131.79964262340428,2314.95,2213.75,136.58787536621094,1376164,0.0,0.0,ADANIENT.NS,Adani Enterprises Limited,Thermal Coal,Energy,Mr. Gautambhai Shantilal Adani S.Y. B.Com,"Ahmedabad, India",https://www.adanienterprises.com,2311.75,2238.85,2668245024768,77.16122,29.96,0.00059999997,3743.9,2025.0
2018-09-26 00:00:00+05:30,138.6117493453173,2314.95,2213.75,134.7614288330078,1376164,0.0,0.0,ADANIENT.NS,Adani Enterprises Limited,Thermal Coal,Energy,Mr. Gautambhai Shantilal Adani S.Y. B.Com,"Ahmedabad, India",https://www.adanienterprises.com,2311.75,2238.85,2668245024768,77.16122,29.96,0.00059999997,3743.9,2025.0
2018-09-27 00:00:00+05:30,134.26780639004832,2314.95,2213.75,140.43820190429688,1376164,0.0,0.0,ADANIENT.NS,Adani Enterprises Limited,Thermal Coal,Energy,Mr. Gautambhai Shantilal Adani S.Y. B.Com,"Ahmedabad, India",https://www.adanienterprises.com,2311.75,2238.85,2668245024768,77.16122,29.96,0.00059999997,3743.9,2025.0
2018-09-28 00:00:00+05:30,140.83307773212022,2314.95,2213.75,128.9365692138672,1376164,0.0,0.0,ADANIENT.NS,Adani Enterprises Limited,Thermal Coal,Energy,Mr. Gautambhai Shantilal Adani S.Y. B.Com,"Ahmedabad, India",https://www.adanienterprises.com,2311.75,2238.85,2668245024768,77.16122,29.96,0.00059999997,3743.9,2025.0
2018-10-01 00:00:00+05:30,125.38242145362317,2314.95,2213.75,135.60060119628906,1376164,0.0,0.0,ADANIENT.NS,Adani Enterprises Limited,Thermal Coal,Energy,Mr. Gautambhai Shantilal Adani S.Y. B.Com,"Ahmedabad, India",https://www.adanienterprises.com,2311.75,2238.85,2668245024768,77.16122,29.96,0.00059999997,3743.9,2025.0
2018-10-03 00:00:00+05:30,135.25506016184957,2314.95,2213.75,133.0830841064453,1376164,0.0,0.0,ADANIENT.NS,Adani Enterprises Limited,Thermal Coal,Energy,Mr. Gautambhai Shantilal Adani S.Y. B.Com,"Ahmedabad, India",https://www.adanienterprises.com,2311.75,2238.85,2668245024768,77.16122,29.96,0.00059999997,3743.9,2025.0
2018-10-04 00:00:00+05:30,127.75183539850357,2314.95,2213.75,131.25662231445312,1376164,0.0,0.0,ADANIENT.NS,Adani Enterprises Limited,Thermal Coal,Energy,Mr. Gautambhai Shantilal Adani S.Y. B.Com,"Ahmedabad, India",https://www.adanienterprises.com,2311.75,2238.85,2668245024768,77.16122,29.96,0.00059999997,3743.9,2025.0
2018-10-05 00:00:00+05:30,129.87448316222287,2314.95,2213.75,128.5416717529297,1376164,0.0,0.0,ADANIENT.NS,Adani Enterprises Limited,Thermal Coal,Energy,Mr. Gautambhai Shantilal Adani S.Y. B.Com,"Ahmedabad, India",https://www.adanienterprises.com,2311.75,2238.85,2668245024768,77.16122,29.96,0.00059999997,3743.9,2025.0
2018-10-08 00:00:00+05:30,127.35696491842076,2314.95,2213.75,131.4541015625,1376164,0.0,0.0,ADANIENT.NS,Adani Enterprises Limited,Thermal Coal,Energy,Mr. Gautambhai Shantilal Adani S.Y. B.Com,"Ahmedabad, India",https://www.adanienterprises.com,2311.75,2238.85,2668245024768,77.16122,29.96,0.00059999997,3743.9,2025.0
2018-10-09 00:00:00+05:30,134.26778446190366,2314.95,2213.75,134.16905212402344,1376164,0.0,0.0,ADANIENT.NS,Adani Enterprises Limited,Thermal Coal,Energy,Mr. Gautambhai Shantilal Adani S.Y. B.Com,"Ahmedabad, India",https://www.adanienterprises.com,2311.75,2238.85,2668245024768,77.16122,29.96,0.00059999997,3743.9,2025.0
2018-10-10 00:00:00+05:30,134.76142456054689,2314.95,2213.75,141.91908264160156,1376164,0.0,0.0,ADANIENT.NS,Adani Enterprises Limited,Thermal Coal,Energy,Mr. Gautambhai Shantilal Adani S.Y. B.Com,"Ahmedabad, India",https://www.adanienterprises.com,2311.75,2238.85,2668245024768,77.16122,29.96,0.00059999997,3743.9,2025.0
2018-10-11 00:00:00+05:30,136.24233916579027,2314.95,2213.75,136.43978881835938,1376164,0.0,0.0,ADANIENT.NS,Adani Enterprises Limited,Thermal Coal,Energy,Mr. Gautambhai Shantilal Adani S.Y. B.Com,"Ahmedabad, India",https://www.adanienterprises.com,2311.75,2238.85,2668245024768,77.16122,29.96,0.00059999997,3743.9,2025.0
2018-10-12 00:00:00+05:30,138.3155554153495,2314.95,2213.75,142.01779174804688,1376164,0.0,0.0,ADANIENT.NS,Adani Enterprises Limited,Thermal Coal,Energy,Mr. Gautambhai Shantilal Adani S.Y. B.Com,"Ahmedabad, India",https://www.adanienterprises.com,2311.75,2238.85,2668245024768,77.16122,29.96,0.00059999997,3743.9,2025.0
2018-10-15 00:00:00+05:30,145.1277036057485,2314.95,2213.75,150.50828552246094,1376164,0.0,0.0,ADANIENT.NS,Adani Enterprises Limited,Thermal Coal,Energy,Mr. Gautambhai Shantilal Adani S.Y. B.Com,"Ahmedabad, India",https://www.adanienterprises.com,2311.75,2238.85,2668245024768,77.16122,29.96,0.00059999997,3743.9,2025.0
2018-10-16 00:00:00+05:30,150.40957568241814,2314.95,2213.75,155.64205932617188,1376164,0.0,0.0,ADANIENT.NS,Adani Enterprises Limited,Thermal Coal,Energy,Mr. Gautambhai Shantilal Adani S.Y. B.Com,"Ahmedabad, India",https://www.adanienterprises.com,2311.75,2238.85,2668245024768,77.16122,29.96,0.00059999997,3743.9,2025.0
2018-10-17 00:00:00+05:30,158.06085621814603,2314.95,2213.75,159.68983459472656,1376164,0.0,0.0,ADANIENT.NS,Adani Enterprises Limited,Thermal Coal,Energy,Mr. Gautambhai Shantilal Adani S.Y. B.Com,"Ahmedabad, India",https://www.adanienterprises.com,2311.75,2238.85,2668245024768,77.16122,29.96,0.00059999997,3743.9,2025.0
2018-10-19 00:00:00+05:30,156.48121459960936,2314.95,2213.75,166.6006622314453,1376164,0.0,0.0,ADANIENT.NS,Adani Enterprises Limited,Thermal Coal,Energy,Mr. Gautambhai Shantilal Adani S.Y. B.Com,"Ahmedabad, India",https://www.adanienterprises.com,2311.75,2238.85,2668245024768,77.16122,29.96,0.00059999997,3743.9,2025.0
2018-10-22 00:00:00+05:30,168.92072620258588,2314.95,2213.75,166.3538360595703,1376164,0.0,0.0,ADANIENT.NS,Adani Enterprises Limited,Thermal Coal,Energy,Mr. Gautambhai Shantilal Adani S.Y. B.Com,"Ahmedabad, India",https://www.adanienterprises.com,2311.75,2238.85,2668245024768,77.16122,29.96,0.00059999997,3743.9,2025.0
2018-10-23 00:00:00+05:30,166.84747465920614,2314.95,2213.75,167.39047241210938,1376164,0.0,0.0,ADANIENT.NS,Adani Enterprises Limited,Thermal Coal,Energy,Mr. Gautambhai Shantilal Adani S.Y. B.Com,"Ahmedabad, India",https://www.adanienterprises.com,2311.75,2238.85,2668245024768,77.16122,29.96,0.00059999997,3743.9,2025.0
2018-10-24 00:00:00+05:30,168.82200966672275,2314.95,2213.75,165.41595458984375,1376164,0.0,0.0,ADANIENT.NS,Adani Enterprises Limited,Thermal Coal,Energy,Mr. Gautambhai Shantilal Adani S.Y. B.Com,"Ahmedabad, India",https://www.adanienterprises.com,2311.75,2238.85,2668245024768,77.16122,29.96,0.00059999997,3743.9,2025.0
2018-10-25 00:00:00+05:30,164.62612576788234,2314.95,2213.75,169.90798950195312,1376164,0.0,0.0,ADANIENT.NS,Adani Enterprises Limited,Thermal Coal,Energy,Mr. Gautambhai Shantilal Adani S.Y. B.Com,"Ahmedabad, India",https://www.adanienterprises.com,2311.75,2238.85,2668245024768,77.16122,29.96,0.00059999997,3743.9,2025.0
2018-10-26 00:00:00+05:30,171.78380286175272,2314.95,2213.75,164.6261444091797,1376164,0.0,0.0,ADANIENT.NS,Adani Enterprises Limited,Thermal Coal,Energy,Mr. Gautambhai Shantilal Adani S.Y. B.Com,"Ahmedabad, India",https://www.adanienterprises.com,2311.75,2238.85,2668245024768,77.16122,29.96,0.00059999997,3743.9,2025.0
2018-10-29 00:00:00+05:30,166.50194726802485,2314.95,2213.75,169.56246948242188,1376164,0.0,0.0,ADANIENT.NS,Adani Enterprises Limited,Thermal Coal,Energy,Mr. Gautambhai Shantilal Adani S.Y. B.Com,"Ahmedabad, India",https://www.adanienterprises.com,2311.75,2238.85,2668245024768,77.16122,29.96,0.00059999997,3743.9,2025.0
2018-10-30 00:00:00+05:30,170.30290568678495,2314.95,2213.75,166.8968505859375,1376164,0.0,0.0,ADANIENT.NS,Adani Enterprises Limited,Thermal Coal,Energy,Mr. Gautambhai Shantilal Adani S.Y. B.Com,"Ahmedabad, India",https://www.adanienterprises.com,2311.75,2238.85,2668245024768,77.16122,29.96,0.00059999997,3743.9,2025.0
2018-10-31 00:00:00+05:30,164.87295765596278,2314.95,2213.75,167.83474731445312,1376164,0.0,0.0,ADANIENT.NS,Adani Enterprises Limited,Thermal Coal,Energy,Mr. Gautambhai Shantilal Adani S.Y. B.Com,"Ahmedabad, India",https://www.adanienterprises.com,2311.75,2238.85,2668245024768,77.16122,29.96,0.00059999997,3743.9,2025.0
2018-11-01 00:00:00+05:30,168.8713556522224,2314.95,2213.75,172.7710418701172,1376164,0.0,0.0,ADANIENT.NS,Adani Enterprises Limited,Thermal Coal,Energy,Mr. Gautambhai Shantilal Adani S.Y. B.Com,"Ahmedabad, India",https://www.adanienterprises.com,2311.75,2238.85,2668245024768,77.16122,29.96,0.00059999997,3743.9,2025.0
2018-11-02 00:00:00+05:30,174.35069709422385,2314.95,2213.75,173.36343383789062,1376164,0.0,0.0,ADANIENT.NS,Adani Enterprises Limited,Thermal Coal,Energy,Mr. Gautambhai Shantilal Adani S.Y. B.Com,"Ahmedabad, India",https://www.adanienterprises.com,2311.75,2238.85,2668245024768,77.16122,29.96,0.00059999997,3743.9,2025.0
2018-11-05 00:00:00+05:30,173.85704181266215,2314.95,2213.75,166.3538360595703,1376164,0.0,0.0,ADANIENT.NS,Adani Enterprises Limited,Thermal Coal,Energy,Mr. Gautambhai Shantilal Adani S.Y. B.Com,"Ahmedabad, India",https://www.adanienterprises.com,2311.75,2238.85,2668245024768,77.16122,29.96,0.00059999997,3743.9,2025.0
2018-11-06 00:00:00+05:30,166.10704159029152,2314.95,2213.75,162.35543823242188,1376164,0.0,0.0,ADANIENT.NS,Adani Enterprises Limited,Thermal Coal,Energy,Mr. Gautambhai Shantilal Adani S.Y. B.Com,"Ahmedabad, India",https://www.adanienterprises.com,2311.75,2238.85,2668245024768,77.16122,29.96,0.00059999997,3743.9,2025.0
2018-11-07 00:00:00+05:30,162.89842286260958,2314.95,2213.75,163.6388702392578,1376164,0.0,0.0,ADANIENT.NS,Adani Enterprises Limited,Thermal Coal,Energy,Mr. Gautambhai Shantilal Adani S.Y. B.Com,"Ahmedabad, India",https://www.adanienterprises.com,2311.75,2238.85,2668245024768,77.16122,29.96,0.00059999997,3743.9,2025.0
2018-11-09 00:00:00+05:30,163.39205595158367,2314.95,2213.75,164.18186950683594,1376164,0.0,0.0,ADANIENT.NS,Adani Enterprises Limited,Thermal Coal,Energy,Mr. Gautambhai Shantilal Adani S.Y. B.Com,"Ahmedabad, India",https://www.adanienterprises.com,2311.75,2238.85,2668245024768,77.16122,29.96,0.00059999997,3743.9,2025.0
2018-11-12 00:00:00+05:30,163.88568657980693,2314.95,2213.75,158.20892333984375,1376164,0.0,0.0,ADANIENT.NS,Adani Enterprises Limited,Thermal Coal,Energy,Mr. Gautambhai Shantilal Adani S.Y. B.Com,"Ahmedabad, India",https://www.adanienterprises.com,2311.75,2238.85,2668245024768,77.16122,29.96,0.00059999997,3743.9,2025.0
2018-11-13 00:00:00+05:30,158.20893788190497,2314.95,2213.75,160.08473205566406,1376164,0.0,0.0,ADANIENT.NS,Adani Enterprises Limited,Thermal Coal,Energy,Mr. Gautambhai Shantilal Adani S.Y. B.Com,"Ahmedabad, India",https://www.adanienterprises.com,2311.75,2238.85,2668245024768,77.16122,29.96,0.00059999997,3743.9,2025.0
2018-11-14 00:00:00+05:30,161.22007651120413,2314.95,2213.75,158.80128479003906,1376164,0.0,0.0,ADANIENT.NS,Adani Enterprises Limited,Thermal Coal,Energy,Mr. Gautambhai Shantilal Adani S.Y. B.Com,"Ahmedabad, India",https://www.adanienterprises.com,2311.75,2238.85,2668245024768,77.16122,29.96,0.00059999997,3743.9,2025.0
2018-11-15 00:00:00+05:30,159.689837482893,2314.95,2213.75,160.7758331298828,1376164,0.0,0.0,ADANIENT.NS,Adani Enterprises Limited,Thermal Coal,Energy,Mr. Gautambhai Shantilal Adani S.Y. B.Com,"Ahmedabad, India",https://www.adanienterprises.com,2311.75,2238.85,2668245024768,77.16122,29.96,0.00059999997,3743.9,2025.0
2018-11-16 00:00:00+05:30,160.92387645644885,2314.95,2213.75,159.39361572265625,1376164,0.0,0.0,ADANIENT.NS,Adani Enterprises Limited,Thermal Coal,Energy,Mr. Gautambhai Shantilal Adani S.Y. B.Com,"Ahmedabad, India",https://www.adanienterprises.com,2311.75,2238.85,2668245024768,77.16122,29.96,0.00059999997,3743.9,2025.0
2018-11-19 00:00:00+05:30,160.33152149285152,2314.95,2213.75,160.0353546142578,1376164,0.0,0.0,ADANIENT.NS,Adani Enterprises Limited,Thermal Coal,Energy,Mr. Gautambhai Shantilal Adani S.Y. B.Com,"Ahmedabad, India",https://www.adanienterprises.com,2311.75,2238.85,2668245024768,77.16122,29.96,0.00059999997,3743.9,2025.0
2018-11-20 00:00:00+05:30,159.5910938075821,2314.95,2213.75,158.11019897460938,1376164,0.0,0.0,ADANIENT.NS,Adani Enterprises Limited,Thermal Coal,Energy,Mr. Gautambhai Shantilal Adani S.Y. B.Com,"Ahmedabad, India",https://www.adanienterprises.com,2311.75,2238.85,2668245024768,77.16122,29.96,0.00059999997,3743.9,2025.0
2018-11-21 00:00:00+05:30,159.5417505849286,2314.95,2213.75,158.9493865966797,1376164,0.0,0.0,ADANIENT.NS,Adani Enterprises Limited,Thermal Coal,Energy,Mr. Gautambhai Shantilal Adani S.Y. B.Com,"Ahmedabad, India",https://www.adanienterprises.com,2311.75,2238.85,2668245024768,77.16122,29.96,0.00059999997,3743.9,2025.0
2018-11-22 00:00:00+05:30,159.83792085449096,2314.95,2213.75,156.48123168945312,1376164,0.0,0.0,ADANIENT.NS,Adani Enterprises Limited,Thermal Coal,Energy,Mr. Gautambhai Shantilal Adani S.Y. B.Com,"Ahmedabad, India",https://www.adanienterprises.com,2311.75,2238.85,2668245024768,77.16122,29.96,0.00059999997,3743.9,2025.0
2018-11-26 00:00:00+05:30,156.48123299932408,2314.95,2213.75,155.34588623046875,1376164,0.0,0.0,ADANIENT.NS,Adani Enterprises Limited,Thermal Coal,Energy,Mr. Gautambhai Shantilal Adani S.Y. B.Com,"Ahmedabad, India",https://www.adanienterprises.com,2311.75,2238.85,2668245024768,77.16122,29.96,0.00059999997,3743.9,2025.0
2018-11-27 00:00:00+05:30,155.34584809428253,2314.95,2213.75,157.12290954589844,1376164,0.0,0.0,ADANIENT.NS,Adani Enterprises Limited,Thermal Coal,Energy,Mr. Gautambhai Shantilal Adani S.Y. B.Com,"Ahmedabad, India",https://www.adanienterprises.com,2311.75,2238.85,2668245024768,77.16122,29.96,0.00059999997,3743.9,2025.0
2018-11-28 00:00:00+05:30,157.12292595440522,2314.95,2213.75,155.98757934570312,1376164,0.0,0.0,ADANIENT.NS,Adani Enterprises Limited,Thermal Coal,Energy,Mr. Gautambhai Shantilal Adani S.Y. B.Com,"Ahmedabad, India",https://www.adanienterprises.com,2311.75,2238.85,2668245024768,77.16122,29.96,0.00059999997,3743.9,2025.0
2018-11-29 00:00:00+05:30,157.32042185069585,2314.95,2213.75,167.7360382080078,1376164,0.0,0.0,ADANIENT.NS,Adani Enterprises Limited,Thermal Coal,Energy,Mr. Gautambhai Shantilal Adani S.Y. B.Com,"Ahmedabad, India",https://www.adanienterprises.com,2311.75,2238.85,2668245024768,77.16122,29.96,0.00059999997,3743.9,2025.0
2018-11-30 00:00:00+05:30,166.35382773659447,2314.95,2213.75,162.89840698242188,1376164,0.0,0.0,ADANIENT.NS,Adani Enterprises Limited,Thermal Coal,Energy,Mr. Gautambhai Shantilal Adani S.Y. B.Com,"Ahmedabad, India",https://www.adanienterprises.com,2311.75,2238.85,2668245024768,77.16122,29.96,0.00059999997,3743.9,2025.0
2018-12-03 00:00:00+05:30,163.93505193483676,2314.95,2213.75,164.57676696777344,1376164,0.0,0.0,ADANIENT.NS,Adani Enterprises Limited,Thermal Coal,Energy,Mr. Gautambhai Shantilal Adani S.Y. B.Com,"Ahmedabad, India",https://www.adanienterprises.com,2311.75,2238.85,2668245024768,77.16122,29.96,0.00059999997,3743.9,2025.0
2018-12-04 00:00:00+05:30,163.83630176686816,2314.95,2213.75,160.67706298828125,1376164,0.0,0.0,ADANIENT.NS,Adani Enterprises Limited,Thermal Coal,Energy,Mr. Gautambhai Shantilal Adani S.Y. B.Com,"Ahmedabad, India",https://www.adanienterprises.com,2311.75,2238.85,2668245024768,77.16122,29.96,0.00059999997,3743.9,2025.0
2018-12-05 00:00:00+05:30,158.99875313964105,2314.95,2213.75,155.39523315429688,1376164,0.0,0.0,ADANIENT.NS,Adani Enterprises Limited,Thermal Coal,Energy,Mr. Gautambhai Shantilal Adani S.Y. B.Com,"Ahmedabad, India",https://www.adanienterprises.com,2311.75,2238.85,2668245024768,77.16122,29.96,0.00059999997,3743.9,2025.0
2018-12-06 00:00:00+05:30,153.8156085729455,2314.95,2213.75,148.63247680664062,1376164,0.0,0.0,ADANIENT.NS,Adani Enterprises Limited,Thermal Coal,Energy,Mr. Gautambhai Shantilal Adani S.Y. B.Com,"Ahmedabad, India",https://www.adanienterprises.com,2311.75,2238.85,2668245024768,77.16122,29.96,0.00059999997,3743.9,2025.0
2018-12-07 00:00:00+05:30,149.86654947874678,2314.95,2213.75,150.95252990722656,1376164,0.0,0.0,ADANIENT.NS,Adani Enterprises Limited,Thermal Coal,Energy,Mr. Gautambhai Shantilal Adani S.Y. B.Com,"Ahmedabad, India",https://www.adanienterprises.com,2311.75,2238.85,2668245024768,77.16122,29.96,0.00059999997,3743.9,2025.0
2018-12-10 00:00:00+05:30,144.97962273968926,2314.95,2213.75,141.3267364501953,1376164,0.0,0.0,ADANIENT.NS,Adani Enterprises Limited,Thermal Coal,Energy,Mr. Gautambhai Shantilal Adani S.Y. B.Com,"Ahmedabad, India",https://www.adanienterprises.com,2311.75,2238.85,2668245024768,77.16122,29.96,0.00059999997,3743.9,2025.0
2018-12-11 00:00:00+05:30,137.22959596452728,2314.95,2213.75,149.9652862548828,1376164,0.0,0.0,ADANIENT.NS,Adani Enterprises Limited,Thermal Coal,Energy,Mr. Gautambhai Shantilal Adani S.Y. B.Com,"Ahmedabad, India",https://www.adanienterprises.com,2311.75,2238.85,2668245024768,77.16122,29.96,0.00059999997,3743.9,2025.0
2018-12-12 00:00:00+05:30,150.85381443537665,2314.95,2213.75,154.11178588867188,1376164,0.0,0.0,ADANIENT.NS,Adani Enterprises Limited,Thermal Coal,Energy,Mr. Gautambhai Shantilal Adani S.Y. B.Com,"Ahmedabad, India",https://www.adanienterprises.com,2311.75,2238.85,2668245024768,77.16122,29.96,0.00059999997,3743.9,2025.0
2018-12-13 00:00:00+05:30,154.0130615234375,2314.95,2213.75,154.0130615234375,1376164,0.0,0.0,ADANIENT.NS,Adani Enterprises Limited,Thermal Coal,Energy,Mr. Gautambhai Shantilal Adani S.Y. B.Com,"Ahmedabad, India",https://www.adanienterprises.com,2311.75,2238.85,2668245024768,77.16122,29.96,0.00059999997,3743.9,2025.0
2018-12-14 00:00:00+05:30,154.0130493236695,2314.95,2213.75,155.0990447998047,1376164,0.0,0.0,ADANIENT.NS,Adani Enterprises Limited,Thermal Coal,Energy,Mr. Gautambhai Shantilal Adani S.Y. B.Com,"Ahmedabad, India",https://www.adanienterprises.com,2311.75,2238.85,2668245024768,77.16122,29.96,0.00059999997,3743.9,2025.0
2018-12-17 00:00:00+05:30,155.09903731725856,2314.95,2213.75,155.93820190429688,1376164,0.0,0.0,ADANIENT.NS,Adani Enterprises Limited,Thermal Coal,Energy,Mr. Gautambhai Shantilal Adani S.Y. B.Com,"Ahmedabad, India",https://www.adanienterprises.com,2311.75,2238.85,2668245024768,77.16122,29.96,0.00059999997,3743.9,2025.0
2018-12-18 00:00:00+05:30,155.6914086302289,2314.95,2213.75,156.03695678710938,1376164,0.0,0.0,ADANIENT.NS,Adani Enterprises Limited,Thermal Coal,Energy,Mr. Gautambhai Shantilal Adani S.Y. B.Com,"Ahmedabad, India",https://www.adanienterprises.com,2311.75,2238.85,2668245024768,77.16122,29.96,0.00059999997,3743.9,2025.0
2018-12-19 00:00:00+05:30,157.96211153070135,2314.95,2213.75,158.15956115722656,1376164,0.0,0.0,ADANIENT.NS,Adani Enterprises Limited,Thermal Coal,Energy,Mr. Gautambhai Shantilal Adani S.Y. B.Com,"Ahmedabad, India",https://www.adanienterprises.com,2311.75,2238.85,2668245024768,77.16122,29.96,0.00059999997,3743.9,2025.0
2018-12-20 00:00:00+05:30,157.3697631559342,2314.95,2213.75,157.2216796875,1376164,0.0,0.0,ADANIENT.NS,Adani Enterprises Limited,Thermal Coal,Energy,Mr. Gautambhai Shantilal Adani S.Y. B.Com,"Ahmedabad, India",https://www.adanienterprises.com,2311.75,2238.85,2668245024768,77.16122,29.96,0.00059999997,3743.9,2025.0
2018-12-21 00:00:00+05:30,157.76465419803674,2314.95,2213.75,157.3203887939453,1376164,0.0,0.0,ADANIENT.NS,Adani Enterprises Limited,Thermal Coal,Energy,Mr. Gautambhai Shantilal Adani S.Y. B.Com,"Ahmedabad, India",https://www.adanienterprises.com,2311.75,2238.85,2668245024768,77.16122,29.96,0.00059999997,3743.9,2025.0
2018-12-24 00:00:00+05:30,157.36974326910033,2314.95,2213.75,156.53057861328125,1376164,0.0,0.0,ADANIENT.NS,Adani Enterprises Limited,Thermal Coal,Energy,Mr. Gautambhai Shantilal Adani S.Y. B.Com,"Ahmedabad, India",https://www.adanienterprises.com,2311.75,2238.85,2668245024768,77.16122,29.96,0.00059999997,3743.9,2025.0
2018-12-26 00:00:00+05:30,154.8522452779114,2314.95,2213.75,159.19619750976562,1376164,0.0,0.0,ADANIENT.NS,Adani Enterprises Limited,Thermal Coal,Energy,Mr. Gautambhai Shantilal Adani S.Y. B.Com,"Ahmedabad, India",https://www.adanienterprises.com,2311.75,2238.85,2668245024768,77.16122,29.96,0.00059999997,3743.9,2025.0
2018-12-27 00:00:00+05:30,160.18343319451452,2314.95,2213.75,160.28216552734375,1376164,0.0,0.0,ADANIENT.NS,Adani Enterprises Limited,Thermal Coal,Energy,Mr. Gautambhai Shantilal Adani S.Y. B.Com,"Ahmedabad, India",https://www.adanienterprises.com,2311.75,2238.85,2668245024768,77.16122,29.96,0.00059999997,3743.9,2025.0
2018-12-28 00:00:00+05:30,159.88726985383073,2314.95,2213.75,159.49237060546875,1376164,0.0,0.0,ADANIENT.NS,Adani Enterprises Limited,Thermal Coal,Energy,Mr. Gautambhai Shantilal Adani S.Y. B.Com,"Ahmedabad, India",https://www.adanienterprises.com,2311.75,2238.85,2668245024768,77.16122,29.96,0.00059999997,3743.9,2025.0
2018-12-31 00:00:00+05:30,160.77582967341212,2314.95,2213.75,158.9493865966797,1376164,0.0,0.0,ADANIENT.NS,Adani Enterprises Limited,Thermal Coal,Energy,Mr. Gautambhai Shantilal Adani S.Y. B.Com,"Ahmedabad, India",https://www.adanienterprises.com,2311.75,2238.85,2668245024768,77.16122,29.96,0.00059999997,3743.9,2025.0
2019-01-01 00:00:00+05:30,158.85065145579438,2314.95,2213.75,155.2471466064453,1376164,0.0,0.0,ADANIENT.NS,Adani Enterprises Limited,Thermal Coal,Energy,Mr. Gautambhai Shantilal Adani S.Y. B.Com,"Ahmedabad, India",https://www.adanienterprises.com,2311.75,2238.85,2668245024768,77.16122,29.96,0.00059999997,3743.9,2025.0
2019-01-02 00:00:00+05:30,155.00032596753135,2314.95,2213.75,152.87771606445312,1376164,0.0,0.0,ADANIENT.NS,Adani Enterprises Limited,Thermal Coal,Energy,Mr. Gautambhai Shantilal Adani S.Y. B.Com,"Ahmedabad, India",https://www.adanienterprises.com,2311.75,2238.85,2668245024768,77.16122,29.96,0.00059999997,3743.9,2025.0
2019-01-03 00:00:00+05:30,152.9270270152567,2314.95,2213.75,150.55760192871094,1376164,0.0,0.0,ADANIENT.NS,Adani Enterprises Limited,Thermal Coal,Energy,Mr. Gautambhai Shantilal Adani S.Y. B.Com,"Ahmedabad, India",https://www.adanienterprises.com,2311.75,2238.85,2668245024768,77.16122,29.96,0.00059999997,3743.9,2025.0
2019-01-04 00:00:00+05:30,150.1627292299476,2314.95,2213.75,150.60699462890625,1376164,0.0,0.0,ADANIENT.NS,Adani Enterprises Limited,Thermal Coal,Energy,Mr. Gautambhai Shantilal Adani S.Y. B.Com,"Ahmedabad, India",https://www.adanienterprises.com,2311.75,2238.85,2668245024768,77.16122,29.96,0.00059999997,3743.9,2025.0
2019-01-07 00:00:00+05:30,150.95255634105524,2314.95,2213.75,149.32357788085938,1376164,0.0,0.0,ADANIENT.NS,Adani Enterprises Limited,Thermal Coal,Energy,Mr. Gautambhai Shantilal Adani S.Y. B.Com,"Ahmedabad, India",https://www.adanienterprises.com,2311.75,2238.85,2668245024768,77.16122,29.96,0.00059999997,3743.9,2025.0
2019-01-08 00:00:00+05:30,148.58310586020045,2314.95,2213.75,151.4955291748047,1376164,0.0,0.0,ADANIENT.NS,Adani Enterprises Limited,Thermal Coal,Energy,Mr. Gautambhai Shantilal Adani S.Y. B.Com,"Ahmedabad, India",https://www.adanienterprises.com,2311.75,2238.85,2668245024768,77.16122,29.96,0.00059999997,3743.9,2025.0
2019-01-09 00:00:00+05:30,151.64362219210213,2314.95,2213.75,147.44775390625,1376164,0.0,0.0,ADANIENT.NS,Adani Enterprises Limited,Thermal Coal,Energy,Mr. Gautambhai Shantilal Adani S.Y. B.Com,"Ahmedabad, India",https://www.adanienterprises.com,2311.75,2238.85,2668245024768,77.16122,29.96,0.00059999997,3743.9,2025.0
2019-01-10 00:00:00+05:30,149.07674372809262,2314.95,2213.75,149.17547607421875,1376164,0.0,0.0,ADANIENT.NS,Adani Enterprises Limited,Thermal Coal,Energy,Mr. Gautambhai Shantilal Adani S.Y. B.Com,"Ahmedabad, India",https://www.adanienterprises.com,2311.75,2238.85,2668245024768,77.16122,29.96,0.00059999997,3743.9,2025.0
2019-01-11 00:00:00+05:30,149.1754742842721,2314.95,2213.75,149.57037353515625,1376164,0.0,0.0,ADANIENT.NS,Adani Enterprises Limited,Thermal Coal,Energy,Mr. Gautambhai Shantilal Adani S.Y. B.Com,"Ahmedabad, India",https://www.adanienterprises.com,2311.75,2238.85,2668245024768,77.16122,29.96,0.00059999997,3743.9,2025.0
2019-01-14 00:00:00+05:30,149.0767518601116,2314.95,2213.75,146.46051025390625,1376164,0.0,0.0,ADANIENT.NS,Adani Enterprises Limited,Thermal Coal,Energy,Mr. Gautambhai Shantilal Adani S.Y. B.Com,"Ahmedabad, India",https://www.adanienterprises.com,2311.75,2238.85,2668245024768,77.16122,29.96,0.00059999997,3743.9,2025.0
2019-01-15 00:00:00+05:30,146.60856939377285,2314.95,2213.75,146.75665283203125,1376164,0.0,0.0,ADANIENT.NS,Adani Enterprises Limited,Thermal Coal,Energy,Mr. Gautambhai Shantilal Adani S.Y. B.Com,"Ahmedabad, India",https://www.adanienterprises.com,2311.75,2238.85,2668245024768,77.16122,29.96,0.00059999997,3743.9,2025.0
2019-01-16 00:00:00+05:30,146.31240355979037,2314.95,2213.75,146.55921936035156,1376164,0.0,0.0,ADANIENT.NS,Adani Enterprises Limited,Thermal Coal,Energy,Mr. Gautambhai Shantilal Adani S.Y. B.Com,"Ahmedabad, India",https://www.adanienterprises.com,2311.75,2238.85,2668245024768,77.16122,29.96,0.00059999997,3743.9,2025.0
2019-01-17 00:00:00+05:30,146.50985467479245,2314.95,2213.75,147.1022186279297,1376164,0.0,0.0,ADANIENT.NS,Adani Enterprises Limited,Thermal Coal,Energy,Mr. Gautambhai Shantilal Adani S.Y. B.Com,"Ahmedabad, India",https://www.adanienterprises.com,2311.75,2238.85,2668245024768,77.16122,29.96,0.00059999997,3743.9,2025.0
2019-01-18 00:00:00+05:30,147.79329806158012,2314.95,2213.75,144.88087463378906,1376164,0.0,0.0,ADANIENT.NS,Adani Enterprises Limited,Thermal Coal,Energy,Mr. Gautambhai Shantilal Adani S.Y. B.Com,"Ahmedabad, India",https://www.adanienterprises.com,2311.75,2238.85,2668245024768,77.16122,29.96,0.00059999997,3743.9,2025.0
2019-01-21 00:00:00+05:30,144.6340622389239,2314.95,2213.75,144.091064453125,1376164,0.0,0.0,ADANIENT.NS,Adani Enterprises Limited,Thermal Coal,Energy,Mr. Gautambhai Shantilal Adani S.Y. B.Com,"Ahmedabad, India",https://www.adanienterprises.com,2311.75,2238.85,2668245024768,77.16122,29.96,0.00059999997,3743.9,2025.0
2019-01-22 00:00:00+05:30,143.54805632266365,2314.95,2213.75,143.84423828125,1376164,0.0,0.0,ADANIENT.NS,Adani Enterprises Limited,Thermal Coal,Energy,Mr. Gautambhai Shantilal Adani S.Y. B.Com,"Ahmedabad, India",https://www.adanienterprises.com,2311.75,2238.85,2668245024768,77.16122,29.96,0.00059999997,3743.9,2025.0
2019-01-23 00:00:00+05:30,143.64679259186858,2314.95,2213.75,141.1786346435547,1376164,0.0,0.0,ADANIENT.NS,Adani Enterprises Limited,Thermal Coal,Energy,Mr. Gautambhai Shantilal Adani S.Y. B.Com,"Ahmedabad, India",https://www.adanienterprises.com,2311.75,2238.85,2668245024768,77.16122,29.96,0.00059999997,3743.9,2025.0
2019-01-24 00:00:00+05:30,141.17864043603635,2314.95,2213.75,140.734375,1376164,0.0,0.0,ADANIENT.NS,Adani Enterprises Limited,Thermal Coal,Energy,Mr. Gautambhai Shantilal Adani S.Y. B.Com,"Ahmedabad, India",https://www.adanienterprises.com,2311.75,2238.85,2668245024768,77.16122,29.96,0.00059999997,3743.9,2025.0
2019-01-25 00:00:00+05:30,141.03054858207588,2314.95,2213.75,135.60060119628906,1376164,0.0,0.0,ADANIENT.NS,Adani Enterprises Limited,Thermal Coal,Energy,Mr. Gautambhai Shantilal Adani S.Y. B.Com,"Ahmedabad, India",https://www.adanienterprises.com,2311.75,2238.85,2668245024768,77.16122,29.96,0.00059999997,3743.9,2025.0
2019-01-28 00:00:00+05:30,136.24231629323276,2314.95,2213.75,134.66268920898438,1376164,0.0,0.0,ADANIENT.NS,Adani Enterprises Limited,Thermal Coal,Energy,Mr. Gautambhai Shantilal Adani S.Y. B.Com,"Ahmedabad, India",https://www.adanienterprises.com,2311.75,2238.85,2668245024768,77.16122,29.96,0.00059999997,3743.9,2025.0
2019-01-29 00:00:00+05:30,134.71206694367288,2314.95,2213.75,139.0066680908203,1376164,0.0,0.0,ADANIENT.NS,Adani Enterprises Limited,Thermal Coal,Energy,Mr. Gautambhai Shantilal Adani S.Y. B.Com,"Ahmedabad, India",https://www.adanienterprises.com,2311.75,2238.85,2668245024768,77.16122,29.96,0.00059999997,3743.9,2025.0
2019-01-30 00:00:00+05:30,139.1053815049456,2314.95,2213.75,138.1181182861328,1376164,0.0,0.0,ADANIENT.NS,Adani Enterprises Limited,Thermal Coal,Energy,Mr. Gautambhai Shantilal Adani S.Y. B.Com,"Ahmedabad, India",https://www.adanienterprises.com,2311.75,2238.85,2668245024768,77.16122,29.96,0.00059999997,3743.9,2025.0
2019-01-31 00:00:00+05:30,137.72322719342182,2314.95,2213.75,135.4031524658203,1376164,0.0,0.0,ADANIENT.NS,Adani Enterprises Limited,Thermal Coal,Energy,Mr. Gautambhai Shantilal Adani S.Y. B.Com,"Ahmedabad, India",https://www.adanienterprises.com,2311.75,2238.85,2668245024768,77.16122,29.96,0.00059999997,3743.9,2025.0
2019-02-01 00:00:00+05:30,135.20568939574696,2314.95,2213.75,141.1786346435547,1376164,0.0,0.0,ADANIENT.NS,Adani Enterprises Limited,Thermal Coal,Energy,Mr. Gautambhai Shantilal Adani S.Y. B.Com,"Ahmedabad, India",https://www.adanienterprises.com,2311.75,2238.85,2668245024768,77.16122,29.96,0.00059999997,3743.9,2025.0
2019-02-04 00:00:00+05:30,141.07990345402854,2314.95,2213.75,121.53209686279297,1376164,0.0,0.0,ADANIENT.NS,Adani Enterprises Limited,Thermal Coal,Energy,Mr. Gautambhai Shantilal Adani S.Y. B.Com,"Ahmedabad, India",https://www.adanienterprises.com,2311.75,2238.85,2668245024768,77.16122,29.96,0.00059999997,3743.9,2025.0
2019-02-05 00:00:00+05:30,120.44610779913857,2314.95,2213.75,122.66744995117188,1376164,0.0,0.0,ADANIENT.NS,Adani Enterprises Limited,Thermal Coal,Energy,Mr. Gautambhai Shantilal Adani S.Y. B.Com,"Ahmedabad, India",https://www.adanienterprises.com,2311.75,2238.85,2668245024768,77.16122,29.96,0.00059999997,3743.9,2025.0
2019-02-06 00:00:00+05:30,122.27253746601129,2314.95,2213.75,121.33464050292969,1376164,0.0,0.0,ADANIENT.NS,Adani Enterprises Limited,Thermal Coal,Energy,Mr. Gautambhai Shantilal Adani S.Y. B.Com,"Ahmedabad, India",https://www.adanienterprises.com,2311.75,2238.85,2668245024768,77.16122,29.96,0.00059999997,3743.9,2025.0
2019-02-07 00:00:00+05:30,120.64355864585491,2314.95,2213.75,122.37126922607422,1376164,0.0,0.0,ADANIENT.NS,Adani Enterprises Limited,Thermal Coal,Energy,Mr. Gautambhai Shantilal Adani S.Y. B.Com,"Ahmedabad, India",https://www.adanienterprises.com,2311.75,2238.85,2668245024768,77.16122,29.96,0.00059999997,3743.9,2025.0
2019-02-08 00:00:00+05:30,121.43338068181819,2314.95,2213.75,122.173828125,1376164,0.0,0.0,ADANIENT.NS,Adani Enterprises Limited,Thermal Coal,Energy,Mr. Gautambhai Shantilal Adani S.Y. B.Com,"Ahmedabad, India",https://www.adanienterprises.com,2311.75,2238.85,2668245024768,77.16122,29.96,0.00059999997,3743.9,2025.0
2019-02-11 00:00:00+05:30,121.38400384582158,2314.95,2213.75,116.69450378417969,1376164,0.0,0.0,ADANIENT.NS,Adani Enterprises Limited,Thermal Coal,Energy,Mr. Gautambhai Shantilal Adani S.Y. B.Com,"Ahmedabad, India",https://www.adanienterprises.com,2311.75,2238.85,2668245024768,77.16122,29.96,0.00059999997,3743.9,2025.0
2019-02-12 00:00:00+05:30,115.7072344808086,2314.95,2213.75,115.46041870117188,1376164,0.0,0.0,ADANIENT.NS,Adani Enterprises Limited,Thermal Coal,Energy,Mr. Gautambhai Shantilal Adani S.Y. B.Com,"Ahmedabad, India",https://www.adanienterprises.com,2311.75,2238.85,2668245024768,77.16122,29.96,0.00059999997,3743.9,2025.0
2019-02-14 00:00:00+05:30,116.9413276756313,2314.95,2213.75,116.59578704833984,1376164,0.0,0.0,ADANIENT.NS,Adani Enterprises Limited,Thermal Coal,Energy,Mr. Gautambhai Shantilal Adani S.Y. B.Com,"Ahmedabad, India",https://www.adanienterprises.com,2311.75,2238.85,2668245024768,77.16122,29.96,0.00059999997,3743.9,2025.0
2019-02-15 00:00:00+05:30,116.64515354855536,2314.95,2213.75,118.27413940429688,1376164,0.0,0.0,ADANIENT.NS,Adani Enterprises Limited,Thermal Coal,Energy,Mr. Gautambhai Shantilal Adani S.Y. B.Com,"Ahmedabad, India",https://www.adanienterprises.com,2311.75,2238.85,2668245024768,77.16122,29.96,0.00059999997,3743.9,2025.0
2019-02-18 00:00:00+05:30,116.79323916829667,2314.95,2213.75,116.00342559814453,1376164,0.0,0.0,ADANIENT.NS,Adani Enterprises Limited,Thermal Coal,Energy,Mr. Gautambhai Shantilal Adani S.Y. B.Com,"Ahmedabad, India",https://www.adanienterprises.com,2311.75,2238.85,2668245024768,77.16122,29.96,0.00059999997,3743.9,2025.0
2019-02-19 00:00:00+05:30,116.89195694381186,2314.95,2213.75,116.74386596679688,1376164,0.0,0.0,ADANIENT.NS,Adani Enterprises Limited,Thermal Coal,Energy,Mr. Gautambhai Shantilal Adani S.Y. B.Com,"Ahmedabad, India",https://www.adanienterprises.com,2311.75,2238.85,2668245024768,77.16122,29.96,0.00059999997,3743.9,2025.0
2019-02-20 00:00:00+05:30,116.44768407314349,2314.95,2213.75,118.52094268798828,1376164,0.0,0.0,ADANIENT.NS,Adani Enterprises Limited,Thermal Coal,Energy,Mr. Gautambhai Shantilal Adani S.Y. B.Com,"Ahmedabad, India",https://www.adanienterprises.com,2311.75,2238.85,2668245024768,77.16122,29.96,0.00059999997,3743.9,2025.0
2019-02-21 00:00:00+05:30,118.27414112294677,2314.95,2213.75,117.87923431396484,1376164,0.0,0.0,ADANIENT.NS,Adani Enterprises Limited,Thermal Coal,Energy,Mr. Gautambhai Shantilal Adani S.Y. B.Com,"Ahmedabad, India",https://www.adanienterprises.com,2311.75,2238.85,2668245024768,77.16122,29.96,0.00059999997,3743.9,2025.0
2019-02-22 00:00:00+05:30,118.7183963734012,2314.95,2213.75,126.41905212402344,1376164,0.0,0.0,ADANIENT.NS,Adani Enterprises Limited,Thermal Coal,Energy,Mr. Gautambhai Shantilal Adani S.Y. B.Com,"Ahmedabad, India",https://www.adanienterprises.com,2311.75,2238.85,2668245024768,77.16122,29.96,0.00059999997,3743.9,2025.0
2019-02-25 00:00:00+05:30,123.40791297681405,2314.95,2213.75,130.31875610351562,1376164,0.0,0.0,ADANIENT.NS,Adani Enterprises Limited,Thermal Coal,Energy,Mr. Gautambhai Shantilal Adani S.Y. B.Com,"Ahmedabad, India",https://www.adanienterprises.com,2311.75,2238.85,2668245024768,77.16122,29.96,0.00059999997,3743.9,2025.0
2019-02-26 00:00:00+05:30,128.344221631995,2314.95,2213.75,130.41748046875,1376164,0.0,0.0,ADANIENT.NS,Adani Enterprises Limited,Thermal Coal,Energy,Mr. Gautambhai Shantilal Adani S.Y. B.Com,"Ahmedabad, India",https://www.adanienterprises.com,2311.75,2238.85,2668245024768,77.16122,29.96,0.00059999997,3743.9,2025.0
2019-02-27 00:00:00+05:30,132.09582809282253,2314.95,2213.75,130.56556701660156,1376164,0.0,0.0,ADANIENT.NS,Adani Enterprises Limited,Thermal Coal,Energy,Mr. Gautambhai Shantilal Adani S.Y. B.Com,"Ahmedabad, India",https://www.adanienterprises.com,2311.75,2238.85,2668245024768,77.16122,29.96,0.00059999997,3743.9,2025.0
2019-02-28 00:00:00+05:30,131.79965361899144,2314.95,2213.75,127.2088851928711,1376164,0.0,0.0,ADANIENT.NS,Adani Enterprises Limited,Thermal Coal,Energy,Mr. Gautambhai Shantilal Adani S.Y. B.Com,"Ahmedabad, India",https://www.adanienterprises.com,2311.75,2238.85,2668245024768,77.16122,29.96,0.00059999997,3743.9,2025.0
2019-03-01 00:00:00+05:30,128.68978098458356,2314.95,2213.75,132.14520263671875,1376164,0.0,0.0,ADANIENT.NS,Adani Enterprises Limited,Thermal Coal,Energy,Mr. Gautambhai Shantilal Adani S.Y. B.Com,"Ahmedabad, India",https://www.adanienterprises.com,2311.75,2238.85,2668245024768,77.16122,29.96,0.00059999997,3743.9,2025.0
2019-03-05 00:00:00+05:30,130.81237608287094,2314.95,2213.75,139.99392700195312,1376164,0.0,0.0,ADANIENT.NS,Adani Enterprises Limited,Thermal Coal,Energy,Mr. Gautambhai Shantilal Adani S.Y. B.Com,"Ahmedabad, India",https://www.adanienterprises.com,2311.75,2238.85,2668245024768,77.16122,29.96,0.00059999997,3743.9,2025.0
2019-03-06 00:00:00+05:30,140.93183134616598,2314.95,2213.75,137.47640991210938,1376164,0.0,0.0,ADANIENT.NS,Adani Enterprises Limited,Thermal Coal,Energy,Mr. Gautambhai Shantilal Adani S.Y. B.Com,"Ahmedabad, India",https://www.adanienterprises.com,2311.75,2238.85,2668245024768,77.16122,29.96,0.00059999997,3743.9,2025.0
2019-03-07 00:00:00+05:30,137.2296005362534,2314.95,2213.75,135.15634155273438,1376164,0.0,0.0,ADANIENT.NS,Adani Enterprises Limited,Thermal Coal,Energy,Mr. Gautambhai Shantilal Adani S.Y. B.Com,"Ahmedabad, India",https://www.adanienterprises.com,2311.75,2238.85,2668245024768,77.16122,29.96,0.00059999997,3743.9,2025.0
2019-03-08 00:00:00+05:30,134.02099667939152,2314.95,2213.75,136.43978881835938,1376164,0.0,0.0,ADANIENT.NS,Adani Enterprises Limited,Thermal Coal,Energy,Mr. Gautambhai Shantilal Adani S.Y. B.Com,"Ahmedabad, India",https://www.adanienterprises.com,2311.75,2238.85,2668245024768,77.16122,29.96,0.00059999997,3743.9,2025.0
2019-03-11 00:00:00+05:30,136.0942331393214,2314.95,2213.75,137.27894592285156,1376164,0.0,0.0,ADANIENT.NS,Adani Enterprises Limited,Thermal Coal,Energy,Mr. Gautambhai Shantilal Adani S.Y. B.Com,"Ahmedabad, India",https://www.adanienterprises.com,2311.75,2238.85,2668245024768,77.16122,29.96,0.00059999997,3743.9,2025.0
2019-03-12 00:00:00+05:30,138.71046924685533,2314.95,2213.75,146.5098419189453,1376164,0.0,0.0,ADANIENT.NS,Adani Enterprises Limited,Thermal Coal,Energy,Mr. Gautambhai Shantilal Adani S.Y. B.Com,"Ahmedabad, India",https://www.adanienterprises.com,2311.75,2238.85,2668245024768,77.16122,29.96,0.00059999997,3743.9,2025.0
2019-03-13 00:00:00+05:30,146.5098503748894,2314.95,2213.75,145.47323608398438,1376164,0.0,0.0,ADANIENT.NS,Adani Enterprises Limited,Thermal Coal,Energy,Mr. Gautambhai Shantilal Adani S.Y. B.Com,"Ahmedabad, India",https://www.adanienterprises.com,2311.75,2238.85,2668245024768,77.16122,29.96,0.00059999997,3743.9,2025.0
2019-03-14 00:00:00+05:30,145.5226103925956,2314.95,2213.75,143.69618225097656,1376164,0.0,0.0,ADANIENT.NS,Adani Enterprises Limited,Thermal Coal,Energy,Mr. Gautambhai Shantilal Adani S.Y. B.Com,"Ahmedabad, India",https://www.adanienterprises.com,2311.75,2238.85,2668245024768,77.16122,29.96,0.00059999997,3743.9,2025.0
2019-03-15 00:00:00+05:30,143.94300713001866,2314.95,2213.75,140.04331970214844,1376164,0.0,0.0,ADANIENT.NS,Adani Enterprises Limited,Thermal Coal,Energy,Mr. Gautambhai Shantilal Adani S.Y. B.Com,"Ahmedabad, India",https://www.adanienterprises.com,2311.75,2238.85,2668245024768,77.16122,29.96,0.00059999997,3743.9,2025.0
2019-03-18 00:00:00+05:30,140.5862592820563,2314.95,2213.75,142.06715393066406,1376164,0.0,0.0,ADANIENT.NS,Adani Enterprises Limited,Thermal Coal,Energy,Mr. Gautambhai Shantilal Adani S.Y. B.Com,"Ahmedabad, India",https://www.adanienterprises.com,2311.75,2238.85,2668245024768,77.16122,29.96,0.00059999997,3743.9,2025.0
2019-03-19 00:00:00+05:30,142.61016758252262,2314.95,2213.75,140.19137573242188,1376164,0.0,0.0,ADANIENT.NS,Adani Enterprises Limited,Thermal Coal,Energy,Mr. Gautambhai Shantilal Adani S.Y. B.Com,"Ahmedabad, India",https://www.adanienterprises.com,2311.75,2238.85,2668245024768,77.16122,29.96,0.00059999997,3743.9,2025.0
2019-03-20 00:00:00+05:30,140.19136743153925,2314.95,2213.75,137.67384338378906,1376164,0.0,0.0,ADANIENT.NS,Adani Enterprises Limited,Thermal Coal,Energy,Mr. Gautambhai Shantilal Adani S.Y. B.Com,"Ahmedabad, India",https://www.adanienterprises.com,2311.75,2238.85,2668245024768,77.16122,29.96,0.00059999997,3743.9,2025.0
2019-03-22 00:00:00+05:30,138.90794306911803,2314.95,2213.75,136.48915100097656,1376164,0.0,0.0,ADANIENT.NS,Adani Enterprises Limited,Thermal Coal,Energy,Mr. Gautambhai Shantilal Adani S.Y. B.Com,"Ahmedabad, India",https://www.adanienterprises.com,2311.75,2238.85,2668245024768,77.16122,29.96,0.00059999997,3743.9,2025.0
2019-03-25 00:00:00+05:30,135.255066065386,2314.95,2213.75,132.63882446289062,1376164,0.0,0.0,ADANIENT.NS,Adani Enterprises Limited,Thermal Coal,Energy,Mr. Gautambhai Shantilal Adani S.Y. B.Com,"Ahmedabad, India",https://www.adanienterprises.com,2311.75,2238.85,2668245024768,77.16122,29.96,0.00059999997,3743.9,2025.0
2019-03-26 00:00:00+05:30,133.18179414499434,2314.95,2213.75,136.5384979248047,1376164,0.0,0.0,ADANIENT.NS,Adani Enterprises Limited,Thermal Coal,Energy,Mr. Gautambhai Shantilal Adani S.Y. B.Com,"Ahmedabad, India",https://www.adanienterprises.com,2311.75,2238.85,2668245024768,77.16122,29.96,0.00059999997,3743.9,2025.0
2019-03-27 00:00:00+05:30,136.78533247511325,2314.95,2213.75,135.7487030029297,1376164,0.0,0.0,ADANIENT.NS,Adani Enterprises Limited,Thermal Coal,Energy,Mr. Gautambhai Shantilal Adani S.Y. B.Com,"Ahmedabad, India",https://www.adanienterprises.com,2311.75,2238.85,2668245024768,77.16122,29.96,0.00059999997,3743.9,2025.0
2019-03-28 00:00:00+05:30,136.68657584155352,2314.95,2213.75,136.04486083984375,1376164,0.0,0.0,ADANIENT.NS,Adani Enterprises Limited,Thermal Coal,Energy,Mr. Gautambhai Shantilal Adani S.Y. B.Com,"Ahmedabad, India",https://www.adanienterprises.com,2311.75,2238.85,2668245024768,77.16122,29.96,0.00059999997,3743.9,2025.0
2019-04-01 00:00:00+05:30,145.57195848055682,2314.95,2213.75,149.52101135253906,1376164,0.0,0.0,ADANIENT.NS,Adani Enterprises Limited,Thermal Coal,Energy,Mr. Gautambhai Shantilal Adani S.Y. B.Com,"Ahmedabad, India",https://www.adanienterprises.com,2311.75,2238.85,2668245024768,77.16122,29.96,0.00059999997,3743.9,2025.0
2019-04-02 00:00:00+05:30,149.76784152031928,2314.95,2213.75,149.71847534179688,1376164,0.0,0.0,ADANIENT.NS,Adani Enterprises Limited,Thermal Coal,Energy,Mr. Gautambhai Shantilal Adani S.Y. B.Com,"Ahmedabad, India",https://www.adanienterprises.com,2311.75,2238.85,2668245024768,77.16122,29.96,0.00059999997,3743.9,2025.0
2019-04-03 00:00:00+05:30,148.385674095038,2314.95,2213.75,145.6707000732422,1376164,0.0,0.0,ADANIENT.NS,Adani Enterprises Limited,Thermal Coal,Energy,Mr. Gautambhai Shantilal Adani S.Y. B.Com,"Ahmedabad, India",https://www.adanienterprises.com,2311.75,2238.85,2668245024768,77.16122,29.96,0.00059999997,3743.9,2025.0
2019-04-04 00:00:00+05:30,146.06558806087537,2314.95,2213.75,145.62132263183594,1376164,0.0,0.0,ADANIENT.NS,Adani Enterprises Limited,Thermal Coal,Energy,Mr. Gautambhai Shantilal Adani S.Y. B.Com,"Ahmedabad, India",https://www.adanienterprises.com,2311.75,2238.85,2668245024768,77.16122,29.96,0.00059999997,3743.9,2025.0
2019-04-05 00:00:00+05:30,146.11497212388434,2314.95,2213.75,145.0289764404297,1376164,0.0,0.0,ADANIENT.NS,Adani Enterprises Limited,Thermal Coal,Energy,Mr. Gautambhai Shantilal Adani S.Y. B.Com,"Ahmedabad, India",https://www.adanienterprises.com,2311.75,2238.85,2668245024768,77.16122,29.96,0.00059999997,3743.9,2025.0
2019-04-08 00:00:00+05:30,145.62131167541938,2314.95,2213.75,140.14199829101562,1376164,0.0,0.0,ADANIENT.NS,Adani Enterprises Limited,Thermal Coal,Energy,Mr. Gautambhai Shantilal Adani S.Y. B.Com,"Ahmedabad, India",https://www.adanienterprises.com,2311.75,2238.85,2668245024768,77.16122,29.96,0.00059999997,3743.9,2025.0
2019-04-09 00:00:00+05:30,140.487540950836,2314.95,2213.75,144.14041137695312,1376164,0.0,0.0,ADANIENT.NS,Adani Enterprises Limited,Thermal Coal,Energy,Mr. Gautambhai Shantilal Adani S.Y. B.Com,"Ahmedabad, India",https://www.adanienterprises.com,2311.75,2238.85,2668245024768,77.16122,29.96,0.00059999997,3743.9,2025.0
2019-04-10 00:00:00+05:30,143.89358965854709,2314.95,2213.75,141.03053283691406,1376164,0.0,0.0,ADANIENT.NS,Adani Enterprises Limited,Thermal Coal,Energy,Mr. Gautambhai Shantilal Adani S.Y. B.Com,"Ahmedabad, India",https://www.adanienterprises.com,2311.75,2238.85,2668245024768,77.16122,29.96,0.00059999997,3743.9,2025.0
2019-04-11 00:00:00+05:30,140.93181204288564,2314.95,2213.75,139.2041015625,1376164,0.0,0.0,ADANIENT.NS,Adani Enterprises Limited,Thermal Coal,Energy,Mr. Gautambhai Shantilal Adani S.Y. B.Com,"Ahmedabad, India",https://www.adanienterprises.com,2311.75,2238.85,2668245024768,77.16122,29.96,0.00059999997,3743.9,2025.0
2019-04-12 00:00:00+05:30,139.00665019060534,2314.95,2213.75,139.5989990234375,1376164,0.0,0.0,ADANIENT.NS,Adani Enterprises Limited,Thermal Coal,Energy,Mr. Gautambhai Shantilal Adani S.Y. B.Com,"Ahmedabad, India",https://www.adanienterprises.com,2311.75,2238.85,2668245024768,77.16122,29.96,0.00059999997,3743.9,2025.0
2019-04-15 00:00:00+05:30,139.20411221972316,2314.95,2213.75,141.1292724609375,1376164,0.0,0.0,ADANIENT.NS,Adani Enterprises Limited,Thermal Coal,Energy,Mr. Gautambhai Shantilal Adani S.Y. B.Com,"Ahmedabad, India",https://www.adanienterprises.com,2311.75,2238.85,2668245024768,77.16122,29.96,0.00059999997,3743.9,2025.0
2019-04-16 00:00:00+05:30,140.38881712167304,2314.95,2213.75,141.22799682617188,1376164,0.0,0.0,ADANIENT.NS,Adani Enterprises Limited,Thermal Coal,Energy,Mr. Gautambhai Shantilal Adani S.Y. B.Com,"Ahmedabad, India",https://www.adanienterprises.com,2311.75,2238.85,2668245024768,77.16122,29.96,0.00059999997,3743.9,2025.0
2019-04-18 00:00:00+05:30,141.27737070311247,2314.95,2213.75,136.83468627929688,1376164,0.0,0.0,ADANIENT.NS,Adani Enterprises Limited,Thermal Coal,Energy,Mr. Gautambhai Shantilal Adani S.Y. B.Com,"Ahmedabad, India",https://www.adanienterprises.com,2311.75,2238.85,2668245024768,77.16122,29.96,0.00059999997,3743.9,2025.0
2019-04-22 00:00:00+05:30,136.2423256134282,2314.95,2213.75,133.42861938476562,1376164,0.0,0.0,ADANIENT.NS,Adani Enterprises Limited,Thermal Coal,Energy,Mr. Gautambhai Shantilal Adani S.Y. B.Com,"Ahmedabad, India",https://www.adanienterprises.com,2311.75,2238.85,2668245024768,77.16122,29.96,0.00059999997,3743.9,2025.0
2019-04-23 00:00:00+05:30,133.67545086267353,2314.95,2213.75,130.81239318847656,1376164,0.0,0.0,ADANIENT.NS,Adani Enterprises Limited,Thermal Coal,Energy,Mr. Gautambhai Shantilal Adani S.Y. B.Com,"Ahmedabad, India",https://www.adanienterprises.com,2311.75,2238.85,2668245024768,77.16122,29.96,0.00059999997,3743.9,2025.0
2019-04-24 00:00:00+05:30,131.05918945062305,2314.95,2213.75,134.41587829589844,1376164,0.0,0.0,ADANIENT.NS,Adani Enterprises Limited,Thermal Coal,Energy,Mr. Gautambhai Shantilal Adani S.Y. B.Com,"Ahmedabad, India",https://www.adanienterprises.com,2311.75,2238.85,2668245024768,77.16122,29.96,0.00059999997,3743.9,2025.0
2019-04-25 00:00:00+05:30,133.37925478604888,2314.95,2213.75,133.03370666503906,1376164,0.0,0.0,ADANIENT.NS,Adani Enterprises Limited,Thermal Coal,Energy,Mr. Gautambhai Shantilal Adani S.Y. B.Com,"Ahmedabad, India",https://www.adanienterprises.com,2311.75,2238.85,2668245024768,77.16122,29.96,0.00059999997,3743.9,2025.0
2019-04-26 00:00:00+05:30,133.28053296606953,2314.95,2213.75,129.72637939453125,1376164,0.0,0.0,ADANIENT.NS,Adani Enterprises Limited,Thermal Coal,Energy,Mr. Gautambhai Shantilal Adani S.Y. B.Com,"Ahmedabad, India",https://www.adanienterprises.com,2311.75,2238.85,2668245024768,77.16122,29.96,0.00059999997,3743.9,2025.0
2019-04-30 00:00:00+05:30,130.1213013514519,2314.95,2213.75,125.43180084228516,1376164,0.0,0.0,ADANIENT.NS,Adani Enterprises Limited,Thermal Coal,Energy,Mr. Gautambhai Shantilal Adani S.Y. B.Com,"Ahmedabad, India",https://www.adanienterprises.com,2311.75,2238.85,2668245024768,77.16122,29.96,0.00059999997,3743.9,2025.0
2019-05-02 00:00:00+05:30,124.39516552412495,2314.95,2213.75,125.0368881225586,1376164,0.0,0.0,ADANIENT.NS,Adani Enterprises Limited,Thermal Coal,Energy,Mr. Gautambhai Shantilal Adani S.Y. B.Com,"Ahmedabad, India",https://www.adanienterprises.com,2311.75,2238.85,2668245024768,77.16122,29.96,0.00059999997,3743.9,2025.0
2019-05-03 00:00:00+05:30,122.42062855029971,2314.95,2213.75,126.66586303710938,1376164,0.0,0.0,ADANIENT.NS,Adani Enterprises Limited,Thermal Coal,Energy,Mr. Gautambhai Shantilal Adani S.Y. B.Com,"Ahmedabad, India",https://www.adanienterprises.com,2311.75,2238.85,2668245024768,77.16122,29.96,0.00059999997,3743.9,2025.0
2019-05-06 00:00:00+05:30,124.14835038942411,2314.95,2213.75,124.00025939941406,1376164,0.0,0.0,ADANIENT.NS,Adani Enterprises Limited,Thermal Coal,Energy,Mr. Gautambhai Shantilal Adani S.Y. B.Com,"Ahmedabad, India",https://www.adanienterprises.com,2311.75,2238.85,2668245024768,77.16122,29.96,0.00059999997,3743.9,2025.0
2019-05-07 00:00:00+05:30,124.79005988456375,2314.95,2213.75,120.79164123535156,1376164,0.0,0.0,ADANIENT.NS,Adani Enterprises Limited,Thermal Coal,Energy,Mr. Gautambhai Shantilal Adani S.Y. B.Com,"Ahmedabad, India",https://www.adanienterprises.com,2311.75,2238.85,2668245024768,77.16122,29.96,0.00059999997,3743.9,2025.0
2019-05-08 00:00:00+05:30,120.24866106929838,2314.95,2213.75,119.36012268066406,1376164,0.0,0.0,ADANIENT.NS,Adani Enterprises Limited,Thermal Coal,Energy,Mr. Gautambhai Shantilal Adani S.Y. B.Com,"Ahmedabad, India",https://www.adanienterprises.com,2311.75,2238.85,2668245024768,77.16122,29.96,0.00059999997,3743.9,2025.0
2019-05-09 00:00:00+05:30,120.3473893281389,2314.95,2213.75,118.5703125,1376164,0.0,0.0,ADANIENT.NS,Adani Enterprises Limited,Thermal Coal,Energy,Mr. Gautambhai Shantilal Adani S.Y. B.Com,"Ahmedabad, India",https://www.adanienterprises.com,2311.75,2238.85,2668245024768,77.16122,29.96,0.00059999997,3743.9,2025.0
2019-05-10 00:00:00+05:30,119.45885906219482,2314.95,2213.75,118.47159576416016,1376164,0.0,0.0,ADANIENT.NS,Adani Enterprises Limited,Thermal Coal,Energy,Mr. Gautambhai Shantilal Adani S.Y. B.Com,"Ahmedabad, India",https://www.adanienterprises.com,2311.75,2238.85,2668245024768,77.16122,29.96,0.00059999997,3743.9,2025.0
2019-05-13 00:00:00+05:30,119.1626643545237,2314.95,2213.75,116.1021499633789,1376164,0.0,0.0,ADANIENT.NS,Adani Enterprises Limited,Thermal Coal,Energy,Mr. Gautambhai Shantilal Adani S.Y. B.Com,"Ahmedabad, India",https://www.adanienterprises.com,2311.75,2238.85,2668245024768,77.16122,29.96,0.00059999997,3743.9,2025.0
2019-05-14 00:00:00+05:30,114.86806574121121,2314.95,2213.75,121.7789077758789,1376164,0.0,0.0,ADANIENT.NS,Adani Enterprises Limited,Thermal Coal,Energy,Mr. Gautambhai Shantilal Adani S.Y. B.Com,"Ahmedabad, India",https://www.adanienterprises.com,2311.75,2238.85,2668245024768,77.16122,29.96,0.00059999997,3743.9,2025.0
2019-05-15 00:00:00+05:30,122.61809454757051,2314.95,2213.75,115.90470886230469,1376164,0.0,0.0,ADANIENT.NS,Adani Enterprises Limited,Thermal Coal,Energy,Mr. Gautambhai Shantilal Adani S.Y. B.Com,"Ahmedabad, India",https://www.adanienterprises.com,2311.75,2238.85,2668245024768,77.16122,29.96,0.00059999997,3743.9,2025.0
2019-05-16 00:00:00+05:30,116.59577651003418,2314.95,2213.75,117.286865234375,1376164,0.0,0.0,ADANIENT.NS,Adani Enterprises Limited,Thermal Coal,Energy,Mr. Gautambhai Shantilal Adani S.Y. B.Com,"Ahmedabad, India",https://www.adanienterprises.com,2311.75,2238.85,2668245024768,77.16122,29.96,0.00059999997,3743.9,2025.0
2019-05-17 00:00:00+05:30,116.25024135234052,2314.95,2213.75,117.78050231933594,1376164,0.0,0.0,ADANIENT.NS,Adani Enterprises Limited,Thermal Coal,Energy,Mr. Gautambhai Shantilal Adani S.Y. B.Com,"Ahmedabad, India",https://www.adanienterprises.com,2311.75,2238.85,2668245024768,77.16122,29.96,0.00059999997,3743.9,2025.0
2019-05-20 00:00:00+05:30,129.52893591630516,2314.95,2213.75,150.0146484375,1376164,0.0,0.0,ADANIENT.NS,Adani Enterprises Limited,Thermal Coal,Energy,Mr. Gautambhai Shantilal Adani S.Y. B.Com,"Ahmedabad, India",https://www.adanienterprises.com,2311.75,2238.85,2668245024768,77.16122,29.96,0.00059999997,3743.9,2025.0
2019-05-21 00:00:00+05:30,152.72961824944827,2314.95,2213.75,152.6802520751953,1376164,0.0,0.0,ADANIENT.NS,Adani Enterprises Limited,Thermal Coal,Energy,Mr. Gautambhai Shantilal Adani S.Y. B.Com,"Ahmedabad, India",https://www.adanienterprises.com,2311.75,2238.85,2668245024768,77.16122,29.96,0.00059999997,3743.9,2025.0
2019-05-22 00:00:00+05:30,153.07514497179568,2314.95,2213.75,155.93820190429688,1376164,0.0,0.0,ADANIENT.NS,Adani Enterprises Limited,Thermal Coal,Energy,Mr. Gautambhai Shantilal Adani S.Y. B.Com,"Ahmedabad, India",https://www.adanienterprises.com,2311.75,2238.85,2668245024768,77.16122,29.96,0.00059999997,3743.9,2025.0
2019-05-23 00:00:00+05:30,167.34112019500932,2314.95,2213.75,158.99874877929688,1376164,0.0,0.0,ADANIENT.NS,Adani Enterprises Limited,Thermal Coal,Energy,Mr. Gautambhai Shantilal Adani S.Y. B.Com,"Ahmedabad, India",https://www.adanienterprises.com,2311.75,2238.85,2668245024768,77.16122,29.96,0.00059999997,3743.9,2025.0
2019-05-24 00:00:00+05:30,160.2821712568089,2314.95,2213.75,154.40794372558594,1376164,0.0,0.0,ADANIENT.NS,Adani Enterprises Limited,Thermal Coal,Energy,Mr. Gautambhai Shantilal Adani S.Y. B.Com,"Ahmedabad, India",https://www.adanienterprises.com,2311.75,2238.85,2668245024768,77.16122,29.96,0.00059999997,3743.9,2025.0
2019-05-27 00:00:00+05:30,157.07356280589545,2314.95,2213.75,155.19775390625,1376164,0.0,0.0,ADANIENT.NS,Adani Enterprises Limited,Thermal Coal,Energy,Mr. Gautambhai Shantilal Adani S.Y. B.Com,"Ahmedabad, India",https://www.adanienterprises.com,2311.75,2238.85,2668245024768,77.16122,29.96,0.00059999997,3743.9,2025.0
2019-05-28 00:00:00+05:30,155.09907654142074,2314.95,2213.75,155.64205932617188,1376164,0.0,0.0,ADANIENT.NS,Adani Enterprises Limited,Thermal Coal,Energy,Mr. Gautambhai Shantilal Adani S.Y. B.Com,"Ahmedabad, India",https://www.adanienterprises.com,2311.75,2238.85,2668245024768,77.16122,29.96,0.00059999997,3743.9,2025.0
2019-05-29 00:00:00+05:30,155.9382293082081,2314.95,2213.75,153.17388916015625,1376164,0.0,0.0,ADANIENT.NS,Adani Enterprises Limited,Thermal Coal,Energy,Mr. Gautambhai Shantilal Adani S.Y. B.Com,"Ahmedabad, India",https://www.adanienterprises.com,2311.75,2238.85,2668245024768,77.16122,29.96,0.00059999997,3743.9,2025.0
2019-05-30 00:00:00+05:30,156.0863037109375,2314.95,2213.75,156.0863037109375,1376164,0.0,0.0,ADANIENT.NS,Adani Enterprises Limited,Thermal Coal,Energy,Mr. Gautambhai Shantilal Adani S.Y. B.Com,"Ahmedabad, India",https://www.adanienterprises.com,2311.75,2238.85,2668245024768,77.16122,29.96,0.00059999997,3743.9,2025.0
2019-05-31 00:00:00+05:30,156.4812446064248,2314.95,2213.75,152.7790069580078,1376164,0.0,0.0,ADANIENT.NS,Adani Enterprises Limited,Thermal Coal,Energy,Mr. Gautambhai Shantilal Adani S.Y. B.Com,"Ahmedabad, India",https://www.adanienterprises.com,2311.75,2238.85,2668245024768,77.16122,29.96,0.00059999997,3743.9,2025.0
2019-06-03 00:00:00+05:30,152.03853350232325,2314.95,2213.75,157.0242156982422,1376164,0.0,0.0,ADANIENT.NS,Adani Enterprises Limited,Thermal Coal,Energy,Mr. Gautambhai Shantilal Adani S.Y. B.Com,"Ahmedabad, India",https://www.adanienterprises.com,2311.75,2238.85,2668245024768,77.16122,29.96,0.00059999997,3743.9,2025.0
2019-06-04 00:00:00+05:30,156.135664577645,2314.95,2213.75,155.59268188476562,1376164,0.0,0.0,ADANIENT.NS,Adani Enterprises Limited,Thermal Coal,Energy,Mr. Gautambhai Shantilal Adani S.Y. B.Com,"Ahmedabad, India",https://www.adanienterprises.com,2311.75,2238.85,2668245024768,77.16122,29.96,0.00059999997,3743.9,2025.0
2019-06-06 00:00:00+05:30,154.9015775207554,2314.95,2213.75,151.1993408203125,1376164,0.0,0.0,ADANIENT.NS,Adani Enterprises Limited,Thermal Coal,Energy,Mr. Gautambhai Shantilal Adani S.Y. B.Com,"Ahmedabad, India",https://www.adanienterprises.com,2311.75,2238.85,2668245024768,77.16122,29.96,0.00059999997,3743.9,2025.0
2019-06-07 00:00:00+05:30,151.00188360246796,2314.95,2213.75,149.42227172851562,1376164,0.0,0.0,ADANIENT.NS,Adani Enterprises Limited,Thermal Coal,Energy,Mr. Gautambhai Shantilal Adani S.Y. B.Com,"Ahmedabad, India",https://www.adanienterprises.com,2311.75,2238.85,2668245024768,77.16122,29.96,0.00059999997,3743.9,2025.0
2019-06-10 00:00:00+05:30,150.06400795024138,2314.95,2213.75,148.0401153564453,1376164,0.0,0.0,ADANIENT.NS,Adani Enterprises Limited,Thermal Coal,Energy,Mr. Gautambhai Shantilal Adani S.Y. B.Com,"Ahmedabad, India",https://www.adanienterprises.com,2311.75,2238.85,2668245024768,77.16122,29.96,0.00059999997,3743.9,2025.0
2019-06-11 00:00:00+05:30,147.59586075560804,2314.95,2213.75,151.64364624023438,1376164,0.0,0.0,ADANIENT.NS,Adani Enterprises Limited,Thermal Coal,Energy,Mr. Gautambhai Shantilal Adani S.Y. B.Com,"Ahmedabad, India",https://www.adanienterprises.com,2311.75,2238.85,2668245024768,77.16122,29.96,0.00059999997,3743.9,2025.0
2019-06-12 00:00:00+05:30,152.0385318295657,2314.95,2213.75,151.24871826171875,1376164,0.0,0.0,ADANIENT.NS,Adani Enterprises Limited,Thermal Coal,Energy,Mr. Gautambhai Shantilal Adani S.Y. B.Com,"Ahmedabad, India",https://www.adanienterprises.com,2311.75,2238.85,2668245024768,77.16122,29.96,0.00059999997,3743.9,2025.0
2019-06-13 00:00:00+05:30,151.24872644131747,2314.95,2213.75,151.15000915527344,1376164,0.0,0.0,ADANIENT.NS,Adani Enterprises Limited,Thermal Coal,Energy,Mr. Gautambhai Shantilal Adani S.Y. B.Com,"Ahmedabad, India",https://www.adanienterprises.com,2311.75,2238.85,2668245024768,77.16122,29.96,0.00059999997,3743.9,2025.0
2019-06-14 00:00:00+05:30,154.01307321426373,2314.95,2213.75,150.50828552246094,1376164,0.0,0.0,ADANIENT.NS,Adani Enterprises Limited,Thermal Coal,Energy,Mr. Gautambhai Shantilal Adani S.Y. B.Com,"Ahmedabad, India",https://www.adanienterprises.com,2311.75,2238.85,2668245024768,77.16122,29.96,0.00059999997,3743.9,2025.0
2019-06-17 00:00:00+05:30,151.0512526135449,2314.95,2213.75,146.01620483398438,1376164,0.0,0.0,ADANIENT.NS,Adani Enterprises Limited,Thermal Coal,Energy,Mr. Gautambhai Shantilal Adani S.Y. B.Com,"Ahmedabad, India",https://www.adanienterprises.com,2311.75,2238.85,2668245024768,77.16122,29.96,0.00059999997,3743.9,2025.0
2019-06-18 00:00:00+05:30,145.47323341494726,2314.95,2213.75,146.06558227539062,1376164,0.0,0.0,ADANIENT.NS,Adani Enterprises Limited,Thermal Coal,Energy,Mr. Gautambhai Shantilal Adani S.Y. B.Com,"Ahmedabad, India",https://www.adanienterprises.com,2311.75,2238.85,2668245024768,77.16122,29.96,0.00059999997,3743.9,2025.0
2019-06-19 00:00:00+05:30,146.55921688581188,2314.95,2213.75,140.98118591308594,1376164,0.0,0.0,ADANIENT.NS,Adani Enterprises Limited,Thermal Coal,Energy,Mr. Gautambhai Shantilal Adani S.Y. B.Com,"Ahmedabad, India",https://www.adanienterprises.com,2311.75,2238.85,2668245024768,77.16122,29.96,0.00059999997,3743.9,2025.0
2019-06-20 00:00:00+05:30,140.48755669232247,2314.95,2213.75,146.55921936035156,1376164,0.0,0.0,ADANIENT.NS,Adani Enterprises Limited,Thermal Coal,Energy,Mr. Gautambhai Shantilal Adani S.Y. B.Com,"Ahmedabad, India",https://www.adanienterprises.com,2311.75,2238.85,2668245024768,77.16122,29.96,0.00059999997,3743.9,2025.0
2019-06-21 00:00:00+05:30,145.12767115855056,2314.95,2213.75,144.9302215576172,1376164,0.0,0.0,ADANIENT.NS,Adani Enterprises Limited,Thermal Coal,Energy,Mr. Gautambhai Shantilal Adani S.Y. B.Com,"Ahmedabad, India",https://www.adanienterprises.com,2311.75,2238.85,2668245024768,77.16122,29.96,0.00059999997,3743.9,2025.0
2019-06-24 00:00:00+05:30,144.0416755846933,2314.95,2213.75,145.8681182861328,1376164,0.0,0.0,ADANIENT.NS,Adani Enterprises Limited,Thermal Coal,Energy,Mr. Gautambhai Shantilal Adani S.Y. B.Com,"Ahmedabad, India",https://www.adanienterprises.com,2311.75,2238.85,2668245024768,77.16122,29.96,0.00059999997,3743.9,2025.0
2019-06-25 00:00:00+05:30,144.6340640591958,2314.95,2213.75,148.9286651611328,1376164,0.0,0.0,ADANIENT.NS,Adani Enterprises Limited,Thermal Coal,Energy,Mr. Gautambhai Shantilal Adani S.Y. B.Com,"Ahmedabad, India",https://www.adanienterprises.com,2311.75,2238.85,2668245024768,77.16122,29.96,0.00059999997,3743.9,2025.0
2019-06-26 00:00:00+05:30,148.08947662453767,2314.95,2213.75,151.84107971191406,1376164,0.0,0.0,ADANIENT.NS,Adani Enterprises Limited,Thermal Coal,Energy,Mr. Gautambhai Shantilal Adani S.Y. B.Com,"Ahmedabad, India",https://www.adanienterprises.com,2311.75,2238.85,2668245024768,77.16122,29.96,0.00059999997,3743.9,2025.0
2019-06-27 00:00:00+05:30,150.3601852218895,2314.95,2213.75,150.90318298339844,1376164,0.0,0.0,ADANIENT.NS,Adani Enterprises Limited,Thermal Coal,Energy,Mr. Gautambhai Shantilal Adani S.Y. B.Com,"Ahmedabad, India",https://www.adanienterprises.com,2311.75,2238.85,2668245024768,77.16122,29.96,0.00059999997,3743.9,2025.0
2019-06-28 00:00:00+05:30,150.5576410642098,2314.95,2213.75,148.58311462402344,1376164,0.0,0.0,ADANIENT.NS,Adani Enterprises Limited,Thermal Coal,Energy,Mr. Gautambhai Shantilal Adani S.Y. B.Com,"Ahmedabad, India",https://www.adanienterprises.com,2311.75,2238.85,2668245024768,77.16122,29.96,0.00059999997,3743.9,2025.0
2019-07-01 00:00:00+05:30,148.73118299229284,2314.95,2213.75,152.1372528076172,1376164,0.0,0.0,ADANIENT.NS,Adani Enterprises Limited,Thermal Coal,Energy,Mr. Gautambhai Shantilal Adani S.Y. B.Com,"Ahmedabad, India",https://www.adanienterprises.com,2311.75,2238.85,2668245024768,77.16122,29.96,0.00059999997,3743.9,2025.0
2019-07-02 00:00:00+05:30,152.92706388522257,2314.95,2213.75,152.7296142578125,1376164,0.0,0.0,ADANIENT.NS,Adani Enterprises Limited,Thermal Coal,Energy,Mr. Gautambhai Shantilal Adani S.Y. B.Com,"Ahmedabad, India",https://www.adanienterprises.com,2311.75,2238.85,2668245024768,77.16122,29.96,0.00059999997,3743.9,2025.0
2019-07-03 00:00:00+05:30,154.40796259211263,2314.95,2213.75,153.6181640625,1376164,0.0,0.0,ADANIENT.NS,Adani Enterprises Limited,Thermal Coal,Energy,Mr. Gautambhai Shantilal Adani S.Y. B.Com,"Ahmedabad, India",https://www.adanienterprises.com,2311.75,2238.85,2668245024768,77.16122,29.96,0.00059999997,3743.9,2025.0
2019-07-04 00:00:00+05:30,158.06083854371084,2314.95,2213.75,154.11178588867188,1376164,0.0,0.0,ADANIENT.NS,Adani Enterprises Limited,Thermal Coal,Energy,Mr. Gautambhai Shantilal Adani S.Y. B.Com,"Ahmedabad, India",https://www.adanienterprises.com,2311.75,2238.85,2668245024768,77.16122,29.96,0.00059999997,3743.9,2025.0
2019-07-05 00:00:00+05:30,154.309226603659,2314.95,2213.75,145.42385864257812,1376164,0.0,0.0,ADANIENT.NS,Adani Enterprises Limited,Thermal Coal,Energy,Mr. Gautambhai Shantilal Adani S.Y. B.Com,"Ahmedabad, India",https://www.adanienterprises.com,2311.75,2238.85,2668245024768,77.16122,29.96,0.00059999997,3743.9,2025.0
2019-07-08 00:00:00+05:30,141.42547627417486,2314.95,2213.75,137.13087463378906,1376164,0.0,0.0,ADANIENT.NS,Adani Enterprises Limited,Thermal Coal,Energy,Mr. Gautambhai Shantilal Adani S.Y. B.Com,"Ahmedabad, India",https://www.adanienterprises.com,2311.75,2238.85,2668245024768,77.16122,29.96,0.00059999997,3743.9,2025.0
2019-07-09 00:00:00+05:30,136.29169629640478,2314.95,2213.75,139.35220336914062,1376164,0.0,0.0,ADANIENT.NS,Adani Enterprises Limited,Thermal Coal,Energy,Mr. Gautambhai Shantilal Adani S.Y. B.Com,"Ahmedabad, India",https://www.adanienterprises.com,2311.75,2238.85,2668245024768,77.16122,29.96,0.00059999997,3743.9,2025.0
2019-07-10 00:00:00+05:30,140.19137575688956,2314.95,2213.75,137.57513427734375,1376164,0.0,0.0,ADANIENT.NS,Adani Enterprises Limited,Thermal Coal,Energy,Mr. Gautambhai Shantilal Adani S.Y. B.Com,"Ahmedabad, India",https://www.adanienterprises.com,2311.75,2238.85,2668245024768,77.16122,29.96,0.00059999997,3743.9,2025.0
2019-07-11 00:00:00+05:30,138.71046999667553,2314.95,2213.75,139.2041015625,1376164,0.0,0.0,ADANIENT.NS,Adani Enterprises Limited,Thermal Coal,Energy,Mr. Gautambhai Shantilal Adani S.Y. B.Com,"Ahmedabad, India",https://www.adanienterprises.com,2311.75,2238.85,2668245024768,77.16122,29.96,0.00059999997,3743.9,2025.0
2019-07-12 00:00:00+05:30,139.204112238125,2314.95,2213.75,138.51303100585938,1376164,0.0,0.0,ADANIENT.NS,Adani Enterprises Limited,Thermal Coal,Energy,Mr. Gautambhai Shantilal Adani S.Y. B.Com,"Ahmedabad, India",https://www.adanienterprises.com,2311.75,2238.85,2668245024768,77.16122,29.96,0.00059999997,3743.9,2025.0
2019-07-15 00:00:00+05:30,139.20411857898915,2314.95,2213.75,136.19296264648438,1376164,0.0,0.0,ADANIENT.NS,Adani Enterprises Limited,Thermal Coal,Energy,Mr. Gautambhai Shantilal Adani S.Y. B.Com,"Ahmedabad, India",https://www.adanienterprises.com,2311.75,2238.85,2668245024768,77.16122,29.96,0.00059999997,3743.9,2025.0
2019-07-16 00:00:00+05:30,136.14358703542112,2314.95,2213.75,138.36492919921875,1376164,0.0,0.0,ADANIENT.NS,Adani Enterprises Limited,Thermal Coal,Energy,Mr. Gautambhai Shantilal Adani S.Y. B.Com,"Ahmedabad, India",https://www.adanienterprises.com,2311.75,2238.85,2668245024768,77.16122,29.96,0.00059999997,3743.9,2025.0
2019-07-17 00:00:00+05:30,138.41429685408792,2314.95,2213.75,136.29168701171875,1376164,0.0,0.0,ADANIENT.NS,Adani Enterprises Limited,Thermal Coal,Energy,Mr. Gautambhai Shantilal Adani S.Y. B.Com,"Ahmedabad, India",https://www.adanienterprises.com,2311.75,2238.85,2668245024768,77.16122,29.96,0.00059999997,3743.9,2025.0
2019-07-18 00:00:00+05:30,135.94614396654794,2314.95,2213.75,132.49072265625,1376164,0.0,0.0,ADANIENT.NS,Adani Enterprises Limited,Thermal Coal,Energy,Mr. Gautambhai Shantilal Adani S.Y. B.Com,"Ahmedabad, India",https://www.adanienterprises.com,2311.75,2238.85,2668245024768,77.16122,29.96,0.00059999997,3743.9,2025.0
2019-07-19 00:00:00+05:30,132.54008556070247,2314.95,2213.75,129.72637939453125,1376164,0.0,0.0,ADANIENT.NS,Adani Enterprises Limited,Thermal Coal,Energy,Mr. Gautambhai Shantilal Adani S.Y. B.Com,"Ahmedabad, India",https://www.adanienterprises.com,2311.75,2238.85,2668245024768,77.16122,29.96,0.00059999997,3743.9,2025.0
2019-07-22 00:00:00+05:30,129.08465948037357,2314.95,2213.75,129.9731903076172,1376164,0.0,0.0,ADANIENT.NS,Adani Enterprises Limited,Thermal Coal,Energy,Mr. Gautambhai Shantilal Adani S.Y. B.Com,"Ahmedabad, India",https://www.adanienterprises.com,2311.75,2238.85,2668245024768,77.16122,29.96,0.00059999997,3743.9,2025.0
2019-07-23 00:00:00+05:30,129.77571581493245,2314.95,2213.75,132.3426055908203,1376164,0.0,0.0,ADANIENT.NS,Adani Enterprises Limited,Thermal Coal,Energy,Mr. Gautambhai Shantilal Adani S.Y. B.Com,"Ahmedabad, India",https://www.adanienterprises.com,2311.75,2238.85,2668245024768,77.16122,29.96,0.00059999997,3743.9,2025.0
2019-07-24 00:00:00+05:30,131.7502634810338,2314.95,2213.75,128.14675903320312,1376164,0.0,0.0,ADANIENT.NS,Adani Enterprises Limited,Thermal Coal,Energy,Mr. Gautambhai Shantilal Adani S.Y. B.Com,"Ahmedabad, India",https://www.adanienterprises.com,2311.75,2238.85,2668245024768,77.16122,29.96,0.00059999997,3743.9,2025.0
2019-07-25 00:00:00+05:30,128.83784950470252,2314.95,2213.75,127.7518539428711,1376164,0.0,0.0,ADANIENT.NS,Adani Enterprises Limited,Thermal Coal,Energy,Mr. Gautambhai Shantilal Adani S.Y. B.Com,"Ahmedabad, India",https://www.adanienterprises.com,2311.75,2238.85,2668245024768,77.16122,29.96,0.00059999997,3743.9,2025.0
2019-07-26 00:00:00+05:30,127.75186246696038,2314.95,2213.75,130.17066955566406,1376164,0.0,0.0,ADANIENT.NS,Adani Enterprises Limited,Thermal Coal,Energy,Mr. Gautambhai Shantilal Adani S.Y. B.Com,"Ahmedabad, India",https://www.adanienterprises.com,2311.75,2238.85,2668245024768,77.16122,29.96,0.00059999997,3743.9,2025.0
2019-07-29 00:00:00+05:30,129.72502671319546,2314.95,2213.75,128.1901092529297,1376164,0.4,0.0,ADANIENT.NS,Adani Enterprises Limited,Thermal Coal,Energy,Mr. Gautambhai Shantilal Adani S.Y. B.Com,"Ahmedabad, India",https://www.adanienterprises.com,2311.75,2238.85,2668245024768,77.16122,29.96,0.00059999997,3743.9,2025.0
2019-07-30 00:00:00+05:30,126.75422253669002,2314.95,2213.75,124.13001251220703,1376164,0.0,0.0,ADANIENT.NS,Adani Enterprises Limited,Thermal Coal,Energy,Mr. Gautambhai Shantilal Adani S.Y. B.Com,"Ahmedabad, India",https://www.adanienterprises.com,2311.75,2238.85,2668245024768,77.16122,29.96,0.00059999997,3743.9,2025.0
2019-07-31 00:00:00+05:30,123.78344331389616,2314.95,2213.75,127.54646301269531,1376164,0.0,0.0,ADANIENT.NS,Adani Enterprises Limited,Thermal Coal,Energy,Mr. Gautambhai Shantilal Adani S.Y. B.Com,"Ahmedabad, India",https://www.adanienterprises.com,2311.75,2238.85,2668245024768,77.16122,29.96,0.00059999997,3743.9,2025.0
2019-08-01 00:00:00+05:30,127.34840124396169,2314.95,2213.75,124.22904968261719,1376164,0.0,0.0,ADANIENT.NS,Adani Enterprises Limited,Thermal Coal,Energy,Mr. Gautambhai Shantilal Adani S.Y. B.Com,"Ahmedabad, India",https://www.adanienterprises.com,2311.75,2238.85,2668245024768,77.16122,29.96,0.00059999997,3743.9,2025.0
2019-08-02 00:00:00+05:30,123.68439610639147,2314.95,2213.75,126.85325622558594,1376164,0.0,0.0,ADANIENT.NS,Adani Enterprises Limited,Thermal Coal,Energy,Mr. Gautambhai Shantilal Adani S.Y. B.Com,"Ahmedabad, India",https://www.adanienterprises.com,2311.75,2238.85,2668245024768,77.16122,29.96,0.00059999997,3743.9,2025.0
2019-08-05 00:00:00+05:30,124.97174450334614,2314.95,2213.75,123.48634338378906,1376164,0.0,0.0,ADANIENT.NS,Adani Enterprises Limited,Thermal Coal,Energy,Mr. Gautambhai Shantilal Adani S.Y. B.Com,"Ahmedabad, India",https://www.adanienterprises.com,2311.75,2238.85,2668245024768,77.16122,29.96,0.00059999997,3743.9,2025.0
2019-08-06 00:00:00+05:30,122.79316544300777,2314.95,2213.75,126.95228576660156,1376164,0.0,0.0,ADANIENT.NS,Adani Enterprises Limited,Thermal Coal,Energy,Mr. Gautambhai Shantilal Adani S.Y. B.Com,"Ahmedabad, India",https://www.adanienterprises.com,2311.75,2238.85,2668245024768,77.16122,29.96,0.00059999997,3743.9,2025.0
2019-08-07 00:00:00+05:30,126.95228014414,2314.95,2213.75,124.3775863647461,1376164,0.0,0.0,ADANIENT.NS,Adani Enterprises Limited,Thermal Coal,Energy,Mr. Gautambhai Shantilal Adani S.Y. B.Com,"Ahmedabad, India",https://www.adanienterprises.com,2311.75,2238.85,2668245024768,77.16122,29.96,0.00059999997,3743.9,2025.0
2019-08-08 00:00:00+05:30,124.97175294641502,2314.95,2213.75,129.62600708007812,1376164,0.0,0.0,ADANIENT.NS,Adani Enterprises Limited,Thermal Coal,Energy,Mr. Gautambhai Shantilal Adani S.Y. B.Com,"Ahmedabad, India",https://www.adanienterprises.com,2311.75,2238.85,2668245024768,77.16122,29.96,0.00059999997,3743.9,2025.0
2019-08-09 00:00:00+05:30,133.38900705358557,2314.95,2213.75,131.11138916015625,1376164,0.0,0.0,ADANIENT.NS,Adani Enterprises Limited,Thermal Coal,Energy,Mr. Gautambhai Shantilal Adani S.Y. B.Com,"Ahmedabad, India",https://www.adanienterprises.com,2311.75,2238.85,2668245024768,77.16122,29.96,0.00059999997,3743.9,2025.0
2019-08-13 00:00:00+05:30,131.70556404762382,2314.95,2213.75,129.03184509277344,1376164,0.0,0.0,ADANIENT.NS,Adani Enterprises Limited,Thermal Coal,Energy,Mr. Gautambhai Shantilal Adani S.Y. B.Com,"Ahmedabad, India",https://www.adanienterprises.com,2311.75,2238.85,2668245024768,77.16122,29.96,0.00059999997,3743.9,2025.0
2019-08-14 00:00:00+05:30,129.62601537214988,2314.95,2213.75,129.37844848632812,1376164,0.0,0.0,ADANIENT.NS,Adani Enterprises Limited,Thermal Coal,Energy,Mr. Gautambhai Shantilal Adani S.Y. B.Com,"Ahmedabad, India",https://www.adanienterprises.com,2311.75,2238.85,2668245024768,77.16122,29.96,0.00059999997,3743.9,2025.0
2019-08-16 00:00:00+05:30,128.73475413308145,2314.95,2213.75,131.55702209472656,1376164,0.0,0.0,ADANIENT.NS,Adani Enterprises Limited,Thermal Coal,Energy,Mr. Gautambhai Shantilal Adani S.Y. B.Com,"Ahmedabad, India",https://www.adanienterprises.com,2311.75,2238.85,2668245024768,77.16122,29.96,0.00059999997,3743.9,2025.0
2019-08-19 00:00:00+05:30,131.50752471543754,2314.95,2213.75,134.18124389648438,1376164,0.0,0.0,ADANIENT.NS,Adani Enterprises Limited,Thermal Coal,Energy,Mr. Gautambhai Shantilal Adani S.Y. B.Com,"Ahmedabad, India",https://www.adanienterprises.com,2311.75,2238.85,2668245024768,77.16122,29.96,0.00059999997,3743.9,2025.0
2019-08-20 00:00:00+05:30,134.37928934355432,2314.95,2213.75,134.32977294921875,1376164,0.0,0.0,ADANIENT.NS,Adani Enterprises Limited,Thermal Coal,Energy,Mr. Gautambhai Shantilal Adani S.Y. B.Com,"Ahmedabad, India",https://www.adanienterprises.com,2311.75,2238.85,2668245024768,77.16122,29.96,0.00059999997,3743.9,2025.0
2019-08-21 00:00:00+05:30,132.69582418172283,2314.95,2213.75,130.6162567138672,1376164,0.0,0.0,ADANIENT.NS,Adani Enterprises Limited,Thermal Coal,Energy,Mr. Gautambhai Shantilal Adani S.Y. B.Com,"Ahmedabad, India",https://www.adanienterprises.com,2311.75,2238.85,2668245024768,77.16122,29.96,0.00059999997,3743.9,2025.0
2019-08-22 00:00:00+05:30,129.6755184867336,2314.95,2213.75,125.6649398803711,1376164,0.0,0.0,ADANIENT.NS,Adani Enterprises Limited,Thermal Coal,Energy,Mr. Gautambhai Shantilal Adani S.Y. B.Com,"Ahmedabad, India",https://www.adanienterprises.com,2311.75,2238.85,2668245024768,77.16122,29.96,0.00059999997,3743.9,2025.0
2019-08-23 00:00:00+05:30,122.19901051487575,2314.95,2213.75,130.02212524414062,1376164,0.0,0.0,ADANIENT.NS,Adani Enterprises Limited,Thermal Coal,Energy,Mr. Gautambhai Shantilal Adani S.Y. B.Com,"Ahmedabad, India",https://www.adanienterprises.com,2311.75,2238.85,2668245024768,77.16122,29.96,0.00059999997,3743.9,2025.0
2019-08-26 00:00:00+05:30,130.8143203573419,2314.95,2213.75,133.88414001464844,1376164,0.0,0.0,ADANIENT.NS,Adani Enterprises Limited,Thermal Coal,Energy,Mr. Gautambhai Shantilal Adani S.Y. B.Com,"Ahmedabad, India",https://www.adanienterprises.com,2311.75,2238.85,2668245024768,77.16122,29.96,0.00059999997,3743.9,2025.0
2019-08-27 00:00:00+05:30,133.4385195380375,2314.95,2213.75,135.81515502929688,1376164,0.0,0.0,ADANIENT.NS,Adani Enterprises Limited,Thermal Coal,Energy,Mr. Gautambhai Shantilal Adani S.Y. B.Com,"Ahmedabad, India",https://www.adanienterprises.com,2311.75,2238.85,2668245024768,77.16122,29.96,0.00059999997,3743.9,2025.0
2019-08-28 00:00:00+05:30,134.87441315668278,2314.95,2213.75,134.62684631347656,1376164,0.0,0.0,ADANIENT.NS,Adani Enterprises Limited,Thermal Coal,Energy,Mr. Gautambhai Shantilal Adani S.Y. B.Com,"Ahmedabad, India",https://www.adanienterprises.com,2311.75,2238.85,2668245024768,77.16122,29.96,0.00059999997,3743.9,2025.0
2019-08-29 00:00:00+05:30,136.65691003482945,2314.95,2213.75,131.06190490722656,1376164,0.0,0.0,ADANIENT.NS,Adani Enterprises Limited,Thermal Coal,Energy,Mr. Gautambhai Shantilal Adani S.Y. B.Com,"Ahmedabad, India",https://www.adanienterprises.com,2311.75,2238.85,2668245024768,77.16122,29.96,0.00059999997,3743.9,2025.0
2019-08-30 00:00:00+05:30,131.11140850722748,2314.95,2213.75,136.01324462890625,1376164,0.0,0.0,ADANIENT.NS,Adani Enterprises Limited,Thermal Coal,Energy,Mr. Gautambhai Shantilal Adani S.Y. B.Com,"Ahmedabad, India",https://www.adanienterprises.com,2311.75,2238.85,2668245024768,77.16122,29.96,0.00059999997,3743.9,2025.0
2019-09-03 00:00:00+05:30,134.28026968891115,2314.95,2213.75,133.9336700439453,1376164,0.0,0.0,ADANIENT.NS,Adani Enterprises Limited,Thermal Coal,Energy,Mr. Gautambhai Shantilal Adani S.Y. B.Com,"Ahmedabad, India",https://www.adanienterprises.com,2311.75,2238.85,2668245024768,77.16122,29.96,0.00059999997,3743.9,2025.0
2019-09-04 00:00:00+05:30,133.28998168093023,2314.95,2213.75,133.63656616210938,1376164,0.0,0.0,ADANIENT.NS,Adani Enterprises Limited,Thermal Coal,Energy,Mr. Gautambhai Shantilal Adani S.Y. B.Com,"Ahmedabad, India",https://www.adanienterprises.com,2311.75,2238.85,2668245024768,77.16122,29.96,0.00059999997,3743.9,2025.0
2019-09-05 00:00:00+05:30,133.68610192398998,2314.95,2213.75,134.42880249023438,1376164,0.0,0.0,ADANIENT.NS,Adani Enterprises Limited,Thermal Coal,Energy,Mr. Gautambhai Shantilal Adani S.Y. B.Com,"Ahmedabad, India",https://www.adanienterprises.com,2311.75,2238.85,2668245024768,77.16122,29.96,0.00059999997,3743.9,2025.0
2019-09-06 00:00:00+05:30,134.08222787362098,2314.95,2213.75,136.40936279296875,1376164,0.0,0.0,ADANIENT.NS,Adani Enterprises Limited,Thermal Coal,Energy,Mr. Gautambhai Shantilal Adani S.Y. B.Com,"Ahmedabad, India",https://www.adanienterprises.com,2311.75,2238.85,2668245024768,77.16122,29.96,0.00059999997,3743.9,2025.0
2019-09-09 00:00:00+05:30,136.45885137654363,2314.95,2213.75,139.52867126464844,1376164,0.0,0.0,ADANIENT.NS,Adani Enterprises Limited,Thermal Coal,Energy,Mr. Gautambhai Shantilal Adani S.Y. B.Com,"Ahmedabad, India",https://www.adanienterprises.com,2311.75,2238.85,2668245024768,77.16122,29.96,0.00059999997,3743.9,2025.0
2019-09-11 00:00:00+05:30,138.68695897254437,2314.95,2213.75,142.5489959716797,1376164,0.0,0.0,ADANIENT.NS,Adani Enterprises Limited,Thermal Coal,Energy,Mr. Gautambhai Shantilal Adani S.Y. B.Com,"Ahmedabad, India",https://www.adanienterprises.com,2311.75,2238.85,2668245024768,77.16122,29.96,0.00059999997,3743.9,2025.0
2019-09-12 00:00:00+05:30,143.44026048881568,2314.95,2213.75,141.65777587890625,1376164,0.0,0.0,ADANIENT.NS,Adani Enterprises Limited,Thermal Coal,Energy,Mr. Gautambhai Shantilal Adani S.Y. B.Com,"Ahmedabad, India",https://www.adanienterprises.com,2311.75,2238.85,2668245024768,77.16122,29.96,0.00059999997,3743.9,2025.0
2019-09-13 00:00:00+05:30,141.60824642541274,2314.95,2213.75,144.33148193359375,1376164,0.0,0.0,ADANIENT.NS,Adani Enterprises Limited,Thermal Coal,Energy,Mr. Gautambhai Shantilal Adani S.Y. B.Com,"Ahmedabad, India",https://www.adanienterprises.com,2311.75,2238.85,2668245024768,77.16122,29.96,0.00059999997,3743.9,2025.0
2019-09-16 00:00:00+05:30,142.59850732552576,2314.95,2213.75,144.52952575683594,1376164,0.0,0.0,ADANIENT.NS,Adani Enterprises Limited,Thermal Coal,Energy,Mr. Gautambhai Shantilal Adani S.Y. B.Com,"Ahmedabad, India",https://www.adanienterprises.com,2311.75,2238.85,2668245024768,77.16122,29.96,0.00059999997,3743.9,2025.0
2019-09-17 00:00:00+05:30,144.08390481700067,2314.95,2213.75,142.35093688964844,1376164,0.0,0.0,ADANIENT.NS,Adani Enterprises Limited,Thermal Coal,Energy,Mr. Gautambhai Shantilal Adani S.Y. B.Com,"Ahmedabad, India",https://www.adanienterprises.com,2311.75,2238.85,2668245024768,77.16122,29.96,0.00059999997,3743.9,2025.0
2019-09-18 00:00:00+05:30,142.59850572890016,2314.95,2213.75,142.74703979492188,1376164,0.0,0.0,ADANIENT.NS,Adani Enterprises Limited,Thermal Coal,Energy,Mr. Gautambhai Shantilal Adani S.Y. B.Com,"Ahmedabad, India",https://www.adanienterprises.com,2311.75,2238.85,2668245024768,77.16122,29.96,0.00059999997,3743.9,2025.0
2019-09-19 00:00:00+05:30,142.54899656123038,2314.95,2213.75,141.16262817382812,1376164,0.0,0.0,ADANIENT.NS,Adani Enterprises Limited,Thermal Coal,Energy,Mr. Gautambhai Shantilal Adani S.Y. B.Com,"Ahmedabad, India",https://www.adanienterprises.com,2311.75,2238.85,2668245024768,77.16122,29.96,0.00059999997,3743.9,2025.0
2019-09-20 00:00:00+05:30,141.6082426317245,2314.95,2213.75,147.6488800048828,1376164,0.0,0.0,ADANIENT.NS,Adani Enterprises Limited,Thermal Coal,Energy,Mr. Gautambhai Shantilal Adani S.Y. B.Com,"Ahmedabad, India",https://www.adanienterprises.com,2311.75,2238.85,2668245024768,77.16122,29.96,0.00059999997,3743.9,2025.0
2019-09-23 00:00:00+05:30,152.5011973744469,2314.95,2213.75,150.91676330566406,1376164,0.0,0.0,ADANIENT.NS,Adani Enterprises Limited,Thermal Coal,Energy,Mr. Gautambhai Shantilal Adani S.Y. B.Com,"Ahmedabad, India",https://www.adanienterprises.com,2311.75,2238.85,2668245024768,77.16122,29.96,0.00059999997,3743.9,2025.0
2019-09-24 00:00:00+05:30,149.7779687774572,2314.95,2213.75,146.60911560058594,1376164,0.0,0.0,ADANIENT.NS,Adani Enterprises Limited,Thermal Coal,Energy,Mr. Gautambhai Shantilal Adani S.Y. B.Com,"Ahmedabad, India",https://www.adanienterprises.com,2311.75,2238.85,2668245024768,77.16122,29.96,0.00059999997,3743.9,2025.0
2019-09-25 00:00:00+05:30,148.24303690715846,2314.95,2213.75,146.1139678955078,1376164,0.0,0.0,ADANIENT.NS,Adani Enterprises Limited,Thermal Coal,Energy,Mr. Gautambhai Shantilal Adani S.Y. B.Com,"Ahmedabad, India",https://www.adanienterprises.com,2311.75,2238.85,2668245024768,77.16122,29.96,0.00059999997,3743.9,2025.0
2019-09-26 00:00:00+05:30,147.0052000052794,2314.95,2213.75,151.21383666992188,1376164,0.0,0.0,ADANIENT.NS,Adani Enterprises Limited,Thermal Coal,Energy,Mr. Gautambhai Shantilal Adani S.Y. B.Com,"Ahmedabad, India",https://www.adanienterprises.com,2311.75,2238.85,2668245024768,77.16122,29.96,0.00059999997,3743.9,2025.0
2019-09-27 00:00:00+05:30,151.2138373686584,2314.95,2213.75,147.99546813964844,1376164,0.0,0.0,ADANIENT.NS,Adani Enterprises Limited,Thermal Coal,Energy,Mr. Gautambhai Shantilal Adani S.Y. B.Com,"Ahmedabad, India",https://www.adanienterprises.com,2311.75,2238.85,2668245024768,77.16122,29.96,0.00059999997,3743.9,2025.0
2019-09-30 00:00:00+05:30,147.64888063915592,2314.95,2213.75,144.43051147460938,1376164,0.0,0.0,ADANIENT.NS,Adani Enterprises Limited,Thermal Coal,Energy,Mr. Gautambhai Shantilal Adani S.Y. B.Com,"Ahmedabad, India",https://www.adanienterprises.com,2311.75,2238.85,2668245024768,77.16122,29.96,0.00059999997,3743.9,2025.0
2019-10-01 00:00:00+05:30,144.67805907140698,2314.95,2213.75,142.25189208984375,1376164,0.0,0.0,ADANIENT.NS,Adani Enterprises Limited,Thermal Coal,Energy,Mr. Gautambhai Shantilal Adani S.Y. B.Com,"Ahmedabad, India",https://www.adanienterprises.com,2311.75,2238.85,2668245024768,77.16122,29.96,0.00059999997,3743.9,2025.0
2019-10-03 00:00:00+05:30,141.60824295605735,2314.95,2213.75,142.15289306640625,1376164,0.0,0.0,ADANIENT.NS,Adani Enterprises Limited,Thermal Coal,Energy,Mr. Gautambhai Shantilal Adani S.Y. B.Com,"Ahmedabad, India",https://www.adanienterprises.com,2311.75,2238.85,2668245024768,77.16122,29.96,0.00059999997,3743.9,2025.0
2019-10-04 00:00:00+05:30,142.549004807882,2314.95,2213.75,138.637451171875,1376164,0.0,0.0,ADANIENT.NS,Adani Enterprises Limited,Thermal Coal,Energy,Mr. Gautambhai Shantilal Adani S.Y. B.Com,"Ahmedabad, India",https://www.adanienterprises.com,2311.75,2238.85,2668245024768,77.16122,29.96,0.00059999997,3743.9,2025.0
2019-10-07 00:00:00+05:30,137.1025198523624,2314.95,2213.75,134.4783172607422,1376164,0.0,0.0,ADANIENT.NS,Adani Enterprises Limited,Thermal Coal,Energy,Mr. Gautambhai Shantilal Adani S.Y. B.Com,"Ahmedabad, India",https://www.adanienterprises.com,2311.75,2238.85,2668245024768,77.16122,29.96,0.00059999997,3743.9,2025.0
2019-10-09 00:00:00+05:30,133.6365701437278,2314.95,2213.75,137.64715576171875,1376164,0.0,0.0,ADANIENT.NS,Adani Enterprises Limited,Thermal Coal,Energy,Mr. Gautambhai Shantilal Adani S.Y. B.Com,"Ahmedabad, India",https://www.adanienterprises.com,2311.75,2238.85,2668245024768,77.16122,29.96,0.00059999997,3743.9,2025.0
2019-10-10 00:00:00+05:30,136.65689534047203,2314.95,2213.75,136.06272888183594,1376164,0.0,0.0,ADANIENT.NS,Adani Enterprises Limited,Thermal Coal,Energy,Mr. Gautambhai Shantilal Adani S.Y. B.Com,"Ahmedabad, India",https://www.adanienterprises.com,2311.75,2238.85,2668245024768,77.16122,29.96,0.00059999997,3743.9,2025.0
2019-10-11 00:00:00+05:30,136.1122601979102,2314.95,2213.75,135.61712646484375,1376164,0.0,0.0,ADANIENT.NS,Adani Enterprises Limited,Thermal Coal,Energy,Mr. Gautambhai Shantilal Adani S.Y. B.Com,"Ahmedabad, India",https://www.adanienterprises.com,2311.75,2238.85,2668245024768,77.16122,29.96,0.00059999997,3743.9,2025.0
2019-10-14 00:00:00+05:30,136.5578774488654,2314.95,2213.75,145.66835021972656,1376164,0.0,0.0,ADANIENT.NS,Adani Enterprises Limited,Thermal Coal,Energy,Mr. Gautambhai Shantilal Adani S.Y. B.Com,"Ahmedabad, India",https://www.adanienterprises.com,2311.75,2238.85,2668245024768,77.16122,29.96,0.00059999997,3743.9,2025.0
2019-10-15 00:00:00+05:30,146.26249965561493,2314.95,2213.75,153.491455078125,1376164,0.0,0.0,ADANIENT.NS,Adani Enterprises Limited,Thermal Coal,Energy,Mr. Gautambhai Shantilal Adani S.Y. B.Com,"Ahmedabad, India",https://www.adanienterprises.com,2311.75,2238.85,2668245024768,77.16122,29.96,0.00059999997,3743.9,2025.0
2019-10-16 00:00:00+05:30,153.49146736867579,2314.95,2213.75,158.59133911132812,1376164,0.0,0.0,ADANIENT.NS,Adani Enterprises Limited,Thermal Coal,Energy,Mr. Gautambhai Shantilal Adani S.Y. B.Com,"Ahmedabad, India",https://www.adanienterprises.com,2311.75,2238.85,2668245024768,77.16122,29.96,0.00059999997,3743.9,2025.0
2019-10-17 00:00:00+05:30,158.24473640253186,2314.95,2213.75,160.9679718017578,1376164,0.0,0.0,ADANIENT.NS,Adani Enterprises Limited,Thermal Coal,Energy,Mr. Gautambhai Shantilal Adani S.Y. B.Com,"Ahmedabad, India",https://www.adanienterprises.com,2311.75,2238.85,2668245024768,77.16122,29.96,0.00059999997,3743.9,2025.0
2019-10-18 00:00:00+05:30,173.19777791967573,2314.95,2213.75,173.39584350585938,1376164,0.0,0.0,ADANIENT.NS,Adani Enterprises Limited,Thermal Coal,Energy,Mr. Gautambhai Shantilal Adani S.Y. B.Com,"Ahmedabad, India",https://www.adanienterprises.com,2311.75,2238.85,2668245024768,77.16122,29.96,0.00059999997,3743.9,2025.0
2019-10-22 00:00:00+05:30,172.80166635548358,2314.95,2213.75,176.91127014160156,1376164,0.0,0.0,ADANIENT.NS,Adani Enterprises Limited,Thermal Coal,Energy,Mr. Gautambhai Shantilal Adani S.Y. B.Com,"Ahmedabad, India",https://www.adanienterprises.com,2311.75,2238.85,2668245024768,77.16122,29.96,0.00059999997,3743.9,2025.0
2019-10-23 00:00:00+05:30,177.0102993368891,2314.95,2213.75,174.73268127441406,1376164,0.0,0.0,ADANIENT.NS,Adani Enterprises Limited,Thermal Coal,Energy,Mr. Gautambhai Shantilal Adani S.Y. B.Com,"Ahmedabad, India",https://www.adanienterprises.com,2311.75,2238.85,2668245024768,77.16122,29.96,0.00059999997,3743.9,2025.0
2019-10-24 00:00:00+05:30,173.29678881767742,2314.95,2213.75,177.2578582763672,1376164,0.0,0.0,ADANIENT.NS,Adani Enterprises Limited,Thermal Coal,Energy,Mr. Gautambhai Shantilal Adani S.Y. B.Com,"Ahmedabad, India",https://www.adanienterprises.com,2311.75,2238.85,2668245024768,77.16122,29.96,0.00059999997,3743.9,2025.0
2019-10-25 00:00:00+05:30,177.7529772943668,2314.95,2213.75,179.53546142578125,1376164,0.0,0.0,ADANIENT.NS,Adani Enterprises Limited,Thermal Coal,Energy,Mr. Gautambhai Shantilal Adani S.Y. B.Com,"Ahmedabad, India",https://www.adanienterprises.com,2311.75,2238.85,2668245024768,77.16122,29.96,0.00059999997,3743.9,2025.0
2019-10-27 00:00:00+05:30,181.11990230830256,2314.95,2213.75,181.6150360107422,1376164,0.0,0.0,ADANIENT.NS,Adani Enterprises Limited,Thermal Coal,Energy,Mr. Gautambhai Shantilal Adani S.Y. B.Com,"Ahmedabad, India",https://www.adanienterprises.com,2311.75,2238.85,2668245024768,77.16122,29.96,0.00059999997,3743.9,2025.0
2019-10-29 00:00:00+05:30,181.02088043167493,2314.95,2213.75,193.64678955078125,1376164,0.0,0.0,ADANIENT.NS,Adani Enterprises Limited,Thermal Coal,Energy,Mr. Gautambhai Shantilal Adani S.Y. B.Com,"Ahmedabad, India",https://www.adanienterprises.com,2311.75,2238.85,2668245024768,77.16122,29.96,0.00059999997,3743.9,2025.0
2019-10-30 00:00:00+05:30,192.45848028057304,2314.95,2213.75,193.8448486328125,1376164,0.0,0.0,ADANIENT.NS,Adani Enterprises Limited,Thermal Coal,Energy,Mr. Gautambhai Shantilal Adani S.Y. B.Com,"Ahmedabad, India",https://www.adanienterprises.com,2311.75,2238.85,2668245024768,77.16122,29.96,0.00059999997,3743.9,2025.0
2019-10-31 00:00:00+05:30,194.785607912668,2314.95,2213.75,197.70689392089844,1376164,0.0,0.0,ADANIENT.NS,Adani Enterprises Limited,Thermal Coal,Energy,Mr. Gautambhai Shantilal Adani S.Y. B.Com,"Ahmedabad, India",https://www.adanienterprises.com,2311.75,2238.85,2668245024768,77.16122,29.96,0.00059999997,3743.9,2025.0
2019-11-01 00:00:00+05:30,197.06321500597068,2314.95,2213.75,198.4990997314453,1376164,0.0,0.0,ADANIENT.NS,Adani Enterprises Limited,Thermal Coal,Energy,Mr. Gautambhai Shantilal Adani S.Y. B.Com,"Ahmedabad, India",https://www.adanienterprises.com,2311.75,2238.85,2668245024768,77.16122,29.96,0.00059999997,3743.9,2025.0
2019-11-04 00:00:00+05:30,198.9942337999776,2314.95,2213.75,198.94471740722656,1376164,0.0,0.0,ADANIENT.NS,Adani Enterprises Limited,Thermal Coal,Energy,Mr. Gautambhai Shantilal Adani S.Y. B.Com,"Ahmedabad, India",https://www.adanienterprises.com,2311.75,2238.85,2668245024768,77.16122,29.96,0.00059999997,3743.9,2025.0
2019-11-05 00:00:00+05:30,198.05347918265238,2314.95,2213.75,198.59812927246094,1376164,0.0,0.0,ADANIENT.NS,Adani Enterprises Limited,Thermal Coal,Energy,Mr. Gautambhai Shantilal Adani S.Y. B.Com,"Ahmedabad, India",https://www.adanienterprises.com,2311.75,2238.85,2668245024768,77.16122,29.96,0.00059999997,3743.9,2025.0
2019-11-06 00:00:00+05:30,197.06320961547044,2314.95,2213.75,205.52999877929688,1376164,0.0,0.0,ADANIENT.NS,Adani Enterprises Limited,Thermal Coal,Energy,Mr. Gautambhai Shantilal Adani S.Y. B.Com,"Ahmedabad, India",https://www.adanienterprises.com,2311.75,2238.85,2668245024768,77.16122,29.96,0.00059999997,3743.9,2025.0
2019-11-07 00:00:00+05:30,205.87659137933693,2314.95,2213.75,207.1144256591797,1376164,0.0,0.0,ADANIENT.NS,Adani Enterprises Limited,Thermal Coal,Energy,Mr. Gautambhai Shantilal Adani S.Y. B.Com,"Ahmedabad, India",https://www.adanienterprises.com,2311.75,2238.85,2668245024768,77.16122,29.96,0.00059999997,3743.9,2025.0
2019-11-08 00:00:00+05:30,206.66881428429244,2314.95,2213.75,206.025146484375,1376164,0.0,0.0,ADANIENT.NS,Adani Enterprises Limited,Thermal Coal,Energy,Mr. Gautambhai Shantilal Adani S.Y. B.Com,"Ahmedabad, India",https://www.adanienterprises.com,2311.75,2238.85,2668245024768,77.16122,29.96,0.00059999997,3743.9,2025.0
2019-11-11 00:00:00+05:30,204.93584522764436,2314.95,2213.75,208.7978973388672,1376164,0.0,0.0,ADANIENT.NS,Adani Enterprises Limited,Thermal Coal,Energy,Mr. Gautambhai Shantilal Adani S.Y. B.Com,"Ahmedabad, India",https://www.adanienterprises.com,2311.75,2238.85,2668245024768,77.16122,29.96,0.00059999997,3743.9,2025.0
2019-11-13 00:00:00+05:30,206.9659031498006,2314.95,2213.75,196.27101135253906,1376164,0.0,0.0,ADANIENT.NS,Adani Enterprises Limited,Thermal Coal,Energy,Mr. Gautambhai Shantilal Adani S.Y. B.Com,"Ahmedabad, India",https://www.adanienterprises.com,2311.75,2238.85,2668245024768,77.16122,29.96,0.00059999997,3743.9,2025.0
2019-11-14 00:00:00+05:30,194.3399944018423,2314.95,2213.75,200.33111572265625,1376164,0.0,0.0,ADANIENT.NS,Adani Enterprises Limited,Thermal Coal,Energy,Mr. Gautambhai Shantilal Adani S.Y. B.Com,"Ahmedabad, India",https://www.adanienterprises.com,2311.75,2238.85,2668245024768,77.16122,29.96,0.00059999997,3743.9,2025.0
2019-11-15 00:00:00+05:30,200.03400491488878,2314.95,2213.75,201.61843872070312,1376164,0.0,0.0,ADANIENT.NS,Adani Enterprises Limited,Thermal Coal,Energy,Mr. Gautambhai Shantilal Adani S.Y. B.Com,"Ahmedabad, India",https://www.adanienterprises.com,2311.75,2238.85,2668245024768,77.16122,29.96,0.00059999997,3743.9,2025.0
2019-11-18 00:00:00+05:30,201.81649360514905,2314.95,2213.75,199.19227600097656,1376164,0.0,0.0,ADANIENT.NS,Adani Enterprises Limited,Thermal Coal,Energy,Mr. Gautambhai Shantilal Adani S.Y. B.Com,"Ahmedabad, India",https://www.adanienterprises.com,2311.75,2238.85,2668245024768,77.16122,29.96,0.00059999997,3743.9,2025.0
2019-11-19 00:00:00+05:30,200.0340268709037,2314.95,2213.75,197.75640869140625,1376164,0.0,0.0,ADANIENT.NS,Adani Enterprises Limited,Thermal Coal,Energy,Mr. Gautambhai Shantilal Adani S.Y. B.Com,"Ahmedabad, India",https://www.adanienterprises.com,2311.75,2238.85,2668245024768,77.16122,29.96,0.00059999997,3743.9,2025.0
2019-11-20 00:00:00+05:30,196.5680758978262,2314.95,2213.75,203.697998046875,1376164,0.0,0.0,ADANIENT.NS,Adani Enterprises Limited,Thermal Coal,Energy,Mr. Gautambhai Shantilal Adani S.Y. B.Com,"Ahmedabad, India",https://www.adanienterprises.com,2311.75,2238.85,2668245024768,77.16122,29.96,0.00059999997,3743.9,2025.0
2019-11-21 00:00:00+05:30,204.88633792626686,2314.95,2213.75,203.49996948242188,1376164,0.0,0.0,ADANIENT.NS,Adani Enterprises Limited,Thermal Coal,Energy,Mr. Gautambhai Shantilal Adani S.Y. B.Com,"Ahmedabad, India",https://www.adanienterprises.com,2311.75,2238.85,2668245024768,77.16122,29.96,0.00059999997,3743.9,2025.0
2019-11-22 00:00:00+05:30,202.75724501865594,2314.95,2213.75,201.4698944091797,1376164,0.0,0.0,ADANIENT.NS,Adani Enterprises Limited,Thermal Coal,Energy,Mr. Gautambhai Shantilal Adani S.Y. B.Com,"Ahmedabad, India",https://www.adanienterprises.com,2311.75,2238.85,2668245024768,77.16122,29.96,0.00059999997,3743.9,2025.0
2019-11-25 00:00:00+05:30,199.93498538026344,2314.95,2213.75,213.1055450439453,1376164,0.0,0.0,ADANIENT.NS,Adani Enterprises Limited,Thermal Coal,Energy,Mr. Gautambhai Shantilal Adani S.Y. B.Com,"Ahmedabad, India",https://www.adanienterprises.com,2311.75,2238.85,2668245024768,77.16122,29.96,0.00059999997,3743.9,2025.0
2019-11-26 00:00:00+05:30,212.65992721137596,2314.95,2213.75,208.55032348632812,1376164,0.0,0.0,ADANIENT.NS,Adani Enterprises Limited,Thermal Coal,Energy,Mr. Gautambhai Shantilal Adani S.Y. B.Com,"Ahmedabad, India",https://www.adanienterprises.com,2311.75,2238.85,2668245024768,77.16122,29.96,0.00059999997,3743.9,2025.0
2019-11-27 00:00:00+05:30,207.8571333649122,2314.95,2213.75,211.47161865234375,1376164,0.0,0.0,ADANIENT.NS,Adani Enterprises Limited,Thermal Coal,Energy,Mr. Gautambhai Shantilal Adani S.Y. B.Com,"Ahmedabad, India",https://www.adanienterprises.com,2311.75,2238.85,2668245024768,77.16122,29.96,0.00059999997,3743.9,2025.0
2019-11-28 00:00:00+05:30,210.72890248031553,2314.95,2213.75,211.02598571777344,1376164,0.0,0.0,ADANIENT.NS,Adani Enterprises Limited,Thermal Coal,Energy,Mr. Gautambhai Shantilal Adani S.Y. B.Com,"Ahmedabad, India",https://www.adanienterprises.com,2311.75,2238.85,2668245024768,77.16122,29.96,0.00059999997,3743.9,2025.0
2019-11-29 00:00:00+05:30,210.33280302305883,2314.95,2213.75,212.8084716796875,1376164,0.0,0.0,ADANIENT.NS,Adani Enterprises Limited,Thermal Coal,Energy,Mr. Gautambhai Shantilal Adani S.Y. B.Com,"Ahmedabad, India",https://www.adanienterprises.com,2311.75,2238.85,2668245024768,77.16122,29.96,0.00059999997,3743.9,2025.0
2019-12-02 00:00:00+05:30,209.93668347226378,2314.95,2213.75,206.96588134765625,1376164,0.0,0.0,ADANIENT.NS,Adani Enterprises Limited,Thermal Coal,Energy,Mr. Gautambhai Shantilal Adani S.Y. B.Com,"Ahmedabad, India",https://www.adanienterprises.com,2311.75,2238.85,2668245024768,77.16122,29.96,0.00059999997,3743.9,2025.0
2019-12-03 00:00:00+05:30,205.97563673966854,2314.95,2213.75,205.8271026611328,1376164,0.0,0.0,ADANIENT.NS,Adani Enterprises Limited,Thermal Coal,Energy,Mr. Gautambhai Shantilal Adani S.Y. B.Com,"Ahmedabad, India",https://www.adanienterprises.com,2311.75,2238.85,2668245024768,77.16122,29.96,0.00059999997,3743.9,2025.0
2019-12-04 00:00:00+05:30,203.7970367048012,2314.95,2213.75,210.38230895996094,1376164,0.0,0.0,ADANIENT.NS,Adani Enterprises Limited,Thermal Coal,Energy,Mr. Gautambhai Shantilal Adani S.Y. B.Com,"Ahmedabad, India",https://www.adanienterprises.com,2311.75,2238.85,2668245024768,77.16122,29.96,0.00059999997,3743.9,2025.0
2019-12-05 00:00:00+05:30,210.9269554277872,2314.95,2213.75,206.37171936035156,1376164,0.0,0.0,ADANIENT.NS,Adani Enterprises Limited,Thermal Coal,Energy,Mr. Gautambhai Shantilal Adani S.Y. B.Com,"Ahmedabad, India",https://www.adanienterprises.com,2311.75,2238.85,2668245024768,77.16122,29.96,0.00059999997,3743.9,2025.0
2019-12-06 00:00:00+05:30,206.42123753375083,2314.95,2213.75,204.49021911621094,1376164,0.0,0.0,ADANIENT.NS,Adani Enterprises Limited,Thermal Coal,Energy,Mr. Gautambhai Shantilal Adani S.Y. B.Com,"Ahmedabad, India",https://www.adanienterprises.com,2311.75,2238.85,2668245024768,77.16122,29.96,0.00059999997,3743.9,2025.0
2019-12-09 00:00:00+05:30,203.8960668900312,2314.95,2213.75,205.4309844970703,1376164,0.0,0.0,ADANIENT.NS,Adani Enterprises Limited,Thermal Coal,Energy,Mr. Gautambhai Shantilal Adani S.Y. B.Com,"Ahmedabad, India",https://www.adanienterprises.com,2311.75,2238.85,2668245024768,77.16122,29.96,0.00059999997,3743.9,2025.0
2019-12-10 00:00:00+05:30,205.4309852699985,2314.95,2213.75,202.21261596679688,1376164,0.0,0.0,ADANIENT.NS,Adani Enterprises Limited,Thermal Coal,Energy,Mr. Gautambhai Shantilal Adani S.Y. B.Com,"Ahmedabad, India",https://www.adanienterprises.com,2311.75,2238.85,2668245024768,77.16122,29.96,0.00059999997,3743.9,2025.0
2019-12-11 00:00:00+05:30,201.12331228146743,2314.95,2213.75,204.14361572265625,1376164,0.0,0.0,ADANIENT.NS,Adani Enterprises Limited,Thermal Coal,Energy,Mr. Gautambhai Shantilal Adani S.Y. B.Com,"Ahmedabad, India",https://www.adanienterprises.com,2311.75,2238.85,2668245024768,77.16122,29.96,0.00059999997,3743.9,2025.0
2019-12-12 00:00:00+05:30,204.88632834645736,2314.95,2213.75,208.35226440429688,1376164,0.0,0.0,ADANIENT.NS,Adani Enterprises Limited,Thermal Coal,Energy,Mr. Gautambhai Shantilal Adani S.Y. B.Com,"Ahmedabad, India",https://www.adanienterprises.com,2311.75,2238.85,2668245024768,77.16122,29.96,0.00059999997,3743.9,2025.0
2019-12-13 00:00:00+05:30,208.45131385582198,2314.95,2213.75,210.134765625,1376164,0.0,0.0,ADANIENT.NS,Adani Enterprises Limited,Thermal Coal,Energy,Mr. Gautambhai Shantilal Adani S.Y. B.Com,"Ahmedabad, India",https://www.adanienterprises.com,2311.75,2238.85,2668245024768,77.16122,29.96,0.00059999997,3743.9,2025.0
2019-12-16 00:00:00+05:30,210.03572787689555,2314.95,2213.75,208.4512939453125,1376164,0.0,0.0,ADANIENT.NS,Adani Enterprises Limited,Thermal Coal,Energy,Mr. Gautambhai Shantilal Adani S.Y. B.Com,"Ahmedabad, India",https://www.adanienterprises.com,2311.75,2238.85,2668245024768,77.16122,29.96,0.00059999997,3743.9,2025.0
2019-12-17 00:00:00+05:30,208.45130127056152,2314.95,2213.75,209.1444854736328,1376164,0.0,0.0,ADANIENT.NS,Adani Enterprises Limited,Thermal Coal,Energy,Mr. Gautambhai Shantilal Adani S.Y. B.Com,"Ahmedabad, India",https://www.adanienterprises.com,2311.75,2238.85,2668245024768,77.16122,29.96,0.00059999997,3743.9,2025.0
2019-12-18 00:00:00+05:30,209.73864597429898,2314.95,2213.75,206.12416076660156,1376164,0.0,0.0,ADANIENT.NS,Adani Enterprises Limited,Thermal Coal,Energy,Mr. Gautambhai Shantilal Adani S.Y. B.Com,"Ahmedabad, India",https://www.adanienterprises.com,2311.75,2238.85,2668245024768,77.16122,29.96,0.00059999997,3743.9,2025.0
2019-12-19 00:00:00+05:30,205.6290241259661,2314.95,2213.75,208.5008087158203,1376164,0.0,0.0,ADANIENT.NS,Adani Enterprises Limited,Thermal Coal,Energy,Mr. Gautambhai Shantilal Adani S.Y. B.Com,"Ahmedabad, India",https://www.adanienterprises.com,2311.75,2238.85,2668245024768,77.16122,29.96,0.00059999997,3743.9,2025.0
2019-12-20 00:00:00+05:30,207.9561751962808,2314.95,2213.75,216.6705322265625,1376164,0.0,0.0,ADANIENT.NS,Adani Enterprises Limited,Thermal Coal,Energy,Mr. Gautambhai Shantilal Adani S.Y. B.Com,"Ahmedabad, India",https://www.adanienterprises.com,2311.75,2238.85,2668245024768,77.16122,29.96,0.00059999997,3743.9,2025.0
2019-12-23 00:00:00+05:30,215.6307208634476,2314.95,2213.75,212.4618682861328,1376164,0.0,0.0,ADANIENT.NS,Adani Enterprises Limited,Thermal Coal,Energy,Mr. Gautambhai Shantilal Adani S.Y. B.Com,"Ahmedabad, India",https://www.adanienterprises.com,2311.75,2238.85,2668245024768,77.16122,29.96,0.00059999997,3743.9,2025.0
2019-12-24 00:00:00+05:30,212.4618788142695,2314.95,2213.75,207.1144256591797,1376164,0.0,0.0,ADANIENT.NS,Adani Enterprises Limited,Thermal Coal,Energy,Mr. Gautambhai Shantilal Adani S.Y. B.Com,"Ahmedabad, India",https://www.adanienterprises.com,2311.75,2238.85,2668245024768,77.16122,29.96,0.00059999997,3743.9,2025.0
2019-12-26 00:00:00+05:30,206.9163818359375,2314.95,2213.75,206.9163818359375,1376164,0.0,0.0,ADANIENT.NS,Adani Enterprises Limited,Thermal Coal,Energy,Mr. Gautambhai Shantilal Adani S.Y. B.Com,"Ahmedabad, India",https://www.adanienterprises.com,2311.75,2238.85,2668245024768,77.16122,29.96,0.00059999997,3743.9,2025.0
2019-12-27 00:00:00+05:30,207.01539449864714,2314.95,2213.75,207.06491088867188,1376164,0.0,0.0,ADANIENT.NS,Adani Enterprises Limited,Thermal Coal,Energy,Mr. Gautambhai Shantilal Adani S.Y. B.Com,"Ahmedabad, India",https://www.adanienterprises.com,2311.75,2238.85,2668245024768,77.16122,29.96,0.00059999997,3743.9,2025.0
2019-12-30 00:00:00+05:30,207.85712750031576,2314.95,2213.75,206.61929321289062,1376164,0.0,0.0,ADANIENT.NS,Adani Enterprises Limited,Thermal Coal,Energy,Mr. Gautambhai Shantilal Adani S.Y. B.Com,"Ahmedabad, India",https://www.adanienterprises.com,2311.75,2238.85,2668245024768,77.16122,29.96,0.00059999997,3743.9,2025.0
2019-12-31 00:00:00+05:30,206.6687890897471,2314.95,2213.75,206.32220458984375,1376164,0.0,0.0,ADANIENT.NS,Adani Enterprises Limited,Thermal Coal,Energy,Mr. Gautambhai Shantilal Adani S.Y. B.Com,"Ahmedabad, India",https://www.adanienterprises.com,2311.75,2238.85,2668245024768,77.16122,29.96,0.00059999997,3743.9,2025.0
2020-01-01 00:00:00+05:30,206.96590422399387,2314.95,2213.75,205.8271026611328,1376164,0.0,0.0,ADANIENT.NS,Adani Enterprises Limited,Thermal Coal,Energy,Mr. Gautambhai Shantilal Adani S.Y. B.Com,"Ahmedabad, India",https://www.adanienterprises.com,2311.75,2238.85,2668245024768,77.16122,29.96,0.00059999997,3743.9,2025.0
2020-01-02 00:00:00+05:30,205.97563260939097,2314.95,2213.75,209.1444854736328,1376164,0.0,0.0,ADANIENT.NS,Adani Enterprises Limited,Thermal Coal,Energy,Mr. Gautambhai Shantilal Adani S.Y. B.Com,"Ahmedabad, India",https://www.adanienterprises.com,2311.75,2238.85,2668245024768,77.16122,29.96,0.00059999997,3743.9,2025.0
2020-01-03 00:00:00+05:30,208.20372351074624,2314.95,2213.75,206.272705078125,1376164,0.0,0.0,ADANIENT.NS,Adani Enterprises Limited,Thermal Coal,Energy,Mr. Gautambhai Shantilal Adani S.Y. B.Com,"Ahmedabad, India",https://www.adanienterprises.com,2311.75,2238.85,2668245024768,77.16122,29.96,0.00059999997,3743.9,2025.0
2020-01-06 00:00:00+05:30,205.72805410718345,2314.95,2213.75,197.6078643798828,1376164,0.0,0.0,ADANIENT.NS,Adani Enterprises Limited,Thermal Coal,Energy,Mr. Gautambhai Shantilal Adani S.Y. B.Com,"Ahmedabad, India",https://www.adanienterprises.com,2311.75,2238.85,2668245024768,77.16122,29.96,0.00059999997,3743.9,2025.0
2020-01-07 00:00:00+05:30,198.5981356581342,2314.95,2213.75,202.06407165527344,1376164,0.0,0.0,ADANIENT.NS,Adani Enterprises Limited,Thermal Coal,Energy,Mr. Gautambhai Shantilal Adani S.Y. B.Com,"Ahmedabad, India",https://www.adanienterprises.com,2311.75,2238.85,2668245024768,77.16122,29.96,0.00059999997,3743.9,2025.0
2020-01-08 00:00:00+05:30,199.04376091968925,2314.95,2213.75,199.5388946533203,1376164,0.0,0.0,ADANIENT.NS,Adani Enterprises Limited,Thermal Coal,Energy,Mr. Gautambhai Shantilal Adani S.Y. B.Com,"Ahmedabad, India",https://www.adanienterprises.com,2311.75,2238.85,2668245024768,77.16122,29.96,0.00059999997,3743.9,2025.0
2020-01-09 00:00:00+05:30,199.93499416276103,2314.95,2213.75,205.9756317138672,1376164,0.0,0.0,ADANIENT.NS,Adani Enterprises Limited,Thermal Coal,Energy,Mr. Gautambhai Shantilal Adani S.Y. B.Com,"Ahmedabad, India",https://www.adanienterprises.com,2311.75,2238.85,2668245024768,77.16122,29.96,0.00059999997,3743.9,2025.0
2020-01-10 00:00:00+05:30,205.97561074925105,2314.95,2213.75,207.06491088867188,1376164,0.0,0.0,ADANIENT.NS,Adani Enterprises Limited,Thermal Coal,Energy,Mr. Gautambhai Shantilal Adani S.Y. B.Com,"Ahmedabad, India",https://www.adanienterprises.com,2311.75,2238.85,2668245024768,77.16122,29.96,0.00059999997,3743.9,2025.0
2020-01-13 00:00:00+05:30,208.59981730826345,2314.95,2213.75,211.5211181640625,1376164,0.0,0.0,ADANIENT.NS,Adani Enterprises Limited,Thermal Coal,Energy,Mr. Gautambhai Shantilal Adani S.Y. B.Com,"Ahmedabad, India",https://www.adanienterprises.com,2311.75,2238.85,2668245024768,77.16122,29.96,0.00059999997,3743.9,2025.0
2020-01-14 00:00:00+05:30,211.37257473156242,2314.95,2213.75,212.26382446289062,1376164,0.0,0.0,ADANIENT.NS,Adani Enterprises Limited,Thermal Coal,Energy,Mr. Gautambhai Shantilal Adani S.Y. B.Com,"Ahmedabad, India",https://www.adanienterprises.com,2311.75,2238.85,2668245024768,77.16122,29.96,0.00059999997,3743.9,2025.0
2020-01-15 00:00:00+05:30,212.41236048528867,2314.95,2213.75,214.49192810058594,1376164,0.0,0.0,ADANIENT.NS,Adani Enterprises Limited,Thermal Coal,Energy,Mr. Gautambhai Shantilal Adani S.Y. B.Com,"Ahmedabad, India",https://www.adanienterprises.com,2311.75,2238.85,2668245024768,77.16122,29.96,0.00059999997,3743.9,2025.0
2020-01-16 00:00:00+05:30,215.58122276501962,2314.95,2213.75,217.8588409423828,1376164,0.0,0.0,ADANIENT.NS,Adani Enterprises Limited,Thermal Coal,Energy,Mr. Gautambhai Shantilal Adani S.Y. B.Com,"Ahmedabad, India",https://www.adanienterprises.com,2311.75,2238.85,2668245024768,77.16122,29.96,0.00059999997,3743.9,2025.0
2020-01-17 00:00:00+05:30,213.89776798115392,2314.95,2213.75,226.1770782470703,1376164,0.0,0.0,ADANIENT.NS,Adani Enterprises Limited,Thermal Coal,Energy,Mr. Gautambhai Shantilal Adani S.Y. B.Com,"Ahmedabad, India",https://www.adanienterprises.com,2311.75,2238.85,2668245024768,77.16122,29.96,0.00059999997,3743.9,2025.0
2020-01-20 00:00:00+05:30,227.31587964873705,2314.95,2213.75,224.34507751464844,1376164,0.0,0.0,ADANIENT.NS,Adani Enterprises Limited,Thermal Coal,Energy,Mr. Gautambhai Shantilal Adani S.Y. B.Com,"Ahmedabad, India",https://www.adanienterprises.com,2311.75,2238.85,2668245024768,77.16122,29.96,0.00059999997,3743.9,2025.0
2020-01-21 00:00:00+05:30,222.1665071537687,2314.95,2213.75,222.06747436523438,1376164,0.0,0.0,ADANIENT.NS,Adani Enterprises Limited,Thermal Coal,Energy,Mr. Gautambhai Shantilal Adani S.Y. B.Com,"Ahmedabad, India",https://www.adanienterprises.com,2311.75,2238.85,2668245024768,77.16122,29.96,0.00059999997,3743.9,2025.0
2020-01-22 00:00:00+05:30,222.61211567744905,2314.95,2213.75,223.70140075683594,1376164,0.0,0.0,ADANIENT.NS,Adani Enterprises Limited,Thermal Coal,Energy,Mr. Gautambhai Shantilal Adani S.Y. B.Com,"Ahmedabad, India",https://www.adanienterprises.com,2311.75,2238.85,2668245024768,77.16122,29.96,0.00059999997,3743.9,2025.0
2020-01-23 00:00:00+05:30,223.8004335197307,2314.95,2213.75,227.3654022216797,1376164,0.0,0.0,ADANIENT.NS,Adani Enterprises Limited,Thermal Coal,Energy,Mr. Gautambhai Shantilal Adani S.Y. B.Com,"Ahmedabad, India",https://www.adanienterprises.com,2311.75,2238.85,2668245024768,77.16122,29.96,0.00059999997,3743.9,2025.0
2020-01-24 00:00:00+05:30,223.30530987263245,2314.95,2213.75,227.51394653320312,1376164,0.0,0.0,ADANIENT.NS,Adani Enterprises Limited,Thermal Coal,Energy,Mr. Gautambhai Shantilal Adani S.Y. B.Com,"Ahmedabad, India",https://www.adanienterprises.com,2311.75,2238.85,2668245024768,77.16122,29.96,0.00059999997,3743.9,2025.0
2020-01-27 00:00:00+05:30,227.26636855054744,2314.95,2213.75,228.30615234375,1376164,0.0,0.0,ADANIENT.NS,Adani Enterprises Limited,Thermal Coal,Energy,Mr. Gautambhai Shantilal Adani S.Y. B.Com,"Ahmedabad, India",https://www.adanienterprises.com,2311.75,2238.85,2668245024768,77.16122,29.96,0.00059999997,3743.9,2025.0
2020-01-28 00:00:00+05:30,229.98961008516383,2314.95,2213.75,227.6624755859375,1376164,0.0,0.0,ADANIENT.NS,Adani Enterprises Limited,Thermal Coal,Energy,Mr. Gautambhai Shantilal Adani S.Y. B.Com,"Ahmedabad, India",https://www.adanienterprises.com,2311.75,2238.85,2668245024768,77.16122,29.96,0.00059999997,3743.9,2025.0
2020-01-29 00:00:00+05:30,229.4449570420214,2314.95,2213.75,230.03912353515625,1376164,0.0,0.0,ADANIENT.NS,Adani Enterprises Limited,Thermal Coal,Energy,Mr. Gautambhai Shantilal Adani S.Y. B.Com,"Ahmedabad, India",https://www.adanienterprises.com,2311.75,2238.85,2668245024768,77.16122,29.96,0.00059999997,3743.9,2025.0
2020-01-30 00:00:00+05:30,230.03911940568503,2314.95,2213.75,229.2469024658203,1376164,0.0,0.0,ADANIENT.NS,Adani Enterprises Limited,Thermal Coal,Energy,Mr. Gautambhai Shantilal Adani S.Y. B.Com,"Ahmedabad, India",https://www.adanienterprises.com,2311.75,2238.85,2668245024768,77.16122,29.96,0.00059999997,3743.9,2025.0
2020-01-31 00:00:00+05:30,228.75176008089252,2314.95,2213.75,227.2168426513672,1376164,0.0,0.0,ADANIENT.NS,Adani Enterprises Limited,Thermal Coal,Energy,Mr. Gautambhai Shantilal Adani S.Y. B.Com,"Ahmedabad, India",https://www.adanienterprises.com,2311.75,2238.85,2668245024768,77.16122,29.96,0.00059999997,3743.9,2025.0
2020-02-03 00:00:00+05:30,219.5422779714878,2314.95,2213.75,218.75006103515625,1376164,0.0,0.0,ADANIENT.NS,Adani Enterprises Limited,Thermal Coal,Energy,Mr. Gautambhai Shantilal Adani S.Y. B.Com,"Ahmedabad, India",https://www.adanienterprises.com,2311.75,2238.85,2668245024768,77.16122,29.96,0.00059999997,3743.9,2025.0
2020-02-04 00:00:00+05:30,220.48303132939668,2314.95,2213.75,223.2557830810547,1376164,0.0,0.0,ADANIENT.NS,Adani Enterprises Limited,Thermal Coal,Energy,Mr. Gautambhai Shantilal Adani S.Y. B.Com,"Ahmedabad, India",https://www.adanienterprises.com,2311.75,2238.85,2668245024768,77.16122,29.96,0.00059999997,3743.9,2025.0
2020-02-05 00:00:00+05:30,224.54314287781085,2314.95,2213.75,233.95068359375,1376164,0.0,0.0,ADANIENT.NS,Adani Enterprises Limited,Thermal Coal,Energy,Mr. Gautambhai Shantilal Adani S.Y. B.Com,"Ahmedabad, India",https://www.adanienterprises.com,2311.75,2238.85,2668245024768,77.16122,29.96,0.00059999997,3743.9,2025.0
2020-02-06 00:00:00+05:30,235.08949212818732,2314.95,2213.75,234.19825744628906,1376164,0.0,0.0,ADANIENT.NS,Adani Enterprises Limited,Thermal Coal,Energy,Mr. Gautambhai Shantilal Adani S.Y. B.Com,"Ahmedabad, India",https://www.adanienterprises.com,2311.75,2238.85,2668245024768,77.16122,29.96,0.00059999997,3743.9,2025.0
2020-02-07 00:00:00+05:30,234.09920195146756,2314.95,2213.75,237.16903686523438,1376164,0.0,0.0,ADANIENT.NS,Adani Enterprises Limited,Thermal Coal,Energy,Mr. Gautambhai Shantilal Adani S.Y. B.Com,"Ahmedabad, India",https://www.adanienterprises.com,2311.75,2238.85,2668245024768,77.16122,29.96,0.00059999997,3743.9,2025.0
2020-02-10 00:00:00+05:30,237.1690396423964,2314.95,2213.75,242.12037658691406,1376164,0.0,0.0,ADANIENT.NS,Adani Enterprises Limited,Thermal Coal,Energy,Mr. Gautambhai Shantilal Adani S.Y. B.Com,"Ahmedabad, India",https://www.adanienterprises.com,2311.75,2238.85,2668245024768,77.16122,29.96,0.00059999997,3743.9,2025.0
2020-02-11 00:00:00+05:30,242.81356487156089,2314.95,2213.75,242.91259765625,1376164,0.0,0.0,ADANIENT.NS,Adani Enterprises Limited,Thermal Coal,Energy,Mr. Gautambhai Shantilal Adani S.Y. B.Com,"Ahmedabad, India",https://www.adanienterprises.com,2311.75,2238.85,2668245024768,77.16122,29.96,0.00059999997,3743.9,2025.0
2020-02-12 00:00:00+05:30,243.50677114377083,2314.95,2213.75,247.26979064941406,1376164,0.0,0.0,ADANIENT.NS,Adani Enterprises Limited,Thermal Coal,Energy,Mr. Gautambhai Shantilal Adani S.Y. B.Com,"Ahmedabad, India",https://www.adanienterprises.com,2311.75,2238.85,2668245024768,77.16122,29.96,0.00059999997,3743.9,2025.0
2020-02-13 00:00:00+05:30,247.36881133822703,2314.95,2213.75,249.00274658203125,1376164,0.0,0.0,ADANIENT.NS,Adani Enterprises Limited,Thermal Coal,Energy,Mr. Gautambhai Shantilal Adani S.Y. B.Com,"Ahmedabad, India",https://www.adanienterprises.com,2311.75,2238.85,2668245024768,77.16122,29.96,0.00059999997,3743.9,2025.0
2020-02-14 00:00:00+05:30,250.04252758347118,2314.95,2213.75,253.65699768066406,1376164,0.0,0.0,ADANIENT.NS,Adani Enterprises Limited,Thermal Coal,Energy,Mr. Gautambhai Shantilal Adani S.Y. B.Com,"Ahmedabad, India",https://www.adanienterprises.com,2311.75,2238.85,2668245024768,77.16122,29.96,0.00059999997,3743.9,2025.0
2020-02-17 00:00:00+05:30,254.39968137128446,2314.95,2213.75,250.04251098632812,1376164,0.0,0.0,ADANIENT.NS,Adani Enterprises Limited,Thermal Coal,Energy,Mr. Gautambhai Shantilal Adani S.Y. B.Com,"Ahmedabad, India",https://www.adanienterprises.com,2311.75,2238.85,2668245024768,77.16122,29.96,0.00059999997,3743.9,2025.0
2020-02-18 00:00:00+05:30,249.2008022037688,2314.95,2213.75,247.022216796875,1376164,0.0,0.0,ADANIENT.NS,Adani Enterprises Limited,Thermal Coal,Energy,Mr. Gautambhai Shantilal Adani S.Y. B.Com,"Ahmedabad, India",https://www.adanienterprises.com,2311.75,2238.85,2668245024768,77.16122,29.96,0.00059999997,3743.9,2025.0
2020-02-19 00:00:00+05:30,247.56685392124447,2314.95,2213.75,251.52792358398438,1376164,0.0,0.0,ADANIENT.NS,Adani Enterprises Limited,Thermal Coal,Energy,Mr. Gautambhai Shantilal Adani S.Y. B.Com,"Ahmedabad, India",https://www.adanienterprises.com,2311.75,2238.85,2668245024768,77.16122,29.96,0.00059999997,3743.9,2025.0
2020-02-20 00:00:00+05:30,250.73573541663026,2314.95,2213.75,256.1326904296875,1376164,0.0,0.0,ADANIENT.NS,Adani Enterprises Limited,Thermal Coal,Energy,Mr. Gautambhai Shantilal Adani S.Y. B.Com,"Ahmedabad, India",https://www.adanienterprises.com,2311.75,2238.85,2668245024768,77.16122,29.96,0.00059999997,3743.9,2025.0
2020-02-24 00:00:00+05:30,252.320118777791,2314.95,2213.75,244.84359741210938,1376164,0.0,0.0,ADANIENT.NS,Adani Enterprises Limited,Thermal Coal,Energy,Mr. Gautambhai Shantilal Adani S.Y. B.Com,"Ahmedabad, India",https://www.adanienterprises.com,2311.75,2238.85,2668245024768,77.16122,29.96,0.00059999997,3743.9,2025.0
2020-02-25 00:00:00+05:30,247.3687933526707,2314.95,2213.75,244.0513916015625,1376164,0.0,0.0,ADANIENT.NS,Adani Enterprises Limited,Thermal Coal,Energy,Mr. Gautambhai Shantilal Adani S.Y. B.Com,"Ahmedabad, India",https://www.adanienterprises.com,2311.75,2238.85,2668245024768,77.16122,29.96,0.00059999997,3743.9,2025.0
2020-02-26 00:00:00+05:30,241.62525332071905,2314.95,2213.75,240.4369354248047,1376164,0.0,0.0,ADANIENT.NS,Adani Enterprises Limited,Thermal Coal,Energy,Mr. Gautambhai Shantilal Adani S.Y. B.Com,"Ahmedabad, India",https://www.adanienterprises.com,2311.75,2238.85,2668245024768,77.16122,29.96,0.00059999997,3743.9,2025.0
2020-02-27 00:00:00+05:30,239.10006415506567,2314.95,2213.75,231.87110900878906,1376164,0.0,0.0,ADANIENT.NS,Adani Enterprises Limited,Thermal Coal,Energy,Mr. Gautambhai Shantilal Adani S.Y. B.Com,"Ahmedabad, India",https://www.adanienterprises.com,2311.75,2238.85,2668245024768,77.16122,29.96,0.00059999997,3743.9,2025.0
2020-02-28 00:00:00+05:30,218.84909179322074,2314.95,2213.75,216.52195739746094,1376164,0.0,0.0,ADANIENT.NS,Adani Enterprises Limited,Thermal Coal,Energy,Mr. Gautambhai Shantilal Adani S.Y. B.Com,"Ahmedabad, India",https://www.adanienterprises.com,2311.75,2238.85,2668245024768,77.16122,29.96,0.00059999997,3743.9,2025.0
2020-03-02 00:00:00+05:30,220.8296439313508,2314.95,2213.75,216.47247314453125,1376164,0.0,0.0,ADANIENT.NS,Adani Enterprises Limited,Thermal Coal,Energy,Mr. Gautambhai Shantilal Adani S.Y. B.Com,"Ahmedabad, India",https://www.adanienterprises.com,2311.75,2238.85,2668245024768,77.16122,29.96,0.00059999997,3743.9,2025.0
2020-03-03 00:00:00+05:30,218.849086486884,2314.95,2213.75,223.5528564453125,1376164,0.0,0.0,ADANIENT.NS,Adani Enterprises Limited,Thermal Coal,Energy,Mr. Gautambhai Shantilal Adani S.Y. B.Com,"Ahmedabad, India",https://www.adanienterprises.com,2311.75,2238.85,2668245024768,77.16122,29.96,0.00059999997,3743.9,2025.0
2020-03-04 00:00:00+05:30,223.89945693476045,2314.95,2213.75,218.9481201171875,1376164,0.0,0.0,ADANIENT.NS,Adani Enterprises Limited,Thermal Coal,Energy,Mr. Gautambhai Shantilal Adani S.Y. B.Com,"Ahmedabad, India",https://www.adanienterprises.com,2311.75,2238.85,2668245024768,77.16122,29.96,0.00059999997,3743.9,2025.0
2020-03-05 00:00:00+05:30,221.57233168334272,2314.95,2213.75,219.591796875,1376164,0.0,0.0,ADANIENT.NS,Adani Enterprises Limited,Thermal Coal,Energy,Mr. Gautambhai Shantilal Adani S.Y. B.Com,"Ahmedabad, India",https://www.adanienterprises.com,2311.75,2238.85,2668245024768,77.16122,29.96,0.00059999997,3743.9,2025.0
2020-03-06 00:00:00+05:30,213.00652700752167,2314.95,2213.75,212.65992736816406,1376164,0.0,0.0,ADANIENT.NS,Adani Enterprises Limited,Thermal Coal,Energy,Mr. Gautambhai Shantilal Adani S.Y. B.Com,"Ahmedabad, India",https://www.adanienterprises.com,2311.75,2238.85,2668245024768,77.16122,29.96,0.00059999997,3743.9,2025.0
2020-03-09 00:00:00+05:30,204.98536416968844,2314.95,2213.75,197.75640869140625,1376164,0.0,0.0,ADANIENT.NS,Adani Enterprises Limited,Thermal Coal,Energy,Mr. Gautambhai Shantilal Adani S.Y. B.Com,"Ahmedabad, India",https://www.adanienterprises.com,2311.75,2238.85,2668245024768,77.16122,29.96,0.00059999997,3743.9,2025.0
2020-03-11 00:00:00+05:30,195.47878384154342,2314.95,2213.75,193.8448486328125,1376164,0.0,0.0,ADANIENT.NS,Adani Enterprises Limited,Thermal Coal,Energy,Mr. Gautambhai Shantilal Adani S.Y. B.Com,"Ahmedabad, India",https://www.adanienterprises.com,2311.75,2238.85,2668245024768,77.16122,29.96,0.00059999997,3743.9,2025.0
2020-03-12 00:00:00+05:30,178.34716564135957,2314.95,2213.75,160.5718536376953,1376164,0.0,0.0,ADANIENT.NS,Adani Enterprises Limited,Thermal Coal,Energy,Mr. Gautambhai Shantilal Adani S.Y. B.Com,"Ahmedabad, India",https://www.adanienterprises.com,2311.75,2238.85,2668245024768,77.16122,29.96,0.00059999997,3743.9,2025.0
2020-03-13 00:00:00+05:30,144.5295098814941,2314.95,2213.75,147.30226135253906,1376164,0.0,0.0,ADANIENT.NS,Adani Enterprises Limited,Thermal Coal,Energy,Mr. Gautambhai Shantilal Adani S.Y. B.Com,"Ahmedabad, India",https://www.adanienterprises.com,2311.75,2238.85,2668245024768,77.16122,29.96,0.00059999997,3743.9,2025.0
2020-03-16 00:00:00+05:30,139.62769482738366,2314.95,2213.75,133.38900756835938,1376164,0.0,0.0,ADANIENT.NS,Adani Enterprises Limited,Thermal Coal,Energy,Mr. Gautambhai Shantilal Adani S.Y. B.Com,"Ahmedabad, India",https://www.adanienterprises.com,2311.75,2238.85,2668245024768,77.16122,29.96,0.00059999997,3743.9,2025.0
2020-03-17 00:00:00+05:30,134.37930294779036,2314.95,2213.75,132.1016845703125,1376164,0.0,0.0,ADANIENT.NS,Adani Enterprises Limited,Thermal Coal,Energy,Mr. Gautambhai Shantilal Adani S.Y. B.Com,"Ahmedabad, India",https://www.adanienterprises.com,2311.75,2238.85,2668245024768,77.16122,29.96,0.00059999997,3743.9,2025.0
2020-03-18 00:00:00+05:30,134.57733684514494,2314.95,2213.75,128.9328155517578,1376164,0.0,0.0,ADANIENT.NS,Adani Enterprises Limited,Thermal Coal,Energy,Mr. Gautambhai Shantilal Adani S.Y. B.Com,"Ahmedabad, India",https://www.adanienterprises.com,2311.75,2238.85,2668245024768,77.16122,29.96,0.00059999997,3743.9,2025.0
2020-03-19 00:00:00+05:30,119.8223484449411,2314.95,2213.75,127.64545440673828,1376164,0.0,0.0,ADANIENT.NS,Adani Enterprises Limited,Thermal Coal,Energy,Mr. Gautambhai Shantilal Adani S.Y. B.Com,"Ahmedabad, India",https://www.adanienterprises.com,2311.75,2238.85,2668245024768,77.16122,29.96,0.00059999997,3743.9,2025.0
2020-03-20 00:00:00+05:30,136.65690074595202,2314.95,2213.75,136.3598175048828,1376164,0.0,0.0,ADANIENT.NS,Adani Enterprises Limited,Thermal Coal,Energy,Mr. Gautambhai Shantilal Adani S.Y. B.Com,"Ahmedabad, India",https://www.adanienterprises.com,2311.75,2238.85,2668245024768,77.16122,29.96,0.00059999997,3743.9,2025.0
2020-03-23 00:00:00+05:30,122.7437875014651,2314.95,2213.75,120.59913635253906,1376164,1.0,0.0,ADANIENT.NS,Adani Enterprises Limited,Thermal Coal,Energy,Mr. Gautambhai Shantilal Adani S.Y. B.Com,"Ahmedabad, India",https://www.adanienterprises.com,2311.75,2238.85,2668245024768,77.16122,29.96,0.00059999997,3743.9,2025.0
2020-03-24 00:00:00+05:30,124.68895659386853,2314.95,2213.75,130.02565002441406,1376164,0.0,0.0,ADANIENT.NS,Adani Enterprises Limited,Thermal Coal,Energy,Mr. Gautambhai Shantilal Adani S.Y. B.Com,"Ahmedabad, India",https://www.adanienterprises.com,2311.75,2238.85,2668245024768,77.16122,29.96,0.00059999997,3743.9,2025.0
2020-03-25 00:00:00+05:30,125.686468222448,2314.95,2213.75,131.97079467773438,1376164,0.0,0.0,ADANIENT.NS,Adani Enterprises Limited,Thermal Coal,Energy,Mr. Gautambhai Shantilal Adani S.Y. B.Com,"Ahmedabad, India",https://www.adanienterprises.com,2311.75,2238.85,2668245024768,77.16122,29.96,0.00059999997,3743.9,2025.0
2020-03-26 00:00:00+05:30,134.6640357359208,2314.95,2213.75,139.90097045898438,1376164,0.0,0.0,ADANIENT.NS,Adani Enterprises Limited,Thermal Coal,Energy,Mr. Gautambhai Shantilal Adani S.Y. B.Com,"Ahmedabad, India",https://www.adanienterprises.com,2311.75,2238.85,2668245024768,77.16122,29.96,0.00059999997,3743.9,2025.0
2020-03-27 00:00:00+05:30,145.6366798877716,2314.95,2213.75,127.68147277832031,1376164,0.0,0.0,ADANIENT.NS,Adani Enterprises Limited,Thermal Coal,Energy,Mr. Gautambhai Shantilal Adani S.Y. B.Com,"Ahmedabad, India",https://www.adanienterprises.com,2311.75,2238.85,2668245024768,77.16122,29.96,0.00059999997,3743.9,2025.0
2020-03-30 00:00:00+05:30,123.69142910122648,2314.95,2213.75,128.37973022460938,1376164,0.0,0.0,ADANIENT.NS,Adani Enterprises Limited,Thermal Coal,Energy,Mr. Gautambhai Shantilal Adani S.Y. B.Com,"Ahmedabad, India",https://www.adanienterprises.com,2311.75,2238.85,2668245024768,77.16122,29.96,0.00059999997,3743.9,2025.0
2020-03-31 00:00:00+05:30,131.37225684449623,2314.95,2213.75,137.25758361816406,1376164,0.0,0.0,ADANIENT.NS,Adani Enterprises Limited,Thermal Coal,Energy,Mr. Gautambhai Shantilal Adani S.Y. B.Com,"Ahmedabad, India",https://www.adanienterprises.com,2311.75,2238.85,2668245024768,77.16122,29.96,0.00059999997,3743.9,2025.0
2020-04-01 00:00:00+05:30,138.60424226545274,2314.95,2213.75,133.61668395996094,1376164,0.0,0.0,ADANIENT.NS,Adani Enterprises Limited,Thermal Coal,Energy,Mr. Gautambhai Shantilal Adani S.Y. B.Com,"Ahmedabad, India",https://www.adanienterprises.com,2311.75,2238.85,2668245024768,77.16122,29.96,0.00059999997,3743.9,2025.0
2020-04-03 00:00:00+05:30,133.66654562898074,2314.95,2213.75,128.72886657714844,1376164,0.0,0.0,ADANIENT.NS,Adani Enterprises Limited,Thermal Coal,Energy,Mr. Gautambhai Shantilal Adani S.Y. B.Com,"Ahmedabad, India",https://www.adanienterprises.com,2311.75,2238.85,2668245024768,77.16122,29.96,0.00059999997,3743.9,2025.0
2020-04-07 00:00:00+05:30,130.67401194504228,2314.95,2213.75,137.80621337890625,1376164,0.0,0.0,ADANIENT.NS,Adani Enterprises Limited,Thermal Coal,Energy,Mr. Gautambhai Shantilal Adani S.Y. B.Com,"Ahmedabad, India",https://www.adanienterprises.com,2311.75,2238.85,2668245024768,77.16122,29.96,0.00059999997,3743.9,2025.0
2020-04-08 00:00:00+05:30,136.5094431296375,2314.95,2213.75,137.75633239746094,1376164,0.0,0.0,ADANIENT.NS,Adani Enterprises Limited,Thermal Coal,Energy,Mr. Gautambhai Shantilal Adani S.Y. B.Com,"Ahmedabad, India",https://www.adanienterprises.com,2311.75,2238.85,2668245024768,77.16122,29.96,0.00059999997,3743.9,2025.0
2020-04-09 00:00:00+05:30,139.65158972591274,2314.95,2213.75,142.09548950195312,1376164,0.0,0.0,ADANIENT.NS,Adani Enterprises Limited,Thermal Coal,Energy,Mr. Gautambhai Shantilal Adani S.Y. B.Com,"Ahmedabad, India",https://www.adanienterprises.com,2311.75,2238.85,2668245024768,77.16122,29.96,0.00059999997,3743.9,2025.0
2020-04-13 00:00:00+05:30,141.6466419794788,2314.95,2213.75,145.63668823242188,1376164,0.0,0.0,ADANIENT.NS,Adani Enterprises Limited,Thermal Coal,Energy,Mr. Gautambhai Shantilal Adani S.Y. B.Com,"Ahmedabad, India",https://www.adanienterprises.com,2311.75,2238.85,2668245024768,77.16122,29.96,0.00059999997,3743.9,2025.0
2020-04-15 00:00:00+05:30,147.68158513424268,2314.95,2213.75,144.8885498046875,1376164,0.0,0.0,ADANIENT.NS,Adani Enterprises Limited,Thermal Coal,Energy,Mr. Gautambhai Shantilal Adani S.Y. B.Com,"Ahmedabad, India",https://www.adanienterprises.com,2311.75,2238.85,2668245024768,77.16122,29.96,0.00059999997,3743.9,2025.0
2020-04-16 00:00:00+05:30,141.64663711948995,2314.95,2213.75,142.9434051513672,1376164,0.0,0.0,ADANIENT.NS,Adani Enterprises Limited,Thermal Coal,Energy,Mr. Gautambhai Shantilal Adani S.Y. B.Com,"Ahmedabad, India",https://www.adanienterprises.com,2311.75,2238.85,2668245024768,77.16122,29.96,0.00059999997,3743.9,2025.0
2020-04-17 00:00:00+05:30,146.5843137936299,2314.95,2213.75,143.54190063476562,1376164,0.0,0.0,ADANIENT.NS,Adani Enterprises Limited,Thermal Coal,Energy,Mr. Gautambhai Shantilal Adani S.Y. B.Com,"Ahmedabad, India",https://www.adanienterprises.com,2311.75,2238.85,2668245024768,77.16122,29.96,0.00059999997,3743.9,2025.0
2020-04-20 00:00:00+05:30,145.6366906171759,2314.95,2213.75,146.33494567871094,1376164,0.0,0.0,ADANIENT.NS,Adani Enterprises Limited,Thermal Coal,Energy,Mr. Gautambhai Shantilal Adani S.Y. B.Com,"Ahmedabad, India",https://www.adanienterprises.com,2311.75,2238.85,2668245024768,77.16122,29.96,0.00059999997,3743.9,2025.0
2020-04-21 00:00:00+05:30,142.6441539194886,2314.95,2213.75,135.6116943359375,1376164,0.0,0.0,ADANIENT.NS,Adani Enterprises Limited,Thermal Coal,Energy,Mr. Gautambhai Shantilal Adani S.Y. B.Com,"Ahmedabad, India",https://www.adanienterprises.com,2311.75,2238.85,2668245024768,77.16122,29.96,0.00059999997,3743.9,2025.0
2020-04-22 00:00:00+05:30,135.66155918646706,2314.95,2213.75,137.25758361816406,1376164,0.0,0.0,ADANIENT.NS,Adani Enterprises Limited,Thermal Coal,Energy,Mr. Gautambhai Shantilal Adani S.Y. B.Com,"Ahmedabad, India",https://www.adanienterprises.com,2311.75,2238.85,2668245024768,77.16122,29.96,0.00059999997,3743.9,2025.0
2020-04-23 00:00:00+05:30,140.15037536621094,2314.95,2213.75,140.15037536621094,1376164,0.0,0.0,ADANIENT.NS,Adani Enterprises Limited,Thermal Coal,Energy,Mr. Gautambhai Shantilal Adani S.Y. B.Com,"Ahmedabad, India",https://www.adanienterprises.com,2311.75,2238.85,2668245024768,77.16122,29.96,0.00059999997,3743.9,2025.0
2020-04-24 00:00:00+05:30,136.80868951802574,2314.95,2213.75,134.31491088867188,1376164,0.0,0.0,ADANIENT.NS,Adani Enterprises Limited,Thermal Coal,Energy,Mr. Gautambhai Shantilal Adani S.Y. B.Com,"Ahmedabad, India",https://www.adanienterprises.com,2311.75,2238.85,2668245024768,77.16122,29.96,0.00059999997,3743.9,2025.0
2020-04-27 00:00:00+05:30,136.06056903422478,2314.95,2213.75,134.2650604248047,1376164,0.0,0.0,ADANIENT.NS,Adani Enterprises Limited,Thermal Coal,Energy,Mr. Gautambhai Shantilal Adani S.Y. B.Com,"Ahmedabad, India",https://www.adanienterprises.com,2311.75,2238.85,2668245024768,77.16122,29.96,0.00059999997,3743.9,2025.0
2020-04-28 00:00:00+05:30,135.6116694034265,2314.95,2213.75,138.95333862304688,1376164,0.0,0.0,ADANIENT.NS,Adani Enterprises Limited,Thermal Coal,Energy,Mr. Gautambhai Shantilal Adani S.Y. B.Com,"Ahmedabad, India",https://www.adanienterprises.com,2311.75,2238.85,2668245024768,77.16122,29.96,0.00059999997,3743.9,2025.0
2020-04-29 00:00:00+05:30,139.65161832857302,2314.95,2213.75,139.15286254882812,1376164,0.0,0.0,ADANIENT.NS,Adani Enterprises Limited,Thermal Coal,Energy,Mr. Gautambhai Shantilal Adani S.Y. B.Com,"Ahmedabad, India",https://www.adanienterprises.com,2311.75,2238.85,2668245024768,77.16122,29.96,0.00059999997,3743.9,2025.0
2020-04-30 00:00:00+05:30,141.09802010624733,2314.95,2213.75,141.0481414794922,1376164,0.0,0.0,ADANIENT.NS,Adani Enterprises Limited,Thermal Coal,Energy,Mr. Gautambhai Shantilal Adani S.Y. B.Com,"Ahmedabad, India",https://www.adanienterprises.com,2311.75,2238.85,2668245024768,77.16122,29.96,0.00059999997,3743.9,2025.0
2020-05-04 00:00:00+05:30,136.55930250933704,2314.95,2213.75,131.22262573242188,1376164,0.0,0.0,ADANIENT.NS,Adani Enterprises Limited,Thermal Coal,Energy,Mr. Gautambhai Shantilal Adani S.Y. B.Com,"Ahmedabad, India",https://www.adanienterprises.com,2311.75,2238.85,2668245024768,77.16122,29.96,0.00059999997,3743.9,2025.0
2020-05-05 00:00:00+05:30,134.6640611354264,2314.95,2213.75,132.36978149414062,1376164,0.0,0.0,ADANIENT.NS,Adani Enterprises Limited,Thermal Coal,Energy,Mr. Gautambhai Shantilal Adani S.Y. B.Com,"Ahmedabad, India",https://www.adanienterprises.com,2311.75,2238.85,2668245024768,77.16122,29.96,0.00059999997,3743.9,2025.0
2020-05-06 00:00:00+05:30,133.31740977820255,2314.95,2213.75,132.9184112548828,1376164,0.0,0.0,ADANIENT.NS,Adani Enterprises Limited,Thermal Coal,Energy,Mr. Gautambhai Shantilal Adani S.Y. B.Com,"Ahmedabad, India",https://www.adanienterprises.com,2311.75,2238.85,2668245024768,77.16122,29.96,0.00059999997,3743.9,2025.0
2020-05-07 00:00:00+05:30,130.77378369412543,2314.95,2213.75,134.56431579589844,1376164,0.0,0.0,ADANIENT.NS,Adani Enterprises Limited,Thermal Coal,Energy,Mr. Gautambhai Shantilal Adani S.Y. B.Com,"Ahmedabad, India",https://www.adanienterprises.com,2311.75,2238.85,2668245024768,77.16122,29.96,0.00059999997,3743.9,2025.0
2020-05-08 00:00:00+05:30,136.55932267845773,2314.95,2213.75,136.80870056152344,1376164,0.0,0.0,ADANIENT.NS,Adani Enterprises Limited,Thermal Coal,Energy,Mr. Gautambhai Shantilal Adani S.Y. B.Com,"Ahmedabad, India",https://www.adanienterprises.com,2311.75,2238.85,2668245024768,77.16122,29.96,0.00059999997,3743.9,2025.0
2020-05-11 00:00:00+05:30,137.50698501485653,2314.95,2213.75,139.70150756835938,1376164,0.0,0.0,ADANIENT.NS,Adani Enterprises Limited,Thermal Coal,Energy,Mr. Gautambhai Shantilal Adani S.Y. B.Com,"Ahmedabad, India",https://www.adanienterprises.com,2311.75,2238.85,2668245024768,77.16122,29.96,0.00059999997,3743.9,2025.0
2020-05-12 00:00:00+05:30,138.15535449364268,2314.95,2213.75,139.55186462402344,1376164,0.0,0.0,ADANIENT.NS,Adani Enterprises Limited,Thermal Coal,Energy,Mr. Gautambhai Shantilal Adani S.Y. B.Com,"Ahmedabad, India",https://www.adanienterprises.com,2311.75,2238.85,2668245024768,77.16122,29.96,0.00059999997,3743.9,2025.0
2020-05-13 00:00:00+05:30,144.6391774588056,2314.95,2213.75,140.7987518310547,1376164,0.0,0.0,ADANIENT.NS,Adani Enterprises Limited,Thermal Coal,Energy,Mr. Gautambhai Shantilal Adani S.Y. B.Com,"Ahmedabad, India",https://www.adanienterprises.com,2311.75,2238.85,2668245024768,77.16122,29.96,0.00059999997,3743.9,2025.0
2020-05-14 00:00:00+05:30,139.2027308100276,2314.95,2213.75,140.5493621826172,1376164,0.0,0.0,ADANIENT.NS,Adani Enterprises Limited,Thermal Coal,Energy,Mr. Gautambhai Shantilal Adani S.Y. B.Com,"Ahmedabad, India",https://www.adanienterprises.com,2311.75,2238.85,2668245024768,77.16122,29.96,0.00059999997,3743.9,2025.0
2020-05-15 00:00:00+05:30,141.04810973523746,2314.95,2213.75,140.69898986816406,1376164,0.0,0.0,ADANIENT.NS,Adani Enterprises Limited,Thermal Coal,Energy,Mr. Gautambhai Shantilal Adani S.Y. B.Com,"Ahmedabad, India",https://www.adanienterprises.com,2311.75,2238.85,2668245024768,77.16122,29.96,0.00059999997,3743.9,2025.0
2020-05-18 00:00:00+05:30,144.4396590106645,2314.95,2213.75,135.56179809570312,1376164,0.0,0.0,ADANIENT.NS,Adani Enterprises Limited,Thermal Coal,Energy,Mr. Gautambhai Shantilal Adani S.Y. B.Com,"Ahmedabad, India",https://www.adanienterprises.com,2311.75,2238.85,2668245024768,77.16122,29.96,0.00059999997,3743.9,2025.0
2020-05-19 00:00:00+05:30,137.45709016202073,2314.95,2213.75,139.35235595703125,1376164,0.0,0.0,ADANIENT.NS,Adani Enterprises Limited,Thermal Coal,Energy,Mr. Gautambhai Shantilal Adani S.Y. B.Com,"Ahmedabad, India",https://www.adanienterprises.com,2311.75,2238.85,2668245024768,77.16122,29.96,0.00059999997,3743.9,2025.0
2020-05-20 00:00:00+05:30,139.152843024796,2314.95,2213.75,140.9982452392578,1376164,0.0,0.0,ADANIENT.NS,Adani Enterprises Limited,Thermal Coal,Energy,Mr. Gautambhai Shantilal Adani S.Y. B.Com,"Ahmedabad, India",https://www.adanienterprises.com,2311.75,2238.85,2668245024768,77.16122,29.96,0.00059999997,3743.9,2025.0
2020-05-21 00:00:00+05:30,141.84614544668904,2314.95,2213.75,137.9558563232422,1376164,0.0,0.0,ADANIENT.NS,Adani Enterprises Limited,Thermal Coal,Energy,Mr. Gautambhai Shantilal Adani S.Y. B.Com,"Ahmedabad, India",https://www.adanienterprises.com,2311.75,2238.85,2668245024768,77.16122,29.96,0.00059999997,3743.9,2025.0
2020-05-22 00:00:00+05:30,137.65657516770855,2314.95,2213.75,137.75633239746094,1376164,0.0,0.0,ADANIENT.NS,Adani Enterprises Limited,Thermal Coal,Energy,Mr. Gautambhai Shantilal Adani S.Y. B.Com,"Ahmedabad, India",https://www.adanienterprises.com,2311.75,2238.85,2668245024768,77.16122,29.96,0.00059999997,3743.9,2025.0
2020-05-26 00:00:00+05:30,138.65410676908323,2314.95,2213.75,139.15286254882812,1376164,0.0,0.0,ADANIENT.NS,Adani Enterprises Limited,Thermal Coal,Energy,Mr. Gautambhai Shantilal Adani S.Y. B.Com,"Ahmedabad, India",https://www.adanienterprises.com,2311.75,2238.85,2668245024768,77.16122,29.96,0.00059999997,3743.9,2025.0
2020-05-27 00:00:00+05:30,139.40224987057084,2314.95,2213.75,140.64913940429688,1376164,0.0,0.0,ADANIENT.NS,Adani Enterprises Limited,Thermal Coal,Energy,Mr. Gautambhai Shantilal Adani S.Y. B.Com,"Ahmedabad, India",https://www.adanienterprises.com,2311.75,2238.85,2668245024768,77.16122,29.96,0.00059999997,3743.9,2025.0
2020-05-28 00:00:00+05:30,141.34739567715698,2314.95,2213.75,142.29502868652344,1376164,0.0,0.0,ADANIENT.NS,Adani Enterprises Limited,Thermal Coal,Energy,Mr. Gautambhai Shantilal Adani S.Y. B.Com,"Ahmedabad, India",https://www.adanienterprises.com,2311.75,2238.85,2668245024768,77.16122,29.96,0.00059999997,3743.9,2025.0
2020-05-29 00:00:00+05:30,140.74887669112675,2314.95,2213.75,147.9808349609375,1376164,0.0,0.0,ADANIENT.NS,Adani Enterprises Limited,Thermal Coal,Energy,Mr. Gautambhai Shantilal Adani S.Y. B.Com,"Ahmedabad, India",https://www.adanienterprises.com,2311.75,2238.85,2668245024768,77.16122,29.96,0.00059999997,3743.9,2025.0
2020-06-01 00:00:00+05:30,149.62671729813383,2314.95,2213.75,150.12547302246094,1376164,0.0,0.0,ADANIENT.NS,Adani Enterprises Limited,Thermal Coal,Energy,Mr. Gautambhai Shantilal Adani S.Y. B.Com,"Ahmedabad, India",https://www.adanienterprises.com,2311.75,2238.85,2668245024768,77.16122,29.96,0.00059999997,3743.9,2025.0
2020-06-02 00:00:00+05:30,150.62423335904109,2314.95,2213.75,149.57684326171875,1376164,0.0,0.0,ADANIENT.NS,Adani Enterprises Limited,Thermal Coal,Energy,Mr. Gautambhai Shantilal Adani S.Y. B.Com,"Ahmedabad, India",https://www.adanienterprises.com,2311.75,2238.85,2668245024768,77.16122,29.96,0.00059999997,3743.9,2025.0
2020-06-03 00:00:00+05:30,151.37238481158408,2314.95,2213.75,150.27511596679688,1376164,0.0,0.0,ADANIENT.NS,Adani Enterprises Limited,Thermal Coal,Energy,Mr. Gautambhai Shantilal Adani S.Y. B.Com,"Ahmedabad, India",https://www.adanienterprises.com,2311.75,2238.85,2668245024768,77.16122,29.96,0.00059999997,3743.9,2025.0
2020-06-04 00:00:00+05:30,150.12549281764674,2314.95,2213.75,147.6317138671875,1376164,0.0,0.0,ADANIENT.NS,Adani Enterprises Limited,Thermal Coal,Energy,Mr. Gautambhai Shantilal Adani S.Y. B.Com,"Ahmedabad, India",https://www.adanienterprises.com,2311.75,2238.85,2668245024768,77.16122,29.96,0.00059999997,3743.9,2025.0
2020-06-05 00:00:00+05:30,148.52946388368636,2314.95,2213.75,152.0706329345703,1376164,0.0,0.0,ADANIENT.NS,Adani Enterprises Limited,Thermal Coal,Energy,Mr. Gautambhai Shantilal Adani S.Y. B.Com,"Ahmedabad, India",https://www.adanienterprises.com,2311.75,2238.85,2668245024768,77.16122,29.96,0.00059999997,3743.9,2025.0
2020-06-08 00:00:00+05:30,155.2127974822298,2314.95,2213.75,152.27012634277344,1376164,0.0,0.0,ADANIENT.NS,Adani Enterprises Limited,Thermal Coal,Energy,Mr. Gautambhai Shantilal Adani S.Y. B.Com,"Ahmedabad, India",https://www.adanienterprises.com,2311.75,2238.85,2668245024768,77.16122,29.96,0.00059999997,3743.9,2025.0
2020-06-09 00:00:00+05:30,153.816298345762,2314.95,2213.75,151.5220184326172,1376164,0.0,0.0,ADANIENT.NS,Adani Enterprises Limited,Thermal Coal,Energy,Mr. Gautambhai Shantilal Adani S.Y. B.Com,"Ahmedabad, India",https://www.adanienterprises.com,2311.75,2238.85,2668245024768,77.16122,29.96,0.00059999997,3743.9,2025.0
2020-06-10 00:00:00+05:30,152.36987642340833,2314.95,2213.75,151.4721221923828,1376164,0.0,0.0,ADANIENT.NS,Adani Enterprises Limited,Thermal Coal,Energy,Mr. Gautambhai Shantilal Adani S.Y. B.Com,"Ahmedabad, India",https://www.adanienterprises.com,2311.75,2238.85,2668245024768,77.16122,29.96,0.00059999997,3743.9,2025.0
2020-06-11 00:00:00+05:30,151.47211982761957,2314.95,2213.75,151.4222412109375,1376164,0.0,0.0,ADANIENT.NS,Adani Enterprises Limited,Thermal Coal,Energy,Mr. Gautambhai Shantilal Adani S.Y. B.Com,"Ahmedabad, India",https://www.adanienterprises.com,2311.75,2238.85,2668245024768,77.16122,29.96,0.00059999997,3743.9,2025.0
2020-06-12 00:00:00+05:30,143.64165671372177,2314.95,2213.75,151.92100524902344,1376164,0.0,0.0,ADANIENT.NS,Adani Enterprises Limited,Thermal Coal,Energy,Mr. Gautambhai Shantilal Adani S.Y. B.Com,"Ahmedabad, India",https://www.adanienterprises.com,2311.75,2238.85,2668245024768,77.16122,29.96,0.00059999997,3743.9,2025.0
2020-06-15 00:00:00+05:30,151.42225860909775,2314.95,2213.75,148.87860107421875,1376164,0.0,0.0,ADANIENT.NS,Adani Enterprises Limited,Thermal Coal,Energy,Mr. Gautambhai Shantilal Adani S.Y. B.Com,"Ahmedabad, India",https://www.adanienterprises.com,2311.75,2238.85,2668245024768,77.16122,29.96,0.00059999997,3743.9,2025.0
2020-06-16 00:00:00+05:30,153.11800278311134,2314.95,2213.75,145.83616638183594,1376164,0.0,0.0,ADANIENT.NS,Adani Enterprises Limited,Thermal Coal,Energy,Mr. Gautambhai Shantilal Adani S.Y. B.Com,"Ahmedabad, India",https://www.adanienterprises.com,2311.75,2238.85,2668245024768,77.16122,29.96,0.00059999997,3743.9,2025.0
2020-06-17 00:00:00+05:30,144.63916980570164,2314.95,2213.75,146.7838134765625,1376164,0.0,0.0,ADANIENT.NS,Adani Enterprises Limited,Thermal Coal,Energy,Mr. Gautambhai Shantilal Adani S.Y. B.Com,"Ahmedabad, India",https://www.adanienterprises.com,2311.75,2238.85,2668245024768,77.16122,29.96,0.00059999997,3743.9,2025.0
2020-06-18 00:00:00+05:30,146.3349387866722,2314.95,2213.75,147.48208618164062,1376164,0.0,0.0,ADANIENT.NS,Adani Enterprises Limited,Thermal Coal,Energy,Mr. Gautambhai Shantilal Adani S.Y. B.Com,"Ahmedabad, India",https://www.adanienterprises.com,2311.75,2238.85,2668245024768,77.16122,29.96,0.00059999997,3743.9,2025.0
2020-06-19 00:00:00+05:30,149.2277456680586,2314.95,2213.75,152.3200225830078,1376164,0.0,0.0,ADANIENT.NS,Adani Enterprises Limited,Thermal Coal,Energy,Mr. Gautambhai Shantilal Adani S.Y. B.Com,"Ahmedabad, India",https://www.adanienterprises.com,2311.75,2238.85,2668245024768,77.16122,29.96,0.00059999997,3743.9,2025.0
2020-06-22 00:00:00+05:30,154.11553133641345,2314.95,2213.75,154.26515197753906,1376164,0.0,0.0,ADANIENT.NS,Adani Enterprises Limited,Thermal Coal,Energy,Mr. Gautambhai Shantilal Adani S.Y. B.Com,"Ahmedabad, India",https://www.adanienterprises.com,2311.75,2238.85,2668245024768,77.16122,29.96,0.00059999997,3743.9,2025.0
2020-06-23 00:00:00+05:30,156.60930811388064,2314.95,2213.75,156.80880737304688,1376164,0.0,0.0,ADANIENT.NS,Adani Enterprises Limited,Thermal Coal,Energy,Mr. Gautambhai Shantilal Adani S.Y. B.Com,"Ahmedabad, India",https://www.adanienterprises.com,2311.75,2238.85,2668245024768,77.16122,29.96,0.00059999997,3743.9,2025.0
2020-06-24 00:00:00+05:30,158.704082057775,2314.95,2213.75,154.41477966308594,1376164,0.0,0.0,ADANIENT.NS,Adani Enterprises Limited,Thermal Coal,Energy,Mr. Gautambhai Shantilal Adani S.Y. B.Com,"Ahmedabad, India",https://www.adanienterprises.com,2311.75,2238.85,2668245024768,77.16122,29.96,0.00059999997,3743.9,2025.0
2020-06-25 00:00:00+05:30,152.86863600390942,2314.95,2213.75,161.2477264404297,1376164,0.0,0.0,ADANIENT.NS,Adani Enterprises Limited,Thermal Coal,Energy,Mr. Gautambhai Shantilal Adani S.Y. B.Com,"Ahmedabad, India",https://www.adanienterprises.com,2311.75,2238.85,2668245024768,77.16122,29.96,0.00059999997,3743.9,2025.0
2020-06-26 00:00:00+05:30,163.5918929199028,2314.95,2213.75,161.74649047851562,1376164,0.0,0.0,ADANIENT.NS,Adani Enterprises Limited,Thermal Coal,Energy,Mr. Gautambhai Shantilal Adani S.Y. B.Com,"Ahmedabad, India",https://www.adanienterprises.com,2311.75,2238.85,2668245024768,77.16122,29.96,0.00059999997,3743.9,2025.0
2020-06-29 00:00:00+05:30,160.99835066187467,2314.95,2213.75,159.3524627685547,1376164,0.0,0.0,ADANIENT.NS,Adani Enterprises Limited,Thermal Coal,Energy,Mr. Gautambhai Shantilal Adani S.Y. B.Com,"Ahmedabad, India",https://www.adanienterprises.com,2311.75,2238.85,2668245024768,77.16122,29.96,0.00059999997,3743.9,2025.0
2020-06-30 00:00:00+05:30,160.99835379448533,2314.95,2213.75,155.86117553710938,1376164,0.0,0.0,ADANIENT.NS,Adani Enterprises Limited,Thermal Coal,Energy,Mr. Gautambhai Shantilal Adani S.Y. B.Com,"Ahmedabad, India",https://www.adanienterprises.com,2311.75,2238.85,2668245024768,77.16122,29.96,0.00059999997,3743.9,2025.0
2020-07-01 00:00:00+05:30,156.75894986298718,2314.95,2213.75,157.25770568847656,1376164,0.0,0.0,ADANIENT.NS,Adani Enterprises Limited,Thermal Coal,Energy,Mr. Gautambhai Shantilal Adani S.Y. B.Com,"Ahmedabad, India",https://www.adanienterprises.com,2311.75,2238.85,2668245024768,77.16122,29.96,0.00059999997,3743.9,2025.0
2020-07-02 00:00:00+05:30,159.40234471855047,2314.95,2213.75,157.8063201904297,1376164,0.0,0.0,ADANIENT.NS,Adani Enterprises Limited,Thermal Coal,Energy,Mr. Gautambhai Shantilal Adani S.Y. B.Com,"Ahmedabad, India",https://www.adanienterprises.com,2311.75,2238.85,2668245024768,77.16122,29.96,0.00059999997,3743.9,2025.0
2020-07-03 00:00:00+05:30,159.60183715820312,2314.95,2213.75,159.60183715820312,1376164,0.0,0.0,ADANIENT.NS,Adani Enterprises Limited,Thermal Coal,Energy,Mr. Gautambhai Shantilal Adani S.Y. B.Com,"Ahmedabad, India",https://www.adanienterprises.com,2311.75,2238.85,2668245024768,77.16122,29.96,0.00059999997,3743.9,2025.0
2020-07-06 00:00:00+05:30,161.5469960575006,2314.95,2213.75,163.79139709472656,1376164,0.0,0.0,ADANIENT.NS,Adani Enterprises Limited,Thermal Coal,Energy,Mr. Gautambhai Shantilal Adani S.Y. B.Com,"Ahmedabad, India",https://www.adanienterprises.com,2311.75,2238.85,2668245024768,77.16122,29.96,0.00059999997,3743.9,2025.0
2020-07-07 00:00:00+05:30,164.0906561760484,2314.95,2213.75,167.7315673828125,1376164,0.0,0.0,ADANIENT.NS,Adani Enterprises Limited,Thermal Coal,Energy,Mr. Gautambhai Shantilal Adani S.Y. B.Com,"Ahmedabad, India",https://www.adanienterprises.com,2311.75,2238.85,2668245024768,77.16122,29.96,0.00059999997,3743.9,2025.0
2020-07-08 00:00:00+05:30,167.58193314441144,2314.95,2213.75,162.59437561035156,1376164,0.0,0.0,ADANIENT.NS,Adani Enterprises Limited,Thermal Coal,Energy,Mr. Gautambhai Shantilal Adani S.Y. B.Com,"Ahmedabad, India",https://www.adanienterprises.com,2311.75,2238.85,2668245024768,77.16122,29.96,0.00059999997,3743.9,2025.0
2020-07-09 00:00:00+05:30,162.59437910276256,2314.95,2213.75,162.34500122070312,1376164,0.0,0.0,ADANIENT.NS,Adani Enterprises Limited,Thermal Coal,Energy,Mr. Gautambhai Shantilal Adani S.Y. B.Com,"Ahmedabad, India",https://www.adanienterprises.com,2311.75,2238.85,2668245024768,77.16122,29.96,0.00059999997,3743.9,2025.0
2020-07-10 00:00:00+05:30,161.09810551190085,2314.95,2213.75,159.30258178710938,1376164,0.0,0.0,ADANIENT.NS,Adani Enterprises Limited,Thermal Coal,Energy,Mr. Gautambhai Shantilal Adani S.Y. B.Com,"Ahmedabad, India",https://www.adanienterprises.com,2311.75,2238.85,2668245024768,77.16122,29.96,0.00059999997,3743.9,2025.0
2020-07-13 00:00:00+05:30,161.0482226828487,2314.95,2213.75,155.6616668701172,1376164,0.0,0.0,ADANIENT.NS,Adani Enterprises Limited,Thermal Coal,Energy,Mr. Gautambhai Shantilal Adani S.Y. B.Com,"Ahmedabad, India",https://www.adanienterprises.com,2311.75,2238.85,2668245024768,77.16122,29.96,0.00059999997,3743.9,2025.0
2020-07-14 00:00:00+05:30,155.51203960224439,2314.95,2213.75,149.37734985351562,1376164,0.0,0.0,ADANIENT.NS,Adani Enterprises Limited,Thermal Coal,Energy,Mr. Gautambhai Shantilal Adani S.Y. B.Com,"Ahmedabad, India",https://www.adanienterprises.com,2311.75,2238.85,2668245024768,77.16122,29.96,0.00059999997,3743.9,2025.0
2020-07-15 00:00:00+05:30,149.72648233356816,2314.95,2213.75,147.38232421875,1376164,0.0,0.0,ADANIENT.NS,Adani Enterprises Limited,Thermal Coal,Energy,Mr. Gautambhai Shantilal Adani S.Y. B.Com,"Ahmedabad, India",https://www.adanienterprises.com,2311.75,2238.85,2668245024768,77.16122,29.96,0.00059999997,3743.9,2025.0
2020-07-16 00:00:00+05:30,147.73146765288107,2314.95,2213.75,148.5294647216797,1376164,0.0,0.0,ADANIENT.NS,Adani Enterprises Limited,Thermal Coal,Energy,Mr. Gautambhai Shantilal Adani S.Y. B.Com,"Ahmedabad, India",https://www.adanienterprises.com,2311.75,2238.85,2668245024768,77.16122,29.96,0.00059999997,3743.9,2025.0
2020-07-17 00:00:00+05:30,149.37737560514282,2314.95,2213.75,151.2227783203125,1376164,0.0,0.0,ADANIENT.NS,Adani Enterprises Limited,Thermal Coal,Energy,Mr. Gautambhai Shantilal Adani S.Y. B.Com,"Ahmedabad, India",https://www.adanienterprises.com,2311.75,2238.85,2668245024768,77.16122,29.96,0.00059999997,3743.9,2025.0
2020-07-20 00:00:00+05:30,152.7688797541846,2314.95,2213.75,160.3000946044922,1376164,0.0,0.0,ADANIENT.NS,Adani Enterprises Limited,Thermal Coal,Energy,Mr. Gautambhai Shantilal Adani S.Y. B.Com,"Ahmedabad, India",https://www.adanienterprises.com,2311.75,2238.85,2668245024768,77.16122,29.96,0.00059999997,3743.9,2025.0
2020-07-21 00:00:00+05:30,161.04823370383372,2314.95,2213.75,166.88368225097656,1376164,0.0,0.0,ADANIENT.NS,Adani Enterprises Limited,Thermal Coal,Energy,Mr. Gautambhai Shantilal Adani S.Y. B.Com,"Ahmedabad, India",https://www.adanienterprises.com,2311.75,2238.85,2668245024768,77.16122,29.96,0.00059999997,3743.9,2025.0
2020-07-22 00:00:00+05:30,166.5844328999681,2314.95,2213.75,168.97845458984375,1376164,0.0,0.0,ADANIENT.NS,Adani Enterprises Limited,Thermal Coal,Energy,Mr. Gautambhai Shantilal Adani S.Y. B.Com,"Ahmedabad, India",https://www.adanienterprises.com,2311.75,2238.85,2668245024768,77.16122,29.96,0.00059999997,3743.9,2025.0
2020-07-23 00:00:00+05:30,167.9310750080454,2314.95,2213.75,169.52708435058594,1376164,0.0,0.0,ADANIENT.NS,Adani Enterprises Limited,Thermal Coal,Energy,Mr. Gautambhai Shantilal Adani S.Y. B.Com,"Ahmedabad, India",https://www.adanienterprises.com,2311.75,2238.85,2668245024768,77.16122,29.96,0.00059999997,3743.9,2025.0
2020-07-24 00:00:00+05:30,166.98341627495432,2314.95,2213.75,168.33006286621094,1376164,0.0,0.0,ADANIENT.NS,Adani Enterprises Limited,Thermal Coal,Energy,Mr. Gautambhai Shantilal Adani S.Y. B.Com,"Ahmedabad, India",https://www.adanienterprises.com,2311.75,2238.85,2668245024768,77.16122,29.96,0.00059999997,3743.9,2025.0
2020-07-27 00:00:00+05:30,168.23032663787225,2314.95,2213.75,165.53704833984375,1376164,0.0,0.0,ADANIENT.NS,Adani Enterprises Limited,Thermal Coal,Energy,Mr. Gautambhai Shantilal Adani S.Y. B.Com,"Ahmedabad, India",https://www.adanienterprises.com,2311.75,2238.85,2668245024768,77.16122,29.96,0.00059999997,3743.9,2025.0
2020-07-28 00:00:00+05:30,165.88617476571994,2314.95,2213.75,173.11813354492188,1376164,0.0,0.0,ADANIENT.NS,Adani Enterprises Limited,Thermal Coal,Energy,Mr. Gautambhai Shantilal Adani S.Y. B.Com,"Ahmedabad, India",https://www.adanienterprises.com,2311.75,2238.85,2668245024768,77.16122,29.96,0.00059999997,3743.9,2025.0
2020-07-29 00:00:00+05:30,173.56699749810394,2314.95,2213.75,178.65431213378906,1376164,0.0,0.0,ADANIENT.NS,Adani Enterprises Limited,Thermal Coal,Energy,Mr. Gautambhai Shantilal Adani S.Y. B.Com,"Ahmedabad, India",https://www.adanienterprises.com,2311.75,2238.85,2668245024768,77.16122,29.96,0.00059999997,3743.9,2025.0
2020-07-30 00:00:00+05:30,178.75407749417286,2314.95,2213.75,174.61441040039062,1376164,0.0,0.0,ADANIENT.NS,Adani Enterprises Limited,Thermal Coal,Energy,Mr. Gautambhai Shantilal Adani S.Y. B.Com,"Ahmedabad, India",https://www.adanienterprises.com,2311.75,2238.85,2668245024768,77.16122,29.96,0.00059999997,3743.9,2025.0
2020-07-31 00:00:00+05:30,173.56698403787001,2314.95,2213.75,174.81387329101562,1376164,0.0,0.0,ADANIENT.NS,Adani Enterprises Limited,Thermal Coal,Energy,Mr. Gautambhai Shantilal Adani S.Y. B.Com,"Ahmedabad, India",https://www.adanienterprises.com,2311.75,2238.85,2668245024768,77.16122,29.96,0.00059999997,3743.9,2025.0
2020-08-03 00:00:00+05:30,174.81390002157934,2314.95,2213.75,171.8213653564453,1376164,0.0,0.0,ADANIENT.NS,Adani Enterprises Limited,Thermal Coal,Energy,Mr. Gautambhai Shantilal Adani S.Y. B.Com,"Ahmedabad, India",https://www.adanienterprises.com,2311.75,2238.85,2668245024768,77.16122,29.96,0.00059999997,3743.9,2025.0
2020-08-04 00:00:00+05:30,173.56700133214838,2314.95,2213.75,181.6468505859375,1376164,0.0,0.0,ADANIENT.NS,Adani Enterprises Limited,Thermal Coal,Energy,Mr. Gautambhai Shantilal Adani S.Y. B.Com,"Ahmedabad, India",https://www.adanienterprises.com,2311.75,2238.85,2668245024768,77.16122,29.96,0.00059999997,3743.9,2025.0
2020-08-05 00:00:00+05:30,182.54459372455983,2314.95,2213.75,179.15306091308594,1376164,0.0,0.0,ADANIENT.NS,Adani Enterprises Limited,Thermal Coal,Energy,Mr. Gautambhai Shantilal Adani S.Y. B.Com,"Ahmedabad, India",https://www.adanienterprises.com,2311.75,2238.85,2668245024768,77.16122,29.96,0.00059999997,3743.9,2025.0
2020-08-06 00:00:00+05:30,179.6518405936075,2314.95,2213.75,185.48727416992188,1376164,0.0,0.0,ADANIENT.NS,Adani Enterprises Limited,Thermal Coal,Energy,Mr. Gautambhai Shantilal Adani S.Y. B.Com,"Ahmedabad, India",https://www.adanienterprises.com,2311.75,2238.85,2668245024768,77.16122,29.96,0.00059999997,3743.9,2025.0
2020-08-07 00:00:00+05:30,180.59946517776478,2314.95,2213.75,192.4199676513672,1376164,0.0,0.0,ADANIENT.NS,Adani Enterprises Limited,Thermal Coal,Energy,Mr. Gautambhai Shantilal Adani S.Y. B.Com,"Ahmedabad, India",https://www.adanienterprises.com,2311.75,2238.85,2668245024768,77.16122,29.96,0.00059999997,3743.9,2025.0
2020-08-10 00:00:00+05:30,192.41996219335164,2314.95,2213.75,195.21299743652344,1376164,0.0,0.0,ADANIENT.NS,Adani Enterprises Limited,Thermal Coal,Energy,Mr. Gautambhai Shantilal Adani S.Y. B.Com,"Ahmedabad, India",https://www.adanienterprises.com,2311.75,2238.85,2668245024768,77.16122,29.96,0.00059999997,3743.9,2025.0
2020-08-11 00:00:00+05:30,195.5122610229068,2314.95,2213.75,195.36264038085938,1376164,0.0,0.0,ADANIENT.NS,Adani Enterprises Limited,Thermal Coal,Energy,Mr. Gautambhai Shantilal Adani S.Y. B.Com,"Ahmedabad, India",https://www.adanienterprises.com,2311.75,2238.85,2668245024768,77.16122,29.96,0.00059999997,3743.9,2025.0
2020-08-12 00:00:00+05:30,195.31275728496084,2314.95,2213.75,197.20802307128906,1376164,0.0,0.0,ADANIENT.NS,Adani Enterprises Limited,Thermal Coal,Energy,Mr. Gautambhai Shantilal Adani S.Y. B.Com,"Ahmedabad, India",https://www.adanienterprises.com,2311.75,2238.85,2668245024768,77.16122,29.96,0.00059999997,3743.9,2025.0
2020-08-13 00:00:00+05:30,198.40502494155137,2314.95,2213.75,200.25042724609375,1376164,0.0,0.0,ADANIENT.NS,Adani Enterprises Limited,Thermal Coal,Energy,Mr. Gautambhai Shantilal Adani S.Y. B.Com,"Ahmedabad, India",https://www.adanienterprises.com,2311.75,2238.85,2668245024768,77.16122,29.96,0.00059999997,3743.9,2025.0
2020-08-14 00:00:00+05:30,201.89632999016231,2314.95,2213.75,195.71176147460938,1376164,0.0,0.0,ADANIENT.NS,Adani Enterprises Limited,Thermal Coal,Energy,Mr. Gautambhai Shantilal Adani S.Y. B.Com,"Ahmedabad, India",https://www.adanienterprises.com,2311.75,2238.85,2668245024768,77.16122,29.96,0.00059999997,3743.9,2025.0
2020-08-17 00:00:00+05:30,196.9087712869466,2314.95,2213.75,197.3077850341797,1376164,0.0,0.0,ADANIENT.NS,Adani Enterprises Limited,Thermal Coal,Energy,Mr. Gautambhai Shantilal Adani S.Y. B.Com,"Ahmedabad, India",https://www.adanienterprises.com,2311.75,2238.85,2668245024768,77.16122,29.96,0.00059999997,3743.9,2025.0
2020-08-18 00:00:00+05:30,199.50229356668166,2314.95,2213.75,213.16819763183594,1376164,0.0,0.0,ADANIENT.NS,Adani Enterprises Limited,Thermal Coal,Energy,Mr. Gautambhai Shantilal Adani S.Y. B.Com,"Ahmedabad, India",https://www.adanienterprises.com,2311.75,2238.85,2668245024768,77.16122,29.96,0.00059999997,3743.9,2025.0
2020-08-19 00:00:00+05:30,213.71685705702902,2314.95,2213.75,238.9539031982422,1376164,0.0,0.0,ADANIENT.NS,Adani Enterprises Limited,Thermal Coal,Energy,Mr. Gautambhai Shantilal Adani S.Y. B.Com,"Ahmedabad, India",https://www.adanienterprises.com,2311.75,2238.85,2668245024768,77.16122,29.96,0.00059999997,3743.9,2025.0
2020-08-20 00:00:00+05:30,240.5997582144755,2314.95,2213.75,233.4176788330078,1376164,0.0,0.0,ADANIENT.NS,Adani Enterprises Limited,Thermal Coal,Energy,Mr. Gautambhai Shantilal Adani S.Y. B.Com,"Ahmedabad, India",https://www.adanienterprises.com,2311.75,2238.85,2668245024768,77.16122,29.96,0.00059999997,3743.9,2025.0
2020-08-21 00:00:00+05:30,236.50998580038294,2314.95,2213.75,232.76931762695312,1376164,0.0,0.0,ADANIENT.NS,Adani Enterprises Limited,Thermal Coal,Energy,Mr. Gautambhai Shantilal Adani S.Y. B.Com,"Ahmedabad, India",https://www.adanienterprises.com,2311.75,2238.85,2668245024768,77.16122,29.96,0.00059999997,3743.9,2025.0
2020-08-24 00:00:00+05:30,235.4127077920998,2314.95,2213.75,248.0811004638672,1376164,0.0,0.0,ADANIENT.NS,Adani Enterprises Limited,Thermal Coal,Energy,Mr. Gautambhai Shantilal Adani S.Y. B.Com,"Ahmedabad, India",https://www.adanienterprises.com,2311.75,2238.85,2668245024768,77.16122,29.96,0.00059999997,3743.9,2025.0
2020-08-25 00:00:00+05:30,251.37286300042928,2314.95,2213.75,306.78460693359375,1376164,0.0,0.0,ADANIENT.NS,Adani Enterprises Limited,Thermal Coal,Energy,Mr. Gautambhai Shantilal Adani S.Y. B.Com,"Ahmedabad, India",https://www.adanienterprises.com,2311.75,2238.85,2668245024768,77.16122,29.96,0.00059999997,3743.9,2025.0
2020-08-26 00:00:00+05:30,298.25595929079947,2314.95,2213.75,284.83941650390625,1376164,0.0,0.0,ADANIENT.NS,Adani Enterprises Limited,Thermal Coal,Energy,Mr. Gautambhai Shantilal Adani S.Y. B.Com,"Ahmedabad, India",https://www.adanienterprises.com,2311.75,2238.85,2668245024768,77.16122,29.96,0.00059999997,3743.9,2025.0
2020-08-27 00:00:00+05:30,284.1910028928035,2314.95,2213.75,285.9865417480469,1376164,0.0,0.0,ADANIENT.NS,Adani Enterprises Limited,Thermal Coal,Energy,Mr. Gautambhai Shantilal Adani S.Y. B.Com,"Ahmedabad, India",https://www.adanienterprises.com,2311.75,2238.85,2668245024768,77.16122,29.96,0.00059999997,3743.9,2025.0
2020-08-28 00:00:00+05:30,288.2808485337164,2314.95,2213.75,287.53271484375,1376164,0.0,0.0,ADANIENT.NS,Adani Enterprises Limited,Thermal Coal,Energy,Mr. Gautambhai Shantilal Adani S.Y. B.Com,"Ahmedabad, India",https://www.adanienterprises.com,2311.75,2238.85,2668245024768,77.16122,29.96,0.00059999997,3743.9,2025.0
2020-08-31 00:00:00+05:30,289.27837905639274,2314.95,2213.75,278.8543701171875,1376164,0.0,0.0,ADANIENT.NS,Adani Enterprises Limited,Thermal Coal,Energy,Mr. Gautambhai Shantilal Adani S.Y. B.Com,"Ahmedabad, India",https://www.adanienterprises.com,2311.75,2238.85,2668245024768,77.16122,29.96,0.00059999997,3743.9,2025.0
2020-09-01 00:00:00+05:30,279.2533500679011,2314.95,2213.75,280.4004821777344,1376164,0.0,0.0,ADANIENT.NS,Adani Enterprises Limited,Thermal Coal,Energy,Mr. Gautambhai Shantilal Adani S.Y. B.Com,"Ahmedabad, India",https://www.adanienterprises.com,2311.75,2238.85,2668245024768,77.16122,29.96,0.00059999997,3743.9,2025.0
2020-09-02 00:00:00+05:30,282.29576111290805,2314.95,2213.75,292.32073974609375,1376164,0.0,0.0,ADANIENT.NS,Adani Enterprises Limited,Thermal Coal,Energy,Mr. Gautambhai Shantilal Adani S.Y. B.Com,"Ahmedabad, India",https://www.adanienterprises.com,2311.75,2238.85,2668245024768,77.16122,29.96,0.00059999997,3743.9,2025.0
2020-09-03 00:00:00+05:30,294.0164975669763,2314.95,2213.75,290.52520751953125,1376164,0.0,0.0,ADANIENT.NS,Adani Enterprises Limited,Thermal Coal,Energy,Mr. Gautambhai Shantilal Adani S.Y. B.Com,"Ahmedabad, India",https://www.adanienterprises.com,2311.75,2238.85,2668245024768,77.16122,29.96,0.00059999997,3743.9,2025.0
2020-09-04 00:00:00+05:30,283.29326702908185,2314.95,2213.75,284.4403991699219,1376164,0.0,0.0,ADANIENT.NS,Adani Enterprises Limited,Thermal Coal,Energy,Mr. Gautambhai Shantilal Adani S.Y. B.Com,"Ahmedabad, India",https://www.adanienterprises.com,2311.75,2238.85,2668245024768,77.16122,29.96,0.00059999997,3743.9,2025.0
2020-09-07 00:00:00+05:30,284.4404343993458,2314.95,2213.75,284.5401916503906,1376164,0.0,0.0,ADANIENT.NS,Adani Enterprises Limited,Thermal Coal,Energy,Mr. Gautambhai Shantilal Adani S.Y. B.Com,"Ahmedabad, India",https://www.adanienterprises.com,2311.75,2238.85,2668245024768,77.16122,29.96,0.00059999997,3743.9,2025.0
2020-09-08 00:00:00+05:30,285.28827450302066,2314.95,2213.75,277.0089416503906,1376164,0.0,0.0,ADANIENT.NS,Adani Enterprises Limited,Thermal Coal,Energy,Mr. Gautambhai Shantilal Adani S.Y. B.Com,"Ahmedabad, India",https://www.adanienterprises.com,2311.75,2238.85,2668245024768,77.16122,29.96,0.00059999997,3743.9,2025.0
2020-09-09 00:00:00+05:30,276.21098178205256,2314.95,2213.75,282.3456726074219,1376164,0.0,0.0,ADANIENT.NS,Adani Enterprises Limited,Thermal Coal,Energy,Mr. Gautambhai Shantilal Adani S.Y. B.Com,"Ahmedabad, India",https://www.adanienterprises.com,2311.75,2238.85,2668245024768,77.16122,29.96,0.00059999997,3743.9,2025.0
2020-09-10 00:00:00+05:30,286.9341864807701,2314.95,2213.75,297.55767822265625,1376164,0.0,0.0,ADANIENT.NS,Adani Enterprises Limited,Thermal Coal,Energy,Mr. Gautambhai Shantilal Adani S.Y. B.Com,"Ahmedabad, India",https://www.adanienterprises.com,2311.75,2238.85,2668245024768,77.16122,29.96,0.00059999997,3743.9,2025.0
2020-09-11 00:00:00+05:30,298.2559624749261,2314.95,2213.75,295.263427734375,1376164,0.0,0.0,ADANIENT.NS,Adani Enterprises Limited,Thermal Coal,Energy,Mr. Gautambhai Shantilal Adani S.Y. B.Com,"Ahmedabad, India",https://www.adanienterprises.com,2311.75,2238.85,2668245024768,77.16122,29.96,0.00059999997,3743.9,2025.0
2020-09-14 00:00:00+05:30,301.04897043712225,2314.95,2213.75,292.4205017089844,1376164,0.0,0.0,ADANIENT.NS,Adani Enterprises Limited,Thermal Coal,Energy,Mr. Gautambhai Shantilal Adani S.Y. B.Com,"Ahmedabad, India",https://www.adanienterprises.com,2311.75,2238.85,2668245024768,77.16122,29.96,0.00059999997,3743.9,2025.0
2020-09-15 00:00:00+05:30,294.16617518789184,2314.95,2213.75,287.83197021484375,1376164,0.0,0.0,ADANIENT.NS,Adani Enterprises Limited,Thermal Coal,Energy,Mr. Gautambhai Shantilal Adani S.Y. B.Com,"Ahmedabad, India",https://www.adanienterprises.com,2311.75,2238.85,2668245024768,77.16122,29.96,0.00059999997,3743.9,2025.0
2020-09-16 00:00:00+05:30,291.9716425291845,2314.95,2213.75,296.3606872558594,1376164,0.0,0.0,ADANIENT.NS,Adani Enterprises Limited,Thermal Coal,Energy,Mr. Gautambhai Shantilal Adani S.Y. B.Com,"Ahmedabad, India",https://www.adanienterprises.com,2311.75,2238.85,2668245024768,77.16122,29.96,0.00059999997,3743.9,2025.0
2020-09-17 00:00:00+05:30,294.2658995328535,2314.95,2213.75,292.9691467285156,1376164,0.0,0.0,ADANIENT.NS,Adani Enterprises Limited,Thermal Coal,Energy,Mr. Gautambhai Shantilal Adani S.Y. B.Com,"Ahmedabad, India",https://www.adanienterprises.com,2311.75,2238.85,2668245024768,77.16122,29.96,0.00059999997,3743.9,2025.0
2020-09-18 00:00:00+05:30,296.85942567338003,2314.95,2213.75,290.824462890625,1376164,0.0,0.0,ADANIENT.NS,Adani Enterprises Limited,Thermal Coal,Energy,Mr. Gautambhai Shantilal Adani S.Y. B.Com,"Ahmedabad, India",https://www.adanienterprises.com,2311.75,2238.85,2668245024768,77.16122,29.96,0.00059999997,3743.9,2025.0
2020-09-21 00:00:00+05:30,292.27088925974004,2314.95,2213.75,276.41046142578125,1376164,0.0,0.0,ADANIENT.NS,Adani Enterprises Limited,Thermal Coal,Energy,Mr. Gautambhai Shantilal Adani S.Y. B.Com,"Ahmedabad, India",https://www.adanienterprises.com,2311.75,2238.85,2668245024768,77.16122,29.96,0.00059999997,3743.9,2025.0
2020-09-22 00:00:00+05:30,277.5575961888725,2314.95,2213.75,279.7022399902344,1376164,0.0,0.0,ADANIENT.NS,Adani Enterprises Limited,Thermal Coal,Energy,Mr. Gautambhai Shantilal Adani S.Y. B.Com,"Ahmedabad, India",https://www.adanienterprises.com,2311.75,2238.85,2668245024768,77.16122,29.96,0.00059999997,3743.9,2025.0
2020-09-23 00:00:00+05:30,283.2433892861119,2314.95,2213.75,282.8443603515625,1376164,0.0,0.0,ADANIENT.NS,Adani Enterprises Limited,Thermal Coal,Energy,Mr. Gautambhai Shantilal Adani S.Y. B.Com,"Ahmedabad, India",https://www.adanienterprises.com,2311.75,2238.85,2668245024768,77.16122,29.96,0.00059999997,3743.9,2025.0
2020-09-24 00:00:00+05:30,277.2583132396285,2314.95,2213.75,269.7769775390625,1376164,0.0,0.0,ADANIENT.NS,Adani Enterprises Limited,Thermal Coal,Energy,Mr. Gautambhai Shantilal Adani S.Y. B.Com,"Ahmedabad, India",https://www.adanienterprises.com,2311.75,2238.85,2668245024768,77.16122,29.96,0.00059999997,3743.9,2025.0
2020-09-25 00:00:00+05:30,275.21343325267577,2314.95,2213.75,279.60247802734375,1376164,0.0,0.0,ADANIENT.NS,Adani Enterprises Limited,Thermal Coal,Energy,Mr. Gautambhai Shantilal Adani S.Y. B.Com,"Ahmedabad, India",https://www.adanienterprises.com,2311.75,2238.85,2668245024768,77.16122,29.96,0.00059999997,3743.9,2025.0
2020-09-28 00:00:00+05:30,282.3955209643301,2314.95,2213.75,294.96417236328125,1376164,0.0,0.0,ADANIENT.NS,Adani Enterprises Limited,Thermal Coal,Energy,Mr. Gautambhai Shantilal Adani S.Y. B.Com,"Ahmedabad, India",https://www.adanienterprises.com,2311.75,2238.85,2668245024768,77.16122,29.96,0.00059999997,3743.9,2025.0
2020-09-29 00:00:00+05:30,299.1537145515644,2314.95,2213.75,297.15869140625,1376164,0.0,0.0,ADANIENT.NS,Adani Enterprises Limited,Thermal Coal,Energy,Mr. Gautambhai Shantilal Adani S.Y. B.Com,"Ahmedabad, India",https://www.adanienterprises.com,2311.75,2238.85,2668245024768,77.16122,29.96,0.00059999997,3743.9,2025.0
2020-09-30 00:00:00+05:30,299.25346465923803,2314.95,2213.75,296.3606872558594,1376164,0.0,0.0,ADANIENT.NS,Adani Enterprises Limited,Thermal Coal,Energy,Mr. Gautambhai Shantilal Adani S.Y. B.Com,"Ahmedabad, India",https://www.adanienterprises.com,2311.75,2238.85,2668245024768,77.16122,29.96,0.00059999997,3743.9,2025.0
2020-10-01 00:00:00+05:30,299.0539511620427,2314.95,2213.75,307.3831787109375,1376164,0.0,0.0,ADANIENT.NS,Adani Enterprises Limited,Thermal Coal,Energy,Mr. Gautambhai Shantilal Adani S.Y. B.Com,"Ahmedabad, India",https://www.adanienterprises.com,2311.75,2238.85,2668245024768,77.16122,29.96,0.00059999997,3743.9,2025.0
2020-10-05 00:00:00+05:30,310.72486133236976,2314.95,2213.75,325.78729248046875,1376164,0.0,0.0,ADANIENT.NS,Adani Enterprises Limited,Thermal Coal,Energy,Mr. Gautambhai Shantilal Adani S.Y. B.Com,"Ahmedabad, India",https://www.adanienterprises.com,2311.75,2238.85,2668245024768,77.16122,29.96,0.00059999997,3743.9,2025.0
2020-10-06 00:00:00+05:30,328.58030803517806,2314.95,2213.75,326.3359069824219,1376164,0.0,0.0,ADANIENT.NS,Adani Enterprises Limited,Thermal Coal,Energy,Mr. Gautambhai Shantilal Adani S.Y. B.Com,"Ahmedabad, India",https://www.adanienterprises.com,2311.75,2238.85,2668245024768,77.16122,29.96,0.00059999997,3743.9,2025.0
2020-10-07 00:00:00+05:30,324.34087016830404,2314.95,2213.75,329.278564453125,1376164,0.0,0.0,ADANIENT.NS,Adani Enterprises Limited,Thermal Coal,Energy,Mr. Gautambhai Shantilal Adani S.Y. B.Com,"Ahmedabad, India",https://www.adanienterprises.com,2311.75,2238.85,2668245024768,77.16122,29.96,0.00059999997,3743.9,2025.0
2020-10-08 00:00:00+05:30,328.1812526054533,2314.95,2213.75,315.4629821777344,1376164,0.0,0.0,ADANIENT.NS,Adani Enterprises Limited,Thermal Coal,Energy,Mr. Gautambhai Shantilal Adani S.Y. B.Com,"Ahmedabad, India",https://www.adanienterprises.com,2311.75,2238.85,2668245024768,77.16122,29.96,0.00059999997,3743.9,2025.0
2020-10-09 00:00:00+05:30,318.0066543834123,2314.95,2213.75,312.2210998535156,1376164,0.0,0.0,ADANIENT.NS,Adani Enterprises Limited,Thermal Coal,Energy,Mr. Gautambhai Shantilal Adani S.Y. B.Com,"Ahmedabad, India",https://www.adanienterprises.com,2311.75,2238.85,2668245024768,77.16122,29.96,0.00059999997,3743.9,2025.0
2020-10-12 00:00:00+05:30,314.2161114809478,2314.95,2213.75,314.56524658203125,1376164,0.0,0.0,ADANIENT.NS,Adani Enterprises Limited,Thermal Coal,Energy,Mr. Gautambhai Shantilal Adani S.Y. B.Com,"Ahmedabad, India",https://www.adanienterprises.com,2311.75,2238.85,2668245024768,77.16122,29.96,0.00059999997,3743.9,2025.0
2020-10-13 00:00:00+05:30,314.7148881246286,2314.95,2213.75,312.4206237792969,1376164,0.0,0.0,ADANIENT.NS,Adani Enterprises Limited,Thermal Coal,Energy,Mr. Gautambhai Shantilal Adani S.Y. B.Com,"Ahmedabad, India",https://www.adanienterprises.com,2311.75,2238.85,2668245024768,77.16122,29.96,0.00059999997,3743.9,2025.0
2020-10-14 00:00:00+05:30,312.17125524994833,2314.95,2213.75,312.6201171875,1376164,0.0,0.0,ADANIENT.NS,Adani Enterprises Limited,Thermal Coal,Energy,Mr. Gautambhai Shantilal Adani S.Y. B.Com,"Ahmedabad, India",https://www.adanienterprises.com,2311.75,2238.85,2668245024768,77.16122,29.96,0.00059999997,3743.9,2025.0
2020-10-15 00:00:00+05:30,314.2161509037069,2314.95,2213.75,306.3358154296875,1376164,0.0,0.0,ADANIENT.NS,Adani Enterprises Limited,Thermal Coal,Energy,Mr. Gautambhai Shantilal Adani S.Y. B.Com,"Ahmedabad, India",https://www.adanienterprises.com,2311.75,2238.85,2668245024768,77.16122,29.96,0.00059999997,3743.9,2025.0
2020-10-16 00:00:00+05:30,308.4804237688792,2314.95,2213.75,306.23602294921875,1376164,0.0,0.0,ADANIENT.NS,Adani Enterprises Limited,Thermal Coal,Energy,Mr. Gautambhai Shantilal Adani S.Y. B.Com,"Ahmedabad, India",https://www.adanienterprises.com,2311.75,2238.85,2668245024768,77.16122,29.96,0.00059999997,3743.9,2025.0
2020-10-19 00:00:00+05:30,309.1288408258008,2314.95,2213.75,316.16131591796875,1376164,0.0,0.0,ADANIENT.NS,Adani Enterprises Limited,Thermal Coal,Energy,Mr. Gautambhai Shantilal Adani S.Y. B.Com,"Ahmedabad, India",https://www.adanienterprises.com,2311.75,2238.85,2668245024768,77.16122,29.96,0.00059999997,3743.9,2025.0
2020-10-20 00:00:00+05:30,314.51535615933426,2314.95,2213.75,321.09893798828125,1376164,0.0,0.0,ADANIENT.NS,Adani Enterprises Limited,Thermal Coal,Energy,Mr. Gautambhai Shantilal Adani S.Y. B.Com,"Ahmedabad, India",https://www.adanienterprises.com,2311.75,2238.85,2668245024768,77.16122,29.96,0.00059999997,3743.9,2025.0
2020-10-21 00:00:00+05:30,321.1987492487981,2314.95,2213.75,311.2236328125,1376164,0.0,0.0,ADANIENT.NS,Adani Enterprises Limited,Thermal Coal,Energy,Mr. Gautambhai Shantilal Adani S.Y. B.Com,"Ahmedabad, India",https://www.adanienterprises.com,2311.75,2238.85,2668245024768,77.16122,29.96,0.00059999997,3743.9,2025.0
2020-10-22 00:00:00+05:30,310.22609773149077,2314.95,2213.75,310.724853515625,1376164,0.0,0.0,ADANIENT.NS,Adani Enterprises Limited,Thermal Coal,Energy,Mr. Gautambhai Shantilal Adani S.Y. B.Com,"Ahmedabad, India",https://www.adanienterprises.com,2311.75,2238.85,2668245024768,77.16122,29.96,0.00059999997,3743.9,2025.0
2020-10-23 00:00:00+05:30,313.2186047222576,2314.95,2213.75,314.6650085449219,1376164,0.0,0.0,ADANIENT.NS,Adani Enterprises Limited,Thermal Coal,Energy,Mr. Gautambhai Shantilal Adani S.Y. B.Com,"Ahmedabad, India",https://www.adanienterprises.com,2311.75,2238.85,2668245024768,77.16122,29.96,0.00059999997,3743.9,2025.0
2020-10-26 00:00:00+05:30,317.20866866020384,2314.95,2213.75,306.6350402832031,1376164,0.0,0.0,ADANIENT.NS,Adani Enterprises Limited,Thermal Coal,Energy,Mr. Gautambhai Shantilal Adani S.Y. B.Com,"Ahmedabad, India",https://www.adanienterprises.com,2311.75,2238.85,2668245024768,77.16122,29.96,0.00059999997,3743.9,2025.0
2020-10-27 00:00:00+05:30,307.23353095340593,2314.95,2213.75,313.2684631347656,1376164,0.0,0.0,ADANIENT.NS,Adani Enterprises Limited,Thermal Coal,Energy,Mr. Gautambhai Shantilal Adani S.Y. B.Com,"Ahmedabad, India",https://www.adanienterprises.com,2311.75,2238.85,2668245024768,77.16122,29.96,0.00059999997,3743.9,2025.0
2020-10-28 00:00:00+05:30,313.0190676789033,2314.95,2213.75,318.0565185546875,1376164,0.0,0.0,ADANIENT.NS,Adani Enterprises Limited,Thermal Coal,Energy,Mr. Gautambhai Shantilal Adani S.Y. B.Com,"Ahmedabad, India",https://www.adanienterprises.com,2311.75,2238.85,2668245024768,77.16122,29.96,0.00059999997,3743.9,2025.0
2020-10-29 00:00:00+05:30,314.6151370329928,2314.95,2213.75,328.08154296875,1376164,0.0,0.0,ADANIENT.NS,Adani Enterprises Limited,Thermal Coal,Energy,Mr. Gautambhai Shantilal Adani S.Y. B.Com,"Ahmedabad, India",https://www.adanienterprises.com,2311.75,2238.85,2668245024768,77.16122,29.96,0.00059999997,3743.9,2025.0
2020-10-30 00:00:00+05:30,330.22614655697066,2314.95,2213.75,338.8546447753906,1376164,0.0,0.0,ADANIENT.NS,Adani Enterprises Limited,Thermal Coal,Energy,Mr. Gautambhai Shantilal Adani S.Y. B.Com,"Ahmedabad, India",https://www.adanienterprises.com,2311.75,2238.85,2668245024768,77.16122,29.96,0.00059999997,3743.9,2025.0
2020-11-02 00:00:00+05:30,338.25616711842747,2314.95,2213.75,340.2511901855469,1376164,0.0,0.0,ADANIENT.NS,Adani Enterprises Limited,Thermal Coal,Energy,Mr. Gautambhai Shantilal Adani S.Y. B.Com,"Ahmedabad, India",https://www.adanienterprises.com,2311.75,2238.85,2668245024768,77.16122,29.96,0.00059999997,3743.9,2025.0
2020-11-03 00:00:00+05:30,343.1439889839328,2314.95,2213.75,343.9419860839844,1376164,0.0,0.0,ADANIENT.NS,Adani Enterprises Limited,Thermal Coal,Energy,Mr. Gautambhai Shantilal Adani S.Y. B.Com,"Ahmedabad, India",https://www.adanienterprises.com,2311.75,2238.85,2668245024768,77.16122,29.96,0.00059999997,3743.9,2025.0
2020-11-04 00:00:00+05:30,341.7474746385696,2314.95,2213.75,350.9744567871094,1376164,0.0,0.0,ADANIENT.NS,Adani Enterprises Limited,Thermal Coal,Energy,Mr. Gautambhai Shantilal Adani S.Y. B.Com,"Ahmedabad, India",https://www.adanienterprises.com,2311.75,2238.85,2668245024768,77.16122,29.96,0.00059999997,3743.9,2025.0
2020-11-05 00:00:00+05:30,352.12157026543673,2314.95,2213.75,351.8721923828125,1376164,0.0,0.0,ADANIENT.NS,Adani Enterprises Limited,Thermal Coal,Energy,Mr. Gautambhai Shantilal Adani S.Y. B.Com,"Ahmedabad, India",https://www.adanienterprises.com,2311.75,2238.85,2668245024768,77.16122,29.96,0.00059999997,3743.9,2025.0
2020-11-06 00:00:00+05:30,351.1240586766084,2314.95,2213.75,351.22381591796875,1376164,0.0,0.0,ADANIENT.NS,Adani Enterprises Limited,Thermal Coal,Energy,Mr. Gautambhai Shantilal Adani S.Y. B.Com,"Ahmedabad, India",https://www.adanienterprises.com,2311.75,2238.85,2668245024768,77.16122,29.96,0.00059999997,3743.9,2025.0
2020-11-09 00:00:00+05:30,353.11908003527043,2314.95,2213.75,357.0093688964844,1376164,0.0,0.0,ADANIENT.NS,Adani Enterprises Limited,Thermal Coal,Energy,Mr. Gautambhai Shantilal Adani S.Y. B.Com,"Ahmedabad, India",https://www.adanienterprises.com,2311.75,2238.85,2668245024768,77.16122,29.96,0.00059999997,3743.9,2025.0
2020-11-10 00:00:00+05:30,357.20889761179205,2314.95,2213.75,358.60540771484375,1376164,0.0,0.0,ADANIENT.NS,Adani Enterprises Limited,Thermal Coal,Energy,Mr. Gautambhai Shantilal Adani S.Y. B.Com,"Ahmedabad, India",https://www.adanienterprises.com,2311.75,2238.85,2668245024768,77.16122,29.96,0.00059999997,3743.9,2025.0
2020-11-11 00:00:00+05:30,358.3061641423266,2314.95,2213.75,359.20391845703125,1376164,0.0,0.0,ADANIENT.NS,Adani Enterprises Limited,Thermal Coal,Energy,Mr. Gautambhai Shantilal Adani S.Y. B.Com,"Ahmedabad, India",https://www.adanienterprises.com,2311.75,2238.85,2668245024768,77.16122,29.96,0.00059999997,3743.9,2025.0
2020-11-12 00:00:00+05:30,357.30863458867077,2314.95,2213.75,364.64031982421875,1376164,0.0,0.0,ADANIENT.NS,Adani Enterprises Limited,Thermal Coal,Energy,Mr. Gautambhai Shantilal Adani S.Y. B.Com,"Ahmedabad, India",https://www.adanienterprises.com,2311.75,2238.85,2668245024768,77.16122,29.96,0.00059999997,3743.9,2025.0
2020-11-13 00:00:00+05:30,363.0941803410004,2314.95,2213.75,367.6827392578125,1376164,0.0,0.0,ADANIENT.NS,Adani Enterprises Limited,Thermal Coal,Energy,Mr. Gautambhai Shantilal Adani S.Y. B.Com,"Ahmedabad, India",https://www.adanienterprises.com,2311.75,2238.85,2668245024768,77.16122,29.96,0.00059999997,3743.9,2025.0
2020-11-14 00:00:00+05:30,368.8797071191699,2314.95,2213.75,370.32611083984375,1376164,0.0,0.0,ADANIENT.NS,Adani Enterprises Limited,Thermal Coal,Energy,Mr. Gautambhai Shantilal Adani S.Y. B.Com,"Ahmedabad, India",https://www.adanienterprises.com,2311.75,2238.85,2668245024768,77.16122,29.96,0.00059999997,3743.9,2025.0
2020-11-17 00:00:00+05:30,371.0742627446689,2314.95,2213.75,393.3187561035156,1376164,0.0,0.0,ADANIENT.NS,Adani Enterprises Limited,Thermal Coal,Energy,Mr. Gautambhai Shantilal Adani S.Y. B.Com,"Ahmedabad, India",https://www.adanienterprises.com,2311.75,2238.85,2668245024768,77.16122,29.96,0.00059999997,3743.9,2025.0
2020-11-18 00:00:00+05:30,392.9697218403853,2314.95,2213.75,393.5183410644531,1376164,0.0,0.0,ADANIENT.NS,Adani Enterprises Limited,Thermal Coal,Energy,Mr. Gautambhai Shantilal Adani S.Y. B.Com,"Ahmedabad, India",https://www.adanienterprises.com,2311.75,2238.85,2668245024768,77.16122,29.96,0.00059999997,3743.9,2025.0
2020-11-19 00:00:00+05:30,389.02946269442646,2314.95,2213.75,384.7900390625,1376164,0.0,0.0,ADANIENT.NS,Adani Enterprises Limited,Thermal Coal,Energy,Mr. Gautambhai Shantilal Adani S.Y. B.Com,"Ahmedabad, India",https://www.adanienterprises.com,2311.75,2238.85,2668245024768,77.16122,29.96,0.00059999997,3743.9,2025.0
2020-11-20 00:00:00+05:30,384.14169112867745,2314.95,2213.75,387.3337097167969,1376164,0.0,0.0,ADANIENT.NS,Adani Enterprises Limited,Thermal Coal,Energy,Mr. Gautambhai Shantilal Adani S.Y. B.Com,"Ahmedabad, India",https://www.adanienterprises.com,2311.75,2238.85,2668245024768,77.16122,29.96,0.00059999997,3743.9,2025.0
2020-11-23 00:00:00+05:30,389.1292489867697,2314.95,2213.75,408.0320739746094,1376164,0.0,0.0,ADANIENT.NS,Adani Enterprises Limited,Thermal Coal,Energy,Mr. Gautambhai Shantilal Adani S.Y. B.Com,"Ahmedabad, India",https://www.adanienterprises.com,2311.75,2238.85,2668245024768,77.16122,29.96,0.00059999997,3743.9,2025.0
2020-11-24 00:00:00+05:30,408.8799694046793,2314.95,2213.75,406.18670654296875,1376164,0.0,0.0,ADANIENT.NS,Adani Enterprises Limited,Thermal Coal,Energy,Mr. Gautambhai Shantilal Adani S.Y. B.Com,"Ahmedabad, India",https://www.adanienterprises.com,2311.75,2238.85,2668245024768,77.16122,29.96,0.00059999997,3743.9,2025.0
2020-11-25 00:00:00+05:30,407.93237479366525,2314.95,2213.75,398.2565002441406,1376164,0.0,0.0,ADANIENT.NS,Adani Enterprises Limited,Thermal Coal,Energy,Mr. Gautambhai Shantilal Adani S.Y. B.Com,"Ahmedabad, India",https://www.adanienterprises.com,2311.75,2238.85,2668245024768,77.16122,29.96,0.00059999997,3743.9,2025.0
2020-11-26 00:00:00+05:30,401.797628505998,2314.95,2213.75,400.94976806640625,1376164,0.0,0.0,ADANIENT.NS,Adani Enterprises Limited,Thermal Coal,Energy,Mr. Gautambhai Shantilal Adani S.Y. B.Com,"Ahmedabad, India",https://www.adanienterprises.com,2311.75,2238.85,2668245024768,77.16122,29.96,0.00059999997,3743.9,2025.0
2020-11-27 00:00:00+05:30,400.00210528396093,2314.95,2213.75,397.4085693359375,1376164,0.0,0.0,ADANIENT.NS,Adani Enterprises Limited,Thermal Coal,Energy,Mr. Gautambhai Shantilal Adani S.Y. B.Com,"Ahmedabad, India",https://www.adanienterprises.com,2311.75,2238.85,2668245024768,77.16122,29.96,0.00059999997,3743.9,2025.0
2020-12-01 00:00:00+05:30,397.0095787872521,2314.95,2213.75,420.85009765625,1376164,0.0,0.0,ADANIENT.NS,Adani Enterprises Limited,Thermal Coal,Energy,Mr. Gautambhai Shantilal Adani S.Y. B.Com,"Ahmedabad, India",https://www.adanienterprises.com,2311.75,2238.85,2668245024768,77.16122,29.96,0.00059999997,3743.9,2025.0
2020-12-02 00:00:00+05:30,419.5034551582717,2314.95,2213.75,452.620849609375,1376164,0.0,0.0,ADANIENT.NS,Adani Enterprises Limited,Thermal Coal,Energy,Mr. Gautambhai Shantilal Adani S.Y. B.Com,"Ahmedabad, India",https://www.adanienterprises.com,2311.75,2238.85,2668245024768,77.16122,29.96,0.00059999997,3743.9,2025.0
2020-12-03 00:00:00+05:30,452.62083210537946,2314.95,2213.75,446.4362487792969,1376164,0.0,0.0,ADANIENT.NS,Adani Enterprises Limited,Thermal Coal,Energy,Mr. Gautambhai Shantilal Adani S.Y. B.Com,"Ahmedabad, India",https://www.adanienterprises.com,2311.75,2238.85,2668245024768,77.16122,29.96,0.00059999997,3743.9,2025.0
2020-12-04 00:00:00+05:30,447.8826382050368,2314.95,2213.75,444.8402404785156,1376164,0.0,0.0,ADANIENT.NS,Adani Enterprises Limited,Thermal Coal,Energy,Mr. Gautambhai Shantilal Adani S.Y. B.Com,"Ahmedabad, India",https://www.adanienterprises.com,2311.75,2238.85,2668245024768,77.16122,29.96,0.00059999997,3743.9,2025.0
2020-12-07 00:00:00+05:30,444.89013124659925,2314.95,2213.75,456.411376953125,1376164,0.0,0.0,ADANIENT.NS,Adani Enterprises Limited,Thermal Coal,Energy,Mr. Gautambhai Shantilal Adani S.Y. B.Com,"Ahmedabad, India",https://www.adanienterprises.com,2311.75,2238.85,2668245024768,77.16122,29.96,0.00059999997,3743.9,2025.0
2020-12-08 00:00:00+05:30,456.41138568309026,2314.95,2213.75,450.77545166015625,1376164,0.0,0.0,ADANIENT.NS,Adani Enterprises Limited,Thermal Coal,Energy,Mr. Gautambhai Shantilal Adani S.Y. B.Com,"Ahmedabad, India",https://www.adanienterprises.com,2311.75,2238.85,2668245024768,77.16122,29.96,0.00059999997,3743.9,2025.0
2020-12-09 00:00:00+05:30,452.870252999621,2314.95,2213.75,447.9824523925781,1376164,0.0,0.0,ADANIENT.NS,Adani Enterprises Limited,Thermal Coal,Energy,Mr. Gautambhai Shantilal Adani S.Y. B.Com,"Ahmedabad, India",https://www.adanienterprises.com,2311.75,2238.85,2668245024768,77.16122,29.96,0.00059999997,3743.9,2025.0
2020-12-10 00:00:00+05:30,446.88512699133594,2314.95,2213.75,446.1369934082031,1376164,0.0,0.0,ADANIENT.NS,Adani Enterprises Limited,Thermal Coal,Energy,Mr. Gautambhai Shantilal Adani S.Y. B.Com,"Ahmedabad, India",https://www.adanienterprises.com,2311.75,2238.85,2668245024768,77.16122,29.96,0.00059999997,3743.9,2025.0
2020-12-11 00:00:00+05:30,446.13702189409,2314.95,2213.75,448.6806640625,1376164,0.0,0.0,ADANIENT.NS,Adani Enterprises Limited,Thermal Coal,Energy,Mr. Gautambhai Shantilal Adani S.Y. B.Com,"Ahmedabad, India",https://www.adanienterprises.com,2311.75,2238.85,2668245024768,77.16122,29.96,0.00059999997,3743.9,2025.0
2020-12-14 00:00:00+05:30,449.87769776165317,2314.95,2213.75,454.0173645019531,1376164,0.0,0.0,ADANIENT.NS,Adani Enterprises Limited,Thermal Coal,Energy,Mr. Gautambhai Shantilal Adani S.Y. B.Com,"Ahmedabad, India",https://www.adanienterprises.com,2311.75,2238.85,2668245024768,77.16122,29.96,0.00059999997,3743.9,2025.0
2020-12-15 00:00:00+05:30,454.3665074587744,2314.95,2213.75,461.2992248535156,1376164,0.0,0.0,ADANIENT.NS,Adani Enterprises Limited,Thermal Coal,Energy,Mr. Gautambhai Shantilal Adani S.Y. B.Com,"Ahmedabad, India",https://www.adanienterprises.com,2311.75,2238.85,2668245024768,77.16122,29.96,0.00059999997,3743.9,2025.0
2020-12-16 00:00:00+05:30,461.3490953357942,2314.95,2213.75,462.09722900390625,1376164,0.0,0.0,ADANIENT.NS,Adani Enterprises Limited,Thermal Coal,Energy,Mr. Gautambhai Shantilal Adani S.Y. B.Com,"Ahmedabad, India",https://www.adanienterprises.com,2311.75,2238.85,2668245024768,77.16122,29.96,0.00059999997,3743.9,2025.0
2020-12-17 00:00:00+05:30,462.246846906774,2314.95,2213.75,458.15704345703125,1376164,0.0,0.0,ADANIENT.NS,Adani Enterprises Limited,Thermal Coal,Energy,Mr. Gautambhai Shantilal Adani S.Y. B.Com,"Ahmedabad, India",https://www.adanienterprises.com,2311.75,2238.85,2668245024768,77.16122,29.96,0.00059999997,3743.9,2025.0
2020-12-18 00:00:00+05:30,459.85281301135717,2314.95,2213.75,454.0173645019531,1376164,0.0,0.0,ADANIENT.NS,Adani Enterprises Limited,Thermal Coal,Energy,Mr. Gautambhai Shantilal Adani S.Y. B.Com,"Ahmedabad, India",https://www.adanienterprises.com,2311.75,2238.85,2668245024768,77.16122,29.96,0.00059999997,3743.9,2025.0
2020-12-21 00:00:00+05:30,452.8702316107777,2314.95,2213.75,428.1319580078125,1376164,0.0,0.0,ADANIENT.NS,Adani Enterprises Limited,Thermal Coal,Energy,Mr. Gautambhai Shantilal Adani S.Y. B.Com,"Ahmedabad, India",https://www.adanienterprises.com,2311.75,2238.85,2668245024768,77.16122,29.96,0.00059999997,3743.9,2025.0
2020-12-22 00:00:00+05:30,427.13443660433967,2314.95,2213.75,457.65826416015625,1376164,0.0,0.0,ADANIENT.NS,Adani Enterprises Limited,Thermal Coal,Energy,Mr. Gautambhai Shantilal Adani S.Y. B.Com,"Ahmedabad, India",https://www.adanienterprises.com,2311.75,2238.85,2668245024768,77.16122,29.96,0.00059999997,3743.9,2025.0
2020-12-23 00:00:00+05:30,456.86024930807184,2314.95,2213.75,462.4463195800781,1376164,0.0,0.0,ADANIENT.NS,Adani Enterprises Limited,Thermal Coal,Energy,Mr. Gautambhai Shantilal Adani S.Y. B.Com,"Ahmedabad, India",https://www.adanienterprises.com,2311.75,2238.85,2668245024768,77.16122,29.96,0.00059999997,3743.9,2025.0
2020-12-24 00:00:00+05:30,463.84287509415736,2314.95,2213.75,472.4713439941406,1376164,0.0,0.0,ADANIENT.NS,Adani Enterprises Limited,Thermal Coal,Energy,Mr. Gautambhai Shantilal Adani S.Y. B.Com,"Ahmedabad, India",https://www.adanienterprises.com,2311.75,2238.85,2668245024768,77.16122,29.96,0.00059999997,3743.9,2025.0
2020-12-28 00:00:00+05:30,471.8229531602277,2314.95,2213.75,489.6285400390625,1376164,0.0,0.0,ADANIENT.NS,Adani Enterprises Limited,Thermal Coal,Energy,Mr. Gautambhai Shantilal Adani S.Y. B.Com,"Ahmedabad, India",https://www.adanienterprises.com,2311.75,2238.85,2668245024768,77.16122,29.96,0.00059999997,3743.9,2025.0
2020-12-29 00:00:00+05:30,490.77565550720624,2314.95,2213.75,487.9826354980469,1376164,0.0,0.0,ADANIENT.NS,Adani Enterprises Limited,Thermal Coal,Energy,Mr. Gautambhai Shantilal Adani S.Y. B.Com,"Ahmedabad, India",https://www.adanienterprises.com,2311.75,2238.85,2668245024768,77.16122,29.96,0.00059999997,3743.9,2025.0
2020-12-30 00:00:00+05:30,487.98261097333483,2314.95,2213.75,482.9451599121094,1376164,0.0,0.0,ADANIENT.NS,Adani Enterprises Limited,Thermal Coal,Energy,Mr. Gautambhai Shantilal Adani S.Y. B.Com,"Ahmedabad, India",https://www.adanienterprises.com,2311.75,2238.85,2668245024768,77.16122,29.96,0.00059999997,3743.9,2025.0
2020-12-31 00:00:00+05:30,479.8030322719499,2314.95,2213.75,478.35662841796875,1376164,0.0,0.0,ADANIENT.NS,Adani Enterprises Limited,Thermal Coal,Energy,Mr. Gautambhai Shantilal Adani S.Y. B.Com,"Ahmedabad, India",https://www.adanienterprises.com,2311.75,2238.85,2668245024768,77.16122,29.96,0.00059999997,3743.9,2025.0
2021-01-01 00:00:00+05:30,475.81298332055735,2314.95,2213.75,489.9277648925781,1376164,0.0,0.0,ADANIENT.NS,Adani Enterprises Limited,Thermal Coal,Energy,Mr. Gautambhai Shantilal Adani S.Y. B.Com,"Ahmedabad, India",https://www.adanienterprises.com,2311.75,2238.85,2668245024768,77.16122,29.96,0.00059999997,3743.9,2025.0
2021-01-04 00:00:00+05:30,490.7756002057792,2314.95,2213.75,493.2693786621094,1376164,0.0,0.0,ADANIENT.NS,Adani Enterprises Limited,Thermal Coal,Energy,Mr. Gautambhai Shantilal Adani S.Y. B.Com,"Ahmedabad, India",https://www.adanienterprises.com,2311.75,2238.85,2668245024768,77.16122,29.96,0.00059999997,3743.9,2025.0
2021-01-05 00:00:00+05:30,490.7756866007646,2314.95,2213.75,493.1697082519531,1376164,0.0,0.0,ADANIENT.NS,Adani Enterprises Limited,Thermal Coal,Energy,Mr. Gautambhai Shantilal Adani S.Y. B.Com,"Ahmedabad, India",https://www.adanienterprises.com,2311.75,2238.85,2668245024768,77.16122,29.96,0.00059999997,3743.9,2025.0
2021-01-06 00:00:00+05:30,494.7656898368382,2314.95,2213.75,489.6783752441406,1376164,0.0,0.0,ADANIENT.NS,Adani Enterprises Limited,Thermal Coal,Energy,Mr. Gautambhai Shantilal Adani S.Y. B.Com,"Ahmedabad, India",https://www.adanienterprises.com,2311.75,2238.85,2668245024768,77.16122,29.96,0.00059999997,3743.9,2025.0
2021-01-07 00:00:00+05:30,492.67096778824737,2314.95,2213.75,516.8107299804688,1376164,0.0,0.0,ADANIENT.NS,Adani Enterprises Limited,Thermal Coal,Energy,Mr. Gautambhai Shantilal Adani S.Y. B.Com,"Ahmedabad, India",https://www.adanienterprises.com,2311.75,2238.85,2668245024768,77.16122,29.96,0.00059999997,3743.9,2025.0
2021-01-08 00:00:00+05:30,521.6984331874773,2314.95,2213.75,516.7108764648438,1376164,0.0,0.0,ADANIENT.NS,Adani Enterprises Limited,Thermal Coal,Energy,Mr. Gautambhai Shantilal Adani S.Y. B.Com,"Ahmedabad, India",https://www.adanienterprises.com,2311.75,2238.85,2668245024768,77.16122,29.96,0.00059999997,3743.9,2025.0
2021-01-11 00:00:00+05:30,519.3044973622254,2314.95,2213.75,517.858154296875,1376164,0.0,0.0,ADANIENT.NS,Adani Enterprises Limited,Thermal Coal,Energy,Mr. Gautambhai Shantilal Adani S.Y. B.Com,"Ahmedabad, India",https://www.adanienterprises.com,2311.75,2238.85,2668245024768,77.16122,29.96,0.00059999997,3743.9,2025.0
2021-01-12 00:00:00+05:30,517.7084920878507,2314.95,2213.75,524.0925903320312,1376164,0.0,0.0,ADANIENT.NS,Adani Enterprises Limited,Thermal Coal,Energy,Mr. Gautambhai Shantilal Adani S.Y. B.Com,"Ahmedabad, India",https://www.adanienterprises.com,2311.75,2238.85,2668245024768,77.16122,29.96,0.00059999997,3743.9,2025.0
2021-01-13 00:00:00+05:30,527.7833468710472,2314.95,2213.75,534.716064453125,1376164,0.0,0.0,ADANIENT.NS,Adani Enterprises Limited,Thermal Coal,Energy,Mr. Gautambhai Shantilal Adani S.Y. B.Com,"Ahmedabad, India",https://www.adanienterprises.com,2311.75,2238.85,2668245024768,77.16122,29.96,0.00059999997,3743.9,2025.0
2021-01-14 00:00:00+05:30,533.6187620318369,2314.95,2213.75,530.7758178710938,1376164,0.0,0.0,ADANIENT.NS,Adani Enterprises Limited,Thermal Coal,Energy,Mr. Gautambhai Shantilal Adani S.Y. B.Com,"Ahmedabad, India",https://www.adanienterprises.com,2311.75,2238.85,2668245024768,77.16122,29.96,0.00059999997,3743.9,2025.0
2021-01-15 00:00:00+05:30,533.3694022984961,2314.95,2213.75,525.98779296875,1376164,0.0,0.0,ADANIENT.NS,Adani Enterprises Limited,Thermal Coal,Energy,Mr. Gautambhai Shantilal Adani S.Y. B.Com,"Ahmedabad, India",https://www.adanienterprises.com,2311.75,2238.85,2668245024768,77.16122,29.96,0.00059999997,3743.9,2025.0
2021-01-18 00:00:00+05:30,526.6860624296438,2314.95,2213.75,506.5862121582031,1376164,0.0,0.0,ADANIENT.NS,Adani Enterprises Limited,Thermal Coal,Energy,Mr. Gautambhai Shantilal Adani S.Y. B.Com,"Ahmedabad, India",https://www.adanienterprises.com,2311.75,2238.85,2668245024768,77.16122,29.96,0.00059999997,3743.9,2025.0
2021-01-19 00:00:00+05:30,511.0251301984184,2314.95,2213.75,528.7808227539062,1376164,0.0,0.0,ADANIENT.NS,Adani Enterprises Limited,Thermal Coal,Energy,Mr. Gautambhai Shantilal Adani S.Y. B.Com,"Ahmedabad, India",https://www.adanienterprises.com,2311.75,2238.85,2668245024768,77.16122,29.96,0.00059999997,3743.9,2025.0
2021-01-20 00:00:00+05:30,530.8258203778928,2314.95,2213.75,545.3894653320312,1376164,0.0,0.0,ADANIENT.NS,Adani Enterprises Limited,Thermal Coal,Energy,Mr. Gautambhai Shantilal Adani S.Y. B.Com,"Ahmedabad, India",https://www.adanienterprises.com,2311.75,2238.85,2668245024768,77.16122,29.96,0.00059999997,3743.9,2025.0
2021-01-21 00:00:00+05:30,550.0278820296531,2314.95,2213.75,535.56396484375,1376164,0.0,0.0,ADANIENT.NS,Adani Enterprises Limited,Thermal Coal,Energy,Mr. Gautambhai Shantilal Adani S.Y. B.Com,"Ahmedabad, India",https://www.adanienterprises.com,2311.75,2238.85,2668245024768,77.16122,29.96,0.00059999997,3743.9,2025.0
2021-01-22 00:00:00+05:30,532.7209716016431,2314.95,2213.75,525.489013671875,1376164,0.0,0.0,ADANIENT.NS,Adani Enterprises Limited,Thermal Coal,Energy,Mr. Gautambhai Shantilal Adani S.Y. B.Com,"Ahmedabad, India",https://www.adanienterprises.com,2311.75,2238.85,2668245024768,77.16122,29.96,0.00059999997,3743.9,2025.0
2021-01-25 00:00:00+05:30,528.9305054979145,2314.95,2213.75,512.6212158203125,1376164,0.0,0.0,ADANIENT.NS,Adani Enterprises Limited,Thermal Coal,Energy,Mr. Gautambhai Shantilal Adani S.Y. B.Com,"Ahmedabad, India",https://www.adanienterprises.com,2311.75,2238.85,2668245024768,77.16122,29.96,0.00059999997,3743.9,2025.0
2021-01-27 00:00:00+05:30,511.8231365430084,2314.95,2213.75,511.5238952636719,1376164,0.0,0.0,ADANIENT.NS,Adani Enterprises Limited,Thermal Coal,Energy,Mr. Gautambhai Shantilal Adani S.Y. B.Com,"Ahmedabad, India",https://www.adanienterprises.com,2311.75,2238.85,2668245024768,77.16122,29.96,0.00059999997,3743.9,2025.0
2021-01-28 00:00:00+05:30,506.03753762644175,2314.95,2213.75,510.57623291015625,1376164,0.0,0.0,ADANIENT.NS,Adani Enterprises Limited,Thermal Coal,Energy,Mr. Gautambhai Shantilal Adani S.Y. B.Com,"Ahmedabad, India",https://www.adanienterprises.com,2311.75,2238.85,2668245024768,77.16122,29.96,0.00059999997,3743.9,2025.0
2021-01-29 00:00:00+05:30,513.9179632168575,2314.95,2213.75,505.38922119140625,1376164,0.0,0.0,ADANIENT.NS,Adani Enterprises Limited,Thermal Coal,Energy,Mr. Gautambhai Shantilal Adani S.Y. B.Com,"Ahmedabad, India",https://www.adanienterprises.com,2311.75,2238.85,2668245024768,77.16122,29.96,0.00059999997,3743.9,2025.0
2021-02-01 00:00:00+05:30,509.2296494852857,2314.95,2213.75,535.8632202148438,1376164,0.0,0.0,ADANIENT.NS,Adani Enterprises Limited,Thermal Coal,Energy,Mr. Gautambhai Shantilal Adani S.Y. B.Com,"Ahmedabad, India",https://www.adanienterprises.com,2311.75,2238.85,2668245024768,77.16122,29.96,0.00059999997,3743.9,2025.0
2021-02-02 00:00:00+05:30,540.7010570041311,2314.95,2213.75,562.7959594726562,1376164,0.0,0.0,ADANIENT.NS,Adani Enterprises Limited,Thermal Coal,Energy,Mr. Gautambhai Shantilal Adani S.Y. B.Com,"Ahmedabad, India",https://www.adanienterprises.com,2311.75,2238.85,2668245024768,77.16122,29.96,0.00059999997,3743.9,2025.0
2021-02-03 00:00:00+05:30,566.5865429216343,2314.95,2213.75,565.1900024414062,1376164,0.0,0.0,ADANIENT.NS,Adani Enterprises Limited,Thermal Coal,Energy,Mr. Gautambhai Shantilal Adani S.Y. B.Com,"Ahmedabad, India",https://www.adanienterprises.com,2311.75,2238.85,2668245024768,77.16122,29.96,0.00059999997,3743.9,2025.0
2021-02-04 00:00:00+05:30,560.5515998100229,2314.95,2213.75,588.2325439453125,1376164,0.0,0.0,ADANIENT.NS,Adani Enterprises Limited,Thermal Coal,Energy,Mr. Gautambhai Shantilal Adani S.Y. B.Com,"Ahmedabad, India",https://www.adanienterprises.com,2311.75,2238.85,2668245024768,77.16122,29.96,0.00059999997,3743.9,2025.0
2021-02-05 00:00:00+05:30,593.5194255528944,2314.95,2213.75,593.8685302734375,1376164,0.0,0.0,ADANIENT.NS,Adani Enterprises Limited,Thermal Coal,Energy,Mr. Gautambhai Shantilal Adani S.Y. B.Com,"Ahmedabad, India",https://www.adanienterprises.com,2311.75,2238.85,2668245024768,77.16122,29.96,0.00059999997,3743.9,2025.0
2021-02-08 00:00:00+05:30,603.8935326625136,2314.95,2213.75,626.7365112304688,1376164,0.0,0.0,ADANIENT.NS,Adani Enterprises Limited,Thermal Coal,Energy,Mr. Gautambhai Shantilal Adani S.Y. B.Com,"Ahmedabad, India",https://www.adanienterprises.com,2311.75,2238.85,2668245024768,77.16122,29.96,0.00059999997,3743.9,2025.0
2021-02-09 00:00:00+05:30,629.8787088906894,2314.95,2213.75,628.2826538085938,1376164,0.0,0.0,ADANIENT.NS,Adani Enterprises Limited,Thermal Coal,Energy,Mr. Gautambhai Shantilal Adani S.Y. B.Com,"Ahmedabad, India",https://www.adanienterprises.com,2311.75,2238.85,2668245024768,77.16122,29.96,0.00059999997,3743.9,2025.0
2021-02-10 00:00:00+05:30,631.4746470671796,2314.95,2213.75,649.0807495117188,1376164,0.0,0.0,ADANIENT.NS,Adani Enterprises Limited,Thermal Coal,Energy,Mr. Gautambhai Shantilal Adani S.Y. B.Com,"Ahmedabad, India",https://www.adanienterprises.com,2311.75,2238.85,2668245024768,77.16122,29.96,0.00059999997,3743.9,2025.0
2021-02-11 00:00:00+05:30,652.3724703447532,2314.95,2213.75,656.9609985351562,1376164,0.0,0.0,ADANIENT.NS,Adani Enterprises Limited,Thermal Coal,Energy,Mr. Gautambhai Shantilal Adani S.Y. B.Com,"Ahmedabad, India",https://www.adanienterprises.com,2311.75,2238.85,2668245024768,77.16122,29.96,0.00059999997,3743.9,2025.0
2021-02-12 00:00:00+05:30,655.3650962618503,2314.95,2213.75,717.1609497070312,1376164,0.0,0.0,ADANIENT.NS,Adani Enterprises Limited,Thermal Coal,Energy,Mr. Gautambhai Shantilal Adani S.Y. B.Com,"Ahmedabad, India",https://www.adanienterprises.com,2311.75,2238.85,2668245024768,77.16122,29.96,0.00059999997,3743.9,2025.0
2021-02-15 00:00:00+05:30,723.1958413429733,2314.95,2213.75,761.5501708984375,1376164,0.0,0.0,ADANIENT.NS,Adani Enterprises Limited,Thermal Coal,Energy,Mr. Gautambhai Shantilal Adani S.Y. B.Com,"Ahmedabad, India",https://www.adanienterprises.com,2311.75,2238.85,2668245024768,77.16122,29.96,0.00059999997,3743.9,2025.0
2021-02-16 00:00:00+05:30,758.1087988802451,2314.95,2213.75,778.258544921875,1376164,0.0,0.0,ADANIENT.NS,Adani Enterprises Limited,Thermal Coal,Energy,Mr. Gautambhai Shantilal Adani S.Y. B.Com,"Ahmedabad, India",https://www.adanienterprises.com,2311.75,2238.85,2668245024768,77.16122,29.96,0.00059999997,3743.9,2025.0
2021-02-17 00:00:00+05:30,785.191265262631,2314.95,2213.75,783.4954833984375,1376164,0.0,0.0,ADANIENT.NS,Adani Enterprises Limited,Thermal Coal,Energy,Mr. Gautambhai Shantilal Adani S.Y. B.Com,"Ahmedabad, India",https://www.adanienterprises.com,2311.75,2238.85,2668245024768,77.16122,29.96,0.00059999997,3743.9,2025.0
2021-02-18 00:00:00+05:30,785.2909637309049,2314.95,2213.75,806.1888427734375,1376164,0.0,0.0,ADANIENT.NS,Adani Enterprises Limited,Thermal Coal,Energy,Mr. Gautambhai Shantilal Adani S.Y. B.Com,"Ahmedabad, India",https://www.adanienterprises.com,2311.75,2238.85,2668245024768,77.16122,29.96,0.00059999997,3743.9,2025.0
2021-02-19 00:00:00+05:30,810.9768686990902,2314.95,2213.75,779.9542846679688,1376164,0.0,0.0,ADANIENT.NS,Adani Enterprises Limited,Thermal Coal,Energy,Mr. Gautambhai Shantilal Adani S.Y. B.Com,"Ahmedabad, India",https://www.adanienterprises.com,2311.75,2238.85,2668245024768,77.16122,29.96,0.00059999997,3743.9,2025.0
2021-02-22 00:00:00+05:30,784.0440283171611,2314.95,2213.75,803.89453125,1376164,0.0,0.0,ADANIENT.NS,Adani Enterprises Limited,Thermal Coal,Energy,Mr. Gautambhai Shantilal Adani S.Y. B.Com,"Ahmedabad, India",https://www.adanienterprises.com,2311.75,2238.85,2668245024768,77.16122,29.96,0.00059999997,3743.9,2025.0
2021-02-23 00:00:00+05:30,812.7724200992445,2314.95,2213.75,797.66015625,1376164,0.0,0.0,ADANIENT.NS,Adani Enterprises Limited,Thermal Coal,Energy,Mr. Gautambhai Shantilal Adani S.Y. B.Com,"Ahmedabad, India",https://www.adanienterprises.com,2311.75,2238.85,2668245024768,77.16122,29.96,0.00059999997,3743.9,2025.0
2021-02-24 00:00:00+05:30,803.9942861028212,2314.95,2213.75,803.1962890625,1376164,0.0,0.0,ADANIENT.NS,Adani Enterprises Limited,Thermal Coal,Energy,Mr. Gautambhai Shantilal Adani S.Y. B.Com,"Ahmedabad, India",https://www.adanienterprises.com,2311.75,2238.85,2668245024768,77.16122,29.96,0.00059999997,3743.9,2025.0
2021-02-25 00:00:00+05:30,811.9744688530398,2314.95,2213.75,841.4010620117188,1376164,0.0,0.0,ADANIENT.NS,Adani Enterprises Limited,Thermal Coal,Energy,Mr. Gautambhai Shantilal Adani S.Y. B.Com,"Ahmedabad, India",https://www.adanienterprises.com,2311.75,2238.85,2668245024768,77.16122,29.96,0.00059999997,3743.9,2025.0
2021-02-26 00:00:00+05:30,831.8248783675276,2314.95,2213.75,831.5755004882812,1376164,0.0,0.0,ADANIENT.NS,Adani Enterprises Limited,Thermal Coal,Energy,Mr. Gautambhai Shantilal Adani S.Y. B.Com,"Ahmedabad, India",https://www.adanienterprises.com,2311.75,2238.85,2668245024768,77.16122,29.96,0.00059999997,3743.9,2025.0
2021-03-01 00:00:00+05:30,838.6577938525592,2314.95,2213.75,849.3810424804688,1376164,0.0,0.0,ADANIENT.NS,Adani Enterprises Limited,Thermal Coal,Energy,Mr. Gautambhai Shantilal Adani S.Y. B.Com,"Ahmedabad, India",https://www.adanienterprises.com,2311.75,2238.85,2668245024768,77.16122,29.96,0.00059999997,3743.9,2025.0
2021-03-02 00:00:00+05:30,855.2663991545709,2314.95,2213.75,870.378662109375,1376164,0.0,0.0,ADANIENT.NS,Adani Enterprises Limited,Thermal Coal,Energy,Mr. Gautambhai Shantilal Adani S.Y. B.Com,"Ahmedabad, India",https://www.adanienterprises.com,2311.75,2238.85,2668245024768,77.16122,29.96,0.00059999997,3743.9,2025.0
2021-03-03 00:00:00+05:30,878.2590281100078,2314.95,2213.75,913.0721435546875,1376164,0.0,0.0,ADANIENT.NS,Adani Enterprises Limited,Thermal Coal,Energy,Mr. Gautambhai Shantilal Adani S.Y. B.Com,"Ahmedabad, India",https://www.adanienterprises.com,2311.75,2238.85,2668245024768,77.16122,29.96,0.00059999997,3743.9,2025.0
2021-03-04 00:00:00+05:30,907.7354422450197,2314.95,2213.75,916.1145629882812,1376164,0.0,0.0,ADANIENT.NS,Adani Enterprises Limited,Thermal Coal,Energy,Mr. Gautambhai Shantilal Adani S.Y. B.Com,"Ahmedabad, India",https://www.adanienterprises.com,2311.75,2238.85,2668245024768,77.16122,29.96,0.00059999997,3743.9,2025.0
2021-03-05 00:00:00+05:30,915.7155610196594,2314.95,2213.75,907.6357421875,1376164,0.0,0.0,ADANIENT.NS,Adani Enterprises Limited,Thermal Coal,Energy,Mr. Gautambhai Shantilal Adani S.Y. B.Com,"Ahmedabad, India",https://www.adanienterprises.com,2311.75,2238.85,2668245024768,77.16122,29.96,0.00059999997,3743.9,2025.0
2021-03-08 00:00:00+05:30,915.8153636004745,2314.95,2213.75,907.93505859375,1376164,0.0,0.0,ADANIENT.NS,Adani Enterprises Limited,Thermal Coal,Energy,Mr. Gautambhai Shantilal Adani S.Y. B.Com,"Ahmedabad, India",https://www.adanienterprises.com,2311.75,2238.85,2668245024768,77.16122,29.96,0.00059999997,3743.9,2025.0
2021-03-09 00:00:00+05:30,915.7156460303515,2314.95,2213.75,902.947509765625,1376164,0.0,0.0,ADANIENT.NS,Adani Enterprises Limited,Thermal Coal,Energy,Mr. Gautambhai Shantilal Adani S.Y. B.Com,"Ahmedabad, India",https://www.adanienterprises.com,2311.75,2238.85,2668245024768,77.16122,29.96,0.00059999997,3743.9,2025.0
2021-03-10 00:00:00+05:30,908.7329764483064,2314.95,2213.75,895.9149780273438,1376164,0.0,0.0,ADANIENT.NS,Adani Enterprises Limited,Thermal Coal,Energy,Mr. Gautambhai Shantilal Adani S.Y. B.Com,"Ahmedabad, India",https://www.adanienterprises.com,2311.75,2238.85,2668245024768,77.16122,29.96,0.00059999997,3743.9,2025.0
2021-03-12 00:00:00+05:30,902.7478996082582,2314.95,2213.75,891.875,1376164,0.0,0.0,ADANIENT.NS,Adani Enterprises Limited,Thermal Coal,Energy,Mr. Gautambhai Shantilal Adani S.Y. B.Com,"Ahmedabad, India",https://www.adanienterprises.com,2311.75,2238.85,2668245024768,77.16122,29.96,0.00059999997,3743.9,2025.0
2021-03-15 00:00:00+05:30,896.5134908669627,2314.95,2213.75,893.9698486328125,1376164,0.0,0.0,ADANIENT.NS,Adani Enterprises Limited,Thermal Coal,Energy,Mr. Gautambhai Shantilal Adani S.Y. B.Com,"Ahmedabad, India",https://www.adanienterprises.com,2311.75,2238.85,2668245024768,77.16122,29.96,0.00059999997,3743.9,2025.0
2021-03-16 00:00:00+05:30,898.4586035480447,2314.95,2213.75,895.5657958984375,1376164,0.0,0.0,ADANIENT.NS,Adani Enterprises Limited,Thermal Coal,Energy,Mr. Gautambhai Shantilal Adani S.Y. B.Com,"Ahmedabad, India",https://www.adanienterprises.com,2311.75,2238.85,2668245024768,77.16122,29.96,0.00059999997,3743.9,2025.0
2021-03-17 00:00:00+05:30,895.7653450787534,2314.95,2213.75,871.725341796875,1376164,0.0,0.0,ADANIENT.NS,Adani Enterprises Limited,Thermal Coal,Energy,Mr. Gautambhai Shantilal Adani S.Y. B.Com,"Ahmedabad, India",https://www.adanienterprises.com,2311.75,2238.85,2668245024768,77.16122,29.96,0.00059999997,3743.9,2025.0
2021-03-18 00:00:00+05:30,873.8200793859949,2314.95,2213.75,868.8823852539062,1376164,0.0,0.0,ADANIENT.NS,Adani Enterprises Limited,Thermal Coal,Energy,Mr. Gautambhai Shantilal Adani S.Y. B.Com,"Ahmedabad, India",https://www.adanienterprises.com,2311.75,2238.85,2668245024768,77.16122,29.96,0.00059999997,3743.9,2025.0
2021-03-19 00:00:00+05:30,863.8449851832042,2314.95,2213.75,887.4361572265625,1376164,0.0,0.0,ADANIENT.NS,Adani Enterprises Limited,Thermal Coal,Energy,Mr. Gautambhai Shantilal Adani S.Y. B.Com,"Ahmedabad, India",https://www.adanienterprises.com,2311.75,2238.85,2668245024768,77.16122,29.96,0.00059999997,3743.9,2025.0
2021-03-22 00:00:00+05:30,890.6780799772426,2314.95,2213.75,988.5838012695312,1376164,0.0,0.0,ADANIENT.NS,Adani Enterprises Limited,Thermal Coal,Energy,Mr. Gautambhai Shantilal Adani S.Y. B.Com,"Ahmedabad, India",https://www.adanienterprises.com,2311.75,2238.85,2668245024768,77.16122,29.96,0.00059999997,3743.9,2025.0
2021-03-23 00:00:00+05:30,996.514140906552,2314.95,2213.75,1055.766357421875,1376164,0.0,0.0,ADANIENT.NS,Adani Enterprises Limited,Thermal Coal,Energy,Mr. Gautambhai Shantilal Adani S.Y. B.Com,"Ahmedabad, India",https://www.adanienterprises.com,2311.75,2238.85,2668245024768,77.16122,29.96,0.00059999997,3743.9,2025.0
2021-03-24 00:00:00+05:30,1060.3548016150494,2314.95,2213.75,1022.898193359375,1376164,0.0,0.0,ADANIENT.NS,Adani Enterprises Limited,Thermal Coal,Energy,Mr. Gautambhai Shantilal Adani S.Y. B.Com,"Ahmedabad, India",https://www.adanienterprises.com,2311.75,2238.85,2668245024768,77.16122,29.96,0.00059999997,3743.9,2025.0
2021-03-25 00:00:00+05:30,1030.3794133252647,2314.95,2213.75,979.1073608398438,1376164,0.0,0.0,ADANIENT.NS,Adani Enterprises Limited,Thermal Coal,Energy,Mr. Gautambhai Shantilal Adani S.Y. B.Com,"Ahmedabad, India",https://www.adanienterprises.com,2311.75,2238.85,2668245024768,77.16122,29.96,0.00059999997,3743.9,2025.0
2021-03-26 00:00:00+05:30,997.5114725776876,2314.95,2213.75,985.840576171875,1376164,0.0,0.0,ADANIENT.NS,Adani Enterprises Limited,Thermal Coal,Energy,Mr. Gautambhai Shantilal Adani S.Y. B.Com,"Ahmedabad, India",https://www.adanienterprises.com,2311.75,2238.85,2668245024768,77.16122,29.96,0.00059999997,3743.9,2025.0
2021-03-30 00:00:00+05:30,1001.5016606200516,2314.95,2213.75,1028.983154296875,1376164,0.0,0.0,ADANIENT.NS,Adani Enterprises Limited,Thermal Coal,Energy,Mr. Gautambhai Shantilal Adani S.Y. B.Com,"Ahmedabad, India",https://www.adanienterprises.com,2311.75,2238.85,2668245024768,77.16122,29.96,0.00059999997,3743.9,2025.0
2021-03-31 00:00:00+05:30,1035.4169136425512,2314.95,2213.75,1028.583984375,1376164,0.0,0.0,ADANIENT.NS,Adani Enterprises Limited,Thermal Coal,Energy,Mr. Gautambhai Shantilal Adani S.Y. B.Com,"Ahmedabad, India",https://www.adanienterprises.com,2311.75,2238.85,2668245024768,77.16122,29.96,0.00059999997,3743.9,2025.0
2021-04-01 00:00:00+05:30,1040.8035404679797,2314.95,2213.75,1104.4447021484375,1376164,0.0,0.0,ADANIENT.NS,Adani Enterprises Limited,Thermal Coal,Energy,Mr. Gautambhai Shantilal Adani S.Y. B.Com,"Ahmedabad, India",https://www.adanienterprises.com,2311.75,2238.85,2668245024768,77.16122,29.96,0.00059999997,3743.9,2025.0
2021-04-05 00:00:00+05:30,1124.195596803447,2314.95,2213.75,1135.4176025390625,1376164,0.0,0.0,ADANIENT.NS,Adani Enterprises Limited,Thermal Coal,Energy,Mr. Gautambhai Shantilal Adani S.Y. B.Com,"Ahmedabad, India",https://www.adanienterprises.com,2311.75,2238.85,2668245024768,77.16122,29.96,0.00059999997,3743.9,2025.0
2021-04-06 00:00:00+05:30,1150.5297597304966,2314.95,2213.75,1222.3505859375,1376164,0.0,0.0,ADANIENT.NS,Adani Enterprises Limited,Thermal Coal,Energy,Mr. Gautambhai Shantilal Adani S.Y. B.Com,"Ahmedabad, India",https://www.adanienterprises.com,2311.75,2238.85,2668245024768,77.16122,29.96,0.00059999997,3743.9,2025.0
2021-04-07 00:00:00+05:30,1230.3306646445626,2314.95,2213.75,1162.6495361328125,1376164,0.0,0.0,ADANIENT.NS,Adani Enterprises Limited,Thermal Coal,Energy,Mr. Gautambhai Shantilal Adani S.Y. B.Com,"Ahmedabad, India",https://www.adanienterprises.com,2311.75,2238.85,2668245024768,77.16122,29.96,0.00059999997,3743.9,2025.0
2021-04-08 00:00:00+05:30,1159.6072998046875,2314.95,2213.75,1159.6072998046875,1376164,0.0,0.0,ADANIENT.NS,Adani Enterprises Limited,Thermal Coal,Energy,Mr. Gautambhai Shantilal Adani S.Y. B.Com,"Ahmedabad, India",https://www.adanienterprises.com,2311.75,2238.85,2668245024768,77.16122,29.96,0.00059999997,3743.9,2025.0
2021-04-09 00:00:00+05:30,1160.5048432855647,2314.95,2213.75,1198.4102783203125,1376164,0.0,0.0,ADANIENT.NS,Adani Enterprises Limited,Thermal Coal,Energy,Mr. Gautambhai Shantilal Adani S.Y. B.Com,"Ahmedabad, India",https://www.adanienterprises.com,2311.75,2238.85,2668245024768,77.16122,29.96,0.00059999997,3743.9,2025.0
2021-04-12 00:00:00+05:30,1174.4701307274042,2314.95,2213.75,1071.7264404296875,1376164,0.0,0.0,ADANIENT.NS,Adani Enterprises Limited,Thermal Coal,Energy,Mr. Gautambhai Shantilal Adani S.Y. B.Com,"Ahmedabad, India",https://www.adanienterprises.com,2311.75,2238.85,2668245024768,77.16122,29.96,0.00059999997,3743.9,2025.0
2021-04-13 00:00:00+05:30,1074.3198641674664,2314.95,2213.75,1103.5968017578125,1376164,0.0,0.0,ADANIENT.NS,Adani Enterprises Limited,Thermal Coal,Energy,Mr. Gautambhai Shantilal Adani S.Y. B.Com,"Ahmedabad, India",https://www.adanienterprises.com,2311.75,2238.85,2668245024768,77.16122,29.96,0.00059999997,3743.9,2025.0
2021-04-15 00:00:00+05:30,1092.2752018840713,2314.95,2213.75,1127.13818359375,1376164,0.0,0.0,ADANIENT.NS,Adani Enterprises Limited,Thermal Coal,Energy,Mr. Gautambhai Shantilal Adani S.Y. B.Com,"Ahmedabad, India",https://www.adanienterprises.com,2311.75,2238.85,2668245024768,77.16122,29.96,0.00059999997,3743.9,2025.0
2021-04-16 00:00:00+05:30,1127.1880108205485,2314.95,2213.75,1156.1158447265625,1376164,0.0,0.0,ADANIENT.NS,Adani Enterprises Limited,Thermal Coal,Energy,Mr. Gautambhai Shantilal Adani S.Y. B.Com,"Ahmedabad, India",https://www.adanienterprises.com,2311.75,2238.85,2668245024768,77.16122,29.96,0.00059999997,3743.9,2025.0
2021-04-19 00:00:00+05:30,1097.2628147512203,2314.95,2213.75,1133.5223388671875,1376164,0.0,0.0,ADANIENT.NS,Adani Enterprises Limited,Thermal Coal,Energy,Mr. Gautambhai Shantilal Adani S.Y. B.Com,"Ahmedabad, India",https://www.adanienterprises.com,2311.75,2238.85,2668245024768,77.16122,29.96,0.00059999997,3743.9,2025.0
2021-04-20 00:00:00+05:30,1153.971137591562,2314.95,2213.75,1139.90625,1376164,0.0,0.0,ADANIENT.NS,Adani Enterprises Limited,Thermal Coal,Energy,Mr. Gautambhai Shantilal Adani S.Y. B.Com,"Ahmedabad, India",https://www.adanienterprises.com,2311.75,2238.85,2668245024768,77.16122,29.96,0.00059999997,3743.9,2025.0
2021-04-22 00:00:00+05:30,1131.1780016612022,2314.95,2213.75,1154.9188232421875,1376164,0.0,0.0,ADANIENT.NS,Adani Enterprises Limited,Thermal Coal,Energy,Mr. Gautambhai Shantilal Adani S.Y. B.Com,"Ahmedabad, India",https://www.adanienterprises.com,2311.75,2238.85,2668245024768,77.16122,29.96,0.00059999997,3743.9,2025.0
2021-04-23 00:00:00+05:30,1158.1110464460887,2314.95,2213.75,1154.719482421875,1376164,0.0,0.0,ADANIENT.NS,Adani Enterprises Limited,Thermal Coal,Energy,Mr. Gautambhai Shantilal Adani S.Y. B.Com,"Ahmedabad, India",https://www.adanienterprises.com,2311.75,2238.85,2668245024768,77.16122,29.96,0.00059999997,3743.9,2025.0
2021-04-26 00:00:00+05:30,1157.1134206810323,2314.95,2213.75,1170.43017578125,1376164,0.0,0.0,ADANIENT.NS,Adani Enterprises Limited,Thermal Coal,Energy,Mr. Gautambhai Shantilal Adani S.Y. B.Com,"Ahmedabad, India",https://www.adanienterprises.com,2311.75,2238.85,2668245024768,77.16122,29.96,0.00059999997,3743.9,2025.0
2021-04-27 00:00:00+05:30,1181.7517690869875,2314.95,2213.75,1188.185791015625,1376164,0.0,0.0,ADANIENT.NS,Adani Enterprises Limited,Thermal Coal,Energy,Mr. Gautambhai Shantilal Adani S.Y. B.Com,"Ahmedabad, India",https://www.adanienterprises.com,2311.75,2238.85,2668245024768,77.16122,29.96,0.00059999997,3743.9,2025.0
2021-04-28 00:00:00+05:30,1204.9441219516364,2314.95,2213.75,1182.250732421875,1376164,0.0,0.0,ADANIENT.NS,Adani Enterprises Limited,Thermal Coal,Energy,Mr. Gautambhai Shantilal Adani S.Y. B.Com,"Ahmedabad, India",https://www.adanienterprises.com,2311.75,2238.85,2668245024768,77.16122,29.96,0.00059999997,3743.9,2025.0
2021-04-29 00:00:00+05:30,1193.5724492120373,2314.95,2213.75,1179.35791015625,1376164,0.0,0.0,ADANIENT.NS,Adani Enterprises Limited,Thermal Coal,Energy,Mr. Gautambhai Shantilal Adani S.Y. B.Com,"Ahmedabad, India",https://www.adanienterprises.com,2311.75,2238.85,2668245024768,77.16122,29.96,0.00059999997,3743.9,2025.0
2021-04-30 00:00:00+05:30,1168.0859684979146,2314.95,2213.75,1155.8165283203125,1376164,0.0,0.0,ADANIENT.NS,Adani Enterprises Limited,Thermal Coal,Energy,Mr. Gautambhai Shantilal Adani S.Y. B.Com,"Ahmedabad, India",https://www.adanienterprises.com,2311.75,2238.85,2668245024768,77.16122,29.96,0.00059999997,3743.9,2025.0
2021-05-03 00:00:00+05:30,1142.2504368411571,2314.95,2213.75,1252.4256591796875,1376164,0.0,0.0,ADANIENT.NS,Adani Enterprises Limited,Thermal Coal,Energy,Mr. Gautambhai Shantilal Adani S.Y. B.Com,"Ahmedabad, India",https://www.adanienterprises.com,2311.75,2238.85,2668245024768,77.16122,29.96,0.00059999997,3743.9,2025.0
2021-05-04 00:00:00+05:30,1281.8022852529393,2314.95,2213.75,1259.3582763671875,1376164,0.0,0.0,ADANIENT.NS,Adani Enterprises Limited,Thermal Coal,Energy,Mr. Gautambhai Shantilal Adani S.Y. B.Com,"Ahmedabad, India",https://www.adanienterprises.com,2311.75,2238.85,2668245024768,77.16122,29.96,0.00059999997,3743.9,2025.0
2021-05-05 00:00:00+05:30,1271.228678892879,2314.95,2213.75,1264.3458251953125,1376164,0.0,0.0,ADANIENT.NS,Adani Enterprises Limited,Thermal Coal,Energy,Mr. Gautambhai Shantilal Adani S.Y. B.Com,"Ahmedabad, India",https://www.adanienterprises.com,2311.75,2238.85,2668245024768,77.16122,29.96,0.00059999997,3743.9,2025.0
2021-05-06 00:00:00+05:30,1269.1839038128987,2314.95,2213.75,1283.548095703125,1376164,0.0,0.0,ADANIENT.NS,Adani Enterprises Limited,Thermal Coal,Energy,Mr. Gautambhai Shantilal Adani S.Y. B.Com,"Ahmedabad, India",https://www.adanienterprises.com,2311.75,2238.85,2668245024768,77.16122,29.96,0.00059999997,3743.9,2025.0
2021-05-07 00:00:00+05:30,1301.752643110264,2314.95,2213.75,1295.6678466796875,1376164,0.0,0.0,ADANIENT.NS,Adani Enterprises Limited,Thermal Coal,Energy,Mr. Gautambhai Shantilal Adani S.Y. B.Com,"Ahmedabad, India",https://www.adanienterprises.com,2311.75,2238.85,2668245024768,77.16122,29.96,0.00059999997,3743.9,2025.0
2021-05-10 00:00:00+05:30,1291.6776791392817,2314.95,2213.75,1300.854736328125,1376164,0.0,0.0,ADANIENT.NS,Adani Enterprises Limited,Thermal Coal,Energy,Mr. Gautambhai Shantilal Adani S.Y. B.Com,"Ahmedabad, India",https://www.adanienterprises.com,2311.75,2238.85,2668245024768,77.16122,29.96,0.00059999997,3743.9,2025.0
2021-05-11 00:00:00+05:30,1288.7848434653097,2314.95,2213.75,1300.2562255859375,1376164,0.0,0.0,ADANIENT.NS,Adani Enterprises Limited,Thermal Coal,Energy,Mr. Gautambhai Shantilal Adani S.Y. B.Com,"Ahmedabad, India",https://www.adanienterprises.com,2311.75,2238.85,2668245024768,77.16122,29.96,0.00059999997,3743.9,2025.0
2021-05-12 00:00:00+05:30,1307.7375830154992,2314.95,2213.75,1282.600341796875,1376164,0.0,0.0,ADANIENT.NS,Adani Enterprises Limited,Thermal Coal,Energy,Mr. Gautambhai Shantilal Adani S.Y. B.Com,"Ahmedabad, India",https://www.adanienterprises.com,2311.75,2238.85,2668245024768,77.16122,29.96,0.00059999997,3743.9,2025.0
2021-05-14 00:00:00+05:30,1296.7651841677798,2314.95,2213.75,1217.3133544921875,1376164,0.0,0.0,ADANIENT.NS,Adani Enterprises Limited,Thermal Coal,Energy,Mr. Gautambhai Shantilal Adani S.Y. B.Com,"Ahmedabad, India",https://www.adanienterprises.com,2311.75,2238.85,2668245024768,77.16122,29.96,0.00059999997,3743.9,2025.0
2021-05-17 00:00:00+05:30,1226.9391827339869,2314.95,2213.75,1285.89208984375,1376164,0.0,0.0,ADANIENT.NS,Adani Enterprises Limited,Thermal Coal,Energy,Mr. Gautambhai Shantilal Adani S.Y. B.Com,"Ahmedabad, India",https://www.adanienterprises.com,2311.75,2238.85,2668245024768,77.16122,29.96,0.00059999997,3743.9,2025.0
2021-05-18 00:00:00+05:30,1311.67779854879,2314.95,2213.75,1323.3985595703125,1376164,0.0,0.0,ADANIENT.NS,Adani Enterprises Limited,Thermal Coal,Energy,Mr. Gautambhai Shantilal Adani S.Y. B.Com,"Ahmedabad, India",https://www.adanienterprises.com,2311.75,2238.85,2668245024768,77.16122,29.96,0.00059999997,3743.9,2025.0
2021-05-19 00:00:00+05:30,1346.6403320252284,2314.95,2213.75,1291.4779052734375,1376164,0.0,0.0,ADANIENT.NS,Adani Enterprises Limited,Thermal Coal,Energy,Mr. Gautambhai Shantilal Adani S.Y. B.Com,"Ahmedabad, India",https://www.adanienterprises.com,2311.75,2238.85,2668245024768,77.16122,29.96,0.00059999997,3743.9,2025.0
2021-05-20 00:00:00+05:30,1298.0618004024761,2314.95,2213.75,1298.760009765625,1376164,0.0,0.0,ADANIENT.NS,Adani Enterprises Limited,Thermal Coal,Energy,Mr. Gautambhai Shantilal Adani S.Y. B.Com,"Ahmedabad, India",https://www.adanienterprises.com,2311.75,2238.85,2668245024768,77.16122,29.96,0.00059999997,3743.9,2025.0
2021-05-21 00:00:00+05:30,1316.7152234426985,2314.95,2213.75,1311.827392578125,1376164,0.0,0.0,ADANIENT.NS,Adani Enterprises Limited,Thermal Coal,Energy,Mr. Gautambhai Shantilal Adani S.Y. B.Com,"Ahmedabad, India",https://www.adanienterprises.com,2311.75,2238.85,2668245024768,77.16122,29.96,0.00059999997,3743.9,2025.0
2021-05-24 00:00:00+05:30,1318.410919854207,2314.95,2213.75,1303.548095703125,1376164,0.0,0.0,ADANIENT.NS,Adani Enterprises Limited,Thermal Coal,Energy,Mr. Gautambhai Shantilal Adani S.Y. B.Com,"Ahmedabad, India",https://www.adanienterprises.com,2311.75,2238.85,2668245024768,77.16122,29.96,0.00059999997,3743.9,2025.0
2021-05-25 00:00:00+05:30,1311.0791999979851,2314.95,2213.75,1279.557861328125,1376164,0.0,0.0,ADANIENT.NS,Adani Enterprises Limited,Thermal Coal,Energy,Mr. Gautambhai Shantilal Adani S.Y. B.Com,"Ahmedabad, India",https://www.adanienterprises.com,2311.75,2238.85,2668245024768,77.16122,29.96,0.00059999997,3743.9,2025.0
2021-05-26 00:00:00+05:30,1285.7424380726366,2314.95,2213.75,1319.50830078125,1376164,0.0,0.0,ADANIENT.NS,Adani Enterprises Limited,Thermal Coal,Energy,Mr. Gautambhai Shantilal Adani S.Y. B.Com,"Ahmedabad, India",https://www.adanienterprises.com,2311.75,2238.85,2668245024768,77.16122,29.96,0.00059999997,3743.9,2025.0
2021-05-27 00:00:00+05:30,1326.1914760894854,2314.95,2213.75,1322.500732421875,1376164,0.0,0.0,ADANIENT.NS,Adani Enterprises Limited,Thermal Coal,Energy,Mr. Gautambhai Shantilal Adani S.Y. B.Com,"Ahmedabad, India",https://www.adanienterprises.com,2311.75,2238.85,2668245024768,77.16122,29.96,0.00059999997,3743.9,2025.0
2021-05-28 00:00:00+05:30,1308.3361244566456,2314.95,2213.75,1299.3585205078125,1376164,0.0,0.0,ADANIENT.NS,Adani Enterprises Limited,Thermal Coal,Energy,Mr. Gautambhai Shantilal Adani S.Y. B.Com,"Ahmedabad, India",https://www.adanienterprises.com,2311.75,2238.85,2668245024768,77.16122,29.96,0.00059999997,3743.9,2025.0
2021-05-31 00:00:00+05:30,1303.7974328427613,2314.95,2213.75,1313.0244140625,1376164,0.0,0.0,ADANIENT.NS,Adani Enterprises Limited,Thermal Coal,Energy,Mr. Gautambhai Shantilal Adani S.Y. B.Com,"Ahmedabad, India",https://www.adanienterprises.com,2311.75,2238.85,2668245024768,77.16122,29.96,0.00059999997,3743.9,2025.0
2021-06-01 00:00:00+05:30,1316.6154961976242,2314.95,2213.75,1412.7257080078125,1376164,0.0,0.0,ADANIENT.NS,Adani Enterprises Limited,Thermal Coal,Energy,Mr. Gautambhai Shantilal Adani S.Y. B.Com,"Ahmedabad, India",https://www.adanienterprises.com,2311.75,2238.85,2668245024768,77.16122,29.96,0.00059999997,3743.9,2025.0
2021-06-02 00:00:00+05:30,1422.0026489601432,2314.95,2213.75,1542.9010009765625,1376164,0.0,0.0,ADANIENT.NS,Adani Enterprises Limited,Thermal Coal,Energy,Mr. Gautambhai Shantilal Adani S.Y. B.Com,"Ahmedabad, India",https://www.adanienterprises.com,2311.75,2238.85,2668245024768,77.16122,29.96,0.00059999997,3743.9,2025.0
2021-06-03 00:00:00+05:30,1560.1080760643563,2314.95,2213.75,1579.1605224609375,1376164,0.0,0.0,ADANIENT.NS,Adani Enterprises Limited,Thermal Coal,Energy,Mr. Gautambhai Shantilal Adani S.Y. B.Com,"Ahmedabad, India",https://www.adanienterprises.com,2311.75,2238.85,2668245024768,77.16122,29.96,0.00059999997,3743.9,2025.0
2021-06-04 00:00:00+05:30,1601.0060970927464,2314.95,2213.75,1696.71728515625,1376164,0.0,0.0,ADANIENT.NS,Adani Enterprises Limited,Thermal Coal,Energy,Mr. Gautambhai Shantilal Adani S.Y. B.Com,"Ahmedabad, India",https://www.adanienterprises.com,2311.75,2238.85,2668245024768,77.16122,29.96,0.00059999997,3743.9,2025.0
2021-06-07 00:00:00+05:30,1710.7323053665093,2314.95,2213.75,1620.258056640625,1376164,0.0,0.0,ADANIENT.NS,Adani Enterprises Limited,Thermal Coal,Energy,Mr. Gautambhai Shantilal Adani S.Y. B.Com,"Ahmedabad, India",https://www.adanienterprises.com,2311.75,2238.85,2668245024768,77.16122,29.96,0.00059999997,3743.9,2025.0
2021-06-08 00:00:00+05:30,1628.936441306963,2314.95,2213.75,1632.3778076171875,1376164,0.0,0.0,ADANIENT.NS,Adani Enterprises Limited,Thermal Coal,Energy,Mr. Gautambhai Shantilal Adani S.Y. B.Com,"Ahmedabad, India",https://www.adanienterprises.com,2311.75,2238.85,2668245024768,77.16122,29.96,0.00059999997,3743.9,2025.0
2021-06-09 00:00:00+05:30,1635.9191366578907,2314.95,2213.75,1590.6820068359375,1376164,0.0,0.0,ADANIENT.NS,Adani Enterprises Limited,Thermal Coal,Energy,Mr. Gautambhai Shantilal Adani S.Y. B.Com,"Ahmedabad, India",https://www.adanienterprises.com,2311.75,2238.85,2668245024768,77.16122,29.96,0.00059999997,3743.9,2025.0
2021-06-10 00:00:00+05:30,1607.988525390625,2314.95,2213.75,1607.988525390625,1376164,0.0,0.0,ADANIENT.NS,Adani Enterprises Limited,Thermal Coal,Energy,Mr. Gautambhai Shantilal Adani S.Y. B.Com,"Ahmedabad, India",https://www.adanienterprises.com,2311.75,2238.85,2668245024768,77.16122,29.96,0.00059999997,3743.9,2025.0
2021-06-11 00:00:00+05:30,1611.080908112676,2314.95,2213.75,1597.614501953125,1376164,0.0,0.0,ADANIENT.NS,Adani Enterprises Limited,Thermal Coal,Energy,Mr. Gautambhai Shantilal Adani S.Y. B.Com,"Ahmedabad, India",https://www.adanienterprises.com,2311.75,2238.85,2668245024768,77.16122,29.96,0.00059999997,3743.9,2025.0
2021-06-14 00:00:00+05:30,1437.8629318448973,2314.95,2213.75,1497.713623046875,1376164,0.0,0.0,ADANIENT.NS,Adani Enterprises Limited,Thermal Coal,Energy,Mr. Gautambhai Shantilal Adani S.Y. B.Com,"Ahmedabad, India",https://www.adanienterprises.com,2311.75,2238.85,2668245024768,77.16122,29.96,0.00059999997,3743.9,2025.0
2021-06-15 00:00:00+05:30,1547.090495327896,2314.95,2213.75,1535.0206298828125,1376164,0.0,0.0,ADANIENT.NS,Adani Enterprises Limited,Thermal Coal,Energy,Mr. Gautambhai Shantilal Adani S.Y. B.Com,"Ahmedabad, India",https://www.adanienterprises.com,2311.75,2238.85,2668245024768,77.16122,29.96,0.00059999997,3743.9,2025.0
2021-06-16 00:00:00+05:30,1506.2424596320072,2314.95,2213.75,1444.696044921875,1376164,0.0,0.0,ADANIENT.NS,Adani Enterprises Limited,Thermal Coal,Energy,Mr. Gautambhai Shantilal Adani S.Y. B.Com,"Ahmedabad, India",https://www.adanienterprises.com,2311.75,2238.85,2668245024768,77.16122,29.96,0.00059999997,3743.9,2025.0
2021-06-17 00:00:00+05:30,1376.5660728237756,2314.95,2213.75,1364.296630859375,1376164,0.0,0.0,ADANIENT.NS,Adani Enterprises Limited,Thermal Coal,Energy,Mr. Gautambhai Shantilal Adani S.Y. B.Com,"Ahmedabad, India",https://www.adanienterprises.com,2311.75,2238.85,2668245024768,77.16122,29.96,0.00059999997,3743.9,2025.0
2021-06-18 00:00:00+05:30,1346.6405101102941,2314.95,2213.75,1483.79833984375,1376164,0.0,0.0,ADANIENT.NS,Adani Enterprises Limited,Thermal Coal,Energy,Mr. Gautambhai Shantilal Adani S.Y. B.Com,"Ahmedabad, India",https://www.adanienterprises.com,2311.75,2238.85,2668245024768,77.16122,29.96,0.00059999997,3743.9,2025.0
2021-06-21 00:00:00+05:30,1486.2922672420352,2314.95,2213.75,1536.1678466796875,1376164,0.0,0.0,ADANIENT.NS,Adani Enterprises Limited,Thermal Coal,Energy,Mr. Gautambhai Shantilal Adani S.Y. B.Com,"Ahmedabad, India",https://www.adanienterprises.com,2311.75,2238.85,2668245024768,77.16122,29.96,0.00059999997,3743.9,2025.0
2021-06-22 00:00:00+05:30,1550.1828859062646,2314.95,2213.75,1537.7637939453125,1376164,0.0,0.0,ADANIENT.NS,Adani Enterprises Limited,Thermal Coal,Energy,Mr. Gautambhai Shantilal Adani S.Y. B.Com,"Ahmedabad, India",https://www.adanienterprises.com,2311.75,2238.85,2668245024768,77.16122,29.96,0.00059999997,3743.9,2025.0
2021-06-23 00:00:00+05:30,1556.2177326729436,2314.95,2213.75,1501.0054931640625,1376164,0.0,0.0,ADANIENT.NS,Adani Enterprises Limited,Thermal Coal,Energy,Mr. Gautambhai Shantilal Adani S.Y. B.Com,"Ahmedabad, India",https://www.adanienterprises.com,2311.75,2238.85,2668245024768,77.16122,29.96,0.00059999997,3743.9,2025.0
2021-06-24 00:00:00+05:30,1506.192436714539,2314.95,2213.75,1504.74609375,1376164,0.0,0.0,ADANIENT.NS,Adani Enterprises Limited,Thermal Coal,Energy,Mr. Gautambhai Shantilal Adani S.Y. B.Com,"Ahmedabad, India",https://www.adanienterprises.com,2311.75,2238.85,2668245024768,77.16122,29.96,0.00059999997,3743.9,2025.0
2021-06-25 00:00:00+05:30,1521.2050608588152,2314.95,2213.75,1515.6688232421875,1376164,0.0,0.0,ADANIENT.NS,Adani Enterprises Limited,Thermal Coal,Energy,Mr. Gautambhai Shantilal Adani S.Y. B.Com,"Ahmedabad, India",https://www.adanienterprises.com,2311.75,2238.85,2668245024768,77.16122,29.96,0.00059999997,3743.9,2025.0
2021-06-28 00:00:00+05:30,1521.1053866063125,2314.95,2213.75,1521.9532470703125,1376164,0.0,0.0,ADANIENT.NS,Adani Enterprises Limited,Thermal Coal,Energy,Mr. Gautambhai Shantilal Adani S.Y. B.Com,"Ahmedabad, India",https://www.adanienterprises.com,2311.75,2238.85,2668245024768,77.16122,29.96,0.00059999997,3743.9,2025.0
2021-06-29 00:00:00+05:30,1522.2026436828946,2314.95,2213.75,1519.7587890625,1376164,0.0,0.0,ADANIENT.NS,Adani Enterprises Limited,Thermal Coal,Energy,Mr. Gautambhai Shantilal Adani S.Y. B.Com,"Ahmedabad, India",https://www.adanienterprises.com,2311.75,2238.85,2668245024768,77.16122,29.96,0.00059999997,3743.9,2025.0
2021-06-30 00:00:00+05:30,1535.170273485103,2314.95,2213.75,1503.798583984375,1376164,0.0,0.0,ADANIENT.NS,Adani Enterprises Limited,Thermal Coal,Energy,Mr. Gautambhai Shantilal Adani S.Y. B.Com,"Ahmedabad, India",https://www.adanienterprises.com,2311.75,2238.85,2668245024768,77.16122,29.96,0.00059999997,3743.9,2025.0
2021-07-01 00:00:00+05:30,1506.7931209937617,2314.95,2213.75,1487.5283203125,1376164,1.0,0.0,ADANIENT.NS,Adani Enterprises Limited,Thermal Coal,Energy,Mr. Gautambhai Shantilal Adani S.Y. B.Com,"Ahmedabad, India",https://www.adanienterprises.com,2311.75,2238.85,2668245024768,77.16122,29.96,0.00059999997,3743.9,2025.0
2021-07-02 00:00:00+05:30,1487.5281467966597,2314.95,2213.75,1419.4527587890625,1376164,0.0,0.0,ADANIENT.NS,Adani Enterprises Limited,Thermal Coal,Energy,Mr. Gautambhai Shantilal Adani S.Y. B.Com,"Ahmedabad, India",https://www.adanienterprises.com,2311.75,2238.85,2668245024768,77.16122,29.96,0.00059999997,3743.9,2025.0
2021-07-05 00:00:00+05:30,1424.3939872261058,2314.95,2213.75,1391.8035888671875,1376164,0.0,0.0,ADANIENT.NS,Adani Enterprises Limited,Thermal Coal,Energy,Mr. Gautambhai Shantilal Adani S.Y. B.Com,"Ahmedabad, India",https://www.adanienterprises.com,2311.75,2238.85,2668245024768,77.16122,29.96,0.00059999997,3743.9,2025.0
2021-07-06 00:00:00+05:30,1398.3415478514432,2314.95,2213.75,1412.2161865234375,1376164,0.0,0.0,ADANIENT.NS,Adani Enterprises Limited,Thermal Coal,Energy,Mr. Gautambhai Shantilal Adani S.Y. B.Com,"Ahmedabad, India",https://www.adanienterprises.com,2311.75,2238.85,2668245024768,77.16122,29.96,0.00059999997,3743.9,2025.0
2021-07-07 00:00:00+05:30,1417.4066808374914,2314.95,2213.75,1423.04638671875,1376164,0.0,0.0,ADANIENT.NS,Adani Enterprises Limited,Thermal Coal,Energy,Mr. Gautambhai Shantilal Adani S.Y. B.Com,"Ahmedabad, India",https://www.adanienterprises.com,2311.75,2238.85,2668245024768,77.16122,29.96,0.00059999997,3743.9,2025.0
2021-07-08 00:00:00+05:30,1417.4066492577288,2314.95,2213.75,1423.2958984375,1376164,0.0,0.0,ADANIENT.NS,Adani Enterprises Limited,Thermal Coal,Energy,Mr. Gautambhai Shantilal Adani S.Y. B.Com,"Ahmedabad, India",https://www.adanienterprises.com,2311.75,2238.85,2668245024768,77.16122,29.96,0.00059999997,3743.9,2025.0
2021-07-09 00:00:00+05:30,1423.2957205455118,2314.95,2213.75,1428.7357177734375,1376164,0.0,0.0,ADANIENT.NS,Adani Enterprises Limited,Thermal Coal,Energy,Mr. Gautambhai Shantilal Adani S.Y. B.Com,"Ahmedabad, India",https://www.adanienterprises.com,2311.75,2238.85,2668245024768,77.16122,29.96,0.00059999997,3743.9,2025.0
2021-07-12 00:00:00+05:30,1439.366371625452,2314.95,2213.75,1418.105224609375,1376164,0.0,0.0,ADANIENT.NS,Adani Enterprises Limited,Thermal Coal,Energy,Mr. Gautambhai Shantilal Adani S.Y. B.Com,"Ahmedabad, India",https://www.adanienterprises.com,2311.75,2238.85,2668245024768,77.16122,29.96,0.00059999997,3743.9,2025.0
2021-07-13 00:00:00+05:30,1430.382823172919,2314.95,2213.75,1415.1107177734375,1376164,0.0,0.0,ADANIENT.NS,Adani Enterprises Limited,Thermal Coal,Energy,Mr. Gautambhai Shantilal Adani S.Y. B.Com,"Ahmedabad, India",https://www.adanienterprises.com,2311.75,2238.85,2668245024768,77.16122,29.96,0.00059999997,3743.9,2025.0
2021-07-14 00:00:00+05:30,1446.353582844736,2314.95,2213.75,1399.4893798828125,1376164,0.0,0.0,ADANIENT.NS,Adani Enterprises Limited,Thermal Coal,Energy,Mr. Gautambhai Shantilal Adani S.Y. B.Com,"Ahmedabad, India",https://www.adanienterprises.com,2311.75,2238.85,2668245024768,77.16122,29.96,0.00059999997,3743.9,2025.0
2021-07-15 00:00:00+05:30,1396.4449346215679,2314.95,2213.75,1405.3785400390625,1376164,0.0,0.0,ADANIENT.NS,Adani Enterprises Limited,Thermal Coal,Energy,Mr. Gautambhai Shantilal Adani S.Y. B.Com,"Ahmedabad, India",https://www.adanienterprises.com,2311.75,2238.85,2668245024768,77.16122,29.96,0.00059999997,3743.9,2025.0
2021-07-16 00:00:00+05:30,1406.4267611365215,2314.95,2213.75,1392.951416015625,1376164,0.0,0.0,ADANIENT.NS,Adani Enterprises Limited,Thermal Coal,Energy,Mr. Gautambhai Shantilal Adani S.Y. B.Com,"Ahmedabad, India",https://www.adanienterprises.com,2311.75,2238.85,2668245024768,77.16122,29.96,0.00059999997,3743.9,2025.0
2021-07-19 00:00:00+05:30,1387.4614706174914,2314.95,2213.75,1378.07861328125,1376164,0.0,0.0,ADANIENT.NS,Adani Enterprises Limited,Thermal Coal,Energy,Mr. Gautambhai Shantilal Adani S.Y. B.Com,"Ahmedabad, India",https://www.adanienterprises.com,2311.75,2238.85,2668245024768,77.16122,29.96,0.00059999997,3743.9,2025.0
2021-07-20 00:00:00+05:30,1337.5526747226938,2314.95,2213.75,1363.2056884765625,1376164,0.0,0.0,ADANIENT.NS,Adani Enterprises Limited,Thermal Coal,Energy,Mr. Gautambhai Shantilal Adani S.Y. B.Com,"Ahmedabad, India",https://www.adanienterprises.com,2311.75,2238.85,2668245024768,77.16122,29.96,0.00059999997,3743.9,2025.0
2021-07-22 00:00:00+05:30,1372.488845440158,2314.95,2213.75,1414.16259765625,1376164,0.0,0.0,ADANIENT.NS,Adani Enterprises Limited,Thermal Coal,Energy,Mr. Gautambhai Shantilal Adani S.Y. B.Com,"Ahmedabad, India",https://www.adanienterprises.com,2311.75,2238.85,2668245024768,77.16122,29.96,0.00059999997,3743.9,2025.0
2021-07-23 00:00:00+05:30,1427.388285831161,2314.95,2213.75,1399.090087890625,1376164,0.0,0.0,ADANIENT.NS,Adani Enterprises Limited,Thermal Coal,Energy,Mr. Gautambhai Shantilal Adani S.Y. B.Com,"Ahmedabad, India",https://www.adanienterprises.com,2311.75,2238.85,2668245024768,77.16122,29.96,0.00059999997,3743.9,2025.0
2021-07-26 00:00:00+05:30,1397.243571834706,2314.95,2213.75,1401.3360595703125,1376164,0.0,0.0,ADANIENT.NS,Adani Enterprises Limited,Thermal Coal,Energy,Mr. Gautambhai Shantilal Adani S.Y. B.Com,"Ahmedabad, India",https://www.adanienterprises.com,2311.75,2238.85,2668245024768,77.16122,29.96,0.00059999997,3743.9,2025.0
2021-07-27 00:00:00+05:30,1401.3360629079486,2314.95,2213.75,1394.1990966796875,1376164,0.0,0.0,ADANIENT.NS,Adani Enterprises Limited,Thermal Coal,Energy,Mr. Gautambhai Shantilal Adani S.Y. B.Com,"Ahmedabad, India",https://www.adanienterprises.com,2311.75,2238.85,2668245024768,77.16122,29.96,0.00059999997,3743.9,2025.0
2021-07-28 00:00:00+05:30,1404.2805195728304,2314.95,2213.75,1397.34326171875,1376164,0.0,0.0,ADANIENT.NS,Adani Enterprises Limited,Thermal Coal,Energy,Mr. Gautambhai Shantilal Adani S.Y. B.Com,"Ahmedabad, India",https://www.adanienterprises.com,2311.75,2238.85,2668245024768,77.16122,29.96,0.00059999997,3743.9,2025.0
2021-07-29 00:00:00+05:30,1411.3675569603006,2314.95,2213.75,1397.692626953125,1376164,0.0,0.0,ADANIENT.NS,Adani Enterprises Limited,Thermal Coal,Energy,Mr. Gautambhai Shantilal Adani S.Y. B.Com,"Ahmedabad, India",https://www.adanienterprises.com,2311.75,2238.85,2668245024768,77.16122,29.96,0.00059999997,3743.9,2025.0
2021-07-30 00:00:00+05:30,1406.9258823270552,2314.95,2213.75,1417.65625,1376164,0.0,0.0,ADANIENT.NS,Adani Enterprises Limited,Thermal Coal,Energy,Mr. Gautambhai Shantilal Adani S.Y. B.Com,"Ahmedabad, India",https://www.adanienterprises.com,2311.75,2238.85,2668245024768,77.16122,29.96,0.00059999997,3743.9,2025.0
2021-08-02 00:00:00+05:30,1432.3791353632666,2314.95,2213.75,1435.5732421875,1376164,0.0,0.0,ADANIENT.NS,Adani Enterprises Limited,Thermal Coal,Energy,Mr. Gautambhai Shantilal Adani S.Y. B.Com,"Ahmedabad, India",https://www.adanienterprises.com,2311.75,2238.85,2668245024768,77.16122,29.96,0.00059999997,3743.9,2025.0
2021-08-03 00:00:00+05:30,1464.3207934603886,2314.95,2213.75,1440.1650390625,1376164,0.0,0.0,ADANIENT.NS,Adani Enterprises Limited,Thermal Coal,Energy,Mr. Gautambhai Shantilal Adani S.Y. B.Com,"Ahmedabad, India",https://www.adanienterprises.com,2311.75,2238.85,2668245024768,77.16122,29.96,0.00059999997,3743.9,2025.0
2021-08-04 00:00:00+05:30,1457.333548290247,2314.95,2213.75,1426.939208984375,1376164,0.0,0.0,ADANIENT.NS,Adani Enterprises Limited,Thermal Coal,Energy,Mr. Gautambhai Shantilal Adani S.Y. B.Com,"Ahmedabad, India",https://www.adanienterprises.com,2311.75,2238.85,2668245024768,77.16122,29.96,0.00059999997,3743.9,2025.0
2021-08-05 00:00:00+05:30,1425.3919777640872,2314.95,2213.75,1429.7340087890625,1376164,0.0,0.0,ADANIENT.NS,Adani Enterprises Limited,Thermal Coal,Energy,Mr. Gautambhai Shantilal Adani S.Y. B.Com,"Ahmedabad, India",https://www.adanienterprises.com,2311.75,2238.85,2668245024768,77.16122,29.96,0.00059999997,3743.9,2025.0
2021-08-06 00:00:00+05:30,1419.4029897911835,2314.95,2213.75,1533.8436279296875,1376164,0.0,0.0,ADANIENT.NS,Adani Enterprises Limited,Thermal Coal,Energy,Mr. Gautambhai Shantilal Adani S.Y. B.Com,"Ahmedabad, India",https://www.adanienterprises.com,2311.75,2238.85,2668245024768,77.16122,29.96,0.00059999997,3743.9,2025.0
2021-08-09 00:00:00+05:30,1543.875065363772,2314.95,2213.75,1490.6724853515625,1376164,0.0,0.0,ADANIENT.NS,Adani Enterprises Limited,Thermal Coal,Energy,Mr. Gautambhai Shantilal Adani S.Y. B.Com,"Ahmedabad, India",https://www.adanienterprises.com,2311.75,2238.85,2668245024768,77.16122,29.96,0.00059999997,3743.9,2025.0
2021-08-10 00:00:00+05:30,1485.2822343263913,2314.95,2213.75,1443.8580322265625,1376164,0.0,0.0,ADANIENT.NS,Adani Enterprises Limited,Thermal Coal,Energy,Mr. Gautambhai Shantilal Adani S.Y. B.Com,"Ahmedabad, India",https://www.adanienterprises.com,2311.75,2238.85,2668245024768,77.16122,29.96,0.00059999997,3743.9,2025.0
2021-08-11 00:00:00+05:30,1452.342705945492,2314.95,2213.75,1434.425537109375,1376164,0.0,0.0,ADANIENT.NS,Adani Enterprises Limited,Thermal Coal,Energy,Mr. Gautambhai Shantilal Adani S.Y. B.Com,"Ahmedabad, India",https://www.adanienterprises.com,2311.75,2238.85,2668245024768,77.16122,29.96,0.00059999997,3743.9,2025.0
2021-08-12 00:00:00+05:30,1440.963443317342,2314.95,2213.75,1440.2647705078125,1376164,0.0,0.0,ADANIENT.NS,Adani Enterprises Limited,Thermal Coal,Energy,Mr. Gautambhai Shantilal Adani S.Y. B.Com,"Ahmedabad, India",https://www.adanienterprises.com,2311.75,2238.85,2668245024768,77.16122,29.96,0.00059999997,3743.9,2025.0
2021-08-13 00:00:00+05:30,1442.360877220881,2314.95,2213.75,1434.37548828125,1376164,0.0,0.0,ADANIENT.NS,Adani Enterprises Limited,Thermal Coal,Energy,Mr. Gautambhai Shantilal Adani S.Y. B.Com,"Ahmedabad, India",https://www.adanienterprises.com,2311.75,2238.85,2668245024768,77.16122,29.96,0.00059999997,3743.9,2025.0
2021-08-16 00:00:00+05:30,1428.8853823252325,2314.95,2213.75,1427.4879150390625,1376164,0.0,0.0,ADANIENT.NS,Adani Enterprises Limited,Thermal Coal,Energy,Mr. Gautambhai Shantilal Adani S.Y. B.Com,"Ahmedabad, India",https://www.adanienterprises.com,2311.75,2238.85,2668245024768,77.16122,29.96,0.00059999997,3743.9,2025.0
2021-08-17 00:00:00+05:30,1428.3863947636905,2314.95,2213.75,1439.0169677734375,1376164,0.0,0.0,ADANIENT.NS,Adani Enterprises Limited,Thermal Coal,Energy,Mr. Gautambhai Shantilal Adani S.Y. B.Com,"Ahmedabad, India",https://www.adanienterprises.com,2311.75,2238.85,2668245024768,77.16122,29.96,0.00059999997,3743.9,2025.0
2021-08-18 00:00:00+05:30,1439.2665778061707,2314.95,2213.75,1457.33349609375,1376164,0.0,0.0,ADANIENT.NS,Adani Enterprises Limited,Thermal Coal,Energy,Mr. Gautambhai Shantilal Adani S.Y. B.Com,"Ahmedabad, India",https://www.adanienterprises.com,2311.75,2238.85,2668245024768,77.16122,29.96,0.00059999997,3743.9,2025.0
2021-08-20 00:00:00+05:30,1435.373510152766,2314.95,2213.75,1427.4879150390625,1376164,0.0,0.0,ADANIENT.NS,Adani Enterprises Limited,Thermal Coal,Energy,Mr. Gautambhai Shantilal Adani S.Y. B.Com,"Ahmedabad, India",https://www.adanienterprises.com,2311.75,2238.85,2668245024768,77.16122,29.96,0.00059999997,3743.9,2025.0
2021-08-23 00:00:00+05:30,1412.4657549507365,2314.95,2213.75,1394.149169921875,1376164,0.0,0.0,ADANIENT.NS,Adani Enterprises Limited,Thermal Coal,Energy,Mr. Gautambhai Shantilal Adani S.Y. B.Com,"Ahmedabad, India",https://www.adanienterprises.com,2311.75,2238.85,2668245024768,77.16122,29.96,0.00059999997,3743.9,2025.0
2021-08-24 00:00:00+05:30,1404.4303956426215,2314.95,2213.75,1435.1741943359375,1376164,0.0,0.0,ADANIENT.NS,Adani Enterprises Limited,Thermal Coal,Energy,Mr. Gautambhai Shantilal Adani S.Y. B.Com,"Ahmedabad, India",https://www.adanienterprises.com,2311.75,2238.85,2668245024768,77.16122,29.96,0.00059999997,3743.9,2025.0
2021-08-25 00:00:00+05:30,1441.6123404329962,2314.95,2213.75,1472.655517578125,1376164,0.0,0.0,ADANIENT.NS,Adani Enterprises Limited,Thermal Coal,Energy,Mr. Gautambhai Shantilal Adani S.Y. B.Com,"Ahmedabad, India",https://www.adanienterprises.com,2311.75,2238.85,2668245024768,77.16122,29.96,0.00059999997,3743.9,2025.0
2021-08-26 00:00:00+05:30,1479.2934258719586,2314.95,2213.75,1473.0048828125,1376164,0.0,0.0,ADANIENT.NS,Adani Enterprises Limited,Thermal Coal,Energy,Mr. Gautambhai Shantilal Adani S.Y. B.Com,"Ahmedabad, India",https://www.adanienterprises.com,2311.75,2238.85,2668245024768,77.16122,29.96,0.00059999997,3743.9,2025.0
2021-08-27 00:00:00+05:30,1472.3060986441244,2314.95,2213.75,1503.2994384765625,1376164,0.0,0.0,ADANIENT.NS,Adani Enterprises Limited,Thermal Coal,Energy,Mr. Gautambhai Shantilal Adani S.Y. B.Com,"Ahmedabad, India",https://www.adanienterprises.com,2311.75,2238.85,2668245024768,77.16122,29.96,0.00059999997,3743.9,2025.0
2021-08-30 00:00:00+05:30,1510.98533852325,2314.95,2213.75,1513.7802734375,1376164,0.0,0.0,ADANIENT.NS,Adani Enterprises Limited,Thermal Coal,Energy,Mr. Gautambhai Shantilal Adani S.Y. B.Com,"Ahmedabad, India",https://www.adanienterprises.com,2311.75,2238.85,2668245024768,77.16122,29.96,0.00059999997,3743.9,2025.0
2021-08-31 00:00:00+05:30,1514.5289059813435,2314.95,2213.75,1584.700439453125,1376164,0.0,0.0,ADANIENT.NS,Adani Enterprises Limited,Thermal Coal,Energy,Mr. Gautambhai Shantilal Adani S.Y. B.Com,"Ahmedabad, India",https://www.adanienterprises.com,2311.75,2238.85,2668245024768,77.16122,29.96,0.00059999997,3743.9,2025.0
2021-09-01 00:00:00+05:30,1591.987262741482,2314.95,2213.75,1562.3414306640625,1376164,0.0,0.0,ADANIENT.NS,Adani Enterprises Limited,Thermal Coal,Energy,Mr. Gautambhai Shantilal Adani S.Y. B.Com,"Ahmedabad, India",https://www.adanienterprises.com,2311.75,2238.85,2668245024768,77.16122,29.96,0.00059999997,3743.9,2025.0
2021-09-02 00:00:00+05:30,1568.1308921240616,2314.95,2213.75,1567.6817626953125,1376164,0.0,0.0,ADANIENT.NS,Adani Enterprises Limited,Thermal Coal,Energy,Mr. Gautambhai Shantilal Adani S.Y. B.Com,"Ahmedabad, India",https://www.adanienterprises.com,2311.75,2238.85,2668245024768,77.16122,29.96,0.00059999997,3743.9,2025.0
2021-09-03 00:00:00+05:30,1575.617095839325,2314.95,2213.75,1562.6907958984375,1376164,0.0,0.0,ADANIENT.NS,Adani Enterprises Limited,Thermal Coal,Energy,Mr. Gautambhai Shantilal Adani S.Y. B.Com,"Ahmedabad, India",https://www.adanienterprises.com,2311.75,2238.85,2668245024768,77.16122,29.96,0.00059999997,3743.9,2025.0
2021-09-06 00:00:00+05:30,1569.1289812514815,2314.95,2213.75,1579.1107177734375,1376164,0.0,0.0,ADANIENT.NS,Adani Enterprises Limited,Thermal Coal,Energy,Mr. Gautambhai Shantilal Adani S.Y. B.Com,"Ahmedabad, India",https://www.adanienterprises.com,2311.75,2238.85,2668245024768,77.16122,29.96,0.00059999997,3743.9,2025.0
2021-09-07 00:00:00+05:30,1582.2050840314873,2314.95,2213.75,1555.25439453125,1376164,0.0,0.0,ADANIENT.NS,Adani Enterprises Limited,Thermal Coal,Energy,Mr. Gautambhai Shantilal Adani S.Y. B.Com,"Ahmedabad, India",https://www.adanienterprises.com,2311.75,2238.85,2668245024768,77.16122,29.96,0.00059999997,3743.9,2025.0
2021-09-08 00:00:00+05:30,1557.0511354804112,2314.95,2213.75,1553.1082763671875,1376164,0.0,0.0,ADANIENT.NS,Adani Enterprises Limited,Thermal Coal,Energy,Mr. Gautambhai Shantilal Adani S.Y. B.Com,"Ahmedabad, India",https://www.adanienterprises.com,2311.75,2238.85,2668245024768,77.16122,29.96,0.00059999997,3743.9,2025.0
2021-09-09 00:00:00+05:30,1558.7480035431465,2314.95,2213.75,1542.1783447265625,1376164,0.0,0.0,ADANIENT.NS,Adani Enterprises Limited,Thermal Coal,Energy,Mr. Gautambhai Shantilal Adani S.Y. B.Com,"Ahmedabad, India",https://www.adanienterprises.com,2311.75,2238.85,2668245024768,77.16122,29.96,0.00059999997,3743.9,2025.0
2021-09-13 00:00:00+05:30,1545.1726483471577,2314.95,2213.75,1529.6510009765625,1376164,0.0,0.0,ADANIENT.NS,Adani Enterprises Limited,Thermal Coal,Energy,Mr. Gautambhai Shantilal Adani S.Y. B.Com,"Ahmedabad, India",https://www.adanienterprises.com,2311.75,2238.85,2668245024768,77.16122,29.96,0.00059999997,3743.9,2025.0
2021-09-14 00:00:00+05:30,1537.0875881696063,2314.95,2213.75,1510.436279296875,1376164,0.0,0.0,ADANIENT.NS,Adani Enterprises Limited,Thermal Coal,Energy,Mr. Gautambhai Shantilal Adani S.Y. B.Com,"Ahmedabad, India",https://www.adanienterprises.com,2311.75,2238.85,2668245024768,77.16122,29.96,0.00059999997,3743.9,2025.0
2021-09-15 00:00:00+05:30,1521.2165864319431,2314.95,2213.75,1514.02978515625,1376164,0.0,0.0,ADANIENT.NS,Adani Enterprises Limited,Thermal Coal,Energy,Mr. Gautambhai Shantilal Adani S.Y. B.Com,"Ahmedabad, India",https://www.adanienterprises.com,2311.75,2238.85,2668245024768,77.16122,29.96,0.00059999997,3743.9,2025.0
2021-09-16 00:00:00+05:30,1520.2184769567916,2314.95,2213.75,1500.45458984375,1376164,0.0,0.0,ADANIENT.NS,Adani Enterprises Limited,Thermal Coal,Energy,Mr. Gautambhai Shantilal Adani S.Y. B.Com,"Ahmedabad, India",https://www.adanienterprises.com,2311.75,2238.85,2668245024768,77.16122,29.96,0.00059999997,3743.9,2025.0
2021-09-17 00:00:00+05:30,1500.4546687127045,2314.95,2213.75,1477.546630859375,1376164,0.0,0.0,ADANIENT.NS,Adani Enterprises Limited,Thermal Coal,Energy,Mr. Gautambhai Shantilal Adani S.Y. B.Com,"Ahmedabad, India",https://www.adanienterprises.com,2311.75,2238.85,2668245024768,77.16122,29.96,0.00059999997,3743.9,2025.0
2021-09-20 00:00:00+05:30,1462.2246125752026,2314.95,2213.75,1416.2586669921875,1376164,0.0,0.0,ADANIENT.NS,Adani Enterprises Limited,Thermal Coal,Energy,Mr. Gautambhai Shantilal Adani S.Y. B.Com,"Ahmedabad, India",https://www.adanienterprises.com,2311.75,2238.85,2668245024768,77.16122,29.96,0.00059999997,3743.9,2025.0
2021-09-21 00:00:00+05:30,1417.4066064053952,2314.95,2213.75,1438.8173828125,1376164,0.0,0.0,ADANIENT.NS,Adani Enterprises Limited,Thermal Coal,Energy,Mr. Gautambhai Shantilal Adani S.Y. B.Com,"Ahmedabad, India",https://www.adanienterprises.com,2311.75,2238.85,2668245024768,77.16122,29.96,0.00059999997,3743.9,2025.0
2021-09-22 00:00:00+05:30,1432.3791680081454,2314.95,2213.75,1435.1241455078125,1376164,0.0,0.0,ADANIENT.NS,Adani Enterprises Limited,Thermal Coal,Energy,Mr. Gautambhai Shantilal Adani S.Y. B.Com,"Ahmedabad, India",https://www.adanienterprises.com,2311.75,2238.85,2668245024768,77.16122,29.96,0.00059999997,3743.9,2025.0
2021-09-23 00:00:00+05:30,1450.346244517351,2314.95,2213.75,1471.6572265625,1376164,0.0,0.0,ADANIENT.NS,Adani Enterprises Limited,Thermal Coal,Energy,Mr. Gautambhai Shantilal Adani S.Y. B.Com,"Ahmedabad, India",https://www.adanienterprises.com,2311.75,2238.85,2668245024768,77.16122,29.96,0.00059999997,3743.9,2025.0
2021-09-24 00:00:00+05:30,1480.2914194346768,2314.95,2213.75,1459.0302734375,1376164,0.0,0.0,ADANIENT.NS,Adani Enterprises Limited,Thermal Coal,Energy,Mr. Gautambhai Shantilal Adani S.Y. B.Com,"Ahmedabad, India",https://www.adanienterprises.com,2311.75,2238.85,2668245024768,77.16122,29.96,0.00059999997,3743.9,2025.0
2021-09-27 00:00:00+05:30,1459.3298453443876,2314.95,2213.75,1528.453369140625,1376164,0.0,0.0,ADANIENT.NS,Adani Enterprises Limited,Thermal Coal,Energy,Mr. Gautambhai Shantilal Adani S.Y. B.Com,"Ahmedabad, India",https://www.adanienterprises.com,2311.75,2238.85,2668245024768,77.16122,29.96,0.00059999997,3743.9,2025.0
2021-09-28 00:00:00+05:30,1554.156395924413,2314.95,2213.75,1484.583740234375,1376164,0.0,0.0,ADANIENT.NS,Adani Enterprises Limited,Thermal Coal,Energy,Mr. Gautambhai Shantilal Adani S.Y. B.Com,"Ahmedabad, India",https://www.adanienterprises.com,2311.75,2238.85,2668245024768,77.16122,29.96,0.00059999997,3743.9,2025.0
2021-09-29 00:00:00+05:30,1463.6221310375015,2314.95,2213.75,1482.936767578125,1376164,0.0,0.0,ADANIENT.NS,Adani Enterprises Limited,Thermal Coal,Energy,Mr. Gautambhai Shantilal Adani S.Y. B.Com,"Ahmedabad, India",https://www.adanienterprises.com,2311.75,2238.85,2668245024768,77.16122,29.96,0.00059999997,3743.9,2025.0
2021-09-30 00:00:00+05:30,1481.9883592790625,2314.95,2213.75,1465.418701171875,1376164,0.0,0.0,ADANIENT.NS,Adani Enterprises Limited,Thermal Coal,Energy,Mr. Gautambhai Shantilal Adani S.Y. B.Com,"Ahmedabad, India",https://www.adanienterprises.com,2311.75,2238.85,2668245024768,77.16122,29.96,0.00059999997,3743.9,2025.0
2021-10-01 00:00:00+05:30,1462.32443155334,2314.95,2213.75,1456.035888671875,1376164,0.0,0.0,ADANIENT.NS,Adani Enterprises Limited,Thermal Coal,Energy,Mr. Gautambhai Shantilal Adani S.Y. B.Com,"Ahmedabad, India",https://www.adanienterprises.com,2311.75,2238.85,2668245024768,77.16122,29.96,0.00059999997,3743.9,2025.0
2021-10-04 00:00:00+05:30,1468.313546426178,2314.95,2213.75,1523.8619384765625,1376164,0.0,0.0,ADANIENT.NS,Adani Enterprises Limited,Thermal Coal,Energy,Mr. Gautambhai Shantilal Adani S.Y. B.Com,"Ahmedabad, India",https://www.adanienterprises.com,2311.75,2238.85,2668245024768,77.16122,29.96,0.00059999997,3743.9,2025.0
2021-10-05 00:00:00+05:30,1512.233064437446,2314.95,2213.75,1524.8599853515625,1376164,0.0,0.0,ADANIENT.NS,Adani Enterprises Limited,Thermal Coal,Energy,Mr. Gautambhai Shantilal Adani S.Y. B.Com,"Ahmedabad, India",https://www.adanienterprises.com,2311.75,2238.85,2668245024768,77.16122,29.96,0.00059999997,3743.9,2025.0
2021-10-06 00:00:00+05:30,1527.0060010309094,2314.95,2213.75,1476.8477783203125,1376164,0.0,0.0,ADANIENT.NS,Adani Enterprises Limited,Thermal Coal,Energy,Mr. Gautambhai Shantilal Adani S.Y. B.Com,"Ahmedabad, India",https://www.adanienterprises.com,2311.75,2238.85,2668245024768,77.16122,29.96,0.00059999997,3743.9,2025.0
2021-10-07 00:00:00+05:30,1500.1052019937972,2314.95,2213.75,1517.9725341796875,1376164,0.0,0.0,ADANIENT.NS,Adani Enterprises Limited,Thermal Coal,Energy,Mr. Gautambhai Shantilal Adani S.Y. B.Com,"Ahmedabad, India",https://www.adanienterprises.com,2311.75,2238.85,2668245024768,77.16122,29.96,0.00059999997,3743.9,2025.0
2021-10-08 00:00:00+05:30,1519.220276462953,2314.95,2213.75,1545.072998046875,1376164,0.0,0.0,ADANIENT.NS,Adani Enterprises Limited,Thermal Coal,Energy,Mr. Gautambhai Shantilal Adani S.Y. B.Com,"Ahmedabad, India",https://www.adanienterprises.com,2311.75,2238.85,2668245024768,77.16122,29.96,0.00059999997,3743.9,2025.0
2021-10-11 00:00:00+05:30,1550.1636669755387,2314.95,2213.75,1536.9378662109375,1376164,0.0,0.0,ADANIENT.NS,Adani Enterprises Limited,Thermal Coal,Energy,Mr. Gautambhai Shantilal Adani S.Y. B.Com,"Ahmedabad, India",https://www.adanienterprises.com,2311.75,2238.85,2668245024768,77.16122,29.96,0.00059999997,3743.9,2025.0
2021-10-12 00:00:00+05:30,1536.1892279552137,2314.95,2213.75,1551.6109619140625,1376164,0.0,0.0,ADANIENT.NS,Adani Enterprises Limited,Thermal Coal,Energy,Mr. Gautambhai Shantilal Adani S.Y. B.Com,"Ahmedabad, India",https://www.adanienterprises.com,2311.75,2238.85,2668245024768,77.16122,29.96,0.00059999997,3743.9,2025.0
2021-10-13 00:00:00+05:30,1565.58541282014,2314.95,2213.75,1566.8331298828125,1376164,0.0,0.0,ADANIENT.NS,Adani Enterprises Limited,Thermal Coal,Energy,Mr. Gautambhai Shantilal Adani S.Y. B.Com,"Ahmedabad, India",https://www.adanienterprises.com,2311.75,2238.85,2668245024768,77.16122,29.96,0.00059999997,3743.9,2025.0
2021-10-14 00:00:00+05:30,1577.1143433342238,2314.95,2213.75,1643.3431396484375,1376164,0.0,0.0,ADANIENT.NS,Adani Enterprises Limited,Thermal Coal,Energy,Mr. Gautambhai Shantilal Adani S.Y. B.Com,"Ahmedabad, India",https://www.adanienterprises.com,2311.75,2238.85,2668245024768,77.16122,29.96,0.00059999997,3743.9,2025.0
2021-10-18 00:00:00+05:30,1669.8945890307168,2314.95,2213.75,1612.549560546875,1376164,0.0,0.0,ADANIENT.NS,Adani Enterprises Limited,Thermal Coal,Energy,Mr. Gautambhai Shantilal Adani S.Y. B.Com,"Ahmedabad, India",https://www.adanienterprises.com,2311.75,2238.85,2668245024768,77.16122,29.96,0.00059999997,3743.9,2025.0
2021-10-19 00:00:00+05:30,1622.2318002850877,2314.95,2213.75,1566.5836181640625,1376164,0.0,0.0,ADANIENT.NS,Adani Enterprises Limited,Thermal Coal,Energy,Mr. Gautambhai Shantilal Adani S.Y. B.Com,"Ahmedabad, India",https://www.adanienterprises.com,2311.75,2238.85,2668245024768,77.16122,29.96,0.00059999997,3743.9,2025.0
2021-10-20 00:00:00+05:30,1571.1252321501438,2314.95,2213.75,1586.7965087890625,1376164,0.0,0.0,ADANIENT.NS,Adani Enterprises Limited,Thermal Coal,Energy,Mr. Gautambhai Shantilal Adani S.Y. B.Com,"Ahmedabad, India",https://www.adanienterprises.com,2311.75,2238.85,2668245024768,77.16122,29.96,0.00059999997,3743.9,2025.0
2021-10-21 00:00:00+05:30,1599.0243863419596,2314.95,2213.75,1592.1370849609375,1376164,0.0,0.0,ADANIENT.NS,Adani Enterprises Limited,Thermal Coal,Energy,Mr. Gautambhai Shantilal Adani S.Y. B.Com,"Ahmedabad, India",https://www.adanienterprises.com,2311.75,2238.85,2668245024768,77.16122,29.96,0.00059999997,3743.9,2025.0
2021-10-22 00:00:00+05:30,1592.1369962461838,2314.95,2213.75,1540.1820068359375,1376164,0.0,0.0,ADANIENT.NS,Adani Enterprises Limited,Thermal Coal,Energy,Mr. Gautambhai Shantilal Adani S.Y. B.Com,"Ahmedabad, India",https://www.adanienterprises.com,2311.75,2238.85,2668245024768,77.16122,29.96,0.00059999997,3743.9,2025.0
2021-10-25 00:00:00+05:30,1542.1781596429894,2314.95,2213.75,1529.4014892578125,1376164,0.0,0.0,ADANIENT.NS,Adani Enterprises Limited,Thermal Coal,Energy,Mr. Gautambhai Shantilal Adani S.Y. B.Com,"Ahmedabad, India",https://www.adanienterprises.com,2311.75,2238.85,2668245024768,77.16122,29.96,0.00059999997,3743.9,2025.0
2021-10-26 00:00:00+05:30,1529.2020618920253,2314.95,2213.75,1541.0303955078125,1376164,0.0,0.0,ADANIENT.NS,Adani Enterprises Limited,Thermal Coal,Energy,Mr. Gautambhai Shantilal Adani S.Y. B.Com,"Ahmedabad, India",https://www.adanienterprises.com,2311.75,2238.85,2668245024768,77.16122,29.96,0.00059999997,3743.9,2025.0
2021-10-27 00:00:00+05:30,1545.1727950785066,2314.95,2213.75,1563.68896484375,1376164,0.0,0.0,ADANIENT.NS,Adani Enterprises Limited,Thermal Coal,Energy,Mr. Gautambhai Shantilal Adani S.Y. B.Com,"Ahmedabad, India",https://www.adanienterprises.com,2311.75,2238.85,2668245024768,77.16122,29.96,0.00059999997,3743.9,2025.0
2021-10-28 00:00:00+05:30,1547.1692047829251,2314.95,2213.75,1395.995849609375,1376164,0.0,0.0,ADANIENT.NS,Adani Enterprises Limited,Thermal Coal,Energy,Mr. Gautambhai Shantilal Adani S.Y. B.Com,"Ahmedabad, India",https://www.adanienterprises.com,2311.75,2238.85,2668245024768,77.16122,29.96,0.00059999997,3743.9,2025.0
2021-10-29 00:00:00+05:30,1397.4431259604269,2314.95,2213.75,1421.0,1376164,0.0,0.0,ADANIENT.NS,Adani Enterprises Limited,Thermal Coal,Energy,Mr. Gautambhai Shantilal Adani S.Y. B.Com,"Ahmedabad, India",https://www.adanienterprises.com,2311.75,2238.85,2668245024768,77.16122,29.96,0.00059999997,3743.9,2025.0
2021-11-01 00:00:00+05:30,1433.377336865571,2314.95,2213.75,1442.660400390625,1376164,0.0,0.0,ADANIENT.NS,Adani Enterprises Limited,Thermal Coal,Energy,Mr. Gautambhai Shantilal Adani S.Y. B.Com,"Ahmedabad, India",https://www.adanienterprises.com,2311.75,2238.85,2668245024768,77.16122,29.96,0.00059999997,3743.9,2025.0
2021-11-02 00:00:00+05:30,1452.34256883736,2314.95,2213.75,1470.110107421875,1376164,0.0,0.0,ADANIENT.NS,Adani Enterprises Limited,Thermal Coal,Energy,Mr. Gautambhai Shantilal Adani S.Y. B.Com,"Ahmedabad, India",https://www.adanienterprises.com,2311.75,2238.85,2668245024768,77.16122,29.96,0.00059999997,3743.9,2025.0
2021-11-03 00:00:00+05:30,1471.3079882650168,2314.95,2213.75,1483.186279296875,1376164,0.0,0.0,ADANIENT.NS,Adani Enterprises Limited,Thermal Coal,Energy,Mr. Gautambhai Shantilal Adani S.Y. B.Com,"Ahmedabad, India",https://www.adanienterprises.com,2311.75,2238.85,2668245024768,77.16122,29.96,0.00059999997,3743.9,2025.0
2021-11-04 00:00:00+05:30,1492.269526456177,2314.95,2213.75,1486.7296142578125,1376164,0.0,0.0,ADANIENT.NS,Adani Enterprises Limited,Thermal Coal,Energy,Mr. Gautambhai Shantilal Adani S.Y. B.Com,"Ahmedabad, India",https://www.adanienterprises.com,2311.75,2238.85,2668245024768,77.16122,29.96,0.00059999997,3743.9,2025.0
2021-11-08 00:00:00+05:30,1492.2695262683326,2314.95,2213.75,1565.3857421875,1376164,0.0,0.0,ADANIENT.NS,Adani Enterprises Limited,Thermal Coal,Energy,Mr. Gautambhai Shantilal Adani S.Y. B.Com,"Ahmedabad, India",https://www.adanienterprises.com,2311.75,2238.85,2668245024768,77.16122,29.96,0.00059999997,3743.9,2025.0
2021-11-09 00:00:00+05:30,1552.1599929868069,2314.95,2213.75,1632.4630126953125,1376164,0.0,0.0,ADANIENT.NS,Adani Enterprises Limited,Thermal Coal,Energy,Mr. Gautambhai Shantilal Adani S.Y. B.Com,"Ahmedabad, India",https://www.adanienterprises.com,2311.75,2238.85,2668245024768,77.16122,29.96,0.00059999997,3743.9,2025.0
2021-11-10 00:00:00+05:30,1622.5812173297106,2314.95,2213.75,1652.8258056640625,1376164,0.0,0.0,ADANIENT.NS,Adani Enterprises Limited,Thermal Coal,Energy,Mr. Gautambhai Shantilal Adani S.Y. B.Com,"Ahmedabad, India",https://www.adanienterprises.com,2311.75,2238.85,2668245024768,77.16122,29.96,0.00059999997,3743.9,2025.0
2021-11-11 00:00:00+05:30,1646.986562880874,2314.95,2213.75,1661.859375,1376164,0.0,0.0,ADANIENT.NS,Adani Enterprises Limited,Thermal Coal,Energy,Mr. Gautambhai Shantilal Adani S.Y. B.Com,"Ahmedabad, India",https://www.adanienterprises.com,2311.75,2238.85,2668245024768,77.16122,29.96,0.00059999997,3743.9,2025.0
2021-11-12 00:00:00+05:30,1675.2349191140465,2314.95,2213.75,1702.085693359375,1376164,0.0,0.0,ADANIENT.NS,Adani Enterprises Limited,Thermal Coal,Energy,Mr. Gautambhai Shantilal Adani S.Y. B.Com,"Ahmedabad, India",https://www.adanienterprises.com,2311.75,2238.85,2668245024768,77.16122,29.96,0.00059999997,3743.9,2025.0
2021-11-15 00:00:00+05:30,1710.62007136461,2314.95,2213.75,1746.354736328125,1376164,0.0,0.0,ADANIENT.NS,Adani Enterprises Limited,Thermal Coal,Energy,Mr. Gautambhai Shantilal Adani S.Y. B.Com,"Ahmedabad, India",https://www.adanienterprises.com,2311.75,2238.85,2668245024768,77.16122,29.96,0.00059999997,3743.9,2025.0
2021-11-16 00:00:00+05:30,1756.236458436823,2314.95,2213.75,1708.473876953125,1376164,0.0,0.0,ADANIENT.NS,Adani Enterprises Limited,Thermal Coal,Energy,Mr. Gautambhai Shantilal Adani S.Y. B.Com,"Ahmedabad, India",https://www.adanienterprises.com,2311.75,2238.85,2668245024768,77.16122,29.96,0.00059999997,3743.9,2025.0
2021-11-17 00:00:00+05:30,1710.8695111993945,2314.95,2213.75,1703.333251953125,1376164,0.0,0.0,ADANIENT.NS,Adani Enterprises Limited,Thermal Coal,Energy,Mr. Gautambhai Shantilal Adani S.Y. B.Com,"Ahmedabad, India",https://www.adanienterprises.com,2311.75,2238.85,2668245024768,77.16122,29.96,0.00059999997,3743.9,2025.0
2021-11-18 00:00:00+05:30,1704.8806144753887,2314.95,2213.75,1685.665771484375,1376164,0.0,0.0,ADANIENT.NS,Adani Enterprises Limited,Thermal Coal,Energy,Mr. Gautambhai Shantilal Adani S.Y. B.Com,"Ahmedabad, India",https://www.adanienterprises.com,2311.75,2238.85,2668245024768,77.16122,29.96,0.00059999997,3743.9,2025.0
2021-11-22 00:00:00+05:30,1688.3108947353544,2314.95,2213.75,1672.689453125,1376164,0.0,0.0,ADANIENT.NS,Adani Enterprises Limited,Thermal Coal,Energy,Mr. Gautambhai Shantilal Adani S.Y. B.Com,"Ahmedabad, India",https://www.adanienterprises.com,2311.75,2238.85,2668245024768,77.16122,29.96,0.00059999997,3743.9,2025.0
2021-11-23 00:00:00+05:30,1657.117941014162,2314.95,2213.75,1704.83056640625,1376164,0.0,0.0,ADANIENT.NS,Adani Enterprises Limited,Thermal Coal,Energy,Mr. Gautambhai Shantilal Adani S.Y. B.Com,"Ahmedabad, India",https://www.adanienterprises.com,2311.75,2238.85,2668245024768,77.16122,29.96,0.00059999997,3743.9,2025.0
2021-11-24 00:00:00+05:30,1718.4558039688507,2314.95,2213.75,1751.944580078125,1376164,0.0,0.0,ADANIENT.NS,Adani Enterprises Limited,Thermal Coal,Energy,Mr. Gautambhai Shantilal Adani S.Y. B.Com,"Ahmedabad, India",https://www.adanienterprises.com,2311.75,2238.85,2668245024768,77.16122,29.96,0.00059999997,3743.9,2025.0
2021-11-25 00:00:00+05:30,1759.730163283481,2314.95,2213.75,1759.830078125,1376164,0.0,0.0,ADANIENT.NS,Adani Enterprises Limited,Thermal Coal,Energy,Mr. Gautambhai Shantilal Adani S.Y. B.Com,"Ahmedabad, India",https://www.adanienterprises.com,2311.75,2238.85,2668245024768,77.16122,29.96,0.00059999997,3743.9,2025.0
2021-11-26 00:00:00+05:30,1736.8222661273849,2314.95,2213.75,1666.5009765625,1376164,0.0,0.0,ADANIENT.NS,Adani Enterprises Limited,Thermal Coal,Energy,Mr. Gautambhai Shantilal Adani S.Y. B.Com,"Ahmedabad, India",https://www.adanienterprises.com,2311.75,2238.85,2668245024768,77.16122,29.96,0.00059999997,3743.9,2025.0
2021-11-29 00:00:00+05:30,1651.9774609258443,2314.95,2213.75,1662.0091552734375,1376164,0.0,0.0,ADANIENT.NS,Adani Enterprises Limited,Thermal Coal,Energy,Mr. Gautambhai Shantilal Adani S.Y. B.Com,"Ahmedabad, India",https://www.adanienterprises.com,2311.75,2238.85,2668245024768,77.16122,29.96,0.00059999997,3743.9,2025.0
2021-11-30 00:00:00+05:30,1664.95372926884,2314.95,2213.75,1659.8131103515625,1376164,0.0,0.0,ADANIENT.NS,Adani Enterprises Limited,Thermal Coal,Energy,Mr. Gautambhai Shantilal Adani S.Y. B.Com,"Ahmedabad, India",https://www.adanienterprises.com,2311.75,2238.85,2668245024768,77.16122,29.96,0.00059999997,3743.9,2025.0
2021-12-01 00:00:00+05:30,1690.90607023862,2314.95,2213.75,1690.2073974609375,1376164,0.0,0.0,ADANIENT.NS,Adani Enterprises Limited,Thermal Coal,Energy,Mr. Gautambhai Shantilal Adani S.Y. B.Com,"Ahmedabad, India",https://www.adanienterprises.com,2311.75,2238.85,2668245024768,77.16122,29.96,0.00059999997,3743.9,2025.0
2021-12-02 00:00:00+05:30,1689.4090204270549,2314.95,2213.75,1729.08642578125,1376164,0.0,0.0,ADANIENT.NS,Adani Enterprises Limited,Thermal Coal,Energy,Mr. Gautambhai Shantilal Adani S.Y. B.Com,"Ahmedabad, India",https://www.adanienterprises.com,2311.75,2238.85,2668245024768,77.16122,29.96,0.00059999997,3743.9,2025.0
2021-12-03 00:00:00+05:30,1730.8331918910894,2314.95,2213.75,1704.98046875,1376164,0.0,0.0,ADANIENT.NS,Adani Enterprises Limited,Thermal Coal,Energy,Mr. Gautambhai Shantilal Adani S.Y. B.Com,"Ahmedabad, India",https://www.adanienterprises.com,2311.75,2238.85,2668245024768,77.16122,29.96,0.00059999997,3743.9,2025.0
2021-12-06 00:00:00+05:30,1706.8770146775905,2314.95,2213.75,1642.5946044921875,1376164,0.0,0.0,ADANIENT.NS,Adani Enterprises Limited,Thermal Coal,Energy,Mr. Gautambhai Shantilal Adani S.Y. B.Com,"Ahmedabad, India",https://www.adanienterprises.com,2311.75,2238.85,2668245024768,77.16122,29.96,0.00059999997,3743.9,2025.0
2021-12-07 00:00:00+05:30,1655.8702996493278,2314.95,2213.75,1675.384521484375,1376164,0.0,0.0,ADANIENT.NS,Adani Enterprises Limited,Thermal Coal,Energy,Mr. Gautambhai Shantilal Adani S.Y. B.Com,"Ahmedabad, India",https://www.adanienterprises.com,2311.75,2238.85,2668245024768,77.16122,29.96,0.00059999997,3743.9,2025.0
2021-12-08 00:00:00+05:30,1676.732191819729,2314.95,2213.75,1712.366943359375,1376164,0.0,0.0,ADANIENT.NS,Adani Enterprises Limited,Thermal Coal,Energy,Mr. Gautambhai Shantilal Adani S.Y. B.Com,"Ahmedabad, India",https://www.adanienterprises.com,2311.75,2238.85,2668245024768,77.16122,29.96,0.00059999997,3743.9,2025.0
2021-12-09 00:00:00+05:30,1721.849591868037,2314.95,2213.75,1719.1046142578125,1376164,0.0,0.0,ADANIENT.NS,Adani Enterprises Limited,Thermal Coal,Energy,Mr. Gautambhai Shantilal Adani S.Y. B.Com,"Ahmedabad, India",https://www.adanienterprises.com,2311.75,2238.85,2668245024768,77.16122,29.96,0.00059999997,3743.9,2025.0
2021-12-10 00:00:00+05:30,1707.475812196869,2314.95,2213.75,1737.221435546875,1376164,0.0,0.0,ADANIENT.NS,Adani Enterprises Limited,Thermal Coal,Energy,Mr. Gautambhai Shantilal Adani S.Y. B.Com,"Ahmedabad, India",https://www.adanienterprises.com,2311.75,2238.85,2668245024768,77.16122,29.96,0.00059999997,3743.9,2025.0
2021-12-13 00:00:00+05:30,1751.7948775832613,2314.95,2213.75,1716.40966796875,1376164,0.0,0.0,ADANIENT.NS,Adani Enterprises Limited,Thermal Coal,Energy,Mr. Gautambhai Shantilal Adani S.Y. B.Com,"Ahmedabad, India",https://www.adanienterprises.com,2311.75,2238.85,2668245024768,77.16122,29.96,0.00059999997,3743.9,2025.0
2021-12-14 00:00:00+05:30,1708.873313780036,2314.95,2213.75,1716.95849609375,1376164,0.0,0.0,ADANIENT.NS,Adani Enterprises Limited,Thermal Coal,Energy,Mr. Gautambhai Shantilal Adani S.Y. B.Com,"Ahmedabad, India",https://www.adanienterprises.com,2311.75,2238.85,2668245024768,77.16122,29.96,0.00059999997,3743.9,2025.0
2021-12-15 00:00:00+05:30,1716.858698126959,2314.95,2213.75,1692.203857421875,1376164,0.0,0.0,ADANIENT.NS,Adani Enterprises Limited,Thermal Coal,Energy,Mr. Gautambhai Shantilal Adani S.Y. B.Com,"Ahmedabad, India",https://www.adanienterprises.com,2311.75,2238.85,2668245024768,77.16122,29.96,0.00059999997,3743.9,2025.0
2021-12-16 00:00:00+05:30,1704.1818175933408,2314.95,2213.75,1698.94140625,1376164,0.0,0.0,ADANIENT.NS,Adani Enterprises Limited,Thermal Coal,Energy,Mr. Gautambhai Shantilal Adani S.Y. B.Com,"Ahmedabad, India",https://www.adanienterprises.com,2311.75,2238.85,2668245024768,77.16122,29.96,0.00059999997,3743.9,2025.0
2021-12-17 00:00:00+05:30,1695.8470852166893,2314.95,2213.75,1642.295166015625,1376164,0.0,0.0,ADANIENT.NS,Adani Enterprises Limited,Thermal Coal,Energy,Mr. Gautambhai Shantilal Adani S.Y. B.Com,"Ahmedabad, India",https://www.adanienterprises.com,2311.75,2238.85,2668245024768,77.16122,29.96,0.00059999997,3743.9,2025.0
2021-12-20 00:00:00+05:30,1626.0248722636004,2314.95,2213.75,1587.046142578125,1376164,0.0,0.0,ADANIENT.NS,Adani Enterprises Limited,Thermal Coal,Energy,Mr. Gautambhai Shantilal Adani S.Y. B.Com,"Ahmedabad, India",https://www.adanienterprises.com,2311.75,2238.85,2668245024768,77.16122,29.96,0.00059999997,3743.9,2025.0
2021-12-21 00:00:00+05:30,1618.1392850959808,2314.95,2213.75,1617.5404052734375,1376164,0.0,0.0,ADANIENT.NS,Adani Enterprises Limited,Thermal Coal,Energy,Mr. Gautambhai Shantilal Adani S.Y. B.Com,"Ahmedabad, India",https://www.adanienterprises.com,2311.75,2238.85,2668245024768,77.16122,29.96,0.00059999997,3743.9,2025.0
2021-12-22 00:00:00+05:30,1628.2707179407141,2314.95,2213.75,1655.0716552734375,1376164,0.0,0.0,ADANIENT.NS,Adani Enterprises Limited,Thermal Coal,Energy,Mr. Gautambhai Shantilal Adani S.Y. B.Com,"Ahmedabad, India",https://www.adanienterprises.com,2311.75,2238.85,2668245024768,77.16122,29.96,0.00059999997,3743.9,2025.0
2021-12-23 00:00:00+05:30,1671.6412893955387,2314.95,2213.75,1673.1385498046875,1376164,0.0,0.0,ADANIENT.NS,Adani Enterprises Limited,Thermal Coal,Energy,Mr. Gautambhai Shantilal Adani S.Y. B.Com,"Ahmedabad, India",https://www.adanienterprises.com,2311.75,2238.85,2668245024768,77.16122,29.96,0.00059999997,3743.9,2025.0
2021-12-24 00:00:00+05:30,1676.9316775704744,2314.95,2213.75,1695.098388671875,1376164,0.0,0.0,ADANIENT.NS,Adani Enterprises Limited,Thermal Coal,Energy,Mr. Gautambhai Shantilal Adani S.Y. B.Com,"Ahmedabad, India",https://www.adanienterprises.com,2311.75,2238.85,2668245024768,77.16122,29.96,0.00059999997,3743.9,2025.0
2021-12-27 00:00:00+05:30,1691.654711549438,2314.95,2213.75,1727.0399169921875,1376164,0.0,0.0,ADANIENT.NS,Adani Enterprises Limited,Thermal Coal,Energy,Mr. Gautambhai Shantilal Adani S.Y. B.Com,"Ahmedabad, India",https://www.adanienterprises.com,2311.75,2238.85,2668245024768,77.16122,29.96,0.00059999997,3743.9,2025.0
2021-12-28 00:00:00+05:30,1736.8220921750071,2314.95,2213.75,1747.802001953125,1376164,0.0,0.0,ADANIENT.NS,Adani Enterprises Limited,Thermal Coal,Energy,Mr. Gautambhai Shantilal Adani S.Y. B.Com,"Ahmedabad, India",https://www.adanienterprises.com,2311.75,2238.85,2668245024768,77.16122,29.96,0.00059999997,3743.9,2025.0
2021-12-29 00:00:00+05:30,1747.8021277983519,2314.95,2213.75,1714.912353515625,1376164,0.0,0.0,ADANIENT.NS,Adani Enterprises Limited,Thermal Coal,Energy,Mr. Gautambhai Shantilal Adani S.Y. B.Com,"Ahmedabad, India",https://www.adanienterprises.com,2311.75,2238.85,2668245024768,77.16122,29.96,0.00059999997,3743.9,2025.0
2021-12-30 00:00:00+05:30,1710.8697125382341,2314.95,2213.75,1693.3018798828125,1376164,0.0,0.0,ADANIENT.NS,Adani Enterprises Limited,Thermal Coal,Energy,Mr. Gautambhai Shantilal Adani S.Y. B.Com,"Ahmedabad, India",https://www.adanienterprises.com,2311.75,2238.85,2668245024768,77.16122,29.96,0.00059999997,3743.9,2025.0
2021-12-31 00:00:00+05:30,1691.8543630734346,2314.95,2213.75,1706.327880859375,1376164,0.0,0.0,ADANIENT.NS,Adani Enterprises Limited,Thermal Coal,Energy,Mr. Gautambhai Shantilal Adani S.Y. B.Com,"Ahmedabad, India",https://www.adanienterprises.com,2311.75,2238.85,2668245024768,77.16122,29.96,0.00059999997,3743.9,2025.0
2022-01-03 00:00:00+05:30,1709.8715927532826,2314.95,2213.75,1714.0140380859375,1376164,0.0,0.0,ADANIENT.NS,Adani Enterprises Limited,Thermal Coal,Energy,Mr. Gautambhai Shantilal Adani S.Y. B.Com,"Ahmedabad, India",https://www.adanienterprises.com,2311.75,2238.85,2668245024768,77.16122,29.96,0.00059999997,3743.9,2025.0
2022-01-04 00:00:00+05:30,1722.5981456496954,2314.95,2213.75,1715.8604736328125,1376164,0.0,0.0,ADANIENT.NS,Adani Enterprises Limited,Thermal Coal,Energy,Mr. Gautambhai Shantilal Adani S.Y. B.Com,"Ahmedabad, India",https://www.adanienterprises.com,2311.75,2238.85,2668245024768,77.16122,29.96,0.00059999997,3743.9,2025.0
2022-01-05 00:00:00+05:30,1718.8551030437275,2314.95,2213.75,1712.3170166015625,1376164,0.0,0.0,ADANIENT.NS,Adani Enterprises Limited,Thermal Coal,Energy,Mr. Gautambhai Shantilal Adani S.Y. B.Com,"Ahmedabad, India",https://www.adanienterprises.com,2311.75,2238.85,2668245024768,77.16122,29.96,0.00059999997,3743.9,2025.0
2022-01-06 00:00:00+05:30,1706.8768775766075,2314.95,2213.75,1709.97119140625,1376164,0.0,0.0,ADANIENT.NS,Adani Enterprises Limited,Thermal Coal,Energy,Mr. Gautambhai Shantilal Adani S.Y. B.Com,"Ahmedabad, India",https://www.adanienterprises.com,2311.75,2238.85,2668245024768,77.16122,29.96,0.00059999997,3743.9,2025.0
2022-01-07 00:00:00+05:30,1716.7588868531807,2314.95,2213.75,1695.996826171875,1376164,0.0,0.0,ADANIENT.NS,Adani Enterprises Limited,Thermal Coal,Energy,Mr. Gautambhai Shantilal Adani S.Y. B.Com,"Ahmedabad, India",https://www.adanienterprises.com,2311.75,2238.85,2668245024768,77.16122,29.96,0.00059999997,3743.9,2025.0
2022-01-10 00:00:00+05:30,1704.4313997437553,2314.95,2213.75,1749.3990478515625,1376164,0.0,0.0,ADANIENT.NS,Adani Enterprises Limited,Thermal Coal,Energy,Mr. Gautambhai Shantilal Adani S.Y. B.Com,"Ahmedabad, India",https://www.adanienterprises.com,2311.75,2238.85,2668245024768,77.16122,29.96,0.00059999997,3743.9,2025.0
2022-01-11 00:00:00+05:30,1754.789210941456,2314.95,2213.75,1840.5323486328125,1376164,0.0,0.0,ADANIENT.NS,Adani Enterprises Limited,Thermal Coal,Energy,Mr. Gautambhai Shantilal Adani S.Y. B.Com,"Ahmedabad, India",https://www.adanienterprises.com,2311.75,2238.85,2668245024768,77.16122,29.96,0.00059999997,3743.9,2025.0
2022-01-12 00:00:00+05:30,1869.5792422168918,2314.95,2213.75,1826.757568359375,1376164,0.0,0.0,ADANIENT.NS,Adani Enterprises Limited,Thermal Coal,Energy,Mr. Gautambhai Shantilal Adani S.Y. B.Com,"Ahmedabad, India",https://www.adanienterprises.com,2311.75,2238.85,2668245024768,77.16122,29.96,0.00059999997,3743.9,2025.0
2022-01-13 00:00:00+05:30,1830.6504523619506,2314.95,2213.75,1849.965087890625,1376164,0.0,0.0,ADANIENT.NS,Adani Enterprises Limited,Thermal Coal,Energy,Mr. Gautambhai Shantilal Adani S.Y. B.Com,"Ahmedabad, India",https://www.adanienterprises.com,2311.75,2238.85,2668245024768,77.16122,29.96,0.00059999997,3743.9,2025.0
2022-01-14 00:00:00+05:30,1846.6212125405193,2314.95,2213.75,1866.834228515625,1376164,0.0,0.0,ADANIENT.NS,Adani Enterprises Limited,Thermal Coal,Energy,Mr. Gautambhai Shantilal Adani S.Y. B.Com,"Ahmedabad, India",https://www.adanienterprises.com,2311.75,2238.85,2668245024768,77.16122,29.96,0.00059999997,3743.9,2025.0
2022-01-17 00:00:00+05:30,1872.573722132924,2314.95,2213.75,1874.3704833984375,1376164,0.0,0.0,ADANIENT.NS,Adani Enterprises Limited,Thermal Coal,Energy,Mr. Gautambhai Shantilal Adani S.Y. B.Com,"Ahmedabad, India",https://www.adanienterprises.com,2311.75,2238.85,2668245024768,77.16122,29.96,0.00059999997,3743.9,2025.0
2022-01-18 00:00:00+05:30,1881.557367445343,2314.95,2213.75,1837.5877685546875,1376164,0.0,0.0,ADANIENT.NS,Adani Enterprises Limited,Thermal Coal,Energy,Mr. Gautambhai Shantilal Adani S.Y. B.Com,"Ahmedabad, India",https://www.adanienterprises.com,2311.75,2238.85,2668245024768,77.16122,29.96,0.00059999997,3743.9,2025.0
2022-01-19 00:00:00+05:30,1836.4398361611554,2314.95,2213.75,1845.9224853515625,1376164,0.0,0.0,ADANIENT.NS,Adani Enterprises Limited,Thermal Coal,Energy,Mr. Gautambhai Shantilal Adani S.Y. B.Com,"Ahmedabad, India",https://www.adanienterprises.com,2311.75,2238.85,2668245024768,77.16122,29.96,0.00059999997,3743.9,2025.0
2022-01-20 00:00:00+05:30,1851.612101123955,2314.95,2213.75,1862.4422607421875,1376164,0.0,0.0,ADANIENT.NS,Adani Enterprises Limited,Thermal Coal,Energy,Mr. Gautambhai Shantilal Adani S.Y. B.Com,"Ahmedabad, India",https://www.adanienterprises.com,2311.75,2238.85,2668245024768,77.16122,29.96,0.00059999997,3743.9,2025.0
2022-01-21 00:00:00+05:30,1857.451261102675,2314.95,2213.75,1825.0106201171875,1376164,0.0,0.0,ADANIENT.NS,Adani Enterprises Limited,Thermal Coal,Energy,Mr. Gautambhai Shantilal Adani S.Y. B.Com,"Ahmedabad, India",https://www.adanienterprises.com,2311.75,2238.85,2668245024768,77.16122,29.96,0.00059999997,3743.9,2025.0
2022-01-24 00:00:00+05:30,1818.6723737630937,2314.95,2213.75,1712.6663818359375,1376164,0.0,0.0,ADANIENT.NS,Adani Enterprises Limited,Thermal Coal,Energy,Mr. Gautambhai Shantilal Adani S.Y. B.Com,"Ahmedabad, India",https://www.adanienterprises.com,2311.75,2238.85,2668245024768,77.16122,29.96,0.00059999997,3743.9,2025.0
2022-01-25 00:00:00+05:30,1664.9536348022777,2314.95,2213.75,1738.2196044921875,1376164,0.0,0.0,ADANIENT.NS,Adani Enterprises Limited,Thermal Coal,Energy,Mr. Gautambhai Shantilal Adani S.Y. B.Com,"Ahmedabad, India",https://www.adanienterprises.com,2311.75,2238.85,2668245024768,77.16122,29.96,0.00059999997,3743.9,2025.0
2022-01-27 00:00:00+05:30,1714.8622088268276,2314.95,2213.75,1682.920654296875,1376164,0.0,0.0,ADANIENT.NS,Adani Enterprises Limited,Thermal Coal,Energy,Mr. Gautambhai Shantilal Adani S.Y. B.Com,"Ahmedabad, India",https://www.adanienterprises.com,2311.75,2238.85,2668245024768,77.16122,29.96,0.00059999997,3743.9,2025.0
2022-01-28 00:00:00+05:30,1699.39078915789,2314.95,2213.75,1690.6068115234375,1376164,0.0,0.0,ADANIENT.NS,Adani Enterprises Limited,Thermal Coal,Energy,Mr. Gautambhai Shantilal Adani S.Y. B.Com,"Ahmedabad, India",https://www.adanienterprises.com,2311.75,2238.85,2668245024768,77.16122,29.96,0.00059999997,3743.9,2025.0
2022-01-31 00:00:00+05:30,1705.8289507713291,2314.95,2213.75,1711.8179931640625,1376164,0.0,0.0,ADANIENT.NS,Adani Enterprises Limited,Thermal Coal,Energy,Mr. Gautambhai Shantilal Adani S.Y. B.Com,"Ahmedabad, India",https://www.adanienterprises.com,2311.75,2238.85,2668245024768,77.16122,29.96,0.00059999997,3743.9,2025.0
2022-02-01 00:00:00+05:30,1724.7941307209696,2314.95,2213.75,1743.7095947265625,1376164,0.0,0.0,ADANIENT.NS,Adani Enterprises Limited,Thermal Coal,Energy,Mr. Gautambhai Shantilal Adani S.Y. B.Com,"Ahmedabad, India",https://www.adanienterprises.com,2311.75,2238.85,2668245024768,77.16122,29.96,0.00059999997,3743.9,2025.0
2022-02-02 00:00:00+05:30,1751.7948366661672,2314.95,2213.75,1776.100341796875,1376164,0.0,0.0,ADANIENT.NS,Adani Enterprises Limited,Thermal Coal,Energy,Mr. Gautambhai Shantilal Adani S.Y. B.Com,"Ahmedabad, India",https://www.adanienterprises.com,2311.75,2238.85,2668245024768,77.16122,29.96,0.00059999997,3743.9,2025.0
2022-02-03 00:00:00+05:30,1768.7136555447867,2314.95,2213.75,1748.650390625,1376164,0.0,0.0,ADANIENT.NS,Adani Enterprises Limited,Thermal Coal,Energy,Mr. Gautambhai Shantilal Adani S.Y. B.Com,"Ahmedabad, India",https://www.adanienterprises.com,2311.75,2238.85,2668245024768,77.16122,29.96,0.00059999997,3743.9,2025.0
2022-02-04 00:00:00+05:30,1754.7892489768892,2314.95,2213.75,1754.090576171875,1376164,0.0,0.0,ADANIENT.NS,Adani Enterprises Limited,Thermal Coal,Energy,Mr. Gautambhai Shantilal Adani S.Y. B.Com,"Ahmedabad, India",https://www.adanienterprises.com,2311.75,2238.85,2668245024768,77.16122,29.96,0.00059999997,3743.9,2025.0
2022-02-07 00:00:00+05:30,1761.776524070858,2314.95,2213.75,1728.63720703125,1376164,0.0,0.0,ADANIENT.NS,Adani Enterprises Limited,Thermal Coal,Energy,Mr. Gautambhai Shantilal Adani S.Y. B.Com,"Ahmedabad, India",https://www.adanienterprises.com,2311.75,2238.85,2668245024768,77.16122,29.96,0.00059999997,3743.9,2025.0
2022-02-08 00:00:00+05:30,1736.223130615033,2314.95,2213.75,1712.8658447265625,1376164,0.0,0.0,ADANIENT.NS,Adani Enterprises Limited,Thermal Coal,Energy,Mr. Gautambhai Shantilal Adani S.Y. B.Com,"Ahmedabad, India",https://www.adanienterprises.com,2311.75,2238.85,2668245024768,77.16122,29.96,0.00059999997,3743.9,2025.0
2022-02-09 00:00:00+05:30,1721.4503145610724,2314.95,2213.75,1779.8934326171875,1376164,0.0,0.0,ADANIENT.NS,Adani Enterprises Limited,Thermal Coal,Energy,Mr. Gautambhai Shantilal Adani S.Y. B.Com,"Ahmedabad, India",https://www.adanienterprises.com,2311.75,2238.85,2668245024768,77.16122,29.96,0.00059999997,3743.9,2025.0
2022-02-10 00:00:00+05:30,1795.7143547813994,2314.95,2213.75,1782.837890625,1376164,0.0,0.0,ADANIENT.NS,Adani Enterprises Limited,Thermal Coal,Energy,Mr. Gautambhai Shantilal Adani S.Y. B.Com,"Ahmedabad, India",https://www.adanienterprises.com,2311.75,2238.85,2668245024768,77.16122,29.96,0.00059999997,3743.9,2025.0
2022-02-11 00:00:00+05:30,1760.7782579654283,2314.95,2213.75,1761.0777587890625,1376164,0.0,0.0,ADANIENT.NS,Adani Enterprises Limited,Thermal Coal,Energy,Mr. Gautambhai Shantilal Adani S.Y. B.Com,"Ahmedabad, India",https://www.adanienterprises.com,2311.75,2238.85,2668245024768,77.16122,29.96,0.00059999997,3743.9,2025.0
2022-02-14 00:00:00+05:30,1733.1288450527798,2314.95,2213.75,1660.910888671875,1376164,0.0,0.0,ADANIENT.NS,Adani Enterprises Limited,Thermal Coal,Energy,Mr. Gautambhai Shantilal Adani S.Y. B.Com,"Ahmedabad, India",https://www.adanienterprises.com,2311.75,2238.85,2668245024768,77.16122,29.96,0.00059999997,3743.9,2025.0
2022-02-15 00:00:00+05:30,1633.0121515336104,2314.95,2213.75,1741.064453125,1376164,0.0,0.0,ADANIENT.NS,Adani Enterprises Limited,Thermal Coal,Energy,Mr. Gautambhai Shantilal Adani S.Y. B.Com,"Ahmedabad, India",https://www.adanienterprises.com,2311.75,2238.85,2668245024768,77.16122,29.96,0.00059999997,3743.9,2025.0
2022-02-16 00:00:00+05:30,1741.0643292155114,2314.95,2213.75,1734.925537109375,1376164,0.0,0.0,ADANIENT.NS,Adani Enterprises Limited,Thermal Coal,Energy,Mr. Gautambhai Shantilal Adani S.Y. B.Com,"Ahmedabad, India",https://www.adanienterprises.com,2311.75,2238.85,2668245024768,77.16122,29.96,0.00059999997,3743.9,2025.0
2022-02-17 00:00:00+05:30,1746.8038303682765,2314.95,2213.75,1727.78857421875,1376164,0.0,0.0,ADANIENT.NS,Adani Enterprises Limited,Thermal Coal,Energy,Mr. Gautambhai Shantilal Adani S.Y. B.Com,"Ahmedabad, India",https://www.adanienterprises.com,2311.75,2238.85,2668245024768,77.16122,29.96,0.00059999997,3743.9,2025.0
2022-02-18 00:00:00+05:30,1735.8239262867721,2314.95,2213.75,1733.12890625,1376164,0.0,0.0,ADANIENT.NS,Adani Enterprises Limited,Thermal Coal,Energy,Mr. Gautambhai Shantilal Adani S.Y. B.Com,"Ahmedabad, India",https://www.adanienterprises.com,2311.75,2238.85,2668245024768,77.16122,29.96,0.00059999997,3743.9,2025.0
2022-02-21 00:00:00+05:30,1735.6242717431287,2314.95,2213.75,1682.1220703125,1376164,0.0,0.0,ADANIENT.NS,Adani Enterprises Limited,Thermal Coal,Energy,Mr. Gautambhai Shantilal Adani S.Y. B.Com,"Ahmedabad, India",https://www.adanienterprises.com,2311.75,2238.85,2668245024768,77.16122,29.96,0.00059999997,3743.9,2025.0
2022-02-22 00:00:00+05:30,1633.1119113142477,2314.95,2213.75,1664.6541748046875,1376164,0.0,0.0,ADANIENT.NS,Adani Enterprises Limited,Thermal Coal,Energy,Mr. Gautambhai Shantilal Adani S.Y. B.Com,"Ahmedabad, India",https://www.adanienterprises.com,2311.75,2238.85,2668245024768,77.16122,29.96,0.00059999997,3743.9,2025.0
2022-02-23 00:00:00+05:30,1678.9280082233192,2314.95,2213.75,1685.61572265625,1376164,0.0,0.0,ADANIENT.NS,Adani Enterprises Limited,Thermal Coal,Energy,Mr. Gautambhai Shantilal Adani S.Y. B.Com,"Ahmedabad, India",https://www.adanienterprises.com,2311.75,2238.85,2668245024768,77.16122,29.96,0.00059999997,3743.9,2025.0
2022-02-24 00:00:00+05:30,1623.030193457673,2314.95,2213.75,1541.1300048828125,1376164,0.0,0.0,ADANIENT.NS,Adani Enterprises Limited,Thermal Coal,Energy,Mr. Gautambhai Shantilal Adani S.Y. B.Com,"Ahmedabad, India",https://www.adanienterprises.com,2311.75,2238.85,2668245024768,77.16122,29.96,0.00059999997,3743.9,2025.0
2022-02-25 00:00:00+05:30,1591.0888117166992,2314.95,2213.75,1615.74365234375,1376164,0.0,0.0,ADANIENT.NS,Adani Enterprises Limited,Thermal Coal,Energy,Mr. Gautambhai Shantilal Adani S.Y. B.Com,"Ahmedabad, India",https://www.adanienterprises.com,2311.75,2238.85,2668245024768,77.16122,29.96,0.00059999997,3743.9,2025.0
2022-02-28 00:00:00+05:30,1600.8210353369607,2314.95,2213.75,1641.4466552734375,1376164,0.0,0.0,ADANIENT.NS,Adani Enterprises Limited,Thermal Coal,Energy,Mr. Gautambhai Shantilal Adani S.Y. B.Com,"Ahmedabad, India",https://www.adanienterprises.com,2311.75,2238.85,2668245024768,77.16122,29.96,0.00059999997,3743.9,2025.0
2022-03-02 00:00:00+05:30,1635.0084051407823,2314.95,2213.75,1638.801513671875,1376164,0.0,0.0,ADANIENT.NS,Adani Enterprises Limited,Thermal Coal,Energy,Mr. Gautambhai Shantilal Adani S.Y. B.Com,"Ahmedabad, India",https://www.adanienterprises.com,2311.75,2238.85,2668245024768,77.16122,29.96,0.00059999997,3743.9,2025.0
2022-03-03 00:00:00+05:30,1666.94995176745,2314.95,2213.75,1640.7978515625,1376164,0.0,0.0,ADANIENT.NS,Adani Enterprises Limited,Thermal Coal,Energy,Mr. Gautambhai Shantilal Adani S.Y. B.Com,"Ahmedabad, India",https://www.adanienterprises.com,2311.75,2238.85,2668245024768,77.16122,29.96,0.00059999997,3743.9,2025.0
2022-03-04 00:00:00+05:30,1618.8380444729107,2314.95,2213.75,1612.0504150390625,1376164,0.0,0.0,ADANIENT.NS,Adani Enterprises Limited,Thermal Coal,Energy,Mr. Gautambhai Shantilal Adani S.Y. B.Com,"Ahmedabad, India",https://www.adanienterprises.com,2311.75,2238.85,2668245024768,77.16122,29.96,0.00059999997,3743.9,2025.0
2022-03-07 00:00:00+05:30,1587.0961619480925,2314.95,2213.75,1561.193603515625,1376164,0.0,0.0,ADANIENT.NS,Adani Enterprises Limited,Thermal Coal,Energy,Mr. Gautambhai Shantilal Adani S.Y. B.Com,"Ahmedabad, India",https://www.adanienterprises.com,2311.75,2238.85,2668245024768,77.16122,29.96,0.00059999997,3743.9,2025.0
2022-03-08 00:00:00+05:30,1572.0237384868346,2314.95,2213.75,1598.6749267578125,1376164,0.0,0.0,ADANIENT.NS,Adani Enterprises Limited,Thermal Coal,Energy,Mr. Gautambhai Shantilal Adani S.Y. B.Com,"Ahmedabad, India",https://www.adanienterprises.com,2311.75,2238.85,2668245024768,77.16122,29.96,0.00059999997,3743.9,2025.0
2022-03-09 00:00:00+05:30,1606.660330822664,2314.95,2213.75,1653.524658203125,1376164,0.0,0.0,ADANIENT.NS,Adani Enterprises Limited,Thermal Coal,Energy,Mr. Gautambhai Shantilal Adani S.Y. B.Com,"Ahmedabad, India",https://www.adanienterprises.com,2311.75,2238.85,2668245024768,77.16122,29.96,0.00059999997,3743.9,2025.0
2022-03-10 00:00:00+05:30,1678.928147487639,2314.95,2213.75,1739.6669921875,1376164,0.0,0.0,ADANIENT.NS,Adani Enterprises Limited,Thermal Coal,Energy,Mr. Gautambhai Shantilal Adani S.Y. B.Com,"Ahmedabad, India",https://www.adanienterprises.com,2311.75,2238.85,2668245024768,77.16122,29.96,0.00059999997,3743.9,2025.0
2022-03-11 00:00:00+05:30,1746.8039695483808,2314.95,2213.75,1730.9329833984375,1376164,0.0,0.0,ADANIENT.NS,Adani Enterprises Limited,Thermal Coal,Energy,Mr. Gautambhai Shantilal Adani S.Y. B.Com,"Ahmedabad, India",https://www.adanienterprises.com,2311.75,2238.85,2668245024768,77.16122,29.96,0.00059999997,3743.9,2025.0
2022-03-14 00:00:00+05:30,1728.8367117417215,2314.95,2213.75,1732.92919921875,1376164,0.0,0.0,ADANIENT.NS,Adani Enterprises Limited,Thermal Coal,Energy,Mr. Gautambhai Shantilal Adani S.Y. B.Com,"Ahmedabad, India",https://www.adanienterprises.com,2311.75,2238.85,2668245024768,77.16122,29.96,0.00059999997,3743.9,2025.0
2022-03-15 00:00:00+05:30,1736.8222043125818,2314.95,2213.75,1698.292724609375,1376164,0.0,0.0,ADANIENT.NS,Adani Enterprises Limited,Thermal Coal,Energy,Mr. Gautambhai Shantilal Adani S.Y. B.Com,"Ahmedabad, India",https://www.adanienterprises.com,2311.75,2238.85,2668245024768,77.16122,29.96,0.00059999997,3743.9,2025.0
2022-03-16 00:00:00+05:30,1720.8514019615686,2314.95,2213.75,1754.789306640625,1376164,0.0,0.0,ADANIENT.NS,Adani Enterprises Limited,Thermal Coal,Energy,Mr. Gautambhai Shantilal Adani S.Y. B.Com,"Ahmedabad, India",https://www.adanienterprises.com,2311.75,2238.85,2668245024768,77.16122,29.96,0.00059999997,3743.9,2025.0
2022-03-17 00:00:00+05:30,1772.3571823741543,2314.95,2213.75,1816.3267822265625,1376164,0.0,0.0,ADANIENT.NS,Adani Enterprises Limited,Thermal Coal,Energy,Mr. Gautambhai Shantilal Adani S.Y. B.Com,"Ahmedabad, India",https://www.adanienterprises.com,2311.75,2238.85,2668245024768,77.16122,29.96,0.00059999997,3743.9,2025.0
2022-03-21 00:00:00+05:30,1832.6967492520084,2314.95,2213.75,1799.6571044921875,1376164,0.0,0.0,ADANIENT.NS,Adani Enterprises Limited,Thermal Coal,Energy,Mr. Gautambhai Shantilal Adani S.Y. B.Com,"Ahmedabad, India",https://www.adanienterprises.com,2311.75,2238.85,2668245024768,77.16122,29.96,0.00059999997,3743.9,2025.0
2022-03-22 00:00:00+05:30,1799.6570928323536,2314.95,2213.75,1828.2049560546875,1376164,0.0,0.0,ADANIENT.NS,Adani Enterprises Limited,Thermal Coal,Energy,Mr. Gautambhai Shantilal Adani S.Y. B.Com,"Ahmedabad, India",https://www.adanienterprises.com,2311.75,2238.85,2668245024768,77.16122,29.96,0.00059999997,3743.9,2025.0
2022-03-23 00:00:00+05:30,1844.6748878602525,2314.95,2213.75,1807.6925048828125,1376164,0.0,0.0,ADANIENT.NS,Adani Enterprises Limited,Thermal Coal,Energy,Mr. Gautambhai Shantilal Adani S.Y. B.Com,"Ahmedabad, India",https://www.adanienterprises.com,2311.75,2238.85,2668245024768,77.16122,29.96,0.00059999997,3743.9,2025.0
2022-03-24 00:00:00+05:30,1811.6852186495832,2314.95,2213.75,1829.4527587890625,1376164,0.0,0.0,ADANIENT.NS,Adani Enterprises Limited,Thermal Coal,Energy,Mr. Gautambhai Shantilal Adani S.Y. B.Com,"Ahmedabad, India",https://www.adanienterprises.com,2311.75,2238.85,2668245024768,77.16122,29.96,0.00059999997,3743.9,2025.0
2022-03-25 00:00:00+05:30,1832.1978173302532,2314.95,2213.75,1863.59033203125,1376164,0.0,0.0,ADANIENT.NS,Adani Enterprises Limited,Thermal Coal,Energy,Mr. Gautambhai Shantilal Adani S.Y. B.Com,"Ahmedabad, India",https://www.adanienterprises.com,2311.75,2238.85,2668245024768,77.16122,29.96,0.00059999997,3743.9,2025.0
2022-03-28 00:00:00+05:30,1873.4721358056029,2314.95,2213.75,1906.212158203125,1376164,0.0,0.0,ADANIENT.NS,Adani Enterprises Limited,Thermal Coal,Energy,Mr. Gautambhai Shantilal Adani S.Y. B.Com,"Ahmedabad, India",https://www.adanienterprises.com,2311.75,2238.85,2668245024768,77.16122,29.96,0.00059999997,3743.9,2025.0
2022-03-29 00:00:00+05:30,1915.744760367811,2314.95,2213.75,1913.7484130859375,1376164,0.0,0.0,ADANIENT.NS,Adani Enterprises Limited,Thermal Coal,Energy,Mr. Gautambhai Shantilal Adani S.Y. B.Com,"Ahmedabad, India",https://www.adanienterprises.com,2311.75,2238.85,2668245024768,77.16122,29.96,0.00059999997,3743.9,2025.0
2022-03-30 00:00:00+05:30,1924.1792788486437,2314.95,2213.75,1991.60595703125,1376164,0.0,0.0,ADANIENT.NS,Adani Enterprises Limited,Thermal Coal,Energy,Mr. Gautambhai Shantilal Adani S.Y. B.Com,"Ahmedabad, India",https://www.adanienterprises.com,2311.75,2238.85,2668245024768,77.16122,29.96,0.00059999997,3743.9,2025.0
2022-03-31 00:00:00+05:30,2001.3382411284163,2314.95,2213.75,2011.0704345703125,1376164,0.0,0.0,ADANIENT.NS,Adani Enterprises Limited,Thermal Coal,Energy,Mr. Gautambhai Shantilal Adani S.Y. B.Com,"Ahmedabad, India",https://www.adanienterprises.com,2311.75,2238.85,2668245024768,77.16122,29.96,0.00059999997,3743.9,2025.0
2022-04-01 00:00:00+05:30,2014.3144240678344,2314.95,2213.75,2039.9176025390625,1376164,0.0,0.0,ADANIENT.NS,Adani Enterprises Limited,Thermal Coal,Energy,Mr. Gautambhai Shantilal Adani S.Y. B.Com,"Ahmedabad, India",https://www.adanienterprises.com,2311.75,2238.85,2668245024768,77.16122,29.96,0.00059999997,3743.9,2025.0
2022-04-04 00:00:00+05:30,2046.2559984835239,2314.95,2213.75,2062.0771484375,1376164,0.0,0.0,ADANIENT.NS,Adani Enterprises Limited,Thermal Coal,Energy,Mr. Gautambhai Shantilal Adani S.Y. B.Com,"Ahmedabad, India",https://www.adanienterprises.com,2311.75,2238.85,2668245024768,77.16122,29.96,0.00059999997,3743.9,2025.0
2022-04-05 00:00:00+05:30,2074.204996425485,2314.95,2213.75,2135.942138671875,1376164,0.0,0.0,ADANIENT.NS,Adani Enterprises Limited,Thermal Coal,Energy,Mr. Gautambhai Shantilal Adani S.Y. B.Com,"Ahmedabad, India",https://www.adanienterprises.com,2311.75,2238.85,2668245024768,77.16122,29.96,0.00059999997,3743.9,2025.0
2022-04-06 00:00:00+05:30,2149.816590203179,2314.95,2213.75,2156.05517578125,1376164,0.0,0.0,ADANIENT.NS,Adani Enterprises Limited,Thermal Coal,Energy,Mr. Gautambhai Shantilal Adani S.Y. B.Com,"Ahmedabad, India",https://www.adanienterprises.com,2311.75,2238.85,2668245024768,77.16122,29.96,0.00059999997,3743.9,2025.0
2022-04-07 00:00:00+05:30,2161.994023833179,2314.95,2213.75,2095.21630859375,1376164,0.0,0.0,ADANIENT.NS,Adani Enterprises Limited,Thermal Coal,Energy,Mr. Gautambhai Shantilal Adani S.Y. B.Com,"Ahmedabad, India",https://www.adanienterprises.com,2311.75,2238.85,2668245024768,77.16122,29.96,0.00059999997,3743.9,2025.0
2022-04-08 00:00:00+05:30,2111.1371007728,2314.95,2213.75,2166.98486328125,1376164,0.0,0.0,ADANIENT.NS,Adani Enterprises Limited,Thermal Coal,Energy,Mr. Gautambhai Shantilal Adani S.Y. B.Com,"Ahmedabad, India",https://www.adanienterprises.com,2311.75,2238.85,2668245024768,77.16122,29.96,0.00059999997,3743.9,2025.0
2022-04-11 00:00:00+05:30,2177.865394547956,2314.95,2213.75,2176.21826171875,1376164,0.0,0.0,ADANIENT.NS,Adani Enterprises Limited,Thermal Coal,Energy,Mr. Gautambhai Shantilal Adani S.Y. B.Com,"Ahmedabad, India",https://www.adanienterprises.com,2311.75,2238.85,2668245024768,77.16122,29.96,0.00059999997,3743.9,2025.0
2022-04-12 00:00:00+05:30,2184.0041379278155,2314.95,2213.75,2192.937744140625,1376164,0.0,0.0,ADANIENT.NS,Adani Enterprises Limited,Thermal Coal,Energy,Mr. Gautambhai Shantilal Adani S.Y. B.Com,"Ahmedabad, India",https://www.adanienterprises.com,2311.75,2238.85,2668245024768,77.16122,29.96,0.00059999997,3743.9,2025.0
2022-04-13 00:00:00+05:30,2205.963641477744,2314.95,2213.75,2195.432861328125,1376164,0.0,0.0,ADANIENT.NS,Adani Enterprises Limited,Thermal Coal,Energy,Mr. Gautambhai Shantilal Adani S.Y. B.Com,"Ahmedabad, India",https://www.adanienterprises.com,2311.75,2238.85,2668245024768,77.16122,29.96,0.00059999997,3743.9,2025.0
2022-04-18 00:00:00+05:30,2175.8191683966515,2314.95,2213.75,2229.7705078125,1376164,0.0,0.0,ADANIENT.NS,Adani Enterprises Limited,Thermal Coal,Energy,Mr. Gautambhai Shantilal Adani S.Y. B.Com,"Ahmedabad, India",https://www.adanienterprises.com,2311.75,2238.85,2668245024768,77.16122,29.96,0.00059999997,3743.9,2025.0
2022-04-19 00:00:00+05:30,2240.899962134165,2314.95,2213.75,2164.340087890625,1376164,0.0,0.0,ADANIENT.NS,Adani Enterprises Limited,Thermal Coal,Energy,Mr. Gautambhai Shantilal Adani S.Y. B.Com,"Ahmedabad, India",https://www.adanienterprises.com,2311.75,2238.85,2668245024768,77.16122,29.96,0.00059999997,3743.9,2025.0
2022-04-20 00:00:00+05:30,2174.022097468671,2314.95,2213.75,2179.961181640625,1376164,0.0,0.0,ADANIENT.NS,Adani Enterprises Limited,Thermal Coal,Energy,Mr. Gautambhai Shantilal Adani S.Y. B.Com,"Ahmedabad, India",https://www.adanienterprises.com,2311.75,2238.85,2668245024768,77.16122,29.96,0.00059999997,3743.9,2025.0
2022-04-21 00:00:00+05:30,2211.952942533228,2314.95,2213.75,2282.174560546875,1376164,0.0,0.0,ADANIENT.NS,Adani Enterprises Limited,Thermal Coal,Energy,Mr. Gautambhai Shantilal Adani S.Y. B.Com,"Ahmedabad, India",https://www.adanienterprises.com,2311.75,2238.85,2668245024768,77.16122,29.96,0.00059999997,3743.9,2025.0
2022-04-22 00:00:00+05:30,2292.8048599802587,2314.95,2213.75,2269.148193359375,1376164,0.0,0.0,ADANIENT.NS,Adani Enterprises Limited,Thermal Coal,Energy,Mr. Gautambhai Shantilal Adani S.Y. B.Com,"Ahmedabad, India",https://www.adanienterprises.com,2311.75,2238.85,2668245024768,77.16122,29.96,0.00059999997,3743.9,2025.0
2022-04-25 00:00:00+05:30,2255.822608050221,2314.95,2213.75,2280.0283203125,1376164,0.0,0.0,ADANIENT.NS,Adani Enterprises Limited,Thermal Coal,Energy,Mr. Gautambhai Shantilal Adani S.Y. B.Com,"Ahmedabad, India",https://www.adanienterprises.com,2311.75,2238.85,2668245024768,77.16122,29.96,0.00059999997,3743.9,2025.0
2022-04-26 00:00:00+05:30,2292.8047785228823,2314.95,2213.75,2390.92529296875,1376164,0.0,0.0,ADANIENT.NS,Adani Enterprises Limited,Thermal Coal,Energy,Mr. Gautambhai Shantilal Adani S.Y. B.Com,"Ahmedabad, India",https://www.adanienterprises.com,2311.75,2238.85,2668245024768,77.16122,29.96,0.00059999997,3743.9,2025.0
2022-04-27 00:00:00+05:30,2400.557613396843,2314.95,2213.75,2329.837158203125,1376164,0.0,0.0,ADANIENT.NS,Adani Enterprises Limited,Thermal Coal,Energy,Mr. Gautambhai Shantilal Adani S.Y. B.Com,"Ahmedabad, India",https://www.adanienterprises.com,2311.75,2238.85,2668245024768,77.16122,29.96,0.00059999997,3743.9,2025.0
2022-04-28 00:00:00+05:30,2355.540255615288,2314.95,2213.75,2374.2060546875,1376164,0.0,0.0,ADANIENT.NS,Adani Enterprises Limited,Thermal Coal,Energy,Mr. Gautambhai Shantilal Adani S.Y. B.Com,"Ahmedabad, India",https://www.adanienterprises.com,2311.75,2238.85,2668245024768,77.16122,29.96,0.00059999997,3743.9,2025.0
2022-04-29 00:00:00+05:30,2384.6368652134365,2314.95,2213.75,2327.740966796875,1376164,0.0,0.0,ADANIENT.NS,Adani Enterprises Limited,Thermal Coal,Energy,Mr. Gautambhai Shantilal Adani S.Y. B.Com,"Ahmedabad, India",https://www.adanienterprises.com,2311.75,2238.85,2668245024768,77.16122,29.96,0.00059999997,3743.9,2025.0
2022-05-02 00:00:00+05:30,2320.75377674433,2314.95,2213.75,2335.227294921875,1376164,0.0,0.0,ADANIENT.NS,Adani Enterprises Limited,Thermal Coal,Energy,Mr. Gautambhai Shantilal Adani S.Y. B.Com,"Ahmedabad, India",https://www.adanienterprises.com,2311.75,2238.85,2668245024768,77.16122,29.96,0.00059999997,3743.9,2025.0
2022-05-04 00:00:00+05:30,2354.392157078809,2314.95,2213.75,2249.683837890625,1376164,0.0,0.0,ADANIENT.NS,Adani Enterprises Limited,Thermal Coal,Energy,Mr. Gautambhai Shantilal Adani S.Y. B.Com,"Ahmedabad, India",https://www.adanienterprises.com,2311.75,2238.85,2668245024768,77.16122,29.96,0.00059999997,3743.9,2025.0
2022-05-05 00:00:00+05:30,2265.8541945448196,2314.95,2213.75,2251.28076171875,1376164,0.0,0.0,ADANIENT.NS,Adani Enterprises Limited,Thermal Coal,Energy,Mr. Gautambhai Shantilal Adani S.Y. B.Com,"Ahmedabad, India",https://www.adanienterprises.com,2311.75,2238.85,2668245024768,77.16122,29.96,0.00059999997,3743.9,2025.0
2022-05-06 00:00:00+05:30,2205.963871053515,2314.95,2213.75,2243.594970703125,1376164,0.0,0.0,ADANIENT.NS,Adani Enterprises Limited,Thermal Coal,Energy,Mr. Gautambhai Shantilal Adani S.Y. B.Com,"Ahmedabad, India",https://www.adanienterprises.com,2311.75,2238.85,2668245024768,77.16122,29.96,0.00059999997,3743.9,2025.0
2022-05-09 00:00:00+05:30,2225.4279111075466,2314.95,2213.75,2193.635986328125,1376164,0.0,0.0,ADANIENT.NS,Adani Enterprises Limited,Thermal Coal,Energy,Mr. Gautambhai Shantilal Adani S.Y. B.Com,"Ahmedabad, India",https://www.adanienterprises.com,2311.75,2238.85,2668245024768,77.16122,29.96,0.00059999997,3743.9,2025.0
2022-05-10 00:00:00+05:30,2186.0004453439797,2314.95,2213.75,2105.6474609375,1376164,0.0,0.0,ADANIENT.NS,Adani Enterprises Limited,Thermal Coal,Energy,Mr. Gautambhai Shantilal Adani S.Y. B.Com,"Ahmedabad, India",https://www.adanienterprises.com,2311.75,2238.85,2668245024768,77.16122,29.96,0.00059999997,3743.9,2025.0
2022-05-11 00:00:00+05:30,2105.7474508164164,2314.95,2213.75,2115.4296875,1376164,0.0,0.0,ADANIENT.NS,Adani Enterprises Limited,Thermal Coal,Energy,Mr. Gautambhai Shantilal Adani S.Y. B.Com,"Ahmedabad, India",https://www.adanienterprises.com,2311.75,2238.85,2668245024768,77.16122,29.96,0.00059999997,3743.9,2025.0
2022-05-12 00:00:00+05:30,2099.1592079945194,2314.95,2213.75,2041.4647216796875,1376164,0.0,0.0,ADANIENT.NS,Adani Enterprises Limited,Thermal Coal,Energy,Mr. Gautambhai Shantilal Adani S.Y. B.Com,"Ahmedabad, India",https://www.adanienterprises.com,2311.75,2238.85,2668245024768,77.16122,29.96,0.00059999997,3743.9,2025.0
2022-05-13 00:00:00+05:30,2080.692859455385,2314.95,2213.75,2050.398193359375,1376164,0.0,0.0,ADANIENT.NS,Adani Enterprises Limited,Thermal Coal,Energy,Mr. Gautambhai Shantilal Adani S.Y. B.Com,"Ahmedabad, India",https://www.adanienterprises.com,2311.75,2238.85,2668245024768,77.16122,29.96,0.00059999997,3743.9,2025.0
2022-05-16 00:00:00+05:30,2078.8461744705937,2314.95,2213.75,2102.0537109375,1376164,0.0,0.0,ADANIENT.NS,Adani Enterprises Limited,Thermal Coal,Energy,Mr. Gautambhai Shantilal Adani S.Y. B.Com,"Ahmedabad, India",https://www.adanienterprises.com,2311.75,2238.85,2668245024768,77.16122,29.96,0.00059999997,3743.9,2025.0
2022-05-17 00:00:00+05:30,2129.1544178932795,2314.95,2213.75,2180.85986328125,1376164,0.0,0.0,ADANIENT.NS,Adani Enterprises Limited,Thermal Coal,Energy,Mr. Gautambhai Shantilal Adani S.Y. B.Com,"Ahmedabad, India",https://www.adanienterprises.com,2311.75,2238.85,2668245024768,77.16122,29.96,0.00059999997,3743.9,2025.0
2022-05-18 00:00:00+05:30,2195.682583350067,2314.95,2213.75,2177.11669921875,1376164,0.0,0.0,ADANIENT.NS,Adani Enterprises Limited,Thermal Coal,Energy,Mr. Gautambhai Shantilal Adani S.Y. B.Com,"Ahmedabad, India",https://www.adanienterprises.com,2311.75,2238.85,2668245024768,77.16122,29.96,0.00059999997,3743.9,2025.0
2022-05-19 00:00:00+05:30,2141.0824477812093,2314.95,2213.75,2110.8876953125,1376164,0.0,0.0,ADANIENT.NS,Adani Enterprises Limited,Thermal Coal,Energy,Mr. Gautambhai Shantilal Adani S.Y. B.Com,"Ahmedabad, India",https://www.adanienterprises.com,2311.75,2238.85,2668245024768,77.16122,29.96,0.00059999997,3743.9,2025.0
2022-05-20 00:00:00+05:30,2155.0566381378544,2314.95,2213.75,2215.49609375,1376164,0.0,0.0,ADANIENT.NS,Adani Enterprises Limited,Thermal Coal,Energy,Mr. Gautambhai Shantilal Adani S.Y. B.Com,"Ahmedabad, India",https://www.adanienterprises.com,2311.75,2238.85,2668245024768,77.16122,29.96,0.00059999997,3743.9,2025.0
2022-05-23 00:00:00+05:30,2227.6740546769747,2314.95,2213.75,2166.685546875,1376164,0.0,0.0,ADANIENT.NS,Adani Enterprises Limited,Thermal Coal,Energy,Mr. Gautambhai Shantilal Adani S.Y. B.Com,"Ahmedabad, India",https://www.adanienterprises.com,2311.75,2238.85,2668245024768,77.16122,29.96,0.00059999997,3743.9,2025.0
2022-05-24 00:00:00+05:30,2157.0532263192235,2314.95,2213.75,2156.254638671875,1376164,0.0,0.0,ADANIENT.NS,Adani Enterprises Limited,Thermal Coal,Energy,Mr. Gautambhai Shantilal Adani S.Y. B.Com,"Ahmedabad, India",https://www.adanienterprises.com,2311.75,2238.85,2668245024768,77.16122,29.96,0.00059999997,3743.9,2025.0
2022-05-25 00:00:00+05:30,2164.0402574567565,2314.95,2213.75,2070.361572265625,1376164,0.0,0.0,ADANIENT.NS,Adani Enterprises Limited,Thermal Coal,Energy,Mr. Gautambhai Shantilal Adani S.Y. B.Com,"Ahmedabad, India",https://www.adanienterprises.com,2311.75,2238.85,2668245024768,77.16122,29.96,0.00059999997,3743.9,2025.0
2022-05-26 00:00:00+05:30,2073.2066872149303,2314.95,2213.75,2042.66259765625,1376164,0.0,0.0,ADANIENT.NS,Adani Enterprises Limited,Thermal Coal,Energy,Mr. Gautambhai Shantilal Adani S.Y. B.Com,"Ahmedabad, India",https://www.adanienterprises.com,2311.75,2238.85,2668245024768,77.16122,29.96,0.00059999997,3743.9,2025.0
2022-05-27 00:00:00+05:30,2076.2012015078353,2314.95,2213.75,2076.350830078125,1376164,0.0,0.0,ADANIENT.NS,Adani Enterprises Limited,Thermal Coal,Energy,Mr. Gautambhai Shantilal Adani S.Y. B.Com,"Ahmedabad, India",https://www.adanienterprises.com,2311.75,2238.85,2668245024768,77.16122,29.96,0.00059999997,3743.9,2025.0
2022-05-30 00:00:00+05:30,2116.1280522793413,2314.95,2213.75,2161.694580078125,1376164,0.0,0.0,ADANIENT.NS,Adani Enterprises Limited,Thermal Coal,Energy,Mr. Gautambhai Shantilal Adani S.Y. B.Com,"Ahmedabad, India",https://www.adanienterprises.com,2311.75,2238.85,2668245024768,77.16122,29.96,0.00059999997,3743.9,2025.0
2022-05-31 00:00:00+05:30,2156.055048919921,2314.95,2213.75,2163.59130859375,1376164,0.0,0.0,ADANIENT.NS,Adani Enterprises Limited,Thermal Coal,Energy,Mr. Gautambhai Shantilal Adani S.Y. B.Com,"Ahmedabad, India",https://www.adanienterprises.com,2311.75,2238.85,2668245024768,77.16122,29.96,0.00059999997,3743.9,2025.0
2022-06-01 00:00:00+05:30,2165.986937108862,2314.95,2213.75,2146.9716796875,1376164,0.0,0.0,ADANIENT.NS,Adani Enterprises Limited,Thermal Coal,Energy,Mr. Gautambhai Shantilal Adani S.Y. B.Com,"Ahmedabad, India",https://www.adanienterprises.com,2311.75,2238.85,2668245024768,77.16122,29.96,0.00059999997,3743.9,2025.0
2022-06-02 00:00:00+05:30,2151.064197473022,2314.95,2213.75,2205.36474609375,1376164,0.0,0.0,ADANIENT.NS,Adani Enterprises Limited,Thermal Coal,Energy,Mr. Gautambhai Shantilal Adani S.Y. B.Com,"Ahmedabad, India",https://www.adanienterprises.com,2311.75,2238.85,2668245024768,77.16122,29.96,0.00059999997,3743.9,2025.0
2022-06-03 00:00:00+05:30,2230.9180573763915,2314.95,2213.75,2186.000244140625,1376164,0.0,0.0,ADANIENT.NS,Adani Enterprises Limited,Thermal Coal,Energy,Mr. Gautambhai Shantilal Adani S.Y. B.Com,"Ahmedabad, India",https://www.adanienterprises.com,2311.75,2238.85,2668245024768,77.16122,29.96,0.00059999997,3743.9,2025.0
2022-06-06 00:00:00+05:30,2184.5030324875283,2314.95,2213.75,2220.986328125,1376164,0.0,0.0,ADANIENT.NS,Adani Enterprises Limited,Thermal Coal,Energy,Mr. Gautambhai Shantilal Adani S.Y. B.Com,"Ahmedabad, India",https://www.adanienterprises.com,2311.75,2238.85,2668245024768,77.16122,29.96,0.00059999997,3743.9,2025.0
2022-06-07 00:00:00+05:30,2205.963693734522,2314.95,2213.75,2223.481689453125,1376164,0.0,0.0,ADANIENT.NS,Adani Enterprises Limited,Thermal Coal,Energy,Mr. Gautambhai Shantilal Adani S.Y. B.Com,"Ahmedabad, India",https://www.adanienterprises.com,2311.75,2238.85,2668245024768,77.16122,29.96,0.00059999997,3743.9,2025.0
2022-06-08 00:00:00+05:30,2240.8498979351853,2314.95,2213.75,2173.2236328125,1376164,0.0,0.0,ADANIENT.NS,Adani Enterprises Limited,Thermal Coal,Energy,Mr. Gautambhai Shantilal Adani S.Y. B.Com,"Ahmedabad, India",https://www.adanienterprises.com,2311.75,2238.85,2668245024768,77.16122,29.96,0.00059999997,3743.9,2025.0
2022-06-09 00:00:00+05:30,2156.3546406279397,2314.95,2213.75,2215.14697265625,1376164,0.0,0.0,ADANIENT.NS,Adani Enterprises Limited,Thermal Coal,Energy,Mr. Gautambhai Shantilal Adani S.Y. B.Com,"Ahmedabad, India",https://www.adanienterprises.com,2311.75,2238.85,2668245024768,77.16122,29.96,0.00059999997,3743.9,2025.0
2022-06-10 00:00:00+05:30,2186.0002440187154,2314.95,2213.75,2199.076416015625,1376164,0.0,0.0,ADANIENT.NS,Adani Enterprises Limited,Thermal Coal,Energy,Mr. Gautambhai Shantilal Adani S.Y. B.Com,"Ahmedabad, India",https://www.adanienterprises.com,2311.75,2238.85,2668245024768,77.16122,29.96,0.00059999997,3743.9,2025.0
2022-06-13 00:00:00+05:30,2168.532521738171,2314.95,2213.75,2075.951904296875,1376164,0.0,0.0,ADANIENT.NS,Adani Enterprises Limited,Thermal Coal,Energy,Mr. Gautambhai Shantilal Adani S.Y. B.Com,"Ahmedabad, India",https://www.adanienterprises.com,2311.75,2238.85,2668245024768,77.16122,29.96,0.00059999997,3743.9,2025.0
2022-06-14 00:00:00+05:30,2269.846892274121,2314.95,2213.75,2192.4384765625,1376164,0.0,0.0,ADANIENT.NS,Adani Enterprises Limited,Thermal Coal,Energy,Mr. Gautambhai Shantilal Adani S.Y. B.Com,"Ahmedabad, India",https://www.adanienterprises.com,2311.75,2238.85,2668245024768,77.16122,29.96,0.00059999997,3743.9,2025.0
2022-06-15 00:00:00+05:30,2214.3484274975085,2314.95,2213.75,2180.6103515625,1376164,0.0,0.0,ADANIENT.NS,Adani Enterprises Limited,Thermal Coal,Energy,Mr. Gautambhai Shantilal Adani S.Y. B.Com,"Ahmedabad, India",https://www.adanienterprises.com,2311.75,2238.85,2668245024768,77.16122,29.96,0.00059999997,3743.9,2025.0
2022-06-16 00:00:00+05:30,2200.972991225471,2314.95,2213.75,2079.19580078125,1376164,0.0,0.0,ADANIENT.NS,Adani Enterprises Limited,Thermal Coal,Energy,Mr. Gautambhai Shantilal Adani S.Y. B.Com,"Ahmedabad, India",https://www.adanienterprises.com,2311.75,2238.85,2668245024768,77.16122,29.96,0.00059999997,3743.9,2025.0
2022-06-17 00:00:00+05:30,2058.2343337569314,2314.95,2213.75,2091.97265625,1376164,0.0,0.0,ADANIENT.NS,Adani Enterprises Limited,Thermal Coal,Energy,Mr. Gautambhai Shantilal Adani S.Y. B.Com,"Ahmedabad, India",https://www.adanienterprises.com,2311.75,2238.85,2668245024768,77.16122,29.96,0.00059999997,3743.9,2025.0
2022-06-20 00:00:00+05:30,2103.451330968712,2314.95,2213.75,2076.051513671875,1376164,0.0,0.0,ADANIENT.NS,Adani Enterprises Limited,Thermal Coal,Energy,Mr. Gautambhai Shantilal Adani S.Y. B.Com,"Ahmedabad, India",https://www.adanienterprises.com,2311.75,2238.85,2668245024768,77.16122,29.96,0.00059999997,3743.9,2025.0
2022-06-21 00:00:00+05:30,2096.164864598402,2314.95,2213.75,2157.85205078125,1376164,0.0,0.0,ADANIENT.NS,Adani Enterprises Limited,Thermal Coal,Energy,Mr. Gautambhai Shantilal Adani S.Y. B.Com,"Ahmedabad, India",https://www.adanienterprises.com,2311.75,2238.85,2668245024768,77.16122,29.96,0.00059999997,3743.9,2025.0
2022-06-22 00:00:00+05:30,2146.0230734950933,2314.95,2213.75,2085.384033203125,1376164,0.0,0.0,ADANIENT.NS,Adani Enterprises Limited,Thermal Coal,Energy,Mr. Gautambhai Shantilal Adani S.Y. B.Com,"Ahmedabad, India",https://www.adanienterprises.com,2311.75,2238.85,2668245024768,77.16122,29.96,0.00059999997,3743.9,2025.0
2022-06-23 00:00:00+05:30,2101.155523129701,2314.95,2213.75,2106.495849609375,1376164,0.0,0.0,ADANIENT.NS,Adani Enterprises Limited,Thermal Coal,Energy,Mr. Gautambhai Shantilal Adani S.Y. B.Com,"Ahmedabad, India",https://www.adanienterprises.com,2311.75,2238.85,2668245024768,77.16122,29.96,0.00059999997,3743.9,2025.0
2022-06-24 00:00:00+05:30,2117.126125413815,2314.95,2213.75,2157.502197265625,1376164,0.0,0.0,ADANIENT.NS,Adani Enterprises Limited,Thermal Coal,Energy,Mr. Gautambhai Shantilal Adani S.Y. B.Com,"Ahmedabad, India",https://www.adanienterprises.com,2311.75,2238.85,2668245024768,77.16122,29.96,0.00059999997,3743.9,2025.0
2022-06-27 00:00:00+05:30,2185.0021101555826,2314.95,2213.75,2177.61572265625,1376164,0.0,0.0,ADANIENT.NS,Adani Enterprises Limited,Thermal Coal,Energy,Mr. Gautambhai Shantilal Adani S.Y. B.Com,"Ahmedabad, India",https://www.adanienterprises.com,2311.75,2238.85,2668245024768,77.16122,29.96,0.00059999997,3743.9,2025.0
2022-06-28 00:00:00+05:30,2166.036824634924,2314.95,2213.75,2200.57373046875,1376164,0.0,0.0,ADANIENT.NS,Adani Enterprises Limited,Thermal Coal,Energy,Mr. Gautambhai Shantilal Adani S.Y. B.Com,"Ahmedabad, India",https://www.adanienterprises.com,2311.75,2238.85,2668245024768,77.16122,29.96,0.00059999997,3743.9,2025.0
2022-06-29 00:00:00+05:30,2181.0091774041543,2314.95,2213.75,2216.045166015625,1376164,0.0,0.0,ADANIENT.NS,Adani Enterprises Limited,Thermal Coal,Energy,Mr. Gautambhai Shantilal Adani S.Y. B.Com,"Ahmedabad, India",https://www.adanienterprises.com,2311.75,2238.85,2668245024768,77.16122,29.96,0.00059999997,3743.9,2025.0
2022-06-30 00:00:00+05:30,2215.9456340513616,2314.95,2213.75,2186.898681640625,1376164,0.0,0.0,ADANIENT.NS,Adani Enterprises Limited,Thermal Coal,Energy,Mr. Gautambhai Shantilal Adani S.Y. B.Com,"Ahmedabad, India",https://www.adanienterprises.com,2311.75,2238.85,2668245024768,77.16122,29.96,0.00059999997,3743.9,2025.0
2022-07-01 00:00:00+05:30,2185.900015612978,2314.95,2213.75,2228.122802734375,1376164,0.0,0.0,ADANIENT.NS,Adani Enterprises Limited,Thermal Coal,Energy,Mr. Gautambhai Shantilal Adani S.Y. B.Com,"Ahmedabad, India",https://www.adanienterprises.com,2311.75,2238.85,2668245024768,77.16122,29.96,0.00059999997,3743.9,2025.0
2022-07-04 00:00:00+05:30,2228.1232424170694,2314.95,2213.75,2257.71923828125,1376164,0.0,0.0,ADANIENT.NS,Adani Enterprises Limited,Thermal Coal,Energy,Mr. Gautambhai Shantilal Adani S.Y. B.Com,"Ahmedabad, India",https://www.adanienterprises.com,2311.75,2238.85,2668245024768,77.16122,29.96,0.00059999997,3743.9,2025.0
2022-07-05 00:00:00+05:30,2259.8651644266415,2314.95,2213.75,2242.34716796875,1376164,0.0,0.0,ADANIENT.NS,Adani Enterprises Limited,Thermal Coal,Energy,Mr. Gautambhai Shantilal Adani S.Y. B.Com,"Ahmedabad, India",https://www.adanienterprises.com,2311.75,2238.85,2668245024768,77.16122,29.96,0.00059999997,3743.9,2025.0
2022-07-06 00:00:00+05:30,2240.8997422443986,2314.95,2213.75,2268.698974609375,1376164,0.0,0.0,ADANIENT.NS,Adani Enterprises Limited,Thermal Coal,Energy,Mr. Gautambhai Shantilal Adani S.Y. B.Com,"Ahmedabad, India",https://www.adanienterprises.com,2311.75,2238.85,2668245024768,77.16122,29.96,0.00059999997,3743.9,2025.0
2022-07-07 00:00:00+05:30,2275.8357809478,2314.95,2213.75,2270.146240234375,1376164,0.0,0.0,ADANIENT.NS,Adani Enterprises Limited,Thermal Coal,Energy,Mr. Gautambhai Shantilal Adani S.Y. B.Com,"Ahmedabad, India",https://www.adanienterprises.com,2311.75,2238.85,2668245024768,77.16122,29.96,0.00059999997,3743.9,2025.0
2022-07-08 00:00:00+05:30,2281.825131200097,2314.95,2213.75,2288.8623046875,1376164,0.0,0.0,ADANIENT.NS,Adani Enterprises Limited,Thermal Coal,Energy,Mr. Gautambhai Shantilal Adani S.Y. B.Com,"Ahmedabad, India",https://www.adanienterprises.com,2311.75,2238.85,2668245024768,77.16122,29.96,0.00059999997,3743.9,2025.0
2022-07-11 00:00:00+05:30,2288.8620523102454,2314.95,2213.75,2368.91552734375,1376164,0.0,0.0,ADANIENT.NS,Adani Enterprises Limited,Thermal Coal,Energy,Mr. Gautambhai Shantilal Adani S.Y. B.Com,"Ahmedabad, India",https://www.adanienterprises.com,2311.75,2238.85,2668245024768,77.16122,29.96,0.00059999997,3743.9,2025.0
2022-07-12 00:00:00+05:30,2360.0816286680706,2314.95,2213.75,2361.329345703125,1376164,0.0,0.0,ADANIENT.NS,Adani Enterprises Limited,Thermal Coal,Energy,Mr. Gautambhai Shantilal Adani S.Y. B.Com,"Ahmedabad, India",https://www.adanienterprises.com,2311.75,2238.85,2668245024768,77.16122,29.96,0.00059999997,3743.9,2025.0
2022-07-13 00:00:00+05:30,2369.1651329427914,2314.95,2213.75,2349.20166015625,1376164,0.0,0.0,ADANIENT.NS,Adani Enterprises Limited,Thermal Coal,Energy,Mr. Gautambhai Shantilal Adani S.Y. B.Com,"Ahmedabad, India",https://www.adanienterprises.com,2311.75,2238.85,2668245024768,77.16122,29.96,0.00059999997,3743.9,2025.0
2022-07-14 00:00:00+05:30,2361.684069279343,2314.95,2213.75,2379.7587890625,1376164,1.0,0.0,ADANIENT.NS,Adani Enterprises Limited,Thermal Coal,Energy,Mr. Gautambhai Shantilal Adani S.Y. B.Com,"Ahmedabad, India",https://www.adanienterprises.com,2311.75,2238.85,2668245024768,77.16122,29.96,0.00059999997,3743.9,2025.0
2022-07-15 00:00:00+05:30,2411.1149615343393,2314.95,2213.75,2401.8779296875,1376164,0.0,0.0,ADANIENT.NS,Adani Enterprises Limited,Thermal Coal,Energy,Mr. Gautambhai Shantilal Adani S.Y. B.Com,"Ahmedabad, India",https://www.adanienterprises.com,2311.75,2238.85,2668245024768,77.16122,29.96,0.00059999997,3743.9,2025.0
2022-07-18 00:00:00+05:30,2420.6012459270446,2314.95,2213.75,2420.201904296875,1376164,0.0,0.0,ADANIENT.NS,Adani Enterprises Limited,Thermal Coal,Energy,Mr. Gautambhai Shantilal Adani S.Y. B.Com,"Ahmedabad, India",https://www.adanienterprises.com,2311.75,2238.85,2668245024768,77.16122,29.96,0.00059999997,3743.9,2025.0
2022-07-19 00:00:00+05:30,2403.575602966707,2314.95,2213.75,2447.863525390625,1376164,0.0,0.0,ADANIENT.NS,Adani Enterprises Limited,Thermal Coal,Energy,Mr. Gautambhai Shantilal Adani S.Y. B.Com,"Ahmedabad, India",https://www.adanienterprises.com,2311.75,2238.85,2668245024768,77.16122,29.96,0.00059999997,3743.9,2025.0
2022-07-20 00:00:00+05:30,2458.5481945387646,2314.95,2213.75,2447.66357421875,1376164,0.0,0.0,ADANIENT.NS,Adani Enterprises Limited,Thermal Coal,Energy,Mr. Gautambhai Shantilal Adani S.Y. B.Com,"Ahmedabad, India",https://www.adanienterprises.com,2311.75,2238.85,2668245024768,77.16122,29.96,0.00059999997,3743.9,2025.0
2022-07-21 00:00:00+05:30,2450.359734338239,2314.95,2213.75,2492.001220703125,1376164,0.0,0.0,ADANIENT.NS,Adani Enterprises Limited,Thermal Coal,Energy,Mr. Gautambhai Shantilal Adani S.Y. B.Com,"Ahmedabad, India",https://www.adanienterprises.com,2311.75,2238.85,2668245024768,77.16122,29.96,0.00059999997,3743.9,2025.0
2022-07-22 00:00:00+05:30,2501.98705255617,2314.95,2213.75,2495.8955078125,1376164,0.0,0.0,ADANIENT.NS,Adani Enterprises Limited,Thermal Coal,Energy,Mr. Gautambhai Shantilal Adani S.Y. B.Com,"Ahmedabad, India",https://www.adanienterprises.com,2311.75,2238.85,2668245024768,77.16122,29.96,0.00059999997,3743.9,2025.0
2022-07-25 00:00:00+05:30,2501.4880033593504,2314.95,2213.75,2547.024169921875,1376164,0.0,0.0,ADANIENT.NS,Adani Enterprises Limited,Thermal Coal,Energy,Mr. Gautambhai Shantilal Adani S.Y. B.Com,"Ahmedabad, India",https://www.adanienterprises.com,2311.75,2238.85,2668245024768,77.16122,29.96,0.00059999997,3743.9,2025.0
2022-07-26 00:00:00+05:30,2551.417966144599,2314.95,2213.75,2556.111328125,1376164,0.0,0.0,ADANIENT.NS,Adani Enterprises Limited,Thermal Coal,Energy,Mr. Gautambhai Shantilal Adani S.Y. B.Com,"Ahmedabad, India",https://www.adanienterprises.com,2311.75,2238.85,2668245024768,77.16122,29.96,0.00059999997,3743.9,2025.0
2022-07-27 00:00:00+05:30,2556.4109152998594,2314.95,2213.75,2545.126708984375,1376164,0.0,0.0,ADANIENT.NS,Adani Enterprises Limited,Thermal Coal,Energy,Mr. Gautambhai Shantilal Adani S.Y. B.Com,"Ahmedabad, India",https://www.adanienterprises.com,2311.75,2238.85,2668245024768,77.16122,29.96,0.00059999997,3743.9,2025.0
2022-07-28 00:00:00+05:30,2556.3108996645856,2314.95,2213.75,2546.82421875,1376164,0.0,0.0,ADANIENT.NS,Adani Enterprises Limited,Thermal Coal,Energy,Mr. Gautambhai Shantilal Adani S.Y. B.Com,"Ahmedabad, India",https://www.adanienterprises.com,2311.75,2238.85,2668245024768,77.16122,29.96,0.00059999997,3743.9,2025.0
2022-07-29 00:00:00+05:30,2561.4038376033395,2314.95,2213.75,2565.597900390625,1376164,0.0,0.0,ADANIENT.NS,Adani Enterprises Limited,Thermal Coal,Energy,Mr. Gautambhai Shantilal Adani S.Y. B.Com,"Ahmedabad, India",https://www.adanienterprises.com,2311.75,2238.85,2668245024768,77.16122,29.96,0.00059999997,3743.9,2025.0
2022-08-01 00:00:00+05:30,2572.2387925914804,2314.95,2213.75,2656.42041015625,1376164,0.0,0.0,ADANIENT.NS,Adani Enterprises Limited,Thermal Coal,Energy,Mr. Gautambhai Shantilal Adani S.Y. B.Com,"Ahmedabad, India",https://www.adanienterprises.com,2311.75,2238.85,2668245024768,77.16122,29.96,0.00059999997,3743.9,2025.0
2022-08-02 00:00:00+05:30,2656.270705762161,2314.95,2213.75,2679.887451171875,1376164,0.0,0.0,ADANIENT.NS,Adani Enterprises Limited,Thermal Coal,Energy,Mr. Gautambhai Shantilal Adani S.Y. B.Com,"Ahmedabad, India",https://www.adanienterprises.com,2311.75,2238.85,2668245024768,77.16122,29.96,0.00059999997,3743.9,2025.0
2022-08-03 00:00:00+05:30,2681.235500266795,2314.95,2213.75,2707.598388671875,1376164,0.0,0.0,ADANIENT.NS,Adani Enterprises Limited,Thermal Coal,Energy,Mr. Gautambhai Shantilal Adani S.Y. B.Com,"Ahmedabad, India",https://www.adanienterprises.com,2311.75,2238.85,2668245024768,77.16122,29.96,0.00059999997,3743.9,2025.0
2022-08-04 00:00:00+05:30,2721.1794337615743,2314.95,2213.75,2719.781494140625,1376164,0.0,0.0,ADANIENT.NS,Adani Enterprises Limited,Thermal Coal,Energy,Mr. Gautambhai Shantilal Adani S.Y. B.Com,"Ahmedabad, India",https://www.adanienterprises.com,2311.75,2238.85,2668245024768,77.16122,29.96,0.00059999997,3743.9,2025.0
2022-08-05 00:00:00+05:30,2756.130682191396,2314.95,2213.75,2694.616943359375,1376164,0.0,0.0,ADANIENT.NS,Adani Enterprises Limited,Thermal Coal,Energy,Mr. Gautambhai Shantilal Adani S.Y. B.Com,"Ahmedabad, India",https://www.adanienterprises.com,2311.75,2238.85,2668245024768,77.16122,29.96,0.00059999997,3743.9,2025.0
2022-08-08 00:00:00+05:30,2696.2145390954684,2314.95,2213.75,2787.985595703125,1376164,0.0,0.0,ADANIENT.NS,Adani Enterprises Limited,Thermal Coal,Energy,Mr. Gautambhai Shantilal Adani S.Y. B.Com,"Ahmedabad, India",https://www.adanienterprises.com,2311.75,2238.85,2668245024768,77.16122,29.96,0.00059999997,3743.9,2025.0
2022-08-10 00:00:00+05:30,2797.8218148399887,2314.95,2213.75,2823.236083984375,1376164,0.0,0.0,ADANIENT.NS,Adani Enterprises Limited,Thermal Coal,Energy,Mr. Gautambhai Shantilal Adani S.Y. B.Com,"Ahmedabad, India",https://www.adanienterprises.com,2311.75,2238.85,2668245024768,77.16122,29.96,0.00059999997,3743.9,2025.0
2022-08-11 00:00:00+05:30,2837.016867372732,2314.95,2213.75,2830.07666015625,1376164,0.0,0.0,ADANIENT.NS,Adani Enterprises Limited,Thermal Coal,Energy,Mr. Gautambhai Shantilal Adani S.Y. B.Com,"Ahmedabad, India",https://www.adanienterprises.com,2311.75,2238.85,2668245024768,77.16122,29.96,0.00059999997,3743.9,2025.0
2022-08-12 00:00:00+05:30,2836.018063959891,2314.95,2213.75,2860.53369140625,1376164,0.0,0.0,ADANIENT.NS,Adani Enterprises Limited,Thermal Coal,Energy,Mr. Gautambhai Shantilal Adani S.Y. B.Com,"Ahmedabad, India",https://www.adanienterprises.com,2311.75,2238.85,2668245024768,77.16122,29.96,0.00059999997,3743.9,2025.0
2022-08-16 00:00:00+05:30,2874.96366395763,2314.95,2213.75,2971.677978515625,1376164,0.0,0.0,ADANIENT.NS,Adani Enterprises Limited,Thermal Coal,Energy,Mr. Gautambhai Shantilal Adani S.Y. B.Com,"Ahmedabad, India",https://www.adanienterprises.com,2311.75,2238.85,2668245024768,77.16122,29.96,0.00059999997,3743.9,2025.0
2022-08-17 00:00:00+05:30,2981.813494457306,2314.95,2213.75,3004.431640625,1376164,0.0,0.0,ADANIENT.NS,Adani Enterprises Limited,Thermal Coal,Energy,Mr. Gautambhai Shantilal Adani S.Y. B.Com,"Ahmedabad, India",https://www.adanienterprises.com,2311.75,2238.85,2668245024768,77.16122,29.96,0.00059999997,3743.9,2025.0
2022-08-18 00:00:00+05:30,3000.7867863764627,2314.95,2213.75,3149.228271484375,1376164,0.0,0.0,ADANIENT.NS,Adani Enterprises Limited,Thermal Coal,Energy,Mr. Gautambhai Shantilal Adani S.Y. B.Com,"Ahmedabad, India",https://www.adanienterprises.com,2311.75,2238.85,2668245024768,77.16122,29.96,0.00059999997,3743.9,2025.0
2022-08-19 00:00:00+05:30,3173.544310447795,2314.95,2213.75,3125.811279296875,1376164,0.0,0.0,ADANIENT.NS,Adani Enterprises Limited,Thermal Coal,Energy,Mr. Gautambhai Shantilal Adani S.Y. B.Com,"Ahmedabad, India",https://www.adanienterprises.com,2311.75,2238.85,2668245024768,77.16122,29.96,0.00059999997,3743.9,2025.0
2022-08-22 00:00:00+05:30,3129.605904913166,2314.95,2213.75,3047.321533203125,1376164,0.0,0.0,ADANIENT.NS,Adani Enterprises Limited,Thermal Coal,Energy,Mr. Gautambhai Shantilal Adani S.Y. B.Com,"Ahmedabad, India",https://www.adanienterprises.com,2311.75,2238.85,2668245024768,77.16122,29.96,0.00059999997,3743.9,2025.0
2022-08-23 00:00:00+05:30,3028.3980748717527,2314.95,2213.75,3026.40087890625,1376164,0.0,0.0,ADANIENT.NS,Adani Enterprises Limited,Thermal Coal,Energy,Mr. Gautambhai Shantilal Adani S.Y. B.Com,"Ahmedabad, India",https://www.adanienterprises.com,2311.75,2238.85,2668245024768,77.16122,29.96,0.00059999997,3743.9,2025.0
2022-08-24 00:00:00+05:30,3033.7404910430496,2314.95,2213.75,3130.2548828125,1376164,0.0,0.0,ADANIENT.NS,Adani Enterprises Limited,Thermal Coal,Energy,Mr. Gautambhai Shantilal Adani S.Y. B.Com,"Ahmedabad, India",https://www.adanienterprises.com,2311.75,2238.85,2668245024768,77.16122,29.96,0.00059999997,3743.9,2025.0
2022-08-25 00:00:00+05:30,3162.5598149488405,2314.95,2213.75,3062.051025390625,1376164,0.0,0.0,ADANIENT.NS,Adani Enterprises Limited,Thermal Coal,Energy,Mr. Gautambhai Shantilal Adani S.Y. B.Com,"Ahmedabad, India",https://www.adanienterprises.com,2311.75,2238.85,2668245024768,77.16122,29.96,0.00059999997,3743.9,2025.0
2022-08-26 00:00:00+05:30,3075.6816376127495,2314.95,2213.75,3135.148193359375,1376164,0.0,0.0,ADANIENT.NS,Adani Enterprises Limited,Thermal Coal,Energy,Mr. Gautambhai Shantilal Adani S.Y. B.Com,"Ahmedabad, India",https://www.adanienterprises.com,2311.75,2238.85,2668245024768,77.16122,29.96,0.00059999997,3743.9,2025.0
2022-08-29 00:00:00+05:30,3050.716811722106,2314.95,2213.75,3138.194091796875,1376164,0.0,0.0,ADANIENT.NS,Adani Enterprises Limited,Thermal Coal,Energy,Mr. Gautambhai Shantilal Adani S.Y. B.Com,"Ahmedabad, India",https://www.adanienterprises.com,2311.75,2238.85,2668245024768,77.16122,29.96,0.00059999997,3743.9,2025.0
2022-08-30 00:00:00+05:30,3160.5626335499273,2314.95,2213.75,3189.87158203125,1376164,0.0,0.0,ADANIENT.NS,Adani Enterprises Limited,Thermal Coal,Energy,Mr. Gautambhai Shantilal Adani S.Y. B.Com,"Ahmedabad, India",https://www.adanienterprises.com,2311.75,2238.85,2668245024768,77.16122,29.96,0.00059999997,3743.9,2025.0
2022-09-01 00:00:00+05:30,3195.5136569241477,2314.95,2213.75,3228.717041015625,1376164,0.0,0.0,ADANIENT.NS,Adani Enterprises Limited,Thermal Coal,Energy,Mr. Gautambhai Shantilal Adani S.Y. B.Com,"Ahmedabad, India",https://www.adanienterprises.com,2311.75,2238.85,2668245024768,77.16122,29.96,0.00059999997,3743.9,2025.0
2022-09-02 00:00:00+05:30,3256.4278385057587,2314.95,2213.75,3351.094970703125,1376164,0.0,0.0,ADANIENT.NS,Adani Enterprises Limited,Thermal Coal,Energy,Mr. Gautambhai Shantilal Adani S.Y. B.Com,"Ahmedabad, India",https://www.adanienterprises.com,2311.75,2238.85,2668245024768,77.16122,29.96,0.00059999997,3743.9,2025.0
2022-09-05 00:00:00+05:30,3369.369331547871,2314.95,2213.75,3341.85791015625,1376164,0.0,0.0,ADANIENT.NS,Adani Enterprises Limited,Thermal Coal,Energy,Mr. Gautambhai Shantilal Adani S.Y. B.Com,"Ahmedabad, India",https://www.adanienterprises.com,2311.75,2238.85,2668245024768,77.16122,29.96,0.00059999997,3743.9,2025.0
2022-09-06 00:00:00+05:30,3365.275115811889,2314.95,2213.75,3430.98291015625,1376164,0.0,0.0,ADANIENT.NS,Adani Enterprises Limited,Thermal Coal,Energy,Mr. Gautambhai Shantilal Adani S.Y. B.Com,"Ahmedabad, India",https://www.adanienterprises.com,2311.75,2238.85,2668245024768,77.16122,29.96,0.00059999997,3743.9,2025.0
2022-09-07 00:00:00+05:30,3430.982895121329,2314.95,2213.75,3468.879638671875,1376164,0.0,0.0,ADANIENT.NS,Adani Enterprises Limited,Thermal Coal,Energy,Mr. Gautambhai Shantilal Adani S.Y. B.Com,"Ahmedabad, India",https://www.adanienterprises.com,2311.75,2238.85,2668245024768,77.16122,29.96,0.00059999997,3743.9,2025.0
2022-09-08 00:00:00+05:30,3494.094265790511,2314.95,2213.75,3457.945068359375,1376164,0.0,0.0,ADANIENT.NS,Adani Enterprises Limited,Thermal Coal,Energy,Mr. Gautambhai Shantilal Adani S.Y. B.Com,"Ahmedabad, India",https://www.adanienterprises.com,2311.75,2238.85,2668245024768,77.16122,29.96,0.00059999997,3743.9,2025.0
2022-09-09 00:00:00+05:30,3474.1224009566986,2314.95,2213.75,3446.361328125,1376164,0.0,0.0,ADANIENT.NS,Adani Enterprises Limited,Thermal Coal,Energy,Mr. Gautambhai Shantilal Adani S.Y. B.Com,"Ahmedabad, India",https://www.adanienterprises.com,2311.75,2238.85,2668245024768,77.16122,29.96,0.00059999997,3743.9,2025.0
2022-09-12 00:00:00+05:30,3460.14211651269,2314.95,2213.75,3458.94384765625,1376164,0.0,0.0,ADANIENT.NS,Adani Enterprises Limited,Thermal Coal,Energy,Mr. Gautambhai Shantilal Adani S.Y. B.Com,"Ahmedabad, India",https://www.adanienterprises.com,2311.75,2238.85,2668245024768,77.16122,29.96,0.00059999997,3743.9,2025.0
2022-09-13 00:00:00+05:30,3473.1237267292095,2314.95,2213.75,3550.814697265625,1376164,0.0,0.0,ADANIENT.NS,Adani Enterprises Limited,Thermal Coal,Energy,Mr. Gautambhai Shantilal Adani S.Y. B.Com,"Ahmedabad, India",https://www.adanienterprises.com,2311.75,2238.85,2668245024768,77.16122,29.96,0.00059999997,3743.9,2025.0
2022-09-14 00:00:00+05:30,3513.067550833752,2314.95,2213.75,3567.091796875,1376164,0.0,0.0,ADANIENT.NS,Adani Enterprises Limited,Thermal Coal,Energy,Mr. Gautambhai Shantilal Adani S.Y. B.Com,"Ahmedabad, India",https://www.adanienterprises.com,2311.75,2238.85,2668245024768,77.16122,29.96,0.00059999997,3743.9,2025.0
2022-09-15 00:00:00+05:30,3584.9666456632913,2314.95,2213.75,3743.444091796875,1376164,0.0,0.0,ADANIENT.NS,Adani Enterprises Limited,Thermal Coal,Energy,Mr. Gautambhai Shantilal Adani S.Y. B.Com,"Ahmedabad, India",https://www.adanienterprises.com,2311.75,2238.85,2668245024768,77.16122,29.96,0.00059999997,3743.9,2025.0
2022-09-16 00:00:00+05:30,3749.735297800855,2314.95,2213.75,3697.00927734375,1376164,0.0,0.0,ADANIENT.NS,Adani Enterprises Limited,Thermal Coal,Energy,Mr. Gautambhai Shantilal Adani S.Y. B.Com,"Ahmedabad, India",https://www.adanienterprises.com,2311.75,2238.85,2668245024768,77.16122,29.96,0.00059999997,3743.9,2025.0
2022-09-19 00:00:00+05:30,3713.735801854296,2314.95,2213.75,3773.35205078125,1376164,0.0,0.0,ADANIENT.NS,Adani Enterprises Limited,Thermal Coal,Energy,Mr. Gautambhai Shantilal Adani S.Y. B.Com,"Ahmedabad, India",https://www.adanienterprises.com,2311.75,2238.85,2668245024768,77.16122,29.96,0.00059999997,3743.9,2025.0
2022-09-20 00:00:00+05:30,3813.645824352074,2314.95,2213.75,3829.174072265625,1376164,0.0,0.0,ADANIENT.NS,Adani Enterprises Limited,Thermal Coal,Energy,Mr. Gautambhai Shantilal Adani S.Y. B.Com,"Ahmedabad, India",https://www.adanienterprises.com,2311.75,2238.85,2668245024768,77.16122,29.96,0.00059999997,3743.9,2025.0
2022-09-21 00:00:00+05:30,3832.2694167212526,2314.95,2213.75,3634.99658203125,1376164,0.0,0.0,ADANIENT.NS,Adani Enterprises Limited,Thermal Coal,Energy,Mr. Gautambhai Shantilal Adani S.Y. B.Com,"Ahmedabad, India",https://www.adanienterprises.com,2311.75,2238.85,2668245024768,77.16122,29.96,0.00059999997,3743.9,2025.0
2022-09-22 00:00:00+05:30,3633.8981686004404,2314.95,2213.75,3711.08984375,1376164,0.0,0.0,ADANIENT.NS,Adani Enterprises Limited,Thermal Coal,Energy,Mr. Gautambhai Shantilal Adani S.Y. B.Com,"Ahmedabad, India",https://www.adanienterprises.com,2311.75,2238.85,2668245024768,77.16122,29.96,0.00059999997,3743.9,2025.0
2022-09-23 00:00:00+05:30,3726.7674895296877,2314.95,2213.75,3669.1484375,1376164,0.0,0.0,ADANIENT.NS,Adani Enterprises Limited,Thermal Coal,Energy,Mr. Gautambhai Shantilal Adani S.Y. B.Com,"Ahmedabad, India",https://www.adanienterprises.com,2311.75,2238.85,2668245024768,77.16122,29.96,0.00059999997,3743.9,2025.0
2022-09-26 00:00:00+05:30,3641.18770856806,2314.95,2213.75,3581.171875,1376164,0.0,0.0,ADANIENT.NS,Adani Enterprises Limited,Thermal Coal,Energy,Mr. Gautambhai Shantilal Adani S.Y. B.Com,"Ahmedabad, India",https://www.adanienterprises.com,2311.75,2238.85,2668245024768,77.16122,29.96,0.00059999997,3743.9,2025.0
2022-09-27 00:00:00+05:30,3590.9582747350573,2314.95,2213.75,3554.110107421875,1376164,0.0,0.0,ADANIENT.NS,Adani Enterprises Limited,Thermal Coal,Energy,Mr. Gautambhai Shantilal Adani S.Y. B.Com,"Ahmedabad, India",https://www.adanienterprises.com,2311.75,2238.85,2668245024768,77.16122,29.96,0.00059999997,3743.9,2025.0
2022-09-28 00:00:00+05:30,3523.0537496697784,2314.95,2213.75,3543.774658203125,1376164,0.0,0.0,ADANIENT.NS,Adani Enterprises Limited,Thermal Coal,Energy,Mr. Gautambhai Shantilal Adani S.Y. B.Com,"Ahmedabad, India",https://www.adanienterprises.com,2311.75,2238.85,2668245024768,77.16122,29.96,0.00059999997,3743.9,2025.0
2022-09-29 00:00:00+05:30,3578.4756339816577,2314.95,2213.75,3465.833740234375,1376164,0.0,0.0,ADANIENT.NS,Adani Enterprises Limited,Thermal Coal,Energy,Mr. Gautambhai Shantilal Adani S.Y. B.Com,"Ahmedabad, India",https://www.adanienterprises.com,2311.75,2238.85,2668245024768,77.16122,29.96,0.00059999997,3743.9,2025.0
2022-09-30 00:00:00+05:30,3443.1159161579794,2314.95,2213.75,3450.905029296875,1376164,0.0,0.0,ADANIENT.NS,Adani Enterprises Limited,Thermal Coal,Energy,Mr. Gautambhai Shantilal Adani S.Y. B.Com,"Ahmedabad, India",https://www.adanienterprises.com,2311.75,2238.85,2668245024768,77.16122,29.96,0.00059999997,3743.9,2025.0
2022-10-03 00:00:00+05:30,3435.1771428765846,2314.95,2213.75,3152.87353515625,1376164,0.0,0.0,ADANIENT.NS,Adani Enterprises Limited,Thermal Coal,Energy,Mr. Gautambhai Shantilal Adani S.Y. B.Com,"Ahmedabad, India",https://www.adanienterprises.com,2311.75,2238.85,2668245024768,77.16122,29.96,0.00059999997,3743.9,2025.0
2022-10-04 00:00:00+05:30,3225.4714888129424,2314.95,2213.75,3233.16064453125,1376164,0.0,0.0,ADANIENT.NS,Adani Enterprises Limited,Thermal Coal,Energy,Mr. Gautambhai Shantilal Adani S.Y. B.Com,"Ahmedabad, India",https://www.adanienterprises.com,2311.75,2238.85,2668245024768,77.16122,29.96,0.00059999997,3743.9,2025.0
2022-10-06 00:00:00+05:30,3265.4153177618437,2314.95,2213.75,3280.394287109375,1376164,0.0,0.0,ADANIENT.NS,Adani Enterprises Limited,Thermal Coal,Energy,Mr. Gautambhai Shantilal Adani S.Y. B.Com,"Ahmedabad, India",https://www.adanienterprises.com,2311.75,2238.85,2668245024768,77.16122,29.96,0.00059999997,3743.9,2025.0
2022-10-07 00:00:00+05:30,3275.401176159493,2314.95,2213.75,3273.004638671875,1376164,0.0,0.0,ADANIENT.NS,Adani Enterprises Limited,Thermal Coal,Energy,Mr. Gautambhai Shantilal Adani S.Y. B.Com,"Ahmedabad, India",https://www.adanienterprises.com,2311.75,2238.85,2668245024768,77.16122,29.96,0.00059999997,3743.9,2025.0
2022-10-10 00:00:00+05:30,3229.4659050707546,2314.95,2213.75,3241.69873046875,1376164,0.0,0.0,ADANIENT.NS,Adani Enterprises Limited,Thermal Coal,Energy,Mr. Gautambhai Shantilal Adani S.Y. B.Com,"Ahmedabad, India",https://www.adanienterprises.com,2311.75,2238.85,2668245024768,77.16122,29.96,0.00059999997,3743.9,2025.0
2022-10-11 00:00:00+05:30,3252.982710733301,2314.95,2213.75,3269.359619140625,1376164,0.0,0.0,ADANIENT.NS,Adani Enterprises Limited,Thermal Coal,Energy,Mr. Gautambhai Shantilal Adani S.Y. B.Com,"Ahmedabad, India",https://www.adanienterprises.com,2311.75,2238.85,2668245024768,77.16122,29.96,0.00059999997,3743.9,2025.0
2022-10-12 00:00:00+05:30,3292.377382806968,2314.95,2213.75,3219.130126953125,1376164,0.0,0.0,ADANIENT.NS,Adani Enterprises Limited,Thermal Coal,Energy,Mr. Gautambhai Shantilal Adani S.Y. B.Com,"Ahmedabad, India",https://www.adanienterprises.com,2311.75,2238.85,2668245024768,77.16122,29.96,0.00059999997,3743.9,2025.0
2022-10-13 00:00:00+05:30,3213.4882503097388,2314.95,2213.75,3229.1162109375,1376164,0.0,0.0,ADANIENT.NS,Adani Enterprises Limited,Thermal Coal,Energy,Mr. Gautambhai Shantilal Adani S.Y. B.Com,"Ahmedabad, India",https://www.adanienterprises.com,2311.75,2238.85,2668245024768,77.16122,29.96,0.00059999997,3743.9,2025.0
2022-10-14 00:00:00+05:30,3267.412618422846,2314.95,2213.75,3205.000244140625,1376164,0.0,0.0,ADANIENT.NS,Adani Enterprises Limited,Thermal Coal,Energy,Mr. Gautambhai Shantilal Adani S.Y. B.Com,"Ahmedabad, India",https://www.adanienterprises.com,2311.75,2238.85,2668245024768,77.16122,29.96,0.00059999997,3743.9,2025.0
2022-10-17 00:00:00+05:30,3206.498337007678,2314.95,2213.75,3208.09619140625,1376164,0.0,0.0,ADANIENT.NS,Adani Enterprises Limited,Thermal Coal,Energy,Mr. Gautambhai Shantilal Adani S.Y. B.Com,"Ahmedabad, India",https://www.adanienterprises.com,2311.75,2238.85,2668245024768,77.16122,29.96,0.00059999997,3743.9,2025.0
2022-10-18 00:00:00+05:30,3244.444755927396,2314.95,2213.75,3279.6953125,1376164,0.0,0.0,ADANIENT.NS,Adani Enterprises Limited,Thermal Coal,Energy,Mr. Gautambhai Shantilal Adani S.Y. B.Com,"Ahmedabad, India",https://www.adanienterprises.com,2311.75,2238.85,2668245024768,77.16122,29.96,0.00059999997,3743.9,2025.0
2022-10-19 00:00:00+05:30,3295.3733777843468,2314.95,2213.75,3272.6552734375,1376164,0.0,0.0,ADANIENT.NS,Adani Enterprises Limited,Thermal Coal,Energy,Mr. Gautambhai Shantilal Adani S.Y. B.Com,"Ahmedabad, India",https://www.adanienterprises.com,2311.75,2238.85,2668245024768,77.16122,29.96,0.00059999997,3743.9,2025.0
2022-10-20 00:00:00+05:30,3255.4295881469734,2314.95,2213.75,3352.3935546875,1376164,0.0,0.0,ADANIENT.NS,Adani Enterprises Limited,Thermal Coal,Energy,Mr. Gautambhai Shantilal Adani S.Y. B.Com,"Ahmedabad, India",https://www.adanienterprises.com,2311.75,2238.85,2668245024768,77.16122,29.96,0.00059999997,3743.9,2025.0
2022-10-21 00:00:00+05:30,3370.1682652854834,2314.95,2213.75,3307.256591796875,1376164,0.0,0.0,ADANIENT.NS,Adani Enterprises Limited,Thermal Coal,Energy,Mr. Gautambhai Shantilal Adani S.Y. B.Com,"Ahmedabad, India",https://www.adanienterprises.com,2311.75,2238.85,2668245024768,77.16122,29.96,0.00059999997,3743.9,2025.0
2022-10-24 00:00:00+05:30,3320.3383086199165,2314.95,2213.75,3305.15966796875,1376164,0.0,0.0,ADANIENT.NS,Adani Enterprises Limited,Thermal Coal,Energy,Mr. Gautambhai Shantilal Adani S.Y. B.Com,"Ahmedabad, India",https://www.adanienterprises.com,2311.75,2238.85,2668245024768,77.16122,29.96,0.00059999997,3743.9,2025.0
2022-10-25 00:00:00+05:30,3317.2924360215816,2314.95,2213.75,3295.87255859375,1376164,0.0,0.0,ADANIENT.NS,Adani Enterprises Limited,Thermal Coal,Energy,Mr. Gautambhai Shantilal Adani S.Y. B.Com,"Ahmedabad, India",https://www.adanienterprises.com,2311.75,2238.85,2668245024768,77.16122,29.96,0.00059999997,3743.9,2025.0
2022-10-27 00:00:00+05:30,3315.195452918325,2314.95,2213.75,3320.338134765625,1376164,0.0,0.0,ADANIENT.NS,Adani Enterprises Limited,Thermal Coal,Energy,Mr. Gautambhai Shantilal Adani S.Y. B.Com,"Ahmedabad, India",https://www.adanienterprises.com,2311.75,2238.85,2668245024768,77.16122,29.96,0.00059999997,3743.9,2025.0
2022-10-28 00:00:00+05:30,3317.342642946931,2314.95,2213.75,3318.640869140625,1376164,0.0,0.0,ADANIENT.NS,Adani Enterprises Limited,Thermal Coal,Energy,Mr. Gautambhai Shantilal Adani S.Y. B.Com,"Ahmedabad, India",https://www.adanienterprises.com,2311.75,2238.85,2668245024768,77.16122,29.96,0.00059999997,3743.9,2025.0
2022-10-31 00:00:00+05:30,3335.2671073223723,2314.95,2213.75,3342.756591796875,1376164,0.0,0.0,ADANIENT.NS,Adani Enterprises Limited,Thermal Coal,Energy,Mr. Gautambhai Shantilal Adani S.Y. B.Com,"Ahmedabad, India",https://www.adanienterprises.com,2311.75,2238.85,2668245024768,77.16122,29.96,0.00059999997,3743.9,2025.0
2022-11-01 00:00:00+05:30,3357.186469543345,2314.95,2213.75,3570.686767578125,1376164,0.0,0.0,ADANIENT.NS,Adani Enterprises Limited,Thermal Coal,Energy,Mr. Gautambhai Shantilal Adani S.Y. B.Com,"Ahmedabad, India",https://www.adanienterprises.com,2311.75,2238.85,2668245024768,77.16122,29.96,0.00059999997,3743.9,2025.0
2022-11-02 00:00:00+05:30,3574.9809617764836,2314.95,2213.75,3575.679931640625,1376164,0.0,0.0,ADANIENT.NS,Adani Enterprises Limited,Thermal Coal,Energy,Mr. Gautambhai Shantilal Adani S.Y. B.Com,"Ahmedabad, India",https://www.adanienterprises.com,2311.75,2238.85,2668245024768,77.16122,29.96,0.00059999997,3743.9,2025.0
2022-11-03 00:00:00+05:30,3545.022948702588,2314.95,2213.75,3585.3662109375,1376164,0.0,0.0,ADANIENT.NS,Adani Enterprises Limited,Thermal Coal,Energy,Mr. Gautambhai Shantilal Adani S.Y. B.Com,"Ahmedabad, India",https://www.adanienterprises.com,2311.75,2238.85,2668245024768,77.16122,29.96,0.00059999997,3743.9,2025.0
2022-11-04 00:00:00+05:30,3636.893867470285,2314.95,2213.75,3827.875732421875,1376164,0.0,0.0,ADANIENT.NS,Adani Enterprises Limited,Thermal Coal,Energy,Mr. Gautambhai Shantilal Adani S.Y. B.Com,"Ahmedabad, India",https://www.adanienterprises.com,2311.75,2238.85,2668245024768,77.16122,29.96,0.00059999997,3743.9,2025.0
2022-11-07 00:00:00+05:30,3847.0488425660105,2314.95,2213.75,3955.04736328125,1376164,0.0,0.0,ADANIENT.NS,Adani Enterprises Limited,Thermal Coal,Energy,Mr. Gautambhai Shantilal Adani S.Y. B.Com,"Ahmedabad, India",https://www.adanienterprises.com,2311.75,2238.85,2668245024768,77.16122,29.96,0.00059999997,3743.9,2025.0
2022-11-09 00:00:00+05:30,3971.4240731625428,2314.95,2213.75,3991.595703125,1376164,0.0,0.0,ADANIENT.NS,Adani Enterprises Limited,Thermal Coal,Energy,Mr. Gautambhai Shantilal Adani S.Y. B.Com,"Ahmedabad, India",https://www.adanienterprises.com,2311.75,2238.85,2668245024768,77.16122,29.96,0.00059999997,3743.9,2025.0
2022-11-10 00:00:00+05:30,3989.3989765081956,2314.95,2213.75,3986.65283203125,1376164,0.0,0.0,ADANIENT.NS,Adani Enterprises Limited,Thermal Coal,Energy,Mr. Gautambhai Shantilal Adani S.Y. B.Com,"Ahmedabad, India",https://www.adanienterprises.com,2311.75,2238.85,2668245024768,77.16122,29.96,0.00059999997,3743.9,2025.0
2022-11-11 00:00:00+05:30,4034.3359668701755,2314.95,2213.75,4003.229736328125,1376164,0.0,0.0,ADANIENT.NS,Adani Enterprises Limited,Thermal Coal,Energy,Mr. Gautambhai Shantilal Adani S.Y. B.Com,"Ahmedabad, India",https://www.adanienterprises.com,2311.75,2238.85,2668245024768,77.16122,29.96,0.00059999997,3743.9,2025.0
2022-11-14 00:00:00+05:30,3993.3933689257306,2314.95,2213.75,4016.910400390625,1376164,0.0,0.0,ADANIENT.NS,Adani Enterprises Limited,Thermal Coal,Energy,Mr. Gautambhai Shantilal Adani S.Y. B.Com,"Ahmedabad, India",https://www.adanienterprises.com,2311.75,2238.85,2668245024768,77.16122,29.96,0.00059999997,3743.9,2025.0
2022-11-15 00:00:00+05:30,4019.4069989127574,2314.95,2213.75,4052.111083984375,1376164,0.0,0.0,ADANIENT.NS,Adani Enterprises Limited,Thermal Coal,Energy,Mr. Gautambhai Shantilal Adani S.Y. B.Com,"Ahmedabad, India",https://www.adanienterprises.com,2311.75,2238.85,2668245024768,77.16122,29.96,0.00059999997,3743.9,2025.0
2022-11-16 00:00:00+05:30,4051.611498872011,2314.95,2213.75,3951.052734375,1376164,0.0,0.0,ADANIENT.NS,Adani Enterprises Limited,Thermal Coal,Energy,Mr. Gautambhai Shantilal Adani S.Y. B.Com,"Ahmedabad, India",https://www.adanienterprises.com,2311.75,2238.85,2668245024768,77.16122,29.96,0.00059999997,3743.9,2025.0
2022-11-17 00:00:00+05:30,3964.4342036397106,2314.95,2213.75,4012.5166015625,1376164,0.0,0.0,ADANIENT.NS,Adani Enterprises Limited,Thermal Coal,Energy,Mr. Gautambhai Shantilal Adani S.Y. B.Com,"Ahmedabad, India",https://www.adanienterprises.com,2311.75,2238.85,2668245024768,77.16122,29.96,0.00059999997,3743.9,2025.0
2022-11-18 00:00:00+05:30,4022.7021236775663,2314.95,2213.75,4014.1640625,1376164,0.0,0.0,ADANIENT.NS,Adani Enterprises Limited,Thermal Coal,Energy,Mr. Gautambhai Shantilal Adani S.Y. B.Com,"Ahmedabad, India",https://www.adanienterprises.com,2311.75,2238.85,2668245024768,77.16122,29.96,0.00059999997,3743.9,2025.0
2022-11-21 00:00:00+05:30,4014.313734220839,2314.95,2213.75,3996.2392578125,1376164,0.0,0.0,ADANIENT.NS,Adani Enterprises Limited,Thermal Coal,Energy,Mr. Gautambhai Shantilal Adani S.Y. B.Com,"Ahmedabad, India",https://www.adanienterprises.com,2311.75,2238.85,2668245024768,77.16122,29.96,0.00059999997,3743.9,2025.0
2022-11-22 00:00:00+05:30,3996.23916865261,2314.95,2213.75,4028.343994140625,1376164,0.0,0.0,ADANIENT.NS,Adani Enterprises Limited,Thermal Coal,Energy,Mr. Gautambhai Shantilal Adani S.Y. B.Com,"Ahmedabad, India",https://www.adanienterprises.com,2311.75,2238.85,2668245024768,77.16122,29.96,0.00059999997,3743.9,2025.0
2022-11-23 00:00:00+05:30,4044.321661789963,2314.95,2213.75,3897.827392578125,1376164,0.0,0.0,ADANIENT.NS,Adani Enterprises Limited,Thermal Coal,Energy,Mr. Gautambhai Shantilal Adani S.Y. B.Com,"Ahmedabad, India",https://www.adanienterprises.com,2311.75,2238.85,2668245024768,77.16122,29.96,0.00059999997,3743.9,2025.0
2022-11-24 00:00:00+05:30,3904.5182476916193,2314.95,2213.75,3915.602783203125,1376164,0.0,0.0,ADANIENT.NS,Adani Enterprises Limited,Thermal Coal,Energy,Mr. Gautambhai Shantilal Adani S.Y. B.Com,"Ahmedabad, India",https://www.adanienterprises.com,2311.75,2238.85,2668245024768,77.16122,29.96,0.00059999997,3743.9,2025.0
2022-11-25 00:00:00+05:30,3923.4916467998496,2314.95,2213.75,3895.630859375,1376164,0.0,0.0,ADANIENT.NS,Adani Enterprises Limited,Thermal Coal,Energy,Mr. Gautambhai Shantilal Adani S.Y. B.Com,"Ahmedabad, India",https://www.adanienterprises.com,2311.75,2238.85,2668245024768,77.16122,29.96,0.00059999997,3743.9,2025.0
2022-11-28 00:00:00+05:30,3893.9325941874367,2314.95,2213.75,3880.701171875,1376164,0.0,0.0,ADANIENT.NS,Adani Enterprises Limited,Thermal Coal,Energy,Mr. Gautambhai Shantilal Adani S.Y. B.Com,"Ahmedabad, India",https://www.adanienterprises.com,2311.75,2238.85,2668245024768,77.16122,29.96,0.00059999997,3743.9,2025.0
2022-11-29 00:00:00+05:30,3879.5530021353493,2314.95,2213.75,3872.962158203125,1376164,0.0,0.0,ADANIENT.NS,Adani Enterprises Limited,Thermal Coal,Energy,Mr. Gautambhai Shantilal Adani S.Y. B.Com,"Ahmedabad, India",https://www.adanienterprises.com,2311.75,2238.85,2668245024768,77.16122,29.96,0.00059999997,3743.9,2025.0
2022-11-30 00:00:00+05:30,3892.335309025333,2314.95,2213.75,3912.406982421875,1376164,0.0,0.0,ADANIENT.NS,Adani Enterprises Limited,Thermal Coal,Energy,Mr. Gautambhai Shantilal Adani S.Y. B.Com,"Ahmedabad, India",https://www.adanienterprises.com,2311.75,2238.85,2668245024768,77.16122,29.96,0.00059999997,3743.9,2025.0
2022-12-01 00:00:00+05:30,3931.979581417102,2314.95,2213.75,3909.611083984375,1376164,0.0,0.0,ADANIENT.NS,Adani Enterprises Limited,Thermal Coal,Energy,Mr. Gautambhai Shantilal Adani S.Y. B.Com,"Ahmedabad, India",https://www.adanienterprises.com,2311.75,2238.85,2668245024768,77.16122,29.96,0.00059999997,3743.9,2025.0
2022-12-02 00:00:00+05:30,3899.5250240250557,2314.95,2213.75,3917.00048828125,1376164,0.0,0.0,ADANIENT.NS,Adani Enterprises Limited,Thermal Coal,Energy,Mr. Gautambhai Shantilal Adani S.Y. B.Com,"Ahmedabad, India",https://www.adanienterprises.com,2311.75,2238.85,2668245024768,77.16122,29.96,0.00059999997,3743.9,2025.0
2022-12-05 00:00:00+05:30,3923.391507326408,2314.95,2213.75,3924.889404296875,1376164,0.0,0.0,ADANIENT.NS,Adani Enterprises Limited,Thermal Coal,Energy,Mr. Gautambhai Shantilal Adani S.Y. B.Com,"Ahmedabad, India",https://www.adanienterprises.com,2311.75,2238.85,2668245024768,77.16122,29.96,0.00059999997,3743.9,2025.0
2022-12-06 00:00:00+05:30,3914.5041558949106,2314.95,2213.75,4026.1474609375,1376164,0.0,0.0,ADANIENT.NS,Adani Enterprises Limited,Thermal Coal,Energy,Mr. Gautambhai Shantilal Adani S.Y. B.Com,"Ahmedabad, India",https://www.adanienterprises.com,2311.75,2238.85,2668245024768,77.16122,29.96,0.00059999997,3743.9,2025.0
2022-12-07 00:00:00+05:30,4025.348377673266,2314.95,2213.75,3993.69287109375,1376164,0.0,0.0,ADANIENT.NS,Adani Enterprises Limited,Thermal Coal,Energy,Mr. Gautambhai Shantilal Adani S.Y. B.Com,"Ahmedabad, India",https://www.adanienterprises.com,2311.75,2238.85,2668245024768,77.16122,29.96,0.00059999997,3743.9,2025.0
2022-12-08 00:00:00+05:30,4004.3779636548916,2314.95,2213.75,4019.35693359375,1376164,0.0,0.0,ADANIENT.NS,Adani Enterprises Limited,Thermal Coal,Energy,Mr. Gautambhai Shantilal Adani S.Y. B.Com,"Ahmedabad, India",https://www.adanienterprises.com,2311.75,2238.85,2668245024768,77.16122,29.96,0.00059999997,3743.9,2025.0
2022-12-09 00:00:00+05:30,4038.3303100203516,2314.95,2213.75,3991.196533203125,1376164,0.0,0.0,ADANIENT.NS,Adani Enterprises Limited,Thermal Coal,Energy,Mr. Gautambhai Shantilal Adani S.Y. B.Com,"Ahmedabad, India",https://www.adanienterprises.com,2311.75,2238.85,2668245024768,77.16122,29.96,0.00059999997,3743.9,2025.0
2022-12-12 00:00:00+05:30,3991.396271353188,2314.95,2213.75,4011.068603515625,1376164,0.0,0.0,ADANIENT.NS,Adani Enterprises Limited,Thermal Coal,Energy,Mr. Gautambhai Shantilal Adani S.Y. B.Com,"Ahmedabad, India",https://www.adanienterprises.com,2311.75,2238.85,2668245024768,77.16122,29.96,0.00059999997,3743.9,2025.0
2022-12-13 00:00:00+05:30,4022.153090538911,2314.95,2213.75,4054.507568359375,1376164,0.0,0.0,ADANIENT.NS,Adani Enterprises Limited,Thermal Coal,Energy,Mr. Gautambhai Shantilal Adani S.Y. B.Com,"Ahmedabad, India",https://www.adanienterprises.com,2311.75,2238.85,2668245024768,77.16122,29.96,0.00059999997,3743.9,2025.0
2022-12-14 00:00:00+05:30,4070.2854001343685,2314.95,2213.75,4050.11376953125,1376164,0.0,0.0,ADANIENT.NS,Adani Enterprises Limited,Thermal Coal,Energy,Mr. Gautambhai Shantilal Adani S.Y. B.Com,"Ahmedabad, India",https://www.adanienterprises.com,2311.75,2238.85,2668245024768,77.16122,29.96,0.00059999997,3743.9,2025.0
2022-12-15 00:00:00+05:30,4050.113475911422,2314.95,2213.75,4038.080322265625,1376164,0.0,0.0,ADANIENT.NS,Adani Enterprises Limited,Thermal Coal,Energy,Mr. Gautambhai Shantilal Adani S.Y. B.Com,"Ahmedabad, India",https://www.adanienterprises.com,2311.75,2238.85,2668245024768,77.16122,29.96,0.00059999997,3743.9,2025.0
2022-12-16 00:00:00+05:30,4013.2651854425817,2314.95,2213.75,3975.21875,1376164,0.0,0.0,ADANIENT.NS,Adani Enterprises Limited,Thermal Coal,Energy,Mr. Gautambhai Shantilal Adani S.Y. B.Com,"Ahmedabad, India",https://www.adanienterprises.com,2311.75,2238.85,2668245024768,77.16122,29.96,0.00059999997,3743.9,2025.0
2022-12-19 00:00:00+05:30,3982.408772743619,2314.95,2213.75,4069.58642578125,1376164,0.0,0.0,ADANIENT.NS,Adani Enterprises Limited,Thermal Coal,Energy,Mr. Gautambhai Shantilal Adani S.Y. B.Com,"Ahmedabad, India",https://www.adanienterprises.com,2311.75,2238.85,2668245024768,77.16122,29.96,0.00059999997,3743.9,2025.0
2022-12-20 00:00:00+05:30,4089.2587181529316,2314.95,2213.75,4159.4599609375,1376164,0.0,0.0,ADANIENT.NS,Adani Enterprises Limited,Thermal Coal,Energy,Mr. Gautambhai Shantilal Adani S.Y. B.Com,"Ahmedabad, India",https://www.adanienterprises.com,2311.75,2238.85,2668245024768,77.16122,29.96,0.00059999997,3743.9,2025.0
2022-12-21 00:00:00+05:30,4169.146468859752,2314.95,2213.75,3896.479248046875,1376164,0.0,0.0,ADANIENT.NS,Adani Enterprises Limited,Thermal Coal,Energy,Mr. Gautambhai Shantilal Adani S.Y. B.Com,"Ahmedabad, India",https://www.adanienterprises.com,2311.75,2238.85,2668245024768,77.16122,29.96,0.00059999997,3743.9,2025.0
2022-12-22 00:00:00+05:30,3942.4647805593245,2314.95,2213.75,3863.126220703125,1376164,0.0,0.0,ADANIENT.NS,Adani Enterprises Limited,Thermal Coal,Energy,Mr. Gautambhai Shantilal Adani S.Y. B.Com,"Ahmedabad, India",https://www.adanienterprises.com,2311.75,2238.85,2668245024768,77.16122,29.96,0.00059999997,3743.9,2025.0
2022-12-23 00:00:00+05:30,3816.6414710213544,2314.95,2213.75,3637.093505859375,1376164,0.0,0.0,ADANIENT.NS,Adani Enterprises Limited,Thermal Coal,Energy,Mr. Gautambhai Shantilal Adani S.Y. B.Com,"Ahmedabad, India",https://www.adanienterprises.com,2311.75,2238.85,2668245024768,77.16122,29.96,0.00059999997,3743.9,2025.0
2022-12-26 00:00:00+05:30,3647.878440926212,2314.95,2213.75,3711.5390625,1376164,0.0,0.0,ADANIENT.NS,Adani Enterprises Limited,Thermal Coal,Energy,Mr. Gautambhai Shantilal Adani S.Y. B.Com,"Ahmedabad, India",https://www.adanienterprises.com,2311.75,2238.85,2668245024768,77.16122,29.96,0.00059999997,3743.9,2025.0
2022-12-27 00:00:00+05:30,3727.2169503101813,2314.95,2213.75,3764.36474609375,1376164,0.0,0.0,ADANIENT.NS,Adani Enterprises Limited,Thermal Coal,Energy,Mr. Gautambhai Shantilal Adani S.Y. B.Com,"Ahmedabad, India",https://www.adanienterprises.com,2311.75,2238.85,2668245024768,77.16122,29.96,0.00059999997,3743.9,2025.0
2022-12-28 00:00:00+05:30,3750.7839800608585,2314.95,2213.75,3792.37548828125,1376164,0.0,0.0,ADANIENT.NS,Adani Enterprises Limited,Thermal Coal,Energy,Mr. Gautambhai Shantilal Adani S.Y. B.Com,"Ahmedabad, India",https://www.adanienterprises.com,2311.75,2238.85,2668245024768,77.16122,29.96,0.00059999997,3743.9,2025.0
2022-12-29 00:00:00+05:30,3784.6863524074306,2314.95,2213.75,3805.257568359375,1376164,0.0,0.0,ADANIENT.NS,Adani Enterprises Limited,Thermal Coal,Energy,Mr. Gautambhai Shantilal Adani S.Y. B.Com,"Ahmedabad, India",https://www.adanienterprises.com,2311.75,2238.85,2668245024768,77.16122,29.96,0.00059999997,3743.9,2025.0
2022-12-30 00:00:00+05:30,3824.330452647528,2314.95,2213.75,3852.9404296875,1376164,0.0,0.0,ADANIENT.NS,Adani Enterprises Limited,Thermal Coal,Energy,Mr. Gautambhai Shantilal Adani S.Y. B.Com,"Ahmedabad, India",https://www.adanienterprises.com,2311.75,2238.85,2668245024768,77.16122,29.96,0.00059999997,3743.9,2025.0
2023-01-02 00:00:00+05:30,3864.5741232671194,2314.95,2213.75,3835.814453125,1376164,0.0,0.0,ADANIENT.NS,Adani Enterprises Limited,Thermal Coal,Energy,Mr. Gautambhai Shantilal Adani S.Y. B.Com,"Ahmedabad, India",https://www.adanienterprises.com,2311.75,2238.85,2668245024768,77.16122,29.96,0.00059999997,3743.9,2025.0
2023-01-03 00:00:00+05:30,3836.513456470895,2314.95,2213.75,3825.578857421875,1376164,0.0,0.0,ADANIENT.NS,Adani Enterprises Limited,Thermal Coal,Energy,Mr. Gautambhai Shantilal Adani S.Y. B.Com,"Ahmedabad, India",https://www.adanienterprises.com,2311.75,2238.85,2668245024768,77.16122,29.96,0.00059999997,3743.9,2025.0
2023-01-04 00:00:00+05:30,3833.6175228924294,2314.95,2213.75,3821.684326171875,1376164,0.0,0.0,ADANIENT.NS,Adani Enterprises Limited,Thermal Coal,Energy,Mr. Gautambhai Shantilal Adani S.Y. B.Com,"Ahmedabad, India",https://www.adanienterprises.com,2311.75,2238.85,2668245024768,77.16122,29.96,0.00059999997,3743.9,2025.0
2023-01-05 00:00:00+05:30,3821.684763531479,2314.95,2213.75,3824.430908203125,1376164,0.0,0.0,ADANIENT.NS,Adani Enterprises Limited,Thermal Coal,Energy,Mr. Gautambhai Shantilal Adani S.Y. B.Com,"Ahmedabad, India",https://www.adanienterprises.com,2311.75,2238.85,2668245024768,77.16122,29.96,0.00059999997,3743.9,2025.0
2023-01-06 00:00:00+05:30,3823.63176826696,2314.95,2213.75,3818.888427734375,1376164,0.0,0.0,ADANIENT.NS,Adani Enterprises Limited,Thermal Coal,Energy,Mr. Gautambhai Shantilal Adani S.Y. B.Com,"Ahmedabad, India",https://www.adanienterprises.com,2311.75,2238.85,2668245024768,77.16122,29.96,0.00059999997,3743.9,2025.0
2023-01-09 00:00:00+05:30,3837.6117283247386,2314.95,2213.75,3849.89453125,1376164,0.0,0.0,ADANIENT.NS,Adani Enterprises Limited,Thermal Coal,Energy,Mr. Gautambhai Shantilal Adani S.Y. B.Com,"Ahmedabad, India",https://www.adanienterprises.com,2311.75,2238.85,2668245024768,77.16122,29.96,0.00059999997,3743.9,2025.0
2023-01-10 00:00:00+05:30,3853.589593700557,2314.95,2213.75,3641.786865234375,1376164,0.0,0.0,ADANIENT.NS,Adani Enterprises Limited,Thermal Coal,Energy,Mr. Gautambhai Shantilal Adani S.Y. B.Com,"Ahmedabad, India",https://www.adanienterprises.com,2311.75,2238.85,2668245024768,77.16122,29.96,0.00059999997,3743.9,2025.0
2023-01-11 00:00:00+05:30,3654.868659423027,2314.95,2213.75,3630.70263671875,1376164,0.0,0.0,ADANIENT.NS,Adani Enterprises Limited,Thermal Coal,Energy,Mr. Gautambhai Shantilal Adani S.Y. B.Com,"Ahmedabad, India",https://www.adanienterprises.com,2311.75,2238.85,2668245024768,77.16122,29.96,0.00059999997,3743.9,2025.0
2023-01-12 00:00:00+05:30,3637.393307961594,2314.95,2213.75,3642.086669921875,1376164,0.0,0.0,ADANIENT.NS,Adani Enterprises Limited,Thermal Coal,Energy,Mr. Gautambhai Shantilal Adani S.Y. B.Com,"Ahmedabad, India",https://www.adanienterprises.com,2311.75,2238.85,2668245024768,77.16122,29.96,0.00059999997,3743.9,2025.0
2023-01-13 00:00:00+05:30,3646.0809797782435,2314.95,2213.75,3715.932861328125,1376164,0.0,0.0,ADANIENT.NS,Adani Enterprises Limited,Thermal Coal,Energy,Mr. Gautambhai Shantilal Adani S.Y. B.Com,"Ahmedabad, India",https://www.adanienterprises.com,2311.75,2238.85,2668245024768,77.16122,29.96,0.00059999997,3743.9,2025.0
2023-01-16 00:00:00+05:30,3714.7845687317763,2314.95,2213.75,3614.72509765625,1376164,0.0,0.0,ADANIENT.NS,Adani Enterprises Limited,Thermal Coal,Energy,Mr. Gautambhai Shantilal Adani S.Y. B.Com,"Ahmedabad, India",https://www.adanienterprises.com,2311.75,2238.85,2668245024768,77.16122,29.96,0.00059999997,3743.9,2025.0
2023-01-17 00:00:00+05:30,3614.924833522039,2314.95,2213.75,3634.247802734375,1376164,0.0,0.0,ADANIENT.NS,Adani Enterprises Limited,Thermal Coal,Energy,Mr. Gautambhai Shantilal Adani S.Y. B.Com,"Ahmedabad, India",https://www.adanienterprises.com,2311.75,2238.85,2668245024768,77.16122,29.96,0.00059999997,3743.9,2025.0
2023-01-18 00:00:00+05:30,3642.8853505644793,2314.95,2213.75,3591.6572265625,1376164,0.0,0.0,ADANIENT.NS,Adani Enterprises Limited,Thermal Coal,Energy,Mr. Gautambhai Shantilal Adani S.Y. B.Com,"Ahmedabad, India",https://www.adanienterprises.com,2311.75,2238.85,2668245024768,77.16122,29.96,0.00059999997,3743.9,2025.0
2023-01-19 00:00:00+05:30,3465.1350000257285,2314.95,2213.75,3458.694091796875,1376164,0.0,0.0,ADANIENT.NS,Adani Enterprises Limited,Thermal Coal,Energy,Mr. Gautambhai Shantilal Adani S.Y. B.Com,"Ahmedabad, India",https://www.adanienterprises.com,2311.75,2238.85,2668245024768,77.16122,29.96,0.00059999997,3743.9,2025.0
2023-01-20 00:00:00+05:30,3445.162919360091,2314.95,2213.75,3451.30419921875,1376164,0.0,0.0,ADANIENT.NS,Adani Enterprises Limited,Thermal Coal,Energy,Mr. Gautambhai Shantilal Adani S.Y. B.Com,"Ahmedabad, India",https://www.adanienterprises.com,2311.75,2238.85,2668245024768,77.16122,29.96,0.00059999997,3743.9,2025.0
2023-01-23 00:00:00+05:30,3438.22278419176,2314.95,2213.75,3431.5322265625,1376164,0.0,0.0,ADANIENT.NS,Adani Enterprises Limited,Thermal Coal,Energy,Mr. Gautambhai Shantilal Adani S.Y. B.Com,"Ahmedabad, India",https://www.adanienterprises.com,2311.75,2238.85,2668245024768,77.16122,29.96,0.00059999997,3743.9,2025.0
2023-01-24 00:00:00+05:30,3442.6166267472254,2314.95,2213.75,3437.17431640625,1376164,0.0,0.0,ADANIENT.NS,Adani Enterprises Limited,Thermal Coal,Energy,Mr. Gautambhai Shantilal Adani S.Y. B.Com,"Ahmedabad, India",https://www.adanienterprises.com,2311.75,2238.85,2668245024768,77.16122,29.96,0.00059999997,3743.9,2025.0
2023-01-25 00:00:00+05:30,3417.201950935006,2314.95,2213.75,3384.1982421875,1376164,0.0,0.0,ADANIENT.NS,Adani Enterprises Limited,Thermal Coal,Energy,Mr. Gautambhai Shantilal Adani S.Y. B.Com,"Ahmedabad, India",https://www.adanienterprises.com,2311.75,2238.85,2668245024768,77.16122,29.96,0.00059999997,3743.9,2025.0
2023-01-27 00:00:00+05:30,3330.324589583905,2314.95,2213.75,2757.57861328125,1376164,0.0,0.0,ADANIENT.NS,Adani Enterprises Limited,Thermal Coal,Energy,Mr. Gautambhai Shantilal Adani S.Y. B.Com,"Ahmedabad, India",https://www.adanienterprises.com,2311.75,2238.85,2668245024768,77.16122,29.96,0.00059999997,3743.9,2025.0
2023-01-30 00:00:00+05:30,2846.0041695944524,2314.95,2213.75,2888.794189453125,1376164,0.0,0.0,ADANIENT.NS,Adani Enterprises Limited,Thermal Coal,Energy,Mr. Gautambhai Shantilal Adani S.Y. B.Com,"Ahmedabad, India",https://www.adanienterprises.com,2311.75,2238.85,2668245024768,77.16122,29.96,0.00059999997,3743.9,2025.0
2023-01-31 00:00:00+05:30,2975.8220140161466,2314.95,2213.75,2969.73046875,1376164,0.0,0.0,ADANIENT.NS,Adani Enterprises Limited,Thermal Coal,Energy,Mr. Gautambhai Shantilal Adani S.Y. B.Com,"Ahmedabad, India",https://www.adanienterprises.com,2311.75,2238.85,2668245024768,77.16122,29.96,0.00059999997,3743.9,2025.0
2023-02-01 00:00:00+05:30,2990.8008197435424,2314.95,2213.75,2132.356201171875,1376164,0.0,0.0,ADANIENT.NS,Adani Enterprises Limited,Thermal Coal,Energy,Mr. Gautambhai Shantilal Adani S.Y. B.Com,"Ahmedabad, India",https://www.adanienterprises.com,2311.75,2238.85,2668245024768,77.16122,29.96,0.00059999997,3743.9,2025.0
2023-02-02 00:00:00+05:30,2345.557043571629,2314.95,2213.75,1563.0555419921875,1376164,0.0,0.0,ADANIENT.NS,Adani Enterprises Limited,Thermal Coal,Energy,Mr. Gautambhai Shantilal Adani S.Y. B.Com,"Ahmedabad, India",https://www.adanienterprises.com,2311.75,2238.85,2668245024768,77.16122,29.96,0.00059999997,3743.9,2025.0
2023-02-03 00:00:00+05:30,1487.9109845276575,2314.95,2213.75,1584.5753173828125,1376164,0.0,0.0,ADANIENT.NS,Adani Enterprises Limited,Thermal Coal,Energy,Mr. Gautambhai Shantilal Adani S.Y. B.Com,"Ahmedabad, India",https://www.adanienterprises.com,2311.75,2238.85,2668245024768,77.16122,29.96,0.00059999997,3743.9,2025.0
2023-02-06 00:00:00+05:30,1572.7918192319235,2314.95,2213.75,1570.4949951171875,1376164,0.0,0.0,ADANIENT.NS,Adani Enterprises Limited,Thermal Coal,Energy,Mr. Gautambhai Shantilal Adani S.Y. B.Com,"Ahmedabad, India",https://www.adanienterprises.com,2311.75,2238.85,2668245024768,77.16122,29.96,0.00059999997,3743.9,2025.0
2023-02-07 00:00:00+05:30,1568.7973741764088,2314.95,2213.75,1800.422119140625,1376164,0.0,0.0,ADANIENT.NS,Adani Enterprises Limited,Thermal Coal,Energy,Mr. Gautambhai Shantilal Adani S.Y. B.Com,"Ahmedabad, India",https://www.adanienterprises.com,2311.75,2238.85,2668245024768,77.16122,29.96,0.00059999997,3743.9,2025.0
2023-02-08 00:00:00+05:30,1867.228531291334,2314.95,2213.75,2161.2158203125,1376164,0.0,0.0,ADANIENT.NS,Adani Enterprises Limited,Thermal Coal,Energy,Mr. Gautambhai Shantilal Adani S.Y. B.Com,"Ahmedabad, India",https://www.adanienterprises.com,2311.75,2238.85,2668245024768,77.16122,29.96,0.00059999997,3743.9,2025.0
2023-02-09 00:00:00+05:30,2164.9603290808295,2314.95,2213.75,1923.0,1376164,0.0,0.0,ADANIENT.NS,Adani Enterprises Limited,Thermal Coal,Energy,Mr. Gautambhai Shantilal Adani S.Y. B.Com,"Ahmedabad, India",https://www.adanienterprises.com,2311.75,2238.85,2668245024768,77.16122,29.96,0.00059999997,3743.9,2025.0
2023-02-10 00:00:00+05:30,1766.5198105591896,2314.95,2213.75,1844.3604736328125,1376164,0.0,0.0,ADANIENT.NS,Adani Enterprises Limited,Thermal Coal,Energy,Mr. Gautambhai Shantilal Adani S.Y. B.Com,"Ahmedabad, India",https://www.adanienterprises.com,2311.75,2238.85,2668245024768,77.16122,29.96,0.00059999997,3743.9,2025.0
2023-02-13 00:00:00+05:30,1847.40623775628,2314.95,2213.75,1715.2418212890625,1376164,0.0,0.0,ADANIENT.NS,Adani Enterprises Limited,Thermal Coal,Energy,Mr. Gautambhai Shantilal Adani S.Y. B.Com,"Ahmedabad, India",https://www.adanienterprises.com,2311.75,2238.85,2668245024768,77.16122,29.96,0.00059999997,3743.9,2025.0
2023-02-14 00:00:00+05:30,1732.5674847152227,2314.95,2213.75,1747.246826171875,1376164,0.0,0.0,ADANIENT.NS,Adani Enterprises Limited,Thermal Coal,Energy,Mr. Gautambhai Shantilal Adani S.Y. B.Com,"Ahmedabad, India",https://www.adanienterprises.com,2311.75,2238.85,2668245024768,77.16122,29.96,0.00059999997,3743.9,2025.0
2023-02-15 00:00:00+05:30,1777.5044754884032,2314.95,2213.75,1776.605712890625,1376164,0.0,0.0,ADANIENT.NS,Adani Enterprises Limited,Thermal Coal,Energy,Mr. Gautambhai Shantilal Adani S.Y. B.Com,"Ahmedabad, India",https://www.adanienterprises.com,2311.75,2238.85,2668245024768,77.16122,29.96,0.00059999997,3743.9,2025.0
2023-02-16 00:00:00+05:30,1817.4482711246496,2314.95,2213.75,1794.0810546875,1376164,0.0,0.0,ADANIENT.NS,Adani Enterprises Limited,Thermal Coal,Energy,Mr. Gautambhai Shantilal Adani S.Y. B.Com,"Ahmedabad, India",https://www.adanienterprises.com,2311.75,2238.85,2668245024768,77.16122,29.96,0.00059999997,3743.9,2025.0
2023-02-17 00:00:00+05:30,1797.476339531636,2314.95,2213.75,1720.28466796875,1376164,0.0,0.0,ADANIENT.NS,Adani Enterprises Limited,Thermal Coal,Energy,Mr. Gautambhai Shantilal Adani S.Y. B.Com,"Ahmedabad, India",https://www.adanienterprises.com,2311.75,2238.85,2668245024768,77.16122,29.96,0.00059999997,3743.9,2025.0
2023-02-20 00:00:00+05:30,1647.6867808714924,2314.95,2213.75,1619.1767578125,1376164,0.0,0.0,ADANIENT.NS,Adani Enterprises Limited,Thermal Coal,Energy,Mr. Gautambhai Shantilal Adani S.Y. B.Com,"Ahmedabad, India",https://www.adanienterprises.com,2311.75,2238.85,2668245024768,77.16122,29.96,0.00059999997,3743.9,2025.0
2023-02-21 00:00:00+05:30,1623.720395035108,2314.95,2213.75,1568.8973388671875,1376164,0.0,0.0,ADANIENT.NS,Adani Enterprises Limited,Thermal Coal,Energy,Mr. Gautambhai Shantilal Adani S.Y. B.Com,"Ahmedabad, India",https://www.adanienterprises.com,2311.75,2238.85,2668245024768,77.16122,29.96,0.00059999997,3743.9,2025.0
2023-02-22 00:00:00+05:30,1532.8479247264486,2314.95,2213.75,1402.88037109375,1376164,0.0,0.0,ADANIENT.NS,Adani Enterprises Limited,Thermal Coal,Energy,Mr. Gautambhai Shantilal Adani S.Y. B.Com,"Ahmedabad, India",https://www.adanienterprises.com,2311.75,2238.85,2668245024768,77.16122,29.96,0.00059999997,3743.9,2025.0
2023-02-23 00:00:00+05:30,1378.0652387740827,2314.95,2213.75,1380.7115478515625,1376164,0.0,0.0,ADANIENT.NS,Adani Enterprises Limited,Thermal Coal,Energy,Mr. Gautambhai Shantilal Adani S.Y. B.Com,"Ahmedabad, India",https://www.adanienterprises.com,2311.75,2238.85,2668245024768,77.16122,29.96,0.00059999997,3743.9,2025.0
2023-02-24 00:00:00+05:30,1408.0231123127576,2314.95,2213.75,1313.805419921875,1376164,0.0,0.0,ADANIENT.NS,Adani Enterprises Limited,Thermal Coal,Energy,Mr. Gautambhai Shantilal Adani S.Y. B.Com,"Ahmedabad, India",https://www.adanienterprises.com,2311.75,2238.85,2668245024768,77.16122,29.96,0.00059999997,3743.9,2025.0
2023-02-27 00:00:00+05:30,1298.1773424408254,2314.95,2213.75,1191.82666015625,1376164,0.0,0.0,ADANIENT.NS,Adani Enterprises Limited,Thermal Coal,Energy,Mr. Gautambhai Shantilal Adani S.Y. B.Com,"Ahmedabad, India",https://www.adanienterprises.com,2311.75,2238.85,2668245024768,77.16122,29.96,0.00059999997,3743.9,2025.0
2023-02-28 00:00:00+05:30,1143.3947169603941,2314.95,2213.75,1361.9378662109375,1376164,0.0,0.0,ADANIENT.NS,Adani Enterprises Limited,Thermal Coal,Energy,Mr. Gautambhai Shantilal Adani S.Y. B.Com,"Ahmedabad, India",https://www.adanienterprises.com,2311.75,2238.85,2668245024768,77.16122,29.96,0.00059999997,3743.9,2025.0
2023-03-01 00:00:00+05:30,1422.0035824354225,2314.95,2213.75,1562.10693359375,1376164,0.0,0.0,ADANIENT.NS,Adani Enterprises Limited,Thermal Coal,Energy,Mr. Gautambhai Shantilal Adani S.Y. B.Com,"Ahmedabad, India",https://www.adanienterprises.com,2311.75,2238.85,2668245024768,77.16122,29.96,0.00059999997,3743.9,2025.0
2023-03-02 00:00:00+05:30,1497.79711468232,2314.95,2213.75,1604.99658203125,1376164,0.0,0.0,ADANIENT.NS,Adani Enterprises Limited,Thermal Coal,Energy,Mr. Gautambhai Shantilal Adani S.Y. B.Com,"Ahmedabad, India",https://www.adanienterprises.com,2311.75,2238.85,2668245024768,77.16122,29.96,0.00059999997,3743.9,2025.0
2023-03-03 00:00:00+05:30,1686.482142472456,2314.95,2213.75,1876.8648681640625,1376164,0.0,0.0,ADANIENT.NS,Adani Enterprises Limited,Thermal Coal,Energy,Mr. Gautambhai Shantilal Adani S.Y. B.Com,"Ahmedabad, India",https://www.adanienterprises.com,2311.75,2238.85,2668245024768,77.16122,29.96,0.00059999997,3743.9,2025.0
2023-03-06 00:00:00+05:30,1963.942634405975,2314.95,2213.75,1980.1199951171875,1376164,0.0,0.0,ADANIENT.NS,Adani Enterprises Limited,Thermal Coal,Energy,Mr. Gautambhai Shantilal Adani S.Y. B.Com,"Ahmedabad, India",https://www.adanienterprises.com,2311.75,2238.85,2668245024768,77.16122,29.96,0.00059999997,3743.9,2025.0
2023-03-08 00:00:00+05:30,2037.140012279747,2314.95,2213.75,2036.79052734375,1376164,0.0,0.0,ADANIENT.NS,Adani Enterprises Limited,Thermal Coal,Energy,Mr. Gautambhai Shantilal Adani S.Y. B.Com,"Ahmedabad, India",https://www.adanienterprises.com,2311.75,2238.85,2668245024768,77.16122,29.96,0.00059999997,3743.9,2025.0
2023-03-09 00:00:00+05:30,2046.9261378691492,2314.95,2213.75,1950.41162109375,1376164,0.0,0.0,ADANIENT.NS,Adani Enterprises Limited,Thermal Coal,Energy,Mr. Gautambhai Shantilal Adani S.Y. B.Com,"Ahmedabad, India",https://www.adanienterprises.com,2311.75,2238.85,2668245024768,77.16122,29.96,0.00059999997,3743.9,2025.0
2023-03-10 00:00:00+05:30,1867.3781643359232,2314.95,2213.75,1893.5413818359375,1376164,0.0,0.0,ADANIENT.NS,Adani Enterprises Limited,Thermal Coal,Energy,Mr. Gautambhai Shantilal Adani S.Y. B.Com,"Ahmedabad, India",https://www.adanienterprises.com,2311.75,2238.85,2668245024768,77.16122,29.96,0.00059999997,3743.9,2025.0
2023-03-13 00:00:00+05:30,1914.3122198281546,2314.95,2213.75,1871.77197265625,1376164,0.0,0.0,ADANIENT.NS,Adani Enterprises Limited,Thermal Coal,Energy,Mr. Gautambhai Shantilal Adani S.Y. B.Com,"Ahmedabad, India",https://www.adanienterprises.com,2311.75,2238.85,2668245024768,77.16122,29.96,0.00059999997,3743.9,2025.0
2023-03-14 00:00:00+05:30,1871.372592285566,2314.95,2213.75,1735.762939453125,1376164,0.0,0.0,ADANIENT.NS,Adani Enterprises Limited,Thermal Coal,Energy,Mr. Gautambhai Shantilal Adani S.Y. B.Com,"Ahmedabad, India",https://www.adanienterprises.com,2311.75,2238.85,2668245024768,77.16122,29.96,0.00059999997,3743.9,2025.0
2023-03-15 00:00:00+05:30,1758.4311553098346,2314.95,2213.75,1836.421630859375,1376164,0.0,0.0,ADANIENT.NS,Adani Enterprises Limited,Thermal Coal,Energy,Mr. Gautambhai Shantilal Adani S.Y. B.Com,"Ahmedabad, India",https://www.adanienterprises.com,2311.75,2238.85,2668245024768,77.16122,29.96,0.00059999997,3743.9,2025.0
2023-03-16 00:00:00+05:30,1858.390801957839,2314.95,2213.75,1841.2149658203125,1376164,0.0,0.0,ADANIENT.NS,Adani Enterprises Limited,Thermal Coal,Energy,Mr. Gautambhai Shantilal Adani S.Y. B.Com,"Ahmedabad, India",https://www.adanienterprises.com,2311.75,2238.85,2668245024768,77.16122,29.96,0.00059999997,3743.9,2025.0
2023-03-17 00:00:00+05:30,1898.3347389638436,2314.95,2213.75,1873.9190673828125,1376164,0.0,0.0,ADANIENT.NS,Adani Enterprises Limited,Thermal Coal,Energy,Mr. Gautambhai Shantilal Adani S.Y. B.Com,"Ahmedabad, India",https://www.adanienterprises.com,2311.75,2238.85,2668245024768,77.16122,29.96,0.00059999997,3743.9,2025.0
2023-03-20 00:00:00+05:30,1834.4245486485663,2314.95,2213.75,1802.41943359375,1376164,0.0,0.0,ADANIENT.NS,Adani Enterprises Limited,Thermal Coal,Energy,Mr. Gautambhai Shantilal Adani S.Y. B.Com,"Ahmedabad, India",https://www.adanienterprises.com,2311.75,2238.85,2668245024768,77.16122,29.96,0.00059999997,3743.9,2025.0
2023-03-21 00:00:00+05:30,1834.3745285227346,2314.95,2213.75,1821.6923828125,1376164,0.0,0.0,ADANIENT.NS,Adani Enterprises Limited,Thermal Coal,Energy,Mr. Gautambhai Shantilal Adani S.Y. B.Com,"Ahmedabad, India",https://www.adanienterprises.com,2311.75,2238.85,2668245024768,77.16122,29.96,0.00059999997,3743.9,2025.0
2023-03-22 00:00:00+05:30,1831.428633751883,2314.95,2213.75,1812.854736328125,1376164,0.0,0.0,ADANIENT.NS,Adani Enterprises Limited,Thermal Coal,Energy,Mr. Gautambhai Shantilal Adani S.Y. B.Com,"Ahmedabad, India",https://www.adanienterprises.com,2311.75,2238.85,2668245024768,77.16122,29.96,0.00059999997,3743.9,2025.0
2023-03-23 00:00:00+05:30,1791.48486328125,2314.95,2213.75,1791.48486328125,1376164,0.0,0.0,ADANIENT.NS,Adani Enterprises Limited,Thermal Coal,Energy,Mr. Gautambhai Shantilal Adani S.Y. B.Com,"Ahmedabad, India",https://www.adanienterprises.com,2311.75,2238.85,2668245024768,77.16122,29.96,0.00059999997,3743.9,2025.0
2023-03-24 00:00:00+05:30,1793.4819684271538,2314.95,2213.75,1738.2095947265625,1376164,0.0,0.0,ADANIENT.NS,Adani Enterprises Limited,Thermal Coal,Energy,Mr. Gautambhai Shantilal Adani S.Y. B.Com,"Ahmedabad, India",https://www.adanienterprises.com,2311.75,2238.85,2668245024768,77.16122,29.96,0.00059999997,3743.9,2025.0
2023-03-27 00:00:00+05:30,1738.2095771988954,2314.95,2213.75,1720.63427734375,1376164,0.0,0.0,ADANIENT.NS,Adani Enterprises Limited,Thermal Coal,Energy,Mr. Gautambhai Shantilal Adani S.Y. B.Com,"Ahmedabad, India",https://www.adanienterprises.com,2311.75,2238.85,2668245024768,77.16122,29.96,0.00059999997,3743.9,2025.0
2023-03-28 00:00:00+05:30,1725.5273727883177,2314.95,2213.75,1598.6055908203125,1376164,0.0,0.0,ADANIENT.NS,Adani Enterprises Limited,Thermal Coal,Energy,Mr. Gautambhai Shantilal Adani S.Y. B.Com,"Ahmedabad, India",https://www.adanienterprises.com,2311.75,2238.85,2668245024768,77.16122,29.96,0.00059999997,3743.9,2025.0
2023-03-29 00:00:00+05:30,1600.702594486202,2314.95,2213.75,1737.9599609375,1376164,0.0,0.0,ADANIENT.NS,Adani Enterprises Limited,Thermal Coal,Energy,Mr. Gautambhai Shantilal Adani S.Y. B.Com,"Ahmedabad, India",https://www.adanienterprises.com,2311.75,2238.85,2668245024768,77.16122,29.96,0.00059999997,3743.9,2025.0
2023-03-31 00:00:00+05:30,1785.4932538969124,2314.95,2213.75,1747.995849609375,1376164,0.0,0.0,ADANIENT.NS,Adani Enterprises Limited,Thermal Coal,Energy,Mr. Gautambhai Shantilal Adani S.Y. B.Com,"Ahmedabad, India",https://www.adanienterprises.com,2311.75,2238.85,2668245024768,77.16122,29.96,0.00059999997,3743.9,2025.0
2023-04-03 00:00:00+05:30,1747.995848794234,2314.95,2213.75,1715.0421142578125,1376164,0.0,0.0,ADANIENT.NS,Adani Enterprises Limited,Thermal Coal,Energy,Mr. Gautambhai Shantilal Adani S.Y. B.Com,"Ahmedabad, India",https://www.adanienterprises.com,2311.75,2238.85,2668245024768,77.16122,29.96,0.00059999997,3743.9,2025.0
2023-04-05 00:00:00+05:30,1715.0420668856345,2314.95,2213.75,1695.619384765625,1376164,0.0,0.0,ADANIENT.NS,Adani Enterprises Limited,Thermal Coal,Energy,Mr. Gautambhai Shantilal Adani S.Y. B.Com,"Ahmedabad, India",https://www.adanienterprises.com,2311.75,2238.85,2668245024768,77.16122,29.96,0.00059999997,3743.9,2025.0
2023-04-06 00:00:00+05:30,1702.6095410607343,2314.95,2213.75,1751.5908203125,1376164,0.0,0.0,ADANIENT.NS,Adani Enterprises Limited,Thermal Coal,Energy,Mr. Gautambhai Shantilal Adani S.Y. B.Com,"Ahmedabad, India",https://www.adanienterprises.com,2311.75,2238.85,2668245024768,77.16122,29.96,0.00059999997,3743.9,2025.0
2023-04-10 00:00:00+05:30,1771.5127010178312,2314.95,2213.75,1794.7301025390625,1376164,0.0,0.0,ADANIENT.NS,Adani Enterprises Limited,Thermal Coal,Energy,Mr. Gautambhai Shantilal Adani S.Y. B.Com,"Ahmedabad, India",https://www.adanienterprises.com,2311.75,2238.85,2668245024768,77.16122,29.96,0.00059999997,3743.9,2025.0
2023-04-11 00:00:00+05:30,1807.4623199350367,2314.95,2213.75,1800.6219482421875,1376164,0.0,0.0,ADANIENT.NS,Adani Enterprises Limited,Thermal Coal,Energy,Mr. Gautambhai Shantilal Adani S.Y. B.Com,"Ahmedabad, India",https://www.adanienterprises.com,2311.75,2238.85,2668245024768,77.16122,29.96,0.00059999997,3743.9,2025.0
2023-04-12 00:00:00+05:30,1811.4567727365002,2314.95,2213.75,1844.66015625,1376164,0.0,0.0,ADANIENT.NS,Adani Enterprises Limited,Thermal Coal,Energy,Mr. Gautambhai Shantilal Adani S.Y. B.Com,"Ahmedabad, India",https://www.adanienterprises.com,2311.75,2238.85,2668245024768,77.16122,29.96,0.00059999997,3743.9,2025.0
2023-04-13 00:00:00+05:30,1852.3991578176158,2314.95,2213.75,1868.1270751953125,1376164,0.0,0.0,ADANIENT.NS,Adani Enterprises Limited,Thermal Coal,Energy,Mr. Gautambhai Shantilal Adani S.Y. B.Com,"Ahmedabad, India",https://www.adanienterprises.com,2311.75,2238.85,2668245024768,77.16122,29.96,0.00059999997,3743.9,2025.0
2023-04-17 00:00:00+05:30,1868.1271829063228,2314.95,2213.75,1876.115966796875,1376164,0.0,0.0,ADANIENT.NS,Adani Enterprises Limited,Thermal Coal,Energy,Mr. Gautambhai Shantilal Adani S.Y. B.Com,"Ahmedabad, India",https://www.adanienterprises.com,2311.75,2238.85,2668245024768,77.16122,29.96,0.00059999997,3743.9,2025.0
2023-04-18 00:00:00+05:30,1889.3474784841135,2314.95,2213.75,1848.35498046875,1376164,0.0,0.0,ADANIENT.NS,Adani Enterprises Limited,Thermal Coal,Energy,Mr. Gautambhai Shantilal Adani S.Y. B.Com,"Ahmedabad, India",https://www.adanienterprises.com,2311.75,2238.85,2668245024768,77.16122,29.96,0.00059999997,3743.9,2025.0
2023-04-19 00:00:00+05:30,1844.4104826585879,2314.95,2213.75,1851.2508544921875,1376164,0.0,0.0,ADANIENT.NS,Adani Enterprises Limited,Thermal Coal,Energy,Mr. Gautambhai Shantilal Adani S.Y. B.Com,"Ahmedabad, India",https://www.adanienterprises.com,2311.75,2238.85,2668245024768,77.16122,29.96,0.00059999997,3743.9,2025.0
2023-04-20 00:00:00+05:30,1852.3991727648279,2314.95,2213.75,1840.316162109375,1376164,0.0,0.0,ADANIENT.NS,Adani Enterprises Limited,Thermal Coal,Energy,Mr. Gautambhai Shantilal Adani S.Y. B.Com,"Ahmedabad, India",https://www.adanienterprises.com,2311.75,2238.85,2668245024768,77.16122,29.96,0.00059999997,3743.9,2025.0
2023-04-21 00:00:00+05:30,1843.411881347927,2314.95,2213.75,1800.47216796875,1376164,0.0,0.0,ADANIENT.NS,Adani Enterprises Limited,Thermal Coal,Energy,Mr. Gautambhai Shantilal Adani S.Y. B.Com,"Ahmedabad, India",https://www.adanienterprises.com,2311.75,2238.85,2668245024768,77.16122,29.96,0.00059999997,3743.9,2025.0
2023-04-24 00:00:00+05:30,1801.4707586060945,2314.95,2213.75,1799.423583984375,1376164,0.0,0.0,ADANIENT.NS,Adani Enterprises Limited,Thermal Coal,Energy,Mr. Gautambhai Shantilal Adani S.Y. B.Com,"Ahmedabad, India",https://www.adanienterprises.com,2311.75,2238.85,2668245024768,77.16122,29.96,0.00059999997,3743.9,2025.0
2023-04-25 00:00:00+05:30,1803.468056139109,2314.95,2213.75,1842.013916015625,1376164,0.0,0.0,ADANIENT.NS,Adani Enterprises Limited,Thermal Coal,Energy,Mr. Gautambhai Shantilal Adani S.Y. B.Com,"Ahmedabad, India",https://www.adanienterprises.com,2311.75,2238.85,2668245024768,77.16122,29.96,0.00059999997,3743.9,2025.0
2023-04-26 00:00:00+05:30,1851.400627308884,2314.95,2213.75,1845.3092041015625,1376164,0.0,0.0,ADANIENT.NS,Adani Enterprises Limited,Thermal Coal,Energy,Mr. Gautambhai Shantilal Adani S.Y. B.Com,"Ahmedabad, India",https://www.adanienterprises.com,2311.75,2238.85,2668245024768,77.16122,29.96,0.00059999997,3743.9,2025.0
2023-04-27 00:00:00+05:30,1845.4090578336788,2314.95,2213.75,1850.4520263671875,1376164,0.0,0.0,ADANIENT.NS,Adani Enterprises Limited,Thermal Coal,Energy,Mr. Gautambhai Shantilal Adani S.Y. B.Com,"Ahmedabad, India",https://www.adanienterprises.com,2311.75,2238.85,2668245024768,77.16122,29.96,0.00059999997,3743.9,2025.0
2023-04-28 00:00:00+05:30,1865.430853639305,2314.95,2213.75,1922.2509765625,1376164,0.0,0.0,ADANIENT.NS,Adani Enterprises Limited,Thermal Coal,Energy,Mr. Gautambhai Shantilal Adani S.Y. B.Com,"Ahmedabad, India",https://www.adanienterprises.com,2311.75,2238.85,2668245024768,77.16122,29.96,0.00059999997,3743.9,2025.0
2023-05-02 00:00:00+05:30,1932.2869860780008,2314.95,2213.75,1917.158203125,1376164,0.0,0.0,ADANIENT.NS,Adani Enterprises Limited,Thermal Coal,Energy,Mr. Gautambhai Shantilal Adani S.Y. B.Com,"Ahmedabad, India",https://www.adanienterprises.com,2311.75,2238.85,2668245024768,77.16122,29.96,0.00059999997,3743.9,2025.0
2023-05-03 00:00:00+05:30,1916.3094668945844,2314.95,2213.75,1836.421630859375,1376164,0.0,0.0,ADANIENT.NS,Adani Enterprises Limited,Thermal Coal,Energy,Mr. Gautambhai Shantilal Adani S.Y. B.Com,"Ahmedabad, India",https://www.adanienterprises.com,2311.75,2238.85,2668245024768,77.16122,29.96,0.00059999997,3743.9,2025.0
2023-05-04 00:00:00+05:30,1836.4717074628902,2314.95,2213.75,1908.5704345703125,1376164,0.0,0.0,ADANIENT.NS,Adani Enterprises Limited,Thermal Coal,Energy,Mr. Gautambhai Shantilal Adani S.Y. B.Com,"Ahmedabad, India",https://www.adanienterprises.com,2311.75,2238.85,2668245024768,77.16122,29.96,0.00059999997,3743.9,2025.0
2023-05-05 00:00:00+05:30,1952.0592948211922,2314.95,2213.75,1917.607666015625,1376164,0.0,0.0,ADANIENT.NS,Adani Enterprises Limited,Thermal Coal,Energy,Mr. Gautambhai Shantilal Adani S.Y. B.Com,"Ahmedabad, India",https://www.adanienterprises.com,2311.75,2238.85,2668245024768,77.16122,29.96,0.00059999997,3743.9,2025.0
2023-05-08 00:00:00+05:30,1917.607823529433,2314.95,2213.75,1884.853759765625,1376164,0.0,0.0,ADANIENT.NS,Adani Enterprises Limited,Thermal Coal,Energy,Mr. Gautambhai Shantilal Adani S.Y. B.Com,"Ahmedabad, India",https://www.adanienterprises.com,2311.75,2238.85,2668245024768,77.16122,29.96,0.00059999997,3743.9,2025.0
2023-05-09 00:00:00+05:30,1897.3362069847963,2314.95,2213.75,1893.441650390625,1376164,0.0,0.0,ADANIENT.NS,Adani Enterprises Limited,Thermal Coal,Energy,Mr. Gautambhai Shantilal Adani S.Y. B.Com,"Ahmedabad, India",https://www.adanienterprises.com,2311.75,2238.85,2668245024768,77.16122,29.96,0.00059999997,3743.9,2025.0
2023-05-10 00:00:00+05:30,1896.3376866787398,2314.95,2213.75,1889.497314453125,1376164,0.0,0.0,ADANIENT.NS,Adani Enterprises Limited,Thermal Coal,Energy,Mr. Gautambhai Shantilal Adani S.Y. B.Com,"Ahmedabad, India",https://www.adanienterprises.com,2311.75,2238.85,2668245024768,77.16122,29.96,0.00059999997,3743.9,2025.0
2023-05-11 00:00:00+05:30,1922.3010399702846,2314.95,2213.75,1981.867431640625,1376164,0.0,0.0,ADANIENT.NS,Adani Enterprises Limited,Thermal Coal,Energy,Mr. Gautambhai Shantilal Adani S.Y. B.Com,"Ahmedabad, India",https://www.adanienterprises.com,2311.75,2238.85,2668245024768,77.16122,29.96,0.00059999997,3743.9,2025.0
2023-05-12 00:00:00+05:30,2006.183374566056,2314.95,2213.75,1961.9454345703125,1376164,0.0,0.0,ADANIENT.NS,Adani Enterprises Limited,Thermal Coal,Energy,Mr. Gautambhai Shantilal Adani S.Y. B.Com,"Ahmedabad, India",https://www.adanienterprises.com,2311.75,2238.85,2668245024768,77.16122,29.96,0.00059999997,3743.9,2025.0
2023-05-15 00:00:00+05:30,1957.1522679748462,2314.95,2213.75,1913.36376953125,1376164,0.0,0.0,ADANIENT.NS,Adani Enterprises Limited,Thermal Coal,Energy,Mr. Gautambhai Shantilal Adani S.Y. B.Com,"Ahmedabad, India",https://www.adanienterprises.com,2311.75,2238.85,2668245024768,77.16122,29.96,0.00059999997,3743.9,2025.0
2023-05-16 00:00:00+05:30,1924.298375340214,2314.95,2213.75,1886.50146484375,1376164,0.0,0.0,ADANIENT.NS,Adani Enterprises Limited,Thermal Coal,Energy,Mr. Gautambhai Shantilal Adani S.Y. B.Com,"Ahmedabad, India",https://www.adanienterprises.com,2311.75,2238.85,2668245024768,77.16122,29.96,0.00059999997,3743.9,2025.0
2023-05-17 00:00:00+05:30,1897.3362130659384,2314.95,2213.75,1896.8369140625,1376164,0.0,0.0,ADANIENT.NS,Adani Enterprises Limited,Thermal Coal,Energy,Mr. Gautambhai Shantilal Adani S.Y. B.Com,"Ahmedabad, India",https://www.adanienterprises.com,2311.75,2238.85,2668245024768,77.16122,29.96,0.00059999997,3743.9,2025.0
2023-05-18 00:00:00+05:30,1907.3721583833296,2314.95,2213.75,1887.3502197265625,1376164,0.0,0.0,ADANIENT.NS,Adani Enterprises Limited,Thermal Coal,Energy,Mr. Gautambhai Shantilal Adani S.Y. B.Com,"Ahmedabad, India",https://www.adanienterprises.com,2311.75,2238.85,2668245024768,77.16122,29.96,0.00059999997,3743.9,2025.0
2023-05-19 00:00:00+05:30,1885.3529762489452,2314.95,2213.75,1953.3076171875,1376164,0.0,0.0,ADANIENT.NS,Adani Enterprises Limited,Thermal Coal,Energy,Mr. Gautambhai Shantilal Adani S.Y. B.Com,"Ahmedabad, India",https://www.adanienterprises.com,2311.75,2238.85,2668245024768,77.16122,29.96,0.00059999997,3743.9,2025.0
2023-05-22 00:00:00+05:30,2007.1817360863151,2314.95,2213.75,2322.838623046875,1376164,0.0,0.0,ADANIENT.NS,Adani Enterprises Limited,Thermal Coal,Energy,Mr. Gautambhai Shantilal Adani S.Y. B.Com,"Ahmedabad, India",https://www.adanienterprises.com,2311.75,2238.85,2668245024768,77.16122,29.96,0.00059999997,3743.9,2025.0
2023-05-23 00:00:00+05:30,2407.51965625432,2314.95,2213.75,2630.00732421875,1376164,0.0,0.0,ADANIENT.NS,Adani Enterprises Limited,Thermal Coal,Energy,Mr. Gautambhai Shantilal Adani S.Y. B.Com,"Ahmedabad, India",https://www.adanienterprises.com,2311.75,2238.85,2668245024768,77.16122,29.96,0.00059999997,3743.9,2025.0
2023-05-24 00:00:00+05:30,2705.2018113703098,2314.95,2213.75,2472.129150390625,1376164,0.0,0.0,ADANIENT.NS,Adani Enterprises Limited,Thermal Coal,Energy,Mr. Gautambhai Shantilal Adani S.Y. B.Com,"Ahmedabad, India",https://www.adanienterprises.com,2311.75,2238.85,2668245024768,77.16122,29.96,0.00059999997,3743.9,2025.0
2023-05-25 00:00:00+05:30,2436.5790119590374,2314.95,2213.75,2533.892333984375,1376164,0.0,0.0,ADANIENT.NS,Adani Enterprises Limited,Thermal Coal,Energy,Mr. Gautambhai Shantilal Adani S.Y. B.Com,"Ahmedabad, India",https://www.adanienterprises.com,2311.75,2238.85,2668245024768,77.16122,29.96,0.00059999997,3743.9,2025.0
2023-05-26 00:00:00+05:30,2561.403664368952,2314.95,2213.75,2540.78271484375,1376164,0.0,0.0,ADANIENT.NS,Adani Enterprises Limited,Thermal Coal,Energy,Mr. Gautambhai Shantilal Adani S.Y. B.Com,"Ahmedabad, India",https://www.adanienterprises.com,2311.75,2238.85,2668245024768,77.16122,29.96,0.00059999997,3743.9,2025.0
2023-05-29 00:00:00+05:30,2566.396863847274,2314.95,2213.75,2530.497314453125,1376164,0.0,0.0,ADANIENT.NS,Adani Enterprises Limited,Thermal Coal,Energy,Mr. Gautambhai Shantilal Adani S.Y. B.Com,"Ahmedabad, India",https://www.adanienterprises.com,2311.75,2238.85,2668245024768,77.16122,29.96,0.00059999997,3743.9,2025.0
2023-05-30 00:00:00+05:30,2525.7537459384407,2314.95,2213.75,2492.94970703125,1376164,0.0,0.0,ADANIENT.NS,Adani Enterprises Limited,Thermal Coal,Energy,Mr. Gautambhai Shantilal Adani S.Y. B.Com,"Ahmedabad, India",https://www.adanienterprises.com,2311.75,2238.85,2668245024768,77.16122,29.96,0.00059999997,3743.9,2025.0
2023-05-31 00:00:00+05:30,2478.520307043286,2314.95,2213.75,2489.8544921875,1376164,0.0,0.0,ADANIENT.NS,Adani Enterprises Limited,Thermal Coal,Energy,Mr. Gautambhai Shantilal Adani S.Y. B.Com,"Ahmedabad, India",https://www.adanienterprises.com,2311.75,2238.85,2668245024768,77.16122,29.96,0.00059999997,3743.9,2025.0
2023-06-01 00:00:00+05:30,2496.394895763288,2314.95,2213.75,2488.65576171875,1376164,0.0,0.0,ADANIENT.NS,Adani Enterprises Limited,Thermal Coal,Energy,Mr. Gautambhai Shantilal Adani S.Y. B.Com,"Ahmedabad, India",https://www.adanienterprises.com,2311.75,2238.85,2668245024768,77.16122,29.96,0.00059999997,3743.9,2025.0
2023-06-02 00:00:00+05:30,2531.4459109778654,2314.95,2213.75,2441.6220703125,1376164,0.0,0.0,ADANIENT.NS,Adani Enterprises Limited,Thermal Coal,Energy,Mr. Gautambhai Shantilal Adani S.Y. B.Com,"Ahmedabad, India",https://www.adanienterprises.com,2311.75,2238.85,2668245024768,77.16122,29.96,0.00059999997,3743.9,2025.0
2023-06-05 00:00:00+05:30,2459.7463426142313,2314.95,2213.75,2430.537353515625,1376164,0.0,0.0,ADANIENT.NS,Adani Enterprises Limited,Thermal Coal,Energy,Mr. Gautambhai Shantilal Adani S.Y. B.Com,"Ahmedabad, India",https://www.adanienterprises.com,2311.75,2238.85,2668245024768,77.16122,29.96,0.00059999997,3743.9,2025.0
2023-06-06 00:00:00+05:30,2471.5301638304895,2314.95,2213.75,2430.238037109375,1376164,0.0,0.0,ADANIENT.NS,Adani Enterprises Limited,Thermal Coal,Energy,Mr. Gautambhai Shantilal Adani S.Y. B.Com,"Ahmedabad, India",https://www.adanienterprises.com,2311.75,2238.85,2668245024768,77.16122,29.96,0.00059999997,3743.9,2025.0
2023-06-07 00:00:00+05:30,2449.560977611278,2314.95,2213.75,2436.1298828125,1376164,0.0,0.0,ADANIENT.NS,Adani Enterprises Limited,Thermal Coal,Energy,Mr. Gautambhai Shantilal Adani S.Y. B.Com,"Ahmedabad, India",https://www.adanienterprises.com,2311.75,2238.85,2668245024768,77.16122,29.96,0.00059999997,3743.9,2025.0
2023-06-08 00:00:00+05:30,2446.5650056413206,2314.95,2213.75,2425.744140625,1376164,0.0,0.0,ADANIENT.NS,Adani Enterprises Limited,Thermal Coal,Energy,Mr. Gautambhai Shantilal Adani S.Y. B.Com,"Ahmedabad, India",https://www.adanienterprises.com,2311.75,2238.85,2668245024768,77.16122,29.96,0.00059999997,3743.9,2025.0
2023-06-09 00:00:00+05:30,2444.5179140806367,2314.95,2213.75,2447.71337890625,1376164,0.0,0.0,ADANIENT.NS,Adani Enterprises Limited,Thermal Coal,Energy,Mr. Gautambhai Shantilal Adani S.Y. B.Com,"Ahmedabad, India",https://www.adanienterprises.com,2311.75,2238.85,2668245024768,77.16122,29.96,0.00059999997,3743.9,2025.0
2023-06-12 00:00:00+05:30,2456.5508849164075,2314.95,2213.75,2481.316162109375,1376164,0.0,0.0,ADANIENT.NS,Adani Enterprises Limited,Thermal Coal,Energy,Mr. Gautambhai Shantilal Adani S.Y. B.Com,"Ahmedabad, India",https://www.adanienterprises.com,2311.75,2238.85,2668245024768,77.16122,29.96,0.00059999997,3743.9,2025.0
2023-06-13 00:00:00+05:30,2495.496506108844,2314.95,2213.75,2459.09765625,1376164,0.0,0.0,ADANIENT.NS,Adani Enterprises Limited,Thermal Coal,Energy,Mr. Gautambhai Shantilal Adani S.Y. B.Com,"Ahmedabad, India",https://www.adanienterprises.com,2311.75,2238.85,2668245024768,77.16122,29.96,0.00059999997,3743.9,2025.0
2023-06-14 00:00:00+05:30,2466.437203143605,2314.95,2213.75,2453.705078125,1376164,0.0,0.0,ADANIENT.NS,Adani Enterprises Limited,Thermal Coal,Energy,Mr. Gautambhai Shantilal Adani S.Y. B.Com,"Ahmedabad, India",https://www.adanienterprises.com,2311.75,2238.85,2668245024768,77.16122,29.96,0.00059999997,3743.9,2025.0
2023-06-15 00:00:00+05:30,2465.538237256785,2314.95,2213.75,2482.164794921875,1376164,0.0,0.0,ADANIENT.NS,Adani Enterprises Limited,Thermal Coal,Energy,Mr. Gautambhai Shantilal Adani S.Y. B.Com,"Ahmedabad, India",https://www.adanienterprises.com,2311.75,2238.85,2668245024768,77.16122,29.96,0.00059999997,3743.9,2025.0
2023-06-16 00:00:00+05:30,2495.695734756022,2314.95,2213.75,2506.081298828125,1376164,0.0,0.0,ADANIENT.NS,Adani Enterprises Limited,Thermal Coal,Energy,Mr. Gautambhai Shantilal Adani S.Y. B.Com,"Ahmedabad, India",https://www.adanienterprises.com,2311.75,2238.85,2668245024768,77.16122,29.96,0.00059999997,3743.9,2025.0
2023-06-19 00:00:00+05:30,2500.4894581550025,2314.95,2213.75,2398.033203125,1376164,0.0,0.0,ADANIENT.NS,Adani Enterprises Limited,Thermal Coal,Energy,Mr. Gautambhai Shantilal Adani S.Y. B.Com,"Ahmedabad, India",https://www.adanienterprises.com,2311.75,2238.85,2668245024768,77.16122,29.96,0.00059999997,3743.9,2025.0
2023-06-20 00:00:00+05:30,2431.5859358705234,2314.95,2213.75,2411.414306640625,1376164,0.0,0.0,ADANIENT.NS,Adani Enterprises Limited,Thermal Coal,Energy,Mr. Gautambhai Shantilal Adani S.Y. B.Com,"Ahmedabad, India",https://www.adanienterprises.com,2311.75,2238.85,2668245024768,77.16122,29.96,0.00059999997,3743.9,2025.0
2023-06-21 00:00:00+05:30,2423.297567369619,2314.95,2213.75,2402.57666015625,1376164,0.0,0.0,ADANIENT.NS,Adani Enterprises Limited,Thermal Coal,Energy,Mr. Gautambhai Shantilal Adani S.Y. B.Com,"Ahmedabad, India",https://www.adanienterprises.com,2311.75,2238.85,2668245024768,77.16122,29.96,0.00059999997,3743.9,2025.0
2023-06-22 00:00:00+05:30,2421.6999662144985,2314.95,2213.75,2393.888916015625,1376164,0.0,0.0,ADANIENT.NS,Adani Enterprises Limited,Thermal Coal,Energy,Mr. Gautambhai Shantilal Adani S.Y. B.Com,"Ahmedabad, India",https://www.adanienterprises.com,2311.75,2238.85,2668245024768,77.16122,29.96,0.00059999997,3743.9,2025.0
2023-06-23 00:00:00+05:30,2388.9461400339724,2314.95,2213.75,2230.418701171875,1376164,0.0,0.0,ADANIENT.NS,Adani Enterprises Limited,Thermal Coal,Energy,Mr. Gautambhai Shantilal Adani S.Y. B.Com,"Ahmedabad, India",https://www.adanienterprises.com,2311.75,2238.85,2668245024768,77.16122,29.96,0.00059999997,3743.9,2025.0
2023-06-26 00:00:00+05:30,2206.951721956678,2314.95,2213.75,2292.3818359375,1376164,0.0,0.0,ADANIENT.NS,Adani Enterprises Limited,Thermal Coal,Energy,Mr. Gautambhai Shantilal Adani S.Y. B.Com,"Ahmedabad, India",https://www.adanienterprises.com,2311.75,2238.85,2668245024768,77.16122,29.96,0.00059999997,3743.9,2025.0
2023-06-27 00:00:00+05:30,2325.684679714637,2314.95,2213.75,2281.2470703125,1376164,0.0,0.0,ADANIENT.NS,Adani Enterprises Limited,Thermal Coal,Energy,Mr. Gautambhai Shantilal Adani S.Y. B.Com,"Ahmedabad, India",https://www.adanienterprises.com,2311.75,2238.85,2668245024768,77.16122,29.96,0.00059999997,3743.9,2025.0
2023-06-28 00:00:00+05:30,2296.775331266913,2314.95,2213.75,2398.63232421875,1376164,0.0,0.0,ADANIENT.NS,Adani Enterprises Limited,Thermal Coal,Energy,Mr. Gautambhai Shantilal Adani S.Y. B.Com,"Ahmedabad, India",https://www.adanienterprises.com,2311.75,2238.85,2668245024768,77.16122,29.96,0.00059999997,3743.9,2025.0
2023-06-30 00:00:00+05:30,2434.5318449221827,2314.95,2213.75,2384.701904296875,1376164,0.0,0.0,ADANIENT.NS,Adani Enterprises Limited,Thermal Coal,Energy,Mr. Gautambhai Shantilal Adani S.Y. B.Com,"Ahmedabad, India",https://www.adanienterprises.com,2311.75,2238.85,2668245024768,77.16122,29.96,0.00059999997,3743.9,2025.0
2023-07-03 00:00:00+05:30,2401.627932348433,2314.95,2213.75,2382.1552734375,1376164,0.0,0.0,ADANIENT.NS,Adani Enterprises Limited,Thermal Coal,Energy,Mr. Gautambhai Shantilal Adani S.Y. B.Com,"Ahmedabad, India",https://www.adanienterprises.com,2311.75,2238.85,2668245024768,77.16122,29.96,0.00059999997,3743.9,2025.0
2023-07-04 00:00:00+05:30,2393.639549780016,2314.95,2213.75,2384.3525390625,1376164,0.0,0.0,ADANIENT.NS,Adani Enterprises Limited,Thermal Coal,Energy,Mr. Gautambhai Shantilal Adani S.Y. B.Com,"Ahmedabad, India",https://www.adanienterprises.com,2311.75,2238.85,2668245024768,77.16122,29.96,0.00059999997,3743.9,2025.0
2023-07-05 00:00:00+05:30,2387.647900491283,2314.95,2213.75,2395.786376953125,1376164,0.0,0.0,ADANIENT.NS,Adani Enterprises Limited,Thermal Coal,Energy,Mr. Gautambhai Shantilal Adani S.Y. B.Com,"Ahmedabad, India",https://www.adanienterprises.com,2311.75,2238.85,2668245024768,77.16122,29.96,0.00059999997,3743.9,2025.0
2023-07-06 00:00:00+05:30,2396.985316956829,2314.95,2213.75,2400.73193359375,1376164,1.2,0.0,ADANIENT.NS,Adani Enterprises Limited,Thermal Coal,Energy,Mr. Gautambhai Shantilal Adani S.Y. B.Com,"Ahmedabad, India",https://www.adanienterprises.com,2311.75,2238.85,2668245024768,77.16122,29.96,0.00059999997,3743.9,2025.0
2023-07-07 00:00:00+05:30,2394.0345637079167,2314.95,2213.75,2378.640869140625,1376164,1.2,0.0,ADANIENT.NS,Adani Enterprises Limited,Thermal Coal,Energy,Mr. Gautambhai Shantilal Adani S.Y. B.Com,"Ahmedabad, India",https://www.adanienterprises.com,2311.75,2238.85,2668245024768,77.16122,29.96,0.00059999997,3743.9,2025.0
2023-07-10 00:00:00+05:30,2391.8354039972173,2314.95,2213.75,2409.2783203125,1376164,0.0,0.0,ADANIENT.NS,Adani Enterprises Limited,Thermal Coal,Energy,Mr. Gautambhai Shantilal Adani S.Y. B.Com,"Ahmedabad, India",https://www.adanienterprises.com,2311.75,2238.85,2668245024768,77.16122,29.96,0.00059999997,3743.9,2025.0
2023-07-11 00:00:00+05:30,2422.7728506374015,2314.95,2213.75,2421.923095703125,1376164,0.0,0.0,ADANIENT.NS,Adani Enterprises Limited,Thermal Coal,Energy,Mr. Gautambhai Shantilal Adani S.Y. B.Com,"Ahmedabad, India",https://www.adanienterprises.com,2311.75,2238.85,2668245024768,77.16122,29.96,0.00059999997,3743.9,2025.0
2023-07-12 00:00:00+05:30,2428.9203241813325,2314.95,2213.75,2386.937255859375,1376164,0.0,0.0,ADANIENT.NS,Adani Enterprises Limited,Thermal Coal,Energy,Mr. Gautambhai Shantilal Adani S.Y. B.Com,"Ahmedabad, India",https://www.adanienterprises.com,2311.75,2238.85,2668245024768,77.16122,29.96,0.00059999997,3743.9,2025.0
2023-07-13 00:00:00+05:30,2396.0337631474745,2314.95,2213.75,2361.097900390625,1376164,0.0,0.0,ADANIENT.NS,Adani Enterprises Limited,Thermal Coal,Energy,Mr. Gautambhai Shantilal Adani S.Y. B.Com,"Ahmedabad, India",https://www.adanienterprises.com,2311.75,2238.85,2668245024768,77.16122,29.96,0.00059999997,3743.9,2025.0
2023-07-14 00:00:00+05:30,2374.042679757916,2314.95,2213.75,2375.142333984375,1376164,0.0,0.0,ADANIENT.NS,Adani Enterprises Limited,Thermal Coal,Energy,Mr. Gautambhai Shantilal Adani S.Y. B.Com,"Ahmedabad, India",https://www.adanienterprises.com,2311.75,2238.85,2668245024768,77.16122,29.96,0.00059999997,3743.9,2025.0
2023-07-17 00:00:00+05:30,2398.93244217032,2314.95,2213.75,2407.5791015625,1376164,0.0,0.0,ADANIENT.NS,Adani Enterprises Limited,Thermal Coal,Energy,Mr. Gautambhai Shantilal Adani S.Y. B.Com,"Ahmedabad, India",https://www.adanienterprises.com,2311.75,2238.85,2668245024768,77.16122,29.96,0.00059999997,3743.9,2025.0
2023-07-18 00:00:00+05:30,2414.026400704997,2314.95,2213.75,2415.925537109375,1376164,0.0,0.0,ADANIENT.NS,Adani Enterprises Limited,Thermal Coal,Energy,Mr. Gautambhai Shantilal Adani S.Y. B.Com,"Ahmedabad, India",https://www.adanienterprises.com,2311.75,2238.85,2668245024768,77.16122,29.96,0.00059999997,3743.9,2025.0
2023-07-19 00:00:00+05:30,2427.670876336749,2314.95,2213.75,2422.77294921875,1376164,0.0,0.0,ADANIENT.NS,Adani Enterprises Limited,Thermal Coal,Energy,Mr. Gautambhai Shantilal Adani S.Y. B.Com,"Ahmedabad, India",https://www.adanienterprises.com,2311.75,2238.85,2668245024768,77.16122,29.96,0.00059999997,3743.9,2025.0
2023-07-20 00:00:00+05:30,2427.97090110063,2314.95,2213.75,2418.774658203125,1376164,0.0,0.0,ADANIENT.NS,Adani Enterprises Limited,Thermal Coal,Energy,Mr. Gautambhai Shantilal Adani S.Y. B.Com,"Ahmedabad, India",https://www.adanienterprises.com,2311.75,2238.85,2668245024768,77.16122,29.96,0.00059999997,3743.9,2025.0
2023-07-21 00:00:00+05:30,2409.0284187441553,2314.95,2213.75,2415.325927734375,1376164,0.0,0.0,ADANIENT.NS,Adani Enterprises Limited,Thermal Coal,Energy,Mr. Gautambhai Shantilal Adani S.Y. B.Com,"Ahmedabad, India",https://www.adanienterprises.com,2311.75,2238.85,2668245024768,77.16122,29.96,0.00059999997,3743.9,2025.0
2023-07-24 00:00:00+05:30,2429.020389508394,2314.95,2213.75,2417.22509765625,1376164,0.0,0.0,ADANIENT.NS,Adani Enterprises Limited,Thermal Coal,Energy,Mr. Gautambhai Shantilal Adani S.Y. B.Com,"Ahmedabad, India",https://www.adanienterprises.com,2311.75,2238.85,2668245024768,77.16122,29.96,0.00059999997,3743.9,2025.0
2023-07-25 00:00:00+05:30,2427.0211962351677,2314.95,2213.75,2465.655517578125,1376164,0.0,0.0,ADANIENT.NS,Adani Enterprises Limited,Thermal Coal,Energy,Mr. Gautambhai Shantilal Adani S.Y. B.Com,"Ahmedabad, India",https://www.adanienterprises.com,2311.75,2238.85,2668245024768,77.16122,29.96,0.00059999997,3743.9,2025.0
2023-07-26 00:00:00+05:30,2471.453172079069,2314.95,2213.75,2469.75390625,1376164,0.0,0.0,ADANIENT.NS,Adani Enterprises Limited,Thermal Coal,Energy,Mr. Gautambhai Shantilal Adani S.Y. B.Com,"Ahmedabad, India",https://www.adanienterprises.com,2311.75,2238.85,2668245024768,77.16122,29.96,0.00059999997,3743.9,2025.0
2023-07-27 00:00:00+05:30,2469.753922748048,2314.95,2213.75,2427.4208984375,1376164,0.0,0.0,ADANIENT.NS,Adani Enterprises Limited,Thermal Coal,Energy,Mr. Gautambhai Shantilal Adani S.Y. B.Com,"Ahmedabad, India",https://www.adanienterprises.com,2311.75,2238.85,2668245024768,77.16122,29.96,0.00059999997,3743.9,2025.0
2023-07-28 00:00:00+05:30,2436.017641321218,2314.95,2213.75,2462.20703125,1376164,0.0,0.0,ADANIENT.NS,Adani Enterprises Limited,Thermal Coal,Energy,Mr. Gautambhai Shantilal Adani S.Y. B.Com,"Ahmedabad, India",https://www.adanienterprises.com,2311.75,2238.85,2668245024768,77.16122,29.96,0.00059999997,3743.9,2025.0
2023-07-31 00:00:00+05:30,2476.0014886289264,2314.95,2213.75,2491.1953125,1376164,0.0,0.0,ADANIENT.NS,Adani Enterprises Limited,Thermal Coal,Energy,Mr. Gautambhai Shantilal Adani S.Y. B.Com,"Ahmedabad, India",https://www.adanienterprises.com,2311.75,2238.85,2668245024768,77.16122,29.96,0.00059999997,3743.9,2025.0
2023-08-01 00:00:00+05:30,2503.840278811903,2314.95,2213.75,2480.099853515625,1376164,0.0,0.0,ADANIENT.NS,Adani Enterprises Limited,Thermal Coal,Energy,Mr. Gautambhai Shantilal Adani S.Y. B.Com,"Ahmedabad, India",https://www.adanienterprises.com,2311.75,2238.85,2668245024768,77.16122,29.96,0.00059999997,3743.9,2025.0
2023-08-02 00:00:00+05:30,2491.9950895514567,2314.95,2213.75,2472.552978515625,1376164,0.0,0.0,ADANIENT.NS,Adani Enterprises Limited,Thermal Coal,Energy,Mr. Gautambhai Shantilal Adani S.Y. B.Com,"Ahmedabad, India",https://www.adanienterprises.com,2311.75,2238.85,2668245024768,77.16122,29.96,0.00059999997,3743.9,2025.0
2023-08-03 00:00:00+05:30,2468.904183298102,2314.95,2213.75,2531.5791015625,1376164,0.0,0.0,ADANIENT.NS,Adani Enterprises Limited,Thermal Coal,Energy,Mr. Gautambhai Shantilal Adani S.Y. B.Com,"Ahmedabad, India",https://www.adanienterprises.com,2311.75,2238.85,2668245024768,77.16122,29.96,0.00059999997,3743.9,2025.0
2023-08-04 00:00:00+05:30,2544.273979694304,2314.95,2213.75,2540.775390625,1376164,0.0,0.0,ADANIENT.NS,Adani Enterprises Limited,Thermal Coal,Energy,Mr. Gautambhai Shantilal Adani S.Y. B.Com,"Ahmedabad, India",https://www.adanienterprises.com,2311.75,2238.85,2668245024768,77.16122,29.96,0.00059999997,3743.9,2025.0
2023-08-07 00:00:00+05:30,2549.921693630042,2314.95,2213.75,2549.471923828125,1376164,0.0,0.0,ADANIENT.NS,Adani Enterprises Limited,Thermal Coal,Energy,Mr. Gautambhai Shantilal Adani S.Y. B.Com,"Ahmedabad, India",https://www.adanienterprises.com,2311.75,2238.85,2668245024768,77.16122,29.96,0.00059999997,3743.9,2025.0
2023-08-08 00:00:00+05:30,2562.216684037512,2314.95,2213.75,2473.552490234375,1376164,0.0,0.0,ADANIENT.NS,Adani Enterprises Limited,Thermal Coal,Energy,Mr. Gautambhai Shantilal Adani S.Y. B.Com,"Ahmedabad, India",https://www.adanienterprises.com,2311.75,2238.85,2668245024768,77.16122,29.96,0.00059999997,3743.9,2025.0
2023-08-09 00:00:00+05:30,2487.346914567022,2314.95,2213.75,2506.08935546875,1376164,0.0,0.0,ADANIENT.NS,Adani Enterprises Limited,Thermal Coal,Energy,Mr. Gautambhai Shantilal Adani S.Y. B.Com,"Ahmedabad, India",https://www.adanienterprises.com,2311.75,2238.85,2668245024768,77.16122,29.96,0.00059999997,3743.9,2025.0
2023-08-10 00:00:00+05:30,2508.988281746939,2314.95,2213.75,2551.37109375,1376164,0.0,0.0,ADANIENT.NS,Adani Enterprises Limited,Thermal Coal,Energy,Mr. Gautambhai Shantilal Adani S.Y. B.Com,"Ahmedabad, India",https://www.adanienterprises.com,2311.75,2238.85,2668245024768,77.16122,29.96,0.00059999997,3743.9,2025.0
2023-08-11 00:00:00+05:30,2549.022114424636,2314.95,2213.75,2538.476318359375,1376164,0.0,0.0,ADANIENT.NS,Adani Enterprises Limited,Thermal Coal,Energy,Mr. Gautambhai Shantilal Adani S.Y. B.Com,"Ahmedabad, India",https://www.adanienterprises.com,2311.75,2238.85,2668245024768,77.16122,29.96,0.00059999997,3743.9,2025.0
2023-08-14 00:00:00+05:30,2479.0003355939534,2314.95,2213.75,2455.010009765625,1376164,0.0,0.0,ADANIENT.NS,Adani Enterprises Limited,Thermal Coal,Energy,Mr. Gautambhai Shantilal Adani S.Y. B.Com,"Ahmedabad, India",https://www.adanienterprises.com,2311.75,2238.85,2668245024768,77.16122,29.96,0.00059999997,3743.9,2025.0
2023-08-16 00:00:00+05:30,2449.0124291946286,2314.95,2213.75,2444.114501953125,1376164,0.0,0.0,ADANIENT.NS,Adani Enterprises Limited,Thermal Coal,Energy,Mr. Gautambhai Shantilal Adani S.Y. B.Com,"Ahmedabad, India",https://www.adanienterprises.com,2311.75,2238.85,2668245024768,77.16122,29.96,0.00059999997,3743.9,2025.0
2023-08-17 00:00:00+05:30,2453.960415625858,2314.95,2213.75,2478.700439453125,1376164,0.0,0.0,ADANIENT.NS,Adani Enterprises Limited,Thermal Coal,Energy,Mr. Gautambhai Shantilal Adani S.Y. B.Com,"Ahmedabad, India",https://www.adanienterprises.com,2311.75,2238.85,2668245024768,77.16122,29.96,0.00059999997,3743.9,2025.0
2023-08-18 00:00:00+05:30,2476.501211514981,2314.95,2213.75,2576.36083984375,1376164,0.0,0.0,ADANIENT.NS,Adani Enterprises Limited,Thermal Coal,Energy,Mr. Gautambhai Shantilal Adani S.Y. B.Com,"Ahmedabad, India",https://www.adanienterprises.com,2311.75,2238.85,2668245024768,77.16122,29.96,0.00059999997,3743.9,2025.0
2023-08-21 00:00:00+05:30,2586.956653906028,2314.95,2213.75,2638.685791015625,1376164,0.0,0.0,ADANIENT.NS,Adani Enterprises Limited,Thermal Coal,Energy,Mr. Gautambhai Shantilal Adani S.Y. B.Com,"Ahmedabad, India",https://www.adanienterprises.com,2311.75,2238.85,2668245024768,77.16122,29.96,0.00059999997,3743.9,2025.0
2023-08-22 00:00:00+05:30,2667.7742223487107,2314.95,2213.75,2696.96240234375,1376164,0.0,0.0,ADANIENT.NS,Adani Enterprises Limited,Thermal Coal,Energy,Mr. Gautambhai Shantilal Adani S.Y. B.Com,"Ahmedabad, India",https://www.adanienterprises.com,2311.75,2238.85,2668245024768,77.16122,29.96,0.00059999997,3743.9,2025.0
2023-08-23 00:00:00+05:30,2718.9035082514088,2314.95,2213.75,2529.280029296875,1376164,0.0,0.0,ADANIENT.NS,Adani Enterprises Limited,Thermal Coal,Energy,Mr. Gautambhai Shantilal Adani S.Y. B.Com,"Ahmedabad, India",https://www.adanienterprises.com,2311.75,2238.85,2668245024768,77.16122,29.96,0.00059999997,3743.9,2025.0
2023-08-24 00:00:00+05:30,2578.960013159012,2314.95,2213.75,2538.5263671875,1376164,0.0,0.0,ADANIENT.NS,Adani Enterprises Limited,Thermal Coal,Energy,Mr. Gautambhai Shantilal Adani S.Y. B.Com,"Ahmedabad, India",https://www.adanienterprises.com,2311.75,2238.85,2668245024768,77.16122,29.96,0.00059999997,3743.9,2025.0
2023-08-25 00:00:00+05:30,2547.9724299864456,2314.95,2213.75,2494.743896484375,1376164,0.0,0.0,ADANIENT.NS,Adani Enterprises Limited,Thermal Coal,Energy,Mr. Gautambhai Shantilal Adani S.Y. B.Com,"Ahmedabad, India",https://www.adanienterprises.com,2311.75,2238.85,2668245024768,77.16122,29.96,0.00059999997,3743.9,2025.0
2023-08-28 00:00:00+05:30,2548.972159505804,2314.95,2213.75,2471.453369140625,1376164,0.0,0.0,ADANIENT.NS,Adani Enterprises Limited,Thermal Coal,Energy,Mr. Gautambhai Shantilal Adani S.Y. B.Com,"Ahmedabad, India",https://www.adanienterprises.com,2311.75,2238.85,2668245024768,77.16122,29.96,0.00059999997,3743.9,2025.0
2023-08-29 00:00:00+05:30,2471.1036888593653,2314.95,2213.75,2505.439697265625,1376164,0.0,0.0,ADANIENT.NS,Adani Enterprises Limited,Thermal Coal,Energy,Mr. Gautambhai Shantilal Adani S.Y. B.Com,"Ahmedabad, India",https://www.adanienterprises.com,2311.75,2238.85,2668245024768,77.16122,29.96,0.00059999997,3743.9,2025.0
2023-08-30 00:00:00+05:30,2515.985488637761,2314.95,2213.75,2512.087158203125,1376164,0.0,0.0,ADANIENT.NS,Adani Enterprises Limited,Thermal Coal,Energy,Mr. Gautambhai Shantilal Adani S.Y. B.Com,"Ahmedabad, India",https://www.adanienterprises.com,2311.75,2238.85,2668245024768,77.16122,29.96,0.00059999997,3743.9,2025.0
2023-08-31 00:00:00+05:30,2448.962479659912,2314.95,2213.75,2418.27490234375,1376164,0.0,0.0,ADANIENT.NS,Adani Enterprises Limited,Thermal Coal,Energy,Mr. Gautambhai Shantilal Adani S.Y. B.Com,"Ahmedabad, India",https://www.adanienterprises.com,2311.75,2238.85,2668245024768,77.16122,29.96,0.00059999997,3743.9,2025.0
2023-09-01 00:00:00+05:30,2380.040283376705,2314.95,2213.75,2449.0625,1376164,0.0,0.0,ADANIENT.NS,Adani Enterprises Limited,Thermal Coal,Energy,Mr. Gautambhai Shantilal Adani S.Y. B.Com,"Ahmedabad, India",https://www.adanienterprises.com,2311.75,2238.85,2668245024768,77.16122,29.96,0.00059999997,3743.9,2025.0
2023-09-04 00:00:00+05:30,2453.010841558808,2314.95,2213.75,2469.604248046875,1376164,0.0,0.0,ADANIENT.NS,Adani Enterprises Limited,Thermal Coal,Energy,Mr. Gautambhai Shantilal Adani S.Y. B.Com,"Ahmedabad, India",https://www.adanienterprises.com,2311.75,2238.85,2668245024768,77.16122,29.96,0.00059999997,3743.9,2025.0
2023-09-05 00:00:00+05:30,2480.9994863752395,2314.95,2213.75,2493.044677734375,1376164,0.0,0.0,ADANIENT.NS,Adani Enterprises Limited,Thermal Coal,Energy,Mr. Gautambhai Shantilal Adani S.Y. B.Com,"Ahmedabad, India",https://www.adanienterprises.com,2311.75,2238.85,2668245024768,77.16122,29.96,0.00059999997,3743.9,2025.0
2023-09-06 00:00:00+05:30,2493.04468875554,2314.95,2213.75,2495.49365234375,1376164,0.0,0.0,ADANIENT.NS,Adani Enterprises Limited,Thermal Coal,Energy,Mr. Gautambhai Shantilal Adani S.Y. B.Com,"Ahmedabad, India",https://www.adanienterprises.com,2311.75,2238.85,2668245024768,77.16122,29.96,0.00059999997,3743.9,2025.0
2023-09-07 00:00:00+05:30,2496.9931605601837,2314.95,2213.75,2508.488525390625,1376164,0.0,0.0,ADANIENT.NS,Adani Enterprises Limited,Thermal Coal,Energy,Mr. Gautambhai Shantilal Adani S.Y. B.Com,"Ahmedabad, India",https://www.adanienterprises.com,2311.75,2238.85,2668245024768,77.16122,29.96,0.00059999997,3743.9,2025.0
2023-09-08 00:00:00+05:30,2512.7866410858524,2314.95,2213.75,2518.284423828125,1376164,0.0,0.0,ADANIENT.NS,Adani Enterprises Limited,Thermal Coal,Energy,Mr. Gautambhai Shantilal Adani S.Y. B.Com,"Ahmedabad, India",https://www.adanienterprises.com,2311.75,2238.85,2668245024768,77.16122,29.96,0.00059999997,3743.9,2025.0
2023-09-11 00:00:00+05:30,2563.9659377630223,2314.95,2213.75,2613.895751953125,1376164,0.0,0.0,ADANIENT.NS,Adani Enterprises Limited,Thermal Coal,Energy,Mr. Gautambhai Shantilal Adani S.Y. B.Com,"Ahmedabad, India",https://www.adanienterprises.com,2311.75,2238.85,2668245024768,77.16122,29.96,0.00059999997,3743.9,2025.0
2023-09-12 00:00:00+05:30,2621.392762844915,2314.95,2213.75,2534.677734375,1376164,0.0,0.0,ADANIENT.NS,Adani Enterprises Limited,Thermal Coal,Energy,Mr. Gautambhai Shantilal Adani S.Y. B.Com,"Ahmedabad, India",https://www.adanienterprises.com,2311.75,2238.85,2668245024768,77.16122,29.96,0.00059999997,3743.9,2025.0
2023-09-13 00:00:00+05:30,2544.6737670818575,2314.95,2213.75,2517.884521484375,1376164,0.0,0.0,ADANIENT.NS,Adani Enterprises Limited,Thermal Coal,Energy,Mr. Gautambhai Shantilal Adani S.Y. B.Com,"Ahmedabad, India",https://www.adanienterprises.com,2311.75,2238.85,2668245024768,77.16122,29.96,0.00059999997,3743.9,2025.0
2023-09-14 00:00:00+05:30,2540.825585212641,2314.95,2213.75,2518.784423828125,1376164,0.0,0.0,ADANIENT.NS,Adani Enterprises Limited,Thermal Coal,Energy,Mr. Gautambhai Shantilal Adani S.Y. B.Com,"Ahmedabad, India",https://www.adanienterprises.com,2311.75,2238.85,2668245024768,77.16122,29.96,0.00059999997,3743.9,2025.0
2023-09-15 00:00:00+05:30,2518.7842860738515,2314.95,2213.75,2539.026123046875,1376164,0.0,0.0,ADANIENT.NS,Adani Enterprises Limited,Thermal Coal,Energy,Mr. Gautambhai Shantilal Adani S.Y. B.Com,"Ahmedabad, India",https://www.adanienterprises.com,2311.75,2238.85,2668245024768,77.16122,29.96,0.00059999997,3743.9,2025.0
2023-09-18 00:00:00+05:30,2550.9712362933396,2314.95,2213.75,2501.441162109375,1376164,0.0,0.0,ADANIENT.NS,Adani Enterprises Limited,Thermal Coal,Energy,Mr. Gautambhai Shantilal Adani S.Y. B.Com,"Ahmedabad, India",https://www.adanienterprises.com,2311.75,2238.85,2668245024768,77.16122,29.96,0.00059999997,3743.9,2025.0
2023-09-20 00:00:00+05:30,2501.3911123522544,2314.95,2213.75,2469.30419921875,1376164,0.0,0.0,ADANIENT.NS,Adani Enterprises Limited,Thermal Coal,Energy,Mr. Gautambhai Shantilal Adani S.Y. B.Com,"Ahmedabad, India",https://www.adanienterprises.com,2311.75,2238.85,2668245024768,77.16122,29.96,0.00059999997,3743.9,2025.0
2023-09-21 00:00:00+05:30,2478.800315356728,2314.95,2213.75,2478.25048828125,1376164,0.0,0.0,ADANIENT.NS,Adani Enterprises Limited,Thermal Coal,Energy,Mr. Gautambhai Shantilal Adani S.Y. B.Com,"Ahmedabad, India",https://www.adanienterprises.com,2311.75,2238.85,2668245024768,77.16122,29.96,0.00059999997,3743.9,2025.0
2023-09-22 00:00:00+05:30,2488.946200633182,2314.95,2213.75,2463.90625,1376164,0.0,0.0,ADANIENT.NS,Adani Enterprises Limited,Thermal Coal,Energy,Mr. Gautambhai Shantilal Adani S.Y. B.Com,"Ahmedabad, India",https://www.adanienterprises.com,2311.75,2238.85,2668245024768,77.16122,29.96,0.00059999997,3743.9,2025.0
2023-09-25 00:00:00+05:30,2478.9503295745926,2314.95,2213.75,2481.099609375,1376164,0.0,0.0,ADANIENT.NS,Adani Enterprises Limited,Thermal Coal,Energy,Mr. Gautambhai Shantilal Adani S.Y. B.Com,"Ahmedabad, India",https://www.adanienterprises.com,2311.75,2238.85,2668245024768,77.16122,29.96,0.00059999997,3743.9,2025.0
2023-09-26 00:00:00+05:30,2489.9959559040076,2314.95,2213.75,2456.959228515625,1376164,0.0,0.0,ADANIENT.NS,Adani Enterprises Limited,Thermal Coal,Energy,Mr. Gautambhai Shantilal Adani S.Y. B.Com,"Ahmedabad, India",https://www.adanienterprises.com,2311.75,2238.85,2668245024768,77.16122,29.96,0.00059999997,3743.9,2025.0
2023-09-27 00:00:00+05:30,2459.0084152960444,2314.95,2213.75,2482.299072265625,1376164,0.0,0.0,ADANIENT.NS,Adani Enterprises Limited,Thermal Coal,Energy,Mr. Gautambhai Shantilal Adani S.Y. B.Com,"Ahmedabad, India",https://www.adanienterprises.com,2311.75,2238.85,2668245024768,77.16122,29.96,0.00059999997,3743.9,2025.0
2023-09-28 00:00:00+05:30,2488.94622271223,2314.95,2213.75,2474.252197265625,1376164,0.0,0.0,ADANIENT.NS,Adani Enterprises Limited,Thermal Coal,Energy,Mr. Gautambhai Shantilal Adani S.Y. B.Com,"Ahmedabad, India",https://www.adanienterprises.com,2311.75,2238.85,2668245024768,77.16122,29.96,0.00059999997,3743.9,2025.0
2023-09-29 00:00:00+05:30,2461.0574929485897,2314.95,2213.75,2412.9267578125,1376164,0.0,0.0,ADANIENT.NS,Adani Enterprises Limited,Thermal Coal,Energy,Mr. Gautambhai Shantilal Adani S.Y. B.Com,"Ahmedabad, India",https://www.adanienterprises.com,2311.75,2238.85,2668245024768,77.16122,29.96,0.00059999997,3743.9,2025.0
2023-10-03 00:00:00+05:30,2417.0252010190857,2314.95,2213.75,2386.28759765625,1376164,0.0,0.0,ADANIENT.NS,Adani Enterprises Limited,Thermal Coal,Energy,Mr. Gautambhai Shantilal Adani S.Y. B.Com,"Ahmedabad, India",https://www.adanienterprises.com,2311.75,2238.85,2668245024768,77.16122,29.96,0.00059999997,3743.9,2025.0
2023-10-04 00:00:00+05:30,2401.2315941427582,2314.95,2213.75,2463.956298828125,1376164,0.0,0.0,ADANIENT.NS,Adani Enterprises Limited,Thermal Coal,Energy,Mr. Gautambhai Shantilal Adani S.Y. B.Com,"Ahmedabad, India",https://www.adanienterprises.com,2311.75,2238.85,2668245024768,77.16122,29.96,0.00059999997,3743.9,2025.0
2023-10-05 00:00:00+05:30,2476.9511348580363,2314.95,2213.75,2465.35595703125,1376164,0.0,0.0,ADANIENT.NS,Adani Enterprises Limited,Thermal Coal,Energy,Mr. Gautambhai Shantilal Adani S.Y. B.Com,"Ahmedabad, India",https://www.adanienterprises.com,2311.75,2238.85,2668245024768,77.16122,29.96,0.00059999997,3743.9,2025.0
2023-10-06 00:00:00+05:30,2465.3558111240113,2314.95,2213.75,2477.10107421875,1376164,0.0,0.0,ADANIENT.NS,Adani Enterprises Limited,Thermal Coal,Energy,Mr. Gautambhai Shantilal Adani S.Y. B.Com,"Ahmedabad, India",https://www.adanienterprises.com,2311.75,2238.85,2668245024768,77.16122,29.96,0.00059999997,3743.9,2025.0
2023-10-09 00:00:00+05:30,2439.0164289662353,2314.95,2213.75,2441.615478515625,1376164,0.0,0.0,ADANIENT.NS,Adani Enterprises Limited,Thermal Coal,Energy,Mr. Gautambhai Shantilal Adani S.Y. B.Com,"Ahmedabad, India",https://www.adanienterprises.com,2311.75,2238.85,2668245024768,77.16122,29.96,0.00059999997,3743.9,2025.0
2023-10-10 00:00:00+05:30,2442.0152117108537,2314.95,2213.75,2497.29296875,1376164,0.0,0.0,ADANIENT.NS,Adani Enterprises Limited,Thermal Coal,Energy,Mr. Gautambhai Shantilal Adani S.Y. B.Com,"Ahmedabad, India",https://www.adanienterprises.com,2311.75,2238.85,2668245024768,77.16122,29.96,0.00059999997,3743.9,2025.0
2023-10-11 00:00:00+05:30,2532.878467816156,2314.95,2213.75,2487.596923828125,1376164,0.0,0.0,ADANIENT.NS,Adani Enterprises Limited,Thermal Coal,Energy,Mr. Gautambhai Shantilal Adani S.Y. B.Com,"Ahmedabad, India",https://www.adanienterprises.com,2311.75,2238.85,2668245024768,77.16122,29.96,0.00059999997,3743.9,2025.0
2023-10-12 00:00:00+05:30,2498.8922483675806,2314.95,2213.75,2505.33984375,1376164,0.0,0.0,ADANIENT.NS,Adani Enterprises Limited,Thermal Coal,Energy,Mr. Gautambhai Shantilal Adani S.Y. B.Com,"Ahmedabad, India",https://www.adanienterprises.com,2311.75,2238.85,2668245024768,77.16122,29.96,0.00059999997,3743.9,2025.0
2023-10-13 00:00:00+05:30,2487.8965529454854,2314.95,2213.75,2453.560546875,1376164,0.0,0.0,ADANIENT.NS,Adani Enterprises Limited,Thermal Coal,Energy,Mr. Gautambhai Shantilal Adani S.Y. B.Com,"Ahmedabad, India",https://www.adanienterprises.com,2311.75,2238.85,2668245024768,77.16122,29.96,0.00059999997,3743.9,2025.0
2023-10-16 00:00:00+05:30,2453.5606429192812,2314.95,2213.75,2428.370849609375,1376164,0.0,0.0,ADANIENT.NS,Adani Enterprises Limited,Thermal Coal,Energy,Mr. Gautambhai Shantilal Adani S.Y. B.Com,"Ahmedabad, India",https://www.adanienterprises.com,2311.75,2238.85,2668245024768,77.16122,29.96,0.00059999997,3743.9,2025.0
2023-10-17 00:00:00+05:30,2458.9582279350834,2314.95,2213.75,2427.4208984375,1376164,0.0,0.0,ADANIENT.NS,Adani Enterprises Limited,Thermal Coal,Energy,Mr. Gautambhai Shantilal Adani S.Y. B.Com,"Ahmedabad, India",https://www.adanienterprises.com,2311.75,2238.85,2668245024768,77.16122,29.96,0.00059999997,3743.9,2025.0
2023-10-18 00:00:00+05:30,2439.016465427067,2314.95,2213.75,2405.380126953125,1376164,0.0,0.0,ADANIENT.NS,Adani Enterprises Limited,Thermal Coal,Energy,Mr. Gautambhai Shantilal Adani S.Y. B.Com,"Ahmedabad, India",https://www.adanienterprises.com,2311.75,2238.85,2668245024768,77.16122,29.96,0.00059999997,3743.9,2025.0
2023-10-19 00:00:00+05:30,2399.032625021965,2314.95,2213.75,2401.231689453125,1376164,0.0,0.0,ADANIENT.NS,Adani Enterprises Limited,Thermal Coal,Energy,Mr. Gautambhai Shantilal Adani S.Y. B.Com,"Ahmedabad, India",https://www.adanienterprises.com,2311.75,2238.85,2668245024768,77.16122,29.96,0.00059999997,3743.9,2025.0
2023-10-20 00:00:00+05:30,2397.083471866538,2314.95,2213.75,2392.78515625,1376164,0.0,0.0,ADANIENT.NS,Adani Enterprises Limited,Thermal Coal,Energy,Mr. Gautambhai Shantilal Adani S.Y. B.Com,"Ahmedabad, India",https://www.adanienterprises.com,2311.75,2238.85,2668245024768,77.16122,29.96,0.00059999997,3743.9,2025.0
2023-10-23 00:00:00+05:30,2396.8334465155613,2314.95,2213.75,2307.71923828125,1376164,0.0,0.0,ADANIENT.NS,Adani Enterprises Limited,Thermal Coal,Energy,Mr. Gautambhai Shantilal Adani S.Y. B.Com,"Ahmedabad, India",https://www.adanienterprises.com,2311.75,2238.85,2668245024768,77.16122,29.96,0.00059999997,3743.9,2025.0
2023-10-25 00:00:00+05:30,2319.0646893691846,2314.95,2213.75,2256.090087890625,1376164,0.0,0.0,ADANIENT.NS,Adani Enterprises Limited,Thermal Coal,Energy,Mr. Gautambhai Shantilal Adani S.Y. B.Com,"Ahmedabad, India",https://www.adanienterprises.com,2311.75,2238.85,2668245024768,77.16122,29.96,0.00059999997,3743.9,2025.0
2023-10-26 00:00:00+05:30,2248.093352874631,2314.95,2213.75,2202.311767578125,1376164,0.0,0.0,ADANIENT.NS,Adani Enterprises Limited,Thermal Coal,Energy,Mr. Gautambhai Shantilal Adani S.Y. B.Com,"Ahmedabad, India",https://www.adanienterprises.com,2311.75,2238.85,2668245024768,77.16122,29.96,0.00059999997,3743.9,2025.0
2023-10-27 00:00:00+05:30,2221.104380725099,2314.95,2213.75,2260.788330078125,1376164,0.0,0.0,ADANIENT.NS,Adani Enterprises Limited,Thermal Coal,Energy,Mr. Gautambhai Shantilal Adani S.Y. B.Com,"Ahmedabad, India",https://www.adanienterprises.com,2311.75,2238.85,2668245024768,77.16122,29.96,0.00059999997,3743.9,2025.0
2023-10-30 00:00:00+05:30,2259.139031930023,2314.95,2213.75,2298.17333984375,1376164,0.0,0.0,ADANIENT.NS,Adani Enterprises Limited,Thermal Coal,Energy,Mr. Gautambhai Shantilal Adani S.Y. B.Com,"Ahmedabad, India",https://www.adanienterprises.com,2311.75,2238.85,2668245024768,77.16122,29.96,0.00059999997,3743.9,2025.0
2023-10-31 00:00:00+05:30,2319.0647317139496,2314.95,2213.75,2293.724853515625,1376164,0.0,0.0,ADANIENT.NS,Adani Enterprises Limited,Thermal Coal,Energy,Mr. Gautambhai Shantilal Adani S.Y. B.Com,"Ahmedabad, India",https://www.adanienterprises.com,2311.75,2238.85,2668245024768,77.16122,29.96,0.00059999997,3743.9,2025.0
2023-11-01 00:00:00+05:30,2298.0732677307496,2314.95,2213.75,2216.40625,1376164,0.0,0.0,ADANIENT.NS,Adani Enterprises Limited,Thermal Coal,Energy,Mr. Gautambhai Shantilal Adani S.Y. B.Com,"Ahmedabad, India",https://www.adanienterprises.com,2311.75,2238.85,2668245024768,77.16122,29.96,0.00059999997,3743.9,2025.0
2023-11-02 00:00:00+05:30,2246.0941542135993,2314.95,2213.75,2214.406982421875,1376164,0.0,0.0,ADANIENT.NS,Adani Enterprises Limited,Thermal Coal,Energy,Mr. Gautambhai Shantilal Adani S.Y. B.Com,"Ahmedabad, India",https://www.adanienterprises.com,2311.75,2238.85,2668245024768,77.16122,29.96,0.00059999997,3743.9,2025.0
2023-11-03 00:00:00+05:30,2214.4069886492416,2314.95,2213.75,2228.951171875,1376164,0.0,0.0,ADANIENT.NS,Adani Enterprises Limited,Thermal Coal,Energy,Mr. Gautambhai Shantilal Adani S.Y. B.Com,"Ahmedabad, India",https://www.adanienterprises.com,2311.75,2238.85,2668245024768,77.16122,29.96,0.00059999997,3743.9,2025.0
2023-11-06 00:00:00+05:30,2253.0414734246574,2314.95,2213.75,2245.0947265625,1376164,0.0,0.0,ADANIENT.NS,Adani Enterprises Limited,Thermal Coal,Energy,Mr. Gautambhai Shantilal Adani S.Y. B.Com,"Ahmedabad, India",https://www.adanienterprises.com,2311.75,2238.85,2668245024768,77.16122,29.96,0.00059999997,3743.9,2025.0
2023-11-07 00:00:00+05:30,2256.0900747523833,2314.95,2213.75,2232.44970703125,1376164,0.0,0.0,ADANIENT.NS,Adani Enterprises Limited,Thermal Coal,Energy,Mr. Gautambhai Shantilal Adani S.Y. B.Com,"Ahmedabad, India",https://www.adanienterprises.com,2311.75,2238.85,2668245024768,77.16122,29.96,0.00059999997,3743.9,2025.0
2023-11-08 00:00:00+05:30,2244.395064902097,2314.95,2213.75,2259.0390625,1376164,0.0,0.0,ADANIENT.NS,Adani Enterprises Limited,Thermal Coal,Energy,Mr. Gautambhai Shantilal Adani S.Y. B.Com,"Ahmedabad, India",https://www.adanienterprises.com,2311.75,2238.85,2668245024768,77.16122,29.96,0.00059999997,3743.9,2025.0
2023-11-09 00:00:00+05:30,2268.0852668322163,2314.95,2213.75,2213.757080078125,1376164,0.0,0.0,ADANIENT.NS,Adani Enterprises Limited,Thermal Coal,Energy,Mr. Gautambhai Shantilal Adani S.Y. B.Com,"Ahmedabad, India",https://www.adanienterprises.com,2311.75,2238.85,2668245024768,77.16122,29.96,0.00059999997,3743.9,2025.0
2023-11-10 00:00:00+05:30,2219.354976782782,2314.95,2213.75,2204.211181640625,1376164,0.0,0.0,ADANIENT.NS,Adani Enterprises Limited,Thermal Coal,Energy,Mr. Gautambhai Shantilal Adani S.Y. B.Com,"Ahmedabad, India",https://www.adanienterprises.com,2311.75,2238.85,2668245024768,77.16122,29.96,0.00059999997,3743.9,2025.0
2023-11-13 00:00:00+05:30,2214.606920231474,2314.95,2213.75,2212.757568359375,1376164,0.0,0.0,ADANIENT.NS,Adani Enterprises Limited,Thermal Coal,Energy,Mr. Gautambhai Shantilal Adani S.Y. B.Com,"Ahmedabad, India",https://www.adanienterprises.com,2311.75,2238.85,2668245024768,77.16122,29.96,0.00059999997,3743.9,2025.0
2023-11-15 00:00:00+05:30,2239.097142608893,2314.95,2213.75,2224.5029296875,1376164,0.0,0.0,ADANIENT.NS,Adani Enterprises Limited,Thermal Coal,Energy,Mr. Gautambhai Shantilal Adani S.Y. B.Com,"Ahmedabad, India",https://www.adanienterprises.com,2311.75,2238.85,2668245024768,77.16122,29.96,0.00059999997,3743.9,2025.0
2023-11-16 00:00:00+05:30,2225.1027378414997,2314.95,2213.75,2205.0107421875,1376164,0.0,0.0,ADANIENT.NS,Adani Enterprises Limited,Thermal Coal,Energy,Mr. Gautambhai Shantilal Adani S.Y. B.Com,"Ahmedabad, India",https://www.adanienterprises.com,2311.75,2238.85,2668245024768,77.16122,29.96,0.00059999997,3743.9,2025.0
2023-11-17 00:00:00+05:30,2205.0106905512266,2314.95,2213.75,2207.90966796875,1376164,0.0,0.0,ADANIENT.NS,Adani Enterprises Limited,Thermal Coal,Energy,Mr. Gautambhai Shantilal Adani S.Y. B.Com,"Ahmedabad, India",https://www.adanienterprises.com,2311.75,2238.85,2668245024768,77.16122,29.96,0.00059999997,3743.9,2025.0
2023-11-20 00:00:00+05:30,2210.108648563569,2314.95,2213.75,2148.9833984375,1376164,0.0,0.0,ADANIENT.NS,Adani Enterprises Limited,Thermal Coal,Energy,Mr. Gautambhai Shantilal Adani S.Y. B.Com,"Ahmedabad, India",https://www.adanienterprises.com,2311.75,2238.85,2668245024768,77.16122,29.96,0.00059999997,3743.9,2025.0
2023-11-21 00:00:00+05:30,2159.129276003787,2314.95,2213.75,2195.764404296875,1376164,0.0,0.0,ADANIENT.NS,Adani Enterprises Limited,Thermal Coal,Energy,Mr. Gautambhai Shantilal Adani S.Y. B.Com,"Ahmedabad, India",https://www.adanienterprises.com,2311.75,2238.85,2668245024768,77.16122,29.96,0.00059999997,3743.9,2025.0
2023-11-22 00:00:00+05:30,2204.261070110589,2314.95,2213.75,2171.774169921875,1376164,0.0,0.0,ADANIENT.NS,Adani Enterprises Limited,Thermal Coal,Energy,Mr. Gautambhai Shantilal Adani S.Y. B.Com,"Ahmedabad, India",https://www.adanienterprises.com,2311.75,2238.85,2668245024768,77.16122,29.96,0.00059999997,3743.9,2025.0
2023-11-23 00:00:00+05:30,2189.1171004051257,2314.95,2213.75,2174.373046875,1376164,0.0,0.0,ADANIENT.NS,Adani Enterprises Limited,Thermal Coal,Energy,Mr. Gautambhai Shantilal Adani S.Y. B.Com,"Ahmedabad, India",https://www.adanienterprises.com,2311.75,2238.85,2668245024768,77.16122,29.96,0.00059999997,3743.9,2025.0
2023-11-24 00:00:00+05:30,2178.121749102046,2314.95,2213.75,2224.552978515625,1376164,0.0,0.0,ADANIENT.NS,Adani Enterprises Limited,Thermal Coal,Energy,Mr. Gautambhai Shantilal Adani S.Y. B.Com,"Ahmedabad, India",https://www.adanienterprises.com,2311.75,2238.85,2668245024768,77.16122,29.96,0.00059999997,3743.9,2025.0
2023-11-28 00:00:00+05:30,2300.072567740838,2314.95,2213.75,2422.523193359375,1376164,0.0,0.0,ADANIENT.NS,Adani Enterprises Limited,Thermal Coal,Energy,Mr. Gautambhai Shantilal Adani S.Y. B.Com,"Ahmedabad, India",https://www.adanienterprises.com,2311.75,2238.85,2668245024768,77.16122,29.96,0.00059999997,3743.9,2025.0
2023-11-29 00:00:00+05:30,2467.70482341961,2314.95,2213.75,2395.634033203125,1376164,0.0,0.0,ADANIENT.NS,Adani Enterprises Limited,Thermal Coal,Energy,Mr. Gautambhai Shantilal Adani S.Y. B.Com,"Ahmedabad, India",https://www.adanienterprises.com,2311.75,2238.85,2668245024768,77.16122,29.96,0.00059999997,3743.9,2025.0
2023-11-30 00:00:00+05:30,2399.0826374277467,2314.95,2213.75,2357.599365234375,1376164,0.0,0.0,ADANIENT.NS,Adani Enterprises Limited,Thermal Coal,Energy,Mr. Gautambhai Shantilal Adani S.Y. B.Com,"Ahmedabad, India",https://www.adanienterprises.com,2311.75,2238.85,2668245024768,77.16122,29.96,0.00059999997,3743.9,2025.0
2023-12-01 00:00:00+05:30,2369.044664808565,2314.95,2213.75,2361.74755859375,1376164,0.0,0.0,ADANIENT.NS,Adani Enterprises Limited,Thermal Coal,Energy,Mr. Gautambhai Shantilal Adani S.Y. B.Com,"Ahmedabad, India",https://www.adanienterprises.com,2311.75,2238.85,2668245024768,77.16122,29.96,0.00059999997,3743.9,2025.0
2023-12-04 00:00:00+05:30,2548.9221298418865,2314.95,2213.75,2530.1796875,1376164,0.0,0.0,ADANIENT.NS,Adani Enterprises Limited,Thermal Coal,Energy,Mr. Gautambhai Shantilal Adani S.Y. B.Com,"Ahmedabad, India",https://www.adanienterprises.com,2311.75,2238.85,2668245024768,77.16122,29.96,0.00059999997,3743.9,2025.0
2023-12-05 00:00:00+05:30,2530.1796611910963,2314.95,2213.75,2958.1572265625,1376164,0.0,0.0,ADANIENT.NS,Adani Enterprises Limited,Thermal Coal,Energy,Mr. Gautambhai Shantilal Adani S.Y. B.Com,"Ahmedabad, India",https://www.adanienterprises.com,2311.75,2238.85,2668245024768,77.16122,29.96,0.00059999997,3743.9,2025.0
2023-12-06 00:00:00+05:30,3078.758369305336,2314.95,2213.75,2882.787353515625,1376164,0.0,0.0,ADANIENT.NS,Adani Enterprises Limited,Thermal Coal,Energy,Mr. Gautambhai Shantilal Adani S.Y. B.Com,"Ahmedabad, India",https://www.adanienterprises.com,2311.75,2238.85,2668245024768,77.16122,29.96,0.00059999997,3743.9,2025.0
2023-12-07 00:00:00+05:30,2898.831001729613,2314.95,2213.75,2885.986083984375,1376164,0.0,0.0,ADANIENT.NS,Adani Enterprises Limited,Thermal Coal,Energy,Mr. Gautambhai Shantilal Adani S.Y. B.Com,"Ahmedabad, India",https://www.adanienterprises.com,2311.75,2238.85,2668245024768,77.16122,29.96,0.00059999997,3743.9,2025.0
2023-12-08 00:00:00+05:30,2901.5297836604686,2314.95,2213.75,2821.01220703125,1376164,0.0,0.0,ADANIENT.NS,Adani Enterprises Limited,Thermal Coal,Energy,Mr. Gautambhai Shantilal Adani S.Y. B.Com,"Ahmedabad, India",https://www.adanienterprises.com,2311.75,2238.85,2668245024768,77.16122,29.96,0.00059999997,3743.9,2025.0
2023-12-11 00:00:00+05:30,2835.9064835782806,2314.95,2213.75,2854.64892578125,1376164,0.0,0.0,ADANIENT.NS,Adani Enterprises Limited,Thermal Coal,Energy,Mr. Gautambhai Shantilal Adani S.Y. B.Com,"Ahmedabad, India",https://www.adanienterprises.com,2311.75,2238.85,2668245024768,77.16122,29.96,0.00059999997,3743.9,2025.0
2023-12-12 00:00:00+05:30,2867.9436268670306,2314.95,2213.75,2856.498046875,1376164,0.0,0.0,ADANIENT.NS,Adani Enterprises Limited,Thermal Coal,Energy,Mr. Gautambhai Shantilal Adani S.Y. B.Com,"Ahmedabad, India",https://www.adanienterprises.com,2311.75,2238.85,2668245024768,77.16122,29.96,0.00059999997,3743.9,2025.0
2023-12-13 00:00:00+05:30,2858.8471311428425,2314.95,2213.75,2873.89111328125,1376164,0.0,0.0,ADANIENT.NS,Adani Enterprises Limited,Thermal Coal,Energy,Mr. Gautambhai Shantilal Adani S.Y. B.Com,"Ahmedabad, India",https://www.adanienterprises.com,2311.75,2238.85,2668245024768,77.16122,29.96,0.00059999997,3743.9,2025.0
2023-12-14 00:00:00+05:30,2899.7806661240065,2314.95,2213.75,2892.883544921875,1376164,0.0,0.0,ADANIENT.NS,Adani Enterprises Limited,Thermal Coal,Energy,Mr. Gautambhai Shantilal Adani S.Y. B.Com,"Ahmedabad, India",https://www.adanienterprises.com,2311.75,2238.85,2668245024768,77.16122,29.96,0.00059999997,3743.9,2025.0
2023-12-15 00:00:00+05:30,2910.8761429673373,2314.95,2213.75,2990.593994140625,1376164,0.0,0.0,ADANIENT.NS,Adani Enterprises Limited,Thermal Coal,Energy,Mr. Gautambhai Shantilal Adani S.Y. B.Com,"Ahmedabad, India",https://www.adanienterprises.com,2311.75,2238.85,2668245024768,77.16122,29.96,0.00059999997,3743.9,2025.0
2023-12-18 00:00:00+05:30,2992.7431541164274,2314.95,2213.75,2979.398681640625,1376164,0.0,0.0,ADANIENT.NS,Adani Enterprises Limited,Thermal Coal,Energy,Mr. Gautambhai Shantilal Adani S.Y. B.Com,"Ahmedabad, India",https://www.adanienterprises.com,2311.75,2238.85,2668245024768,77.16122,29.96,0.00059999997,3743.9,2025.0
2023-12-19 00:00:00+05:30,2987.5953356762716,2314.95,2213.75,2940.064453125,1376164,0.0,0.0,ADANIENT.NS,Adani Enterprises Limited,Thermal Coal,Energy,Mr. Gautambhai Shantilal Adani S.Y. B.Com,"Ahmedabad, India",https://www.adanienterprises.com,2311.75,2238.85,2668245024768,77.16122,29.96,0.00059999997,3743.9,2025.0
2023-12-20 00:00:00+05:30,2944.8125728668338,2314.95,2213.75,2782.72802734375,1376164,0.0,0.0,ADANIENT.NS,Adani Enterprises Limited,Thermal Coal,Energy,Mr. Gautambhai Shantilal Adani S.Y. B.Com,"Ahmedabad, India",https://www.adanienterprises.com,2311.75,2238.85,2668245024768,77.16122,29.96,0.00059999997,3743.9,2025.0
2023-12-21 00:00:00+05:30,2748.8913935884343,2314.95,2213.75,2798.621337890625,1376164,0.0,0.0,ADANIENT.NS,Adani Enterprises Limited,Thermal Coal,Energy,Mr. Gautambhai Shantilal Adani S.Y. B.Com,"Ahmedabad, India",https://www.adanienterprises.com,2311.75,2238.85,2668245024768,77.16122,29.96,0.00059999997,3743.9,2025.0
2023-12-22 00:00:00+05:30,2814.8148075003724,2314.95,2213.75,2807.218017578125,1376164,0.0,0.0,ADANIENT.NS,Adani Enterprises Limited,Thermal Coal,Energy,Mr. Gautambhai Shantilal Adani S.Y. B.Com,"Ahmedabad, India",https://www.adanienterprises.com,2311.75,2238.85,2668245024768,77.16122,29.96,0.00059999997,3743.9,2025.0
2023-12-26 00:00:00+05:30,2815.864500310687,2314.95,2213.75,2864.294921875,1376164,0.0,0.0,ADANIENT.NS,Adani Enterprises Limited,Thermal Coal,Energy,Mr. Gautambhai Shantilal Adani S.Y. B.Com,"Ahmedabad, India",https://www.adanienterprises.com,2311.75,2238.85,2668245024768,77.16122,29.96,0.00059999997,3743.9,2025.0
2023-12-27 00:00:00+05:30,2879.538654084359,2314.95,2213.75,2842.203857421875,1376164,0.0,0.0,ADANIENT.NS,Adani Enterprises Limited,Thermal Coal,Energy,Mr. Gautambhai Shantilal Adani S.Y. B.Com,"Ahmedabad, India",https://www.adanienterprises.com,2311.75,2238.85,2668245024768,77.16122,29.96,0.00059999997,3743.9,2025.0
2023-12-28 00:00:00+05:30,2853.8492534330785,2314.95,2213.75,2808.767333984375,1376164,0.0,0.0,ADANIENT.NS,Adani Enterprises Limited,Thermal Coal,Energy,Mr. Gautambhai Shantilal Adani S.Y. B.Com,"Ahmedabad, India",https://www.adanienterprises.com,2311.75,2238.85,2668245024768,77.16122,29.96,0.00059999997,3743.9,2025.0
2023-12-29 00:00:00+05:30,2822.7615627450623,2314.95,2213.75,2847.801513671875,1376164,0.0,0.0,ADANIENT.NS,Adani Enterprises Limited,Thermal Coal,Energy,Mr. Gautambhai Shantilal Adani S.Y. B.Com,"Ahmedabad, India",https://www.adanienterprises.com,2311.75,2238.85,2668245024768,77.16122,29.96,0.00059999997,3743.9,2025.0
2024-01-01 00:00:00+05:30,2851.150186859371,2314.95,2213.75,2916.02392578125,1376164,0.0,0.0,ADANIENT.NS,Adani Enterprises Limited,Thermal Coal,Energy,Mr. Gautambhai Shantilal Adani S.Y. B.Com,"Ahmedabad, India",https://www.adanienterprises.com,2311.75,2238.85,2668245024768,77.16122,29.96,0.00059999997,3743.9,2025.0
2024-01-02 00:00:00+05:30,2920.822063572809,2314.95,2213.75,2931.2177734375,1376164,0.0,0.0,ADANIENT.NS,Adani Enterprises Limited,Thermal Coal,Energy,Mr. Gautambhai Shantilal Adani S.Y. B.Com,"Ahmedabad, India",https://www.adanienterprises.com,2311.75,2238.85,2668245024768,77.16122,29.96,0.00059999997,3743.9,2025.0
2024-01-03 00:00:00+05:30,3045.771815261561,2314.95,2213.75,3001.78955078125,1376164,0.0,0.0,ADANIENT.NS,Adani Enterprises Limited,Thermal Coal,Energy,Mr. Gautambhai Shantilal Adani S.Y. B.Com,"Ahmedabad, India",https://www.adanienterprises.com,2311.75,2238.85,2668245024768,77.16122,29.96,0.00059999997,3743.9,2025.0
2024-01-04 00:00:00+05:30,3038.174593038314,2314.95,2213.75,2997.09130859375,1376164,0.0,0.0,ADANIENT.NS,Adani Enterprises Limited,Thermal Coal,Energy,Mr. Gautambhai Shantilal Adani S.Y. B.Com,"Ahmedabad, India",https://www.adanienterprises.com,2311.75,2238.85,2668245024768,77.16122,29.96,0.00059999997,3743.9,2025.0
2024-01-05 00:00:00+05:30,3008.7366868351614,2314.95,2213.75,3005.38818359375,1376164,0.0,0.0,ADANIENT.NS,Adani Enterprises Limited,Thermal Coal,Energy,Mr. Gautambhai Shantilal Adani S.Y. B.Com,"Ahmedabad, India",https://www.adanienterprises.com,2311.75,2238.85,2668245024768,77.16122,29.96,0.00059999997,3743.9,2025.0
2024-01-08 00:00:00+05:30,3018.782644900983,2314.95,2213.75,2962.305419921875,1376164,0.0,0.0,ADANIENT.NS,Adani Enterprises Limited,Thermal Coal,Energy,Mr. Gautambhai Shantilal Adani S.Y. B.Com,"Ahmedabad, India",https://www.adanienterprises.com,2311.75,2238.85,2668245024768,77.16122,29.96,0.00059999997,3743.9,2025.0
2024-01-09 00:00:00+05:30,2989.4944966580288,2314.95,2213.75,3013.385009765625,1376164,0.0,0.0,ADANIENT.NS,Adani Enterprises Limited,Thermal Coal,Energy,Mr. Gautambhai Shantilal Adani S.Y. B.Com,"Ahmedabad, India",https://www.adanienterprises.com,2311.75,2238.85,2668245024768,77.16122,29.96,0.00059999997,3743.9,2025.0
2024-01-10 00:00:00+05:30,3022.780889892671,2314.95,2213.75,3096.950927734375,1376164,0.0,0.0,ADANIENT.NS,Adani Enterprises Limited,Thermal Coal,Energy,Mr. Gautambhai Shantilal Adani S.Y. B.Com,"Ahmedabad, India",https://www.adanienterprises.com,2311.75,2238.85,2668245024768,77.16122,29.96,0.00059999997,3743.9,2025.0
2024-01-11 00:00:00+05:30,3118.742294977418,2314.95,2213.75,3079.657958984375,1376164,0.0,0.0,ADANIENT.NS,Adani Enterprises Limited,Thermal Coal,Energy,Mr. Gautambhai Shantilal Adani S.Y. B.Com,"Ahmedabad, India",https://www.adanienterprises.com,2311.75,2238.85,2668245024768,77.16122,29.96,0.00059999997,3743.9,2025.0
2024-01-12 00:00:00+05:30,3095.1020008731484,2314.95,2213.75,3102.848876953125,1376164,0.0,0.0,ADANIENT.NS,Adani Enterprises Limited,Thermal Coal,Energy,Mr. Gautambhai Shantilal Adani S.Y. B.Com,"Ahmedabad, India",https://www.adanienterprises.com,2311.75,2238.85,2668245024768,77.16122,29.96,0.00059999997,3743.9,2025.0
2024-01-15 00:00:00+05:30,3125.739522617561,2314.95,2213.75,3088.254638671875,1376164,0.0,0.0,ADANIENT.NS,Adani Enterprises Limited,Thermal Coal,Energy,Mr. Gautambhai Shantilal Adani S.Y. B.Com,"Ahmedabad, India",https://www.adanienterprises.com,2311.75,2238.85,2668245024768,77.16122,29.96,0.00059999997,3743.9,2025.0
2024-01-16 00:00:00+05:30,3093.7523016234613,2314.95,2213.75,3055.267822265625,1376164,0.0,0.0,ADANIENT.NS,Adani Enterprises Limited,Thermal Coal,Energy,Mr. Gautambhai Shantilal Adani S.Y. B.Com,"Ahmedabad, India",https://www.adanienterprises.com,2311.75,2238.85,2668245024768,77.16122,29.96,0.00059999997,3743.9,2025.0
2024-01-17 00:00:00+05:30,3031.7772714905664,2314.95,2213.75,2969.852294921875,1376164,0.0,0.0,ADANIENT.NS,Adani Enterprises Limited,Thermal Coal,Energy,Mr. Gautambhai Shantilal Adani S.Y. B.Com,"Ahmedabad, India",https://www.adanienterprises.com,2311.75,2238.85,2668245024768,77.16122,29.96,0.00059999997,3743.9,2025.0
2024-01-18 00:00:00+05:30,2974.3507013236135,2314.95,2213.75,2917.723388671875,1376164,0.0,0.0,ADANIENT.NS,Adani Enterprises Limited,Thermal Coal,Energy,Mr. Gautambhai Shantilal Adani S.Y. B.Com,"Ahmedabad, India",https://www.adanienterprises.com,2311.75,2238.85,2668245024768,77.16122,29.96,0.00059999997,3743.9,2025.0
2024-01-19 00:00:00+05:30,2944.1628325948654,2314.95,2213.75,2914.474609375,1376164,0.0,0.0,ADANIENT.NS,Adani Enterprises Limited,Thermal Coal,Energy,Mr. Gautambhai Shantilal Adani S.Y. B.Com,"Ahmedabad, India",https://www.adanienterprises.com,2311.75,2238.85,2668245024768,77.16122,29.96,0.00059999997,3743.9,2025.0
2024-01-23 00:00:00+05:30,3013.7344944407055,2314.95,2213.75,2895.38232421875,1376164,0.0,0.0,ADANIENT.NS,Adani Enterprises Limited,Thermal Coal,Energy,Mr. Gautambhai Shantilal Adani S.Y. B.Com,"Ahmedabad, India",https://www.adanienterprises.com,2311.75,2238.85,2668245024768,77.16122,29.96,0.00059999997,3743.9,2025.0
2024-01-24 00:00:00+05:30,2899.8305774439436,2314.95,2213.75,2902.279541015625,1376164,0.0,0.0,ADANIENT.NS,Adani Enterprises Limited,Thermal Coal,Energy,Mr. Gautambhai Shantilal Adani S.Y. B.Com,"Ahmedabad, India",https://www.adanienterprises.com,2311.75,2238.85,2668245024768,77.16122,29.96,0.00059999997,3743.9,2025.0
2024-01-25 00:00:00+05:30,2902.279476470693,2314.95,2213.75,2892.43359375,1376164,0.0,0.0,ADANIENT.NS,Adani Enterprises Limited,Thermal Coal,Energy,Mr. Gautambhai Shantilal Adani S.Y. B.Com,"Ahmedabad, India",https://www.adanienterprises.com,2311.75,2238.85,2668245024768,77.16122,29.96,0.00059999997,3743.9,2025.0
2024-01-29 00:00:00+05:30,2927.8193285230413,2314.95,2213.75,3063.41455078125,1376164,0.0,0.0,ADANIENT.NS,Adani Enterprises Limited,Thermal Coal,Energy,Mr. Gautambhai Shantilal Adani S.Y. B.Com,"Ahmedabad, India",https://www.adanienterprises.com,2311.75,2238.85,2668245024768,77.16122,29.96,0.00059999997,3743.9,2025.0
2024-01-30 00:00:00+05:30,3079.7579778323384,2314.95,2213.75,3089.85400390625,1376164,0.0,0.0,ADANIENT.NS,Adani Enterprises Limited,Thermal Coal,Energy,Mr. Gautambhai Shantilal Adani S.Y. B.Com,"Ahmedabad, India",https://www.adanienterprises.com,2311.75,2238.85,2668245024768,77.16122,29.96,0.00059999997,3743.9,2025.0
2024-01-31 00:00:00+05:30,3091.5032520743407,2314.95,2213.75,3140.7333984375,1376164,0.0,0.0,ADANIENT.NS,Adani Enterprises Limited,Thermal Coal,Energy,Mr. Gautambhai Shantilal Adani S.Y. B.Com,"Ahmedabad, India",https://www.adanienterprises.com,2311.75,2238.85,2668245024768,77.16122,29.96,0.00059999997,3743.9,2025.0
2024-02-01 00:00:00+05:30,3155.627291539325,2314.95,2213.75,3152.228759765625,1376164,0.0,0.0,ADANIENT.NS,Adani Enterprises Limited,Thermal Coal,Energy,Mr. Gautambhai Shantilal Adani S.Y. B.Com,"Ahmedabad, India",https://www.adanienterprises.com,2311.75,2238.85,2668245024768,77.16122,29.96,0.00059999997,3743.9,2025.0
2024-02-02 00:00:00+05:30,3183.666161392428,2314.95,2213.75,3156.17724609375,1376164,0.0,0.0,ADANIENT.NS,Adani Enterprises Limited,Thermal Coal,Energy,Mr. Gautambhai Shantilal Adani S.Y. B.Com,"Ahmedabad, India",https://www.adanienterprises.com,2311.75,2238.85,2668245024768,77.16122,29.96,0.00059999997,3743.9,2025.0
2024-02-05 00:00:00+05:30,3168.7220938864175,2314.95,2213.75,3172.170654296875,1376164,0.0,0.0,ADANIENT.NS,Adani Enterprises Limited,Thermal Coal,Energy,Mr. Gautambhai Shantilal Adani S.Y. B.Com,"Ahmedabad, India",https://www.adanienterprises.com,2311.75,2238.85,2668245024768,77.16122,29.96,0.00059999997,3743.9,2025.0
2024-02-06 00:00:00+05:30,3182.616400459712,2314.95,2213.75,3202.45849609375,1376164,0.0,0.0,ADANIENT.NS,Adani Enterprises Limited,Thermal Coal,Energy,Mr. Gautambhai Shantilal Adani S.Y. B.Com,"Ahmedabad, India",https://www.adanienterprises.com,2311.75,2238.85,2668245024768,77.16122,29.96,0.00059999997,3743.9,2025.0
2024-02-07 00:00:00+05:30,3218.7519974245083,2314.95,2213.75,3228.548095703125,1376164,0.0,0.0,ADANIENT.NS,Adani Enterprises Limited,Thermal Coal,Energy,Mr. Gautambhai Shantilal Adani S.Y. B.Com,"Ahmedabad, India",https://www.adanienterprises.com,2311.75,2238.85,2668245024768,77.16122,29.96,0.00059999997,3743.9,2025.0
2024-02-08 00:00:00+05:30,3244.2917132366424,2314.95,2213.75,3167.32275390625,1376164,0.0,0.0,ADANIENT.NS,Adani Enterprises Limited,Thermal Coal,Energy,Mr. Gautambhai Shantilal Adani S.Y. B.Com,"Ahmedabad, India",https://www.adanienterprises.com,2311.75,2238.85,2668245024768,77.16122,29.96,0.00059999997,3743.9,2025.0
2024-02-09 00:00:00+05:30,3183.1662048318944,2314.95,2213.75,3213.90380859375,1376164,0.0,0.0,ADANIENT.NS,Adani Enterprises Limited,Thermal Coal,Energy,Mr. Gautambhai Shantilal Adani S.Y. B.Com,"Ahmedabad, India",https://www.adanienterprises.com,2311.75,2238.85,2668245024768,77.16122,29.96,0.00059999997,3743.9,2025.0
2024-02-12 00:00:00+05:30,3227.698282315985,2314.95,2213.75,3168.47216796875,1376164,0.0,0.0,ADANIENT.NS,Adani Enterprises Limited,Thermal Coal,Energy,Mr. Gautambhai Shantilal Adani S.Y. B.Com,"Ahmedabad, India",https://www.adanienterprises.com,2311.75,2238.85,2668245024768,77.16122,29.96,0.00059999997,3743.9,2025.0
2024-02-13 00:00:00+05:30,3178.7181251671127,2314.95,2213.75,3177.168701171875,1376164,0.0,0.0,ADANIENT.NS,Adani Enterprises Limited,Thermal Coal,Energy,Mr. Gautambhai Shantilal Adani S.Y. B.Com,"Ahmedabad, India",https://www.adanienterprises.com,2311.75,2238.85,2668245024768,77.16122,29.96,0.00059999997,3743.9,2025.0
2024-02-14 00:00:00+05:30,3182.7166265842743,2314.95,2213.75,3205.9072265625,1376164,0.0,0.0,ADANIENT.NS,Adani Enterprises Limited,Thermal Coal,Energy,Mr. Gautambhai Shantilal Adani S.Y. B.Com,"Ahmedabad, India",https://www.adanienterprises.com,2311.75,2238.85,2668245024768,77.16122,29.96,0.00059999997,3743.9,2025.0
2024-02-15 00:00:00+05:30,3218.552243914741,2314.95,2213.75,3192.5126953125,1376164,0.0,0.0,ADANIENT.NS,Adani Enterprises Limited,Thermal Coal,Energy,Mr. Gautambhai Shantilal Adani S.Y. B.Com,"Ahmedabad, India",https://www.adanienterprises.com,2311.75,2238.85,2668245024768,77.16122,29.96,0.00059999997,3743.9,2025.0
2024-02-16 00:00:00+05:30,3212.7043096317393,2314.95,2213.75,3222.300537109375,1376164,0.0,0.0,ADANIENT.NS,Adani Enterprises Limited,Thermal Coal,Energy,Mr. Gautambhai Shantilal Adani S.Y. B.Com,"Ahmedabad, India",https://www.adanienterprises.com,2311.75,2238.85,2668245024768,77.16122,29.96,0.00059999997,3743.9,2025.0
2024-02-19 00:00:00+05:30,3238.693858164248,2314.95,2213.75,3257.486328125,1376164,0.0,0.0,ADANIENT.NS,Adani Enterprises Limited,Thermal Coal,Energy,Mr. Gautambhai Shantilal Adani S.Y. B.Com,"Ahmedabad, India",https://www.adanienterprises.com,2311.75,2238.85,2668245024768,77.16122,29.96,0.00059999997,3743.9,2025.0
2024-02-20 00:00:00+05:30,3265.6830065547288,2314.95,2213.75,3227.298583984375,1376164,0.0,0.0,ADANIENT.NS,Adani Enterprises Limited,Thermal Coal,Energy,Mr. Gautambhai Shantilal Adani S.Y. B.Com,"Ahmedabad, India",https://www.adanienterprises.com,2311.75,2238.85,2668245024768,77.16122,29.96,0.00059999997,3743.9,2025.0
2024-02-21 00:00:00+05:30,3236.694717489708,2314.95,2213.75,3221.900634765625,1376164,0.0,0.0,ADANIENT.NS,Adani Enterprises Limited,Thermal Coal,Energy,Mr. Gautambhai Shantilal Adani S.Y. B.Com,"Ahmedabad, India",https://www.adanienterprises.com,2311.75,2238.85,2668245024768,77.16122,29.96,0.00059999997,3743.9,2025.0
2024-02-22 00:00:00+05:30,3237.6942655815706,2314.95,2213.75,3261.734619140625,1376164,0.0,0.0,ADANIENT.NS,Adani Enterprises Limited,Thermal Coal,Energy,Mr. Gautambhai Shantilal Adani S.Y. B.Com,"Ahmedabad, India",https://www.adanienterprises.com,2311.75,2238.85,2668245024768,77.16122,29.96,0.00059999997,3743.9,2025.0
2024-02-23 00:00:00+05:30,3261.7346008783106,2314.95,2213.75,3271.98046875,1376164,0.0,0.0,ADANIENT.NS,Adani Enterprises Limited,Thermal Coal,Energy,Mr. Gautambhai Shantilal Adani S.Y. B.Com,"Ahmedabad, India",https://www.adanienterprises.com,2311.75,2238.85,2668245024768,77.16122,29.96,0.00059999997,3743.9,2025.0
2024-02-26 00:00:00+05:30,3270.6809223809255,2314.95,2213.75,3326.408447265625,1376164,0.0,0.0,ADANIENT.NS,Adani Enterprises Limited,Thermal Coal,Energy,Mr. Gautambhai Shantilal Adani S.Y. B.Com,"Ahmedabad, India",https://www.adanienterprises.com,2311.75,2238.85,2668245024768,77.16122,29.96,0.00059999997,3743.9,2025.0
2024-02-27 00:00:00+05:30,3337.653905847021,2314.95,2213.75,3300.96875,1376164,0.0,0.0,ADANIENT.NS,Adani Enterprises Limited,Thermal Coal,Energy,Mr. Gautambhai Shantilal Adani S.Y. B.Com,"Ahmedabad, India",https://www.adanienterprises.com,2311.75,2238.85,2668245024768,77.16122,29.96,0.00059999997,3743.9,2025.0
2024-02-28 00:00:00+05:30,3307.865983350468,2314.95,2213.75,3217.702392578125,1376164,0.0,0.0,ADANIENT.NS,Adani Enterprises Limited,Thermal Coal,Energy,Mr. Gautambhai Shantilal Adani S.Y. B.Com,"Ahmedabad, India",https://www.adanienterprises.com,2311.75,2238.85,2668245024768,77.16122,29.96,0.00059999997,3743.9,2025.0
2024-02-29 00:00:00+05:30,3218.7519308143683,2314.95,2213.75,3284.075439453125,1376164,0.0,0.0,ADANIENT.NS,Adani Enterprises Limited,Thermal Coal,Energy,Mr. Gautambhai Shantilal Adani S.Y. B.Com,"Ahmedabad, India",https://www.adanienterprises.com,2311.75,2238.85,2668245024768,77.16122,29.96,0.00059999997,3743.9,2025.0
2024-03-01 00:00:00+05:30,3308.5157948567594,2314.95,2213.75,3317.412109375,1376164,0.0,0.0,ADANIENT.NS,Adani Enterprises Limited,Thermal Coal,Energy,Mr. Gautambhai Shantilal Adani S.Y. B.Com,"Ahmedabad, India",https://www.adanienterprises.com,2311.75,2238.85,2668245024768,77.16122,29.96,0.00059999997,3743.9,2025.0
2024-03-04 00:00:00+05:30,3333.6556463413754,2314.95,2213.75,3315.812744140625,1376164,0.0,0.0,ADANIENT.NS,Adani Enterprises Limited,Thermal Coal,Energy,Mr. Gautambhai Shantilal Adani S.Y. B.Com,"Ahmedabad, India",https://www.adanienterprises.com,2311.75,2238.85,2668245024768,77.16122,29.96,0.00059999997,3743.9,2025.0
2024-03-05 00:00:00+05:30,3323.9594887246735,2314.95,2213.75,3308.865478515625,1376164,0.0,0.0,ADANIENT.NS,Adani Enterprises Limited,Thermal Coal,Energy,Mr. Gautambhai Shantilal Adani S.Y. B.Com,"Ahmedabad, India",https://www.adanienterprises.com,2311.75,2238.85,2668245024768,77.16122,29.96,0.00059999997,3743.9,2025.0
2024-03-06 00:00:00+05:30,3321.6603900769264,2314.95,2213.75,3232.646240234375,1376164,0.0,0.0,ADANIENT.NS,Adani Enterprises Limited,Thermal Coal,Energy,Mr. Gautambhai Shantilal Adani S.Y. B.Com,"Ahmedabad, India",https://www.adanienterprises.com,2311.75,2238.85,2668245024768,77.16122,29.96,0.00059999997,3743.9,2025.0
2024-03-07 00:00:00+05:30,3238.69404157053,2314.95,2213.75,3225.24951171875,1376164,0.0,0.0,ADANIENT.NS,Adani Enterprises Limited,Thermal Coal,Energy,Mr. Gautambhai Shantilal Adani S.Y. B.Com,"Ahmedabad, India",https://www.adanienterprises.com,2311.75,2238.85,2668245024768,77.16122,29.96,0.00059999997,3743.9,2025.0
2024-03-11 00:00:00+05:30,3239.8933366390775,2314.95,2213.75,3206.05712890625,1376164,0.0,0.0,ADANIENT.NS,Adani Enterprises Limited,Thermal Coal,Energy,Mr. Gautambhai Shantilal Adani S.Y. B.Com,"Ahmedabad, India",https://www.adanienterprises.com,2311.75,2238.85,2668245024768,77.16122,29.96,0.00059999997,3743.9,2025.0
2024-03-12 00:00:00+05:30,3206.057102548952,2314.95,2213.75,3121.2412109375,1376164,0.0,0.0,ADANIENT.NS,Adani Enterprises Limited,Thermal Coal,Energy,Mr. Gautambhai Shantilal Adani S.Y. B.Com,"Ahmedabad, India",https://www.adanienterprises.com,2311.75,2238.85,2668245024768,77.16122,29.96,0.00059999997,3743.9,2025.0
2024-03-13 00:00:00+05:30,3123.740422697131,2314.95,2213.75,2905.028564453125,1376164,0.0,0.0,ADANIENT.NS,Adani Enterprises Limited,Thermal Coal,Energy,Mr. Gautambhai Shantilal Adani S.Y. B.Com,"Ahmedabad, India",https://www.adanienterprises.com,2311.75,2238.85,2668245024768,77.16122,29.96,0.00059999997,3743.9,2025.0
2024-03-14 00:00:00+05:30,2926.2698222990343,2314.95,2213.75,3086.205322265625,1376164,0.0,0.0,ADANIENT.NS,Adani Enterprises Limited,Thermal Coal,Energy,Mr. Gautambhai Shantilal Adani S.Y. B.Com,"Ahmedabad, India",https://www.adanienterprises.com,2311.75,2238.85,2668245024768,77.16122,29.96,0.00059999997,3743.9,2025.0
2024-03-15 00:00:00+05:30,3109.745851101965,2314.95,2213.75,3130.937255859375,1376164,0.0,0.0,ADANIENT.NS,Adani Enterprises Limited,Thermal Coal,Energy,Mr. Gautambhai Shantilal Adani S.Y. B.Com,"Ahmedabad, India",https://www.adanienterprises.com,2311.75,2238.85,2668245024768,77.16122,29.96,0.00059999997,3743.9,2025.0
2024-03-18 00:00:00+05:30,3048.870555153714,2314.95,2213.75,3110.49560546875,1376164,0.0,0.0,ADANIENT.NS,Adani Enterprises Limited,Thermal Coal,Energy,Mr. Gautambhai Shantilal Adani S.Y. B.Com,"Ahmedabad, India",https://www.adanienterprises.com,2311.75,2238.85,2668245024768,77.16122,29.96,0.00059999997,3743.9,2025.0
2024-03-19 00:00:00+05:30,3124.7399857915866,2314.95,2213.75,3051.469482421875,1376164,0.0,0.0,ADANIENT.NS,Adani Enterprises Limited,Thermal Coal,Energy,Mr. Gautambhai Shantilal Adani S.Y. B.Com,"Ahmedabad, India",https://www.adanienterprises.com,2311.75,2238.85,2668245024768,77.16122,29.96,0.00059999997,3743.9,2025.0
2024-03-20 00:00:00+05:30,3073.76052696196,2314.95,2213.75,3050.219970703125,1376164,0.0,0.0,ADANIENT.NS,Adani Enterprises Limited,Thermal Coal,Energy,Mr. Gautambhai Shantilal Adani S.Y. B.Com,"Ahmedabad, India",https://www.adanienterprises.com,2311.75,2238.85,2668245024768,77.16122,29.96,0.00059999997,3743.9,2025.0
2024-03-21 00:00:00+05:30,3088.3046735356806,2314.95,2213.75,3065.263916015625,1376164,0.0,0.0,ADANIENT.NS,Adani Enterprises Limited,Thermal Coal,Energy,Mr. Gautambhai Shantilal Adani S.Y. B.Com,"Ahmedabad, India",https://www.adanienterprises.com,2311.75,2238.85,2668245024768,77.16122,29.96,0.00059999997,3743.9,2025.0
2024-03-22 00:00:00+05:30,3065.313950432111,2314.95,2213.75,3106.447265625,1376164,0.0,0.0,ADANIENT.NS,Adani Enterprises Limited,Thermal Coal,Energy,Mr. Gautambhai Shantilal Adani S.Y. B.Com,"Ahmedabad, India",https://www.adanienterprises.com,2311.75,2238.85,2668245024768,77.16122,29.96,0.00059999997,3743.9,2025.0
2024-03-26 00:00:00+05:30,3099.250147291389,2314.95,2213.75,3108.6962890625,1376164,0.0,0.0,ADANIENT.NS,Adani Enterprises Limited,Thermal Coal,Energy,Mr. Gautambhai Shantilal Adani S.Y. B.Com,"Ahmedabad, India",https://www.adanienterprises.com,2311.75,2238.85,2668245024768,77.16122,29.96,0.00059999997,3743.9,2025.0
2024-03-27 00:00:00+05:30,3113.744317187465,2314.95,2213.75,3120.841552734375,1376164,0.0,0.0,ADANIENT.NS,Adani Enterprises Limited,Thermal Coal,Energy,Mr. Gautambhai Shantilal Adani S.Y. B.Com,"Ahmedabad, India",https://www.adanienterprises.com,2311.75,2238.85,2668245024768,77.16122,29.96,0.00059999997,3743.9,2025.0
2024-03-28 00:00:00+05:30,3132.7366186184654,2314.95,2213.75,3195.811279296875,1376164,0.0,0.0,ADANIENT.NS,Adani Enterprises Limited,Thermal Coal,Energy,Mr. Gautambhai Shantilal Adani S.Y. B.Com,"Ahmedabad, India",https://www.adanienterprises.com,2311.75,2238.85,2668245024768,77.16122,29.96,0.00059999997,3743.9,2025.0
2024-04-01 00:00:00+05:30,3228.8977447297193,2314.95,2213.75,3250.7890625,1376164,0.0,0.0,ADANIENT.NS,Adani Enterprises Limited,Thermal Coal,Energy,Mr. Gautambhai Shantilal Adani S.Y. B.Com,"Ahmedabad, India",https://www.adanienterprises.com,2311.75,2238.85,2668245024768,77.16122,29.96,0.00059999997,3743.9,2025.0
2024-04-02 00:00:00+05:30,3257.6362745999286,2314.95,2213.75,3267.432373046875,1376164,0.0,0.0,ADANIENT.NS,Adani Enterprises Limited,Thermal Coal,Energy,Mr. Gautambhai Shantilal Adani S.Y. B.Com,"Ahmedabad, India",https://www.adanienterprises.com,2311.75,2238.85,2668245024768,77.16122,29.96,0.00059999997,3743.9,2025.0
2024-04-03 00:00:00+05:30,3248.689861555362,2314.95,2213.75,3232.146484375,1376164,0.0,0.0,ADANIENT.NS,Adani Enterprises Limited,Thermal Coal,Energy,Mr. Gautambhai Shantilal Adani S.Y. B.Com,"Ahmedabad, India",https://www.adanienterprises.com,2311.75,2238.85,2668245024768,77.16122,29.96,0.00059999997,3743.9,2025.0
2024-04-04 00:00:00+05:30,3248.690010072664,2314.95,2213.75,3209.505859375,1376164,0.0,0.0,ADANIENT.NS,Adani Enterprises Limited,Thermal Coal,Energy,Mr. Gautambhai Shantilal Adani S.Y. B.Com,"Ahmedabad, India",https://www.adanienterprises.com,2311.75,2238.85,2668245024768,77.16122,29.96,0.00059999997,3743.9,2025.0
2024-04-05 00:00:00+05:30,3209.8055718389155,2314.95,2213.75,3223.5,1376164,0.0,0.0,ADANIENT.NS,Adani Enterprises Limited,Thermal Coal,Energy,Mr. Gautambhai Shantilal Adani S.Y. B.Com,"Ahmedabad, India",https://www.adanienterprises.com,2311.75,2238.85,2668245024768,77.16122,29.96,0.00059999997,3743.9,2025.0
2024-04-08 00:00:00+05:30,3239.643535741909,2314.95,2213.75,3223.250244140625,1376164,0.0,0.0,ADANIENT.NS,Adani Enterprises Limited,Thermal Coal,Energy,Mr. Gautambhai Shantilal Adani S.Y. B.Com,"Ahmedabad, India",https://www.adanienterprises.com,2311.75,2238.85,2668245024768,77.16122,29.96,0.00059999997,3743.9,2025.0
2024-04-09 00:00:00+05:30,3239.3936134047985,2314.95,2213.75,3197.16064453125,1376164,0.0,0.0,ADANIENT.NS,Adani Enterprises Limited,Thermal Coal,Energy,Mr. Gautambhai Shantilal Adani S.Y. B.Com,"Ahmedabad, India",https://www.adanienterprises.com,2311.75,2238.85,2668245024768,77.16122,29.96,0.00059999997,3743.9,2025.0
2024-04-10 00:00:00+05:30,3198.7100458821715,2314.95,2213.75,3240.693115234375,1376164,0.0,0.0,ADANIENT.NS,Adani Enterprises Limited,Thermal Coal,Energy,Mr. Gautambhai Shantilal Adani S.Y. B.Com,"Ahmedabad, India",https://www.adanienterprises.com,2311.75,2238.85,2668245024768,77.16122,29.96,0.00059999997,3743.9,2025.0
2024-04-12 00:00:00+05:30,3208.706014337054,2314.95,2213.75,3208.60595703125,1376164,0.0,0.0,ADANIENT.NS,Adani Enterprises Limited,Thermal Coal,Energy,Mr. Gautambhai Shantilal Adani S.Y. B.Com,"Ahmedabad, India",https://www.adanienterprises.com,2311.75,2238.85,2668245024768,77.16122,29.96,0.00059999997,3743.9,2025.0
2024-04-15 00:00:00+05:30,3148.7301731971606,2314.95,2213.75,3146.18115234375,1376164,0.0,0.0,ADANIENT.NS,Adani Enterprises Limited,Thermal Coal,Energy,Mr. Gautambhai Shantilal Adani S.Y. B.Com,"Ahmedabad, India",https://www.adanienterprises.com,2311.75,2238.85,2668245024768,77.16122,29.96,0.00059999997,3743.9,2025.0
2024-04-16 00:00:00+05:30,3099.7499794479863,2314.95,2213.75,3105.147705078125,1376164,0.0,0.0,ADANIENT.NS,Adani Enterprises Limited,Thermal Coal,Energy,Mr. Gautambhai Shantilal Adani S.Y. B.Com,"Ahmedabad, India",https://www.adanienterprises.com,2311.75,2238.85,2668245024768,77.16122,29.96,0.00059999997,3743.9,2025.0
2024-04-18 00:00:00+05:30,3123.8901946136075,2314.95,2213.75,3018.0830078125,1376164,0.0,0.0,ADANIENT.NS,Adani Enterprises Limited,Thermal Coal,Energy,Mr. Gautambhai Shantilal Adani S.Y. B.Com,"Ahmedabad, India",https://www.adanienterprises.com,2311.75,2238.85,2668245024768,77.16122,29.96,0.00059999997,3743.9,2025.0
2024-04-19 00:00:00+05:30,2998.790649138473,2314.95,2213.75,3025.729736328125,1376164,0.0,0.0,ADANIENT.NS,Adani Enterprises Limited,Thermal Coal,Energy,Mr. Gautambhai Shantilal Adani S.Y. B.Com,"Ahmedabad, India",https://www.adanienterprises.com,2311.75,2238.85,2668245024768,77.16122,29.96,0.00059999997,3743.9,2025.0
2024-04-22 00:00:00+05:30,3051.7693089338563,2314.95,2213.75,3062.115234375,1376164,0.0,0.0,ADANIENT.NS,Adani Enterprises Limited,Thermal Coal,Energy,Mr. Gautambhai Shantilal Adani S.Y. B.Com,"Ahmedabad, India",https://www.adanienterprises.com,2311.75,2238.85,2668245024768,77.16122,29.96,0.00059999997,3743.9,2025.0
2024-04-23 00:00:00+05:30,3057.766863353419,2314.95,2213.75,3063.864501953125,1376164,0.0,0.0,ADANIENT.NS,Adani Enterprises Limited,Thermal Coal,Energy,Mr. Gautambhai Shantilal Adani S.Y. B.Com,"Ahmedabad, India",https://www.adanienterprises.com,2311.75,2238.85,2668245024768,77.16122,29.96,0.00059999997,3743.9,2025.0
2024-04-24 00:00:00+05:30,3070.7116969820954,2314.95,2213.75,3042.3232421875,1376164,0.0,0.0,ADANIENT.NS,Adani Enterprises Limited,Thermal Coal,Energy,Mr. Gautambhai Shantilal Adani S.Y. B.Com,"Ahmedabad, India",https://www.adanienterprises.com,2311.75,2238.85,2668245024768,77.16122,29.96,0.00059999997,3743.9,2025.0
2024-04-25 00:00:00+05:30,3048.7704450385204,2314.95,2213.75,3113.994140625,1376164,0.0,0.0,ADANIENT.NS,Adani Enterprises Limited,Thermal Coal,Energy,Mr. Gautambhai Shantilal Adani S.Y. B.Com,"Ahmedabad, India",https://www.adanienterprises.com,2311.75,2238.85,2668245024768,77.16122,29.96,0.00059999997,3743.9,2025.0
2024-04-26 00:00:00+05:30,3118.642280802998,2314.95,2213.75,3079.158203125,1376164,0.0,0.0,ADANIENT.NS,Adani Enterprises Limited,Thermal Coal,Energy,Mr. Gautambhai Shantilal Adani S.Y. B.Com,"Ahmedabad, India",https://www.adanienterprises.com,2311.75,2238.85,2668245024768,77.16122,29.96,0.00059999997,3743.9,2025.0
2024-04-29 00:00:00+05:30,3108.746448166667,2314.95,2213.75,3079.9580078125,1376164,0.0,0.0,ADANIENT.NS,Adani Enterprises Limited,Thermal Coal,Energy,Mr. Gautambhai Shantilal Adani S.Y. B.Com,"Ahmedabad, India",https://www.adanienterprises.com,2311.75,2238.85,2668245024768,77.16122,29.96,0.00059999997,3743.9,2025.0
2024-04-30 00:00:00+05:30,3092.752711605795,2314.95,2213.75,3053.468505859375,1376164,0.0,0.0,ADANIENT.NS,Adani Enterprises Limited,Thermal Coal,Energy,Mr. Gautambhai Shantilal Adani S.Y. B.Com,"Ahmedabad, India",https://www.adanienterprises.com,2311.75,2238.85,2668245024768,77.16122,29.96,0.00059999997,3743.9,2025.0
2024-05-02 00:00:00+05:30,3070.711568308293,2314.95,2213.75,3038.374755859375,1376164,0.0,0.0,ADANIENT.NS,Adani Enterprises Limited,Thermal Coal,Energy,Mr. Gautambhai Shantilal Adani S.Y. B.Com,"Ahmedabad, India",https://www.adanienterprises.com,2311.75,2238.85,2668245024768,77.16122,29.96,0.00059999997,3743.9,2025.0
2024-05-03 00:00:00+05:30,3028.778643549549,2314.95,2213.75,2992.04345703125,1376164,0.0,0.0,ADANIENT.NS,Adani Enterprises Limited,Thermal Coal,Energy,Mr. Gautambhai Shantilal Adani S.Y. B.Com,"Ahmedabad, India",https://www.adanienterprises.com,2311.75,2238.85,2668245024768,77.16122,29.96,0.00059999997,3743.9,2025.0
2024-05-06 00:00:00+05:30,2992.0435041937003,2314.95,2213.75,2873.4912109375,1376164,0.0,0.0,ADANIENT.NS,Adani Enterprises Limited,Thermal Coal,Energy,Mr. Gautambhai Shantilal Adani S.Y. B.Com,"Ahmedabad, India",https://www.adanienterprises.com,2311.75,2238.85,2668245024768,77.16122,29.96,0.00059999997,3743.9,2025.0
2024-05-07 00:00:00+05:30,2888.7848705759534,2314.95,2213.75,2834.806640625,1376164,0.0,0.0,ADANIENT.NS,Adani Enterprises Limited,Thermal Coal,Energy,Mr. Gautambhai Shantilal Adani S.Y. B.Com,"Ahmedabad, India",https://www.adanienterprises.com,2311.75,2238.85,2668245024768,77.16122,29.96,0.00059999997,3743.9,2025.0
2024-05-08 00:00:00+05:30,2848.8511765101994,2314.95,2213.75,2859.39697265625,1376164,0.0,0.0,ADANIENT.NS,Adani Enterprises Limited,Thermal Coal,Energy,Mr. Gautambhai Shantilal Adani S.Y. B.Com,"Ahmedabad, India",https://www.adanienterprises.com,2311.75,2238.85,2668245024768,77.16122,29.96,0.00059999997,3743.9,2025.0
2024-05-09 00:00:00+05:30,2863.645250207147,2314.95,2213.75,2765.53466796875,1376164,0.0,0.0,ADANIENT.NS,Adani Enterprises Limited,Thermal Coal,Energy,Mr. Gautambhai Shantilal Adani S.Y. B.Com,"Ahmedabad, India",https://www.adanienterprises.com,2311.75,2238.85,2668245024768,77.16122,29.96,0.00059999997,3743.9,2025.0
2024-05-10 00:00:00+05:30,2793.8231928684786,2314.95,2213.75,2796.122314453125,1376164,0.0,0.0,ADANIENT.NS,Adani Enterprises Limited,Thermal Coal,Energy,Mr. Gautambhai Shantilal Adani S.Y. B.Com,"Ahmedabad, India",https://www.adanienterprises.com,2311.75,2238.85,2668245024768,77.16122,29.96,0.00059999997,3743.9,2025.0
2024-05-13 00:00:00+05:30,2801.869992069415,2314.95,2213.75,2878.439208984375,1376164,0.0,0.0,ADANIENT.NS,Adani Enterprises Limited,Thermal Coal,Energy,Mr. Gautambhai Shantilal Adani S.Y. B.Com,"Ahmedabad, India",https://www.adanienterprises.com,2311.75,2238.85,2668245024768,77.16122,29.96,0.00059999997,3743.9,2025.0
2024-05-14 00:00:00+05:30,2893.783064694782,2314.95,2213.75,3036.32568359375,1376164,0.0,0.0,ADANIENT.NS,Adani Enterprises Limited,Thermal Coal,Energy,Mr. Gautambhai Shantilal Adani S.Y. B.Com,"Ahmedabad, India",https://www.adanienterprises.com,2311.75,2238.85,2668245024768,77.16122,29.96,0.00059999997,3743.9,2025.0
2024-05-15 00:00:00+05:30,3045.521717248212,2314.95,2213.75,3048.5205078125,1376164,0.0,0.0,ADANIENT.NS,Adani Enterprises Limited,Thermal Coal,Energy,Mr. Gautambhai Shantilal Adani S.Y. B.Com,"Ahmedabad, India",https://www.adanienterprises.com,2311.75,2238.85,2668245024768,77.16122,29.96,0.00059999997,3743.9,2025.0
2024-05-16 00:00:00+05:30,3063.764513470938,2314.95,2213.75,3040.423828125,1376164,0.0,0.0,ADANIENT.NS,Adani Enterprises Limited,Thermal Coal,Energy,Mr. Gautambhai Shantilal Adani S.Y. B.Com,"Ahmedabad, India",https://www.adanienterprises.com,2311.75,2238.85,2668245024768,77.16122,29.96,0.00059999997,3743.9,2025.0
2024-05-17 00:00:00+05:30,3039.824246239514,2314.95,2213.75,3059.266357421875,1376164,0.0,0.0,ADANIENT.NS,Adani Enterprises Limited,Thermal Coal,Energy,Mr. Gautambhai Shantilal Adani S.Y. B.Com,"Ahmedabad, India",https://www.adanienterprises.com,2311.75,2238.85,2668245024768,77.16122,29.96,0.00059999997,3743.9,2025.0
2024-05-21 00:00:00+05:30,3066.6633031934953,2314.95,2213.75,3116.243408203125,1376164,0.0,0.0,ADANIENT.NS,Adani Enterprises Limited,Thermal Coal,Energy,Mr. Gautambhai Shantilal Adani S.Y. B.Com,"Ahmedabad, India",https://www.adanienterprises.com,2311.75,2238.85,2668245024768,77.16122,29.96,0.00059999997,3743.9,2025.0
2024-05-22 00:00:00+05:30,3128.688271977863,2314.95,2213.75,3139.683837890625,1376164,0.0,0.0,ADANIENT.NS,Adani Enterprises Limited,Thermal Coal,Energy,Mr. Gautambhai Shantilal Adani S.Y. B.Com,"Ahmedabad, India",https://www.adanienterprises.com,2311.75,2238.85,2668245024768,77.16122,29.96,0.00059999997,3743.9,2025.0
2024-05-23 00:00:00+05:30,3155.427431495004,2314.95,2213.75,3385.9345703125,1376164,0.0,0.0,ADANIENT.NS,Adani Enterprises Limited,Thermal Coal,Energy,Mr. Gautambhai Shantilal Adani S.Y. B.Com,"Ahmedabad, India",https://www.adanienterprises.com,2311.75,2238.85,2668245024768,77.16122,29.96,0.00059999997,3743.9,2025.0
2024-05-24 00:00:00+05:30,3404.627012594164,2314.95,2213.75,3383.58544921875,1376164,0.0,0.0,ADANIENT.NS,Adani Enterprises Limited,Thermal Coal,Energy,Mr. Gautambhai Shantilal Adani S.Y. B.Com,"Ahmedabad, India",https://www.adanienterprises.com,2311.75,2238.85,2668245024768,77.16122,29.96,0.00059999997,3743.9,2025.0
2024-05-27 00:00:00+05:30,3356.6462761995317,2314.95,2213.75,3287.72412109375,1376164,0.0,0.0,ADANIENT.NS,Adani Enterprises Limited,Thermal Coal,Energy,Mr. Gautambhai Shantilal Adani S.Y. B.Com,"Ahmedabad, India",https://www.adanienterprises.com,2311.75,2238.85,2668245024768,77.16122,29.96,0.00059999997,3743.9,2025.0
2024-05-28 00:00:00+05:30,3308.315843056201,2314.95,2213.75,3242.742431640625,1376164,0.0,0.0,ADANIENT.NS,Adani Enterprises Limited,Thermal Coal,Energy,Mr. Gautambhai Shantilal Adani S.Y. B.Com,"Ahmedabad, India",https://www.adanienterprises.com,2311.75,2238.85,2668245024768,77.16122,29.96,0.00059999997,3743.9,2025.0
2024-05-29 00:00:00+05:30,3248.689826862286,2314.95,2213.75,3257.486328125,1376164,0.0,0.0,ADANIENT.NS,Adani Enterprises Limited,Thermal Coal,Energy,Mr. Gautambhai Shantilal Adani S.Y. B.Com,"Ahmedabad, India",https://www.adanienterprises.com,2311.75,2238.85,2668245024768,77.16122,29.96,0.00059999997,3743.9,2025.0
2024-05-30 00:00:00+05:30,3252.6883172032753,2314.95,2213.75,3192.96240234375,1376164,0.0,0.0,ADANIENT.NS,Adani Enterprises Limited,Thermal Coal,Energy,Mr. Gautambhai Shantilal Adani S.Y. B.Com,"Ahmedabad, India",https://www.adanienterprises.com,2311.75,2238.85,2668245024768,77.16122,29.96,0.00059999997,3743.9,2025.0
2024-05-31 00:00:00+05:30,3223.949779841536,2314.95,2213.75,3409.974853515625,1376164,0.0,0.0,ADANIENT.NS,Adani Enterprises Limited,Thermal Coal,Energy,Mr. Gautambhai Shantilal Adani S.Y. B.Com,"Ahmedabad, India",https://www.adanienterprises.com,2311.75,2238.85,2668245024768,77.16122,29.96,0.00059999997,3743.9,2025.0
2024-06-03 00:00:00+05:30,3723.498368555933,2314.95,2213.75,3643.780517578125,1376164,0.0,0.0,ADANIENT.NS,Adani Enterprises Limited,Thermal Coal,Energy,Mr. Gautambhai Shantilal Adani S.Y. B.Com,"Ahmedabad, India",https://www.adanienterprises.com,2311.75,2238.85,2668245024768,77.16122,29.96,0.00059999997,3743.9,2025.0
2024-06-04 00:00:00+05:30,3518.5811729706757,2314.95,2213.75,2940.064453125,1376164,0.0,0.0,ADANIENT.NS,Adani Enterprises Limited,Thermal Coal,Energy,Mr. Gautambhai Shantilal Adani S.Y. B.Com,"Ahmedabad, India",https://www.adanienterprises.com,2311.75,2238.85,2668245024768,77.16122,29.96,0.00059999997,3743.9,2025.0
2024-06-05 00:00:00+05:30,3028.7785469411247,2314.95,2213.75,3114.09423828125,1376164,0.0,0.0,ADANIENT.NS,Adani Enterprises Limited,Thermal Coal,Energy,Mr. Gautambhai Shantilal Adani S.Y. B.Com,"Ahmedabad, India",https://www.adanienterprises.com,2311.75,2238.85,2668245024768,77.16122,29.96,0.00059999997,3743.9,2025.0
2024-06-06 00:00:00+05:30,3182.716485411033,2314.95,2213.75,3184.36572265625,1376164,0.0,0.0,ADANIENT.NS,Adani Enterprises Limited,Thermal Coal,Energy,Mr. Gautambhai Shantilal Adani S.Y. B.Com,"Ahmedabad, India",https://www.adanienterprises.com,2311.75,2238.85,2668245024768,77.16122,29.96,0.00059999997,3743.9,2025.0
2024-06-07 00:00:00+05:30,3169.1218639829226,2314.95,2213.75,3218.252197265625,1376164,0.0,0.0,ADANIENT.NS,Adani Enterprises Limited,Thermal Coal,Energy,Mr. Gautambhai Shantilal Adani S.Y. B.Com,"Ahmedabad, India",https://www.adanienterprises.com,2311.75,2238.85,2668245024768,77.16122,29.96,0.00059999997,3743.9,2025.0
2024-06-10 00:00:00+05:30,3265.6829978778624,2314.95,2213.75,3218.802001953125,1376164,0.0,0.0,ADANIENT.NS,Adani Enterprises Limited,Thermal Coal,Energy,Mr. Gautambhai Shantilal Adani S.Y. B.Com,"Ahmedabad, India",https://www.adanienterprises.com,2311.75,2238.85,2668245024768,77.16122,29.96,0.00059999997,3743.9,2025.0
2024-06-11 00:00:00+05:30,3222.7003074068684,2314.95,2213.75,3219.951416015625,1376164,0.0,0.0,ADANIENT.NS,Adani Enterprises Limited,Thermal Coal,Energy,Mr. Gautambhai Shantilal Adani S.Y. B.Com,"Ahmedabad, India",https://www.adanienterprises.com,2311.75,2238.85,2668245024768,77.16122,29.96,0.00059999997,3743.9,2025.0
2024-06-12 00:00:00+05:30,3223.599936830754,2314.95,2213.75,3217.75244140625,1376164,0.0,0.0,ADANIENT.NS,Adani Enterprises Limited,Thermal Coal,Energy,Mr. Gautambhai Shantilal Adani S.Y. B.Com,"Ahmedabad, India",https://www.adanienterprises.com,2311.75,2238.85,2668245024768,77.16122,29.96,0.00059999997,3743.9,2025.0
2024-06-13 00:00:00+05:30,3228.697854858825,2314.95,2213.75,3223.5,1376164,0.0,0.0,ADANIENT.NS,Adani Enterprises Limited,Thermal Coal,Energy,Mr. Gautambhai Shantilal Adani S.Y. B.Com,"Ahmedabad, India",https://www.adanienterprises.com,2311.75,2238.85,2668245024768,77.16122,29.96,0.00059999997,3743.9,2025.0
2024-06-14 00:00:00+05:30,3225.0,2314.95,2213.75,3261.75,1376164,1.3,0.0,ADANIENT.NS,Adani Enterprises Limited,Thermal Coal,Energy,Mr. Gautambhai Shantilal Adani S.Y. B.Com,"Ahmedabad, India",https://www.adanienterprises.com,2311.75,2238.85,2668245024768,77.16122,29.96,0.00059999997,3743.9,2025.0
2024-06-18 00:00:00+05:30,3310.0,2314.95,2213.75,3309.050048828125,1376164,0.0,0.0,ADANIENT.NS,Adani Enterprises Limited,Thermal Coal,Energy,Mr. Gautambhai Shantilal Adani S.Y. B.Com,"Ahmedabad, India",https://www.adanienterprises.com,2311.75,2238.85,2668245024768,77.16122,29.96,0.00059999997,3743.9,2025.0
2024-06-19 00:00:00+05:30,3314.0,2314.95,2213.75,3261.89990234375,1376164,0.0,0.0,ADANIENT.NS,Adani Enterprises Limited,Thermal Coal,Energy,Mr. Gautambhai Shantilal Adani S.Y. B.Com,"Ahmedabad, India",https://www.adanienterprises.com,2311.75,2238.85,2668245024768,77.16122,29.96,0.00059999997,3743.9,2025.0
2024-06-20 00:00:00+05:30,3263.89990234375,2314.95,2213.75,3259.449951171875,1376164,0.0,0.0,ADANIENT.NS,Adani Enterprises Limited,Thermal Coal,Energy,Mr. Gautambhai Shantilal Adani S.Y. B.Com,"Ahmedabad, India",https://www.adanienterprises.com,2311.75,2238.85,2668245024768,77.16122,29.96,0.00059999997,3743.9,2025.0
2024-06-21 00:00:00+05:30,3265.050048828125,2314.95,2213.75,3189.300048828125,1376164,0.0,0.0,ADANIENT.NS,Adani Enterprises Limited,Thermal Coal,Energy,Mr. Gautambhai Shantilal Adani S.Y. B.Com,"Ahmedabad, India",https://www.adanienterprises.com,2311.75,2238.85,2668245024768,77.16122,29.96,0.00059999997,3743.9,2025.0
2024-06-24 00:00:00+05:30,3185.75,2314.95,2213.75,3194.60009765625,1376164,0.0,0.0,ADANIENT.NS,Adani Enterprises Limited,Thermal Coal,Energy,Mr. Gautambhai Shantilal Adani S.Y. B.Com,"Ahmedabad, India",https://www.adanienterprises.com,2311.75,2238.85,2668245024768,77.16122,29.96,0.00059999997,3743.9,2025.0
2024-06-25 00:00:00+05:30,3204.75,2314.95,2213.75,3171.10009765625,1376164,0.0,0.0,ADANIENT.NS,Adani Enterprises Limited,Thermal Coal,Energy,Mr. Gautambhai Shantilal Adani S.Y. B.Com,"Ahmedabad, India",https://www.adanienterprises.com,2311.75,2238.85,2668245024768,77.16122,29.96,0.00059999997,3743.9,2025.0
2024-06-26 00:00:00+05:30,3169.050048828125,2314.95,2213.75,3170.5,1376164,0.0,0.0,ADANIENT.NS,Adani Enterprises Limited,Thermal Coal,Energy,Mr. Gautambhai Shantilal Adani S.Y. B.Com,"Ahmedabad, India",https://www.adanienterprises.com,2311.75,2238.85,2668245024768,77.16122,29.96,0.00059999997,3743.9,2025.0
2024-06-27 00:00:00+05:30,3177.0,2314.95,2213.75,3175.14990234375,1376164,0.0,0.0,ADANIENT.NS,Adani Enterprises Limited,Thermal Coal,Energy,Mr. Gautambhai Shantilal Adani S.Y. B.Com,"Ahmedabad, India",https://www.adanienterprises.com,2311.75,2238.85,2668245024768,77.16122,29.96,0.00059999997,3743.9,2025.0
2024-06-28 00:00:00+05:30,3190.0,2314.95,2213.75,3177.14990234375,1376164,0.0,0.0,ADANIENT.NS,Adani Enterprises Limited,Thermal Coal,Energy,Mr. Gautambhai Shantilal Adani S.Y. B.Com,"Ahmedabad, India",https://www.adanienterprises.com,2311.75,2238.85,2668245024768,77.16122,29.96,0.00059999997,3743.9,2025.0
2024-07-01 00:00:00+05:30,3179.949951171875,2314.95,2213.75,3183.800048828125,1376164,0.0,0.0,ADANIENT.NS,Adani Enterprises Limited,Thermal Coal,Energy,Mr. Gautambhai Shantilal Adani S.Y. B.Com,"Ahmedabad, India",https://www.adanienterprises.com,2311.75,2238.85,2668245024768,77.16122,29.96,0.00059999997,3743.9,2025.0
2024-07-02 00:00:00+05:30,3179.85009765625,2314.95,2213.75,3153.199951171875,1376164,0.0,0.0,ADANIENT.NS,Adani Enterprises Limited,Thermal Coal,Energy,Mr. Gautambhai Shantilal Adani S.Y. B.Com,"Ahmedabad, India",https://www.adanienterprises.com,2311.75,2238.85,2668245024768,77.16122,29.96,0.00059999997,3743.9,2025.0
2024-07-03 00:00:00+05:30,3158.0,2314.95,2213.75,3190.949951171875,1376164,0.0,0.0,ADANIENT.NS,Adani Enterprises Limited,Thermal Coal,Energy,Mr. Gautambhai Shantilal Adani S.Y. B.Com,"Ahmedabad, India",https://www.adanienterprises.com,2311.75,2238.85,2668245024768,77.16122,29.96,0.00059999997,3743.9,2025.0
2024-07-04 00:00:00+05:30,3192.0,2314.95,2213.75,3144.25,1376164,0.0,0.0,ADANIENT.NS,Adani Enterprises Limited,Thermal Coal,Energy,Mr. Gautambhai Shantilal Adani S.Y. B.Com,"Ahmedabad, India",https://www.adanienterprises.com,2311.75,2238.85,2668245024768,77.16122,29.96,0.00059999997,3743.9,2025.0
2024-07-05 00:00:00+05:30,3143.89990234375,2314.95,2213.75,3147.89990234375,1376164,0.0,0.0,ADANIENT.NS,Adani Enterprises Limited,Thermal Coal,Energy,Mr. Gautambhai Shantilal Adani S.Y. B.Com,"Ahmedabad, India",https://www.adanienterprises.com,2311.75,2238.85,2668245024768,77.16122,29.96,0.00059999997,3743.9,2025.0
2024-07-08 00:00:00+05:30,3147.89990234375,2314.95,2213.75,3113.60009765625,1376164,0.0,0.0,ADANIENT.NS,Adani Enterprises Limited,Thermal Coal,Energy,Mr. Gautambhai Shantilal Adani S.Y. B.Com,"Ahmedabad, India",https://www.adanienterprises.com,2311.75,2238.85,2668245024768,77.16122,29.96,0.00059999997,3743.9,2025.0
2024-07-09 00:00:00+05:30,3115.949951171875,2314.95,2213.75,3110.75,1376164,0.0,0.0,ADANIENT.NS,Adani Enterprises Limited,Thermal Coal,Energy,Mr. Gautambhai Shantilal Adani S.Y. B.Com,"Ahmedabad, India",https://www.adanienterprises.com,2311.75,2238.85,2668245024768,77.16122,29.96,0.00059999997,3743.9,2025.0
2024-07-10 00:00:00+05:30,3120.10009765625,2314.95,2213.75,3096.0,1376164,0.0,0.0,ADANIENT.NS,Adani Enterprises Limited,Thermal Coal,Energy,Mr. Gautambhai Shantilal Adani S.Y. B.Com,"Ahmedabad, India",https://www.adanienterprises.com,2311.75,2238.85,2668245024768,77.16122,29.96,0.00059999997,3743.9,2025.0
2024-07-11 00:00:00+05:30,3118.699951171875,2314.95,2213.75,3078.300048828125,1376164,0.0,0.0,ADANIENT.NS,Adani Enterprises Limited,Thermal Coal,Energy,Mr. Gautambhai Shantilal Adani S.Y. B.Com,"Ahmedabad, India",https://www.adanienterprises.com,2311.75,2238.85,2668245024768,77.16122,29.96,0.00059999997,3743.9,2025.0
2024-07-12 00:00:00+05:30,3090.0,2314.95,2213.75,3065.449951171875,1376164,0.0,0.0,ADANIENT.NS,Adani Enterprises Limited,Thermal Coal,Energy,Mr. Gautambhai Shantilal Adani S.Y. B.Com,"Ahmedabad, India",https://www.adanienterprises.com,2311.75,2238.85,2668245024768,77.16122,29.96,0.00059999997,3743.9,2025.0
2024-07-15 00:00:00+05:30,3066.10009765625,2314.95,2213.75,3090.39990234375,1376164,0.0,0.0,ADANIENT.NS,Adani Enterprises Limited,Thermal Coal,Energy,Mr. Gautambhai Shantilal Adani S.Y. B.Com,"Ahmedabad, India",https://www.adanienterprises.com,2311.75,2238.85,2668245024768,77.16122,29.96,0.00059999997,3743.9,2025.0
2024-07-16 00:00:00+05:30,3110.0,2314.95,2213.75,3109.300048828125,1376164,0.0,0.0,ADANIENT.NS,Adani Enterprises Limited,Thermal Coal,Energy,Mr. Gautambhai Shantilal Adani S.Y. B.Com,"Ahmedabad, India",https://www.adanienterprises.com,2311.75,2238.85,2668245024768,77.16122,29.96,0.00059999997,3743.9,2025.0
2024-07-18 00:00:00+05:30,3106.0,2314.95,2213.75,3092.199951171875,1376164,0.0,0.0,ADANIENT.NS,Adani Enterprises Limited,Thermal Coal,Energy,Mr. Gautambhai Shantilal Adani S.Y. B.Com,"Ahmedabad, India",https://www.adanienterprises.com,2311.75,2238.85,2668245024768,77.16122,29.96,0.00059999997,3743.9,2025.0
2024-07-19 00:00:00+05:30,3092.0,2314.95,2213.75,3005.699951171875,1376164,0.0,0.0,ADANIENT.NS,Adani Enterprises Limited,Thermal Coal,Energy,Mr. Gautambhai Shantilal Adani S.Y. B.Com,"Ahmedabad, India",https://www.adanienterprises.com,2311.75,2238.85,2668245024768,77.16122,29.96,0.00059999997,3743.9,2025.0
2024-07-22 00:00:00+05:30,3005.699951171875,2314.95,2213.75,3000.85009765625,1376164,0.0,0.0,ADANIENT.NS,Adani Enterprises Limited,Thermal Coal,Energy,Mr. Gautambhai Shantilal Adani S.Y. B.Com,"Ahmedabad, India",https://www.adanienterprises.com,2311.75,2238.85,2668245024768,77.16122,29.96,0.00059999997,3743.9,2025.0
2024-07-23 00:00:00+05:30,3020.0,2314.95,2213.75,2995.35009765625,1376164,0.0,0.0,ADANIENT.NS,Adani Enterprises Limited,Thermal Coal,Energy,Mr. Gautambhai Shantilal Adani S.Y. B.Com,"Ahmedabad, India",https://www.adanienterprises.com,2311.75,2238.85,2668245024768,77.16122,29.96,0.00059999997,3743.9,2025.0
2024-07-24 00:00:00+05:30,2995.35009765625,2314.95,2213.75,2970.699951171875,1376164,0.0,0.0,ADANIENT.NS,Adani Enterprises Limited,Thermal Coal,Energy,Mr. Gautambhai Shantilal Adani S.Y. B.Com,"Ahmedabad, India",https://www.adanienterprises.com,2311.75,2238.85,2668245024768,77.16122,29.96,0.00059999997,3743.9,2025.0
2024-07-25 00:00:00+05:30,2960.699951171875,2314.95,2213.75,2973.5,1376164,0.0,0.0,ADANIENT.NS,Adani Enterprises Limited,Thermal Coal,Energy,Mr. Gautambhai Shantilal Adani S.Y. B.Com,"Ahmedabad, India",https://www.adanienterprises.com,2311.75,2238.85,2668245024768,77.16122,29.96,0.00059999997,3743.9,2025.0
2024-07-26 00:00:00+05:30,2995.0,2314.95,2213.75,3080.5,1376164,0.0,0.0,ADANIENT.NS,Adani Enterprises Limited,Thermal Coal,Energy,Mr. Gautambhai Shantilal Adani S.Y. B.Com,"Ahmedabad, India",https://www.adanienterprises.com,2311.75,2238.85,2668245024768,77.16122,29.96,0.00059999997,3743.9,2025.0
2024-07-29 00:00:00+05:30,3094.300048828125,2314.95,2213.75,3089.35009765625,1376164,0.0,0.0,ADANIENT.NS,Adani Enterprises Limited,Thermal Coal,Energy,Mr. Gautambhai Shantilal Adani S.Y. B.Com,"Ahmedabad, India",https://www.adanienterprises.com,2311.75,2238.85,2668245024768,77.16122,29.96,0.00059999997,3743.9,2025.0
2024-07-30 00:00:00+05:30,3092.0,2314.95,2213.75,3128.75,1376164,0.0,0.0,ADANIENT.NS,Adani Enterprises Limited,Thermal Coal,Energy,Mr. Gautambhai Shantilal Adani S.Y. B.Com,"Ahmedabad, India",https://www.adanienterprises.com,2311.75,2238.85,2668245024768,77.16122,29.96,0.00059999997,3743.9,2025.0
2024-07-31 00:00:00+05:30,3141.0,2314.95,2213.75,3169.39990234375,1376164,0.0,0.0,ADANIENT.NS,Adani Enterprises Limited,Thermal Coal,Energy,Mr. Gautambhai Shantilal Adani S.Y. B.Com,"Ahmedabad, India",https://www.adanienterprises.com,2311.75,2238.85,2668245024768,77.16122,29.96,0.00059999997,3743.9,2025.0
2024-08-01 00:00:00+05:30,3180.0,2314.95,2213.75,3217.25,1376164,0.0,0.0,ADANIENT.NS,Adani Enterprises Limited,Thermal Coal,Energy,Mr. Gautambhai Shantilal Adani S.Y. B.Com,"Ahmedabad, India",https://www.adanienterprises.com,2311.75,2238.85,2668245024768,77.16122,29.96,0.00059999997,3743.9,2025.0
2024-08-02 00:00:00+05:30,3200.0,2314.95,2213.75,3160.89990234375,1376164,0.0,0.0,ADANIENT.NS,Adani Enterprises Limited,Thermal Coal,Energy,Mr. Gautambhai Shantilal Adani S.Y. B.Com,"Ahmedabad, India",https://www.adanienterprises.com,2311.75,2238.85,2668245024768,77.16122,29.96,0.00059999997,3743.9,2025.0
2024-08-05 00:00:00+05:30,3085.0,2314.95,2213.75,3038.199951171875,1376164,0.0,0.0,ADANIENT.NS,Adani Enterprises Limited,Thermal Coal,Energy,Mr. Gautambhai Shantilal Adani S.Y. B.Com,"Ahmedabad, India",https://www.adanienterprises.com,2311.75,2238.85,2668245024768,77.16122,29.96,0.00059999997,3743.9,2025.0
2024-08-06 00:00:00+05:30,3084.0,2314.95,2213.75,3072.699951171875,1376164,0.0,0.0,ADANIENT.NS,Adani Enterprises Limited,Thermal Coal,Energy,Mr. Gautambhai Shantilal Adani S.Y. B.Com,"Ahmedabad, India",https://www.adanienterprises.com,2311.75,2238.85,2668245024768,77.16122,29.96,0.00059999997,3743.9,2025.0
2024-08-07 00:00:00+05:30,3118.0,2314.95,2213.75,3185.949951171875,1376164,0.0,0.0,ADANIENT.NS,Adani Enterprises Limited,Thermal Coal,Energy,Mr. Gautambhai Shantilal Adani S.Y. B.Com,"Ahmedabad, India",https://www.adanienterprises.com,2311.75,2238.85,2668245024768,77.16122,29.96,0.00059999997,3743.9,2025.0
2024-08-08 00:00:00+05:30,3190.550048828125,2314.95,2213.75,3167.550048828125,1376164,0.0,0.0,ADANIENT.NS,Adani Enterprises Limited,Thermal Coal,Energy,Mr. Gautambhai Shantilal Adani S.Y. B.Com,"Ahmedabad, India",https://www.adanienterprises.com,2311.75,2238.85,2668245024768,77.16122,29.96,0.00059999997,3743.9,2025.0
2024-08-09 00:00:00+05:30,3209.0,2314.95,2213.75,3187.550048828125,1376164,0.0,0.0,ADANIENT.NS,Adani Enterprises Limited,Thermal Coal,Energy,Mr. Gautambhai Shantilal Adani S.Y. B.Com,"Ahmedabad, India",https://www.adanienterprises.com,2311.75,2238.85,2668245024768,77.16122,29.96,0.00059999997,3743.9,2025.0
2024-08-12 00:00:00+05:30,3100.0,2314.95,2213.75,3151.75,1376164,0.0,0.0,ADANIENT.NS,Adani Enterprises Limited,Thermal Coal,Energy,Mr. Gautambhai Shantilal Adani S.Y. B.Com,"Ahmedabad, India",https://www.adanienterprises.com,2311.75,2238.85,2668245024768,77.16122,29.96,0.00059999997,3743.9,2025.0
2024-08-13 00:00:00+05:30,3170.050048828125,2314.95,2213.75,3092.199951171875,1376164,0.0,0.0,ADANIENT.NS,Adani Enterprises Limited,Thermal Coal,Energy,Mr. Gautambhai Shantilal Adani S.Y. B.Com,"Ahmedabad, India",https://www.adanienterprises.com,2311.75,2238.85,2668245024768,77.16122,29.96,0.00059999997,3743.9,2025.0
2024-08-14 00:00:00+05:30,3085.699951171875,2314.95,2213.75,3040.10009765625,1376164,0.0,0.0,ADANIENT.NS,Adani Enterprises Limited,Thermal Coal,Energy,Mr. Gautambhai Shantilal Adani S.Y. B.Com,"Ahmedabad, India",https://www.adanienterprises.com,2311.75,2238.85,2668245024768,77.16122,29.96,0.00059999997,3743.9,2025.0
2024-08-16 00:00:00+05:30,3070.0,2314.95,2213.75,3108.800048828125,1376164,0.0,0.0,ADANIENT.NS,Adani Enterprises Limited,Thermal Coal,Energy,Mr. Gautambhai Shantilal Adani S.Y. B.Com,"Ahmedabad, India",https://www.adanienterprises.com,2311.75,2238.85,2668245024768,77.16122,29.96,0.00059999997,3743.9,2025.0
2024-08-19 00:00:00+05:30,3122.050048828125,2314.95,2213.75,3102.550048828125,1376164,0.0,0.0,ADANIENT.NS,Adani Enterprises Limited,Thermal Coal,Energy,Mr. Gautambhai Shantilal Adani S.Y. B.Com,"Ahmedabad, India",https://www.adanienterprises.com,2311.75,2238.85,2668245024768,77.16122,29.96,0.00059999997,3743.9,2025.0
2024-08-20 00:00:00+05:30,3118.949951171875,2314.95,2213.75,3070.64990234375,1376164,0.0,0.0,ADANIENT.NS,Adani Enterprises Limited,Thermal Coal,Energy,Mr. Gautambhai Shantilal Adani S.Y. B.Com,"Ahmedabad, India",https://www.adanienterprises.com,2311.75,2238.85,2668245024768,77.16122,29.96,0.00059999997,3743.9,2025.0
2024-08-21 00:00:00+05:30,3070.64990234375,2314.95,2213.75,3115.699951171875,1376164,0.0,0.0,ADANIENT.NS,Adani Enterprises Limited,Thermal Coal,Energy,Mr. Gautambhai Shantilal Adani S.Y. B.Com,"Ahmedabad, India",https://www.adanienterprises.com,2311.75,2238.85,2668245024768,77.16122,29.96,0.00059999997,3743.9,2025.0
2024-08-22 00:00:00+05:30,3130.75,2314.95,2213.75,3099.050048828125,1376164,0.0,0.0,ADANIENT.NS,Adani Enterprises Limited,Thermal Coal,Energy,Mr. Gautambhai Shantilal Adani S.Y. B.Com,"Ahmedabad, India",https://www.adanienterprises.com,2311.75,2238.85,2668245024768,77.16122,29.96,0.00059999997,3743.9,2025.0
2024-08-23 00:00:00+05:30,3101.0,2314.95,2213.75,3076.35009765625,1376164,0.0,0.0,ADANIENT.NS,Adani Enterprises Limited,Thermal Coal,Energy,Mr. Gautambhai Shantilal Adani S.Y. B.Com,"Ahmedabad, India",https://www.adanienterprises.com,2311.75,2238.85,2668245024768,77.16122,29.96,0.00059999997,3743.9,2025.0
2024-08-26 00:00:00+05:30,3088.0,2314.95,2213.75,3069.0,1376164,0.0,0.0,ADANIENT.NS,Adani Enterprises Limited,Thermal Coal,Energy,Mr. Gautambhai Shantilal Adani S.Y. B.Com,"Ahmedabad, India",https://www.adanienterprises.com,2311.75,2238.85,2668245024768,77.16122,29.96,0.00059999997,3743.9,2025.0
2024-08-27 00:00:00+05:30,3072.199951171875,2314.95,2213.75,3067.10009765625,1376164,0.0,0.0,ADANIENT.NS,Adani Enterprises Limited,Thermal Coal,Energy,Mr. Gautambhai Shantilal Adani S.Y. B.Com,"Ahmedabad, India",https://www.adanienterprises.com,2311.75,2238.85,2668245024768,77.16122,29.96,0.00059999997,3743.9,2025.0
2024-08-28 00:00:00+05:30,3078.0,2314.95,2213.75,3028.0,1376164,0.0,0.0,ADANIENT.NS,Adani Enterprises Limited,Thermal Coal,Energy,Mr. Gautambhai Shantilal Adani S.Y. B.Com,"Ahmedabad, India",https://www.adanienterprises.com,2311.75,2238.85,2668245024768,77.16122,29.96,0.00059999997,3743.9,2025.0
2024-08-29 00:00:00+05:30,3030.0,2314.95,2213.75,3020.14990234375,1376164,0.0,0.0,ADANIENT.NS,Adani Enterprises Limited,Thermal Coal,Energy,Mr. Gautambhai Shantilal Adani S.Y. B.Com,"Ahmedabad, India",https://www.adanienterprises.com,2311.75,2238.85,2668245024768,77.16122,29.96,0.00059999997,3743.9,2025.0
2024-08-30 00:00:00+05:30,3030.0,2314.95,2213.75,3019.35009765625,1376164,0.0,0.0,ADANIENT.NS,Adani Enterprises Limited,Thermal Coal,Energy,Mr. Gautambhai Shantilal Adani S.Y. B.Com,"Ahmedabad, India",https://www.adanienterprises.com,2311.75,2238.85,2668245024768,77.16122,29.96,0.00059999997,3743.9,2025.0
2024-09-02 00:00:00+05:30,3021.10009765625,2314.95,2213.75,3042.14990234375,1376164,0.0,0.0,ADANIENT.NS,Adani Enterprises Limited,Thermal Coal,Energy,Mr. Gautambhai Shantilal Adani S.Y. B.Com,"Ahmedabad, India",https://www.adanienterprises.com,2311.75,2238.85,2668245024768,77.16122,29.96,0.00059999997,3743.9,2025.0
2024-09-03 00:00:00+05:30,3037.0,2314.95,2213.75,3036.10009765625,1376164,0.0,0.0,ADANIENT.NS,Adani Enterprises Limited,Thermal Coal,Energy,Mr. Gautambhai Shantilal Adani S.Y. B.Com,"Ahmedabad, India",https://www.adanienterprises.com,2311.75,2238.85,2668245024768,77.16122,29.96,0.00059999997,3743.9,2025.0
2024-09-04 00:00:00+05:30,3010.0,2314.95,2213.75,3012.35009765625,1376164,0.0,0.0,ADANIENT.NS,Adani Enterprises Limited,Thermal Coal,Energy,Mr. Gautambhai Shantilal Adani S.Y. B.Com,"Ahmedabad, India",https://www.adanienterprises.com,2311.75,2238.85,2668245024768,77.16122,29.96,0.00059999997,3743.9,2025.0
2024-09-05 00:00:00+05:30,3025.0,2314.95,2213.75,3015.35009765625,1376164,0.0,0.0,ADANIENT.NS,Adani Enterprises Limited,Thermal Coal,Energy,Mr. Gautambhai Shantilal Adani S.Y. B.Com,"Ahmedabad, India",https://www.adanienterprises.com,2311.75,2238.85,2668245024768,77.16122,29.96,0.00059999997,3743.9,2025.0
2024-09-06 00:00:00+05:30,3019.0,2314.95,2213.75,2975.449951171875,1376164,0.0,0.0,ADANIENT.NS,Adani Enterprises Limited,Thermal Coal,Energy,Mr. Gautambhai Shantilal Adani S.Y. B.Com,"Ahmedabad, India",https://www.adanienterprises.com,2311.75,2238.85,2668245024768,77.16122,29.96,0.00059999997,3743.9,2025.0
2024-09-09 00:00:00+05:30,2972.10009765625,2314.95,2213.75,2964.14990234375,1376164,0.0,0.0,ADANIENT.NS,Adani Enterprises Limited,Thermal Coal,Energy,Mr. Gautambhai Shantilal Adani S.Y. B.Com,"Ahmedabad, India",https://www.adanienterprises.com,2311.75,2238.85,2668245024768,77.16122,29.96,0.00059999997,3743.9,2025.0
2024-09-10 00:00:00+05:30,2971.60009765625,2314.95,2213.75,2986.39990234375,1376164,0.0,0.0,ADANIENT.NS,Adani Enterprises Limited,Thermal Coal,Energy,Mr. Gautambhai Shantilal Adani S.Y. B.Com,"Ahmedabad, India",https://www.adanienterprises.com,2311.75,2238.85,2668245024768,77.16122,29.96,0.00059999997,3743.9,2025.0
2024-09-11 00:00:00+05:30,2985.0,2314.95,2213.75,2937.85009765625,1376164,0.0,0.0,ADANIENT.NS,Adani Enterprises Limited,Thermal Coal,Energy,Mr. Gautambhai Shantilal Adani S.Y. B.Com,"Ahmedabad, India",https://www.adanienterprises.com,2311.75,2238.85,2668245024768,77.16122,29.96,0.00059999997,3743.9,2025.0
2024-09-12 00:00:00+05:30,2950.0,2314.95,2213.75,2991.0,1376164,0.0,0.0,ADANIENT.NS,Adani Enterprises Limited,Thermal Coal,Energy,Mr. Gautambhai Shantilal Adani S.Y. B.Com,"Ahmedabad, India",https://www.adanienterprises.com,2311.75,2238.85,2668245024768,77.16122,29.96,0.00059999997,3743.9,2025.0
2024-09-13 00:00:00+05:30,2972.0,2314.95,2213.75,2968.35009765625,1376164,0.0,0.0,ADANIENT.NS,Adani Enterprises Limited,Thermal Coal,Energy,Mr. Gautambhai Shantilal Adani S.Y. B.Com,"Ahmedabad, India",https://www.adanienterprises.com,2311.75,2238.85,2668245024768,77.16122,29.96,0.00059999997,3743.9,2025.0
2024-09-16 00:00:00+05:30,2972.0,2314.95,2213.75,2984.89990234375,1376164,0.0,0.0,ADANIENT.NS,Adani Enterprises Limited,Thermal Coal,Energy,Mr. Gautambhai Shantilal Adani S.Y. B.Com,"Ahmedabad, India",https://www.adanienterprises.com,2311.75,2238.85,2668245024768,77.16122,29.96,0.00059999997,3743.9,2025.0
2024-09-17 00:00:00+05:30,2990.050048828125,2314.95,2213.75,2975.199951171875,1376164,0.0,0.0,ADANIENT.NS,Adani Enterprises Limited,Thermal Coal,Energy,Mr. Gautambhai Shantilal Adani S.Y. B.Com,"Ahmedabad, India",https://www.adanienterprises.com,2311.75,2238.85,2668245024768,77.16122,29.96,0.00059999997,3743.9,2025.0
2024-09-18 00:00:00+05:30,2976.0,2314.95,2213.75,2956.300048828125,1376164,0.0,0.0,ADANIENT.NS,Adani Enterprises Limited,Thermal Coal,Energy,Mr. Gautambhai Shantilal Adani S.Y. B.Com,"Ahmedabad, India",https://www.adanienterprises.com,2311.75,2238.85,2668245024768,77.16122,29.96,0.00059999997,3743.9,2025.0
2024-09-19 00:00:00+05:30,2975.050048828125,2314.95,2213.75,2943.14990234375,1376164,0.0,0.0,ADANIENT.NS,Adani Enterprises Limited,Thermal Coal,Energy,Mr. Gautambhai Shantilal Adani S.Y. B.Com,"Ahmedabad, India",https://www.adanienterprises.com,2311.75,2238.85,2668245024768,77.16122,29.96,0.00059999997,3743.9,2025.0
2024-09-20 00:00:00+05:30,2948.14990234375,2314.95,2213.75,3008.5,1376164,0.0,0.0,ADANIENT.NS,Adani Enterprises Limited,Thermal Coal,Energy,Mr. Gautambhai Shantilal Adani S.Y. B.Com,"Ahmedabad, India",https://www.adanienterprises.com,2311.75,2238.85,2668245024768,77.16122,29.96,0.00059999997,3743.9,2025.0
2024-09-23 00:00:00+05:30,3020.0,2314.95,2213.75,3043.949951171875,1376164,0.0,0.0,ADANIENT.NS,Adani Enterprises Limited,Thermal Coal,Energy,Mr. Gautambhai Shantilal Adani S.Y. B.Com,"Ahmedabad, India",https://www.adanienterprises.com,2311.75,2238.85,2668245024768,77.16122,29.96,0.00059999997,3743.9,2025.0
2024-09-24 00:00:00+05:30,3055.0,2314.95,2213.75,3093.89990234375,1376164,0.0,0.0,ADANIENT.NS,Adani Enterprises Limited,Thermal Coal,Energy,Mr. Gautambhai Shantilal Adani S.Y. B.Com,"Ahmedabad, India",https://www.adanienterprises.com,2311.75,2238.85,2668245024768,77.16122,29.96,0.00059999997,3743.9,2025.0
2024-09-25 00:00:00+05:30,3108.0,2314.95,2213.75,3105.10009765625,1376164,0.0,0.0,ADANIENT.NS,Adani Enterprises Limited,Thermal Coal,Energy,Mr. Gautambhai Shantilal Adani S.Y. B.Com,"Ahmedabad, India",https://www.adanienterprises.com,2311.75,2238.85,2668245024768,77.16122,29.96,0.00059999997,3743.9,2025.0
2024-09-26 00:00:00+05:30,3085.0,2314.95,2213.75,3122.64990234375,1376164,0.0,0.0,ADANIENT.NS,Adani Enterprises Limited,Thermal Coal,Energy,Mr. Gautambhai Shantilal Adani S.Y. B.Com,"Ahmedabad, India",https://www.adanienterprises.com,2311.75,2238.85,2668245024768,77.16122,29.96,0.00059999997,3743.9,2025.0
2024-09-27 00:00:00+05:30,3122.0,2314.95,2213.75,3130.300048828125,1376164,0.0,0.0,ADANIENT.NS,Adani Enterprises Limited,Thermal Coal,Energy,Mr. Gautambhai Shantilal Adani S.Y. B.Com,"Ahmedabad, India",https://www.adanienterprises.com,2311.75,2238.85,2668245024768,77.16122,29.96,0.00059999997,3743.9,2025.0
2024-09-30 00:00:00+05:30,3129.0,2314.95,2213.75,3135.85009765625,1376164,0.0,0.0,ADANIENT.NS,Adani Enterprises Limited,Thermal Coal,Energy,Mr. Gautambhai Shantilal Adani S.Y. B.Com,"Ahmedabad, India",https://www.adanienterprises.com,2311.75,2238.85,2668245024768,77.16122,29.96,0.00059999997,3743.9,2025.0
2024-10-01 00:00:00+05:30,3136.300048828125,2314.95,2213.75,3186.10009765625,1376164,0.0,0.0,ADANIENT.NS,Adani Enterprises Limited,Thermal Coal,Energy,Mr. Gautambhai Shantilal Adani S.Y. B.Com,"Ahmedabad, India",https://www.adanienterprises.com,2311.75,2238.85,2668245024768,77.16122,29.96,0.00059999997,3743.9,2025.0
2024-10-03 00:00:00+05:30,3150.0,2314.95,2213.75,3116.0,1376164,0.0,0.0,ADANIENT.NS,Adani Enterprises Limited,Thermal Coal,Energy,Mr. Gautambhai Shantilal Adani S.Y. B.Com,"Ahmedabad, India",https://www.adanienterprises.com,2311.75,2238.85,2668245024768,77.16122,29.96,0.00059999997,3743.9,2025.0
2024-10-04 00:00:00+05:30,3119.89990234375,2314.95,2213.75,3110.64990234375,1376164,0.0,0.0,ADANIENT.NS,Adani Enterprises Limited,Thermal Coal,Energy,Mr. Gautambhai Shantilal Adani S.Y. B.Com,"Ahmedabad, India",https://www.adanienterprises.com,2311.75,2238.85,2668245024768,77.16122,29.96,0.00059999997,3743.9,2025.0
2024-10-07 00:00:00+05:30,3110.64990234375,2314.95,2213.75,3018.0,1376164,0.0,0.0,ADANIENT.NS,Adani Enterprises Limited,Thermal Coal,Energy,Mr. Gautambhai Shantilal Adani S.Y. B.Com,"Ahmedabad, India",https://www.adanienterprises.com,2311.75,2238.85,2668245024768,77.16122,29.96,0.00059999997,3743.9,2025.0
2024-10-08 00:00:00+05:30,3018.5,2314.95,2213.75,3160.699951171875,1376164,0.0,0.0,ADANIENT.NS,Adani Enterprises Limited,Thermal Coal,Energy,Mr. Gautambhai Shantilal Adani S.Y. B.Com,"Ahmedabad, India",https://www.adanienterprises.com,2311.75,2238.85,2668245024768,77.16122,29.96,0.00059999997,3743.9,2025.0
2024-10-09 00:00:00+05:30,3175.0,2314.95,2213.75,3153.75,1376164,0.0,0.0,ADANIENT.NS,Adani Enterprises Limited,Thermal Coal,Energy,Mr. Gautambhai Shantilal Adani S.Y. B.Com,"Ahmedabad, India",https://www.adanienterprises.com,2311.75,2238.85,2668245024768,77.16122,29.96,0.00059999997,3743.9,2025.0
2024-10-10 00:00:00+05:30,3140.0,2314.95,2213.75,3174.199951171875,1376164,0.0,0.0,ADANIENT.NS,Adani Enterprises Limited,Thermal Coal,Energy,Mr. Gautambhai Shantilal Adani S.Y. B.Com,"Ahmedabad, India",https://www.adanienterprises.com,2311.75,2238.85,2668245024768,77.16122,29.96,0.00059999997,3743.9,2025.0
2024-10-11 00:00:00+05:30,3174.199951171875,2314.95,2213.75,3137.199951171875,1376164,0.0,0.0,ADANIENT.NS,Adani Enterprises Limited,Thermal Coal,Energy,Mr. Gautambhai Shantilal Adani S.Y. B.Com,"Ahmedabad, India",https://www.adanienterprises.com,2311.75,2238.85,2668245024768,77.16122,29.96,0.00059999997,3743.9,2025.0
2024-10-14 00:00:00+05:30,3145.0,2314.95,2213.75,3101.10009765625,1376164,0.0,0.0,ADANIENT.NS,Adani Enterprises Limited,Thermal Coal,Energy,Mr. Gautambhai Shantilal Adani S.Y. B.Com,"Ahmedabad, India",https://www.adanienterprises.com,2311.75,2238.85,2668245024768,77.16122,29.96,0.00059999997,3743.9,2025.0
2024-10-15 00:00:00+05:30,3124.0,2314.95,2213.75,3104.699951171875,1376164,0.0,0.0,ADANIENT.NS,Adani Enterprises Limited,Thermal Coal,Energy,Mr. Gautambhai Shantilal Adani S.Y. B.Com,"Ahmedabad, India",https://www.adanienterprises.com,2311.75,2238.85,2668245024768,77.16122,29.96,0.00059999997,3743.9,2025.0
2024-10-16 00:00:00+05:30,3098.0,2314.95,2213.75,3085.89990234375,1376164,0.0,0.0,ADANIENT.NS,Adani Enterprises Limited,Thermal Coal,Energy,Mr. Gautambhai Shantilal Adani S.Y. B.Com,"Ahmedabad, India",https://www.adanienterprises.com,2311.75,2238.85,2668245024768,77.16122,29.96,0.00059999997,3743.9,2025.0
2024-10-17 00:00:00+05:30,3089.949951171875,2314.95,2213.75,3013.75,1376164,0.0,0.0,ADANIENT.NS,Adani Enterprises Limited,Thermal Coal,Energy,Mr. Gautambhai Shantilal Adani S.Y. B.Com,"Ahmedabad, India",https://www.adanienterprises.com,2311.75,2238.85,2668245024768,77.16122,29.96,0.00059999997,3743.9,2025.0
2024-10-18 00:00:00+05:30,2990.0,2314.95,2213.75,3002.0,1376164,0.0,0.0,ADANIENT.NS,Adani Enterprises Limited,Thermal Coal,Energy,Mr. Gautambhai Shantilal Adani S.Y. B.Com,"Ahmedabad, India",https://www.adanienterprises.com,2311.75,2238.85,2668245024768,77.16122,29.96,0.00059999997,3743.9,2025.0
2024-10-21 00:00:00+05:30,3005.14990234375,2314.95,2213.75,2937.64990234375,1376164,0.0,0.0,ADANIENT.NS,Adani Enterprises Limited,Thermal Coal,Energy,Mr. Gautambhai Shantilal Adani S.Y. B.Com,"Ahmedabad, India",https://www.adanienterprises.com,2311.75,2238.85,2668245024768,77.16122,29.96,0.00059999997,3743.9,2025.0
2024-10-22 00:00:00+05:30,2938.0,2314.95,2213.75,2823.800048828125,1376164,0.0,0.0,ADANIENT.NS,Adani Enterprises Limited,Thermal Coal,Energy,Mr. Gautambhai Shantilal Adani S.Y. B.Com,"Ahmedabad, India",https://www.adanienterprises.com,2311.75,2238.85,2668245024768,77.16122,29.96,0.00059999997,3743.9,2025.0
2024-10-23 00:00:00+05:30,2840.85009765625,2314.95,2213.75,2835.550048828125,1376164,0.0,0.0,ADANIENT.NS,Adani Enterprises Limited,Thermal Coal,Energy,Mr. Gautambhai Shantilal Adani S.Y. B.Com,"Ahmedabad, India",https://www.adanienterprises.com,2311.75,2238.85,2668245024768,77.16122,29.96,0.00059999997,3743.9,2025.0
2024-10-24 00:00:00+05:30,2841.050048828125,2314.95,2213.75,2830.199951171875,1376164,0.0,0.0,ADANIENT.NS,Adani Enterprises Limited,Thermal Coal,Energy,Mr. Gautambhai Shantilal Adani S.Y. B.Com,"Ahmedabad, India",https://www.adanienterprises.com,2311.75,2238.85,2668245024768,77.16122,29.96,0.00059999997,3743.9,2025.0
2024-10-25 00:00:00+05:30,2845.0,2314.95,2213.75,2693.449951171875,1376164,0.0,0.0,ADANIENT.NS,Adani Enterprises Limited,Thermal Coal,Energy,Mr. Gautambhai Shantilal Adani S.Y. B.Com,"Ahmedabad, India",https://www.adanienterprises.com,2311.75,2238.85,2668245024768,77.16122,29.96,0.00059999997,3743.9,2025.0
2024-10-28 00:00:00+05:30,2701.10009765625,2314.95,2213.75,2798.64990234375,1376164,0.0,0.0,ADANIENT.NS,Adani Enterprises Limited,Thermal Coal,Energy,Mr. Gautambhai Shantilal Adani S.Y. B.Com,"Ahmedabad, India",https://www.adanienterprises.com,2311.75,2238.85,2668245024768,77.16122,29.96,0.00059999997,3743.9,2025.0
2024-10-29 00:00:00+05:30,2803.0,2314.95,2213.75,2848.60009765625,1376164,0.0,0.0,ADANIENT.NS,Adani Enterprises Limited,Thermal Coal,Energy,Mr. Gautambhai Shantilal Adani S.Y. B.Com,"Ahmedabad, India",https://www.adanienterprises.com,2311.75,2238.85,2668245024768,77.16122,29.96,0.00059999997,3743.9,2025.0
2024-10-30 00:00:00+05:30,2864.0,2314.95,2213.75,2969.300048828125,1376164,0.0,0.0,ADANIENT.NS,Adani Enterprises Limited,Thermal Coal,Energy,Mr. Gautambhai Shantilal Adani S.Y. B.Com,"Ahmedabad, India",https://www.adanienterprises.com,2311.75,2238.85,2668245024768,77.16122,29.96,0.00059999997,3743.9,2025.0
2024-10-31 00:00:00+05:30,2967.89990234375,2314.95,2213.75,2947.25,1376164,0.0,0.0,ADANIENT.NS,Adani Enterprises Limited,Thermal Coal,Energy,Mr. Gautambhai Shantilal Adani S.Y. B.Com,"Ahmedabad, India",https://www.adanienterprises.com,2311.75,2238.85,2668245024768,77.16122,29.96,0.00059999997,3743.9,2025.0
2024-11-01 00:00:00+05:30,2960.0,2314.95,2213.75,2949.5,1376164,0.0,0.0,ADANIENT.NS,Adani Enterprises Limited,Thermal Coal,Energy,Mr. Gautambhai Shantilal Adani S.Y. B.Com,"Ahmedabad, India",https://www.adanienterprises.com,2311.75,2238.85,2668245024768,77.16122,29.96,0.00059999997,3743.9,2025.0
2024-11-04 00:00:00+05:30,2935.0,2314.95,2213.75,2897.39990234375,1376164,0.0,0.0,ADANIENT.NS,Adani Enterprises Limited,Thermal Coal,Energy,Mr. Gautambhai Shantilal Adani S.Y. B.Com,"Ahmedabad, India",https://www.adanienterprises.com,2311.75,2238.85,2668245024768,77.16122,29.96,0.00059999997,3743.9,2025.0
2024-11-05 00:00:00+05:30,2897.39990234375,2314.95,2213.75,2915.550048828125,1376164,0.0,0.0,ADANIENT.NS,Adani Enterprises Limited,Thermal Coal,Energy,Mr. Gautambhai Shantilal Adani S.Y. B.Com,"Ahmedabad, India",https://www.adanienterprises.com,2311.75,2238.85,2668245024768,77.16122,29.96,0.00059999997,3743.9,2025.0
2024-11-06 00:00:00+05:30,2918.0,2314.95,2213.75,3046.25,1376164,0.0,0.0,ADANIENT.NS,Adani Enterprises Limited,Thermal Coal,Energy,Mr. Gautambhai Shantilal Adani S.Y. B.Com,"Ahmedabad, India",https://www.adanienterprises.com,2311.75,2238.85,2668245024768,77.16122,29.96,0.00059999997,3743.9,2025.0
2024-11-07 00:00:00+05:30,3045.0,2314.95,2213.75,2970.10009765625,1376164,0.0,0.0,ADANIENT.NS,Adani Enterprises Limited,Thermal Coal,Energy,Mr. Gautambhai Shantilal Adani S.Y. B.Com,"Ahmedabad, India",https://www.adanienterprises.com,2311.75,2238.85,2668245024768,77.16122,29.96,0.00059999997,3743.9,2025.0
2024-11-08 00:00:00+05:30,2965.10009765625,2314.95,2213.75,2929.10009765625,1376164,0.0,0.0,ADANIENT.NS,Adani Enterprises Limited,Thermal Coal,Energy,Mr. Gautambhai Shantilal Adani S.Y. B.Com,"Ahmedabad, India",https://www.adanienterprises.com,2311.75,2238.85,2668245024768,77.16122,29.96,0.00059999997,3743.9,2025.0
2024-11-11 00:00:00+05:30,2928.0,2314.95,2213.75,2903.64990234375,1376164,0.0,0.0,ADANIENT.NS,Adani Enterprises Limited,Thermal Coal,Energy,Mr. Gautambhai Shantilal Adani S.Y. B.Com,"Ahmedabad, India",https://www.adanienterprises.com,2311.75,2238.85,2668245024768,77.16122,29.96,0.00059999997,3743.9,2025.0
2024-11-12 00:00:00+05:30,2910.0,2314.95,2213.75,2870.0,1376164,0.0,0.0,ADANIENT.NS,Adani Enterprises Limited,Thermal Coal,Energy,Mr. Gautambhai Shantilal Adani S.Y. B.Com,"Ahmedabad, India",https://www.adanienterprises.com,2311.75,2238.85,2668245024768,77.16122,29.96,0.00059999997,3743.9,2025.0
2024-11-13 00:00:00+05:30,2860.0,2314.95,2213.75,2816.699951171875,1376164,0.0,0.0,ADANIENT.NS,Adani Enterprises Limited,Thermal Coal,Energy,Mr. Gautambhai Shantilal Adani S.Y. B.Com,"Ahmedabad, India",https://www.adanienterprises.com,2311.75,2238.85,2668245024768,77.16122,29.96,0.00059999997,3743.9,2025.0
2024-11-14 00:00:00+05:30,2824.0,2314.95,2213.75,2826.800048828125,1376164,0.0,0.0,ADANIENT.NS,Adani Enterprises Limited,Thermal Coal,Energy,Mr. Gautambhai Shantilal Adani S.Y. B.Com,"Ahmedabad, India",https://www.adanienterprises.com,2311.75,2238.85,2668245024768,77.16122,29.96,0.00059999997,3743.9,2025.0
2024-11-18 00:00:00+05:30,2826.800048828125,2314.95,2213.75,2818.699951171875,1376164,0.0,0.0,ADANIENT.NS,Adani Enterprises Limited,Thermal Coal,Energy,Mr. Gautambhai Shantilal Adani S.Y. B.Com,"Ahmedabad, India",https://www.adanienterprises.com,2311.75,2238.85,2668245024768,77.16122,29.96,0.00059999997,3743.9,2025.0
2024-11-19 00:00:00+05:30,2831.0,2314.95,2213.75,2821.5,1376164,0.0,0.0,ADANIENT.NS,Adani Enterprises Limited,Thermal Coal,Energy,Mr. Gautambhai Shantilal Adani S.Y. B.Com,"Ahmedabad, India",https://www.adanienterprises.com,2311.75,2238.85,2668245024768,77.16122,29.96,0.00059999997,3743.9,2025.0
2024-11-21 00:00:00+05:30,2539.35009765625,2314.95,2213.75,2183.64990234375,1376164,0.0,0.0,ADANIENT.NS,Adani Enterprises Limited,Thermal Coal,Energy,Mr. Gautambhai Shantilal Adani S.Y. B.Com,"Ahmedabad, India",https://www.adanienterprises.com,2311.75,2238.85,2668245024768,77.16122,29.96,0.00059999997,3743.9,2025.0
2024-11-22 00:00:00+05:30,2101.0,2314.95,2213.75,2228.0,1376164,0.0,0.0,ADANIENT.NS,Adani Enterprises Limited,Thermal Coal,Energy,Mr. Gautambhai Shantilal Adani S.Y. B.Com,"Ahmedabad, India",https://www.adanienterprises.com,2311.75,2238.85,2668245024768,77.16122,29.96,0.00059999997,3743.9,2025.0
2024-11-25 00:00:00+05:30,2315.0,2314.95,2213.75,2257.5,1376164,0.0,0.0,ADANIENT.NS,Adani Enterprises Limited,Thermal Coal,Energy,Mr. Gautambhai Shantilal Adani S.Y. B.Com,"Ahmedabad, India",https://www.adanienterprises.com,2311.75,2238.85,2668245024768,77.16122,29.96,0.00059999997,3743.9,2025.0
2024-11-26 00:00:00+05:30,2265.60009765625,2314.95,2213.75,2150.5,1376164,0.0,0.0,ADANIENT.NS,Adani Enterprises Limited,Thermal Coal,Energy,Mr. Gautambhai Shantilal Adani S.Y. B.Com,"Ahmedabad, India",https://www.adanienterprises.com,2311.75,2238.85,2668245024768,77.16122,29.96,0.00059999997,3743.9,2025.0
2024-11-27 00:00:00+05:30,2180.0,2314.95,2213.75,2397.800048828125,1376164,0.0,0.0,ADANIENT.NS,Adani Enterprises Limited,Thermal Coal,Energy,Mr. Gautambhai Shantilal Adani S.Y. B.Com,"Ahmedabad, India",https://www.adanienterprises.com,2311.75,2238.85,2668245024768,77.16122,29.96,0.00059999997,3743.9,2025.0
2024-11-28 00:00:00+05:30,2440.0,2314.95,2213.75,2437.10009765625,1376164,0.0,0.0,ADANIENT.NS,Adani Enterprises Limited,Thermal Coal,Energy,Mr. Gautambhai Shantilal Adani S.Y. B.Com,"Ahmedabad, India",https://www.adanienterprises.com,2311.75,2238.85,2668245024768,77.16122,29.96,0.00059999997,3743.9,2025.0
2024-11-29 00:00:00+05:30,2464.050048828125,2314.95,2213.75,2463.14990234375,1376164,0.0,0.0,ADANIENT.NS,Adani Enterprises Limited,Thermal Coal,Energy,Mr. Gautambhai Shantilal Adani S.Y. B.Com,"Ahmedabad, India",https://www.adanienterprises.com,2311.75,2238.85,2668245024768,77.16122,29.96,0.00059999997,3743.9,2025.0
2024-12-02 00:00:00+05:30,2491.35009765625,2314.95,2213.75,2457.050048828125,1376164,0.0,0.0,ADANIENT.NS,Adani Enterprises Limited,Thermal Coal,Energy,Mr. Gautambhai Shantilal Adani S.Y. B.Com,"Ahmedabad, India",https://www.adanienterprises.com,2311.75,2238.85,2668245024768,77.16122,29.96,0.00059999997,3743.9,2025.0
2024-12-03 00:00:00+05:30,2464.0,2314.95,2213.75,2514.199951171875,1376164,0.0,0.0,ADANIENT.NS,Adani Enterprises Limited,Thermal Coal,Energy,Mr. Gautambhai Shantilal Adani S.Y. B.Com,"Ahmedabad, India",https://www.adanienterprises.com,2311.75,2238.85,2668245024768,77.16122,29.96,0.00059999997,3743.9,2025.0
2024-12-04 00:00:00+05:30,2528.0,2314.95,2213.75,2494.75,1376164,0.0,0.0,ADANIENT.NS,Adani Enterprises Limited,Thermal Coal,Energy,Mr. Gautambhai Shantilal Adani S.Y. B.Com,"Ahmedabad, India",https://www.adanienterprises.com,2311.75,2238.85,2668245024768,77.16122,29.96,0.00059999997,3743.9,2025.0
2024-12-05 00:00:00+05:30,2505.0,2314.95,2213.75,2522.550048828125,1376164,0.0,0.0,ADANIENT.NS,Adani Enterprises Limited,Thermal Coal,Energy,Mr. Gautambhai Shantilal Adani S.Y. B.Com,"Ahmedabad, India",https://www.adanienterprises.com,2311.75,2238.85,2668245024768,77.16122,29.96,0.00059999997,3743.9,2025.0
2024-12-06 00:00:00+05:30,2520.0,2314.95,2213.75,2506.39990234375,1376164,0.0,0.0,ADANIENT.NS,Adani Enterprises Limited,Thermal Coal,Energy,Mr. Gautambhai Shantilal Adani S.Y. B.Com,"Ahmedabad, India",https://www.adanienterprises.com,2311.75,2238.85,2668245024768,77.16122,29.96,0.00059999997,3743.9,2025.0
2024-12-09 00:00:00+05:30,2507.89990234375,2314.95,2213.75,2495.85009765625,1376164,0.0,0.0,ADANIENT.NS,Adani Enterprises Limited,Thermal Coal,Energy,Mr. Gautambhai Shantilal Adani S.Y. B.Com,"Ahmedabad, India",https://www.adanienterprises.com,2311.75,2238.85,2668245024768,77.16122,29.96,0.00059999997,3743.9,2025.0
2024-12-10 00:00:00+05:30,2501.0,2314.95,2213.75,2467.199951171875,1376164,0.0,0.0,ADANIENT.NS,Adani Enterprises Limited,Thermal Coal,Energy,Mr. Gautambhai Shantilal Adani S.Y. B.Com,"Ahmedabad, India",https://www.adanienterprises.com,2311.75,2238.85,2668245024768,77.16122,29.96,0.00059999997,3743.9,2025.0
2024-12-11 00:00:00+05:30,2469.0,2314.95,2213.75,2457.25,1376164,0.0,0.0,ADANIENT.NS,Adani Enterprises Limited,Thermal Coal,Energy,Mr. Gautambhai Shantilal Adani S.Y. B.Com,"Ahmedabad, India",https://www.adanienterprises.com,2311.75,2238.85,2668245024768,77.16122,29.96,0.00059999997,3743.9,2025.0
2024-12-12 00:00:00+05:30,2457.0,2314.95,2213.75,2504.10009765625,1376164,0.0,0.0,ADANIENT.NS,Adani Enterprises Limited,Thermal Coal,Energy,Mr. Gautambhai Shantilal Adani S.Y. B.Com,"Ahmedabad, India",https://www.adanienterprises.com,2311.75,2238.85,2668245024768,77.16122,29.96,0.00059999997,3743.9,2025.0
2024-12-13 00:00:00+05:30,2504.0,2314.95,2213.75,2527.550048828125,1376164,0.0,0.0,ADANIENT.NS,Adani Enterprises Limited,Thermal Coal,Energy,Mr. Gautambhai Shantilal Adani S.Y. B.Com,"Ahmedabad, India",https://www.adanienterprises.com,2311.75,2238.85,2668245024768,77.16122,29.96,0.00059999997,3743.9,2025.0
2024-12-16 00:00:00+05:30,2530.0,2314.95,2213.75,2512.39990234375,1376164,0.0,0.0,ADANIENT.NS,Adani Enterprises Limited,Thermal Coal,Energy,Mr. Gautambhai Shantilal Adani S.Y. B.Com,"Ahmedabad, India",https://www.adanienterprises.com,2311.75,2238.85,2668245024768,77.16122,29.96,0.00059999997,3743.9,2025.0
2024-12-17 00:00:00+05:30,2512.0,2314.95,2213.75,2487.60009765625,1376164,0.0,0.0,ADANIENT.NS,Adani Enterprises Limited,Thermal Coal,Energy,Mr. Gautambhai Shantilal Adani S.Y. B.Com,"Ahmedabad, India",https://www.adanienterprises.com,2311.75,2238.85,2668245024768,77.16122,29.96,0.00059999997,3743.9,2025.0
2024-12-18 00:00:00+05:30,2489.0,2314.95,2213.75,2457.39990234375,1376164,0.0,0.0,ADANIENT.NS,Adani Enterprises Limited,Thermal Coal,Energy,Mr. Gautambhai Shantilal Adani S.Y. B.Com,"Ahmedabad, India",https://www.adanienterprises.com,2311.75,2238.85,2668245024768,77.16122,29.96,0.00059999997,3743.9,2025.0
2024-12-19 00:00:00+05:30,2429.0,2314.95,2213.75,2419.35009765625,1376164,0.0,0.0,ADANIENT.NS,Adani Enterprises Limited,Thermal Coal,Energy,Mr. Gautambhai Shantilal Adani S.Y. B.Com,"Ahmedabad, India",https://www.adanienterprises.com,2311.75,2238.85,2668245024768,77.16122,29.96,0.00059999997,3743.9,2025.0
2024-12-20 00:00:00+05:30,2429.0,2314.95,2213.75,2344.949951171875,1376164,0.0,0.0,ADANIENT.NS,Adani Enterprises Limited,Thermal Coal,Energy,Mr. Gautambhai Shantilal Adani S.Y. B.Com,"Ahmedabad, India",https://www.adanienterprises.com,2311.75,2238.85,2668245024768,77.16122,29.96,0.00059999997,3743.9,2025.0
2024-12-23 00:00:00+05:30,2373.949951171875,2314.95,2213.75,2338.949951171875,1376164,0.0,0.0,ADANIENT.NS,Adani Enterprises Limited,Thermal Coal,Energy,Mr. Gautambhai Shantilal Adani S.Y. B.Com,"Ahmedabad, India",https://www.adanienterprises.com,2311.75,2238.85,2668245024768,77.16122,29.96,0.00059999997,3743.9,2025.0
2024-12-24 00:00:00+05:30,2355.199951171875,2314.95,2213.75,2372.449951171875,1376164,0.0,0.0,ADANIENT.NS,Adani Enterprises Limited,Thermal Coal,Energy,Mr. Gautambhai Shantilal Adani S.Y. B.Com,"Ahmedabad, India",https://www.adanienterprises.com,2311.75,2238.85,2668245024768,77.16122,29.96,0.00059999997,3743.9,2025.0
2024-12-26 00:00:00+05:30,2378.050048828125,2314.95,2213.75,2400.25,1376164,0.0,0.0,ADANIENT.NS,Adani Enterprises Limited,Thermal Coal,Energy,Mr. Gautambhai Shantilal Adani S.Y. B.Com,"Ahmedabad, India",https://www.adanienterprises.com,2311.75,2238.85,2668245024768,77.16122,29.96,0.00059999997,3743.9,2025.0
2024-12-27 00:00:00+05:30,2415.0,2314.95,2213.75,2409.949951171875,1376164,0.0,0.0,ADANIENT.NS,Adani Enterprises Limited,Thermal Coal,Energy,Mr. Gautambhai Shantilal Adani S.Y. B.Com,"Ahmedabad, India",https://www.adanienterprises.com,2311.75,2238.85,2668245024768,77.16122,29.96,0.00059999997,3743.9,2025.0
2024-12-30 00:00:00+05:30,2425.0,2314.95,2213.75,2592.35009765625,1376164,0.0,0.0,ADANIENT.NS,Adani Enterprises Limited,Thermal Coal,Energy,Mr. Gautambhai Shantilal Adani S.Y. B.Com,"Ahmedabad, India",https://www.adanienterprises.com,2311.75,2238.85,2668245024768,77.16122,29.96,0.00059999997,3743.9,2025.0
2024-12-31 00:00:00+05:30,2575.0,2314.95,2213.75,2528.64990234375,1376164,0.0,0.0,ADANIENT.NS,Adani Enterprises Limited,Thermal Coal,Energy,Mr. Gautambhai Shantilal Adani S.Y. B.Com,"Ahmedabad, India",https://www.adanienterprises.com,2311.75,2238.85,2668245024768,77.16122,29.96,0.00059999997,3743.9,2025.0
2025-01-01 00:00:00+05:30,2536.0,2314.95,2213.75,2554.85009765625,1376164,0.0,0.0,ADANIENT.NS,Adani Enterprises Limited,Thermal Coal,Energy,Mr. Gautambhai Shantilal Adani S.Y. B.Com,"Ahmedabad, India",https://www.adanienterprises.com,2311.75,2238.85,2668245024768,77.16122,29.96,0.00059999997,3743.9,2025.0
2025-01-02 00:00:00+05:30,2565.699951171875,2314.95,2213.75,2597.699951171875,1376164,0.0,0.0,ADANIENT.NS,Adani Enterprises Limited,Thermal Coal,Energy,Mr. Gautambhai Shantilal Adani S.Y. B.Com,"Ahmedabad, India",https://www.adanienterprises.com,2311.75,2238.85,2668245024768,77.16122,29.96,0.00059999997,3743.9,2025.0
2025-01-03 00:00:00+05:30,2580.0,2314.95,2213.75,2564.60009765625,1376164,0.0,0.0,ADANIENT.NS,Adani Enterprises Limited,Thermal Coal,Energy,Mr. Gautambhai Shantilal Adani S.Y. B.Com,"Ahmedabad, India",https://www.adanienterprises.com,2311.75,2238.85,2668245024768,77.16122,29.96,0.00059999997,3743.9,2025.0
2025-01-06 00:00:00+05:30,2557.64990234375,2314.95,2213.75,2474.449951171875,1376164,0.0,0.0,ADANIENT.NS,Adani Enterprises Limited,Thermal Coal,Energy,Mr. Gautambhai Shantilal Adani S.Y. B.Com,"Ahmedabad, India",https://www.adanienterprises.com,2311.75,2238.85,2668245024768,77.16122,29.96,0.00059999997,3743.9,2025.0
2025-01-07 00:00:00+05:30,2474.64990234375,2314.95,2213.75,2520.550048828125,1376164,0.0,0.0,ADANIENT.NS,Adani Enterprises Limited,Thermal Coal,Energy,Mr. Gautambhai Shantilal Adani S.Y. B.Com,"Ahmedabad, India",https://www.adanienterprises.com,2311.75,2238.85,2668245024768,77.16122,29.96,0.00059999997,3743.9,2025.0
2025-01-08 00:00:00+05:30,2520.550048828125,2314.95,2213.75,2515.25,1376164,0.0,0.0,ADANIENT.NS,Adani Enterprises Limited,Thermal Coal,Energy,Mr. Gautambhai Shantilal Adani S.Y. B.Com,"Ahmedabad, India",https://www.adanienterprises.com,2311.75,2238.85,2668245024768,77.16122,29.96,0.00059999997,3743.9,2025.0
2025-01-09 00:00:00+05:30,2517.0,2314.95,2213.75,2477.89990234375,1376164,0.0,0.0,ADANIENT.NS,Adani Enterprises Limited,Thermal Coal,Energy,Mr. Gautambhai Shantilal Adani S.Y. B.Com,"Ahmedabad, India",https://www.adanienterprises.com,2311.75,2238.85,2668245024768,77.16122,29.96,0.00059999997,3743.9,2025.0
2025-01-10 00:00:00+05:30,2480.0,2314.95,2213.75,2374.39990234375,1376164,0.0,0.0,ADANIENT.NS,Adani Enterprises Limited,Thermal Coal,Energy,Mr. Gautambhai Shantilal Adani S.Y. B.Com,"Ahmedabad, India",https://www.adanienterprises.com,2311.75,2238.85,2668245024768,77.16122,29.96,0.00059999997,3743.9,2025.0
2025-01-13 00:00:00+05:30,2365.0,2314.95,2213.75,2225.14990234375,1376164,0.0,0.0,ADANIENT.NS,Adani Enterprises Limited,Thermal Coal,Energy,Mr. Gautambhai Shantilal Adani S.Y. B.Com,"Ahmedabad, India",https://www.adanienterprises.com,2311.75,2238.85,2668245024768,77.16122,29.96,0.00059999997,3743.9,2025.0
2025-01-14 00:00:00+05:30,2241.5,2314.95,2213.75,2380.550048828125,1376164,0.0,0.0,ADANIENT.NS,Adani Enterprises Limited,Thermal Coal,Energy,Mr. Gautambhai Shantilal Adani S.Y. B.Com,"Ahmedabad, India",https://www.adanienterprises.com,2311.75,2238.85,2668245024768,77.16122,29.96,0.00059999997,3743.9,2025.0
2025-01-15 00:00:00+05:30,2399.0,2314.95,2213.75,2388.14990234375,1376164,0.0,0.0,ADANIENT.NS,Adani Enterprises Limited,Thermal Coal,Energy,Mr. Gautambhai Shantilal Adani S.Y. B.Com,"Ahmedabad, India",https://www.adanienterprises.com,2311.75,2238.85,2668245024768,77.16122,29.96,0.00059999997,3743.9,2025.0
2025-01-16 00:00:00+05:30,2500.0,2314.95,2213.75,2427.85009765625,1376164,0.0,0.0,ADANIENT.NS,Adani Enterprises Limited,Thermal Coal,Energy,Mr. Gautambhai Shantilal Adani S.Y. B.Com,"Ahmedabad, India",https://www.adanienterprises.com,2311.75,2238.85,2668245024768,77.16122,29.96,0.00059999997,3743.9,2025.0
2025-01-17 00:00:00+05:30,2450.0,2314.95,2213.75,2399.800048828125,1376164,0.0,0.0,ADANIENT.NS,Adani Enterprises Limited,Thermal Coal,Energy,Mr. Gautambhai Shantilal Adani S.Y. B.Com,"Ahmedabad, India",https://www.adanienterprises.com,2311.75,2238.85,2668245024768,77.16122,29.96,0.00059999997,3743.9,2025.0
2025-01-20 00:00:00+05:30,2413.75,2314.95,2213.75,2442.800048828125,1376164,0.0,0.0,ADANIENT.NS,Adani Enterprises Limited,Thermal Coal,Energy,Mr. Gautambhai Shantilal Adani S.Y. B.Com,"Ahmedabad, India",https://www.adanienterprises.com,2311.75,2238.85,2668245024768,77.16122,29.96,0.00059999997,3743.9,2025.0
2025-01-21 00:00:00+05:30,2441.75,2314.95,2213.75,2384.300048828125,1376164,0.0,0.0,ADANIENT.NS,Adani Enterprises Limited,Thermal Coal,Energy,Mr. Gautambhai Shantilal Adani S.Y. B.Com,"Ahmedabad, India",https://www.adanienterprises.com,2311.75,2238.85,2668245024768,77.16122,29.96,0.00059999997,3743.9,2025.0
2025-01-22 00:00:00+05:30,2399.0,2314.95,2213.75,2376.550048828125,1376164,0.0,0.0,ADANIENT.NS,Adani Enterprises Limited,Thermal Coal,Energy,Mr. Gautambhai Shantilal Adani S.Y. B.Com,"Ahmedabad, India",https://www.adanienterprises.com,2311.75,2238.85,2668245024768,77.16122,29.96,0.00059999997,3743.9,2025.0
2025-01-23 00:00:00+05:30,2383.0,2314.95,2213.75,2385.0,1376164,0.0,0.0,ADANIENT.NS,Adani Enterprises Limited,Thermal Coal,Energy,Mr. Gautambhai Shantilal Adani S.Y. B.Com,"Ahmedabad, India",https://www.adanienterprises.com,2311.75,2238.85,2668245024768,77.16122,29.96,0.00059999997,3743.9,2025.0
2025-01-24 00:00:00+05:30,2387.75,2314.95,2213.75,2315.10009765625,1376164,0.0,0.0,ADANIENT.NS,Adani Enterprises Limited,Thermal Coal,Energy,Mr. Gautambhai Shantilal Adani S.Y. B.Com,"Ahmedabad, India",https://www.adanienterprises.com,2311.75,2238.85,2668245024768,77.16122,29.96,0.00059999997,3743.9,2025.0
2025-01-27 00:00:00+05:30,2310.050048828125,2314.95,2213.75,2259.699951171875,1376164,0.0,0.0,ADANIENT.NS,Adani Enterprises Limited,Thermal Coal,Energy,Mr. Gautambhai Shantilal Adani S.Y. B.Com,"Ahmedabad, India",https://www.adanienterprises.com,2311.75,2238.85,2668245024768,77.16122,29.96,0.00059999997,3743.9,2025.0
2025-01-28 00:00:00+05:30,2274.199951171875,2314.95,2213.75,2286.050048828125,1376164,0.0,0.0,ADANIENT.NS,Adani Enterprises Limited,Thermal Coal,Energy,Mr. Gautambhai Shantilal Adani S.Y. B.Com,"Ahmedabad, India",https://www.adanienterprises.com,2311.75,2238.85,2668245024768,77.16122,29.96,0.00059999997,3743.9,2025.0
2025-01-29 00:00:00+05:30,2297.0,2314.95,2213.75,2318.60009765625,1376164,0.0,0.0,ADANIENT.NS,Adani Enterprises Limited,Thermal Coal,Energy,Mr. Gautambhai Shantilal Adani S.Y. B.Com,"Ahmedabad, India",https://www.adanienterprises.com,2311.75,2238.85,2668245024768,77.16122,29.96,0.00059999997,3743.9,2025.0
2025-01-31 00:00:00+05:30,2238.85009765625,2314.95,2213.75,2311.75,1376164,0.0,0.0,ADANIENT.NS,Adani Enterprises Limited,Thermal Coal,Energy,Mr. Gautambhai Shantilal Adani S.Y. B.Com,"Ahmedabad, India",https://www.adanienterprises.com,2311.75,2238.85,2668245024768,77.16122,29.96,0.00059999997,3743.9,2025.0
=======
2002-07-01 00:00:00+05:30,-0.010454655015329588,2314.95,2213.75,-0.010442906059324741,1379552,0.0,0.0,ADANIENT.NS,Adani Enterprises Limited,Thermal Coal,Energy,Mr. Gautambhai Shantilal Adani S.Y. B.Com,"Ahmedabad, India",https://www.adanienterprises.com,2308.8,2238.85,2664840298496,77.06275,29.96,0.00059999997,3743.9,2025.0
2002-07-02 00:00:00+05:30,-0.010624976713195879,2314.95,2213.75,-0.010525131598114967,1379552,0.0,0.0,ADANIENT.NS,Adani Enterprises Limited,Thermal Coal,Energy,Mr. Gautambhai Shantilal Adani S.Y. B.Com,"Ahmedabad, India",https://www.adanienterprises.com,2308.8,2238.85,2664840298496,77.06275,29.96,0.00059999997,3743.9,2025.0
2002-07-03 00:00:00+05:30,-0.010513383555485693,2314.95,2213.75,-0.010525131598114967,1379552,0.0,0.0,ADANIENT.NS,Adani Enterprises Limited,Thermal Coal,Energy,Mr. Gautambhai Shantilal Adani S.Y. B.Com,"Ahmedabad, India",https://www.adanienterprises.com,2308.8,2238.85,2664840298496,77.06275,29.96,0.00059999997,3743.9,2025.0
2002-07-04 00:00:00+05:30,-0.0105721202242019,2314.95,2213.75,-0.010583869181573391,1379552,0.0,0.0,ADANIENT.NS,Adani Enterprises Limited,Thermal Coal,Energy,Mr. Gautambhai Shantilal Adani S.Y. B.Com,"Ahmedabad, India",https://www.adanienterprises.com,2308.8,2238.85,2664840298496,77.06275,29.96,0.00059999997,3743.9,2025.0
2002-07-05 00:00:00+05:30,-0.010642607360749968,2314.95,2213.75,-0.010560373775660992,1379552,0.0,0.0,ADANIENT.NS,Adani Enterprises Limited,Thermal Coal,Energy,Mr. Gautambhai Shantilal Adani S.Y. B.Com,"Ahmedabad, India",https://www.adanienterprises.com,2308.8,2238.85,2664840298496,77.06275,29.96,0.00059999997,3743.9,2025.0
2002-07-08 00:00:00+05:30,-0.010689590433210563,2314.95,2213.75,-0.011024370789527893,1379552,0.0,0.0,ADANIENT.NS,Adani Enterprises Limited,Thermal Coal,Energy,Mr. Gautambhai Shantilal Adani S.Y. B.Com,"Ahmedabad, India",https://www.adanienterprises.com,2308.8,2238.85,2664840298496,77.06275,29.96,0.00059999997,3743.9,2025.0
2002-07-09 00:00:00+05:30,-0.010983256017070767,2314.95,2213.75,-0.010736579075455666,1379552,0.0,0.0,ADANIENT.NS,Adani Enterprises Limited,Thermal Coal,Energy,Mr. Gautambhai Shantilal Adani S.Y. B.Com,"Ahmedabad, India",https://www.adanienterprises.com,2308.8,2238.85,2664840298496,77.06275,29.96,0.00059999997,3743.9,2025.0
2002-07-10 00:00:00+05:30,-0.010807055761465473,2314.95,2213.75,-0.010724829509854317,1379552,0.0,0.0,ADANIENT.NS,Adani Enterprises Limited,Thermal Coal,Energy,Mr. Gautambhai Shantilal Adani S.Y. B.Com,"Ahmedabad, India",https://www.adanienterprises.com,2308.8,2238.85,2664840298496,77.06275,29.96,0.00059999997,3743.9,2025.0
2002-07-11 00:00:00+05:30,-0.011106599323147474,2314.95,2213.75,-0.010548630729317665,1379552,0.0,0.0,ADANIENT.NS,Adani Enterprises Limited,Thermal Coal,Energy,Mr. Gautambhai Shantilal Adani S.Y. B.Com,"Ahmedabad, India",https://www.adanienterprises.com,2308.8,2238.85,2664840298496,77.06275,29.96,0.00059999997,3743.9,2025.0
2002-07-12 00:00:00+05:30,-0.010666095853492112,2314.95,2213.75,-0.010630857199430466,1379552,0.0,0.0,ADANIENT.NS,Adani Enterprises Limited,Thermal Coal,Energy,Mr. Gautambhai Shantilal Adani S.Y. B.Com,"Ahmedabad, India",https://www.adanienterprises.com,2308.8,2238.85,2664840298496,77.06275,29.96,0.00059999997,3743.9,2025.0
2002-07-15 00:00:00+05:30,-0.010513382841557586,2314.95,2213.75,-0.010413537733256817,1379552,0.0,0.0,ADANIENT.NS,Adani Enterprises Limited,Thermal Coal,Energy,Mr. Gautambhai Shantilal Adani S.Y. B.Com,"Ahmedabad, India",https://www.adanienterprises.com,2308.8,2238.85,2664840298496,77.06275,29.96,0.00059999997,3743.9,2025.0
2002-07-16 00:00:00+05:30,-0.010454656251166232,2314.95,2213.75,-0.010507513768970966,1379552,0.0,0.0,ADANIENT.NS,Adani Enterprises Limited,Thermal Coal,Energy,Mr. Gautambhai Shantilal Adani S.Y. B.Com,"Ahmedabad, India",https://www.adanienterprises.com,2308.8,2238.85,2664840298496,77.06275,29.96,0.00059999997,3743.9,2025.0
2002-07-17 00:00:00+05:30,-0.010513385335263794,2314.95,2213.75,-0.010425289161503315,1379552,0.0,0.0,ADANIENT.NS,Adani Enterprises Limited,Thermal Coal,Energy,Mr. Gautambhai Shantilal Adani S.Y. B.Com,"Ahmedabad, India",https://www.adanienterprises.com,2308.8,2238.85,2664840298496,77.06275,29.96,0.00059999997,3743.9,2025.0
2002-07-18 00:00:00+05:30,-0.010707211507843137,2314.95,2213.75,-0.010548630729317665,1379552,0.0,0.0,ADANIENT.NS,Adani Enterprises Limited,Thermal Coal,Energy,Mr. Gautambhai Shantilal Adani S.Y. B.Com,"Ahmedabad, India",https://www.adanienterprises.com,2308.8,2238.85,2664840298496,77.06275,29.96,0.00059999997,3743.9,2025.0
2002-07-19 00:00:00+05:30,-0.010630855895090056,2314.95,2213.75,-0.010507513768970966,1379552,0.0,0.0,ADANIENT.NS,Adani Enterprises Limited,Thermal Coal,Energy,Mr. Gautambhai Shantilal Adani S.Y. B.Com,"Ahmedabad, India",https://www.adanienterprises.com,2308.8,2238.85,2664840298496,77.06275,29.96,0.00059999997,3743.9,2025.0
2002-07-22 00:00:00+05:30,-0.010337186098891565,2314.95,2213.75,-0.01026083156466484,1379552,0.0,0.0,ADANIENT.NS,Adani Enterprises Limited,Thermal Coal,Energy,Mr. Gautambhai Shantilal Adani S.Y. B.Com,"Ahmedabad, India",https://www.adanienterprises.com,2308.8,2238.85,2664840298496,77.06275,29.96,0.00059999997,3743.9,2025.0
2002-07-23 00:00:00+05:30,-0.009984778518264861,2314.95,2213.75,-0.01026083156466484,1379552,0.0,0.0,ADANIENT.NS,Adani Enterprises Limited,Thermal Coal,Energy,Mr. Gautambhai Shantilal Adani S.Y. B.Com,"Ahmedabad, India",https://www.adanienterprises.com,2308.8,2238.85,2664840298496,77.06275,29.96,0.00059999997,3743.9,2025.0
2002-07-24 00:00:00+05:30,-0.010160984622893655,2314.95,2213.75,-0.00999065488576889,1379552,0.0,0.0,ADANIENT.NS,Adani Enterprises Limited,Thermal Coal,Energy,Mr. Gautambhai Shantilal Adani S.Y. B.Com,"Ahmedabad, India",https://www.adanienterprises.com,2308.8,2238.85,2664840298496,77.06275,29.96,0.00059999997,3743.9,2025.0
2002-07-25 00:00:00+05:30,-0.01027844848634803,2314.95,2213.75,-0.01008462905883789,1379552,0.0,0.0,ADANIENT.NS,Adani Enterprises Limited,Thermal Coal,Energy,Mr. Gautambhai Shantilal Adani S.Y. B.Com,"Ahmedabad, India",https://www.adanienterprises.com,2308.8,2238.85,2664840298496,77.06275,29.96,0.00059999997,3743.9,2025.0
2002-07-26 00:00:00+05:30,-0.00983794281368291,2314.95,2213.75,-0.009773336350917816,1379552,0.0,0.0,ADANIENT.NS,Adani Enterprises Limited,Thermal Coal,Energy,Mr. Gautambhai Shantilal Adani S.Y. B.Com,"Ahmedabad, India",https://www.adanienterprises.com,2308.8,2238.85,2664840298496,77.06275,29.96,0.00059999997,3743.9,2025.0
2002-07-29 00:00:00+05:30,-0.009926045820025195,2314.95,2213.75,-0.009532528929412365,1379552,0.0,0.0,ADANIENT.NS,Adani Enterprises Limited,Thermal Coal,Energy,Mr. Gautambhai Shantilal Adani S.Y. B.Com,"Ahmedabad, India",https://www.adanienterprises.com,2308.8,2238.85,2664840298496,77.06275,29.96,0.00059999997,3743.9,2025.0
2002-07-30 00:00:00+05:30,-0.009926045287448879,2314.95,2213.75,-0.009426805190742016,1379552,0.0,0.0,ADANIENT.NS,Adani Enterprises Limited,Thermal Coal,Energy,Mr. Gautambhai Shantilal Adani S.Y. B.Com,"Ahmedabad, India",https://www.adanienterprises.com,2308.8,2238.85,2664840298496,77.06275,29.96,0.00059999997,3743.9,2025.0
2002-07-31 00:00:00+05:30,-0.009573641087777604,2314.95,2213.75,-0.009338704869151115,1379552,0.0,0.0,ADANIENT.NS,Adani Enterprises Limited,Thermal Coal,Energy,Mr. Gautambhai Shantilal Adani S.Y. B.Com,"Ahmedabad, India",https://www.adanienterprises.com,2308.8,2238.85,2664840298496,77.06275,29.96,0.00059999997,3743.9,2025.0
2002-08-01 00:00:00+05:30,-0.009397441210048213,2314.95,2213.75,-0.009450298734009266,1379552,0.0,0.0,ADANIENT.NS,Adani Enterprises Limited,Thermal Coal,Energy,Mr. Gautambhai Shantilal Adani S.Y. B.Com,"Ahmedabad, India",https://www.adanienterprises.com,2308.8,2238.85,2664840298496,77.06275,29.96,0.00059999997,3743.9,2025.0
2002-08-02 00:00:00+05:30,-0.009397439478361328,2314.95,2213.75,-0.009356322698295116,1379552,0.0,0.0,ADANIENT.NS,Adani Enterprises Limited,Thermal Coal,Energy,Mr. Gautambhai Shantilal Adani S.Y. B.Com,"Ahmedabad, India",https://www.adanienterprises.com,2308.8,2238.85,2664840298496,77.06275,29.96,0.00059999997,3743.9,2025.0
2002-08-05 00:00:00+05:30,-0.009867312959869135,2314.95,2213.75,-0.009338704869151115,1379552,0.0,0.0,ADANIENT.NS,Adani Enterprises Limited,Thermal Coal,Energy,Mr. Gautambhai Shantilal Adani S.Y. B.Com,"Ahmedabad, India",https://www.adanienterprises.com,2308.8,2238.85,2664840298496,77.06275,29.96,0.00059999997,3743.9,2025.0
2002-08-06 00:00:00+05:30,-0.009397440860034002,2314.95,2213.75,-0.00920949224382639,1379552,0.0,0.0,ADANIENT.NS,Adani Enterprises Limited,Thermal Coal,Energy,Mr. Gautambhai Shantilal Adani S.Y. B.Com,"Ahmedabad, India",https://www.adanienterprises.com,2308.8,2238.85,2664840298496,77.06275,29.96,0.00059999997,3743.9,2025.0
2002-08-07 00:00:00+05:30,-0.009514904698949781,2314.95,2213.75,-0.009379821829497814,1379552,0.0,0.0,ADANIENT.NS,Adani Enterprises Limited,Thermal Coal,Energy,Mr. Gautambhai Shantilal Adani S.Y. B.Com,"Ahmedabad, India",https://www.adanienterprises.com,2308.8,2238.85,2664840298496,77.06275,29.96,0.00059999997,3743.9,2025.0
2002-08-08 00:00:00+05:30,-0.009573640017718368,2314.95,2213.75,-0.009238858707249165,1379552,0.0,0.0,ADANIENT.NS,Adani Enterprises Limited,Thermal Coal,Energy,Mr. Gautambhai Shantilal Adani S.Y. B.Com,"Ahmedabad, India",https://www.adanienterprises.com,2308.8,2238.85,2664840298496,77.06275,29.96,0.00059999997,3743.9,2025.0
2002-08-09 00:00:00+05:30,-0.009279970574695033,2314.95,2213.75,-0.00930933840572834,1379552,0.0,0.0,ADANIENT.NS,Adani Enterprises Limited,Thermal Coal,Energy,Mr. Gautambhai Shantilal Adani S.Y. B.Com,"Ahmedabad, India",https://www.adanienterprises.com,2308.8,2238.85,2664840298496,77.06275,29.96,0.00059999997,3743.9,2025.0
2002-08-12 00:00:00+05:30,-0.009344581748363189,2314.95,2213.75,-0.009350452572107315,1379552,0.0,0.0,ADANIENT.NS,Adani Enterprises Limited,Thermal Coal,Energy,Mr. Gautambhai Shantilal Adani S.Y. B.Com,"Ahmedabad, India",https://www.adanienterprises.com,2308.8,2238.85,2664840298496,77.06275,29.96,0.00059999997,3743.9,2025.0
2002-08-13 00:00:00+05:30,-0.009362202682128246,2314.95,2213.75,-0.009315215982496738,1379552,0.0,0.0,ADANIENT.NS,Adani Enterprises Limited,Thermal Coal,Energy,Mr. Gautambhai Shantilal Adani S.Y. B.Com,"Ahmedabad, India",https://www.adanienterprises.com,2308.8,2238.85,2664840298496,77.06275,29.96,0.00059999997,3743.9,2025.0
2002-08-14 00:00:00+05:30,-0.009373943527578008,2314.95,2213.75,-0.009221240878105164,1379552,0.0,0.0,ADANIENT.NS,Adani Enterprises Limited,Thermal Coal,Energy,Mr. Gautambhai Shantilal Adani S.Y. B.Com,"Ahmedabad, India",https://www.adanienterprises.com,2308.8,2238.85,2664840298496,77.06275,29.96,0.00059999997,3743.9,2025.0
2002-08-15 00:00:00+05:30,-0.009221240878105164,2314.95,2213.75,-0.009221240878105164,1379552,0.0,0.0,ADANIENT.NS,Adani Enterprises Limited,Thermal Coal,Energy,Mr. Gautambhai Shantilal Adani S.Y. B.Com,"Ahmedabad, India",https://www.adanienterprises.com,2308.8,2238.85,2664840298496,77.06275,29.96,0.00059999997,3743.9,2025.0
2002-08-16 00:00:00+05:30,-0.009197741357805843,2314.95,2213.75,-0.009074399247765541,1379552,0.0,0.0,ADANIENT.NS,Adani Enterprises Limited,Thermal Coal,Energy,Mr. Gautambhai Shantilal Adani S.Y. B.Com,"Ahmedabad, India",https://www.adanienterprises.com,2308.8,2238.85,2664840298496,77.06275,29.96,0.00059999997,3743.9,2025.0
2002-08-19 00:00:00+05:30,-0.00927996736450296,2314.95,2213.75,-0.009068528190255165,1379552,0.0,0.0,ADANIENT.NS,Adani Enterprises Limited,Thermal Coal,Energy,Mr. Gautambhai Shantilal Adani S.Y. B.Com,"Ahmedabad, India",https://www.adanienterprises.com,2308.8,2238.85,2664840298496,77.06275,29.96,0.00059999997,3743.9,2025.0
2002-08-20 00:00:00+05:30,-0.009156633288786414,2314.95,2213.75,-0.009062658995389938,1379552,0.0,0.0,ADANIENT.NS,Adani Enterprises Limited,Thermal Coal,Energy,Mr. Gautambhai Shantilal Adani S.Y. B.Com,"Ahmedabad, India",https://www.adanienterprises.com,2308.8,2238.85,2664840298496,77.06275,29.96,0.00059999997,3743.9,2025.0
2002-08-21 00:00:00+05:30,-0.009180124350590723,2314.95,2213.75,-0.009150756523013115,1379552,0.0,0.0,ADANIENT.NS,Adani Enterprises Limited,Thermal Coal,Energy,Mr. Gautambhai Shantilal Adani S.Y. B.Com,"Ahmedabad, India",https://www.adanienterprises.com,2308.8,2238.85,2664840298496,77.06275,29.96,0.00059999997,3743.9,2025.0
2002-08-22 00:00:00+05:30,-0.009180122055113316,2314.95,2213.75,-0.009180122055113316,1379552,0.0,0.0,ADANIENT.NS,Adani Enterprises Limited,Thermal Coal,Energy,Mr. Gautambhai Shantilal Adani S.Y. B.Com,"Ahmedabad, India",https://www.adanienterprises.com,2308.8,2238.85,2664840298496,77.06275,29.96,0.00059999997,3743.9,2025.0
2002-08-23 00:00:00+05:30,-0.009227111113288887,2314.95,2213.75,-0.00920949224382639,1379552,0.0,0.0,ADANIENT.NS,Adani Enterprises Limited,Thermal Coal,Energy,Mr. Gautambhai Shantilal Adani S.Y. B.Com,"Ahmedabad, India",https://www.adanienterprises.com,2308.8,2238.85,2664840298496,77.06275,29.96,0.00059999997,3743.9,2025.0
2002-08-26 00:00:00+05:30,-0.009274096339048998,2314.95,2213.75,-0.009180122055113316,1379552,0.0,0.0,ADANIENT.NS,Adani Enterprises Limited,Thermal Coal,Energy,Mr. Gautambhai Shantilal Adani S.Y. B.Com,"Ahmedabad, India",https://www.adanienterprises.com,2308.8,2238.85,2664840298496,77.06275,29.96,0.00059999997,3743.9,2025.0
2002-08-27 00:00:00+05:30,-0.009209491113400095,2314.95,2213.75,-0.009127265773713589,1379552,0.0,0.0,ADANIENT.NS,Adani Enterprises Limited,Thermal Coal,Energy,Mr. Gautambhai Shantilal Adani S.Y. B.Com,"Ahmedabad, India",https://www.adanienterprises.com,2308.8,2238.85,2664840298496,77.06275,29.96,0.00059999997,3743.9,2025.0
2002-08-28 00:00:00+05:30,-0.009221239023458486,2314.95,2213.75,-0.00914488360285759,1379552,0.0,0.0,ADANIENT.NS,Adani Enterprises Limited,Thermal Coal,Energy,Mr. Gautambhai Shantilal Adani S.Y. B.Com,"Ahmedabad, India",https://www.adanienterprises.com,2308.8,2238.85,2664840298496,77.06275,29.96,0.00059999997,3743.9,2025.0
2002-08-29 00:00:00+05:30,-0.009162503545084324,2314.95,2213.75,-0.009092018939554691,1379552,0.0,0.0,ADANIENT.NS,Adani Enterprises Limited,Thermal Coal,Energy,Mr. Gautambhai Shantilal Adani S.Y. B.Com,"Ahmedabad, India",https://www.adanienterprises.com,2308.8,2238.85,2664840298496,77.06275,29.96,0.00059999997,3743.9,2025.0
2002-08-30 00:00:00+05:30,-0.009092019224838507,2314.95,2213.75,-0.009115517139434814,1379552,0.0,0.0,ADANIENT.NS,Adani Enterprises Limited,Thermal Coal,Energy,Mr. Gautambhai Shantilal Adani S.Y. B.Com,"Ahmedabad, India",https://www.adanienterprises.com,2308.8,2238.85,2664840298496,77.06275,29.96,0.00059999997,3743.9,2025.0
2002-09-02 00:00:00+05:30,-0.009150754969801434,2314.95,2213.75,-0.009215361438691616,1379552,0.0,0.0,ADANIENT.NS,Adani Enterprises Limited,Thermal Coal,Energy,Mr. Gautambhai Shantilal Adani S.Y. B.Com,"Ahmedabad, India",https://www.adanienterprises.com,2308.8,2238.85,2664840298496,77.06275,29.96,0.00059999997,3743.9,2025.0
2002-09-03 00:00:00+05:30,-0.009221240359422487,2314.95,2213.75,-0.009191871620714664,1379552,0.0,0.0,ADANIENT.NS,Adani Enterprises Limited,Thermal Coal,Energy,Mr. Gautambhai Shantilal Adani S.Y. B.Com,"Ahmedabad, India",https://www.adanienterprises.com,2308.8,2238.85,2664840298496,77.06275,29.96,0.00059999997,3743.9,2025.0
2002-09-04 00:00:00+05:30,0.0366253586321454,2314.95,2213.75,0.03643789514899254,1379552,1.5,0.0,ADANIENT.NS,Adani Enterprises Limited,Thermal Coal,Energy,Mr. Gautambhai Shantilal Adani S.Y. B.Com,"Ahmedabad, India",https://www.adanienterprises.com,2308.8,2238.85,2664840298496,77.06275,29.96,0.00059999997,3743.9,2025.0
2002-09-05 00:00:00+05:30,0.03674253060358886,2314.95,2213.75,0.03648477420210838,1379552,0.0,0.0,ADANIENT.NS,Adani Enterprises Limited,Thermal Coal,Energy,Mr. Gautambhai Shantilal Adani S.Y. B.Com,"Ahmedabad, India",https://www.adanienterprises.com,2308.8,2238.85,2664840298496,77.06275,29.96,0.00059999997,3743.9,2025.0
2002-09-06 00:00:00+05:30,0.03667223445875671,2314.95,2213.75,0.036414481699466705,1379552,0.0,0.0,ADANIENT.NS,Adani Enterprises Limited,Thermal Coal,Energy,Mr. Gautambhai Shantilal Adani S.Y. B.Com,"Ahmedabad, India",https://www.adanienterprises.com,2308.8,2238.85,2664840298496,77.06275,29.96,0.00059999997,3743.9,2025.0
2002-09-09 00:00:00+05:30,0.035149101674326715,2314.95,2213.75,0.03599269688129425,1379552,0.0,0.0,ADANIENT.NS,Adani Enterprises Limited,Thermal Coal,Energy,Mr. Gautambhai Shantilal Adani S.Y. B.Com,"Ahmedabad, India",https://www.adanienterprises.com,2308.8,2238.85,2664840298496,77.06275,29.96,0.00059999997,3743.9,2025.0
2002-09-10 00:00:00+05:30,0.03599269688129425,2314.95,2213.75,0.03599269688129425,1379552,0.0,0.0,ADANIENT.NS,Adani Enterprises Limited,Thermal Coal,Energy,Mr. Gautambhai Shantilal Adani S.Y. B.Com,"Ahmedabad, India",https://www.adanienterprises.com,2308.8,2238.85,2664840298496,77.06275,29.96,0.00059999997,3743.9,2025.0
2002-09-11 00:00:00+05:30,0.03629731327175144,2314.95,2213.75,0.0358520969748497,1379552,0.0,0.0,ADANIENT.NS,Adani Enterprises Limited,Thermal Coal,Energy,Mr. Gautambhai Shantilal Adani S.Y. B.Com,"Ahmedabad, India",https://www.adanienterprises.com,2308.8,2238.85,2664840298496,77.06275,29.96,0.00059999997,3743.9,2025.0
2002-09-12 00:00:00+05:30,0.03526625759305446,2314.95,2213.75,0.03573492914438248,1379552,0.0,0.0,ADANIENT.NS,Adani Enterprises Limited,Thermal Coal,Energy,Mr. Gautambhai Shantilal Adani S.Y. B.Com,"Ahmedabad, India",https://www.adanienterprises.com,2308.8,2238.85,2664840298496,77.06275,29.96,0.00059999997,3743.9,2025.0
2002-09-13 00:00:00+05:30,0.03622702498319187,2314.95,2213.75,0.035969268530607224,1379552,0.0,0.0,ADANIENT.NS,Adani Enterprises Limited,Thermal Coal,Energy,Mr. Gautambhai Shantilal Adani S.Y. B.Com,"Ahmedabad, India",https://www.adanienterprises.com,2308.8,2238.85,2664840298496,77.06275,29.96,0.00059999997,3743.9,2025.0
2002-09-16 00:00:00+05:30,0.035852096435694744,2314.95,2213.75,0.0356646329164505,1379552,0.0,0.0,ADANIENT.NS,Adani Enterprises Limited,Thermal Coal,Energy,Mr. Gautambhai Shantilal Adani S.Y. B.Com,"Ahmedabad, India",https://www.adanienterprises.com,2308.8,2238.85,2664840298496,77.06275,29.96,0.00059999997,3743.9,2025.0
2002-09-17 00:00:00+05:30,0.035500586982143006,2314.95,2213.75,0.035617757588624954,1379552,0.0,0.0,ADANIENT.NS,Adani Enterprises Limited,Thermal Coal,Energy,Mr. Gautambhai Shantilal Adani S.Y. B.Com,"Ahmedabad, India",https://www.adanienterprises.com,2308.8,2238.85,2664840298496,77.06275,29.96,0.00059999997,3743.9,2025.0
2002-09-18 00:00:00+05:30,0.03526625211607228,2314.95,2213.75,0.03550058603286743,1379552,0.0,0.0,ADANIENT.NS,Adani Enterprises Limited,Thermal Coal,Energy,Mr. Gautambhai Shantilal Adani S.Y. B.Com,"Ahmedabad, India",https://www.adanienterprises.com,2308.8,2238.85,2664840298496,77.06275,29.96,0.00059999997,3743.9,2025.0
2002-09-19 00:00:00+05:30,0.035383425652980804,2314.95,2213.75,0.035383425652980804,1379552,0.0,0.0,ADANIENT.NS,Adani Enterprises Limited,Thermal Coal,Energy,Mr. Gautambhai Shantilal Adani S.Y. B.Com,"Ahmedabad, India",https://www.adanienterprises.com,2308.8,2238.85,2664840298496,77.06275,29.96,0.00059999997,3743.9,2025.0
2002-09-20 00:00:00+05:30,0.03538342479986997,2314.95,2213.75,0.03526625782251358,1379552,0.0,0.0,ADANIENT.NS,Adani Enterprises Limited,Thermal Coal,Energy,Mr. Gautambhai Shantilal Adani S.Y. B.Com,"Ahmedabad, India",https://www.adanienterprises.com,2308.8,2238.85,2664840298496,77.06275,29.96,0.00059999997,3743.9,2025.0
2002-09-23 00:00:00+05:30,0.03514908708276957,2314.95,2213.75,0.035406872630119324,1379552,0.0,0.0,ADANIENT.NS,Adani Enterprises Limited,Thermal Coal,Energy,Mr. Gautambhai Shantilal Adani S.Y. B.Com,"Ahmedabad, India",https://www.adanienterprises.com,2308.8,2238.85,2664840298496,77.06275,29.96,0.00059999997,3743.9,2025.0
2002-09-24 00:00:00+05:30,0.033274465088975184,2314.95,2213.75,0.0344461128115654,1379552,0.0,0.0,ADANIENT.NS,Adani Enterprises Limited,Thermal Coal,Energy,Mr. Gautambhai Shantilal Adani S.Y. B.Com,"Ahmedabad, India",https://www.adanienterprises.com,2308.8,2238.85,2664840298496,77.06275,29.96,0.00059999997,3743.9,2025.0
2002-09-25 00:00:00+05:30,0.03332134694357804,2314.95,2213.75,0.034047774970531464,1379552,0.0,0.0,ADANIENT.NS,Adani Enterprises Limited,Thermal Coal,Energy,Mr. Gautambhai Shantilal Adani S.Y. B.Com,"Ahmedabad, India",https://www.adanienterprises.com,2308.8,2238.85,2664840298496,77.06275,29.96,0.00059999997,3743.9,2025.0
2002-09-26 00:00:00+05:30,0.034211778942878454,2314.95,2213.75,0.033860307186841965,1379552,0.0,0.0,ADANIENT.NS,Adani Enterprises Limited,Thermal Coal,Energy,Mr. Gautambhai Shantilal Adani S.Y. B.Com,"Ahmedabad, India",https://www.adanienterprises.com,2308.8,2238.85,2664840298496,77.06275,29.96,0.00059999997,3743.9,2025.0
2002-09-27 00:00:00+05:30,0.030931208876811136,2314.95,2213.75,0.03374313563108444,1379552,0.0,0.0,ADANIENT.NS,Adani Enterprises Limited,Thermal Coal,Energy,Mr. Gautambhai Shantilal Adani S.Y. B.Com,"Ahmedabad, India",https://www.adanienterprises.com,2308.8,2238.85,2664840298496,77.06275,29.96,0.00059999997,3743.9,2025.0
2002-09-30 00:00:00+05:30,0.031048383965235807,2314.95,2213.75,0.03306359052658081,1379552,0.0,0.0,ADANIENT.NS,Adani Enterprises Limited,Thermal Coal,Energy,Mr. Gautambhai Shantilal Adani S.Y. B.Com,"Ahmedabad, India",https://www.adanienterprises.com,2308.8,2238.85,2664840298496,77.06275,29.96,0.00059999997,3743.9,2025.0
2002-10-01 00:00:00+05:30,0.03008761952110388,2314.95,2213.75,0.03186852112412453,1379552,0.0,0.0,ADANIENT.NS,Adani Enterprises Limited,Thermal Coal,Energy,Mr. Gautambhai Shantilal Adani S.Y. B.Com,"Ahmedabad, India",https://www.adanienterprises.com,2308.8,2238.85,2664840298496,77.06275,29.96,0.00059999997,3743.9,2025.0
2002-10-02 00:00:00+05:30,0.03186852112412453,2314.95,2213.75,0.03186852112412453,1379552,0.0,0.0,ADANIENT.NS,Adani Enterprises Limited,Thermal Coal,Energy,Mr. Gautambhai Shantilal Adani S.Y. B.Com,"Ahmedabad, India",https://www.adanienterprises.com,2308.8,2238.85,2664840298496,77.06275,29.96,0.00059999997,3743.9,2025.0
2002-10-03 00:00:00+05:30,0.030509416025580337,2314.95,2213.75,0.031493596732616425,1379552,0.0,0.0,ADANIENT.NS,Adani Enterprises Limited,Thermal Coal,Energy,Mr. Gautambhai Shantilal Adani S.Y. B.Com,"Ahmedabad, India",https://www.adanienterprises.com,2308.8,2238.85,2664840298496,77.06275,29.96,0.00059999997,3743.9,2025.0
2002-10-04 00:00:00+05:30,0.03205598655560207,2314.95,2213.75,0.0313764326274395,1379552,0.0,0.0,ADANIENT.NS,Adani Enterprises Limited,Thermal Coal,Energy,Mr. Gautambhai Shantilal Adani S.Y. B.Com,"Ahmedabad, India",https://www.adanienterprises.com,2308.8,2238.85,2664840298496,77.06275,29.96,0.00059999997,3743.9,2025.0
2002-10-07 00:00:00+05:30,0.03139985221663991,2314.95,2213.75,0.03207940608263016,1379552,0.0,0.0,ADANIENT.NS,Adani Enterprises Limited,Thermal Coal,Energy,Mr. Gautambhai Shantilal Adani S.Y. B.Com,"Ahmedabad, India",https://www.adanienterprises.com,2308.8,2238.85,2664840298496,77.06275,29.96,0.00059999997,3743.9,2025.0
2002-10-08 00:00:00+05:30,0.03198569900202636,2314.95,2213.75,0.03395403176546097,1379552,0.0,0.0,ADANIENT.NS,Adani Enterprises Limited,Thermal Coal,Energy,Mr. Gautambhai Shantilal Adani S.Y. B.Com,"Ahmedabad, India",https://www.adanienterprises.com,2308.8,2238.85,2664840298496,77.06275,29.96,0.00059999997,3743.9,2025.0
2002-10-09 00:00:00+05:30,0.03444611501529927,2314.95,2213.75,0.03486790880560875,1379552,0.0,0.0,ADANIENT.NS,Adani Enterprises Limited,Thermal Coal,Energy,Mr. Gautambhai Shantilal Adani S.Y. B.Com,"Ahmedabad, India",https://www.adanienterprises.com,2308.8,2238.85,2664840298496,77.06275,29.96,0.00059999997,3743.9,2025.0
2002-10-10 00:00:00+05:30,0.03332134276113037,2314.95,2213.75,0.033860307186841965,1379552,0.0,0.0,ADANIENT.NS,Adani Enterprises Limited,Thermal Coal,Energy,Mr. Gautambhai Shantilal Adani S.Y. B.Com,"Ahmedabad, India",https://www.adanienterprises.com,2308.8,2238.85,2664840298496,77.06275,29.96,0.00059999997,3743.9,2025.0
2002-10-11 00:00:00+05:30,0.034422696487112936,2314.95,2213.75,0.03453986346721649,1379552,0.0,0.0,ADANIENT.NS,Adani Enterprises Limited,Thermal Coal,Energy,Mr. Gautambhai Shantilal Adani S.Y. B.Com,"Ahmedabad, India",https://www.adanienterprises.com,2308.8,2238.85,2664840298496,77.06275,29.96,0.00059999997,3743.9,2025.0
2002-10-14 00:00:00+05:30,0.034563289739748766,2314.95,2213.75,0.03439924865961075,1379552,0.0,0.0,ADANIENT.NS,Adani Enterprises Limited,Thermal Coal,Energy,Mr. Gautambhai Shantilal Adani S.Y. B.Com,"Ahmedabad, India",https://www.adanienterprises.com,2308.8,2238.85,2664840298496,77.06275,29.96,0.00059999997,3743.9,2025.0
2002-10-15 00:00:00+05:30,0.03439924865961075,2314.95,2213.75,0.03439924865961075,1379552,0.0,0.0,ADANIENT.NS,Adani Enterprises Limited,Thermal Coal,Energy,Mr. Gautambhai Shantilal Adani S.Y. B.Com,"Ahmedabad, India",https://www.adanienterprises.com,2308.8,2238.85,2664840298496,77.06275,29.96,0.00059999997,3743.9,2025.0
2002-10-16 00:00:00+05:30,0.03465703752158834,2314.95,2213.75,0.034211788326501846,1379552,0.0,0.0,ADANIENT.NS,Adani Enterprises Limited,Thermal Coal,Energy,Mr. Gautambhai Shantilal Adani S.Y. B.Com,"Ahmedabad, India",https://www.adanienterprises.com,2308.8,2238.85,2664840298496,77.06275,29.96,0.00059999997,3743.9,2025.0
2002-10-17 00:00:00+05:30,0.03428210479918134,2314.95,2213.75,0.03411806374788284,1379552,0.0,0.0,ADANIENT.NS,Adani Enterprises Limited,Thermal Coal,Energy,Mr. Gautambhai Shantilal Adani S.Y. B.Com,"Ahmedabad, India",https://www.adanienterprises.com,2308.8,2238.85,2664840298496,77.06275,29.96,0.00059999997,3743.9,2025.0
2002-10-18 00:00:00+05:30,0.033743143611134806,2314.95,2213.75,0.03393060714006424,1379552,0.0,0.0,ADANIENT.NS,Adani Enterprises Limited,Thermal Coal,Energy,Mr. Gautambhai Shantilal Adani S.Y. B.Com,"Ahmedabad, India",https://www.adanienterprises.com,2308.8,2238.85,2664840298496,77.06275,29.96,0.00059999997,3743.9,2025.0
2002-10-21 00:00:00+05:30,0.03397748339096825,2314.95,2213.75,0.03395403176546097,1379552,0.0,0.0,ADANIENT.NS,Adani Enterprises Limited,Thermal Coal,Energy,Mr. Gautambhai Shantilal Adani S.Y. B.Com,"Ahmedabad, India",https://www.adanienterprises.com,2308.8,2238.85,2664840298496,77.06275,29.96,0.00059999997,3743.9,2025.0
2002-10-22 00:00:00+05:30,0.033977467944457405,2314.95,2213.75,0.033907175064086914,1379552,0.0,0.0,ADANIENT.NS,Adani Enterprises Limited,Thermal Coal,Energy,Mr. Gautambhai Shantilal Adani S.Y. B.Com,"Ahmedabad, India",https://www.adanienterprises.com,2308.8,2238.85,2664840298496,77.06275,29.96,0.00059999997,3743.9,2025.0
2002-10-23 00:00:00+05:30,0.03397748339096825,2314.95,2213.75,0.03395403176546097,1379552,0.0,0.0,ADANIENT.NS,Adani Enterprises Limited,Thermal Coal,Energy,Mr. Gautambhai Shantilal Adani S.Y. B.Com,"Ahmedabad, India",https://www.adanienterprises.com,2308.8,2238.85,2664840298496,77.06275,29.96,0.00059999997,3743.9,2025.0
2002-10-24 00:00:00+05:30,0.033040170272190604,2314.95,2213.75,0.032501205801963806,1379552,0.0,0.0,ADANIENT.NS,Adani Enterprises Limited,Thermal Coal,Energy,Mr. Gautambhai Shantilal Adani S.Y. B.Com,"Ahmedabad, India",https://www.adanienterprises.com,2308.8,2238.85,2664840298496,77.06275,29.96,0.00059999997,3743.9,2025.0
2002-10-25 00:00:00+05:30,0.03210285950752264,2314.95,2213.75,0.03158731386065483,1379552,0.0,0.0,ADANIENT.NS,Adani Enterprises Limited,Thermal Coal,Energy,Mr. Gautambhai Shantilal Adani S.Y. B.Com,"Ahmedabad, India",https://www.adanienterprises.com,2308.8,2238.85,2664840298496,77.06275,29.96,0.00059999997,3743.9,2025.0
2002-10-28 00:00:00+05:30,0.030931214566839928,2314.95,2213.75,0.03128271549940109,1379552,0.0,0.0,ADANIENT.NS,Adani Enterprises Limited,Thermal Coal,Energy,Mr. Gautambhai Shantilal Adani S.Y. B.Com,"Ahmedabad, India",https://www.adanienterprises.com,2308.8,2238.85,2664840298496,77.06275,29.96,0.00059999997,3743.9,2025.0
2002-10-29 00:00:00+05:30,0.031165553172045377,2314.95,2213.75,0.03165764361619949,1379552,0.0,0.0,ADANIENT.NS,Adani Enterprises Limited,Thermal Coal,Energy,Mr. Gautambhai Shantilal Adani S.Y. B.Com,"Ahmedabad, India",https://www.adanienterprises.com,2308.8,2238.85,2664840298496,77.06275,29.96,0.00059999997,3743.9,2025.0
2002-10-30 00:00:00+05:30,0.03203255599313652,2314.95,2213.75,0.031774770468473434,1379552,0.0,0.0,ADANIENT.NS,Adani Enterprises Limited,Thermal Coal,Energy,Mr. Gautambhai Shantilal Adani S.Y. B.Com,"Ahmedabad, India",https://www.adanienterprises.com,2308.8,2238.85,2664840298496,77.06275,29.96,0.00059999997,3743.9,2025.0
2002-10-31 00:00:00+05:30,0.032290312900218464,2314.95,2213.75,0.03210285305976868,1379552,0.0,0.0,ADANIENT.NS,Adani Enterprises Limited,Thermal Coal,Energy,Mr. Gautambhai Shantilal Adani S.Y. B.Com,"Ahmedabad, India",https://www.adanienterprises.com,2308.8,2238.85,2664840298496,77.06275,29.96,0.00059999997,3743.9,2025.0
2002-11-01 00:00:00+05:30,0.03212626725175537,2314.95,2213.75,0.031985681504011154,1379552,0.0,0.0,ADANIENT.NS,Adani Enterprises Limited,Thermal Coal,Energy,Mr. Gautambhai Shantilal Adani S.Y. B.Com,"Ahmedabad, India",https://www.adanienterprises.com,2308.8,2238.85,2664840298496,77.06275,29.96,0.00059999997,3743.9,2025.0
2002-11-04 00:00:00+05:30,0.03233717157861967,2314.95,2213.75,0.032055992633104324,1379552,0.0,0.0,ADANIENT.NS,Adani Enterprises Limited,Thermal Coal,Energy,Mr. Gautambhai Shantilal Adani S.Y. B.Com,"Ahmedabad, India",https://www.adanienterprises.com,2308.8,2238.85,2664840298496,77.06275,29.96,0.00059999997,3743.9,2025.0
2002-11-05 00:00:00+05:30,0.0323606022147066,2314.95,2213.75,0.03189193084836006,1379552,0.0,0.0,ADANIENT.NS,Adani Enterprises Limited,Thermal Coal,Energy,Mr. Gautambhai Shantilal Adani S.Y. B.Com,"Ahmedabad, India",https://www.adanienterprises.com,2308.8,2238.85,2664840298496,77.06275,29.96,0.00059999997,3743.9,2025.0
2002-11-06 00:00:00+05:30,0.03189193084836006,2314.95,2213.75,0.03189193084836006,1379552,0.0,0.0,ADANIENT.NS,Adani Enterprises Limited,Thermal Coal,Energy,Mr. Gautambhai Shantilal Adani S.Y. B.Com,"Ahmedabad, India",https://www.adanienterprises.com,2308.8,2238.85,2664840298496,77.06275,29.96,0.00059999997,3743.9,2025.0
2002-11-07 00:00:00+05:30,0.032829248097411175,2314.95,2213.75,0.03268865868449211,1379552,0.0,0.0,ADANIENT.NS,Adani Enterprises Limited,Thermal Coal,Energy,Mr. Gautambhai Shantilal Adani S.Y. B.Com,"Ahmedabad, India",https://www.adanienterprises.com,2308.8,2238.85,2664840298496,77.06275,29.96,0.00059999997,3743.9,2025.0
2002-11-08 00:00:00+05:30,0.03341508816441148,2314.95,2213.75,0.03252461925148964,1379552,0.0,0.0,ADANIENT.NS,Adani Enterprises Limited,Thermal Coal,Energy,Mr. Gautambhai Shantilal Adani S.Y. B.Com,"Ahmedabad, India",https://www.adanienterprises.com,2308.8,2238.85,2664840298496,77.06275,29.96,0.00059999997,3743.9,2025.0
2002-11-11 00:00:00+05:30,0.03285271304406622,2314.95,2213.75,0.034211788326501846,1379552,0.0,0.0,ADANIENT.NS,Adani Enterprises Limited,Thermal Coal,Energy,Mr. Gautambhai Shantilal Adani S.Y. B.Com,"Ahmedabad, India",https://www.adanienterprises.com,2308.8,2238.85,2664840298496,77.06275,29.96,0.00059999997,3743.9,2025.0
2002-11-12 00:00:00+05:30,0.03486791121192975,2314.95,2213.75,0.03456328436732292,1379552,0.0,0.0,ADANIENT.NS,Adani Enterprises Limited,Thermal Coal,Energy,Mr. Gautambhai Shantilal Adani S.Y. B.Com,"Ahmedabad, India",https://www.adanienterprises.com,2308.8,2238.85,2664840298496,77.06275,29.96,0.00059999997,3743.9,2025.0
2002-11-13 00:00:00+05:30,0.03409464410201515,2314.95,2213.75,0.03498508036136627,1379552,0.0,0.0,ADANIENT.NS,Adani Enterprises Limited,Thermal Coal,Energy,Mr. Gautambhai Shantilal Adani S.Y. B.Com,"Ahmedabad, India",https://www.adanienterprises.com,2308.8,2238.85,2664840298496,77.06275,29.96,0.00059999997,3743.9,2025.0
2002-11-14 00:00:00+05:30,0.03482104745872453,2314.95,2213.75,0.035945817828178406,1379552,0.0,0.0,ADANIENT.NS,Adani Enterprises Limited,Thermal Coal,Energy,Mr. Gautambhai Shantilal Adani S.Y. B.Com,"Ahmedabad, India",https://www.adanienterprises.com,2308.8,2238.85,2664840298496,77.06275,29.96,0.00059999997,3743.9,2025.0
2002-11-15 00:00:00+05:30,0.03608640020818438,2314.95,2213.75,0.036859698593616486,1379552,0.0,0.0,ADANIENT.NS,Adani Enterprises Limited,Thermal Coal,Energy,Mr. Gautambhai Shantilal Adani S.Y. B.Com,"Ahmedabad, India",https://www.adanienterprises.com,2308.8,2238.85,2664840298496,77.06275,29.96,0.00059999997,3743.9,2025.0
2002-11-18 00:00:00+05:30,0.03700028747858131,2314.95,2213.75,0.036672234535217285,1379552,0.0,0.0,ADANIENT.NS,Adani Enterprises Limited,Thermal Coal,Energy,Mr. Gautambhai Shantilal Adani S.Y. B.Com,"Ahmedabad, India",https://www.adanienterprises.com,2308.8,2238.85,2664840298496,77.06275,29.96,0.00059999997,3743.9,2025.0
2002-11-19 00:00:00+05:30,0.036672234535217285,2314.95,2213.75,0.036672234535217285,1379552,0.0,0.0,ADANIENT.NS,Adani Enterprises Limited,Thermal Coal,Energy,Mr. Gautambhai Shantilal Adani S.Y. B.Com,"Ahmedabad, India",https://www.adanienterprises.com,2308.8,2238.85,2664840298496,77.06275,29.96,0.00059999997,3743.9,2025.0
2002-11-20 00:00:00+05:30,0.03676595392620282,2314.95,2213.75,0.03660194203257561,1379552,0.0,0.0,ADANIENT.NS,Adani Enterprises Limited,Thermal Coal,Energy,Mr. Gautambhai Shantilal Adani S.Y. B.Com,"Ahmedabad, India",https://www.adanienterprises.com,2308.8,2238.85,2664840298496,77.06275,29.96,0.00059999997,3743.9,2025.0
2002-11-21 00:00:00+05:30,0.036789407900607876,2314.95,2213.75,0.03629731386899948,1379552,0.0,0.0,ADANIENT.NS,Adani Enterprises Limited,Thermal Coal,Energy,Mr. Gautambhai Shantilal Adani S.Y. B.Com,"Ahmedabad, India",https://www.adanienterprises.com,2308.8,2238.85,2664840298496,77.06275,29.96,0.00059999997,3743.9,2025.0
2002-11-22 00:00:00+05:30,0.03725804035178494,2314.95,2213.75,0.03620356321334839,1379552,0.0,0.0,ADANIENT.NS,Adani Enterprises Limited,Thermal Coal,Energy,Mr. Gautambhai Shantilal Adani S.Y. B.Com,"Ahmedabad, India",https://www.adanienterprises.com,2308.8,2238.85,2664840298496,77.06275,29.96,0.00059999997,3743.9,2025.0
2002-11-25 00:00:00+05:30,0.03514909248553028,2314.95,2213.75,0.03608640283346176,1379552,0.0,0.0,ADANIENT.NS,Adani Enterprises Limited,Thermal Coal,Energy,Mr. Gautambhai Shantilal Adani S.Y. B.Com,"Ahmedabad, India",https://www.adanienterprises.com,2308.8,2238.85,2664840298496,77.06275,29.96,0.00059999997,3743.9,2025.0
2002-11-26 00:00:00+05:30,0.03690657258071255,2314.95,2213.75,0.036461323499679565,1379552,0.0,0.0,ADANIENT.NS,Adani Enterprises Limited,Thermal Coal,Energy,Mr. Gautambhai Shantilal Adani S.Y. B.Com,"Ahmedabad, India",https://www.adanienterprises.com,2308.8,2238.85,2664840298496,77.06275,29.96,0.00059999997,3743.9,2025.0
2002-11-27 00:00:00+05:30,0.03585210135279769,2314.95,2213.75,0.03655507415533066,1379552,0.0,0.0,ADANIENT.NS,Adani Enterprises Limited,Thermal Coal,Energy,Mr. Gautambhai Shantilal Adani S.Y. B.Com,"Ahmedabad, India",https://www.adanienterprises.com,2308.8,2238.85,2664840298496,77.06275,29.96,0.00059999997,3743.9,2025.0
2002-11-28 00:00:00+05:30,0.03655507029303097,2314.95,2213.75,0.03629731386899948,1379552,0.0,0.0,ADANIENT.NS,Adani Enterprises Limited,Thermal Coal,Energy,Mr. Gautambhai Shantilal Adani S.Y. B.Com,"Ahmedabad, India",https://www.adanienterprises.com,2308.8,2238.85,2664840298496,77.06275,29.96,0.00059999997,3743.9,2025.0
2002-11-29 00:00:00+05:30,0.03514909292205531,2314.95,2213.75,0.03627386316657066,1379552,0.0,0.0,ADANIENT.NS,Adani Enterprises Limited,Thermal Coal,Energy,Mr. Gautambhai Shantilal Adani S.Y. B.Com,"Ahmedabad, India",https://www.adanienterprises.com,2308.8,2238.85,2664840298496,77.06275,29.96,0.00059999997,3743.9,2025.0
2002-12-02 00:00:00+05:30,0.035852097564772006,2314.95,2213.75,0.03629731386899948,1379552,0.0,0.0,ADANIENT.NS,Adani Enterprises Limited,Thermal Coal,Energy,Mr. Gautambhai Shantilal Adani S.Y. B.Com,"Ahmedabad, India",https://www.adanienterprises.com,2308.8,2238.85,2664840298496,77.06275,29.96,0.00059999997,3743.9,2025.0
2002-12-03 00:00:00+05:30,0.03599268693974399,2314.95,2213.75,0.03589893877506256,1379552,0.0,0.0,ADANIENT.NS,Adani Enterprises Limited,Thermal Coal,Energy,Mr. Gautambhai Shantilal Adani S.Y. B.Com,"Ahmedabad, India",https://www.adanienterprises.com,2308.8,2238.85,2664840298496,77.06275,29.96,0.00059999997,3743.9,2025.0
2002-12-04 00:00:00+05:30,0.03493821877150204,2314.95,2213.75,0.03514910116791725,1379552,0.0,0.0,ADANIENT.NS,Adani Enterprises Limited,Thermal Coal,Energy,Mr. Gautambhai Shantilal Adani S.Y. B.Com,"Ahmedabad, India",https://www.adanienterprises.com,2308.8,2238.85,2664840298496,77.06275,29.96,0.00059999997,3743.9,2025.0
2002-12-05 00:00:00+05:30,0.03493821927487323,2314.95,2213.75,0.03599269688129425,1379552,0.0,0.0,ADANIENT.NS,Adani Enterprises Limited,Thermal Coal,Energy,Mr. Gautambhai Shantilal Adani S.Y. B.Com,"Ahmedabad, India",https://www.adanienterprises.com,2308.8,2238.85,2664840298496,77.06275,29.96,0.00059999997,3743.9,2025.0
2002-12-06 00:00:00+05:30,0.0362738696090962,2314.95,2213.75,0.0360395647585392,1379552,0.0,0.0,ADANIENT.NS,Adani Enterprises Limited,Thermal Coal,Energy,Mr. Gautambhai Shantilal Adani S.Y. B.Com,"Ahmedabad, India",https://www.adanienterprises.com,2308.8,2238.85,2664840298496,77.06275,29.96,0.00059999997,3743.9,2025.0
2002-12-09 00:00:00+05:30,0.03615672196671429,2314.95,2213.75,0.035617757588624954,1379552,0.0,0.0,ADANIENT.NS,Adani Enterprises Limited,Thermal Coal,Energy,Mr. Gautambhai Shantilal Adani S.Y. B.Com,"Ahmedabad, India",https://www.adanienterprises.com,2308.8,2238.85,2664840298496,77.06275,29.96,0.00059999997,3743.9,2025.0
2002-12-10 00:00:00+05:30,0.03608640067691167,2314.95,2213.75,0.03507879748940468,1379552,0.0,0.0,ADANIENT.NS,Adani Enterprises Limited,Thermal Coal,Energy,Mr. Gautambhai Shantilal Adani S.Y. B.Com,"Ahmedabad, India",https://www.adanienterprises.com,2308.8,2238.85,2664840298496,77.06275,29.96,0.00059999997,3743.9,2025.0
2002-12-11 00:00:00+05:30,0.0355708898937234,2314.95,2213.75,0.03524283692240715,1379552,0.0,0.0,ADANIENT.NS,Adani Enterprises Limited,Thermal Coal,Energy,Mr. Gautambhai Shantilal Adani S.Y. B.Com,"Ahmedabad, India",https://www.adanienterprises.com,2308.8,2238.85,2664840298496,77.06275,29.96,0.00059999997,3743.9,2025.0
2002-12-12 00:00:00+05:30,0.031165548852832056,2314.95,2213.75,0.03461015596985817,1379552,0.0,0.0,ADANIENT.NS,Adani Enterprises Limited,Thermal Coal,Energy,Mr. Gautambhai Shantilal Adani S.Y. B.Com,"Ahmedabad, India",https://www.adanienterprises.com,2308.8,2238.85,2664840298496,77.06275,29.96,0.00059999997,3743.9,2025.0
2002-12-13 00:00:00+05:30,0.034446120317986044,2314.95,2213.75,0.034844495356082916,1379552,0.0,0.0,ADANIENT.NS,Adani Enterprises Limited,Thermal Coal,Energy,Mr. Gautambhai Shantilal Adani S.Y. B.Com,"Ahmedabad, India",https://www.adanienterprises.com,2308.8,2238.85,2664840298496,77.06275,29.96,0.00059999997,3743.9,2025.0
2002-12-16 00:00:00+05:30,0.03491478183758934,2314.95,2213.75,0.03521941229701042,1379552,0.0,0.0,ADANIENT.NS,Adani Enterprises Limited,Thermal Coal,Energy,Mr. Gautambhai Shantilal Adani S.Y. B.Com,"Ahmedabad, India",https://www.adanienterprises.com,2308.8,2238.85,2664840298496,77.06275,29.96,0.00059999997,3743.9,2025.0
2002-12-17 00:00:00+05:30,0.035149088646089115,2314.95,2213.75,0.0342586524784565,1379552,0.0,0.0,ADANIENT.NS,Adani Enterprises Limited,Thermal Coal,Energy,Mr. Gautambhai Shantilal Adani S.Y. B.Com,"Ahmedabad, India",https://www.adanienterprises.com,2308.8,2238.85,2664840298496,77.06275,29.96,0.00059999997,3743.9,2025.0
2002-12-18 00:00:00+05:30,0.0344461259794944,2314.95,2213.75,0.034211788326501846,1379552,0.0,0.0,ADANIENT.NS,Adani Enterprises Limited,Thermal Coal,Energy,Mr. Gautambhai Shantilal Adani S.Y. B.Com,"Ahmedabad, India",https://www.adanienterprises.com,2308.8,2238.85,2664840298496,77.06275,29.96,0.00059999997,3743.9,2025.0
2002-12-19 00:00:00+05:30,0.03512566762166013,2314.95,2213.75,0.03456328436732292,1379552,0.0,0.0,ADANIENT.NS,Adani Enterprises Limited,Thermal Coal,Energy,Mr. Gautambhai Shantilal Adani S.Y. B.Com,"Ahmedabad, India",https://www.adanienterprises.com,2308.8,2238.85,2664840298496,77.06275,29.96,0.00059999997,3743.9,2025.0
2002-12-20 00:00:00+05:30,0.034375822405167636,2314.95,2213.75,0.03453986346721649,1379552,0.0,0.0,ADANIENT.NS,Adani Enterprises Limited,Thermal Coal,Energy,Mr. Gautambhai Shantilal Adani S.Y. B.Com,"Ahmedabad, India",https://www.adanienterprises.com,2308.8,2238.85,2664840298496,77.06275,29.96,0.00059999997,3743.9,2025.0
2002-12-23 00:00:00+05:30,0.034000899383196656,2314.95,2213.75,0.034328948706388474,1379552,0.0,0.0,ADANIENT.NS,Adani Enterprises Limited,Thermal Coal,Energy,Mr. Gautambhai Shantilal Adani S.Y. B.Com,"Ahmedabad, India",https://www.adanienterprises.com,2308.8,2238.85,2664840298496,77.06275,29.96,0.00059999997,3743.9,2025.0
2002-12-24 00:00:00+05:30,0.03367284116317849,2314.95,2213.75,0.033907175064086914,1379552,0.0,0.0,ADANIENT.NS,Adani Enterprises Limited,Thermal Coal,Energy,Mr. Gautambhai Shantilal Adani S.Y. B.Com,"Ahmedabad, India",https://www.adanienterprises.com,2308.8,2238.85,2664840298496,77.06275,29.96,0.00059999997,3743.9,2025.0
2002-12-25 00:00:00+05:30,0.033907175064086914,2314.95,2213.75,0.033907175064086914,1379552,0.0,0.0,ADANIENT.NS,Adani Enterprises Limited,Thermal Coal,Energy,Mr. Gautambhai Shantilal Adani S.Y. B.Com,"Ahmedabad, India",https://www.adanienterprises.com,2308.8,2238.85,2664840298496,77.06275,29.96,0.00059999997,3743.9,2025.0
2002-12-26 00:00:00+05:30,0.03423522450591985,2314.95,2213.75,0.03416493162512779,1379552,0.0,0.0,ADANIENT.NS,Adani Enterprises Limited,Thermal Coal,Energy,Mr. Gautambhai Shantilal Adani S.Y. B.Com,"Ahmedabad, India",https://www.adanienterprises.com,2308.8,2238.85,2664840298496,77.06275,29.96,0.00059999997,3743.9,2025.0
2002-12-27 00:00:00+05:30,0.03491478880158427,2314.95,2213.75,0.034047774970531464,1379552,0.0,0.0,ADANIENT.NS,Adani Enterprises Limited,Thermal Coal,Energy,Mr. Gautambhai Shantilal Adani S.Y. B.Com,"Ahmedabad, India",https://www.adanienterprises.com,2308.8,2238.85,2664840298496,77.06275,29.96,0.00059999997,3743.9,2025.0
2002-12-30 00:00:00+05:30,0.03411807567438028,2314.95,2213.75,0.033977486193180084,1379552,0.0,0.0,ADANIENT.NS,Adani Enterprises Limited,Thermal Coal,Energy,Mr. Gautambhai Shantilal Adani S.Y. B.Com,"Ahmedabad, India",https://www.adanienterprises.com,2308.8,2238.85,2664840298496,77.06275,29.96,0.00059999997,3743.9,2025.0
2002-12-31 00:00:00+05:30,0.03439924378472585,2314.95,2213.75,0.03376656398177147,1379552,0.0,0.0,ADANIENT.NS,Adani Enterprises Limited,Thermal Coal,Energy,Mr. Gautambhai Shantilal Adani S.Y. B.Com,"Ahmedabad, India",https://www.adanienterprises.com,2308.8,2238.85,2664840298496,77.06275,29.96,0.00059999997,3743.9,2025.0
2003-01-01 00:00:00+05:30,0.03353226249053663,2314.95,2213.75,0.033836860209703445,1379552,0.0,0.0,ADANIENT.NS,Adani Enterprises Limited,Thermal Coal,Energy,Mr. Gautambhai Shantilal Adani S.Y. B.Com,"Ahmedabad, India",https://www.adanienterprises.com,2308.8,2238.85,2664840298496,77.06275,29.96,0.00059999997,3743.9,2025.0
2003-01-02 00:00:00+05:30,0.03388373305668976,2314.95,2213.75,0.03393060714006424,1379552,0.0,0.0,ADANIENT.NS,Adani Enterprises Limited,Thermal Coal,Energy,Mr. Gautambhai Shantilal Adani S.Y. B.Com,"Ahmedabad, India",https://www.adanienterprises.com,2308.8,2238.85,2664840298496,77.06275,29.96,0.00059999997,3743.9,2025.0
2003-01-03 00:00:00+05:30,0.03421178823878591,2314.95,2213.75,0.03395403176546097,1379552,0.0,0.0,ADANIENT.NS,Adani Enterprises Limited,Thermal Coal,Energy,Mr. Gautambhai Shantilal Adani S.Y. B.Com,"Ahmedabad, India",https://www.adanienterprises.com,2308.8,2238.85,2664840298496,77.06275,29.96,0.00059999997,3743.9,2025.0
2003-01-06 00:00:00+05:30,0.034211775874284464,2314.95,2213.75,0.03371971473097801,1379552,0.0,0.0,ADANIENT.NS,Adani Enterprises Limited,Thermal Coal,Energy,Mr. Gautambhai Shantilal Adani S.Y. B.Com,"Ahmedabad, India",https://www.adanienterprises.com,2308.8,2238.85,2664840298496,77.06275,29.96,0.00059999997,3743.9,2025.0
2003-01-07 00:00:00+05:30,0.03374314432512428,2314.95,2213.75,0.033790018409490585,1379552,0.0,0.0,ADANIENT.NS,Adani Enterprises Limited,Thermal Coal,Energy,Mr. Gautambhai Shantilal Adani S.Y. B.Com,"Ahmedabad, India",https://www.adanienterprises.com,2308.8,2238.85,2664840298496,77.06275,29.96,0.00059999997,3743.9,2025.0
2003-01-08 00:00:00+05:30,0.034118059341398055,2314.95,2213.75,0.033672843128442764,1379552,0.0,0.0,ADANIENT.NS,Adani Enterprises Limited,Thermal Coal,Energy,Mr. Gautambhai Shantilal Adani S.Y. B.Com,"Ahmedabad, India",https://www.adanienterprises.com,2308.8,2238.85,2664840298496,77.06275,29.96,0.00059999997,3743.9,2025.0
2003-01-09 00:00:00+05:30,0.03418836628591925,2314.95,2213.75,0.03355568274855614,1379552,0.0,0.0,ADANIENT.NS,Adani Enterprises Limited,Thermal Coal,Energy,Mr. Gautambhai Shantilal Adani S.Y. B.Com,"Ahmedabad, India",https://www.adanienterprises.com,2308.8,2238.85,2664840298496,77.06275,29.96,0.00059999997,3743.9,2025.0
2003-01-10 00:00:00+05:30,0.03339165191725322,2314.95,2213.75,0.03343852236866951,1379552,0.0,0.0,ADANIENT.NS,Adani Enterprises Limited,Thermal Coal,Energy,Mr. Gautambhai Shantilal Adani S.Y. B.Com,"Ahmedabad, India",https://www.adanienterprises.com,2308.8,2238.85,2664840298496,77.06275,29.96,0.00059999997,3743.9,2025.0
2003-01-13 00:00:00+05:30,0.03341509638619839,2314.95,2213.75,0.03311046585440636,1379552,0.0,0.0,ADANIENT.NS,Adani Enterprises Limited,Thermal Coal,Energy,Mr. Gautambhai Shantilal Adani S.Y. B.Com,"Ahmedabad, India",https://www.adanienterprises.com,2308.8,2238.85,2664840298496,77.06275,29.96,0.00059999997,3743.9,2025.0
2003-01-14 00:00:00+05:30,0.03339165191725322,2314.95,2213.75,0.03343852236866951,1379552,0.0,0.0,ADANIENT.NS,Adani Enterprises Limited,Thermal Coal,Energy,Mr. Gautambhai Shantilal Adani S.Y. B.Com,"Ahmedabad, India",https://www.adanienterprises.com,2308.8,2238.85,2664840298496,77.06275,29.96,0.00059999997,3743.9,2025.0
2003-01-15 00:00:00+05:30,0.03353226392976828,2314.95,2213.75,0.03355568274855614,1379552,0.0,0.0,ADANIENT.NS,Adani Enterprises Limited,Thermal Coal,Energy,Mr. Gautambhai Shantilal Adani S.Y. B.Com,"Ahmedabad, India",https://www.adanienterprises.com,2308.8,2238.85,2664840298496,77.06275,29.96,0.00059999997,3743.9,2025.0
2003-01-16 00:00:00+05:30,0.0332041838127164,2314.95,2213.75,0.03332135081291199,1379552,0.0,0.0,ADANIENT.NS,Adani Enterprises Limited,Thermal Coal,Energy,Mr. Gautambhai Shantilal Adani S.Y. B.Com,"Ahmedabad, India",https://www.adanienterprises.com,2308.8,2238.85,2664840298496,77.06275,29.96,0.00059999997,3743.9,2025.0
2003-01-17 00:00:00+05:30,0.03341510354525014,2314.95,2213.75,0.03343852236866951,1379552,0.0,0.0,ADANIENT.NS,Adani Enterprises Limited,Thermal Coal,Energy,Mr. Gautambhai Shantilal Adani S.Y. B.Com,"Ahmedabad, India",https://www.adanienterprises.com,2308.8,2238.85,2664840298496,77.06275,29.96,0.00059999997,3743.9,2025.0
2003-01-20 00:00:00+05:30,0.03261837106235881,2314.95,2213.75,0.03325105085968971,1379552,0.0,0.0,ADANIENT.NS,Adani Enterprises Limited,Thermal Coal,Energy,Mr. Gautambhai Shantilal Adani S.Y. B.Com,"Ahmedabad, India",https://www.adanienterprises.com,2308.8,2238.85,2664840298496,77.06275,29.96,0.00059999997,3743.9,2025.0
2003-01-21 00:00:00+05:30,0.033274468034505844,2314.95,2213.75,0.033274468034505844,1379552,0.0,0.0,ADANIENT.NS,Adani Enterprises Limited,Thermal Coal,Energy,Mr. Gautambhai Shantilal Adani S.Y. B.Com,"Ahmedabad, India",https://www.adanienterprises.com,2308.8,2238.85,2664840298496,77.06275,29.96,0.00059999997,3743.9,2025.0
2003-01-22 00:00:00+05:30,0.03257149537650868,2314.95,2213.75,0.033274468034505844,1379552,0.0,0.0,ADANIENT.NS,Adani Enterprises Limited,Thermal Coal,Energy,Mr. Gautambhai Shantilal Adani S.Y. B.Com,"Ahmedabad, India",https://www.adanienterprises.com,2308.8,2238.85,2664840298496,77.06275,29.96,0.00059999997,3743.9,2025.0
2003-01-23 00:00:00+05:30,0.03327447215772261,2314.95,2213.75,0.033204179257154465,1379552,0.0,0.0,ADANIENT.NS,Adani Enterprises Limited,Thermal Coal,Energy,Mr. Gautambhai Shantilal Adani S.Y. B.Com,"Ahmedabad, India",https://www.adanienterprises.com,2308.8,2238.85,2664840298496,77.06275,29.96,0.00059999997,3743.9,2025.0
2003-01-24 00:00:00+05:30,0.0332744744200922,2314.95,2213.75,0.03264179453253746,1379552,0.0,0.0,ADANIENT.NS,Adani Enterprises Limited,Thermal Coal,Energy,Mr. Gautambhai Shantilal Adani S.Y. B.Com,"Ahmedabad, India",https://www.adanienterprises.com,2308.8,2238.85,2664840298496,77.06275,29.96,0.00059999997,3743.9,2025.0
2003-01-27 00:00:00+05:30,0.03165763889261076,2314.95,2213.75,0.03128271549940109,1379552,0.0,0.0,ADANIENT.NS,Adani Enterprises Limited,Thermal Coal,Energy,Mr. Gautambhai Shantilal Adani S.Y. B.Com,"Ahmedabad, India",https://www.adanienterprises.com,2308.8,2238.85,2664840298496,77.06275,29.96,0.00059999997,3743.9,2025.0
2003-01-28 00:00:00+05:30,0.031751349750246384,2314.95,2213.75,0.03200910612940788,1379552,0.0,0.0,ADANIENT.NS,Adani Enterprises Limited,Thermal Coal,Energy,Mr. Gautambhai Shantilal Adani S.Y. B.Com,"Ahmedabad, India",https://www.adanienterprises.com,2308.8,2238.85,2664840298496,77.06275,29.96,0.00059999997,3743.9,2025.0
2003-01-29 00:00:00+05:30,0.03210286203253985,2314.95,2213.75,0.03168106451630592,1379552,0.0,0.0,ADANIENT.NS,Adani Enterprises Limited,Thermal Coal,Energy,Mr. Gautambhai Shantilal Adani S.Y. B.Com,"Ahmedabad, India",https://www.adanienterprises.com,2308.8,2238.85,2664840298496,77.06275,29.96,0.00059999997,3743.9,2025.0
2003-01-30 00:00:00+05:30,0.03139985725283623,2314.95,2213.75,0.03139985725283623,1379552,0.0,0.0,ADANIENT.NS,Adani Enterprises Limited,Thermal Coal,Energy,Mr. Gautambhai Shantilal Adani S.Y. B.Com,"Ahmedabad, India",https://www.adanienterprises.com,2308.8,2238.85,2664840298496,77.06275,29.96,0.00059999997,3743.9,2025.0
2003-01-31 00:00:00+05:30,0.030485994182082858,2314.95,2213.75,0.03109525516629219,1379552,0.0,0.0,ADANIENT.NS,Adani Enterprises Limited,Thermal Coal,Energy,Mr. Gautambhai Shantilal Adani S.Y. B.Com,"Ahmedabad, India",https://www.adanienterprises.com,2308.8,2238.85,2664840298496,77.06275,29.96,0.00059999997,3743.9,2025.0
2003-02-03 00:00:00+05:30,0.030720329100791362,2314.95,2213.75,0.03132955729961395,1379552,0.0,0.0,ADANIENT.NS,Adani Enterprises Limited,Thermal Coal,Energy,Mr. Gautambhai Shantilal Adani S.Y. B.Com,"Ahmedabad, India",https://www.adanienterprises.com,2308.8,2238.85,2664840298496,77.06275,29.96,0.00059999997,3743.9,2025.0
2003-02-04 00:00:00+05:30,0.03151702266844037,2314.95,2213.75,0.030978087335824966,1379552,0.0,0.0,ADANIENT.NS,Adani Enterprises Limited,Thermal Coal,Energy,Mr. Gautambhai Shantilal Adani S.Y. B.Com,"Ahmedabad, India",https://www.adanienterprises.com,2308.8,2238.85,2664840298496,77.06275,29.96,0.00059999997,3743.9,2025.0
2003-02-05 00:00:00+05:30,0.031165548851619505,2314.95,2213.75,0.03072032891213894,1379552,0.0,0.0,ADANIENT.NS,Adani Enterprises Limited,Thermal Coal,Energy,Mr. Gautambhai Shantilal Adani S.Y. B.Com,"Ahmedabad, India",https://www.adanienterprises.com,2308.8,2238.85,2664840298496,77.06275,29.96,0.00059999997,3743.9,2025.0
2003-02-06 00:00:00+05:30,0.031001499298158486,2314.95,2213.75,0.030931206420063972,1379552,0.0,0.0,ADANIENT.NS,Adani Enterprises Limited,Thermal Coal,Energy,Mr. Gautambhai Shantilal Adani S.Y. B.Com,"Ahmedabad, India",https://www.adanienterprises.com,2308.8,2238.85,2664840298496,77.06275,29.96,0.00059999997,3743.9,2025.0
2003-02-07 00:00:00+05:30,0.030814049333932596,2314.95,2213.75,0.030532870441675186,1379552,0.0,0.0,ADANIENT.NS,Adani Enterprises Limited,Thermal Coal,Energy,Mr. Gautambhai Shantilal Adani S.Y. B.Com,"Ahmedabad, India",https://www.adanienterprises.com,2308.8,2238.85,2664840298496,77.06275,29.96,0.00059999997,3743.9,2025.0
2003-02-10 00:00:00+05:30,0.030251657760471895,2314.95,2213.75,0.03050941415131092,1379552,0.0,0.0,ADANIENT.NS,Adani Enterprises Limited,Thermal Coal,Energy,Mr. Gautambhai Shantilal Adani S.Y. B.Com,"Ahmedabad, India",https://www.adanienterprises.com,2308.8,2238.85,2664840298496,77.06275,29.96,0.00059999997,3743.9,2025.0
2003-02-11 00:00:00+05:30,0.030462539168414057,2314.95,2213.75,0.030392244458198547,1379552,0.0,0.0,ADANIENT.NS,Adani Enterprises Limited,Thermal Coal,Energy,Mr. Gautambhai Shantilal Adani S.Y. B.Com,"Ahmedabad, India",https://www.adanienterprises.com,2308.8,2238.85,2664840298496,77.06275,29.96,0.00059999997,3743.9,2025.0
2003-02-12 00:00:00+05:30,0.030462545354427942,2314.95,2213.75,0.03048599697649479,1379552,0.0,0.0,ADANIENT.NS,Adani Enterprises Limited,Thermal Coal,Energy,Mr. Gautambhai Shantilal Adani S.Y. B.Com,"Ahmedabad, India",https://www.adanienterprises.com,2308.8,2238.85,2664840298496,77.06275,29.96,0.00059999997,3743.9,2025.0
2003-02-13 00:00:00+05:30,0.03048599697649479,2314.95,2213.75,0.03048599697649479,1379552,0.0,0.0,ADANIENT.NS,Adani Enterprises Limited,Thermal Coal,Energy,Mr. Gautambhai Shantilal Adani S.Y. B.Com,"Ahmedabad, India",https://www.adanienterprises.com,2308.8,2238.85,2664840298496,77.06275,29.96,0.00059999997,3743.9,2025.0
2003-02-14 00:00:00+05:30,0.030509421127533767,2314.95,2213.75,0.030321959406137466,1379552,0.0,0.0,ADANIENT.NS,Adani Enterprises Limited,Thermal Coal,Energy,Mr. Gautambhai Shantilal Adani S.Y. B.Com,"Ahmedabad, India",https://www.adanienterprises.com,2308.8,2238.85,2664840298496,77.06275,29.96,0.00059999997,3743.9,2025.0
2003-02-17 00:00:00+05:30,0.030462540157874404,2314.95,2213.75,0.030415698885917664,1379552,0.0,0.0,ADANIENT.NS,Adani Enterprises Limited,Thermal Coal,Energy,Mr. Gautambhai Shantilal Adani S.Y. B.Com,"Ahmedabad, India",https://www.adanienterprises.com,2308.8,2238.85,2664840298496,77.06275,29.96,0.00059999997,3743.9,2025.0
2003-02-18 00:00:00+05:30,0.030814045236807776,2314.95,2213.75,0.030462540686130524,1379552,0.0,0.0,ADANIENT.NS,Adani Enterprises Limited,Thermal Coal,Energy,Mr. Gautambhai Shantilal Adani S.Y. B.Com,"Ahmedabad, India",https://www.adanienterprises.com,2308.8,2238.85,2664840298496,77.06275,29.96,0.00059999997,3743.9,2025.0
2003-02-19 00:00:00+05:30,0.030931220352891732,2314.95,2213.75,0.030556295067071915,1379552,0.0,0.0,ADANIENT.NS,Adani Enterprises Limited,Thermal Coal,Energy,Mr. Gautambhai Shantilal Adani S.Y. B.Com,"Ahmedabad, India",https://www.adanienterprises.com,2308.8,2238.85,2664840298496,77.06275,29.96,0.00059999997,3743.9,2025.0
2003-02-20 00:00:00+05:30,0.030485990785718595,2314.95,2213.75,0.030392244458198547,1379552,0.0,0.0,ADANIENT.NS,Adani Enterprises Limited,Thermal Coal,Energy,Mr. Gautambhai Shantilal Adani S.Y. B.Com,"Ahmedabad, India",https://www.adanienterprises.com,2308.8,2238.85,2664840298496,77.06275,29.96,0.00059999997,3743.9,2025.0
2003-02-21 00:00:00+05:30,0.030579712340958673,2314.95,2213.75,0.03048599697649479,1379552,0.0,0.0,ADANIENT.NS,Adani Enterprises Limited,Thermal Coal,Energy,Mr. Gautambhai Shantilal Adani S.Y. B.Com,"Ahmedabad, India",https://www.adanienterprises.com,2308.8,2238.85,2664840298496,77.06275,29.96,0.00059999997,3743.9,2025.0
2003-02-24 00:00:00+05:30,0.030017322005547457,2314.95,2213.75,0.03050941415131092,1379552,0.0,0.0,ADANIENT.NS,Adani Enterprises Limited,Thermal Coal,Energy,Mr. Gautambhai Shantilal Adani S.Y. B.Com,"Ahmedabad, India",https://www.adanienterprises.com,2308.8,2238.85,2664840298496,77.06275,29.96,0.00059999997,3743.9,2025.0
2003-02-25 00:00:00+05:30,0.030673455809372252,2314.95,2213.75,0.030462540686130524,1379552,0.0,0.0,ADANIENT.NS,Adani Enterprises Limited,Thermal Coal,Energy,Mr. Gautambhai Shantilal Adani S.Y. B.Com,"Ahmedabad, India",https://www.adanienterprises.com,2308.8,2238.85,2664840298496,77.06275,29.96,0.00059999997,3743.9,2025.0
2003-02-26 00:00:00+05:30,0.030532870441675186,2314.95,2213.75,0.030532870441675186,1379552,0.0,0.0,ADANIENT.NS,Adani Enterprises Limited,Thermal Coal,Energy,Mr. Gautambhai Shantilal Adani S.Y. B.Com,"Ahmedabad, India",https://www.adanienterprises.com,2308.8,2238.85,2664840298496,77.06275,29.96,0.00059999997,3743.9,2025.0
2003-02-27 00:00:00+05:30,0.030462543400228533,2314.95,2213.75,0.030579710379242897,1379552,0.0,0.0,ADANIENT.NS,Adani Enterprises Limited,Thermal Coal,Energy,Mr. Gautambhai Shantilal Adani S.Y. B.Com,"Ahmedabad, India",https://www.adanienterprises.com,2308.8,2238.85,2664840298496,77.06275,29.96,0.00059999997,3743.9,2025.0
2003-02-28 00:00:00+05:30,0.030673455809372252,2314.95,2213.75,0.030462540686130524,1379552,0.0,0.0,ADANIENT.NS,Adani Enterprises Limited,Thermal Coal,Energy,Mr. Gautambhai Shantilal Adani S.Y. B.Com,"Ahmedabad, India",https://www.adanienterprises.com,2308.8,2238.85,2664840298496,77.06275,29.96,0.00059999997,3743.9,2025.0
2003-03-03 00:00:00+05:30,0.0306500041908993,2314.95,2213.75,0.030462540686130524,1379552,0.0,0.0,ADANIENT.NS,Adani Enterprises Limited,Thermal Coal,Energy,Mr. Gautambhai Shantilal Adani S.Y. B.Com,"Ahmedabad, India",https://www.adanienterprises.com,2308.8,2238.85,2664840298496,77.06275,29.96,0.00059999997,3743.9,2025.0
2003-03-04 00:00:00+05:30,0.030485995771502215,2314.95,2213.75,0.030439123511314392,1379552,0.0,0.0,ADANIENT.NS,Adani Enterprises Limited,Thermal Coal,Energy,Mr. Gautambhai Shantilal Adani S.Y. B.Com,"Ahmedabad, India",https://www.adanienterprises.com,2308.8,2238.85,2664840298496,77.06275,29.96,0.00059999997,3743.9,2025.0
2003-03-05 00:00:00+05:30,0.03046254871018773,2314.95,2213.75,0.030556295067071915,1379552,0.0,0.0,ADANIENT.NS,Adani Enterprises Limited,Thermal Coal,Energy,Mr. Gautambhai Shantilal Adani S.Y. B.Com,"Ahmedabad, India",https://www.adanienterprises.com,2308.8,2238.85,2664840298496,77.06275,29.96,0.00059999997,3743.9,2025.0
2003-03-06 00:00:00+05:30,0.030556287018321235,2314.95,2213.75,0.030462540686130524,1379552,0.0,0.0,ADANIENT.NS,Adani Enterprises Limited,Thermal Coal,Energy,Mr. Gautambhai Shantilal Adani S.Y. B.Com,"Ahmedabad, India",https://www.adanienterprises.com,2308.8,2238.85,2664840298496,77.06275,29.96,0.00059999997,3743.9,2025.0
2003-03-07 00:00:00+05:30,0.030462540253384116,2314.95,2213.75,0.030181363224983215,1379552,0.0,0.0,ADANIENT.NS,Adani Enterprises Limited,Thermal Coal,Energy,Mr. Gautambhai Shantilal Adani S.Y. B.Com,"Ahmedabad, India",https://www.adanienterprises.com,2308.8,2238.85,2664840298496,77.06275,29.96,0.00059999997,3743.9,2025.0
2003-03-10 00:00:00+05:30,0.029993905371986644,2314.95,2213.75,0.029947031289339066,1379552,0.0,0.0,ADANIENT.NS,Adani Enterprises Limited,Thermal Coal,Energy,Mr. Gautambhai Shantilal Adani S.Y. B.Com,"Ahmedabad, India",https://www.adanienterprises.com,2308.8,2238.85,2664840298496,77.06275,29.96,0.00059999997,3743.9,2025.0
2003-03-11 00:00:00+05:30,0.030228242835194805,2314.95,2213.75,0.029923614114522934,1379552,0.0,0.0,ADANIENT.NS,Adani Enterprises Limited,Thermal Coal,Energy,Mr. Gautambhai Shantilal Adani S.Y. B.Com,"Ahmedabad, India",https://www.adanienterprises.com,2308.8,2238.85,2664840298496,77.06275,29.96,0.00059999997,3743.9,2025.0
2003-03-12 00:00:00+05:30,0.030228240000556857,2314.95,2213.75,0.029900159686803818,1379552,0.0,0.0,ADANIENT.NS,Adani Enterprises Limited,Thermal Coal,Energy,Mr. Gautambhai Shantilal Adani S.Y. B.Com,"Ahmedabad, India",https://www.adanienterprises.com,2308.8,2238.85,2664840298496,77.06275,29.96,0.00059999997,3743.9,2025.0
2003-03-13 00:00:00+05:30,0.031165549675912424,2314.95,2213.75,0.029947031289339066,1379552,0.0,0.0,ADANIENT.NS,Adani Enterprises Limited,Thermal Coal,Energy,Mr. Gautambhai Shantilal Adani S.Y. B.Com,"Ahmedabad, India",https://www.adanienterprises.com,2308.8,2238.85,2664840298496,77.06275,29.96,0.00059999997,3743.9,2025.0
2003-03-14 00:00:00+05:30,0.029947031289339066,2314.95,2213.75,0.029947031289339066,1379552,0.0,0.0,ADANIENT.NS,Adani Enterprises Limited,Thermal Coal,Energy,Mr. Gautambhai Shantilal Adani S.Y. B.Com,"Ahmedabad, India",https://www.adanienterprises.com,2308.8,2238.85,2664840298496,77.06275,29.96,0.00059999997,3743.9,2025.0
2003-03-17 00:00:00+05:30,0.029993903596352574,2314.95,2213.75,0.02985331416130066,1379552,0.0,0.0,ADANIENT.NS,Adani Enterprises Limited,Thermal Coal,Energy,Mr. Gautambhai Shantilal Adani S.Y. B.Com,"Ahmedabad, India",https://www.adanienterprises.com,2308.8,2238.85,2664840298496,77.06275,29.96,0.00059999997,3743.9,2025.0
2003-03-18 00:00:00+05:30,0.02985331416130066,2314.95,2213.75,0.02985331416130066,1379552,0.0,0.0,ADANIENT.NS,Adani Enterprises Limited,Thermal Coal,Energy,Mr. Gautambhai Shantilal Adani S.Y. B.Com,"Ahmedabad, India",https://www.adanienterprises.com,2308.8,2238.85,2664840298496,77.06275,29.96,0.00059999997,3743.9,2025.0
2003-03-19 00:00:00+05:30,0.02997047975797643,2314.95,2213.75,0.029548684135079384,1379552,0.0,0.0,ADANIENT.NS,Adani Enterprises Limited,Thermal Coal,Energy,Mr. Gautambhai Shantilal Adani S.Y. B.Com,"Ahmedabad, India",https://www.adanienterprises.com,2308.8,2238.85,2664840298496,77.06275,29.96,0.00059999997,3743.9,2025.0
2003-03-20 00:00:00+05:30,0.02971269833567504,2314.95,2213.75,0.02982986532151699,1379552,0.0,0.0,ADANIENT.NS,Adani Enterprises Limited,Thermal Coal,Energy,Mr. Gautambhai Shantilal Adani S.Y. B.Com,"Ahmedabad, India",https://www.adanienterprises.com,2308.8,2238.85,2664840298496,77.06275,29.96,0.00059999997,3743.9,2025.0
2003-03-21 00:00:00+05:30,0.030204788115496914,2314.95,2213.75,0.029876738786697388,1379552,0.0,0.0,ADANIENT.NS,Adani Enterprises Limited,Thermal Coal,Energy,Mr. Gautambhai Shantilal Adani S.Y. B.Com,"Ahmedabad, India",https://www.adanienterprises.com,2308.8,2238.85,2664840298496,77.06275,29.96,0.00059999997,3743.9,2025.0
2003-03-24 00:00:00+05:30,0.02975956439751084,2314.95,2213.75,0.029290925711393356,1379552,0.0,0.0,ADANIENT.NS,Adani Enterprises Limited,Thermal Coal,Energy,Mr. Gautambhai Shantilal Adani S.Y. B.Com,"Ahmedabad, India",https://www.adanienterprises.com,2308.8,2238.85,2664840298496,77.06275,29.96,0.00059999997,3743.9,2025.0
2003-03-25 00:00:00+05:30,0.029337771518317943,2314.95,2213.75,0.028916005045175552,1379552,0.0,0.0,ADANIENT.NS,Adani Enterprises Limited,Thermal Coal,Energy,Mr. Gautambhai Shantilal Adani S.Y. B.Com,"Ahmedabad, India",https://www.adanienterprises.com,2308.8,2238.85,2664840298496,77.06275,29.96,0.00059999997,3743.9,2025.0
2003-03-26 00:00:00+05:30,0.02929092303196427,2314.95,2213.75,0.028939420357346535,1379552,0.0,0.0,ADANIENT.NS,Adani Enterprises Limited,Thermal Coal,Energy,Mr. Gautambhai Shantilal Adani S.Y. B.Com,"Ahmedabad, India",https://www.adanienterprises.com,2308.8,2238.85,2664840298496,77.06275,29.96,0.00059999997,3743.9,2025.0
2003-03-27 00:00:00+05:30,0.02893942842600347,2314.95,2213.75,0.028892554342746735,1379552,0.0,0.0,ADANIENT.NS,Adani Enterprises Limited,Thermal Coal,Energy,Mr. Gautambhai Shantilal Adani S.Y. B.Com,"Ahmedabad, India",https://www.adanienterprises.com,2308.8,2238.85,2664840298496,77.06275,29.96,0.00059999997,3743.9,2025.0
2003-03-28 00:00:00+05:30,0.02837704305173845,2314.95,2213.75,0.028869133442640305,1379552,0.0,0.0,ADANIENT.NS,Adani Enterprises Limited,Thermal Coal,Energy,Mr. Gautambhai Shantilal Adani S.Y. B.Com,"Ahmedabad, India",https://www.adanienterprises.com,2308.8,2238.85,2664840298496,77.06275,29.96,0.00059999997,3743.9,2025.0
2003-03-31 00:00:00+05:30,0.028916005063686544,2314.95,2213.75,0.02877538464963436,1379552,0.0,0.0,ADANIENT.NS,Adani Enterprises Limited,Thermal Coal,Energy,Mr. Gautambhai Shantilal Adani S.Y. B.Com,"Ahmedabad, India",https://www.adanienterprises.com,2308.8,2238.85,2664840298496,77.06275,29.96,0.00059999997,3743.9,2025.0
2003-04-01 00:00:00+05:30,0.028611374318851027,2314.95,2213.75,0.02875196374952793,1379552,0.0,0.0,ADANIENT.NS,Adani Enterprises Limited,Thermal Coal,Energy,Mr. Gautambhai Shantilal Adani S.Y. B.Com,"Ahmedabad, India",https://www.adanienterprises.com,2308.8,2238.85,2664840298496,77.06275,29.96,0.00059999997,3743.9,2025.0
2003-04-02 00:00:00+05:30,0.029361223048802006,2314.95,2213.75,0.02900972031056881,1379552,0.0,0.0,ADANIENT.NS,Adani Enterprises Limited,Thermal Coal,Energy,Mr. Gautambhai Shantilal Adani S.Y. B.Com,"Ahmedabad, India",https://www.adanienterprises.com,2308.8,2238.85,2664840298496,77.06275,29.96,0.00059999997,3743.9,2025.0
2003-04-03 00:00:00+05:30,0.02929092842159469,2314.95,2213.75,0.028916005045175552,1379552,0.0,0.0,ADANIENT.NS,Adani Enterprises Limited,Thermal Coal,Energy,Mr. Gautambhai Shantilal Adani S.Y. B.Com,"Ahmedabad, India",https://www.adanienterprises.com,2308.8,2238.85,2664840298496,77.06275,29.96,0.00059999997,3743.9,2025.0
2003-04-04 00:00:00+05:30,0.029244054094034584,2314.95,2213.75,0.02875196374952793,1379552,0.0,0.0,ADANIENT.NS,Adani Enterprises Limited,Thermal Coal,Energy,Mr. Gautambhai Shantilal Adani S.Y. B.Com,"Ahmedabad, India",https://www.adanienterprises.com,2308.8,2238.85,2664840298496,77.06275,29.96,0.00059999997,3743.9,2025.0
2003-04-07 00:00:00+05:30,0.028892546287158857,2314.95,2213.75,0.028939420357346535,1379552,0.0,0.0,ADANIENT.NS,Adani Enterprises Limited,Thermal Coal,Energy,Mr. Gautambhai Shantilal Adani S.Y. B.Com,"Ahmedabad, India",https://www.adanienterprises.com,2308.8,2238.85,2664840298496,77.06275,29.96,0.00059999997,3743.9,2025.0
2003-04-08 00:00:00+05:30,0.028822265675711046,2314.95,2213.75,0.028728550300002098,1379552,0.0,0.0,ADANIENT.NS,Adani Enterprises Limited,Thermal Coal,Energy,Mr. Gautambhai Shantilal Adani S.Y. B.Com,"Ahmedabad, India",https://www.adanienterprises.com,2308.8,2238.85,2664840298496,77.06275,29.96,0.00059999997,3743.9,2025.0
2003-04-09 00:00:00+05:30,0.029056594196179095,2314.95,2213.75,0.028845680877566338,1379552,0.0,0.0,ADANIENT.NS,Adani Enterprises Limited,Thermal Coal,Energy,Mr. Gautambhai Shantilal Adani S.Y. B.Com,"Ahmedabad, India",https://www.adanienterprises.com,2308.8,2238.85,2664840298496,77.06275,29.96,0.00059999997,3743.9,2025.0
2003-04-10 00:00:00+05:30,0.02882225534885637,2314.95,2213.75,0.0281192809343338,1379552,0.0,0.0,ADANIENT.NS,Adani Enterprises Limited,Thermal Coal,Energy,Mr. Gautambhai Shantilal Adani S.Y. B.Com,"Ahmedabad, India",https://www.adanienterprises.com,2308.8,2238.85,2664840298496,77.06275,29.96,0.00059999997,3743.9,2025.0
2003-04-11 00:00:00+05:30,0.028798842424019984,2314.95,2213.75,0.028470762073993683,1379552,0.0,0.0,ADANIENT.NS,Adani Enterprises Limited,Thermal Coal,Energy,Mr. Gautambhai Shantilal Adani S.Y. B.Com,"Ahmedabad, India",https://www.adanienterprises.com,2308.8,2238.85,2664840298496,77.06275,29.96,0.00059999997,3743.9,2025.0
2003-04-14 00:00:00+05:30,0.028470762073993683,2314.95,2213.75,0.028470762073993683,1379552,0.0,0.0,ADANIENT.NS,Adani Enterprises Limited,Thermal Coal,Energy,Mr. Gautambhai Shantilal Adani S.Y. B.Com,"Ahmedabad, India",https://www.adanienterprises.com,2308.8,2238.85,2664840298496,77.06275,29.96,0.00059999997,3743.9,2025.0
2003-04-15 00:00:00+05:30,0.028564506121606714,2314.95,2213.75,0.028681673109531403,1379552,0.0,0.0,ADANIENT.NS,Adani Enterprises Limited,Thermal Coal,Energy,Mr. Gautambhai Shantilal Adani S.Y. B.Com,"Ahmedabad, India",https://www.adanienterprises.com,2308.8,2238.85,2664840298496,77.06275,29.96,0.00059999997,3743.9,2025.0
2003-04-16 00:00:00+05:30,0.02870508951084919,2314.95,2213.75,0.028494207188487053,1379552,0.0,0.0,ADANIENT.NS,Adani Enterprises Limited,Thermal Coal,Energy,Mr. Gautambhai Shantilal Adani S.Y. B.Com,"Ahmedabad, India",https://www.adanienterprises.com,2308.8,2238.85,2664840298496,77.06275,29.96,0.00059999997,3743.9,2025.0
2003-04-17 00:00:00+05:30,0.028564499430051585,2314.95,2213.75,0.02840045839548111,1379552,0.0,0.0,ADANIENT.NS,Adani Enterprises Limited,Thermal Coal,Energy,Mr. Gautambhai Shantilal Adani S.Y. B.Com,"Ahmedabad, India",https://www.adanienterprises.com,2308.8,2238.85,2664840298496,77.06275,29.96,0.00059999997,3743.9,2025.0
2003-04-18 00:00:00+05:30,0.02840045839548111,2314.95,2213.75,0.02840045839548111,1379552,0.0,0.0,ADANIENT.NS,Adani Enterprises Limited,Thermal Coal,Energy,Mr. Gautambhai Shantilal Adani S.Y. B.Com,"Ahmedabad, India",https://www.adanienterprises.com,2308.8,2238.85,2664840298496,77.06275,29.96,0.00059999997,3743.9,2025.0
2003-04-21 00:00:00+05:30,0.028470762182106087,2314.95,2213.75,0.028377046808600426,1379552,0.0,0.0,ADANIENT.NS,Adani Enterprises Limited,Thermal Coal,Energy,Mr. Gautambhai Shantilal Adani S.Y. B.Com,"Ahmedabad, India",https://www.adanienterprises.com,2308.8,2238.85,2664840298496,77.06275,29.96,0.00059999997,3743.9,2025.0
2003-04-22 00:00:00+05:30,0.028587923310567885,2314.95,2213.75,0.028705090284347534,1379552,0.0,0.0,ADANIENT.NS,Adani Enterprises Limited,Thermal Coal,Energy,Mr. Gautambhai Shantilal Adani S.Y. B.Com,"Ahmedabad, India",https://www.adanienterprises.com,2308.8,2238.85,2664840298496,77.06275,29.96,0.00059999997,3743.9,2025.0
2003-04-23 00:00:00+05:30,0.028611376881599426,2314.95,2213.75,0.028611376881599426,1379552,0.0,0.0,ADANIENT.NS,Adani Enterprises Limited,Thermal Coal,Energy,Mr. Gautambhai Shantilal Adani S.Y. B.Com,"Ahmedabad, India",https://www.adanienterprises.com,2308.8,2238.85,2664840298496,77.06275,29.96,0.00059999997,3743.9,2025.0
2003-04-24 00:00:00+05:30,0.02870508790100347,2314.95,2213.75,0.028517626225948334,1379552,0.0,0.0,ADANIENT.NS,Adani Enterprises Limited,Thermal Coal,Energy,Mr. Gautambhai Shantilal Adani S.Y. B.Com,"Ahmedabad, India",https://www.adanienterprises.com,2308.8,2238.85,2664840298496,77.06275,29.96,0.00059999997,3743.9,2025.0
2003-04-25 00:00:00+05:30,0.028353613242653584,2314.95,2213.75,0.028142699971795082,1379552,0.0,0.0,ADANIENT.NS,Adani Enterprises Limited,Thermal Coal,Energy,Mr. Gautambhai Shantilal Adani S.Y. B.Com,"Ahmedabad, India",https://www.adanienterprises.com,2308.8,2238.85,2664840298496,77.06275,29.96,0.00059999997,3743.9,2025.0
2003-04-28 00:00:00+05:30,0.02835361775859508,2314.95,2213.75,0.028494207188487053,1379552,0.0,0.0,ADANIENT.NS,Adani Enterprises Limited,Thermal Coal,Energy,Mr. Gautambhai Shantilal Adani S.Y. B.Com,"Ahmedabad, India",https://www.adanienterprises.com,2308.8,2238.85,2664840298496,77.06275,29.96,0.00059999997,3743.9,2025.0
2003-04-29 00:00:00+05:30,0.028447332862440843,2314.95,2213.75,0.028330165892839432,1379552,0.0,0.0,ADANIENT.NS,Adani Enterprises Limited,Thermal Coal,Energy,Mr. Gautambhai Shantilal Adani S.Y. B.Com,"Ahmedabad, India",https://www.adanienterprises.com,2308.8,2238.85,2664840298496,77.06275,29.96,0.00059999997,3743.9,2025.0
2003-04-30 00:00:00+05:30,0.026244671135010136,2314.95,2213.75,0.028470762073993683,1379552,0.0,0.0,ADANIENT.NS,Adani Enterprises Limited,Thermal Coal,Energy,Mr. Gautambhai Shantilal Adani S.Y. B.Com,"Ahmedabad, India",https://www.adanienterprises.com,2308.8,2238.85,2664840298496,77.06275,29.96,0.00059999997,3743.9,2025.0
2003-05-01 00:00:00+05:30,0.028470762073993683,2314.95,2213.75,0.028470762073993683,1379552,0.0,0.0,ADANIENT.NS,Adani Enterprises Limited,Thermal Coal,Energy,Mr. Gautambhai Shantilal Adani S.Y. B.Com,"Ahmedabad, India",https://www.adanienterprises.com,2308.8,2238.85,2664840298496,77.06275,29.96,0.00059999997,3743.9,2025.0
2003-05-02 00:00:00+05:30,0.028587928771779552,2314.95,2213.75,0.028447339311242104,1379552,0.0,0.0,ADANIENT.NS,Adani Enterprises Limited,Thermal Coal,Energy,Mr. Gautambhai Shantilal Adani S.Y. B.Com,"Ahmedabad, India",https://www.adanienterprises.com,2308.8,2238.85,2664840298496,77.06275,29.96,0.00059999997,3743.9,2025.0
2003-05-05 00:00:00+05:30,0.028587925653382577,2314.95,2213.75,0.028892554342746735,1379552,0.0,0.0,ADANIENT.NS,Adani Enterprises Limited,Thermal Coal,Energy,Mr. Gautambhai Shantilal Adani S.Y. B.Com,"Ahmedabad, India",https://www.adanienterprises.com,2308.8,2238.85,2664840298496,77.06275,29.96,0.00059999997,3743.9,2025.0
2003-05-06 00:00:00+05:30,0.028822261097046137,2314.95,2213.75,0.029454940930008888,1379552,0.0,0.0,ADANIENT.NS,Adani Enterprises Limited,Thermal Coal,Energy,Mr. Gautambhai Shantilal Adani S.Y. B.Com,"Ahmedabad, India",https://www.adanienterprises.com,2308.8,2238.85,2664840298496,77.06275,29.96,0.00059999997,3743.9,2025.0
2003-05-07 00:00:00+05:30,0.02905659469417968,2314.95,2213.75,0.02903314307332039,1379552,0.0,0.0,ADANIENT.NS,Adani Enterprises Limited,Thermal Coal,Energy,Mr. Gautambhai Shantilal Adani S.Y. B.Com,"Ahmedabad, India",https://www.adanienterprises.com,2308.8,2238.85,2664840298496,77.06275,29.96,0.00059999997,3743.9,2025.0
2003-05-08 00:00:00+05:30,0.02905659267317344,2314.95,2213.75,0.02877538464963436,1379552,0.0,0.0,ADANIENT.NS,Adani Enterprises Limited,Thermal Coal,Energy,Mr. Gautambhai Shantilal Adani S.Y. B.Com,"Ahmedabad, India",https://www.adanienterprises.com,2308.8,2238.85,2664840298496,77.06275,29.96,0.00059999997,3743.9,2025.0
2003-05-09 00:00:00+05:30,0.028587922961304784,2314.95,2213.75,0.02877538464963436,1379552,0.0,0.0,ADANIENT.NS,Adani Enterprises Limited,Thermal Coal,Energy,Mr. Gautambhai Shantilal Adani S.Y. B.Com,"Ahmedabad, India",https://www.adanienterprises.com,2308.8,2238.85,2664840298496,77.06275,29.96,0.00059999997,3743.9,2025.0
2003-05-12 00:00:00+05:30,0.029080017155423354,2314.95,2213.75,0.02903314307332039,1379552,0.0,0.0,ADANIENT.NS,Adani Enterprises Limited,Thermal Coal,Energy,Mr. Gautambhai Shantilal Adani S.Y. B.Com,"Ahmedabad, India",https://www.adanienterprises.com,2308.8,2238.85,2664840298496,77.06275,29.96,0.00059999997,3743.9,2025.0
2003-05-13 00:00:00+05:30,0.02893942266914532,2314.95,2213.75,0.029220599681138992,1379552,0.0,0.0,ADANIENT.NS,Adani Enterprises Limited,Thermal Coal,Energy,Mr. Gautambhai Shantilal Adani S.Y. B.Com,"Ahmedabad, India",https://www.adanienterprises.com,2308.8,2238.85,2664840298496,77.06275,29.96,0.00059999997,3743.9,2025.0
2003-05-14 00:00:00+05:30,0.029267486816669953,2314.95,2213.75,0.029618989676237106,1379552,0.0,0.0,ADANIENT.NS,Adani Enterprises Limited,Thermal Coal,Energy,Mr. Gautambhai Shantilal Adani S.Y. B.Com,"Ahmedabad, India",https://www.adanienterprises.com,2308.8,2238.85,2664840298496,77.06275,29.96,0.00059999997,3743.9,2025.0
2003-05-15 00:00:00+05:30,0.03043912485984017,2314.95,2213.75,0.035547468811273575,1379552,0.0,0.0,ADANIENT.NS,Adani Enterprises Limited,Thermal Coal,Energy,Mr. Gautambhai Shantilal Adani S.Y. B.Com,"Ahmedabad, India",https://www.adanienterprises.com,2308.8,2238.85,2664840298496,77.06275,29.96,0.00059999997,3743.9,2025.0
2003-05-16 00:00:00+05:30,0.03796102337355786,2314.95,2213.75,0.041522830724716187,1379552,0.0,0.0,ADANIENT.NS,Adani Enterprises Limited,Thermal Coal,Energy,Mr. Gautambhai Shantilal Adani S.Y. B.Com,"Ahmedabad, India",https://www.adanienterprises.com,2308.8,2238.85,2664840298496,77.06275,29.96,0.00059999997,3743.9,2025.0
2003-05-19 00:00:00+05:30,0.042530428201744956,2314.95,2213.75,0.043186530470848083,1379552,0.0,0.0,ADANIENT.NS,Adani Enterprises Limited,Thermal Coal,Energy,Mr. Gautambhai Shantilal Adani S.Y. B.Com,"Ahmedabad, India",https://www.adanienterprises.com,2308.8,2238.85,2664840298496,77.06275,29.96,0.00059999997,3743.9,2025.0
2003-05-20 00:00:00+05:30,0.039859090897063826,2314.95,2213.75,0.040960442274808884,1379552,0.0,0.0,ADANIENT.NS,Adani Enterprises Limited,Thermal Coal,Energy,Mr. Gautambhai Shantilal Adani S.Y. B.Com,"Ahmedabad, India",https://www.adanienterprises.com,2308.8,2238.85,2664840298496,77.06275,29.96,0.00059999997,3743.9,2025.0
2003-05-21 00:00:00+05:30,0.040069971325685065,2314.95,2213.75,0.04105415567755699,1379552,0.0,0.0,ADANIENT.NS,Adani Enterprises Limited,Thermal Coal,Energy,Mr. Gautambhai Shantilal Adani S.Y. B.Com,"Ahmedabad, India",https://www.adanienterprises.com,2308.8,2238.85,2664840298496,77.06275,29.96,0.00059999997,3743.9,2025.0
2003-05-22 00:00:00+05:30,0.041944595540129345,2314.95,2213.75,0.041639965027570724,1379552,0.0,0.0,ADANIENT.NS,Adani Enterprises Limited,Thermal Coal,Energy,Mr. Gautambhai Shantilal Adani S.Y. B.Com,"Ahmedabad, India",https://www.adanienterprises.com,2308.8,2238.85,2664840298496,77.06275,29.96,0.00059999997,3743.9,2025.0
2003-05-23 00:00:00+05:30,0.04147595637903939,2314.95,2213.75,0.04185087978839874,1379552,0.0,0.0,ADANIENT.NS,Adani Enterprises Limited,Thermal Coal,Energy,Mr. Gautambhai Shantilal Adani S.Y. B.Com,"Ahmedabad, India",https://www.adanienterprises.com,2308.8,2238.85,2664840298496,77.06275,29.96,0.00059999997,3743.9,2025.0
2003-05-26 00:00:00+05:30,0.04171028708369231,2314.95,2213.75,0.04105415567755699,1379552,0.0,0.0,ADANIENT.NS,Adani Enterprises Limited,Thermal Coal,Energy,Mr. Gautambhai Shantilal Adani S.Y. B.Com,"Ahmedabad, India",https://www.adanienterprises.com,2308.8,2238.85,2664840298496,77.06275,29.96,0.00059999997,3743.9,2025.0
2003-05-27 00:00:00+05:30,0.04182741884656433,2314.95,2213.75,0.039718493819236755,1379552,0.0,0.0,ADANIENT.NS,Adani Enterprises Limited,Thermal Coal,Energy,Mr. Gautambhai Shantilal Adani S.Y. B.Com,"Ahmedabad, India",https://www.adanienterprises.com,2308.8,2238.85,2664840298496,77.06275,29.96,0.00059999997,3743.9,2025.0
2003-05-28 00:00:00+05:30,0.04030430486402847,2314.95,2213.75,0.03955445811152458,1379552,0.0,0.0,ADANIENT.NS,Adani Enterprises Limited,Thermal Coal,Energy,Mr. Gautambhai Shantilal Adani S.Y. B.Com,"Ahmedabad, India",https://www.adanienterprises.com,2308.8,2238.85,2664840298496,77.06275,29.96,0.00059999997,3743.9,2025.0
2003-05-29 00:00:00+05:30,0.0396013365083792,2314.95,2213.75,0.03915611654520035,1379552,0.0,0.0,ADANIENT.NS,Adani Enterprises Limited,Thermal Coal,Energy,Mr. Gautambhai Shantilal Adani S.Y. B.Com,"Ahmedabad, India",https://www.adanienterprises.com,2308.8,2238.85,2664840298496,77.06275,29.96,0.00059999997,3743.9,2025.0
2003-05-30 00:00:00+05:30,0.03962475331153696,2314.95,2213.75,0.039249829947948456,1379552,0.0,0.0,ADANIENT.NS,Adani Enterprises Limited,Thermal Coal,Energy,Mr. Gautambhai Shantilal Adani S.Y. B.Com,"Ahmedabad, India",https://www.adanienterprises.com,2308.8,2238.85,2664840298496,77.06275,29.96,0.00059999997,3743.9,2025.0
2003-06-02 00:00:00+05:30,0.03943729661264124,2314.95,2213.75,0.03978880122303963,1379552,0.0,0.0,ADANIENT.NS,Adani Enterprises Limited,Thermal Coal,Energy,Mr. Gautambhai Shantilal Adani S.Y. B.Com,"Ahmedabad, India",https://www.adanienterprises.com,2308.8,2238.85,2664840298496,77.06275,29.96,0.00059999997,3743.9,2025.0
2003-06-03 00:00:00+05:30,0.03960133784434445,2314.95,2213.75,0.03906237334012985,1379552,0.0,0.0,ADANIENT.NS,Adani Enterprises Limited,Thermal Coal,Energy,Mr. Gautambhai Shantilal Adani S.Y. B.Com,"Ahmedabad, India",https://www.adanienterprises.com,2308.8,2238.85,2664840298496,77.06275,29.96,0.00059999997,3743.9,2025.0
2003-06-04 00:00:00+05:30,0.03936700346322211,2314.95,2213.75,0.03913266584277153,1379552,0.0,0.0,ADANIENT.NS,Adani Enterprises Limited,Thermal Coal,Energy,Mr. Gautambhai Shantilal Adani S.Y. B.Com,"Ahmedabad, India",https://www.adanienterprises.com,2308.8,2238.85,2664840298496,77.06275,29.96,0.00059999997,3743.9,2025.0
2003-06-05 00:00:00+05:30,0.039718502390662276,2314.95,2213.75,0.04035118222236633,1379552,0.0,0.0,ADANIENT.NS,Adani Enterprises Limited,Thermal Coal,Energy,Mr. Gautambhai Shantilal Adani S.Y. B.Com,"Ahmedabad, India",https://www.adanienterprises.com,2308.8,2238.85,2664840298496,77.06275,29.96,0.00059999997,3743.9,2025.0
2003-06-06 00:00:00+05:30,0.04100728305368231,2314.95,2213.75,0.041616540402173996,1379552,0.0,0.0,ADANIENT.NS,Adani Enterprises Limited,Thermal Coal,Energy,Mr. Gautambhai Shantilal Adani S.Y. B.Com,"Ahmedabad, India",https://www.adanienterprises.com,2308.8,2238.85,2664840298496,77.06275,29.96,0.00059999997,3743.9,2025.0
2003-06-09 00:00:00+05:30,0.04215549805269942,2314.95,2213.75,0.04074952006340027,1379552,0.0,0.0,ADANIENT.NS,Adani Enterprises Limited,Thermal Coal,Energy,Mr. Gautambhai Shantilal Adani S.Y. B.Com,"Ahmedabad, India",https://www.adanienterprises.com,2308.8,2238.85,2664840298496,77.06275,29.96,0.00059999997,3743.9,2025.0
2003-06-10 00:00:00+05:30,0.040187140843691814,2314.95,2213.75,0.04042147845029831,1379552,0.0,0.0,ADANIENT.NS,Adani Enterprises Limited,Thermal Coal,Energy,Mr. Gautambhai Shantilal Adani S.Y. B.Com,"Ahmedabad, India",https://www.adanienterprises.com,2308.8,2238.85,2664840298496,77.06275,29.96,0.00059999997,3743.9,2025.0
2003-06-11 00:00:00+05:30,0.039835636271424696,2314.95,2213.75,0.039695046842098236,1379552,0.0,0.0,ADANIENT.NS,Adani Enterprises Limited,Thermal Coal,Energy,Mr. Gautambhai Shantilal Adani S.Y. B.Com,"Ahmedabad, India",https://www.adanienterprises.com,2308.8,2238.85,2664840298496,77.06275,29.96,0.00059999997,3743.9,2025.0
2003-06-12 00:00:00+05:30,0.039601328818942357,2314.95,2213.75,0.04006996750831604,1379552,0.0,0.0,ADANIENT.NS,Adani Enterprises Limited,Thermal Coal,Energy,Mr. Gautambhai Shantilal Adani S.Y. B.Com,"Ahmedabad, India",https://www.adanienterprises.com,2308.8,2238.85,2664840298496,77.06275,29.96,0.00059999997,3743.9,2025.0
2003-06-13 00:00:00+05:30,0.04096043958755215,2314.95,2213.75,0.03962475433945656,1379552,0.0,0.0,ADANIENT.NS,Adani Enterprises Limited,Thermal Coal,Energy,Mr. Gautambhai Shantilal Adani S.Y. B.Com,"Ahmedabad, India",https://www.adanienterprises.com,2308.8,2238.85,2664840298496,77.06275,29.96,0.00059999997,3743.9,2025.0
2003-06-16 00:00:00+05:30,0.03962475897052225,2314.95,2213.75,0.03915611654520035,1379552,0.0,0.0,ADANIENT.NS,Adani Enterprises Limited,Thermal Coal,Energy,Mr. Gautambhai Shantilal Adani S.Y. B.Com,"Ahmedabad, India",https://www.adanienterprises.com,2308.8,2238.85,2664840298496,77.06275,29.96,0.00059999997,3743.9,2025.0
2003-06-17 00:00:00+05:30,0.039952803634346556,2314.95,2213.75,0.03962475433945656,1379552,0.0,0.0,ADANIENT.NS,Adani Enterprises Limited,Thermal Coal,Energy,Mr. Gautambhai Shantilal Adani S.Y. B.Com,"Ahmedabad, India",https://www.adanienterprises.com,2308.8,2238.85,2664840298496,77.06275,29.96,0.00059999997,3743.9,2025.0
2003-06-18 00:00:00+05:30,0.040069976563442855,2314.95,2213.75,0.04089011996984482,1379552,0.0,0.0,ADANIENT.NS,Adani Enterprises Limited,Thermal Coal,Energy,Mr. Gautambhai Shantilal Adani S.Y. B.Com,"Ahmedabad, India",https://www.adanienterprises.com,2308.8,2238.85,2664840298496,77.06275,29.96,0.00059999997,3743.9,2025.0
2003-06-19 00:00:00+05:30,0.041710292174502075,2314.95,2213.75,0.041358787566423416,1379552,0.0,0.0,ADANIENT.NS,Adani Enterprises Limited,Thermal Coal,Energy,Mr. Gautambhai Shantilal Adani S.Y. B.Com,"Ahmedabad, India",https://www.adanienterprises.com,2308.8,2238.85,2664840298496,77.06275,29.96,0.00059999997,3743.9,2025.0
2003-06-20 00:00:00+05:30,0.04215549892306124,2314.95,2213.75,0.042764727026224136,1379552,0.0,0.0,ADANIENT.NS,Adani Enterprises Limited,Thermal Coal,Energy,Mr. Gautambhai Shantilal Adani S.Y. B.Com,"Ahmedabad, India",https://www.adanienterprises.com,2308.8,2238.85,2664840298496,77.06275,29.96,0.00059999997,3743.9,2025.0
2003-06-23 00:00:00+05:30,0.04403012155497982,2314.95,2213.75,0.04220234602689743,1379552,0.0,0.0,ADANIENT.NS,Adani Enterprises Limited,Thermal Coal,Energy,Mr. Gautambhai Shantilal Adani S.Y. B.Com,"Ahmedabad, India",https://www.adanienterprises.com,2308.8,2238.85,2664840298496,77.06275,29.96,0.00059999997,3743.9,2025.0
2003-06-24 00:00:00+05:30,0.0421789263747307,2314.95,2213.75,0.04222580045461655,1379552,0.0,0.0,ADANIENT.NS,Adani Enterprises Limited,Thermal Coal,Energy,Mr. Gautambhai Shantilal Adani S.Y. B.Com,"Ahmedabad, India",https://www.adanienterprises.com,2308.8,2238.85,2664840298496,77.06275,29.96,0.00059999997,3743.9,2025.0
2003-06-25 00:00:00+05:30,0.042249218721145204,2314.95,2213.75,0.04262414574623108,1379552,0.0,0.0,ADANIENT.NS,Adani Enterprises Limited,Thermal Coal,Energy,Mr. Gautambhai Shantilal Adani S.Y. B.Com,"Ahmedabad, India",https://www.adanienterprises.com,2308.8,2238.85,2664840298496,77.06275,29.96,0.00059999997,3743.9,2025.0
2003-06-26 00:00:00+05:30,0.04255385235308516,2314.95,2213.75,0.044405050575733185,1379552,0.0,0.0,ADANIENT.NS,Adani Enterprises Limited,Thermal Coal,Energy,Mr. Gautambhai Shantilal Adani S.Y. B.Com,"Ahmedabad, India",https://www.adanienterprises.com,2308.8,2238.85,2664840298496,77.06275,29.96,0.00059999997,3743.9,2025.0
2003-06-27 00:00:00+05:30,0.045928165711829276,2314.95,2213.75,0.04585787281394005,1379552,0.0,0.0,ADANIENT.NS,Adani Enterprises Limited,Thermal Coal,Energy,Mr. Gautambhai Shantilal Adani S.Y. B.Com,"Ahmedabad, India",https://www.adanienterprises.com,2308.8,2238.85,2664840298496,77.06275,29.96,0.00059999997,3743.9,2025.0
2003-06-30 00:00:00+05:30,0.04709981254269651,2314.95,2213.75,0.0458110012114048,1379552,0.0,0.0,ADANIENT.NS,Adani Enterprises Limited,Thermal Coal,Energy,Mr. Gautambhai Shantilal Adani S.Y. B.Com,"Ahmedabad, India",https://www.adanienterprises.com,2308.8,2238.85,2664840298496,77.06275,29.96,0.00059999997,3743.9,2025.0
2003-07-01 00:00:00+05:30,0.04599845704465176,2314.95,2213.75,0.04613904282450676,1379552,0.0,0.0,ADANIENT.NS,Adani Enterprises Limited,Thermal Coal,Energy,Mr. Gautambhai Shantilal Adani S.Y. B.Com,"Ahmedabad, India",https://www.adanienterprises.com,2308.8,2238.85,2664840298496,77.06275,29.96,0.00059999997,3743.9,2025.0
2003-07-02 00:00:00+05:30,0.0468654808157118,2314.95,2213.75,0.04623280093073845,1379552,0.0,0.0,ADANIENT.NS,Adani Enterprises Limited,Thermal Coal,Energy,Mr. Gautambhai Shantilal Adani S.Y. B.Com,"Ahmedabad, India",https://www.adanienterprises.com,2308.8,2238.85,2664840298496,77.06275,29.96,0.00059999997,3743.9,2025.0
2003-07-03 00:00:00+05:30,0.047099811338362725,2314.95,2213.75,0.04714668542146683,1379552,0.0,0.0,ADANIENT.NS,Adani Enterprises Limited,Thermal Coal,Energy,Mr. Gautambhai Shantilal Adani S.Y. B.Com,"Ahmedabad, India",https://www.adanienterprises.com,2308.8,2238.85,2664840298496,77.06275,29.96,0.00059999997,3743.9,2025.0
2003-07-04 00:00:00+05:30,0.04756845056318828,2314.95,2213.75,0.04733414575457573,1379552,0.0,0.0,ADANIENT.NS,Adani Enterprises Limited,Thermal Coal,Energy,Mr. Gautambhai Shantilal Adani S.Y. B.Com,"Ahmedabad, India",https://www.adanienterprises.com,2308.8,2238.85,2664840298496,77.06275,29.96,0.00059999997,3743.9,2025.0
2003-07-07 00:00:00+05:30,0.04780277838603052,2314.95,2213.75,0.04749814793467522,1379552,0.0,0.0,ADANIENT.NS,Adani Enterprises Limited,Thermal Coal,Energy,Mr. Gautambhai Shantilal Adani S.Y. B.Com,"Ahmedabad, India",https://www.adanienterprises.com,2308.8,2238.85,2664840298496,77.06275,29.96,0.00059999997,3743.9,2025.0
2003-07-08 00:00:00+05:30,0.04780277604255786,2314.95,2213.75,0.04707634821534157,1379552,0.0,0.0,ADANIENT.NS,Adani Enterprises Limited,Thermal Coal,Energy,Mr. Gautambhai Shantilal Adani S.Y. B.Com,"Ahmedabad, India",https://www.adanienterprises.com,2308.8,2238.85,2664840298496,77.06275,29.96,0.00059999997,3743.9,2025.0
2003-07-09 00:00:00+05:30,0.04674830093631082,2314.95,2213.75,0.044943977147340775,1379552,0.0,0.0,ADANIENT.NS,Adani Enterprises Limited,Thermal Coal,Energy,Mr. Gautambhai Shantilal Adani S.Y. B.Com,"Ahmedabad, India",https://www.adanienterprises.com,2308.8,2238.85,2664840298496,77.06275,29.96,0.00059999997,3743.9,2025.0
2003-07-10 00:00:00+05:30,0.0452251958580705,2314.95,2213.75,0.04475652426481247,1379552,0.0,0.0,ADANIENT.NS,Adani Enterprises Limited,Thermal Coal,Energy,Mr. Gautambhai Shantilal Adani S.Y. B.Com,"Ahmedabad, India",https://www.adanienterprises.com,2308.8,2238.85,2664840298496,77.06275,29.96,0.00059999997,3743.9,2025.0
2003-07-11 00:00:00+05:30,0.04534235868977883,2314.95,2213.75,0.04496743530035019,1379552,0.0,0.0,ADANIENT.NS,Adani Enterprises Limited,Thermal Coal,Energy,Mr. Gautambhai Shantilal Adani S.Y. B.Com,"Ahmedabad, India",https://www.adanienterprises.com,2308.8,2238.85,2664840298496,77.06275,29.96,0.00059999997,3743.9,2025.0
2003-07-14 00:00:00+05:30,0.045928171008896936,2314.95,2213.75,0.04583445563912392,1379552,0.0,0.0,ADANIENT.NS,Adani Enterprises Limited,Thermal Coal,Energy,Mr. Gautambhai Shantilal Adani S.Y. B.Com,"Ahmedabad, India",https://www.adanienterprises.com,2308.8,2238.85,2664840298496,77.06275,29.96,0.00059999997,3743.9,2025.0
2003-07-15 00:00:00+05:30,0.04592817010601279,2314.95,2213.75,0.04447534680366516,1379552,0.0,0.0,ADANIENT.NS,Adani Enterprises Limited,Thermal Coal,Energy,Mr. Gautambhai Shantilal Adani S.Y. B.Com,"Ahmedabad, India",https://www.adanienterprises.com,2308.8,2238.85,2664840298496,77.06275,29.96,0.00059999997,3743.9,2025.0
2003-07-16 00:00:00+05:30,0.04534235868977883,2314.95,2213.75,0.04496743530035019,1379552,0.0,0.0,ADANIENT.NS,Adani Enterprises Limited,Thermal Coal,Energy,Mr. Gautambhai Shantilal Adani S.Y. B.Com,"Ahmedabad, India",https://www.adanienterprises.com,2308.8,2238.85,2664840298496,77.06275,29.96,0.00059999997,3743.9,2025.0
2003-07-17 00:00:00+05:30,0.04452221900705227,2314.95,2213.75,0.04456906393170357,1379552,0.0,0.0,ADANIENT.NS,Adani Enterprises Limited,Thermal Coal,Energy,Mr. Gautambhai Shantilal Adani S.Y. B.Com,"Ahmedabad, India",https://www.adanienterprises.com,2308.8,2238.85,2664840298496,77.06275,29.96,0.00059999997,3743.9,2025.0
2003-07-18 00:00:00+05:30,0.04431129988430419,2314.95,2213.75,0.04372549057006836,1379552,0.0,0.0,ADANIENT.NS,Adani Enterprises Limited,Thermal Coal,Energy,Mr. Gautambhai Shantilal Adani S.Y. B.Com,"Ahmedabad, India",https://www.adanienterprises.com,2308.8,2238.85,2664840298496,77.06275,29.96,0.00059999997,3743.9,2025.0
2003-07-21 00:00:00+05:30,0.044358173778173325,2314.95,2213.75,0.043795790523290634,1379552,0.0,0.0,ADANIENT.NS,Adani Enterprises Limited,Thermal Coal,Energy,Mr. Gautambhai Shantilal Adani S.Y. B.Com,"Ahmedabad, India",https://www.adanienterprises.com,2308.8,2238.85,2664840298496,77.06275,29.96,0.00059999997,3743.9,2025.0
2003-07-22 00:00:00+05:30,0.04276473239204779,2314.95,2213.75,0.0427413135766983,1379552,0.0,0.0,ADANIENT.NS,Adani Enterprises Limited,Thermal Coal,Energy,Mr. Gautambhai Shantilal Adani S.Y. B.Com,"Ahmedabad, India",https://www.adanienterprises.com,2308.8,2238.85,2664840298496,77.06275,29.96,0.00059999997,3743.9,2025.0
2003-07-23 00:00:00+05:30,0.04335056832427575,2314.95,2213.75,0.04278818145394325,1379552,0.0,0.0,ADANIENT.NS,Adani Enterprises Limited,Thermal Coal,Energy,Mr. Gautambhai Shantilal Adani S.Y. B.Com,"Ahmedabad, India",https://www.adanienterprises.com,2308.8,2238.85,2664840298496,77.06275,29.96,0.00059999997,3743.9,2025.0
2003-07-24 00:00:00+05:30,0.04288191059182786,2314.95,2213.75,0.04299907758831978,1379552,0.0,0.0,ADANIENT.NS,Adani Enterprises Limited,Thermal Coal,Energy,Mr. Gautambhai Shantilal Adani S.Y. B.Com,"Ahmedabad, India",https://www.adanienterprises.com,2308.8,2238.85,2664840298496,77.06275,29.96,0.00059999997,3743.9,2025.0
2003-07-25 00:00:00+05:30,0.04370204072756755,2314.95,2213.75,0.043819207698106766,1379552,0.0,0.0,ADANIENT.NS,Adani Enterprises Limited,Thermal Coal,Energy,Mr. Gautambhai Shantilal Adani S.Y. B.Com,"Ahmedabad, India",https://www.adanienterprises.com,2308.8,2238.85,2664840298496,77.06275,29.96,0.00059999997,3743.9,2025.0
2003-07-28 00:00:00+05:30,0.04405354744813709,2314.95,2213.75,0.04482681304216385,1379552,0.0,0.0,ADANIENT.NS,Adani Enterprises Limited,Thermal Coal,Energy,Mr. Gautambhai Shantilal Adani S.Y. B.Com,"Ahmedabad, India",https://www.adanienterprises.com,2308.8,2238.85,2664840298496,77.06275,29.96,0.00059999997,3743.9,2025.0
2003-07-29 00:00:00+05:30,0.04459250611154225,2314.95,2213.75,0.04480338841676712,1379552,0.0,0.0,ADANIENT.NS,Adani Enterprises Limited,Thermal Coal,Energy,Mr. Gautambhai Shantilal Adani S.Y. B.Com,"Ahmedabad, India",https://www.adanienterprises.com,2308.8,2238.85,2664840298496,77.06275,29.96,0.00059999997,3743.9,2025.0
2003-07-30 00:00:00+05:30,0.04557666768740723,2314.95,2213.75,0.04391296207904816,1379552,0.0,0.0,ADANIENT.NS,Adani Enterprises Limited,Thermal Coal,Energy,Mr. Gautambhai Shantilal Adani S.Y. B.Com,"Ahmedabad, India",https://www.adanienterprises.com,2308.8,2238.85,2664840298496,77.06275,29.96,0.00059999997,3743.9,2025.0
2003-07-31 00:00:00+05:30,0.043116236194362216,2314.95,2213.75,0.043022520840168,1379552,0.0,0.0,ADANIENT.NS,Adani Enterprises Limited,Thermal Coal,Energy,Mr. Gautambhai Shantilal Adani S.Y. B.Com,"Ahmedabad, India",https://www.adanienterprises.com,2308.8,2238.85,2664840298496,77.06275,29.96,0.00059999997,3743.9,2025.0
2003-08-01 00:00:00+05:30,0.042178920662157636,2314.95,2213.75,0.04304593428969383,1379552,0.0,0.0,ADANIENT.NS,Adani Enterprises Limited,Thermal Coal,Energy,Mr. Gautambhai Shantilal Adani S.Y. B.Com,"Ahmedabad, India",https://www.adanienterprises.com,2308.8,2238.85,2664840298496,77.06275,29.96,0.00059999997,3743.9,2025.0
2003-08-04 00:00:00+05:30,0.04323340940738708,2314.95,2213.75,0.04297565296292305,1379552,0.0,0.0,ADANIENT.NS,Adani Enterprises Limited,Thermal Coal,Energy,Mr. Gautambhai Shantilal Adani S.Y. B.Com,"Ahmedabad, India",https://www.adanienterprises.com,2308.8,2238.85,2664840298496,77.06275,29.96,0.00059999997,3743.9,2025.0
2003-08-05 00:00:00+05:30,0.04264759308380947,2314.95,2213.75,0.043163105845451355,1379552,0.0,0.0,ADANIENT.NS,Adani Enterprises Limited,Thermal Coal,Energy,Mr. Gautambhai Shantilal Adani S.Y. B.Com,"Ahmedabad, India",https://www.adanienterprises.com,2308.8,2238.85,2664840298496,77.06275,29.96,0.00059999997,3743.9,2025.0
2003-08-06 00:00:00+05:30,0.043350575670766424,2314.95,2213.75,0.043116241693496704,1379552,0.0,0.0,ADANIENT.NS,Adani Enterprises Limited,Thermal Coal,Energy,Mr. Gautambhai Shantilal Adani S.Y. B.Com,"Ahmedabad, India",https://www.adanienterprises.com,2308.8,2238.85,2664840298496,77.06275,29.96,0.00059999997,3743.9,2025.0
2003-08-07 00:00:00+05:30,0.04335057639798746,2314.95,2213.75,0.04297565296292305,1379552,0.0,0.0,ADANIENT.NS,Adani Enterprises Limited,Thermal Coal,Energy,Mr. Gautambhai Shantilal Adani S.Y. B.Com,"Ahmedabad, India",https://www.adanienterprises.com,2308.8,2238.85,2664840298496,77.06275,29.96,0.00059999997,3743.9,2025.0
2003-08-08 00:00:00+05:30,0.043561448000471396,2314.95,2213.75,0.043163105845451355,1379552,0.0,0.0,ADANIENT.NS,Adani Enterprises Limited,Thermal Coal,Energy,Mr. Gautambhai Shantilal Adani S.Y. B.Com,"Ahmedabad, India",https://www.adanienterprises.com,2308.8,2238.85,2664840298496,77.06275,29.96,0.00059999997,3743.9,2025.0
2003-08-11 00:00:00+05:30,0.043139655967893945,2314.95,2213.75,0.04482681304216385,1379552,0.0,0.0,ADANIENT.NS,Adani Enterprises Limited,Thermal Coal,Energy,Mr. Gautambhai Shantilal Adani S.Y. B.Com,"Ahmedabad, India",https://www.adanienterprises.com,2308.8,2238.85,2664840298496,77.06275,29.96,0.00059999997,3743.9,2025.0
2003-08-12 00:00:00+05:30,0.046162498790326995,2314.95,2213.75,0.04672488570213318,1379552,0.0,0.0,ADANIENT.NS,Adani Enterprises Limited,Thermal Coal,Energy,Mr. Gautambhai Shantilal Adani S.Y. B.Com,"Ahmedabad, India",https://www.adanienterprises.com,2308.8,2238.85,2664840298496,77.06275,29.96,0.00059999997,3743.9,2025.0
2003-08-13 00:00:00+05:30,0.04756844911327724,2314.95,2213.75,0.046771761029958725,1379552,0.0,0.0,ADANIENT.NS,Adani Enterprises Limited,Thermal Coal,Energy,Mr. Gautambhai Shantilal Adani S.Y. B.Com,"Ahmedabad, India",https://www.adanienterprises.com,2308.8,2238.85,2664840298496,77.06275,29.96,0.00059999997,3743.9,2025.0
2003-08-14 00:00:00+05:30,0.04663113443545476,2314.95,2213.75,0.04658428952097893,1379552,0.0,0.0,ADANIENT.NS,Adani Enterprises Limited,Thermal Coal,Energy,Mr. Gautambhai Shantilal Adani S.Y. B.Com,"Ahmedabad, India",https://www.adanienterprises.com,2308.8,2238.85,2664840298496,77.06275,29.96,0.00059999997,3743.9,2025.0
2003-08-15 00:00:00+05:30,0.04658428952097893,2314.95,2213.75,0.04658428952097893,1379552,0.0,0.0,ADANIENT.NS,Adani Enterprises Limited,Thermal Coal,Energy,Mr. Gautambhai Shantilal Adani S.Y. B.Com,"Ahmedabad, India",https://www.adanienterprises.com,2308.8,2238.85,2664840298496,77.06275,29.96,0.00059999997,3743.9,2025.0
2003-08-18 00:00:00+05:30,0.04663114465082979,2314.95,2213.75,0.04620937630534172,1379552,0.0,0.0,ADANIENT.NS,Adani Enterprises Limited,Thermal Coal,Energy,Mr. Gautambhai Shantilal Adani S.Y. B.Com,"Ahmedabad, India",https://www.adanienterprises.com,2308.8,2238.85,2664840298496,77.06275,29.96,0.00059999997,3743.9,2025.0
2003-08-19 00:00:00+05:30,0.04524861564590937,2314.95,2213.75,0.04513144865632057,1379552,0.0,0.0,ADANIENT.NS,Adani Enterprises Limited,Thermal Coal,Energy,Mr. Gautambhai Shantilal Adani S.Y. B.Com,"Ahmedabad, India",https://www.adanienterprises.com,2308.8,2238.85,2664840298496,77.06275,29.96,0.00059999997,3743.9,2025.0
2003-08-20 00:00:00+05:30,0.0452251958580705,2314.95,2213.75,0.04475652426481247,1379552,0.0,0.0,ADANIENT.NS,Adani Enterprises Limited,Thermal Coal,Energy,Mr. Gautambhai Shantilal Adani S.Y. B.Com,"Ahmedabad, India",https://www.adanienterprises.com,2308.8,2238.85,2664840298496,77.06275,29.96,0.00059999997,3743.9,2025.0
2003-08-21 00:00:00+05:30,0.04545952726547714,2314.95,2213.75,0.04578757658600807,1379552,0.0,0.0,ADANIENT.NS,Adani Enterprises Limited,Thermal Coal,Energy,Mr. Gautambhai Shantilal Adani S.Y. B.Com,"Ahmedabad, India",https://www.adanienterprises.com,2308.8,2238.85,2664840298496,77.06275,29.96,0.00059999997,3743.9,2025.0
2003-08-22 00:00:00+05:30,0.04801366922441824,2314.95,2213.75,0.045061152428388596,1379552,0.0,0.0,ADANIENT.NS,Adani Enterprises Limited,Thermal Coal,Energy,Mr. Gautambhai Shantilal Adani S.Y. B.Com,"Ahmedabad, India",https://www.adanienterprises.com,2308.8,2238.85,2664840298496,77.06275,29.96,0.00059999997,3743.9,2025.0
2003-08-25 00:00:00+05:30,0.04541265572530111,2314.95,2213.75,0.04351458698511124,1379552,0.0,0.0,ADANIENT.NS,Adani Enterprises Limited,Thermal Coal,Energy,Mr. Gautambhai Shantilal Adani S.Y. B.Com,"Ahmedabad, India",https://www.adanienterprises.com,2308.8,2238.85,2664840298496,77.06275,29.96,0.00059999997,3743.9,2025.0
2003-08-26 00:00:00+05:30,0.04217892493862151,2314.95,2213.75,0.044076964259147644,1379552,0.0,0.0,ADANIENT.NS,Adani Enterprises Limited,Thermal Coal,Energy,Mr. Gautambhai Shantilal Adani S.Y. B.Com,"Ahmedabad, India",https://www.adanienterprises.com,2308.8,2238.85,2664840298496,77.06275,29.96,0.00059999997,3743.9,2025.0
2003-08-27 00:00:00+05:30,0.044522220167828044,2314.95,2213.75,0.044615935534238815,1379552,0.0,0.0,ADANIENT.NS,Adani Enterprises Limited,Thermal Coal,Energy,Mr. Gautambhai Shantilal Adani S.Y. B.Com,"Ahmedabad, India",https://www.adanienterprises.com,2308.8,2238.85,2664840298496,77.06275,29.96,0.00059999997,3743.9,2025.0
2003-08-28 00:00:00+05:30,0.045061144796335044,2314.95,2213.75,0.04480338841676712,1379552,0.0,0.0,ADANIENT.NS,Adani Enterprises Limited,Thermal Coal,Energy,Mr. Gautambhai Shantilal Adani S.Y. B.Com,"Ahmedabad, India",https://www.adanienterprises.com,2308.8,2238.85,2664840298496,77.06275,29.96,0.00059999997,3743.9,2025.0
2003-08-29 00:00:00+05:30,0.04545952627556754,2314.95,2213.75,0.04541265219449997,1379552,0.0,0.0,ADANIENT.NS,Adani Enterprises Limited,Thermal Coal,Energy,Mr. Gautambhai Shantilal Adani S.Y. B.Com,"Ahmedabad, India",https://www.adanienterprises.com,2308.8,2238.85,2664840298496,77.06275,29.96,0.00059999997,3743.9,2025.0
2003-09-01 00:00:00+05:30,0.045459525550847125,2314.95,2213.75,0.052231576293706894,1379552,0.0,0.0,ADANIENT.NS,Adani Enterprises Limited,Thermal Coal,Energy,Mr. Gautambhai Shantilal Adani S.Y. B.Com,"Ahmedabad, India",https://www.adanienterprises.com,2308.8,2238.85,2664840298496,77.06275,29.96,0.00059999997,3743.9,2025.0
2003-09-02 00:00:00+05:30,0.05366097524241769,2314.95,2213.75,0.05068500339984894,1379552,0.0,0.0,ADANIENT.NS,Adani Enterprises Limited,Thermal Coal,Energy,Mr. Gautambhai Shantilal Adani S.Y. B.Com,"Ahmedabad, India",https://www.adanienterprises.com,2308.8,2238.85,2664840298496,77.06275,29.96,0.00059999997,3743.9,2025.0
2003-09-03 00:00:00+05:30,0.05124739472039083,2314.95,2213.75,0.050286665558815,1379552,0.0,0.0,ADANIENT.NS,Adani Enterprises Limited,Thermal Coal,Energy,Mr. Gautambhai Shantilal Adani S.Y. B.Com,"Ahmedabad, India",https://www.adanienterprises.com,2308.8,2238.85,2664840298496,77.06275,29.96,0.00059999997,3743.9,2025.0
2003-09-04 00:00:00+05:30,0.5741824322924267,2314.95,2213.75,0.5587286949157715,1379552,1.5,0.0,ADANIENT.NS,Adani Enterprises Limited,Thermal Coal,Energy,Mr. Gautambhai Shantilal Adani S.Y. B.Com,"Ahmedabad, India",https://www.adanienterprises.com,2308.8,2238.85,2664840298496,77.06275,29.96,0.00059999997,3743.9,2025.0
2003-09-05 00:00:00+05:30,0.5648569460197044,2314.95,2213.75,0.5619261264801025,1379552,0.0,0.0,ADANIENT.NS,Adani Enterprises Limited,Thermal Coal,Energy,Mr. Gautambhai Shantilal Adani S.Y. B.Com,"Ahmedabad, India",https://www.adanienterprises.com,2308.8,2238.85,2664840298496,77.06275,29.96,0.00059999997,3743.9,2025.0
2003-09-08 00:00:00+05:30,0.5755144789432892,2314.95,2213.75,0.5640575289726257,1379552,0.0,0.0,ADANIENT.NS,Adani Enterprises Limited,Thermal Coal,Energy,Mr. Gautambhai Shantilal Adani S.Y. B.Com,"Ahmedabad, India",https://www.adanienterprises.com,2308.8,2238.85,2664840298496,77.06275,29.96,0.00059999997,3743.9,2025.0
2003-09-09 00:00:00+05:30,0.5755144387496764,2314.95,2213.75,0.5621922612190247,1379552,0.0,0.0,ADANIENT.NS,Adani Enterprises Limited,Thermal Coal,Energy,Mr. Gautambhai Shantilal Adani S.Y. B.Com,"Ahmedabad, India",https://www.adanienterprises.com,2308.8,2238.85,2664840298496,77.06275,29.96,0.00059999997,3743.9,2025.0
2003-09-10 00:00:00+05:30,0.5568635697231417,2314.95,2213.75,0.5608599781990051,1379552,0.0,0.0,ADANIENT.NS,Adani Enterprises Limited,Thermal Coal,Energy,Mr. Gautambhai Shantilal Adani S.Y. B.Com,"Ahmedabad, India",https://www.adanienterprises.com,2308.8,2238.85,2664840298496,77.06275,29.96,0.00059999997,3743.9,2025.0
2003-09-11 00:00:00+05:30,0.5595282192860236,2314.95,2213.75,0.5568637251853943,1379552,0.0,0.0,ADANIENT.NS,Adani Enterprises Limited,Thermal Coal,Energy,Mr. Gautambhai Shantilal Adani S.Y. B.Com,"Ahmedabad, India",https://www.adanienterprises.com,2308.8,2238.85,2664840298496,77.06275,29.96,0.00059999997,3743.9,2025.0
2003-09-12 00:00:00+05:30,0.5675213365958695,2314.95,2213.75,0.560327410697937,1379552,0.0,0.0,ADANIENT.NS,Adani Enterprises Limited,Thermal Coal,Energy,Mr. Gautambhai Shantilal Adani S.Y. B.Com,"Ahmedabad, India",https://www.adanienterprises.com,2308.8,2238.85,2664840298496,77.06275,29.96,0.00059999997,3743.9,2025.0
2003-09-15 00:00:00+05:30,0.568586961947648,2314.95,2213.75,0.5467389822006226,1379552,0.0,0.0,ADANIENT.NS,Adani Enterprises Limited,Thermal Coal,Energy,Mr. Gautambhai Shantilal Adani S.Y. B.Com,"Ahmedabad, India",https://www.adanienterprises.com,2308.8,2238.85,2664840298496,77.06275,29.96,0.00059999997,3743.9,2025.0
2003-09-16 00:00:00+05:30,0.5371469229007789,2314.95,2213.75,0.536613941192627,1379552,0.0,0.0,ADANIENT.NS,Adani Enterprises Limited,Thermal Coal,Energy,Mr. Gautambhai Shantilal Adani S.Y. B.Com,"Ahmedabad, India",https://www.adanienterprises.com,2308.8,2238.85,2664840298496,77.06275,29.96,0.00059999997,3743.9,2025.0
2003-09-17 00:00:00+05:30,0.5355483417421643,2314.95,2213.75,0.5382128357887268,1379552,0.0,0.0,ADANIENT.NS,Adani Enterprises Limited,Thermal Coal,Energy,Mr. Gautambhai Shantilal Adani S.Y. B.Com,"Ahmedabad, India",https://www.adanienterprises.com,2308.8,2238.85,2664840298496,77.06275,29.96,0.00059999997,3743.9,2025.0
2003-09-18 00:00:00+05:30,0.5360812943672449,2314.95,2213.75,0.5211605429649353,1379552,0.0,0.0,ADANIENT.NS,Adani Enterprises Limited,Thermal Coal,Energy,Mr. Gautambhai Shantilal Adani S.Y. B.Com,"Ahmedabad, India",https://www.adanienterprises.com,2308.8,2238.85,2664840298496,77.06275,29.96,0.00059999997,3743.9,2025.0
2003-09-19 00:00:00+05:30,0.5302193824758848,2314.95,2213.75,0.5206276178359985,1379552,0.0,0.0,ADANIENT.NS,Adani Enterprises Limited,Thermal Coal,Energy,Mr. Gautambhai Shantilal Adani S.Y. B.Com,"Ahmedabad, India",https://www.adanienterprises.com,2308.8,2238.85,2664840298496,77.06275,29.96,0.00059999997,3743.9,2025.0
2003-09-22 00:00:00+05:30,0.5195616546416669,2314.95,2213.75,0.5326175093650818,1379552,0.0,0.0,ADANIENT.NS,Adani Enterprises Limited,Thermal Coal,Energy,Mr. Gautambhai Shantilal Adani S.Y. B.Com,"Ahmedabad, India",https://www.adanienterprises.com,2308.8,2238.85,2664840298496,77.06275,29.96,0.00059999997,3743.9,2025.0
2003-09-23 00:00:00+05:30,0.5248905817853387,2314.95,2213.75,0.5259562134742737,1379552,0.0,0.0,ADANIENT.NS,Adani Enterprises Limited,Thermal Coal,Energy,Mr. Gautambhai Shantilal Adani S.Y. B.Com,"Ahmedabad, India",https://www.adanienterprises.com,2308.8,2238.85,2664840298496,77.06275,29.96,0.00059999997,3743.9,2025.0
2003-09-24 00:00:00+05:30,0.5275551869850931,2314.95,2213.75,0.5310186147689819,1379552,0.0,0.0,ADANIENT.NS,Adani Enterprises Limited,Thermal Coal,Energy,Mr. Gautambhai Shantilal Adani S.Y. B.Com,"Ahmedabad, India",https://www.adanienterprises.com,2308.8,2238.85,2664840298496,77.06275,29.96,0.00059999997,3743.9,2025.0
2003-09-25 00:00:00+05:30,0.5323508949391761,2314.95,2213.75,0.5206276178359985,1379552,0.0,0.0,ADANIENT.NS,Adani Enterprises Limited,Thermal Coal,Energy,Mr. Gautambhai Shantilal Adani S.Y. B.Com,"Ahmedabad, India",https://www.adanienterprises.com,2308.8,2238.85,2664840298496,77.06275,29.96,0.00059999997,3743.9,2025.0
2003-09-26 00:00:00+05:30,0.5102360458828868,2314.95,2213.75,0.5246238112449646,1379552,0.0,0.0,ADANIENT.NS,Adani Enterprises Limited,Thermal Coal,Energy,Mr. Gautambhai Shantilal Adani S.Y. B.Com,"Ahmedabad, India",https://www.adanienterprises.com,2308.8,2238.85,2664840298496,77.06275,29.96,0.00059999997,3743.9,2025.0
2003-09-29 00:00:00+05:30,0.5342161517617326,2314.95,2213.75,0.522759199142456,1379552,0.0,0.0,ADANIENT.NS,Adani Enterprises Limited,Thermal Coal,Energy,Mr. Gautambhai Shantilal Adani S.Y. B.Com,"Ahmedabad, India",https://www.adanienterprises.com,2308.8,2238.85,2664840298496,77.06275,29.96,0.00059999997,3743.9,2025.0
2003-09-30 00:00:00+05:30,0.53288387666731,2314.95,2213.75,0.5206276178359985,1379552,0.0,0.0,ADANIENT.NS,Adani Enterprises Limited,Thermal Coal,Energy,Mr. Gautambhai Shantilal Adani S.Y. B.Com,"Ahmedabad, India",https://www.adanienterprises.com,2308.8,2238.85,2664840298496,77.06275,29.96,0.00059999997,3743.9,2025.0
2003-10-01 00:00:00+05:30,0.5222259394267119,2314.95,2213.75,0.5208936929702759,1379552,0.0,0.0,ADANIENT.NS,Adani Enterprises Limited,Thermal Coal,Energy,Mr. Gautambhai Shantilal Adani S.Y. B.Com,"Ahmedabad, India",https://www.adanienterprises.com,2308.8,2238.85,2664840298496,77.06275,29.96,0.00059999997,3743.9,2025.0
2003-10-02 00:00:00+05:30,0.5208936929702759,2314.95,2213.75,0.5208936929702759,1379552,0.0,0.0,ADANIENT.NS,Adani Enterprises Limited,Thermal Coal,Energy,Mr. Gautambhai Shantilal Adani S.Y. B.Com,"Ahmedabad, India",https://www.adanienterprises.com,2308.8,2238.85,2664840298496,77.06275,29.96,0.00059999997,3743.9,2025.0
2003-10-03 00:00:00+05:30,0.5067725349451503,2314.95,2213.75,0.5254237055778503,1379552,0.0,0.0,ADANIENT.NS,Adani Enterprises Limited,Thermal Coal,Energy,Mr. Gautambhai Shantilal Adani S.Y. B.Com,"Ahmedabad, India",https://www.adanienterprises.com,2308.8,2238.85,2664840298496,77.06275,29.96,0.00059999997,3743.9,2025.0
2003-10-06 00:00:00+05:30,0.5459393550229543,2314.95,2213.75,0.5744489431381226,1379552,0.0,0.0,ADANIENT.NS,Adani Enterprises Limited,Thermal Coal,Energy,Mr. Gautambhai Shantilal Adani S.Y. B.Com,"Ahmedabad, India",https://www.adanienterprises.com,2308.8,2238.85,2664840298496,77.06275,29.96,0.00059999997,3743.9,2025.0
2003-10-07 00:00:00+05:30,0.5859058341195443,2314.95,2213.75,0.5605937242507935,1379552,0.0,0.0,ADANIENT.NS,Adani Enterprises Limited,Thermal Coal,Energy,Mr. Gautambhai Shantilal Adani S.Y. B.Com,"Ahmedabad, India",https://www.adanienterprises.com,2308.8,2238.85,2664840298496,77.06275,29.96,0.00059999997,3743.9,2025.0
2003-10-08 00:00:00+05:30,0.59096824651423,2314.95,2213.75,0.5595281720161438,1379552,0.0,0.0,ADANIENT.NS,Adani Enterprises Limited,Thermal Coal,Energy,Mr. Gautambhai Shantilal Adani S.Y. B.Com,"Ahmedabad, India",https://www.adanienterprises.com,2308.8,2238.85,2664840298496,77.06275,29.96,0.00059999997,3743.9,2025.0
2003-10-09 00:00:00+05:30,0.5725837898963486,2314.95,2213.75,0.5632583498954773,1379552,0.0,0.0,ADANIENT.NS,Adani Enterprises Limited,Thermal Coal,Energy,Mr. Gautambhai Shantilal Adani S.Y. B.Com,"Ahmedabad, India",https://www.adanienterprises.com,2308.8,2238.85,2664840298496,77.06275,29.96,0.00059999997,3743.9,2025.0
2003-10-10 00:00:00+05:30,0.5728499896704756,2314.95,2213.75,0.5765804052352905,1379552,0.0,0.0,ADANIENT.NS,Adani Enterprises Limited,Thermal Coal,Energy,Mr. Gautambhai Shantilal Adani S.Y. B.Com,"Ahmedabad, India",https://www.adanienterprises.com,2308.8,2238.85,2664840298496,77.06275,29.96,0.00059999997,3743.9,2025.0
2003-10-13 00:00:00+05:30,0.5928334179594066,2314.95,2213.75,0.6072211861610413,1379552,0.0,0.0,ADANIENT.NS,Adani Enterprises Limited,Thermal Coal,Energy,Mr. Gautambhai Shantilal Adani S.Y. B.Com,"Ahmedabad, India",https://www.adanienterprises.com,2308.8,2238.85,2664840298496,77.06275,29.96,0.00059999997,3743.9,2025.0
2003-10-14 00:00:00+05:30,0.6261383470562277,2314.95,2213.75,0.5909681916236877,1379552,0.0,0.0,ADANIENT.NS,Adani Enterprises Limited,Thermal Coal,Energy,Mr. Gautambhai Shantilal Adani S.Y. B.Com,"Ahmedabad, India",https://www.adanienterprises.com,2308.8,2238.85,2664840298496,77.06275,29.96,0.00059999997,3743.9,2025.0
2003-10-15 00:00:00+05:30,0.5861722510293811,2314.95,2213.75,0.5656561851501465,1379552,0.0,0.0,ADANIENT.NS,Adani Enterprises Limited,Thermal Coal,Energy,Mr. Gautambhai Shantilal Adani S.Y. B.Com,"Ahmedabad, India",https://www.adanienterprises.com,2308.8,2238.85,2664840298496,77.06275,29.96,0.00059999997,3743.9,2025.0
2003-10-16 00:00:00+05:30,0.5677877655593063,2314.95,2213.75,0.5619261264801025,1379552,0.0,0.0,ADANIENT.NS,Adani Enterprises Limited,Thermal Coal,Energy,Mr. Gautambhai Shantilal Adani S.Y. B.Com,"Ahmedabad, India",https://www.adanienterprises.com,2308.8,2238.85,2664840298496,77.06275,29.96,0.00059999997,3743.9,2025.0
2003-10-17 00:00:00+05:30,0.56485678139854,2314.95,2213.75,0.5613930225372314,1379552,0.0,0.0,ADANIENT.NS,Adani Enterprises Limited,Thermal Coal,Energy,Mr. Gautambhai Shantilal Adani S.Y. B.Com,"Ahmedabad, India",https://www.adanienterprises.com,2308.8,2238.85,2664840298496,77.06275,29.96,0.00059999997,3743.9,2025.0
2003-10-20 00:00:00+05:30,0.5541991000785279,2314.95,2213.75,0.5488704442977905,1379552,0.0,0.0,ADANIENT.NS,Adani Enterprises Limited,Thermal Coal,Energy,Mr. Gautambhai Shantilal Adani S.Y. B.Com,"Ahmedabad, India",https://www.adanienterprises.com,2308.8,2238.85,2664840298496,77.06275,29.96,0.00059999997,3743.9,2025.0
2003-10-21 00:00:00+05:30,0.5462060120681017,2314.95,2213.75,0.535015344619751,1379552,0.0,0.0,ADANIENT.NS,Adani Enterprises Limited,Thermal Coal,Energy,Mr. Gautambhai Shantilal Adani S.Y. B.Com,"Ahmedabad, India",https://www.adanienterprises.com,2308.8,2238.85,2664840298496,77.06275,29.96,0.00059999997,3743.9,2025.0
2003-10-22 00:00:00+05:30,0.5302193546439078,2314.95,2213.75,0.5291537642478943,1379552,0.0,0.0,ADANIENT.NS,Adani Enterprises Limited,Thermal Coal,Energy,Mr. Gautambhai Shantilal Adani S.Y. B.Com,"Ahmedabad, India",https://www.adanienterprises.com,2308.8,2238.85,2664840298496,77.06275,29.96,0.00059999997,3743.9,2025.0
2003-10-23 00:00:00+05:30,0.5198282293318539,2314.95,2213.75,0.5302192568778992,1379552,0.0,0.0,ADANIENT.NS,Adani Enterprises Limited,Thermal Coal,Energy,Mr. Gautambhai Shantilal Adani S.Y. B.Com,"Ahmedabad, India",https://www.adanienterprises.com,2308.8,2238.85,2664840298496,77.06275,29.96,0.00059999997,3743.9,2025.0
2003-10-24 00:00:00+05:30,0.5328837799157823,2314.95,2213.75,0.522226095199585,1379552,0.0,0.0,ADANIENT.NS,Adani Enterprises Limited,Thermal Coal,Energy,Mr. Gautambhai Shantilal Adani S.Y. B.Com,"Ahmedabad, India",https://www.adanienterprises.com,2308.8,2238.85,2664840298496,77.06275,29.96,0.00059999997,3743.9,2025.0
2003-10-27 00:00:00+05:30,0.5121014314807631,2314.95,2213.75,0.5270221829414368,1379552,0.0,0.0,ADANIENT.NS,Adani Enterprises Limited,Thermal Coal,Energy,Mr. Gautambhai Shantilal Adani S.Y. B.Com,"Ahmedabad, India",https://www.adanienterprises.com,2308.8,2238.85,2664840298496,77.06275,29.96,0.00059999997,3743.9,2025.0
2003-10-28 00:00:00+05:30,0.5248905992614441,2314.95,2213.75,0.5190289616584778,1379552,0.0,0.0,ADANIENT.NS,Adani Enterprises Limited,Thermal Coal,Energy,Mr. Gautambhai Shantilal Adani S.Y. B.Com,"Ahmedabad, India",https://www.adanienterprises.com,2308.8,2238.85,2664840298496,77.06275,29.96,0.00059999997,3743.9,2025.0
2003-10-29 00:00:00+05:30,0.5062397803950607,2314.95,2213.75,0.5214268565177917,1379552,0.0,0.0,ADANIENT.NS,Adani Enterprises Limited,Thermal Coal,Energy,Mr. Gautambhai Shantilal Adani S.Y. B.Com,"Ahmedabad, India",https://www.adanienterprises.com,2308.8,2238.85,2664840298496,77.06275,29.96,0.00059999997,3743.9,2025.0
2003-10-30 00:00:00+05:30,0.545939355212113,2314.95,2213.75,0.5230254530906677,1379552,0.0,0.0,ADANIENT.NS,Adani Enterprises Limited,Thermal Coal,Energy,Mr. Gautambhai Shantilal Adani S.Y. B.Com,"Ahmedabad, India",https://www.adanienterprises.com,2308.8,2238.85,2664840298496,77.06275,29.96,0.00059999997,3743.9,2025.0
2003-10-31 00:00:00+05:30,0.522226141326123,2314.95,2213.75,0.5166308283805847,1379552,0.0,0.0,ADANIENT.NS,Adani Enterprises Limited,Thermal Coal,Energy,Mr. Gautambhai Shantilal Adani S.Y. B.Com,"Ahmedabad, India",https://www.adanienterprises.com,2308.8,2238.85,2664840298496,77.06275,29.96,0.00059999997,3743.9,2025.0
2003-11-03 00:00:00+05:30,0.519561603940907,2314.95,2213.75,0.5280877351760864,1379552,0.0,0.0,ADANIENT.NS,Adani Enterprises Limited,Thermal Coal,Energy,Mr. Gautambhai Shantilal Adani S.Y. B.Com,"Ahmedabad, India",https://www.adanienterprises.com,2308.8,2238.85,2664840298496,77.06275,29.96,0.00059999997,3743.9,2025.0
2003-11-04 00:00:00+05:30,0.5382127267155083,2314.95,2213.75,0.5203608274459839,1379552,0.0,0.0,ADANIENT.NS,Adani Enterprises Limited,Thermal Coal,Energy,Mr. Gautambhai Shantilal Adani S.Y. B.Com,"Ahmedabad, India",https://www.adanienterprises.com,2308.8,2238.85,2664840298496,77.06275,29.96,0.00059999997,3743.9,2025.0
2003-11-05 00:00:00+05:30,0.5195616069874912,2314.95,2213.75,0.528620719909668,1379552,0.0,0.0,ADANIENT.NS,Adani Enterprises Limited,Thermal Coal,Energy,Mr. Gautambhai Shantilal Adani S.Y. B.Com,"Ahmedabad, India",https://www.adanienterprises.com,2308.8,2238.85,2664840298496,77.06275,29.96,0.00059999997,3743.9,2025.0
2003-11-06 00:00:00+05:30,0.5382128960567488,2314.95,2213.75,0.5374132990837097,1379552,0.0,0.0,ADANIENT.NS,Adani Enterprises Limited,Thermal Coal,Energy,Mr. Gautambhai Shantilal Adani S.Y. B.Com,"Ahmedabad, India",https://www.adanienterprises.com,2308.8,2238.85,2664840298496,77.06275,29.96,0.00059999997,3743.9,2025.0
2003-11-07 00:00:00+05:30,0.5459393662327796,2314.95,2213.75,0.5507354140281677,1379552,0.0,0.0,ADANIENT.NS,Adani Enterprises Limited,Thermal Coal,Energy,Mr. Gautambhai Shantilal Adani S.Y. B.Com,"Ahmedabad, India",https://www.adanienterprises.com,2308.8,2238.85,2664840298496,77.06275,29.96,0.00059999997,3743.9,2025.0
2003-11-10 00:00:00+05:30,0.5595281320756565,2314.95,2213.75,0.571518063545227,1379552,0.0,0.0,ADANIENT.NS,Adani Enterprises Limited,Thermal Coal,Energy,Mr. Gautambhai Shantilal Adani S.Y. B.Com,"Ahmedabad, India",https://www.adanienterprises.com,2308.8,2238.85,2664840298496,77.06275,29.96,0.00059999997,3743.9,2025.0
2003-11-11 00:00:00+05:30,0.5675213640939138,2314.95,2213.75,0.5875044465065002,1379552,0.0,0.0,ADANIENT.NS,Adani Enterprises Limited,Thermal Coal,Energy,Mr. Gautambhai Shantilal Adani S.Y. B.Com,"Ahmedabad, India",https://www.adanienterprises.com,2308.8,2238.85,2664840298496,77.06275,29.96,0.00059999997,3743.9,2025.0
2003-11-12 00:00:00+05:30,0.5941653222979849,2314.95,2213.75,0.5800442099571228,1379552,0.0,0.0,ADANIENT.NS,Adani Enterprises Limited,Thermal Coal,Energy,Mr. Gautambhai Shantilal Adani S.Y. B.Com,"Ahmedabad, India",https://www.adanienterprises.com,2308.8,2238.85,2664840298496,77.06275,29.96,0.00059999997,3743.9,2025.0
2003-11-13 00:00:00+05:30,0.5741822085255092,2314.95,2213.75,0.5515345931053162,1379552,0.0,0.0,ADANIENT.NS,Adani Enterprises Limited,Thermal Coal,Energy,Mr. Gautambhai Shantilal Adani S.Y. B.Com,"Ahmedabad, India",https://www.adanienterprises.com,2308.8,2238.85,2664840298496,77.06275,29.96,0.00059999997,3743.9,2025.0
2003-11-14 00:00:00+05:30,0.5462060189296537,2314.95,2213.75,0.5472716093063354,1379552,0.0,0.0,ADANIENT.NS,Adani Enterprises Limited,Thermal Coal,Energy,Mr. Gautambhai Shantilal Adani S.Y. B.Com,"Ahmedabad, India",https://www.adanienterprises.com,2308.8,2238.85,2664840298496,77.06275,29.96,0.00059999997,3743.9,2025.0
2003-11-17 00:00:00+05:30,0.5475381963883054,2314.95,2213.75,0.5680542588233948,1379552,0.0,0.0,ADANIENT.NS,Adani Enterprises Limited,Thermal Coal,Energy,Mr. Gautambhai Shantilal Adani S.Y. B.Com,"Ahmedabad, India",https://www.adanienterprises.com,2308.8,2238.85,2664840298496,77.06275,29.96,0.00059999997,3743.9,2025.0
2003-11-18 00:00:00+05:30,0.5635244930552018,2314.95,2213.75,0.5573965311050415,1379552,0.0,0.0,ADANIENT.NS,Adani Enterprises Limited,Thermal Coal,Energy,Mr. Gautambhai Shantilal Adani S.Y. B.Com,"Ahmedabad, India",https://www.adanienterprises.com,2308.8,2238.85,2664840298496,77.06275,29.96,0.00059999997,3743.9,2025.0
2003-11-19 00:00:00+05:30,0.556863634653075,2314.95,2213.75,0.5541990995407104,1379552,0.0,0.0,ADANIENT.NS,Adani Enterprises Limited,Thermal Coal,Energy,Mr. Gautambhai Shantilal Adani S.Y. B.Com,"Ahmedabad, India",https://www.adanienterprises.com,2308.8,2238.85,2664840298496,77.06275,29.96,0.00059999997,3743.9,2025.0
2003-11-20 00:00:00+05:30,0.5518012975917997,2314.95,2213.75,0.5435414910316467,1379552,0.0,0.0,ADANIENT.NS,Adani Enterprises Limited,Thermal Coal,Energy,Mr. Gautambhai Shantilal Adani S.Y. B.Com,"Ahmedabad, India",https://www.adanienterprises.com,2308.8,2238.85,2664840298496,77.06275,29.96,0.00059999997,3743.9,2025.0
2003-11-21 00:00:00+05:30,0.5368804600100681,2314.95,2213.75,0.5360811948776245,1379552,0.0,0.0,ADANIENT.NS,Adani Enterprises Limited,Thermal Coal,Energy,Mr. Gautambhai Shantilal Adani S.Y. B.Com,"Ahmedabad, India",https://www.adanienterprises.com,2308.8,2238.85,2664840298496,77.06275,29.96,0.00059999997,3743.9,2025.0
2003-11-24 00:00:00+05:30,0.5387455405783514,2314.95,2213.75,0.5424759984016418,1379552,0.0,0.0,ADANIENT.NS,Adani Enterprises Limited,Thermal Coal,Energy,Mr. Gautambhai Shantilal Adani S.Y. B.Com,"Ahmedabad, India",https://www.adanienterprises.com,2308.8,2238.85,2664840298496,77.06275,29.96,0.00059999997,3743.9,2025.0
2003-11-25 00:00:00+05:30,0.5507355176936397,2314.95,2213.75,0.54167640209198,1379552,0.0,0.0,ADANIENT.NS,Adani Enterprises Limited,Thermal Coal,Energy,Mr. Gautambhai Shantilal Adani S.Y. B.Com,"Ahmedabad, India",https://www.adanienterprises.com,2308.8,2238.85,2664840298496,77.06275,29.96,0.00059999997,3743.9,2025.0
2003-11-26 00:00:00+05:30,0.54167640209198,2314.95,2213.75,0.54167640209198,1379552,0.0,0.0,ADANIENT.NS,Adani Enterprises Limited,Thermal Coal,Energy,Mr. Gautambhai Shantilal Adani S.Y. B.Com,"Ahmedabad, India",https://www.adanienterprises.com,2308.8,2238.85,2664840298496,77.06275,29.96,0.00059999997,3743.9,2025.0
2003-11-27 00:00:00+05:30,0.5459393102325668,2314.95,2213.75,0.560327410697937,1379552,0.0,0.0,ADANIENT.NS,Adani Enterprises Limited,Thermal Coal,Energy,Mr. Gautambhai Shantilal Adani S.Y. B.Com,"Ahmedabad, India",https://www.adanienterprises.com,2308.8,2238.85,2664840298496,77.06275,29.96,0.00059999997,3743.9,2025.0
2003-11-28 00:00:00+05:30,0.5755144725138901,2314.95,2213.75,0.571518063545227,1379552,0.0,0.0,ADANIENT.NS,Adani Enterprises Limited,Thermal Coal,Energy,Mr. Gautambhai Shantilal Adani S.Y. B.Com,"Ahmedabad, India",https://www.adanienterprises.com,2308.8,2238.85,2664840298496,77.06275,29.96,0.00059999997,3743.9,2025.0
2003-12-01 00:00:00+05:30,0.58084360154445,2314.95,2213.75,0.5845736861228943,1379552,0.0,0.0,ADANIENT.NS,Adani Enterprises Limited,Thermal Coal,Energy,Mr. Gautambhai Shantilal Adani S.Y. B.Com,"Ahmedabad, India",https://www.adanienterprises.com,2308.8,2238.85,2664840298496,77.06275,29.96,0.00059999997,3743.9,2025.0
2003-12-02 00:00:00+05:30,0.586438877815622,2314.95,2213.75,0.580310583114624,1379552,0.0,0.0,ADANIENT.NS,Adani Enterprises Limited,Thermal Coal,Energy,Mr. Gautambhai Shantilal Adani S.Y. B.Com,"Ahmedabad, India",https://www.adanienterprises.com,2308.8,2238.85,2664840298496,77.06275,29.96,0.00059999997,3743.9,2025.0
2003-12-03 00:00:00+05:30,0.5835075857828728,2314.95,2213.75,0.5899021625518799,1379552,0.0,0.0,ADANIENT.NS,Adani Enterprises Limited,Thermal Coal,Energy,Mr. Gautambhai Shantilal Adani S.Y. B.Com,"Ahmedabad, India",https://www.adanienterprises.com,2308.8,2238.85,2664840298496,77.06275,29.96,0.00059999997,3743.9,2025.0
2003-12-04 00:00:00+05:30,0.5861722016557923,2314.95,2213.75,0.5933660864830017,1379552,0.0,0.0,ADANIENT.NS,Adani Enterprises Limited,Thermal Coal,Energy,Mr. Gautambhai Shantilal Adani S.Y. B.Com,"Ahmedabad, India",https://www.adanienterprises.com,2308.8,2238.85,2664840298496,77.06275,29.96,0.00059999997,3743.9,2025.0
2003-12-05 00:00:00+05:30,0.5992279961783757,2314.95,2213.75,0.588037371635437,1379552,0.0,0.0,ADANIENT.NS,Adani Enterprises Limited,Thermal Coal,Energy,Mr. Gautambhai Shantilal Adani S.Y. B.Com,"Ahmedabad, India",https://www.adanienterprises.com,2308.8,2238.85,2664840298496,77.06275,29.96,0.00059999997,3743.9,2025.0
2003-12-08 00:00:00+05:30,0.586172118272059,2314.95,2213.75,0.591767430305481,1379552,0.0,0.0,ADANIENT.NS,Adani Enterprises Limited,Thermal Coal,Energy,Mr. Gautambhai Shantilal Adani S.Y. B.Com,"Ahmedabad, India",https://www.adanienterprises.com,2308.8,2238.85,2664840298496,77.06275,29.96,0.00059999997,3743.9,2025.0
2003-12-09 00:00:00+05:30,0.5994943541250496,2314.95,2213.75,0.6581113934516907,1379552,0.0,0.0,ADANIENT.NS,Adani Enterprises Limited,Thermal Coal,Energy,Mr. Gautambhai Shantilal Adani S.Y. B.Com,"Ahmedabad, India",https://www.adanienterprises.com,2308.8,2238.85,2664840298496,77.06275,29.96,0.00059999997,3743.9,2025.0
2003-12-10 00:00:00+05:30,0.6605096398263737,2314.95,2213.75,0.6511842012405396,1379552,0.0,0.0,ADANIENT.NS,Adani Enterprises Limited,Thermal Coal,Energy,Mr. Gautambhai Shantilal Adani S.Y. B.Com,"Ahmedabad, India",https://www.adanienterprises.com,2308.8,2238.85,2664840298496,77.06275,29.96,0.00059999997,3743.9,2025.0
2003-12-11 00:00:00+05:30,0.6527829199637888,2314.95,2213.75,0.6533159017562866,1379552,0.0,0.0,ADANIENT.NS,Adani Enterprises Limited,Thermal Coal,Energy,Mr. Gautambhai Shantilal Adani S.Y. B.Com,"Ahmedabad, India",https://www.adanienterprises.com,2308.8,2238.85,2664840298496,77.06275,29.96,0.00059999997,3743.9,2025.0
2003-12-12 00:00:00+05:30,0.6607759175836677,2314.95,2213.75,0.6698350310325623,1379552,0.0,0.0,ADANIENT.NS,Adani Enterprises Limited,Thermal Coal,Energy,Mr. Gautambhai Shantilal Adani S.Y. B.Com,"Ahmedabad, India",https://www.adanienterprises.com,2308.8,2238.85,2664840298496,77.06275,29.96,0.00059999997,3743.9,2025.0
2003-12-15 00:00:00+05:30,0.6794268195659637,2314.95,2213.75,0.7340474128723145,1379552,0.0,0.0,ADANIENT.NS,Adani Enterprises Limited,Thermal Coal,Energy,Mr. Gautambhai Shantilal Adani S.Y. B.Com,"Ahmedabad, India",https://www.adanienterprises.com,2308.8,2238.85,2664840298496,77.06275,29.96,0.00059999997,3743.9,2025.0
2003-12-16 00:00:00+05:30,0.719393262574779,2314.95,2213.75,0.776411771774292,1379552,0.0,0.0,ADANIENT.NS,Adani Enterprises Limited,Thermal Coal,Energy,Mr. Gautambhai Shantilal Adani S.Y. B.Com,"Ahmedabad, India",https://www.adanienterprises.com,2308.8,2238.85,2664840298496,77.06275,29.96,0.00059999997,3743.9,2025.0
2003-12-17 00:00:00+05:30,0.7860038711685637,2314.95,2213.75,0.9317474961280823,1379552,0.0,0.0,ADANIENT.NS,Adani Enterprises Limited,Thermal Coal,Energy,Mr. Gautambhai Shantilal Adani S.Y. B.Com,"Ahmedabad, India",https://www.adanienterprises.com,2308.8,2238.85,2664840298496,77.06275,29.96,0.00059999997,3743.9,2025.0
2003-12-18 00:00:00+05:30,0.9458692885660219,2314.95,2213.75,1.1099975109100342,1379552,0.0,0.0,ADANIENT.NS,Adani Enterprises Limited,Thermal Coal,Energy,Mr. Gautambhai Shantilal Adani S.Y. B.Com,"Ahmedabad, India",https://www.adanienterprises.com,2308.8,2238.85,2664840298496,77.06275,29.96,0.00059999997,3743.9,2025.0
2003-12-19 00:00:00+05:30,1.1243850548225862,2314.95,2213.75,1.2056500911712646,1379552,0.0,0.0,ADANIENT.NS,Adani Enterprises Limited,Thermal Coal,Energy,Mr. Gautambhai Shantilal Adani S.Y. B.Com,"Ahmedabad, India",https://www.adanienterprises.com,2308.8,2238.85,2664840298496,77.06275,29.96,0.00059999997,3743.9,2025.0
2003-12-22 00:00:00+05:30,1.2203040829336536,2314.95,2213.75,1.1782063245773315,1379552,0.0,0.0,ADANIENT.NS,Adani Enterprises Limited,Thermal Coal,Energy,Mr. Gautambhai Shantilal Adani S.Y. B.Com,"Ahmedabad, India",https://www.adanienterprises.com,2308.8,2238.85,2664840298496,77.06275,29.96,0.00059999997,3743.9,2025.0
2003-12-23 00:00:00+05:30,1.193393271344727,2314.95,2213.75,1.17367684841156,1379552,0.0,0.0,ADANIENT.NS,Adani Enterprises Limited,Thermal Coal,Energy,Mr. Gautambhai Shantilal Adani S.Y. B.Com,"Ahmedabad, India",https://www.adanienterprises.com,2308.8,2238.85,2664840298496,77.06275,29.96,0.00059999997,3743.9,2025.0
2003-12-24 00:00:00+05:30,1.1936604728212785,2314.95,2213.75,1.1257176399230957,1379552,0.0,0.0,ADANIENT.NS,Adani Enterprises Limited,Thermal Coal,Energy,Mr. Gautambhai Shantilal Adani S.Y. B.Com,"Ahmedabad, India",https://www.adanienterprises.com,2308.8,2238.85,2664840298496,77.06275,29.96,0.00059999997,3743.9,2025.0
2003-12-25 00:00:00+05:30,1.1257176399230957,2314.95,2213.75,1.1257176399230957,1379552,0.0,0.0,ADANIENT.NS,Adani Enterprises Limited,Thermal Coal,Energy,Mr. Gautambhai Shantilal Adani S.Y. B.Com,"Ahmedabad, India",https://www.adanienterprises.com,2308.8,2238.85,2664840298496,77.06275,29.96,0.00059999997,3743.9,2025.0
2003-12-26 00:00:00+05:30,1.1856668367632759,2314.95,2213.75,1.091079592704773,1379552,0.0,0.0,ADANIENT.NS,Adani Enterprises Limited,Thermal Coal,Energy,Mr. Gautambhai Shantilal Adani S.Y. B.Com,"Ahmedabad, India",https://www.adanienterprises.com,2308.8,2238.85,2664840298496,77.06275,29.96,0.00059999997,3743.9,2025.0
2003-12-29 00:00:00+05:30,1.1057341072339781,2314.95,2213.75,1.0998724699020386,1379552,0.0,0.0,ADANIENT.NS,Adani Enterprises Limited,Thermal Coal,Energy,Mr. Gautambhai Shantilal Adani S.Y. B.Com,"Ahmedabad, India",https://www.adanienterprises.com,2308.8,2238.85,2664840298496,77.06275,29.96,0.00059999997,3743.9,2025.0
2003-12-30 00:00:00+05:30,1.0950768414723386,2314.95,2213.75,1.0369924306869507,1379552,0.0,0.0,ADANIENT.NS,Adani Enterprises Limited,Thermal Coal,Energy,Mr. Gautambhai Shantilal Adani S.Y. B.Com,"Ahmedabad, India",https://www.adanienterprises.com,2308.8,2238.85,2664840298496,77.06275,29.96,0.00059999997,3743.9,2025.0
2003-12-31 00:00:00+05:30,1.0497812609532902,2314.95,2213.75,1.022870659828186,1379552,0.0,0.0,ADANIENT.NS,Adani Enterprises Limited,Thermal Coal,Energy,Mr. Gautambhai Shantilal Adani S.Y. B.Com,"Ahmedabad, India",https://www.adanienterprises.com,2308.8,2238.85,2664840298496,77.06275,29.96,0.00059999997,3743.9,2025.0
2004-01-01 00:00:00+05:30,1.039123468277489,2314.95,2213.75,1.114260196685791,1379552,0.0,0.0,ADANIENT.NS,Adani Enterprises Limited,Thermal Coal,Energy,Mr. Gautambhai Shantilal Adani S.Y. B.Com,"Ahmedabad, India",https://www.adanienterprises.com,2308.8,2238.85,2664840298496,77.06275,29.96,0.00059999997,3743.9,2025.0
2004-01-02 00:00:00+05:30,1.132378442038241,2314.95,2213.75,1.1086652278900146,1379552,0.0,0.0,ADANIENT.NS,Adani Enterprises Limited,Thermal Coal,Energy,Mr. Gautambhai Shantilal Adani S.Y. B.Com,"Ahmedabad, India",https://www.adanienterprises.com,2308.8,2238.85,2664840298496,77.06275,29.96,0.00059999997,3743.9,2025.0
2004-01-05 00:00:00+05:30,1.1137273507286096,2314.95,2213.75,1.0756263732910156,1379552,0.0,0.0,ADANIENT.NS,Adani Enterprises Limited,Thermal Coal,Energy,Mr. Gautambhai Shantilal Adani S.Y. B.Com,"Ahmedabad, India",https://www.adanienterprises.com,2308.8,2238.85,2664840298496,77.06275,29.96,0.00059999997,3743.9,2025.0
2004-01-06 00:00:00+05:30,1.0657679691492372,2314.95,2213.75,1.0423210859298706,1379552,0.0,0.0,ADANIENT.NS,Adani Enterprises Limited,Thermal Coal,Energy,Mr. Gautambhai Shantilal Adani S.Y. B.Com,"Ahmedabad, India",https://www.adanienterprises.com,2308.8,2238.85,2664840298496,77.06275,29.96,0.00059999997,3743.9,2025.0
2004-01-07 00:00:00+05:30,1.076158676098276,2314.95,2213.75,1.03059720993042,1379552,0.0,0.0,ADANIENT.NS,Adani Enterprises Limited,Thermal Coal,Energy,Mr. Gautambhai Shantilal Adani S.Y. B.Com,"Ahmedabad, India",https://www.adanienterprises.com,2308.8,2238.85,2664840298496,77.06275,29.96,0.00059999997,3743.9,2025.0
2004-01-08 00:00:00+05:30,1.063103485905545,2314.95,2213.75,1.047383427619934,1379552,0.0,0.0,ADANIENT.NS,Adani Enterprises Limited,Thermal Coal,Energy,Mr. Gautambhai Shantilal Adani S.Y. B.Com,"Ahmedabad, India",https://www.adanienterprises.com,2308.8,2238.85,2664840298496,77.06275,29.96,0.00059999997,3743.9,2025.0
2004-01-09 00:00:00+05:30,1.0657678170155327,2314.95,2213.75,1.0234034061431885,1379552,0.0,0.0,ADANIENT.NS,Adani Enterprises Limited,Thermal Coal,Energy,Mr. Gautambhai Shantilal Adani S.Y. B.Com,"Ahmedabad, India",https://www.adanienterprises.com,2308.8,2238.85,2664840298496,77.06275,29.96,0.00059999997,3743.9,2025.0
2004-01-12 00:00:00+05:30,1.0159429305621135,2314.95,2213.75,1.0489819049835205,1379552,0.0,0.0,ADANIENT.NS,Adani Enterprises Limited,Thermal Coal,Energy,Mr. Gautambhai Shantilal Adani S.Y. B.Com,"Ahmedabad, India",https://www.adanienterprises.com,2308.8,2238.85,2664840298496,77.06275,29.96,0.00059999997,3743.9,2025.0
2004-01-13 00:00:00+05:30,1.0708301421644348,2314.95,2213.75,1.0631033182144165,1379552,0.0,0.0,ADANIENT.NS,Adani Enterprises Limited,Thermal Coal,Energy,Mr. Gautambhai Shantilal Adani S.Y. B.Com,"Ahmedabad, India",https://www.adanienterprises.com,2308.8,2238.85,2664840298496,77.06275,29.96,0.00059999997,3743.9,2025.0
2004-01-14 00:00:00+05:30,1.0710966702204003,2314.95,2213.75,1.0708303451538086,1379552,0.0,0.0,ADANIENT.NS,Adani Enterprises Limited,Thermal Coal,Energy,Mr. Gautambhai Shantilal Adani S.Y. B.Com,"Ahmedabad, India",https://www.adanienterprises.com,2308.8,2238.85,2664840298496,77.06275,29.96,0.00059999997,3743.9,2025.0
2004-01-15 00:00:00+05:30,1.075093542196987,2314.95,2213.75,1.053245186805725,1379552,0.0,0.0,ADANIENT.NS,Adani Enterprises Limited,Thermal Coal,Energy,Mr. Gautambhai Shantilal Adani S.Y. B.Com,"Ahmedabad, India",https://www.adanienterprises.com,2308.8,2238.85,2664840298496,77.06275,29.96,0.00059999997,3743.9,2025.0
2004-01-16 00:00:00+05:30,1.05511026650376,2314.95,2213.75,1.014078140258789,1379552,0.0,0.0,ADANIENT.NS,Adani Enterprises Limited,Thermal Coal,Energy,Mr. Gautambhai Shantilal Adani S.Y. B.Com,"Ahmedabad, India",https://www.adanienterprises.com,2308.8,2238.85,2664840298496,77.06275,29.96,0.00059999997,3743.9,2025.0
2004-01-19 00:00:00+05:30,1.0178082375575586,2314.95,2213.75,1.0159430503845215,1379552,0.0,0.0,ADANIENT.NS,Adani Enterprises Limited,Thermal Coal,Energy,Mr. Gautambhai Shantilal Adani S.Y. B.Com,"Ahmedabad, India",https://www.adanienterprises.com,2308.8,2238.85,2664840298496,77.06275,29.96,0.00059999997,3743.9,2025.0
2004-01-20 00:00:00+05:30,1.023669853018902,2314.95,2213.75,0.9951606392860413,1379552,0.0,0.0,ADANIENT.NS,Adani Enterprises Limited,Thermal Coal,Energy,Mr. Gautambhai Shantilal Adani S.Y. B.Com,"Ahmedabad, India",https://www.adanienterprises.com,2308.8,2238.85,2664840298496,77.06275,29.96,0.00059999997,3743.9,2025.0
2004-01-21 00:00:00+05:30,1.0015553870326313,2314.95,2213.75,0.8675349354743958,1379552,0.0,0.0,ADANIENT.NS,Adani Enterprises Limited,Thermal Coal,Energy,Mr. Gautambhai Shantilal Adani S.Y. B.Com,"Ahmedabad, India",https://www.adanienterprises.com,2308.8,2238.85,2664840298496,77.06275,29.96,0.00059999997,3743.9,2025.0
2004-01-22 00:00:00+05:30,0.8286345608786412,2314.95,2213.75,0.8392922878265381,1379552,0.0,0.0,ADANIENT.NS,Adani Enterprises Limited,Thermal Coal,Energy,Mr. Gautambhai Shantilal Adani S.Y. B.Com,"Ahmedabad, India",https://www.adanienterprises.com,2308.8,2238.85,2664840298496,77.06275,29.96,0.00059999997,3743.9,2025.0
2004-01-23 00:00:00+05:30,0.8792584157338614,2314.95,2213.75,0.8971099853515625,1379552,0.0,0.0,ADANIENT.NS,Adani Enterprises Limited,Thermal Coal,Energy,Mr. Gautambhai Shantilal Adani S.Y. B.Com,"Ahmedabad, India",https://www.adanienterprises.com,2308.8,2238.85,2664840298496,77.06275,29.96,0.00059999997,3743.9,2025.0
2004-01-26 00:00:00+05:30,0.8971099853515625,2314.95,2213.75,0.8971099853515625,1379552,0.0,0.0,ADANIENT.NS,Adani Enterprises Limited,Thermal Coal,Energy,Mr. Gautambhai Shantilal Adani S.Y. B.Com,"Ahmedabad, India",https://www.adanienterprises.com,2308.8,2238.85,2664840298496,77.06275,29.96,0.00059999997,3743.9,2025.0
2004-01-27 00:00:00+05:30,0.9043040889279922,2314.95,2213.75,0.9511978626251221,1379552,0.0,0.0,ADANIENT.NS,Adani Enterprises Limited,Thermal Coal,Energy,Mr. Gautambhai Shantilal Adani S.Y. B.Com,"Ahmedabad, India",https://www.adanienterprises.com,2308.8,2238.85,2664840298496,77.06275,29.96,0.00059999997,3743.9,2025.0
2004-01-28 00:00:00+05:30,0.9538623802829528,2314.95,2213.75,1.0116801261901855,1379552,0.0,0.0,ADANIENT.NS,Adani Enterprises Limited,Thermal Coal,Energy,Mr. Gautambhai Shantilal Adani S.Y. B.Com,"Ahmedabad, India",https://www.adanienterprises.com,2308.8,2238.85,2664840298496,77.06275,29.96,0.00059999997,3743.9,2025.0
2004-01-29 00:00:00+05:30,1.0183409934260679,2314.95,2213.75,1.008482575416565,1379552,0.0,0.0,ADANIENT.NS,Adani Enterprises Limited,Thermal Coal,Energy,Mr. Gautambhai Shantilal Adani S.Y. B.Com,"Ahmedabad, India",https://www.adanienterprises.com,2308.8,2238.85,2664840298496,77.06275,29.96,0.00059999997,3743.9,2025.0
2004-01-30 00:00:00+05:30,1.0252687939667167,2314.95,2213.75,0.9575923085212708,1379552,0.0,0.0,ADANIENT.NS,Adani Enterprises Limited,Thermal Coal,Energy,Mr. Gautambhai Shantilal Adani S.Y. B.Com,"Ahmedabad, India",https://www.adanienterprises.com,2308.8,2238.85,2664840298496,77.06275,29.96,0.00059999997,3743.9,2025.0
2004-02-02 00:00:00+05:30,0.9575923085212708,2314.95,2213.75,0.9575923085212708,1379552,0.0,0.0,ADANIENT.NS,Adani Enterprises Limited,Thermal Coal,Energy,Mr. Gautambhai Shantilal Adani S.Y. B.Com,"Ahmedabad, India",https://www.adanienterprises.com,2308.8,2238.85,2664840298496,77.06275,29.96,0.00059999997,3743.9,2025.0
2004-02-03 00:00:00+05:30,0.9655857485021379,2314.95,2213.75,0.8835214972496033,1379552,0.0,0.0,ADANIENT.NS,Adani Enterprises Limited,Thermal Coal,Energy,Mr. Gautambhai Shantilal Adani S.Y. B.Com,"Ahmedabad, India",https://www.adanienterprises.com,2308.8,2238.85,2664840298496,77.06275,29.96,0.00059999997,3743.9,2025.0
2004-02-04 00:00:00+05:30,0.8899162161293035,2314.95,2213.75,0.9080344438552856,1379552,0.0,0.0,ADANIENT.NS,Adani Enterprises Limited,Thermal Coal,Energy,Mr. Gautambhai Shantilal Adani S.Y. B.Com,"Ahmedabad, India",https://www.adanienterprises.com,2308.8,2238.85,2664840298496,77.06275,29.96,0.00059999997,3743.9,2025.0
2004-02-05 00:00:00+05:30,0.9112315497492103,2314.95,2213.75,0.8941792845726013,1379552,0.0,0.0,ADANIENT.NS,Adani Enterprises Limited,Thermal Coal,Energy,Mr. Gautambhai Shantilal Adani S.Y. B.Com,"Ahmedabad, India",https://www.adanienterprises.com,2308.8,2238.85,2664840298496,77.06275,29.96,0.00059999997,3743.9,2025.0
2004-02-06 00:00:00+05:30,0.9016395441798088,2314.95,2213.75,0.9011068940162659,1379552,0.0,0.0,ADANIENT.NS,Adani Enterprises Limited,Thermal Coal,Energy,Mr. Gautambhai Shantilal Adani S.Y. B.Com,"Ahmedabad, India",https://www.adanienterprises.com,2308.8,2238.85,2664840298496,77.06275,29.96,0.00059999997,3743.9,2025.0
2004-02-09 00:00:00+05:30,0.912297543196744,2314.95,2213.75,0.9088337421417236,1379552,0.0,0.0,ADANIENT.NS,Adani Enterprises Limited,Thermal Coal,Energy,Mr. Gautambhai Shantilal Adani S.Y. B.Com,"Ahmedabad, India",https://www.adanienterprises.com,2308.8,2238.85,2664840298496,77.06275,29.96,0.00059999997,3743.9,2025.0
2004-02-10 00:00:00+05:30,0.9162938616695367,2314.95,2213.75,0.922155499458313,1379552,0.0,0.0,ADANIENT.NS,Adani Enterprises Limited,Thermal Coal,Energy,Mr. Gautambhai Shantilal Adani S.Y. B.Com,"Ahmedabad, India",https://www.adanienterprises.com,2308.8,2238.85,2664840298496,77.06275,29.96,0.00059999997,3743.9,2025.0
2004-02-11 00:00:00+05:30,0.9453358782369313,2314.95,2213.75,0.9533290266990662,1379552,0.0,0.0,ADANIENT.NS,Adani Enterprises Limited,Thermal Coal,Energy,Mr. Gautambhai Shantilal Adani S.Y. B.Com,"Ahmedabad, India",https://www.adanienterprises.com,2308.8,2238.85,2664840298496,77.06275,29.96,0.00059999997,3743.9,2025.0
2004-02-12 00:00:00+05:30,0.9658523116797141,2314.95,2213.75,0.9501322507858276,1379552,0.0,0.0,ADANIENT.NS,Adani Enterprises Limited,Thermal Coal,Energy,Mr. Gautambhai Shantilal Adani S.Y. B.Com,"Ahmedabad, India",https://www.adanienterprises.com,2308.8,2238.85,2664840298496,77.06275,29.96,0.00059999997,3743.9,2025.0
2004-02-13 00:00:00+05:30,0.9408066697457761,2314.95,2213.75,0.98237144947052,1379552,0.0,0.0,ADANIENT.NS,Adani Enterprises Limited,Thermal Coal,Energy,Mr. Gautambhai Shantilal Adani S.Y. B.Com,"Ahmedabad, India",https://www.adanienterprises.com,2308.8,2238.85,2664840298496,77.06275,29.96,0.00059999997,3743.9,2025.0
2004-02-16 00:00:00+05:30,0.9938282324676934,2314.95,2213.75,0.9903644323348999,1379552,0.0,0.0,ADANIENT.NS,Adani Enterprises Limited,Thermal Coal,Energy,Mr. Gautambhai Shantilal Adani S.Y. B.Com,"Ahmedabad, India",https://www.adanienterprises.com,2308.8,2238.85,2664840298496,77.06275,29.96,0.00059999997,3743.9,2025.0
2004-02-17 00:00:00+05:30,1.009282156658059,2314.95,2213.75,0.9978252053260803,1379552,0.0,0.0,ADANIENT.NS,Adani Enterprises Limited,Thermal Coal,Energy,Mr. Gautambhai Shantilal Adani S.Y. B.Com,"Ahmedabad, India",https://www.adanienterprises.com,2308.8,2238.85,2664840298496,77.06275,29.96,0.00059999997,3743.9,2025.0
2004-02-18 00:00:00+05:30,1.006351214200821,2314.95,2213.75,0.9972921013832092,1379552,0.0,0.0,ADANIENT.NS,Adani Enterprises Limited,Thermal Coal,Energy,Mr. Gautambhai Shantilal Adani S.Y. B.Com,"Ahmedabad, India",https://www.adanienterprises.com,2308.8,2238.85,2664840298496,77.06275,29.96,0.00059999997,3743.9,2025.0
2004-02-19 00:00:00+05:30,1.0015551522945811,2314.95,2213.75,0.9594573974609375,1379552,0.0,0.0,ADANIENT.NS,Adani Enterprises Limited,Thermal Coal,Energy,Mr. Gautambhai Shantilal Adani S.Y. B.Com,"Ahmedabad, India",https://www.adanienterprises.com,2308.8,2238.85,2664840298496,77.06275,29.96,0.00059999997,3743.9,2025.0
2004-02-20 00:00:00+05:30,0.9458688597948487,2314.95,2213.75,0.9533290266990662,1379552,0.0,0.0,ADANIENT.NS,Adani Enterprises Limited,Thermal Coal,Energy,Mr. Gautambhai Shantilal Adani S.Y. B.Com,"Ahmedabad, India",https://www.adanienterprises.com,2308.8,2238.85,2664840298496,77.06275,29.96,0.00059999997,3743.9,2025.0
2004-02-23 00:00:00+05:30,0.9671843687091625,2314.95,2213.75,0.938941478729248,1379552,0.0,0.0,ADANIENT.NS,Adani Enterprises Limited,Thermal Coal,Energy,Mr. Gautambhai Shantilal Adani S.Y. B.Com,"Ahmedabad, India",https://www.adanienterprises.com,2308.8,2238.85,2664840298496,77.06275,29.96,0.00059999997,3743.9,2025.0
2004-02-24 00:00:00+05:30,0.9298824654220581,2314.95,2213.75,0.9703816175460815,1379552,0.0,0.0,ADANIENT.NS,Adani Enterprises Limited,Thermal Coal,Energy,Mr. Gautambhai Shantilal Adani S.Y. B.Com,"Ahmedabad, India",https://www.adanienterprises.com,2308.8,2238.85,2664840298496,77.06275,29.96,0.00059999997,3743.9,2025.0
2004-02-25 00:00:00+05:30,0.9799734866486791,2314.95,2213.75,0.9807727932929993,1379552,0.0,0.0,ADANIENT.NS,Adani Enterprises Limited,Thermal Coal,Energy,Mr. Gautambhai Shantilal Adani S.Y. B.Com,"Ahmedabad, India",https://www.adanienterprises.com,2308.8,2238.85,2664840298496,77.06275,29.96,0.00059999997,3743.9,2025.0
2004-02-26 00:00:00+05:30,0.9831707662809346,2314.95,2213.75,0.9869012236595154,1379552,0.0,0.0,ADANIENT.NS,Adani Enterprises Limited,Thermal Coal,Energy,Mr. Gautambhai Shantilal Adani S.Y. B.Com,"Ahmedabad, India",https://www.adanienterprises.com,2308.8,2238.85,2664840298496,77.06275,29.96,0.00059999997,3743.9,2025.0
2004-02-27 00:00:00+05:30,1.0018221321093927,2314.95,2213.75,1.0060851573944092,1379552,0.0,0.0,ADANIENT.NS,Adani Enterprises Limited,Thermal Coal,Energy,Mr. Gautambhai Shantilal Adani S.Y. B.Com,"Ahmedabad, India",https://www.adanienterprises.com,2308.8,2238.85,2664840298496,77.06275,29.96,0.00059999997,3743.9,2025.0
2004-03-01 00:00:00+05:30,1.025535059404591,2314.95,2213.75,1.0204726457595825,1379552,0.0,0.0,ADANIENT.NS,Adani Enterprises Limited,Thermal Coal,Energy,Mr. Gautambhai Shantilal Adani S.Y. B.Com,"Ahmedabad, India",https://www.adanienterprises.com,2308.8,2238.85,2664840298496,77.06275,29.96,0.00059999997,3743.9,2025.0
2004-03-02 00:00:00+05:30,1.0204726457595825,2314.95,2213.75,1.0204726457595825,1379552,0.0,0.0,ADANIENT.NS,Adani Enterprises Limited,Thermal Coal,Energy,Mr. Gautambhai Shantilal Adani S.Y. B.Com,"Ahmedabad, India",https://www.adanienterprises.com,2308.8,2238.85,2664840298496,77.06275,29.96,0.00059999997,3743.9,2025.0
2004-03-03 00:00:00+05:30,1.0649687632090108,2314.95,2213.75,1.0297982692718506,1379552,0.0,0.0,ADANIENT.NS,Adani Enterprises Limited,Thermal Coal,Energy,Mr. Gautambhai Shantilal Adani S.Y. B.Com,"Ahmedabad, India",https://www.adanienterprises.com,2308.8,2238.85,2664840298496,77.06275,29.96,0.00059999997,3743.9,2025.0
2004-03-04 00:00:00+05:30,1.038058135117368,2314.95,2213.75,1.0210058689117432,1379552,0.0,0.0,ADANIENT.NS,Adani Enterprises Limited,Thermal Coal,Energy,Mr. Gautambhai Shantilal Adani S.Y. B.Com,"Ahmedabad, India",https://www.adanienterprises.com,2308.8,2238.85,2664840298496,77.06275,29.96,0.00059999997,3743.9,2025.0
2004-03-05 00:00:00+05:30,1.030864190238769,2314.95,2213.75,1.038857340812683,1379552,0.0,0.0,ADANIENT.NS,Adani Enterprises Limited,Thermal Coal,Energy,Mr. Gautambhai Shantilal Adani S.Y. B.Com,"Ahmedabad, India",https://www.adanienterprises.com,2308.8,2238.85,2664840298496,77.06275,29.96,0.00059999997,3743.9,2025.0
2004-03-08 00:00:00+05:30,1.0417879764265745,2314.95,2213.75,1.048448920249939,1379552,0.0,0.0,ADANIENT.NS,Adani Enterprises Limited,Thermal Coal,Energy,Mr. Gautambhai Shantilal Adani S.Y. B.Com,"Ahmedabad, India",https://www.adanienterprises.com,2308.8,2238.85,2664840298496,77.06275,29.96,0.00059999997,3743.9,2025.0
2004-03-09 00:00:00+05:30,1.0524459409906397,2314.95,2213.75,1.034860610961914,1379552,0.0,0.0,ADANIENT.NS,Adani Enterprises Limited,Thermal Coal,Energy,Mr. Gautambhai Shantilal Adani S.Y. B.Com,"Ahmedabad, India",https://www.adanienterprises.com,2308.8,2238.85,2664840298496,77.06275,29.96,0.00059999997,3743.9,2025.0
2004-03-10 00:00:00+05:30,1.0790897932606422,2314.95,2213.75,1.0279330015182495,1379552,0.0,0.0,ADANIENT.NS,Adani Enterprises Limited,Thermal Coal,Energy,Mr. Gautambhai Shantilal Adani S.Y. B.Com,"Ahmedabad, India",https://www.adanienterprises.com,2308.8,2238.85,2664840298496,77.06275,29.96,0.00059999997,3743.9,2025.0
2004-03-11 00:00:00+05:30,1.0124794139470987,2314.95,2213.75,1.0258013010025024,1379552,0.0,0.0,ADANIENT.NS,Adani Enterprises Limited,Thermal Coal,Energy,Mr. Gautambhai Shantilal Adani S.Y. B.Com,"Ahmedabad, India",https://www.adanienterprises.com,2308.8,2238.85,2664840298496,77.06275,29.96,0.00059999997,3743.9,2025.0
2004-03-12 00:00:00+05:30,1.065767763230282,2314.95,2213.75,1.0327287912368774,1379552,0.0,0.0,ADANIENT.NS,Adani Enterprises Limited,Thermal Coal,Energy,Mr. Gautambhai Shantilal Adani S.Y. B.Com,"Ahmedabad, India",https://www.adanienterprises.com,2308.8,2238.85,2664840298496,77.06275,29.96,0.00059999997,3743.9,2025.0
2004-03-15 00:00:00+05:30,1.065768083427301,2314.95,2213.75,1.0353935956954956,1379552,0.0,0.0,ADANIENT.NS,Adani Enterprises Limited,Thermal Coal,Energy,Mr. Gautambhai Shantilal Adani S.Y. B.Com,"Ahmedabad, India",https://www.adanienterprises.com,2308.8,2238.85,2664840298496,77.06275,29.96,0.00059999997,3743.9,2025.0
2004-03-16 00:00:00+05:30,1.012479534538889,2314.95,2213.75,1.018607497215271,1379552,0.0,0.0,ADANIENT.NS,Adani Enterprises Limited,Thermal Coal,Energy,Mr. Gautambhai Shantilal Adani S.Y. B.Com,"Ahmedabad, India",https://www.adanienterprises.com,2308.8,2238.85,2664840298496,77.06275,29.96,0.00059999997,3743.9,2025.0
2004-03-17 00:00:00+05:30,1.01780833717315,2314.95,2213.75,1.035659909248352,1379552,0.0,0.0,ADANIENT.NS,Adani Enterprises Limited,Thermal Coal,Energy,Mr. Gautambhai Shantilal Adani S.Y. B.Com,"Ahmedabad, India",https://www.adanienterprises.com,2308.8,2238.85,2664840298496,77.06275,29.96,0.00059999997,3743.9,2025.0
2004-03-18 00:00:00+05:30,1.0289986660531685,2314.95,2213.75,1.017807960510254,1379552,0.0,0.0,ADANIENT.NS,Adani Enterprises Limited,Thermal Coal,Energy,Mr. Gautambhai Shantilal Adani S.Y. B.Com,"Ahmedabad, India",https://www.adanienterprises.com,2308.8,2238.85,2664840298496,77.06275,29.96,0.00059999997,3743.9,2025.0
2004-03-19 00:00:00+05:30,1.0337948654578677,2314.95,2213.75,1.0204726457595825,1379552,0.0,0.0,ADANIENT.NS,Adani Enterprises Limited,Thermal Coal,Energy,Mr. Gautambhai Shantilal Adani S.Y. B.Com,"Ahmedabad, India",https://www.adanienterprises.com,2308.8,2238.85,2664840298496,77.06275,29.96,0.00059999997,3743.9,2025.0
2004-03-22 00:00:00+05:30,0.994627814557559,2314.95,2213.75,1.0090159177780151,1379552,0.0,0.0,ADANIENT.NS,Adani Enterprises Limited,Thermal Coal,Energy,Mr. Gautambhai Shantilal Adani S.Y. B.Com,"Ahmedabad, India",https://www.adanienterprises.com,2308.8,2238.85,2664840298496,77.06275,29.96,0.00059999997,3743.9,2025.0
2004-03-23 00:00:00+05:30,1.00715035345794,2314.95,2213.75,1.004752516746521,1379552,0.0,0.0,ADANIENT.NS,Adani Enterprises Limited,Thermal Coal,Energy,Mr. Gautambhai Shantilal Adani S.Y. B.Com,"Ahmedabad, India",https://www.adanienterprises.com,2308.8,2238.85,2664840298496,77.06275,29.96,0.00059999997,3743.9,2025.0
2004-03-24 00:00:00+05:30,1.004486234392726,2314.95,2213.75,1.014344573020935,1379552,0.0,0.0,ADANIENT.NS,Adani Enterprises Limited,Thermal Coal,Energy,Mr. Gautambhai Shantilal Adani S.Y. B.Com,"Ahmedabad, India",https://www.adanienterprises.com,2308.8,2238.85,2664840298496,77.06275,29.96,0.00059999997,3743.9,2025.0
2004-03-25 00:00:00+05:30,1.012479609205922,2314.95,2213.75,1.0218050479888916,1379552,0.0,0.0,ADANIENT.NS,Adani Enterprises Limited,Thermal Coal,Energy,Mr. Gautambhai Shantilal Adani S.Y. B.Com,"Ahmedabad, India",https://www.adanienterprises.com,2308.8,2238.85,2664840298496,77.06275,29.96,0.00059999997,3743.9,2025.0
2004-03-26 00:00:00+05:30,1.0258014589854882,2314.95,2213.75,1.0367257595062256,1379552,0.0,0.0,ADANIENT.NS,Adani Enterprises Limited,Thermal Coal,Energy,Mr. Gautambhai Shantilal Adani S.Y. B.Com,"Ahmedabad, India",https://www.adanienterprises.com,2308.8,2238.85,2664840298496,77.06275,29.96,0.00059999997,3743.9,2025.0
2004-03-29 00:00:00+05:30,1.0316635484591858,2314.95,2213.75,1.0425875186920166,1379552,0.0,0.0,ADANIENT.NS,Adani Enterprises Limited,Thermal Coal,Energy,Mr. Gautambhai Shantilal Adani S.Y. B.Com,"Ahmedabad, India",https://www.adanienterprises.com,2308.8,2238.85,2664840298496,77.06275,29.96,0.00059999997,3743.9,2025.0
2004-03-30 00:00:00+05:30,1.0428536966985849,2314.95,2213.75,1.0572417974472046,1379552,0.0,0.0,ADANIENT.NS,Adani Enterprises Limited,Thermal Coal,Energy,Mr. Gautambhai Shantilal Adani S.Y. B.Com,"Ahmedabad, India",https://www.adanienterprises.com,2308.8,2238.85,2664840298496,77.06275,29.96,0.00059999997,3743.9,2025.0
2004-03-31 00:00:00+05:30,1.0471167418677434,2314.95,2213.75,1.075093388557434,1379552,0.0,0.0,ADANIENT.NS,Adani Enterprises Limited,Thermal Coal,Energy,Mr. Gautambhai Shantilal Adani S.Y. B.Com,"Ahmedabad, India",https://www.adanienterprises.com,2308.8,2238.85,2664840298496,77.06275,29.96,0.00059999997,3743.9,2025.0
2004-04-01 00:00:00+05:30,1.0790898551786285,2314.95,2213.75,1.1001389026641846,1379552,0.0,0.0,ADANIENT.NS,Adani Enterprises Limited,Thermal Coal,Energy,Mr. Gautambhai Shantilal Adani S.Y. B.Com,"Ahmedabad, India",https://www.adanienterprises.com,2308.8,2238.85,2664840298496,77.06275,29.96,0.00059999997,3743.9,2025.0
2004-04-02 00:00:00+05:30,1.1030695359721538,2314.95,2213.75,1.098540186882019,1379552,0.0,0.0,ADANIENT.NS,Adani Enterprises Limited,Thermal Coal,Energy,Mr. Gautambhai Shantilal Adani S.Y. B.Com,"Ahmedabad, India",https://www.adanienterprises.com,2308.8,2238.85,2664840298496,77.06275,29.96,0.00059999997,3743.9,2025.0
2004-04-05 00:00:00+05:30,1.1190563386760002,2314.95,2213.75,1.1203886270523071,1379552,0.0,0.0,ADANIENT.NS,Adani Enterprises Limited,Thermal Coal,Energy,Mr. Gautambhai Shantilal Adani S.Y. B.Com,"Ahmedabad, India",https://www.adanienterprises.com,2308.8,2238.85,2664840298496,77.06275,29.96,0.00059999997,3743.9,2025.0
2004-04-06 00:00:00+05:30,1.1323782442958235,2314.95,2213.75,1.107865810394287,1379552,0.0,0.0,ADANIENT.NS,Adani Enterprises Limited,Thermal Coal,Energy,Mr. Gautambhai Shantilal Adani S.Y. B.Com,"Ahmedabad, India",https://www.adanienterprises.com,2308.8,2238.85,2664840298496,77.06275,29.96,0.00059999997,3743.9,2025.0
2004-04-07 00:00:00+05:30,1.1323781740606864,2314.95,2213.75,1.098007321357727,1379552,0.0,0.0,ADANIENT.NS,Adani Enterprises Limited,Thermal Coal,Energy,Mr. Gautambhai Shantilal Adani S.Y. B.Com,"Ahmedabad, India",https://www.adanienterprises.com,2308.8,2238.85,2664840298496,77.06275,29.96,0.00059999997,3743.9,2025.0
2004-04-08 00:00:00+05:30,1.0870834558938751,2314.95,2213.75,1.0865504741668701,1379552,0.0,0.0,ADANIENT.NS,Adani Enterprises Limited,Thermal Coal,Energy,Mr. Gautambhai Shantilal Adani S.Y. B.Com,"Ahmedabad, India",https://www.adanienterprises.com,2308.8,2238.85,2664840298496,77.06275,29.96,0.00059999997,3743.9,2025.0
2004-04-09 00:00:00+05:30,1.0865504741668701,2314.95,2213.75,1.0865504741668701,1379552,0.0,0.0,ADANIENT.NS,Adani Enterprises Limited,Thermal Coal,Energy,Mr. Gautambhai Shantilal Adani S.Y. B.Com,"Ahmedabad, India",https://www.adanienterprises.com,2308.8,2238.85,2664840298496,77.06275,29.96,0.00059999997,3743.9,2025.0
2004-04-12 00:00:00+05:30,1.079089727730332,2314.95,2213.75,1.0950764417648315,1379552,0.0,0.0,ADANIENT.NS,Adani Enterprises Limited,Thermal Coal,Energy,Mr. Gautambhai Shantilal Adani S.Y. B.Com,"Ahmedabad, India",https://www.adanienterprises.com,2308.8,2238.85,2664840298496,77.06275,29.96,0.00059999997,3743.9,2025.0
2004-04-13 00:00:00+05:30,1.0873496688312645,2314.95,2213.75,1.098806619644165,1379552,0.0,0.0,ADANIENT.NS,Adani Enterprises Limited,Thermal Coal,Energy,Mr. Gautambhai Shantilal Adani S.Y. B.Com,"Ahmedabad, India",https://www.adanienterprises.com,2308.8,2238.85,2664840298496,77.06275,29.96,0.00059999997,3743.9,2025.0
2004-04-14 00:00:00+05:30,1.098806619644165,2314.95,2213.75,1.098806619644165,1379552,0.0,0.0,ADANIENT.NS,Adani Enterprises Limited,Thermal Coal,Energy,Mr. Gautambhai Shantilal Adani S.Y. B.Com,"Ahmedabad, India",https://www.adanienterprises.com,2308.8,2238.85,2664840298496,77.06275,29.96,0.00059999997,3743.9,2025.0
2004-04-15 00:00:00+05:30,1.0950764386763832,2314.95,2213.75,1.09454345703125,1379552,0.0,0.0,ADANIENT.NS,Adani Enterprises Limited,Thermal Coal,Energy,Mr. Gautambhai Shantilal Adani S.Y. B.Com,"Ahmedabad, India",https://www.adanienterprises.com,2308.8,2238.85,2664840298496,77.06275,29.96,0.00059999997,3743.9,2025.0
2004-04-16 00:00:00+05:30,1.1057341075969704,2314.95,2213.75,1.136374831199646,1379552,0.0,0.0,ADANIENT.NS,Adani Enterprises Limited,Thermal Coal,Energy,Mr. Gautambhai Shantilal Adani S.Y. B.Com,"Ahmedabad, India",https://www.adanienterprises.com,2308.8,2238.85,2664840298496,77.06275,29.96,0.00059999997,3743.9,2025.0
2004-04-19 00:00:00+05:30,1.1989885437948327,2314.95,2213.75,1.1555585861206055,1379552,0.0,0.0,ADANIENT.NS,Adani Enterprises Limited,Thermal Coal,Energy,Mr. Gautambhai Shantilal Adani S.Y. B.Com,"Ahmedabad, India",https://www.adanienterprises.com,2308.8,2238.85,2664840298496,77.06275,29.96,0.00059999997,3743.9,2025.0
2004-04-20 00:00:00+05:30,1.1619533025511144,2314.95,2213.75,1.1584895849227905,1379552,0.0,0.0,ADANIENT.NS,Adani Enterprises Limited,Thermal Coal,Energy,Mr. Gautambhai Shantilal Adani S.Y. B.Com,"Ahmedabad, India",https://www.adanienterprises.com,2308.8,2238.85,2664840298496,77.06275,29.96,0.00059999997,3743.9,2025.0
2004-04-21 00:00:00+05:30,1.1518287095776458,2314.95,2213.75,1.1528942584991455,1379552,0.0,0.0,ADANIENT.NS,Adani Enterprises Limited,Thermal Coal,Energy,Mr. Gautambhai Shantilal Adani S.Y. B.Com,"Ahmedabad, India",https://www.adanienterprises.com,2308.8,2238.85,2664840298496,77.06275,29.96,0.00059999997,3743.9,2025.0
2004-04-22 00:00:00+05:30,1.1483649132537719,2314.95,2213.75,1.167015790939331,1379552,0.0,0.0,ADANIENT.NS,Adani Enterprises Limited,Thermal Coal,Energy,Mr. Gautambhai Shantilal Adani S.Y. B.Com,"Ahmedabad, India",https://www.adanienterprises.com,2308.8,2238.85,2664840298496,77.06275,29.96,0.00059999997,3743.9,2025.0
2004-04-23 00:00:00+05:30,1.172344842603503,2314.95,2213.75,1.170479655265808,1379552,0.0,0.0,ADANIENT.NS,Adani Enterprises Limited,Thermal Coal,Energy,Mr. Gautambhai Shantilal Adani S.Y. B.Com,"Ahmedabad, India",https://www.adanienterprises.com,2308.8,2238.85,2664840298496,77.06275,29.96,0.00059999997,3743.9,2025.0
2004-04-26 00:00:00+05:30,1.170479655265808,2314.95,2213.75,1.170479655265808,1379552,0.0,0.0,ADANIENT.NS,Adani Enterprises Limited,Thermal Coal,Energy,Mr. Gautambhai Shantilal Adani S.Y. B.Com,"Ahmedabad, India",https://www.adanienterprises.com,2308.8,2238.85,2664840298496,77.06275,29.96,0.00059999997,3743.9,2025.0
2004-04-27 00:00:00+05:30,1.1670157960655627,2314.95,2213.75,1.122786521911621,1379552,0.0,0.0,ADANIENT.NS,Adani Enterprises Limited,Thermal Coal,Energy,Mr. Gautambhai Shantilal Adani S.Y. B.Com,"Ahmedabad, India",https://www.adanienterprises.com,2308.8,2238.85,2664840298496,77.06275,29.96,0.00059999997,3743.9,2025.0
2004-04-28 00:00:00+05:30,1.1323781190081792,2314.95,2213.75,1.1331777572631836,1379552,0.0,0.0,ADANIENT.NS,Adani Enterprises Limited,Thermal Coal,Energy,Mr. Gautambhai Shantilal Adani S.Y. B.Com,"Ahmedabad, India",https://www.adanienterprises.com,2308.8,2238.85,2664840298496,77.06275,29.96,0.00059999997,3743.9,2025.0
2004-04-29 00:00:00+05:30,1.1419702798851006,2314.95,2213.75,1.142503261566162,1379552,0.0,0.0,ADANIENT.NS,Adani Enterprises Limited,Thermal Coal,Energy,Mr. Gautambhai Shantilal Adani S.Y. B.Com,"Ahmedabad, India",https://www.adanienterprises.com,2308.8,2238.85,2664840298496,77.06275,29.96,0.00059999997,3743.9,2025.0
2004-04-30 00:00:00+05:30,1.1457002656746333,2314.95,2213.75,1.1358418464660645,1379552,0.0,0.0,ADANIENT.NS,Adani Enterprises Limited,Thermal Coal,Energy,Mr. Gautambhai Shantilal Adani S.Y. B.Com,"Ahmedabad, India",https://www.adanienterprises.com,2308.8,2238.85,2664840298496,77.06275,29.96,0.00059999997,3743.9,2025.0
2004-05-03 00:00:00+05:30,1.1457005687280797,2314.95,2213.75,1.1334443092346191,1379552,0.0,0.0,ADANIENT.NS,Adani Enterprises Limited,Thermal Coal,Energy,Mr. Gautambhai Shantilal Adani S.Y. B.Com,"Ahmedabad, India",https://www.adanienterprises.com,2308.8,2238.85,2664840298496,77.06275,29.96,0.00059999997,3743.9,2025.0
2004-05-04 00:00:00+05:30,1.1723447971146528,2314.95,2213.75,1.179005742073059,1379552,0.0,0.0,ADANIENT.NS,Adani Enterprises Limited,Thermal Coal,Energy,Mr. Gautambhai Shantilal Adani S.Y. B.Com,"Ahmedabad, India",https://www.adanienterprises.com,2308.8,2238.85,2664840298496,77.06275,29.96,0.00059999997,3743.9,2025.0
2004-05-05 00:00:00+05:30,1.196324892234755,2314.95,2213.75,1.2096467018127441,1379552,0.0,0.0,ADANIENT.NS,Adani Enterprises Limited,Thermal Coal,Energy,Mr. Gautambhai Shantilal Adani S.Y. B.Com,"Ahmedabad, India",https://www.adanienterprises.com,2308.8,2238.85,2664840298496,77.06275,29.96,0.00059999997,3743.9,2025.0
2004-05-06 00:00:00+05:30,1.2522772550582886,2314.95,2213.75,1.2522772550582886,1379552,0.0,0.0,ADANIENT.NS,Adani Enterprises Limited,Thermal Coal,Energy,Mr. Gautambhai Shantilal Adani S.Y. B.Com,"Ahmedabad, India",https://www.adanienterprises.com,2308.8,2238.85,2664840298496,77.06275,29.96,0.00059999997,3743.9,2025.0
2004-05-07 00:00:00+05:30,1.2522772880100712,2314.95,2213.75,1.2381558418273926,1379552,0.0,0.0,ADANIENT.NS,Adani Enterprises Limited,Thermal Coal,Energy,Mr. Gautambhai Shantilal Adani S.Y. B.Com,"Ahmedabad, India",https://www.adanienterprises.com,2308.8,2238.85,2664840298496,77.06275,29.96,0.00059999997,3743.9,2025.0
2004-05-10 00:00:00+05:30,1.2203040952171949,2314.95,2213.75,1.2280309200286865,1379552,0.0,0.0,ADANIENT.NS,Adani Enterprises Limited,Thermal Coal,Energy,Mr. Gautambhai Shantilal Adani S.Y. B.Com,"Ahmedabad, India",https://www.adanienterprises.com,2308.8,2238.85,2664840298496,77.06275,29.96,0.00059999997,3743.9,2025.0
2004-05-11 00:00:00+05:30,1.1750091552160828,2314.95,2213.75,1.2040510177612305,1379552,0.0,0.0,ADANIENT.NS,Adani Enterprises Limited,Thermal Coal,Energy,Mr. Gautambhai Shantilal Adani S.Y. B.Com,"Ahmedabad, India",https://www.adanienterprises.com,2308.8,2238.85,2664840298496,77.06275,29.96,0.00059999997,3743.9,2025.0
2004-05-12 00:00:00+05:30,1.1723446614951736,2314.95,2213.75,1.2040510177612305,1379552,0.0,0.0,ADANIENT.NS,Adani Enterprises Limited,Thermal Coal,Energy,Mr. Gautambhai Shantilal Adani S.Y. B.Com,"Ahmedabad, India",https://www.adanienterprises.com,2308.8,2238.85,2664840298496,77.06275,29.96,0.00059999997,3743.9,2025.0
2004-05-13 00:00:00+05:30,1.0790895825200528,2314.95,2213.75,1.218438982963562,1379552,0.0,0.0,ADANIENT.NS,Adani Enterprises Limited,Thermal Coal,Energy,Mr. Gautambhai Shantilal Adani S.Y. B.Com,"Ahmedabad, India",https://www.adanienterprises.com,2308.8,2238.85,2664840298496,77.06275,29.96,0.00059999997,3743.9,2025.0
2004-05-14 00:00:00+05:30,1.1856670670369618,2314.95,2213.75,1.1574240922927856,1379552,0.0,0.0,ADANIENT.NS,Adani Enterprises Limited,Thermal Coal,Energy,Mr. Gautambhai Shantilal Adani S.Y. B.Com,"Ahmedabad, India",https://www.adanienterprises.com,2308.8,2238.85,2664840298496,77.06275,29.96,0.00059999997,3743.9,2025.0
2004-05-17 00:00:00+05:30,1.1243850914590794,2314.95,2213.75,1.005552053451538,1379552,0.0,0.0,ADANIENT.NS,Adani Enterprises Limited,Thermal Coal,Energy,Mr. Gautambhai Shantilal Adani S.Y. B.Com,"Ahmedabad, India",https://www.adanienterprises.com,2308.8,2238.85,2664840298496,77.06275,29.96,0.00059999997,3743.9,2025.0
2004-05-18 00:00:00+05:30,1.0524459191560909,2314.95,2213.75,1.118789792060852,1379552,0.0,0.0,ADANIENT.NS,Adani Enterprises Limited,Thermal Coal,Energy,Mr. Gautambhai Shantilal Adani S.Y. B.Com,"Ahmedabad, India",https://www.adanienterprises.com,2308.8,2238.85,2664840298496,77.06275,29.96,0.00059999997,3743.9,2025.0
2004-05-19 00:00:00+05:30,1.1457003994843584,2314.95,2213.75,1.1808708906173706,1379552,0.0,0.0,ADANIENT.NS,Adani Enterprises Limited,Thermal Coal,Energy,Mr. Gautambhai Shantilal Adani S.Y. B.Com,"Ahmedabad, India",https://www.adanienterprises.com,2308.8,2238.85,2664840298496,77.06275,29.96,0.00059999997,3743.9,2025.0
2004-05-20 00:00:00+05:30,1.1976562347248674,2314.95,2213.75,1.1742093563079834,1379552,0.0,0.0,ADANIENT.NS,Adani Enterprises Limited,Thermal Coal,Energy,Mr. Gautambhai Shantilal Adani S.Y. B.Com,"Ahmedabad, India",https://www.adanienterprises.com,2308.8,2238.85,2664840298496,77.06275,29.96,0.00059999997,3743.9,2025.0
2004-05-21 00:00:00+05:30,1.113994031643939,2314.95,2213.75,1.1869988441467285,1379552,0.0,0.0,ADANIENT.NS,Adani Enterprises Limited,Thermal Coal,Energy,Mr. Gautambhai Shantilal Adani S.Y. B.Com,"Ahmedabad, India",https://www.adanienterprises.com,2308.8,2238.85,2664840298496,77.06275,29.96,0.00059999997,3743.9,2025.0
2004-05-24 00:00:00+05:30,1.2016534539162897,2314.95,2213.75,1.2227025032043457,1379552,0.0,0.0,ADANIENT.NS,Adani Enterprises Limited,Thermal Coal,Energy,Mr. Gautambhai Shantilal Adani S.Y. B.Com,"Ahmedabad, India",https://www.adanienterprises.com,2308.8,2238.85,2664840298496,77.06275,29.96,0.00059999997,3743.9,2025.0
2004-05-25 00:00:00+05:30,1.2096464722523759,2314.95,2213.75,1.2541424036026,1379552,0.0,0.0,ADANIENT.NS,Adani Enterprises Limited,Thermal Coal,Energy,Mr. Gautambhai Shantilal Adani S.Y. B.Com,"Ahmedabad, India",https://www.adanienterprises.com,2308.8,2238.85,2664840298496,77.06275,29.96,0.00059999997,3743.9,2025.0
2004-05-26 00:00:00+05:30,1.3295452899342377,2314.95,2213.75,1.289312720298767,1379552,0.0,0.0,ADANIENT.NS,Adani Enterprises Limited,Thermal Coal,Energy,Mr. Gautambhai Shantilal Adani S.Y. B.Com,"Ahmedabad, India",https://www.adanienterprises.com,2308.8,2238.85,2664840298496,77.06275,29.96,0.00059999997,3743.9,2025.0
2004-05-27 00:00:00+05:30,1.2922438113602686,2314.95,2213.75,1.2887800931930542,1379552,0.0,0.0,ADANIENT.NS,Adani Enterprises Limited,Thermal Coal,Energy,Mr. Gautambhai Shantilal Adani S.Y. B.Com,"Ahmedabad, India",https://www.adanienterprises.com,2308.8,2238.85,2664840298496,77.06275,29.96,0.00059999997,3743.9,2025.0
2004-05-28 00:00:00+05:30,1.289579256680988,2314.95,2213.75,1.2858492136001587,1379552,0.0,0.0,ADANIENT.NS,Adani Enterprises Limited,Thermal Coal,Energy,Mr. Gautambhai Shantilal Adani S.Y. B.Com,"Ahmedabad, India",https://www.adanienterprises.com,2308.8,2238.85,2664840298496,77.06275,29.96,0.00059999997,3743.9,2025.0
2004-05-31 00:00:00+05:30,1.2522770503545395,2314.95,2213.75,1.2698622941970825,1379552,0.0,0.0,ADANIENT.NS,Adani Enterprises Limited,Thermal Coal,Energy,Mr. Gautambhai Shantilal Adani S.Y. B.Com,"Ahmedabad, India",https://www.adanienterprises.com,2308.8,2238.85,2664840298496,77.06275,29.96,0.00059999997,3743.9,2025.0
2004-06-01 00:00:00+05:30,1.2821188259512362,2314.95,2213.75,1.2938424348831177,1379552,0.0,0.0,ADANIENT.NS,Adani Enterprises Limited,Thermal Coal,Energy,Mr. Gautambhai Shantilal Adani S.Y. B.Com,"Ahmedabad, India",https://www.adanienterprises.com,2308.8,2238.85,2664840298496,77.06275,29.96,0.00059999997,3743.9,2025.0
2004-06-02 00:00:00+05:30,1.2922438613506257,2314.95,2213.75,1.3223516941070557,1379552,0.0,0.0,ADANIENT.NS,Adani Enterprises Limited,Thermal Coal,Energy,Mr. Gautambhai Shantilal Adani S.Y. B.Com,"Ahmedabad, India",https://www.adanienterprises.com,2308.8,2238.85,2664840298496,77.06275,29.96,0.00059999997,3743.9,2025.0
2004-06-03 00:00:00+05:30,1.3535250942905077,2314.95,2213.75,1.3034337759017944,1379552,0.0,0.0,ADANIENT.NS,Adani Enterprises Limited,Thermal Coal,Energy,Mr. Gautambhai Shantilal Adani S.Y. B.Com,"Ahmedabad, India",https://www.adanienterprises.com,2308.8,2238.85,2664840298496,77.06275,29.96,0.00059999997,3743.9,2025.0
2004-06-04 00:00:00+05:30,1.3058319930259241,2314.95,2213.75,1.31355881690979,1379552,0.0,0.0,ADANIENT.NS,Adani Enterprises Limited,Thermal Coal,Energy,Mr. Gautambhai Shantilal Adani S.Y. B.Com,"Ahmedabad, India",https://www.adanienterprises.com,2308.8,2238.85,2664840298496,77.06275,29.96,0.00059999997,3743.9,2025.0
2004-06-07 00:00:00+05:30,1.3194205380543798,2314.95,2213.75,1.3420681953430176,1379552,0.0,0.0,ADANIENT.NS,Adani Enterprises Limited,Thermal Coal,Energy,Mr. Gautambhai Shantilal Adani S.Y. B.Com,"Ahmedabad, India",https://www.adanienterprises.com,2308.8,2238.85,2664840298496,77.06275,29.96,0.00059999997,3743.9,2025.0
2004-06-08 00:00:00+05:30,1.3535254903773424,2314.95,2213.75,1.3223516941070557,1379552,0.0,0.0,ADANIENT.NS,Adani Enterprises Limited,Thermal Coal,Energy,Mr. Gautambhai Shantilal Adani S.Y. B.Com,"Ahmedabad, India",https://www.adanienterprises.com,2308.8,2238.85,2664840298496,77.06275,29.96,0.00059999997,3743.9,2025.0
2004-06-09 00:00:00+05:30,1.329545509417719,2314.95,2213.75,1.3292791843414307,1379552,0.0,0.0,ADANIENT.NS,Adani Enterprises Limited,Thermal Coal,Energy,Mr. Gautambhai Shantilal Adani S.Y. B.Com,"Ahmedabad, India",https://www.adanienterprises.com,2308.8,2238.85,2664840298496,77.06275,29.96,0.00059999997,3743.9,2025.0
2004-06-10 00:00:00+05:30,1.324216658868623,2314.95,2213.75,1.3260815143585205,1379552,0.0,0.0,ADANIENT.NS,Adani Enterprises Limited,Thermal Coal,Energy,Mr. Gautambhai Shantilal Adani S.Y. B.Com,"Ahmedabad, India",https://www.adanienterprises.com,2308.8,2238.85,2664840298496,77.06275,29.96,0.00059999997,3743.9,2025.0
2004-06-11 00:00:00+05:30,1.3215522477024049,2314.95,2213.75,1.3122268915176392,1379552,0.0,0.0,ADANIENT.NS,Adani Enterprises Limited,Thermal Coal,Energy,Mr. Gautambhai Shantilal Adani S.Y. B.Com,"Ahmedabad, India",https://www.adanienterprises.com,2308.8,2238.85,2664840298496,77.06275,29.96,0.00059999997,3743.9,2025.0
2004-06-14 00:00:00+05:30,1.294907567917544,2314.95,2213.75,1.291444182395935,1379552,0.0,0.0,ADANIENT.NS,Adani Enterprises Limited,Thermal Coal,Energy,Mr. Gautambhai Shantilal Adani S.Y. B.Com,"Ahmedabad, India",https://www.adanienterprises.com,2308.8,2238.85,2664840298496,77.06275,29.96,0.00059999997,3743.9,2025.0
2004-06-15 00:00:00+05:30,1.2698622346683153,2314.95,2213.75,1.3034337759017944,1379552,0.0,0.0,ADANIENT.NS,Adani Enterprises Limited,Thermal Coal,Energy,Mr. Gautambhai Shantilal Adani S.Y. B.Com,"Ahmedabad, India",https://www.adanienterprises.com,2308.8,2238.85,2664840298496,77.06275,29.96,0.00059999997,3743.9,2025.0
2004-06-16 00:00:00+05:30,1.3068978146585004,2314.95,2213.75,1.2922437191009521,1379552,0.0,0.0,ADANIENT.NS,Adani Enterprises Limited,Thermal Coal,Energy,Mr. Gautambhai Shantilal Adani S.Y. B.Com,"Ahmedabad, India",https://www.adanienterprises.com,2308.8,2238.85,2664840298496,77.06275,29.96,0.00059999997,3743.9,2025.0
2004-06-17 00:00:00+05:30,1.300236768119406,2314.95,2213.75,1.301835298538208,1379552,0.0,0.0,ADANIENT.NS,Adani Enterprises Limited,Thermal Coal,Energy,Mr. Gautambhai Shantilal Adani S.Y. B.Com,"Ahmedabad, India",https://www.adanienterprises.com,2308.8,2238.85,2664840298496,77.06275,29.96,0.00059999997,3743.9,2025.0
2004-06-18 00:00:00+05:30,1.3029016071131754,2314.95,2213.75,1.2962403297424316,1379552,0.0,0.0,ADANIENT.NS,Adani Enterprises Limited,Thermal Coal,Energy,Mr. Gautambhai Shantilal Adani S.Y. B.Com,"Ahmedabad, India",https://www.adanienterprises.com,2308.8,2238.85,2664840298496,77.06275,29.96,0.00059999997,3743.9,2025.0
2004-06-21 00:00:00+05:30,1.2895793783555936,2314.95,2213.75,1.2975726127624512,1379552,0.0,0.0,ADANIENT.NS,Adani Enterprises Limited,Thermal Coal,Energy,Mr. Gautambhai Shantilal Adani S.Y. B.Com,"Ahmedabad, India",https://www.adanienterprises.com,2308.8,2238.85,2664840298496,77.06275,29.96,0.00059999997,3743.9,2025.0
2004-06-22 00:00:00+05:30,1.273859207720299,2314.95,2213.75,1.2885133028030396,1379552,0.0,0.0,ADANIENT.NS,Adani Enterprises Limited,Thermal Coal,Energy,Mr. Gautambhai Shantilal Adani S.Y. B.Com,"Ahmedabad, India",https://www.adanienterprises.com,2308.8,2238.85,2664840298496,77.06275,29.96,0.00059999997,3743.9,2025.0
2004-06-23 00:00:00+05:30,1.2805198957289845,2314.95,2213.75,1.284250020980835,1379552,0.0,0.0,ADANIENT.NS,Adani Enterprises Limited,Thermal Coal,Energy,Mr. Gautambhai Shantilal Adani S.Y. B.Com,"Ahmedabad, India",https://www.adanienterprises.com,2308.8,2238.85,2664840298496,77.06275,29.96,0.00059999997,3743.9,2025.0
2004-06-24 00:00:00+05:30,1.292244052839168,2314.95,2213.75,1.2751917839050293,1379552,0.0,0.0,ADANIENT.NS,Adani Enterprises Limited,Thermal Coal,Energy,Mr. Gautambhai Shantilal Adani S.Y. B.Com,"Ahmedabad, India",https://www.adanienterprises.com,2308.8,2238.85,2664840298496,77.06275,29.96,0.00059999997,3743.9,2025.0
2004-06-25 00:00:00+05:30,1.2842501094050924,2314.95,2213.75,1.2983715534210205,1379552,0.0,0.0,ADANIENT.NS,Adani Enterprises Limited,Thermal Coal,Energy,Mr. Gautambhai Shantilal Adani S.Y. B.Com,"Ahmedabad, India",https://www.adanienterprises.com,2308.8,2238.85,2664840298496,77.06275,29.96,0.00059999997,3743.9,2025.0
2004-06-28 00:00:00+05:30,2.79429872196184,2314.95,2213.75,2.8149499893188477,1379552,2.0,0.0,ADANIENT.NS,Adani Enterprises Limited,Thermal Coal,Energy,Mr. Gautambhai Shantilal Adani S.Y. B.Com,"Ahmedabad, India",https://www.adanienterprises.com,2308.8,2238.85,2664840298496,77.06275,29.96,0.00059999997,3743.9,2025.0
2004-06-29 00:00:00+05:30,2.896983689084152,2314.95,2213.75,2.853959321975708,1379552,0.0,0.0,ADANIENT.NS,Adani Enterprises Limited,Thermal Coal,Energy,Mr. Gautambhai Shantilal Adani S.Y. B.Com,"Ahmedabad, India",https://www.adanienterprises.com,2308.8,2238.85,2664840298496,77.06275,29.96,0.00059999997,3743.9,2025.0
2004-06-30 00:00:00+05:30,2.890099075142666,2314.95,2213.75,2.8396170139312744,1379552,0.0,0.0,ADANIENT.NS,Adani Enterprises Limited,Thermal Coal,Energy,Mr. Gautambhai Shantilal Adani S.Y. B.Com,"Ahmedabad, India",https://www.adanienterprises.com,2308.8,2238.85,2664840298496,77.06275,29.96,0.00059999997,3743.9,2025.0
2004-07-01 00:00:00+05:30,2.8625642502633104,2314.95,2213.75,2.8482229709625244,1379552,0.0,0.0,ADANIENT.NS,Adani Enterprises Limited,Thermal Coal,Energy,Mr. Gautambhai Shantilal Adani S.Y. B.Com,"Ahmedabad, India",https://www.adanienterprises.com,2308.8,2238.85,2664840298496,77.06275,29.96,0.00059999997,3743.9,2025.0
2004-07-02 00:00:00+05:30,2.7965924510757705,2314.95,2213.75,2.847074508666992,1379552,0.0,0.0,ADANIENT.NS,Adani Enterprises Limited,Thermal Coal,Energy,Mr. Gautambhai Shantilal Adani S.Y. B.Com,"Ahmedabad, India",https://www.adanienterprises.com,2308.8,2238.85,2664840298496,77.06275,29.96,0.00059999997,3743.9,2025.0
2004-07-05 00:00:00+05:30,2.9141932861684454,2314.95,2213.75,2.8338804244995117,1379552,0.0,0.0,ADANIENT.NS,Adani Enterprises Limited,Thermal Coal,Energy,Mr. Gautambhai Shantilal Adani S.Y. B.Com,"Ahmedabad, India",https://www.adanienterprises.com,2308.8,2238.85,2664840298496,77.06275,29.96,0.00059999997,3743.9,2025.0
2004-07-06 00:00:00+05:30,2.8510913804332505,2314.95,2213.75,2.8998525142669678,1379552,0.0,0.0,ADANIENT.NS,Adani Enterprises Limited,Thermal Coal,Energy,Mr. Gautambhai Shantilal Adani S.Y. B.Com,"Ahmedabad, India",https://www.adanienterprises.com,2308.8,2238.85,2664840298496,77.06275,29.96,0.00059999997,3743.9,2025.0
2004-07-07 00:00:00+05:30,2.9256660613404244,2314.95,2213.75,2.9182090759277344,1379552,0.0,0.0,ADANIENT.NS,Adani Enterprises Limited,Thermal Coal,Energy,Mr. Gautambhai Shantilal Adani S.Y. B.Com,"Ahmedabad, India",https://www.adanienterprises.com,2308.8,2238.85,2664840298496,77.06275,29.96,0.00059999997,3743.9,2025.0
2004-07-08 00:00:00+05:30,2.925666238391669,2314.95,2213.75,2.878626585006714,1379552,0.0,0.0,ADANIENT.NS,Adani Enterprises Limited,Thermal Coal,Energy,Mr. Gautambhai Shantilal Adani S.Y. B.Com,"Ahmedabad, India",https://www.adanienterprises.com,2308.8,2238.85,2664840298496,77.06275,29.96,0.00059999997,3743.9,2025.0
2004-07-09 00:00:00+05:30,2.6503097381313316,2314.95,2213.75,2.9325509071350098,1379552,0.0,0.0,ADANIENT.NS,Adani Enterprises Limited,Thermal Coal,Energy,Mr. Gautambhai Shantilal Adani S.Y. B.Com,"Ahmedabad, India",https://www.adanienterprises.com,2308.8,2238.85,2664840298496,77.06275,29.96,0.00059999997,3743.9,2025.0
2004-07-12 00:00:00+05:30,2.925666093826294,2314.95,2213.75,2.925666093826294,1379552,0.0,0.0,ADANIENT.NS,Adani Enterprises Limited,Thermal Coal,Energy,Mr. Gautambhai Shantilal Adani S.Y. B.Com,"Ahmedabad, India",https://www.adanienterprises.com,2308.8,2238.85,2664840298496,77.06275,29.96,0.00059999997,3743.9,2025.0
2004-07-13 00:00:00+05:30,2.971559968393879,2314.95,2213.75,2.964102268218994,1379552,0.0,0.0,ADANIENT.NS,Adani Enterprises Limited,Thermal Coal,Energy,Mr. Gautambhai Shantilal Adani S.Y. B.Com,"Ahmedabad, India",https://www.adanienterprises.com,2308.8,2238.85,2664840298496,77.06275,29.96,0.00059999997,3743.9,2025.0
2004-07-14 00:00:00+05:30,2.9715596913736286,2314.95,2213.75,2.981311559677124,1379552,0.0,0.0,ADANIENT.NS,Adani Enterprises Limited,Thermal Coal,Energy,Mr. Gautambhai Shantilal Adani S.Y. B.Com,"Ahmedabad, India",https://www.adanienterprises.com,2308.8,2238.85,2664840298496,77.06275,29.96,0.00059999997,3743.9,2025.0
2004-07-15 00:00:00+05:30,3.000241787964727,2314.95,2213.75,3.0231881141662598,1379552,0.0,0.0,ADANIENT.NS,Adani Enterprises Limited,Thermal Coal,Energy,Mr. Gautambhai Shantilal Adani S.Y. B.Com,"Ahmedabad, India",https://www.adanienterprises.com,2308.8,2238.85,2664840298496,77.06275,29.96,0.00059999997,3743.9,2025.0
2004-07-16 00:00:00+05:30,3.0346624749014457,2314.95,2213.75,3.1987290382385254,1379552,0.0,0.0,ADANIENT.NS,Adani Enterprises Limited,Thermal Coal,Energy,Mr. Gautambhai Shantilal Adani S.Y. B.Com,"Ahmedabad, India",https://www.adanienterprises.com,2308.8,2238.85,2664840298496,77.06275,29.96,0.00059999997,3743.9,2025.0
2004-07-19 00:00:00+05:30,3.201023657178234,2314.95,2213.75,3.322065830230713,1379552,0.0,0.0,ADANIENT.NS,Adani Enterprises Limited,Thermal Coal,Energy,Mr. Gautambhai Shantilal Adani S.Y. B.Com,"Ahmedabad, India",https://www.adanienterprises.com,2308.8,2238.85,2664840298496,77.06275,29.96,0.00059999997,3743.9,2025.0
2004-07-20 00:00:00+05:30,3.2985454191669588,2314.95,2213.75,3.344438076019287,1379552,0.0,0.0,ADANIENT.NS,Adani Enterprises Limited,Thermal Coal,Energy,Mr. Gautambhai Shantilal Adani S.Y. B.Com,"Ahmedabad, India",https://www.adanienterprises.com,2308.8,2238.85,2664840298496,77.06275,29.96,0.00059999997,3743.9,2025.0
2004-07-21 00:00:00+05:30,3.3788576085704296,2314.95,2213.75,3.428192138671875,1379552,0.0,0.0,ADANIENT.NS,Adani Enterprises Limited,Thermal Coal,Energy,Mr. Gautambhai Shantilal Adani S.Y. B.Com,"Ahmedabad, India",https://www.adanienterprises.com,2308.8,2238.85,2664840298496,77.06275,29.96,0.00059999997,3743.9,2025.0
2004-07-22 00:00:00+05:30,3.212496520943893,2314.95,2213.75,3.7396903038024902,1379552,0.0,0.0,ADANIENT.NS,Adani Enterprises Limited,Thermal Coal,Energy,Mr. Gautambhai Shantilal Adani S.Y. B.Com,"Ahmedabad, India",https://www.adanienterprises.com,2308.8,2238.85,2664840298496,77.06275,29.96,0.00059999997,3743.9,2025.0
2004-07-23 00:00:00+05:30,3.832048508742657,2314.95,2213.75,4.06839656829834,1379552,0.0,0.0,ADANIENT.NS,Adani Enterprises Limited,Thermal Coal,Energy,Mr. Gautambhai Shantilal Adani S.Y. B.Com,"Ahmedabad, India",https://www.adanienterprises.com,2308.8,2238.85,2664840298496,77.06275,29.96,0.00059999997,3743.9,2025.0
2004-07-26 00:00:00+05:30,4.141826053188406,2314.95,2213.75,4.235332489013672,1379552,0.0,0.0,ADANIENT.NS,Adani Enterprises Limited,Thermal Coal,Energy,Mr. Gautambhai Shantilal Adani S.Y. B.Com,"Ahmedabad, India",https://www.adanienterprises.com,2308.8,2238.85,2664840298496,77.06275,29.96,0.00059999997,3743.9,2025.0
2004-07-27 00:00:00+05:30,4.210663961645375,2314.95,2213.75,4.043728828430176,1379552,0.0,0.0,ADANIENT.NS,Adani Enterprises Limited,Thermal Coal,Energy,Mr. Gautambhai Shantilal Adani S.Y. B.Com,"Ahmedabad, India",https://www.adanienterprises.com,2308.8,2238.85,2664840298496,77.06275,29.96,0.00059999997,3743.9,2025.0
2004-07-28 00:00:00+05:30,4.072986850897617,2314.95,2213.75,3.9318666458129883,1379552,0.0,0.0,ADANIENT.NS,Adani Enterprises Limited,Thermal Coal,Energy,Mr. Gautambhai Shantilal Adani S.Y. B.Com,"Ahmedabad, India",https://www.adanienterprises.com,2308.8,2238.85,2664840298496,77.06275,29.96,0.00059999997,3743.9,2025.0
2004-07-29 00:00:00+05:30,4.015621528985553,2314.95,2213.75,4.004148006439209,1379552,0.0,0.0,ADANIENT.NS,Adani Enterprises Limited,Thermal Coal,Energy,Mr. Gautambhai Shantilal Adani S.Y. B.Com,"Ahmedabad, India",https://www.adanienterprises.com,2308.8,2238.85,2664840298496,77.06275,29.96,0.00059999997,3743.9,2025.0
2004-07-30 00:00:00+05:30,4.044304086095574,2314.95,2213.75,4.004148006439209,1379552,0.0,0.0,ADANIENT.NS,Adani Enterprises Limited,Thermal Coal,Energy,Mr. Gautambhai Shantilal Adani S.Y. B.Com,"Ahmedabad, India",https://www.adanienterprises.com,2308.8,2238.85,2664840298496,77.06275,29.96,0.00059999997,3743.9,2025.0
2004-08-02 00:00:00+05:30,4.072986705455337,2314.95,2213.75,3.9697282314300537,1379552,0.0,0.0,ADANIENT.NS,Adani Enterprises Limited,Thermal Coal,Energy,Mr. Gautambhai Shantilal Adani S.Y. B.Com,"Ahmedabad, India",https://www.adanienterprises.com,2308.8,2238.85,2664840298496,77.06275,29.96,0.00059999997,3743.9,2025.0
2004-08-03 00:00:00+05:30,3.9984108884292766,2314.95,2213.75,3.958254814147949,1379552,0.0,0.0,ADANIENT.NS,Adani Enterprises Limited,Thermal Coal,Energy,Mr. Gautambhai Shantilal Adani S.Y. B.Com,"Ahmedabad, India",https://www.adanienterprises.com,2308.8,2238.85,2664840298496,77.06275,29.96,0.00059999997,3743.9,2025.0
2004-08-04 00:00:00+05:30,3.929572218903901,2314.95,2213.75,3.9238359928131104,1379552,0.0,0.0,ADANIENT.NS,Adani Enterprises Limited,Thermal Coal,Energy,Mr. Gautambhai Shantilal Adani S.Y. B.Com,"Ahmedabad, India",https://www.adanienterprises.com,2308.8,2238.85,2664840298496,77.06275,29.96,0.00059999997,3743.9,2025.0
2004-08-05 00:00:00+05:30,3.900888204574585,2314.95,2213.75,3.900888204574585,1379552,0.0,0.0,ADANIENT.NS,Adani Enterprises Limited,Thermal Coal,Energy,Mr. Gautambhai Shantilal Adani S.Y. B.Com,"Ahmedabad, India",https://www.adanienterprises.com,2308.8,2238.85,2664840298496,77.06275,29.96,0.00059999997,3743.9,2025.0
2004-08-06 00:00:00+05:30,3.9553863988129074,2314.95,2213.75,3.8578641414642334,1379552,0.0,0.0,ADANIENT.NS,Adani Enterprises Limited,Thermal Coal,Energy,Mr. Gautambhai Shantilal Adani S.Y. B.Com,"Ahmedabad, India",https://www.adanienterprises.com,2308.8,2238.85,2664840298496,77.06275,29.96,0.00059999997,3743.9,2025.0
2004-08-09 00:00:00+05:30,3.900888390882704,2314.95,2213.75,3.671424388885498,1379552,0.0,0.0,ADANIENT.NS,Adani Enterprises Limited,Thermal Coal,Energy,Mr. Gautambhai Shantilal Adani S.Y. B.Com,"Ahmedabad, India",https://www.adanienterprises.com,2308.8,2238.85,2664840298496,77.06275,29.96,0.00059999997,3743.9,2025.0
2004-08-10 00:00:00+05:30,3.7804206304622983,2314.95,2213.75,3.659951686859131,1379552,0.0,0.0,ADANIENT.NS,Adani Enterprises Limited,Thermal Coal,Energy,Mr. Gautambhai Shantilal Adani S.Y. B.Com,"Ahmedabad, India",https://www.adanienterprises.com,2308.8,2238.85,2664840298496,77.06275,29.96,0.00059999997,3743.9,2025.0
2004-08-11 00:00:00+05:30,3.585376044067729,2314.95,2213.75,3.602585792541504,1379552,0.0,0.0,ADANIENT.NS,Adani Enterprises Limited,Thermal Coal,Energy,Mr. Gautambhai Shantilal Adani S.Y. B.Com,"Ahmedabad, India",https://www.adanienterprises.com,2308.8,2238.85,2664840298496,77.06275,29.96,0.00059999997,3743.9,2025.0
2004-08-12 00:00:00+05:30,3.571033841865192,2314.95,2213.75,3.6570825576782227,1379552,0.0,0.0,ADANIENT.NS,Adani Enterprises Limited,Thermal Coal,Energy,Mr. Gautambhai Shantilal Adani S.Y. B.Com,"Ahmedabad, India",https://www.adanienterprises.com,2308.8,2238.85,2664840298496,77.06275,29.96,0.00059999997,3743.9,2025.0
2004-08-13 00:00:00+05:30,3.711581084288371,2314.95,2213.75,3.5997166633605957,1379552,0.0,0.0,ADANIENT.NS,Adani Enterprises Limited,Thermal Coal,Energy,Mr. Gautambhai Shantilal Adani S.Y. B.Com,"Ahmedabad, India",https://www.adanienterprises.com,2308.8,2238.85,2664840298496,77.06275,29.96,0.00059999997,3743.9,2025.0
2004-08-16 00:00:00+05:30,3.6570835590912485,2314.95,2213.75,3.5968494415283203,1379552,0.0,0.0,ADANIENT.NS,Adani Enterprises Limited,Thermal Coal,Energy,Mr. Gautambhai Shantilal Adani S.Y. B.Com,"Ahmedabad, India",https://www.adanienterprises.com,2308.8,2238.85,2664840298496,77.06275,29.96,0.00059999997,3743.9,2025.0
2004-08-17 00:00:00+05:30,3.642742133627556,2314.95,2213.75,3.6255316734313965,1379552,0.0,0.0,ADANIENT.NS,Adani Enterprises Limited,Thermal Coal,Energy,Mr. Gautambhai Shantilal Adani S.Y. B.Com,"Ahmedabad, India",https://www.adanienterprises.com,2308.8,2238.85,2664840298496,77.06275,29.96,0.00059999997,3743.9,2025.0
2004-08-18 00:00:00+05:30,3.6140593151209277,2314.95,2213.75,3.602585792541504,1379552,0.0,0.0,ADANIENT.NS,Adani Enterprises Limited,Thermal Coal,Energy,Mr. Gautambhai Shantilal Adani S.Y. B.Com,"Ahmedabad, India",https://www.adanienterprises.com,2308.8,2238.85,2664840298496,77.06275,29.96,0.00059999997,3743.9,2025.0
2004-08-19 00:00:00+05:30,3.6025860222957062,2314.95,2213.75,3.5939815044403076,1379552,0.0,0.0,ADANIENT.NS,Adani Enterprises Limited,Thermal Coal,Energy,Mr. Gautambhai Shantilal Adani S.Y. B.Com,"Ahmedabad, India",https://www.adanienterprises.com,2308.8,2238.85,2664840298496,77.06275,29.96,0.00059999997,3743.9,2025.0
2004-08-20 00:00:00+05:30,3.528010537539658,2314.95,2213.75,3.5710349082946777,1379552,0.0,0.0,ADANIENT.NS,Adani Enterprises Limited,Thermal Coal,Energy,Mr. Gautambhai Shantilal Adani S.Y. B.Com,"Ahmedabad, India",https://www.adanienterprises.com,2308.8,2238.85,2664840298496,77.06275,29.96,0.00059999997,3743.9,2025.0
2004-08-23 00:00:00+05:30,3.7287906361752,2314.95,2213.75,3.5480875968933105,1379552,0.0,0.0,ADANIENT.NS,Adani Enterprises Limited,Thermal Coal,Energy,Mr. Gautambhai Shantilal Adani S.Y. B.Com,"Ahmedabad, India",https://www.adanienterprises.com,2308.8,2238.85,2664840298496,77.06275,29.96,0.00059999997,3743.9,2025.0
2004-08-24 00:00:00+05:30,3.608321709974271,2314.95,2213.75,3.5509562492370605,1379552,0.0,0.0,ADANIENT.NS,Adani Enterprises Limited,Thermal Coal,Energy,Mr. Gautambhai Shantilal Adani S.Y. B.Com,"Ahmedabad, India",https://www.adanienterprises.com,2308.8,2238.85,2664840298496,77.06275,29.96,0.00059999997,3743.9,2025.0
2004-08-25 00:00:00+05:30,3.4735116770907544,2314.95,2213.75,3.5480875968933105,1379552,0.0,0.0,ADANIENT.NS,Adani Enterprises Limited,Thermal Coal,Energy,Mr. Gautambhai Shantilal Adani S.Y. B.Com,"Ahmedabad, India",https://www.adanienterprises.com,2308.8,2238.85,2664840298496,77.06275,29.96,0.00059999997,3743.9,2025.0
2004-08-26 00:00:00+05:30,3.542350407086581,2314.95,2213.75,3.5394821166992188,1379552,0.0,0.0,ADANIENT.NS,Adani Enterprises Limited,Thermal Coal,Energy,Mr. Gautambhai Shantilal Adani S.Y. B.Com,"Ahmedabad, India",https://www.adanienterprises.com,2308.8,2238.85,2664840298496,77.06275,29.96,0.00059999997,3743.9,2025.0
2004-08-27 00:00:00+05:30,3.571035234523113,2314.95,2213.75,3.5423519611358643,1379552,0.0,0.0,ADANIENT.NS,Adani Enterprises Limited,Thermal Coal,Energy,Mr. Gautambhai Shantilal Adani S.Y. B.Com,"Ahmedabad, India",https://www.adanienterprises.com,2308.8,2238.85,2664840298496,77.06275,29.96,0.00059999997,3743.9,2025.0
2004-08-30 00:00:00+05:30,3.659951298132058,2314.95,2213.75,3.5480875968933105,1379552,0.0,0.0,ADANIENT.NS,Adani Enterprises Limited,Thermal Coal,Energy,Mr. Gautambhai Shantilal Adani S.Y. B.Com,"Ahmedabad, India",https://www.adanienterprises.com,2308.8,2238.85,2664840298496,77.06275,29.96,0.00059999997,3743.9,2025.0
2004-08-31 00:00:00+05:30,3.6714236533835973,2314.95,2213.75,3.6570825576782227,1379552,0.0,0.0,ADANIENT.NS,Adani Enterprises Limited,Thermal Coal,Energy,Mr. Gautambhai Shantilal Adani S.Y. B.Com,"Ahmedabad, India",https://www.adanienterprises.com,2308.8,2238.85,2664840298496,77.06275,29.96,0.00059999997,3743.9,2025.0
2004-09-01 00:00:00+05:30,3.723054589621139,2314.95,2213.75,3.562429904937744,1379552,0.0,0.0,ADANIENT.NS,Adani Enterprises Limited,Thermal Coal,Energy,Mr. Gautambhai Shantilal Adani S.Y. B.Com,"Ahmedabad, India",https://www.adanienterprises.com,2308.8,2238.85,2664840298496,77.06275,29.96,0.00059999997,3743.9,2025.0
2004-09-02 00:00:00+05:30,3.6025854715650643,2314.95,2213.75,3.536614418029785,1379552,0.0,0.0,ADANIENT.NS,Adani Enterprises Limited,Thermal Coal,Energy,Mr. Gautambhai Shantilal Adani S.Y. B.Com,"Ahmedabad, India",https://www.adanienterprises.com,2308.8,2238.85,2664840298496,77.06275,29.96,0.00059999997,3743.9,2025.0
2004-09-03 00:00:00+05:30,3.5710346372290154,2314.95,2213.75,3.545219659805298,1379552,0.0,0.0,ADANIENT.NS,Adani Enterprises Limited,Thermal Coal,Energy,Mr. Gautambhai Shantilal Adani S.Y. B.Com,"Ahmedabad, India",https://www.adanienterprises.com,2308.8,2238.85,2664840298496,77.06275,29.96,0.00059999997,3743.9,2025.0
2004-09-06 00:00:00+05:30,3.576770505700486,2314.95,2213.75,3.545219659805298,1379552,0.0,0.0,ADANIENT.NS,Adani Enterprises Limited,Thermal Coal,Energy,Mr. Gautambhai Shantilal Adani S.Y. B.Com,"Ahmedabad, India",https://www.adanienterprises.com,2308.8,2238.85,2664840298496,77.06275,29.96,0.00059999997,3743.9,2025.0
2004-09-07 00:00:00+05:30,3.553823555212597,2314.95,2213.75,3.5280096530914307,1379552,0.0,0.0,ADANIENT.NS,Adani Enterprises Limited,Thermal Coal,Energy,Mr. Gautambhai Shantilal Adani S.Y. B.Com,"Ahmedabad, India",https://www.adanienterprises.com,2308.8,2238.85,2664840298496,77.06275,29.96,0.00059999997,3743.9,2025.0
2004-09-08 00:00:00+05:30,3.55669211714345,2314.95,2213.75,3.5509562492370605,1379552,0.0,0.0,ADANIENT.NS,Adani Enterprises Limited,Thermal Coal,Energy,Mr. Gautambhai Shantilal Adani S.Y. B.Com,"Ahmedabad, India",https://www.adanienterprises.com,2308.8,2238.85,2664840298496,77.06275,29.96,0.00059999997,3743.9,2025.0
2004-09-09 00:00:00+05:30,3.5509564539535985,2314.95,2213.75,3.525141477584839,1379552,0.0,0.0,ADANIENT.NS,Adani Enterprises Limited,Thermal Coal,Energy,Mr. Gautambhai Shantilal Adani S.Y. B.Com,"Ahmedabad, India",https://www.adanienterprises.com,2308.8,2238.85,2664840298496,77.06275,29.96,0.00059999997,3743.9,2025.0
2004-09-10 00:00:00+05:30,3.5538238217225504,2314.95,2213.75,3.5480875968933105,1379552,0.0,0.0,ADANIENT.NS,Adani Enterprises Limited,Thermal Coal,Energy,Mr. Gautambhai Shantilal Adani S.Y. B.Com,"Ahmedabad, India",https://www.adanienterprises.com,2308.8,2238.85,2664840298496,77.06275,29.96,0.00059999997,3743.9,2025.0
2004-09-13 00:00:00+05:30,3.6140595990752464,2314.95,2213.75,3.5337467193603516,1379552,0.0,0.0,ADANIENT.NS,Adani Enterprises Limited,Thermal Coal,Energy,Mr. Gautambhai Shantilal Adani S.Y. B.Com,"Ahmedabad, India",https://www.adanienterprises.com,2308.8,2238.85,2664840298496,77.06275,29.96,0.00059999997,3743.9,2025.0
2004-09-14 00:00:00+05:30,3.5538230607348287,2314.95,2213.75,3.5194039344787598,1379552,0.0,0.0,ADANIENT.NS,Adani Enterprises Limited,Thermal Coal,Energy,Mr. Gautambhai Shantilal Adani S.Y. B.Com,"Ahmedabad, India",https://www.adanienterprises.com,2308.8,2238.85,2664840298496,77.06275,29.96,0.00059999997,3743.9,2025.0
2004-09-15 00:00:00+05:30,3.5280101906119317,2314.95,2213.75,3.482117176055908,1379552,0.0,0.0,ADANIENT.NS,Adani Enterprises Limited,Thermal Coal,Energy,Mr. Gautambhai Shantilal Adani S.Y. B.Com,"Ahmedabad, India",https://www.adanienterprises.com,2308.8,2238.85,2664840298496,77.06275,29.96,0.00059999997,3743.9,2025.0
2004-09-16 00:00:00+05:30,3.4706435499619723,2314.95,2213.75,3.4935898780822754,1379552,0.0,0.0,ADANIENT.NS,Adani Enterprises Limited,Thermal Coal,Energy,Mr. Gautambhai Shantilal Adani S.Y. B.Com,"Ahmedabad, India",https://www.adanienterprises.com,2308.8,2238.85,2664840298496,77.06275,29.96,0.00059999997,3743.9,2025.0
2004-09-17 00:00:00+05:30,3.52514094676211,2314.95,2213.75,3.4878528118133545,1379552,0.0,0.0,ADANIENT.NS,Adani Enterprises Limited,Thermal Coal,Energy,Mr. Gautambhai Shantilal Adani S.Y. B.Com,"Ahmedabad, India",https://www.adanienterprises.com,2308.8,2238.85,2664840298496,77.06275,29.96,0.00059999997,3743.9,2025.0
2004-09-20 00:00:00+05:30,3.614058923660348,2314.95,2213.75,3.482117176055908,1379552,0.0,0.0,ADANIENT.NS,Adani Enterprises Limited,Thermal Coal,Energy,Mr. Gautambhai Shantilal Adani S.Y. B.Com,"Ahmedabad, India",https://www.adanienterprises.com,2308.8,2238.85,2664840298496,77.06275,29.96,0.00059999997,3743.9,2025.0
2004-09-21 00:00:00+05:30,3.6111896757102295,2314.95,2213.75,3.4247500896453857,1379552,0.0,0.0,ADANIENT.NS,Adani Enterprises Limited,Thermal Coal,Energy,Mr. Gautambhai Shantilal Adani S.Y. B.Com,"Ahmedabad, India",https://www.adanienterprises.com,2308.8,2238.85,2664840298496,77.06275,29.96,0.00059999997,3743.9,2025.0
2004-09-22 00:00:00+05:30,3.4993276596069336,2314.95,2213.75,3.4993276596069336,1379552,0.0,0.0,ADANIENT.NS,Adani Enterprises Limited,Thermal Coal,Energy,Mr. Gautambhai Shantilal Adani S.Y. B.Com,"Ahmedabad, India",https://www.adanienterprises.com,2308.8,2238.85,2664840298496,77.06275,29.96,0.00059999997,3743.9,2025.0
2004-09-23 00:00:00+05:30,3.53374605160694,2314.95,2213.75,3.4763805866241455,1379552,0.0,0.0,ADANIENT.NS,Adani Enterprises Limited,Thermal Coal,Energy,Mr. Gautambhai Shantilal Adani S.Y. B.Com,"Ahmedabad, India",https://www.adanienterprises.com,2308.8,2238.85,2664840298496,77.06275,29.96,0.00059999997,3743.9,2025.0
2004-09-24 00:00:00+05:30,3.5423518717489335,2314.95,2213.75,3.462038993835449,1379552,0.0,0.0,ADANIENT.NS,Adani Enterprises Limited,Thermal Coal,Energy,Mr. Gautambhai Shantilal Adani S.Y. B.Com,"Ahmedabad, India",https://www.adanienterprises.com,2308.8,2238.85,2664840298496,77.06275,29.96,0.00059999997,3743.9,2025.0
2004-09-27 00:00:00+05:30,3.4964580405939456,2314.95,2213.75,3.4878528118133545,1379552,0.0,0.0,ADANIENT.NS,Adani Enterprises Limited,Thermal Coal,Energy,Mr. Gautambhai Shantilal Adani S.Y. B.Com,"Ahmedabad, India",https://www.adanienterprises.com,2308.8,2238.85,2664840298496,77.06275,29.96,0.00059999997,3743.9,2025.0
2004-09-28 00:00:00+05:30,3.510799740345334,2314.95,2213.75,3.4907217025756836,1379552,0.0,0.0,ADANIENT.NS,Adani Enterprises Limited,Thermal Coal,Energy,Mr. Gautambhai Shantilal Adani S.Y. B.Com,"Ahmedabad, India",https://www.adanienterprises.com,2308.8,2238.85,2664840298496,77.06275,29.96,0.00059999997,3743.9,2025.0
2004-09-29 00:00:00+05:30,3.525141542580116,2314.95,2213.75,3.482117176055908,1379552,0.0,0.0,ADANIENT.NS,Adani Enterprises Limited,Thermal Coal,Energy,Mr. Gautambhai Shantilal Adani S.Y. B.Com,"Ahmedabad, India",https://www.adanienterprises.com,2308.8,2238.85,2664840298496,77.06275,29.96,0.00059999997,3743.9,2025.0
2004-09-30 00:00:00+05:30,3.4878534301011035,2314.95,2213.75,3.505063533782959,1379552,0.0,0.0,ADANIENT.NS,Adani Enterprises Limited,Thermal Coal,Energy,Mr. Gautambhai Shantilal Adani S.Y. B.Com,"Ahmedabad, India",https://www.adanienterprises.com,2308.8,2238.85,2664840298496,77.06275,29.96,0.00059999997,3743.9,2025.0
2004-10-01 00:00:00+05:30,3.5566931367898995,2314.95,2213.75,3.4993276596069336,1379552,0.0,0.0,ADANIENT.NS,Adani Enterprises Limited,Thermal Coal,Energy,Mr. Gautambhai Shantilal Adani S.Y. B.Com,"Ahmedabad, India",https://www.adanienterprises.com,2308.8,2238.85,2664840298496,77.06275,29.96,0.00059999997,3743.9,2025.0
2004-10-04 00:00:00+05:30,3.5394830272862605,2314.95,2213.75,3.505063533782959,1379552,0.0,0.0,ADANIENT.NS,Adani Enterprises Limited,Thermal Coal,Energy,Mr. Gautambhai Shantilal Adani S.Y. B.Com,"Ahmedabad, India",https://www.adanienterprises.com,2308.8,2238.85,2664840298496,77.06275,29.96,0.00059999997,3743.9,2025.0
2004-10-05 00:00:00+05:30,3.556692544443583,2314.95,2213.75,3.5107998847961426,1379552,0.0,0.0,ADANIENT.NS,Adani Enterprises Limited,Thermal Coal,Energy,Mr. Gautambhai Shantilal Adani S.Y. B.Com,"Ahmedabad, India",https://www.adanienterprises.com,2308.8,2238.85,2664840298496,77.06275,29.96,0.00059999997,3743.9,2025.0
2004-10-06 00:00:00+05:30,3.519405098558452,2314.95,2213.75,3.4964587688446045,1379552,0.0,0.0,ADANIENT.NS,Adani Enterprises Limited,Thermal Coal,Energy,Mr. Gautambhai Shantilal Adani S.Y. B.Com,"Ahmedabad, India",https://www.adanienterprises.com,2308.8,2238.85,2664840298496,77.06275,29.96,0.00059999997,3743.9,2025.0
2004-10-07 00:00:00+05:30,3.499327083756194,2314.95,2213.75,3.5165364742279053,1379552,0.0,0.0,ADANIENT.NS,Adani Enterprises Limited,Thermal Coal,Energy,Mr. Gautambhai Shantilal Adani S.Y. B.Com,"Ahmedabad, India",https://www.adanienterprises.com,2308.8,2238.85,2664840298496,77.06275,29.96,0.00059999997,3743.9,2025.0
2004-10-08 00:00:00+05:30,3.528010346024368,2314.95,2213.75,3.5107998847961426,1379552,0.0,0.0,ADANIENT.NS,Adani Enterprises Limited,Thermal Coal,Energy,Mr. Gautambhai Shantilal Adani S.Y. B.Com,"Ahmedabad, India",https://www.adanienterprises.com,2308.8,2238.85,2664840298496,77.06275,29.96,0.00059999997,3743.9,2025.0
2004-10-11 00:00:00+05:30,3.579638749061986,2314.95,2213.75,3.5079314708709717,1379552,0.0,0.0,ADANIENT.NS,Adani Enterprises Limited,Thermal Coal,Energy,Mr. Gautambhai Shantilal Adani S.Y. B.Com,"Ahmedabad, India",https://www.adanienterprises.com,2308.8,2238.85,2664840298496,77.06275,29.96,0.00059999997,3743.9,2025.0
2004-10-12 00:00:00+05:30,3.5566924200408616,2314.95,2213.75,3.5079314708709717,1379552,0.0,0.0,ADANIENT.NS,Adani Enterprises Limited,Thermal Coal,Energy,Mr. Gautambhai Shantilal Adani S.Y. B.Com,"Ahmedabad, India",https://www.adanienterprises.com,2308.8,2238.85,2664840298496,77.06275,29.96,0.00059999997,3743.9,2025.0
2004-10-14 00:00:00+05:30,3.4735121057230813,2314.95,2213.75,3.5165364742279053,1379552,0.0,0.0,ADANIENT.NS,Adani Enterprises Limited,Thermal Coal,Energy,Mr. Gautambhai Shantilal Adani S.Y. B.Com,"Ahmedabad, India",https://www.adanienterprises.com,2308.8,2238.85,2664840298496,77.06275,29.96,0.00059999997,3743.9,2025.0
2004-10-15 00:00:00+05:30,3.4448297602690765,2314.95,2213.75,3.4993276596069336,1379552,0.0,0.0,ADANIENT.NS,Adani Enterprises Limited,Thermal Coal,Energy,Mr. Gautambhai Shantilal Adani S.Y. B.Com,"Ahmedabad, India",https://www.adanienterprises.com,2308.8,2238.85,2664840298496,77.06275,29.96,0.00059999997,3743.9,2025.0
2004-10-18 00:00:00+05:30,3.4419603967763304,2314.95,2213.75,3.4907217025756836,1379552,0.0,0.0,ADANIENT.NS,Adani Enterprises Limited,Thermal Coal,Energy,Mr. Gautambhai Shantilal Adani S.Y. B.Com,"Ahmedabad, India",https://www.adanienterprises.com,2308.8,2238.85,2664840298496,77.06275,29.96,0.00059999997,3743.9,2025.0
2004-10-19 00:00:00+05:30,3.467775258946934,2314.95,2213.75,3.4935898780822754,1379552,0.0,0.0,ADANIENT.NS,Adani Enterprises Limited,Thermal Coal,Energy,Mr. Gautambhai Shantilal Adani S.Y. B.Com,"Ahmedabad, India",https://www.adanienterprises.com,2308.8,2238.85,2664840298496,77.06275,29.96,0.00059999997,3743.9,2025.0
2004-10-20 00:00:00+05:30,3.507931333157465,2314.95,2213.75,3.4935898780822754,1379552,0.0,0.0,ADANIENT.NS,Adani Enterprises Limited,Thermal Coal,Energy,Mr. Gautambhai Shantilal Adani S.Y. B.Com,"Ahmedabad, India",https://www.adanienterprises.com,2308.8,2238.85,2664840298496,77.06275,29.96,0.00059999997,3743.9,2025.0
2004-10-21 00:00:00+05:30,3.4735119458208645,2314.95,2213.75,3.482117176055908,1379552,0.0,0.0,ADANIENT.NS,Adani Enterprises Limited,Thermal Coal,Energy,Mr. Gautambhai Shantilal Adani S.Y. B.Com,"Ahmedabad, India",https://www.adanienterprises.com,2308.8,2238.85,2664840298496,77.06275,29.96,0.00059999997,3743.9,2025.0
2004-10-22 00:00:00+05:30,3.4821171760559078,2314.95,2213.75,3.482117176055908,1379552,0.0,0.0,ADANIENT.NS,Adani Enterprises Limited,Thermal Coal,Energy,Mr. Gautambhai Shantilal Adani S.Y. B.Com,"Ahmedabad, India",https://www.adanienterprises.com,2308.8,2238.85,2664840298496,77.06275,29.96,0.00059999997,3743.9,2025.0
2004-10-25 00:00:00+05:30,3.4993278349628345,2314.95,2213.75,3.436225414276123,1379552,0.0,0.0,ADANIENT.NS,Adani Enterprises Limited,Thermal Coal,Energy,Mr. Gautambhai Shantilal Adani S.Y. B.Com,"Ahmedabad, India",https://www.adanienterprises.com,2308.8,2238.85,2664840298496,77.06275,29.96,0.00059999997,3743.9,2025.0
2004-10-26 00:00:00+05:30,3.453432689127539,2314.95,2213.75,3.459169626235962,1379552,0.0,0.0,ADANIENT.NS,Adani Enterprises Limited,Thermal Coal,Energy,Mr. Gautambhai Shantilal Adani S.Y. B.Com,"Ahmedabad, India",https://www.adanienterprises.com,2308.8,2238.85,2664840298496,77.06275,29.96,0.00059999997,3743.9,2025.0
2004-10-27 00:00:00+05:30,3.493589993685634,2314.95,2213.75,3.4907217025756836,1379552,0.0,0.0,ADANIENT.NS,Adani Enterprises Limited,Thermal Coal,Energy,Mr. Gautambhai Shantilal Adani S.Y. B.Com,"Ahmedabad, India",https://www.adanienterprises.com,2308.8,2238.85,2664840298496,77.06275,29.96,0.00059999997,3743.9,2025.0
2004-10-28 00:00:00+05:30,3.528010084123112,2314.95,2213.75,3.4935898780822754,1379552,0.0,0.0,ADANIENT.NS,Adani Enterprises Limited,Thermal Coal,Energy,Mr. Gautambhai Shantilal Adani S.Y. B.Com,"Ahmedabad, India",https://www.adanienterprises.com,2308.8,2238.85,2664840298496,77.06275,29.96,0.00059999997,3743.9,2025.0
2004-10-29 00:00:00+05:30,3.413277475756771,2314.95,2213.75,3.482117176055908,1379552,0.0,0.0,ADANIENT.NS,Adani Enterprises Limited,Thermal Coal,Energy,Mr. Gautambhai Shantilal Adani S.Y. B.Com,"Ahmedabad, India",https://www.adanienterprises.com,2308.8,2238.85,2664840298496,77.06275,29.96,0.00059999997,3743.9,2025.0
2004-11-01 00:00:00+05:30,3.5566928308575276,2314.95,2213.75,3.4448294639587402,1379552,0.0,0.0,ADANIENT.NS,Adani Enterprises Limited,Thermal Coal,Energy,Mr. Gautambhai Shantilal Adani S.Y. B.Com,"Ahmedabad, India",https://www.adanienterprises.com,2308.8,2238.85,2664840298496,77.06275,29.96,0.00059999997,3743.9,2025.0
2004-11-02 00:00:00+05:30,3.4649067256559305,2314.95,2213.75,3.4907217025756836,1379552,0.0,0.0,ADANIENT.NS,Adani Enterprises Limited,Thermal Coal,Energy,Mr. Gautambhai Shantilal Adani S.Y. B.Com,"Ahmedabad, India",https://www.adanienterprises.com,2308.8,2238.85,2664840298496,77.06275,29.96,0.00059999997,3743.9,2025.0
2004-11-03 00:00:00+05:30,3.5394836595659314,2314.95,2213.75,3.5337467193603516,1379552,0.0,0.0,ADANIENT.NS,Adani Enterprises Limited,Thermal Coal,Energy,Mr. Gautambhai Shantilal Adani S.Y. B.Com,"Ahmedabad, India",https://www.adanienterprises.com,2308.8,2238.85,2664840298496,77.06275,29.96,0.00059999997,3743.9,2025.0
2004-11-04 00:00:00+05:30,3.556693018782671,2314.95,2213.75,3.5021958351135254,1379552,0.0,0.0,ADANIENT.NS,Adani Enterprises Limited,Thermal Coal,Energy,Mr. Gautambhai Shantilal Adani S.Y. B.Com,"Ahmedabad, India",https://www.adanienterprises.com,2308.8,2238.85,2664840298496,77.06275,29.96,0.00059999997,3743.9,2025.0
2004-11-05 00:00:00+05:30,3.5423512891897992,2314.95,2213.75,3.482117176055908,1379552,0.0,0.0,ADANIENT.NS,Adani Enterprises Limited,Thermal Coal,Energy,Mr. Gautambhai Shantilal Adani S.Y. B.Com,"Ahmedabad, India",https://www.adanienterprises.com,2308.8,2238.85,2664840298496,77.06275,29.96,0.00059999997,3743.9,2025.0
2004-11-08 00:00:00+05:30,3.5136679151875407,2314.95,2213.75,3.4935898780822754,1379552,0.0,0.0,ADANIENT.NS,Adani Enterprises Limited,Thermal Coal,Energy,Mr. Gautambhai Shantilal Adani S.Y. B.Com,"Ahmedabad, India",https://www.adanienterprises.com,2308.8,2238.85,2664840298496,77.06275,29.96,0.00059999997,3743.9,2025.0
2004-11-09 00:00:00+05:30,3.548088237755627,2314.95,2213.75,3.484985113143921,1379552,0.0,0.0,ADANIENT.NS,Adani Enterprises Limited,Thermal Coal,Energy,Mr. Gautambhai Shantilal Adani S.Y. B.Com,"Ahmedabad, India",https://www.adanienterprises.com,2308.8,2238.85,2664840298496,77.06275,29.96,0.00059999997,3743.9,2025.0
2004-11-10 00:00:00+05:30,3.525141552825287,2314.95,2213.75,3.4907217025756836,1379552,0.0,0.0,ADANIENT.NS,Adani Enterprises Limited,Thermal Coal,Energy,Mr. Gautambhai Shantilal Adani S.Y. B.Com,"Ahmedabad, India",https://www.adanienterprises.com,2308.8,2238.85,2664840298496,77.06275,29.96,0.00059999997,3743.9,2025.0
2004-11-11 00:00:00+05:30,3.5050631409464126,2314.95,2213.75,3.479248523712158,1379552,0.0,0.0,ADANIENT.NS,Adani Enterprises Limited,Thermal Coal,Energy,Mr. Gautambhai Shantilal Adani S.Y. B.Com,"Ahmedabad, India",https://www.adanienterprises.com,2308.8,2238.85,2664840298496,77.06275,29.96,0.00059999997,3743.9,2025.0
2004-11-12 00:00:00+05:30,3.522273063659668,2314.95,2213.75,3.522273063659668,1379552,0.0,0.0,ADANIENT.NS,Adani Enterprises Limited,Thermal Coal,Energy,Mr. Gautambhai Shantilal Adani S.Y. B.Com,"Ahmedabad, India",https://www.adanienterprises.com,2308.8,2238.85,2664840298496,77.06275,29.96,0.00059999997,3743.9,2025.0
2004-11-15 00:00:00+05:30,3.522273063659668,2314.95,2213.75,3.522273063659668,1379552,0.0,0.0,ADANIENT.NS,Adani Enterprises Limited,Thermal Coal,Energy,Mr. Gautambhai Shantilal Adani S.Y. B.Com,"Ahmedabad, India",https://www.adanienterprises.com,2308.8,2238.85,2664840298496,77.06275,29.96,0.00059999997,3743.9,2025.0
2004-11-16 00:00:00+05:30,3.5911119878790303,2314.95,2213.75,3.4878528118133545,1379552,0.0,0.0,ADANIENT.NS,Adani Enterprises Limited,Thermal Coal,Energy,Mr. Gautambhai Shantilal Adani S.Y. B.Com,"Ahmedabad, India",https://www.adanienterprises.com,2308.8,2238.85,2664840298496,77.06275,29.96,0.00059999997,3743.9,2025.0
2004-11-17 00:00:00+05:30,3.5107997228417416,2314.95,2213.75,3.4763805866241455,1379552,0.0,0.0,ADANIENT.NS,Adani Enterprises Limited,Thermal Coal,Energy,Mr. Gautambhai Shantilal Adani S.Y. B.Com,"Ahmedabad, India",https://www.adanienterprises.com,2308.8,2238.85,2664840298496,77.06275,29.96,0.00059999997,3743.9,2025.0
2004-11-18 00:00:00+05:30,3.4935902006524153,2314.95,2213.75,3.464906930923462,1379552,0.0,0.0,ADANIENT.NS,Adani Enterprises Limited,Thermal Coal,Energy,Mr. Gautambhai Shantilal Adani S.Y. B.Com,"Ahmedabad, India",https://www.adanienterprises.com,2308.8,2238.85,2664840298496,77.06275,29.96,0.00059999997,3743.9,2025.0
2004-11-19 00:00:00+05:30,3.487853039193412,2314.95,2213.75,3.479248523712158,1379552,0.0,0.0,ADANIENT.NS,Adani Enterprises Limited,Thermal Coal,Energy,Mr. Gautambhai Shantilal Adani S.Y. B.Com,"Ahmedabad, India",https://www.adanienterprises.com,2308.8,2238.85,2664840298496,77.06275,29.96,0.00059999997,3743.9,2025.0
2004-11-22 00:00:00+05:30,3.4476972218416693,2314.95,2213.75,3.4935898780822754,1379552,0.0,0.0,ADANIENT.NS,Adani Enterprises Limited,Thermal Coal,Energy,Mr. Gautambhai Shantilal Adani S.Y. B.Com,"Ahmedabad, India",https://www.adanienterprises.com,2308.8,2238.85,2664840298496,77.06275,29.96,0.00059999997,3743.9,2025.0
2004-11-23 00:00:00+05:30,3.553824096666053,2314.95,2213.75,3.482117176055908,1379552,0.0,0.0,ADANIENT.NS,Adani Enterprises Limited,Thermal Coal,Energy,Mr. Gautambhai Shantilal Adani S.Y. B.Com,"Ahmedabad, India",https://www.adanienterprises.com,2308.8,2238.85,2664840298496,77.06275,29.96,0.00059999997,3743.9,2025.0
2004-11-24 00:00:00+05:30,3.533746058954756,2314.95,2213.75,3.482117176055908,1379552,0.0,0.0,ADANIENT.NS,Adani Enterprises Limited,Thermal Coal,Energy,Mr. Gautambhai Shantilal Adani S.Y. B.Com,"Ahmedabad, India",https://www.adanienterprises.com,2308.8,2238.85,2664840298496,77.06275,29.96,0.00059999997,3743.9,2025.0
2004-11-25 00:00:00+05:30,3.5825079381731006,2314.95,2213.75,3.447697877883911,1379552,0.0,0.0,ADANIENT.NS,Adani Enterprises Limited,Thermal Coal,Energy,Mr. Gautambhai Shantilal Adani S.Y. B.Com,"Ahmedabad, India",https://www.adanienterprises.com,2308.8,2238.85,2664840298496,77.06275,29.96,0.00059999997,3743.9,2025.0
2004-11-26 00:00:00+05:30,3.447697877883911,2314.95,2213.75,3.447697877883911,1379552,0.0,0.0,ADANIENT.NS,Adani Enterprises Limited,Thermal Coal,Energy,Mr. Gautambhai Shantilal Adani S.Y. B.Com,"Ahmedabad, India",https://www.adanienterprises.com,2308.8,2238.85,2664840298496,77.06275,29.96,0.00059999997,3743.9,2025.0
2004-11-29 00:00:00+05:30,3.525142122309013,2314.95,2213.75,3.462038993835449,1379552,0.0,0.0,ADANIENT.NS,Adani Enterprises Limited,Thermal Coal,Energy,Mr. Gautambhai Shantilal Adani S.Y. B.Com,"Ahmedabad, India",https://www.adanienterprises.com,2308.8,2238.85,2664840298496,77.06275,29.96,0.00059999997,3743.9,2025.0
2004-11-30 00:00:00+05:30,3.528010554901384,2314.95,2213.75,3.484985113143921,1379552,0.0,0.0,ADANIENT.NS,Adani Enterprises Limited,Thermal Coal,Energy,Mr. Gautambhai Shantilal Adani S.Y. B.Com,"Ahmedabad, India",https://www.adanienterprises.com,2308.8,2238.85,2664840298496,77.06275,29.96,0.00059999997,3743.9,2025.0
2004-12-01 00:00:00+05:30,3.522273615175579,2314.95,2213.75,3.484985113143921,1379552,0.0,0.0,ADANIENT.NS,Adani Enterprises Limited,Thermal Coal,Energy,Mr. Gautambhai Shantilal Adani S.Y. B.Com,"Ahmedabad, India",https://www.adanienterprises.com,2308.8,2238.85,2664840298496,77.06275,29.96,0.00059999997,3743.9,2025.0
2004-12-02 00:00:00+05:30,3.522273498410842,2314.95,2213.75,4.084460735321045,1379552,0.0,0.0,ADANIENT.NS,Adani Enterprises Limited,Thermal Coal,Energy,Mr. Gautambhai Shantilal Adani S.Y. B.Com,"Ahmedabad, India",https://www.adanienterprises.com,2308.8,2238.85,2664840298496,77.06275,29.96,0.00059999997,3743.9,2025.0
2004-12-03 00:00:00+05:30,4.302451502827304,2314.95,2213.75,4.732697010040283,1379552,0.0,0.0,ADANIENT.NS,Adani Enterprises Limited,Thermal Coal,Energy,Mr. Gautambhai Shantilal Adani S.Y. B.Com,"Ahmedabad, India",https://www.adanienterprises.com,2308.8,2238.85,2664840298496,77.06275,29.96,0.00059999997,3743.9,2025.0
2004-12-06 00:00:00+05:30,4.807271520160245,2314.95,2213.75,4.465943813323975,1379552,0.0,0.0,ADANIENT.NS,Adani Enterprises Limited,Thermal Coal,Energy,Mr. Gautambhai Shantilal Adani S.Y. B.Com,"Ahmedabad, India",https://www.adanienterprises.com,2308.8,2238.85,2664840298496,77.06275,29.96,0.00059999997,3743.9,2025.0
2004-12-07 00:00:00+05:30,4.5118381080255405,2314.95,2213.75,4.302452087402344,1379552,0.0,0.0,ADANIENT.NS,Adani Enterprises Limited,Thermal Coal,Energy,Mr. Gautambhai Shantilal Adani S.Y. B.Com,"Ahmedabad, India",https://www.adanienterprises.com,2308.8,2238.85,2664840298496,77.06275,29.96,0.00059999997,3743.9,2025.0
2004-12-08 00:00:00+05:30,4.273768302593034,2314.95,2213.75,4.37702751159668,1379552,0.0,0.0,ADANIENT.NS,Adani Enterprises Limited,Thermal Coal,Energy,Mr. Gautambhai Shantilal Adani S.Y. B.Com,"Ahmedabad, India",https://www.adanienterprises.com,2308.8,2238.85,2664840298496,77.06275,29.96,0.00059999997,3743.9,2025.0
2004-12-09 00:00:00+05:30,4.474549126670039,2314.95,2213.75,4.247953414916992,1379552,0.0,0.0,ADANIENT.NS,Adani Enterprises Limited,Thermal Coal,Energy,Mr. Gautambhai Shantilal Adani S.Y. B.Com,"Ahmedabad, India",https://www.adanienterprises.com,2308.8,2238.85,2664840298496,77.06275,29.96,0.00059999997,3743.9,2025.0
2004-12-10 00:00:00+05:30,4.285241404930165,2314.95,2213.75,4.219270706176758,1379552,0.0,0.0,ADANIENT.NS,Adani Enterprises Limited,Thermal Coal,Energy,Mr. Gautambhai Shantilal Adani S.Y. B.Com,"Ahmedabad, India",https://www.adanienterprises.com,2308.8,2238.85,2664840298496,77.06275,29.96,0.00059999997,3743.9,2025.0
2004-12-13 00:00:00+05:30,4.273766435226976,2314.95,2213.75,4.374156951904297,1379552,0.0,0.0,ADANIENT.NS,Adani Enterprises Limited,Thermal Coal,Energy,Mr. Gautambhai Shantilal Adani S.Y. B.Com,"Ahmedabad, India",https://www.adanienterprises.com,2308.8,2238.85,2664840298496,77.06275,29.96,0.00059999997,3743.9,2025.0
2004-12-14 00:00:00+05:30,4.434392099210078,2314.95,2213.75,4.356947898864746,1379552,0.0,0.0,ADANIENT.NS,Adani Enterprises Limited,Thermal Coal,Energy,Mr. Gautambhai Shantilal Adani S.Y. B.Com,"Ahmedabad, India",https://www.adanienterprises.com,2308.8,2238.85,2664840298496,77.06275,29.96,0.00059999997,3743.9,2025.0
2004-12-15 00:00:00+05:30,4.417182947488534,2314.95,2213.75,4.247953414916992,1379552,0.0,0.0,ADANIENT.NS,Adani Enterprises Limited,Thermal Coal,Energy,Mr. Gautambhai Shantilal Adani S.Y. B.Com,"Ahmedabad, India",https://www.adanienterprises.com,2308.8,2238.85,2664840298496,77.06275,29.96,0.00059999997,3743.9,2025.0
2004-12-16 00:00:00+05:30,4.293846220208425,2314.95,2213.75,4.362685203552246,1379552,0.0,0.0,ADANIENT.NS,Adani Enterprises Limited,Thermal Coal,Energy,Mr. Gautambhai Shantilal Adani S.Y. B.Com,"Ahmedabad, India",https://www.adanienterprises.com,2308.8,2238.85,2664840298496,77.06275,29.96,0.00059999997,3743.9,2025.0
2004-12-17 00:00:00+05:30,4.21640200811668,2314.95,2213.75,4.276636123657227,1379552,0.0,0.0,ADANIENT.NS,Adani Enterprises Limited,Thermal Coal,Energy,Mr. Gautambhai Shantilal Adani S.Y. B.Com,"Ahmedabad, India",https://www.adanienterprises.com,2308.8,2238.85,2664840298496,77.06275,29.96,0.00059999997,3743.9,2025.0
2004-12-20 00:00:00+05:30,4.2450852772090615,2314.95,2213.75,4.276636123657227,1379552,0.0,0.0,ADANIENT.NS,Adani Enterprises Limited,Thermal Coal,Energy,Mr. Gautambhai Shantilal Adani S.Y. B.Com,"Ahmedabad, India",https://www.adanienterprises.com,2308.8,2238.85,2664840298496,77.06275,29.96,0.00059999997,3743.9,2025.0
2004-12-21 00:00:00+05:30,4.130352088232723,2314.95,2213.75,4.411445617675781,1379552,0.0,0.0,ADANIENT.NS,Adani Enterprises Limited,Thermal Coal,Energy,Mr. Gautambhai Shantilal Adani S.Y. B.Com,"Ahmedabad, India",https://www.adanienterprises.com,2308.8,2238.85,2664840298496,77.06275,29.96,0.00059999997,3743.9,2025.0
2004-12-22 00:00:00+05:30,4.451601506534177,2314.95,2213.75,4.299581050872803,1379552,0.0,0.0,ADANIENT.NS,Adani Enterprises Limited,Thermal Coal,Energy,Mr. Gautambhai Shantilal Adani S.Y. B.Com,"Ahmedabad, India",https://www.adanienterprises.com,2308.8,2238.85,2664840298496,77.06275,29.96,0.00059999997,3743.9,2025.0
2004-12-23 00:00:00+05:30,4.342606538516658,2314.95,2213.75,4.3368706703186035,1379552,0.0,0.0,ADANIENT.NS,Adani Enterprises Limited,Thermal Coal,Energy,Mr. Gautambhai Shantilal Adani S.Y. B.Com,"Ahmedabad, India",https://www.adanienterprises.com,2308.8,2238.85,2664840298496,77.06275,29.96,0.00059999997,3743.9,2025.0
2004-12-24 00:00:00+05:30,4.359816882495264,2314.95,2213.75,4.339738845825195,1379552,0.0,0.0,ADANIENT.NS,Adani Enterprises Limited,Thermal Coal,Energy,Mr. Gautambhai Shantilal Adani S.Y. B.Com,"Ahmedabad, India",https://www.adanienterprises.com,2308.8,2238.85,2664840298496,77.06275,29.96,0.00059999997,3743.9,2025.0
2004-12-27 00:00:00+05:30,4.417183203126523,2314.95,2213.75,4.551992893218994,1379552,0.0,0.0,ADANIENT.NS,Adani Enterprises Limited,Thermal Coal,Energy,Mr. Gautambhai Shantilal Adani S.Y. B.Com,"Ahmedabad, India",https://www.adanienterprises.com,2308.8,2238.85,2664840298496,77.06275,29.96,0.00059999997,3743.9,2025.0
2004-12-28 00:00:00+05:30,4.543389106928211,2314.95,2213.75,4.460207939147949,1379552,0.0,0.0,ADANIENT.NS,Adani Enterprises Limited,Thermal Coal,Energy,Mr. Gautambhai Shantilal Adani S.Y. B.Com,"Ahmedabad, India",https://www.adanienterprises.com,2308.8,2238.85,2664840298496,77.06275,29.96,0.00059999997,3743.9,2025.0
2004-12-29 00:00:00+05:30,4.503232851149071,2314.95,2213.75,4.4143147468566895,1379552,0.0,0.0,ADANIENT.NS,Adani Enterprises Limited,Thermal Coal,Energy,Mr. Gautambhai Shantilal Adani S.Y. B.Com,"Ahmedabad, India",https://www.adanienterprises.com,2308.8,2238.85,2664840298496,77.06275,29.96,0.00059999997,3743.9,2025.0
2004-12-30 00:00:00+05:30,4.4860224534995785,2314.95,2213.75,4.365553855895996,1379552,0.0,0.0,ADANIENT.NS,Adani Enterprises Limited,Thermal Coal,Energy,Mr. Gautambhai Shantilal Adani S.Y. B.Com,"Ahmedabad, India",https://www.adanienterprises.com,2308.8,2238.85,2664840298496,77.06275,29.96,0.00059999997,3743.9,2025.0
2004-12-31 00:00:00+05:30,4.411447169313889,2314.95,2213.75,4.4143147468566895,1379552,0.0,0.0,ADANIENT.NS,Adani Enterprises Limited,Thermal Coal,Energy,Mr. Gautambhai Shantilal Adani S.Y. B.Com,"Ahmedabad, India",https://www.adanienterprises.com,2308.8,2238.85,2664840298496,77.06275,29.96,0.00059999997,3743.9,2025.0
2005-01-03 00:00:00+05:30,4.463075160980225,2314.95,2213.75,4.463075160980225,1379552,0.0,0.0,ADANIENT.NS,Adani Enterprises Limited,Thermal Coal,Energy,Mr. Gautambhai Shantilal Adani S.Y. B.Com,"Ahmedabad, India",https://www.adanienterprises.com,2308.8,2238.85,2664840298496,77.06275,29.96,0.00059999997,3743.9,2025.0
2005-01-04 00:00:00+05:30,4.523309312541309,2314.95,2213.75,4.420050144195557,1379552,0.0,0.0,ADANIENT.NS,Adani Enterprises Limited,Thermal Coal,Energy,Mr. Gautambhai Shantilal Adani S.Y. B.Com,"Ahmedabad, India",https://www.adanienterprises.com,2308.8,2238.85,2664840298496,77.06275,29.96,0.00059999997,3743.9,2025.0
2005-01-05 00:00:00+05:30,4.161904334476436,2314.95,2213.75,4.262295246124268,1379552,0.0,0.0,ADANIENT.NS,Adani Enterprises Limited,Thermal Coal,Energy,Mr. Gautambhai Shantilal Adani S.Y. B.Com,"Ahmedabad, India",https://www.adanienterprises.com,2308.8,2238.85,2664840298496,77.06275,29.96,0.00059999997,3743.9,2025.0
2005-01-06 00:00:00+05:30,4.245085188177585,2314.95,2213.75,4.204928398132324,1379552,0.0,0.0,ADANIENT.NS,Adani Enterprises Limited,Thermal Coal,Energy,Mr. Gautambhai Shantilal Adani S.Y. B.Com,"Ahmedabad, India",https://www.adanienterprises.com,2308.8,2238.85,2664840298496,77.06275,29.96,0.00059999997,3743.9,2025.0
2005-01-07 00:00:00+05:30,4.187719040529313,2314.95,2213.75,4.230743408203125,1379552,0.0,0.0,ADANIENT.NS,Adani Enterprises Limited,Thermal Coal,Energy,Mr. Gautambhai Shantilal Adani S.Y. B.Com,"Ahmedabad, India",https://www.adanienterprises.com,2308.8,2238.85,2664840298496,77.06275,29.96,0.00059999997,3743.9,2025.0
2005-01-10 00:00:00+05:30,4.2450852772090615,2314.95,2213.75,4.276636123657227,1379552,0.0,0.0,ADANIENT.NS,Adani Enterprises Limited,Thermal Coal,Energy,Mr. Gautambhai Shantilal Adani S.Y. B.Com,"Ahmedabad, India",https://www.adanienterprises.com,2308.8,2238.85,2664840298496,77.06275,29.96,0.00059999997,3743.9,2025.0
2005-01-11 00:00:00+05:30,4.302450981999851,2314.95,2213.75,4.181982040405273,1379552,0.0,0.0,ADANIENT.NS,Adani Enterprises Limited,Thermal Coal,Energy,Mr. Gautambhai Shantilal Adani S.Y. B.Com,"Ahmedabad, India",https://www.adanienterprises.com,2308.8,2238.85,2664840298496,77.06275,29.96,0.00059999997,3743.9,2025.0
2005-01-12 00:00:00+05:30,4.250821949085749,2314.95,2213.75,4.038568019866943,1379552,0.0,0.0,ADANIENT.NS,Adani Enterprises Limited,Thermal Coal,Energy,Mr. Gautambhai Shantilal Adani S.Y. B.Com,"Ahmedabad, India",https://www.adanienterprises.com,2308.8,2238.85,2664840298496,77.06275,29.96,0.00059999997,3743.9,2025.0
2005-01-13 00:00:00+05:30,4.113142855069194,2314.95,2213.75,4.216402053833008,1379552,0.0,0.0,ADANIENT.NS,Adani Enterprises Limited,Thermal Coal,Energy,Mr. Gautambhai Shantilal Adani S.Y. B.Com,"Ahmedabad, India",https://www.adanienterprises.com,2308.8,2238.85,2664840298496,77.06275,29.96,0.00059999997,3743.9,2025.0
2005-01-14 00:00:00+05:30,4.2737674515775135,2314.95,2213.75,4.167640686035156,1379552,0.0,0.0,ADANIENT.NS,Adani Enterprises Limited,Thermal Coal,Energy,Mr. Gautambhai Shantilal Adani S.Y. B.Com,"Ahmedabad, India",https://www.adanienterprises.com,2308.8,2238.85,2664840298496,77.06275,29.96,0.00059999997,3743.9,2025.0
2005-01-17 00:00:00+05:30,4.204928277239237,2314.95,2213.75,4.110274314880371,1379552,0.0,0.0,ADANIENT.NS,Adani Enterprises Limited,Thermal Coal,Energy,Mr. Gautambhai Shantilal Adani S.Y. B.Com,"Ahmedabad, India",https://www.adanienterprises.com,2308.8,2238.85,2664840298496,77.06275,29.96,0.00059999997,3743.9,2025.0
2005-01-18 00:00:00+05:30,4.179113436635536,2314.95,2213.75,4.1332197189331055,1379552,0.0,0.0,ADANIENT.NS,Adani Enterprises Limited,Thermal Coal,Energy,Mr. Gautambhai Shantilal Adani S.Y. B.Com,"Ahmedabad, India",https://www.adanienterprises.com,2308.8,2238.85,2664840298496,77.06275,29.96,0.00059999997,3743.9,2025.0
2005-01-19 00:00:00+05:30,4.130353433139979,2314.95,2213.75,4.116011619567871,1379552,0.0,0.0,ADANIENT.NS,Adani Enterprises Limited,Thermal Coal,Energy,Mr. Gautambhai Shantilal Adani S.Y. B.Com,"Ahmedabad, India",https://www.adanienterprises.com,2308.8,2238.85,2664840298496,77.06275,29.96,0.00059999997,3743.9,2025.0
2005-01-20 00:00:00+05:30,4.116011704798412,2314.95,2213.75,4.0873284339904785,1379552,0.0,0.0,ADANIENT.NS,Adani Enterprises Limited,Thermal Coal,Energy,Mr. Gautambhai Shantilal Adani S.Y. B.Com,"Ahmedabad, India",https://www.adanienterprises.com,2308.8,2238.85,2664840298496,77.06275,29.96,0.00059999997,3743.9,2025.0
2005-01-24 00:00:00+05:30,4.072986767415385,2314.95,2213.75,4.1074066162109375,1379552,0.0,0.0,ADANIENT.NS,Adani Enterprises Limited,Thermal Coal,Energy,Mr. Gautambhai Shantilal Adani S.Y. B.Com,"Ahmedabad, India",https://www.adanienterprises.com,2308.8,2238.85,2664840298496,77.06275,29.96,0.00059999997,3743.9,2025.0
2005-01-25 00:00:00+05:30,4.159035497078798,2314.95,2213.75,4.1074066162109375,1379552,0.0,0.0,ADANIENT.NS,Adani Enterprises Limited,Thermal Coal,Energy,Mr. Gautambhai Shantilal Adani S.Y. B.Com,"Ahmedabad, India",https://www.adanienterprises.com,2308.8,2238.85,2664840298496,77.06275,29.96,0.00059999997,3743.9,2025.0
2005-01-27 00:00:00+05:30,4.144693614109808,2314.95,2213.75,4.225006103515625,1379552,0.0,0.0,ADANIENT.NS,Adani Enterprises Limited,Thermal Coal,Energy,Mr. Gautambhai Shantilal Adani S.Y. B.Com,"Ahmedabad, India",https://www.adanienterprises.com,2308.8,2238.85,2664840298496,77.06275,29.96,0.00059999997,3743.9,2025.0
2005-01-28 00:00:00+05:30,4.270900172237902,2314.95,2213.75,4.305319309234619,1379552,0.0,0.0,ADANIENT.NS,Adani Enterprises Limited,Thermal Coal,Energy,Mr. Gautambhai Shantilal Adani S.Y. B.Com,"Ahmedabad, India",https://www.adanienterprises.com,2308.8,2238.85,2664840298496,77.06275,29.96,0.00059999997,3743.9,2025.0
2005-01-31 00:00:00+05:30,4.371289781942671,2314.95,2213.75,4.319660186767578,1379552,0.0,0.0,ADANIENT.NS,Adani Enterprises Limited,Thermal Coal,Energy,Mr. Gautambhai Shantilal Adani S.Y. B.Com,"Ahmedabad, India",https://www.adanienterprises.com,2308.8,2238.85,2664840298496,77.06275,29.96,0.00059999997,3743.9,2025.0
2005-02-01 00:00:00+05:30,4.319660491900474,2314.95,2213.75,4.276636123657227,1379552,0.0,0.0,ADANIENT.NS,Adani Enterprises Limited,Thermal Coal,Energy,Mr. Gautambhai Shantilal Adani S.Y. B.Com,"Ahmedabad, India",https://www.adanienterprises.com,2308.8,2238.85,2664840298496,77.06275,29.96,0.00059999997,3743.9,2025.0
2005-02-02 00:00:00+05:30,4.336870554872329,2314.95,2213.75,4.339738845825195,1379552,0.0,0.0,ADANIENT.NS,Adani Enterprises Limited,Thermal Coal,Energy,Mr. Gautambhai Shantilal Adani S.Y. B.Com,"Ahmedabad, India",https://www.adanienterprises.com,2308.8,2238.85,2664840298496,77.06275,29.96,0.00059999997,3743.9,2025.0
2005-02-03 00:00:00+05:30,4.39997375335756,2314.95,2213.75,4.402842044830322,1379552,0.0,0.0,ADANIENT.NS,Adani Enterprises Limited,Thermal Coal,Energy,Mr. Gautambhai Shantilal Adani S.Y. B.Com,"Ahmedabad, India",https://www.adanienterprises.com,2308.8,2238.85,2664840298496,77.06275,29.96,0.00059999997,3743.9,2025.0
2005-02-04 00:00:00+05:30,4.5261774074546715,2314.95,2213.75,4.374156951904297,1379552,0.0,0.0,ADANIENT.NS,Adani Enterprises Limited,Thermal Coal,Energy,Mr. Gautambhai Shantilal Adani S.Y. B.Com,"Ahmedabad, India",https://www.adanienterprises.com,2308.8,2238.85,2664840298496,77.06275,29.96,0.00059999997,3743.9,2025.0
2005-02-07 00:00:00+05:30,4.374158179663491,2314.95,2213.75,4.308187484741211,1379552,0.0,0.0,ADANIENT.NS,Adani Enterprises Limited,Thermal Coal,Energy,Mr. Gautambhai Shantilal Adani S.Y. B.Com,"Ahmedabad, India",https://www.adanienterprises.com,2308.8,2238.85,2664840298496,77.06275,29.96,0.00059999997,3743.9,2025.0
2005-02-08 00:00:00+05:30,4.308188232535421,2314.95,2213.75,4.554862022399902,1379552,0.0,0.0,ADANIENT.NS,Adani Enterprises Limited,Thermal Coal,Energy,Mr. Gautambhai Shantilal Adani S.Y. B.Com,"Ahmedabad, India",https://www.adanienterprises.com,2308.8,2238.85,2664840298496,77.06275,29.96,0.00059999997,3743.9,2025.0
2005-02-09 00:00:00+05:30,4.597886218398399,2314.95,2213.75,4.6093597412109375,1379552,0.0,0.0,ADANIENT.NS,Adani Enterprises Limited,Thermal Coal,Energy,Mr. Gautambhai Shantilal Adani S.Y. B.Com,"Ahmedabad, India",https://www.adanienterprises.com,2308.8,2238.85,2664840298496,77.06275,29.96,0.00059999997,3743.9,2025.0
2005-02-10 00:00:00+05:30,4.66098838837524,2314.95,2213.75,4.526178359985352,1379552,0.0,0.0,ADANIENT.NS,Adani Enterprises Limited,Thermal Coal,Energy,Mr. Gautambhai Shantilal Adani S.Y. B.Com,"Ahmedabad, India",https://www.adanienterprises.com,2308.8,2238.85,2664840298496,77.06275,29.96,0.00059999997,3743.9,2025.0
2005-02-11 00:00:00+05:30,4.546256297629245,2314.95,2213.75,4.454470634460449,1379552,0.0,0.0,ADANIENT.NS,Adani Enterprises Limited,Thermal Coal,Energy,Mr. Gautambhai Shantilal Adani S.Y. B.Com,"Ahmedabad, India",https://www.adanienterprises.com,2308.8,2238.85,2664840298496,77.06275,29.96,0.00059999997,3743.9,2025.0
2005-02-14 00:00:00+05:30,4.523310119146617,2314.95,2213.75,4.474548816680908,1379552,0.0,0.0,ADANIENT.NS,Adani Enterprises Limited,Thermal Coal,Energy,Mr. Gautambhai Shantilal Adani S.Y. B.Com,"Ahmedabad, India",https://www.adanienterprises.com,2308.8,2238.85,2664840298496,77.06275,29.96,0.00059999997,3743.9,2025.0
2005-02-15 00:00:00+05:30,4.463074647248547,2314.95,2213.75,4.356947898864746,1379552,0.0,0.0,ADANIENT.NS,Adani Enterprises Limited,Thermal Coal,Energy,Mr. Gautambhai Shantilal Adani S.Y. B.Com,"Ahmedabad, India",https://www.adanienterprises.com,2308.8,2238.85,2664840298496,77.06275,29.96,0.00059999997,3743.9,2025.0
2005-02-16 00:00:00+05:30,4.3884996212179646,2314.95,2213.75,4.3913679122924805,1379552,0.0,0.0,ADANIENT.NS,Adani Enterprises Limited,Thermal Coal,Energy,Mr. Gautambhai Shantilal Adani S.Y. B.Com,"Ahmedabad, India",https://www.adanienterprises.com,2308.8,2238.85,2664840298496,77.06275,29.96,0.00059999997,3743.9,2025.0
2005-02-17 00:00:00+05:30,4.02135791041173,2314.95,2213.75,4.354081153869629,1379552,0.0,0.0,ADANIENT.NS,Adani Enterprises Limited,Thermal Coal,Energy,Mr. Gautambhai Shantilal Adani S.Y. B.Com,"Ahmedabad, India",https://www.adanienterprises.com,2308.8,2238.85,2664840298496,77.06275,29.96,0.00059999997,3743.9,2025.0
2005-02-18 00:00:00+05:30,4.411445484029396,2314.95,2213.75,4.3253960609436035,1379552,0.0,0.0,ADANIENT.NS,Adani Enterprises Limited,Thermal Coal,Energy,Mr. Gautambhai Shantilal Adani S.Y. B.Com,"Ahmedabad, India",https://www.adanienterprises.com,2308.8,2238.85,2664840298496,77.06275,29.96,0.00059999997,3743.9,2025.0
2005-02-21 00:00:00+05:30,4.210665132536649,2314.95,2213.75,4.322528839111328,1379552,0.0,0.0,ADANIENT.NS,Adani Enterprises Limited,Thermal Coal,Energy,Mr. Gautambhai Shantilal Adani S.Y. B.Com,"Ahmedabad, India",https://www.adanienterprises.com,2308.8,2238.85,2664840298496,77.06275,29.96,0.00059999997,3743.9,2025.0
2005-02-22 00:00:00+05:30,4.411446574483996,2314.95,2213.75,4.322528839111328,1379552,0.0,0.0,ADANIENT.NS,Adani Enterprises Limited,Thermal Coal,Energy,Mr. Gautambhai Shantilal Adani S.Y. B.Com,"Ahmedabad, India",https://www.adanienterprises.com,2308.8,2238.85,2664840298496,77.06275,29.96,0.00059999997,3743.9,2025.0
2005-02-23 00:00:00+05:30,4.359817912445577,2314.95,2213.75,4.296714782714844,1379552,0.0,0.0,ADANIENT.NS,Adani Enterprises Limited,Thermal Coal,Energy,Mr. Gautambhai Shantilal Adani S.Y. B.Com,"Ahmedabad, India",https://www.adanienterprises.com,2308.8,2238.85,2664840298496,77.06275,29.96,0.00059999997,3743.9,2025.0
2005-02-24 00:00:00+05:30,4.302449725997747,2314.95,2213.75,4.316791534423828,1379552,0.0,0.0,ADANIENT.NS,Adani Enterprises Limited,Thermal Coal,Energy,Mr. Gautambhai Shantilal Adani S.Y. B.Com,"Ahmedabad, India",https://www.adanienterprises.com,2308.8,2238.85,2664840298496,77.06275,29.96,0.00059999997,3743.9,2025.0
2005-02-25 00:00:00+05:30,4.3598170811758035,2314.95,2213.75,4.308187484741211,1379552,0.0,0.0,ADANIENT.NS,Adani Enterprises Limited,Thermal Coal,Energy,Mr. Gautambhai Shantilal Adani S.Y. B.Com,"Ahmedabad, India",https://www.adanienterprises.com,2308.8,2238.85,2664840298496,77.06275,29.96,0.00059999997,3743.9,2025.0
2005-02-28 00:00:00+05:30,4.371289989885585,2314.95,2213.75,4.388499736785889,1379552,0.0,0.0,ADANIENT.NS,Adani Enterprises Limited,Thermal Coal,Energy,Mr. Gautambhai Shantilal Adani S.Y. B.Com,"Ahmedabad, India",https://www.adanienterprises.com,2308.8,2238.85,2664840298496,77.06275,29.96,0.00059999997,3743.9,2025.0
2005-03-01 00:00:00+05:30,4.460207154081673,2314.95,2213.75,4.313924312591553,1379552,0.0,0.0,ADANIENT.NS,Adani Enterprises Limited,Thermal Coal,Energy,Mr. Gautambhai Shantilal Adani S.Y. B.Com,"Ahmedabad, India",https://www.adanienterprises.com,2308.8,2238.85,2664840298496,77.06275,29.96,0.00059999997,3743.9,2025.0
2005-03-02 00:00:00+05:30,4.331133712160904,2314.95,2213.75,4.322528839111328,1379552,0.0,0.0,ADANIENT.NS,Adani Enterprises Limited,Thermal Coal,Energy,Mr. Gautambhai Shantilal Adani S.Y. B.Com,"Ahmedabad, India",https://www.adanienterprises.com,2308.8,2238.85,2664840298496,77.06275,29.96,0.00059999997,3743.9,2025.0
2005-03-03 00:00:00+05:30,4.417182595107924,2314.95,2213.75,4.3512115478515625,1379552,0.0,0.0,ADANIENT.NS,Adani Enterprises Limited,Thermal Coal,Energy,Mr. Gautambhai Shantilal Adani S.Y. B.Com,"Ahmedabad, India",https://www.adanienterprises.com,2308.8,2238.85,2664840298496,77.06275,29.96,0.00059999997,3743.9,2025.0
2005-03-04 00:00:00+05:30,4.440128030174488,2314.95,2213.75,4.3253960609436035,1379552,0.0,0.0,ADANIENT.NS,Adani Enterprises Limited,Thermal Coal,Energy,Mr. Gautambhai Shantilal Adani S.Y. B.Com,"Ahmedabad, India",https://www.adanienterprises.com,2308.8,2238.85,2664840298496,77.06275,29.96,0.00059999997,3743.9,2025.0
2005-03-07 00:00:00+05:30,4.474548972292856,2314.95,2213.75,4.319660186767578,1379552,0.0,0.0,ADANIENT.NS,Adani Enterprises Limited,Thermal Coal,Energy,Mr. Gautambhai Shantilal Adani S.Y. B.Com,"Ahmedabad, India",https://www.adanienterprises.com,2308.8,2238.85,2664840298496,77.06275,29.96,0.00059999997,3743.9,2025.0
2005-03-08 00:00:00+05:30,4.377027662228358,2314.95,2213.75,4.296714782714844,1379552,0.0,0.0,ADANIENT.NS,Adani Enterprises Limited,Thermal Coal,Energy,Mr. Gautambhai Shantilal Adani S.Y. B.Com,"Ahmedabad, India",https://www.adanienterprises.com,2308.8,2238.85,2664840298496,77.06275,29.96,0.00059999997,3743.9,2025.0
2005-03-09 00:00:00+05:30,4.316792402221036,2314.95,2213.75,4.253689289093018,1379552,0.0,0.0,ADANIENT.NS,Adani Enterprises Limited,Thermal Coal,Energy,Mr. Gautambhai Shantilal Adani S.Y. B.Com,"Ahmedabad, India",https://www.adanienterprises.com,2308.8,2238.85,2664840298496,77.06275,29.96,0.00059999997,3743.9,2025.0
2005-03-10 00:00:00+05:30,4.265163254999748,2314.95,2213.75,4.227874755859375,1379552,0.0,0.0,ADANIENT.NS,Adani Enterprises Limited,Thermal Coal,Energy,Mr. Gautambhai Shantilal Adani S.Y. B.Com,"Ahmedabad, India",https://www.adanienterprises.com,2308.8,2238.85,2664840298496,77.06275,29.96,0.00059999997,3743.9,2025.0
2005-03-11 00:00:00+05:30,4.302450887025296,2314.95,2213.75,4.202060699462891,1379552,0.0,0.0,ADANIENT.NS,Adani Enterprises Limited,Thermal Coal,Energy,Mr. Gautambhai Shantilal Adani S.Y. B.Com,"Ahmedabad, India",https://www.adanienterprises.com,2308.8,2238.85,2664840298496,77.06275,29.96,0.00059999997,3743.9,2025.0
2005-03-14 00:00:00+05:30,4.230742403142675,2314.95,2213.75,4.356947898864746,1379552,0.0,0.0,ADANIENT.NS,Adani Enterprises Limited,Thermal Coal,Energy,Mr. Gautambhai Shantilal Adani S.Y. B.Com,"Ahmedabad, India",https://www.adanienterprises.com,2308.8,2238.85,2664840298496,77.06275,29.96,0.00059999997,3743.9,2025.0
2005-03-15 00:00:00+05:30,4.411446762332953,2314.95,2213.75,4.279504299163818,1379552,0.0,0.0,ADANIENT.NS,Adani Enterprises Limited,Thermal Coal,Energy,Mr. Gautambhai Shantilal Adani S.Y. B.Com,"Ahmedabad, India",https://www.adanienterprises.com,2308.8,2238.85,2664840298496,77.06275,29.96,0.00059999997,3743.9,2025.0
2005-03-16 00:00:00+05:30,4.015620187129459,2314.95,2213.75,4.225006103515625,1379552,0.0,0.0,ADANIENT.NS,Adani Enterprises Limited,Thermal Coal,Energy,Mr. Gautambhai Shantilal Adani S.Y. B.Com,"Ahmedabad, India",https://www.adanienterprises.com,2308.8,2238.85,2664840298496,77.06275,29.96,0.00059999997,3743.9,2025.0
2005-03-17 00:00:00+05:30,4.133220737231573,2314.95,2213.75,4.279504299163818,1379552,0.0,0.0,ADANIENT.NS,Adani Enterprises Limited,Thermal Coal,Energy,Mr. Gautambhai Shantilal Adani S.Y. B.Com,"Ahmedabad, India",https://www.adanienterprises.com,2308.8,2238.85,2664840298496,77.06275,29.96,0.00059999997,3743.9,2025.0
2005-03-18 00:00:00+05:30,4.325396009144256,2314.95,2213.75,4.0615129470825195,1379552,0.0,0.0,ADANIENT.NS,Adani Enterprises Limited,Thermal Coal,Energy,Mr. Gautambhai Shantilal Adani S.Y. B.Com,"Ahmedabad, India",https://www.adanienterprises.com,2308.8,2238.85,2664840298496,77.06275,29.96,0.00059999997,3743.9,2025.0
2005-03-21 00:00:00+05:30,4.121747836104953,2314.95,2213.75,4.110274314880371,1379552,0.0,0.0,ADANIENT.NS,Adani Enterprises Limited,Thermal Coal,Energy,Mr. Gautambhai Shantilal Adani S.Y. B.Com,"Ahmedabad, India",https://www.adanienterprises.com,2308.8,2238.85,2664840298496,77.06275,29.96,0.00059999997,3743.9,2025.0
2005-03-22 00:00:00+05:30,4.015621003409937,2314.95,2213.75,3.966860055923462,1379552,0.0,0.0,ADANIENT.NS,Adani Enterprises Limited,Thermal Coal,Energy,Mr. Gautambhai Shantilal Adani S.Y. B.Com,"Ahmedabad, India",https://www.adanienterprises.com,2308.8,2238.85,2664840298496,77.06275,29.96,0.00059999997,3743.9,2025.0
2005-03-23 00:00:00+05:30,3.9008882075660356,2314.95,2213.75,3.8119711875915527,1379552,0.0,0.0,ADANIENT.NS,Adani Enterprises Limited,Thermal Coal,Energy,Mr. Gautambhai Shantilal Adani S.Y. B.Com,"Ahmedabad, India",https://www.adanienterprises.com,2308.8,2238.85,2664840298496,77.06275,29.96,0.00059999997,3743.9,2025.0
2005-03-24 00:00:00+05:30,3.9295721568713593,2314.95,2213.75,3.5566928386688232,1379552,0.0,0.0,ADANIENT.NS,Adani Enterprises Limited,Thermal Coal,Energy,Mr. Gautambhai Shantilal Adani S.Y. B.Com,"Ahmedabad, India",https://www.adanienterprises.com,2308.8,2238.85,2664840298496,77.06275,29.96,0.00059999997,3743.9,2025.0
2005-03-28 00:00:00+05:30,3.7115818317306233,2314.95,2213.75,3.717318058013916,1379552,0.0,0.0,ADANIENT.NS,Adani Enterprises Limited,Thermal Coal,Energy,Mr. Gautambhai Shantilal Adani S.Y. B.Com,"Ahmedabad, India",https://www.adanienterprises.com,2308.8,2238.85,2664840298496,77.06275,29.96,0.00059999997,3743.9,2025.0
2005-03-29 00:00:00+05:30,3.757474184788425,2314.95,2213.75,3.4763805866241455,1379552,0.0,0.0,ADANIENT.NS,Adani Enterprises Limited,Thermal Coal,Energy,Mr. Gautambhai Shantilal Adani S.Y. B.Com,"Ahmedabad, India",https://www.adanienterprises.com,2308.8,2238.85,2664840298496,77.06275,29.96,0.00059999997,3743.9,2025.0
2005-03-30 00:00:00+05:30,3.548087659791463,2314.95,2213.75,3.4161455631256104,1379552,0.0,0.0,ADANIENT.NS,Adani Enterprises Limited,Thermal Coal,Energy,Mr. Gautambhai Shantilal Adani S.Y. B.Com,"Ahmedabad, India",https://www.adanienterprises.com,2308.8,2238.85,2664840298496,77.06275,29.96,0.00059999997,3743.9,2025.0
2005-03-31 00:00:00+05:30,3.430487632751465,2314.95,2213.75,3.430487632751465,1379552,0.0,0.0,ADANIENT.NS,Adani Enterprises Limited,Thermal Coal,Energy,Mr. Gautambhai Shantilal Adani S.Y. B.Com,"Ahmedabad, India",https://www.adanienterprises.com,2308.8,2238.85,2664840298496,77.06275,29.96,0.00059999997,3743.9,2025.0
2005-04-01 00:00:00+05:30,3.49932748290908,2314.95,2213.75,3.447697877883911,1379552,0.0,0.0,ADANIENT.NS,Adani Enterprises Limited,Thermal Coal,Energy,Mr. Gautambhai Shantilal Adani S.Y. B.Com,"Ahmedabad, India",https://www.adanienterprises.com,2308.8,2238.85,2664840298496,77.06275,29.96,0.00059999997,3743.9,2025.0
2005-04-04 00:00:00+05:30,3.4964588040089573,2314.95,2213.75,3.427619457244873,1379552,0.0,0.0,ADANIENT.NS,Adani Enterprises Limited,Thermal Coal,Energy,Mr. Gautambhai Shantilal Adani S.Y. B.Com,"Ahmedabad, India",https://www.adanienterprises.com,2308.8,2238.85,2664840298496,77.06275,29.96,0.00059999997,3743.9,2025.0
2005-04-05 00:00:00+05:30,3.4649057708103426,2314.95,2213.75,3.4075403213500977,1379552,0.0,0.0,ADANIENT.NS,Adani Enterprises Limited,Thermal Coal,Energy,Mr. Gautambhai Shantilal Adani S.Y. B.Com,"Ahmedabad, India",https://www.adanienterprises.com,2308.8,2238.85,2664840298496,77.06275,29.96,0.00059999997,3743.9,2025.0
2005-04-06 00:00:00+05:30,3.4563028392941284,2314.95,2213.75,3.4218826293945312,1379552,0.0,0.0,ADANIENT.NS,Adani Enterprises Limited,Thermal Coal,Energy,Mr. Gautambhai Shantilal Adani S.Y. B.Com,"Ahmedabad, India",https://www.adanienterprises.com,2308.8,2238.85,2664840298496,77.06275,29.96,0.00059999997,3743.9,2025.0
2005-04-07 00:00:00+05:30,3.3559116980588377,2314.95,2213.75,3.6140589714050293,1379552,0.0,0.0,ADANIENT.NS,Adani Enterprises Limited,Thermal Coal,Energy,Mr. Gautambhai Shantilal Adani S.Y. B.Com,"Ahmedabad, India",https://www.adanienterprises.com,2308.8,2238.85,2664840298496,77.06275,29.96,0.00059999997,3743.9,2025.0
2005-04-08 00:00:00+05:30,3.6771616157382536,2314.95,2213.75,3.7115814685821533,1379552,0.0,0.0,ADANIENT.NS,Adani Enterprises Limited,Thermal Coal,Energy,Mr. Gautambhai Shantilal Adani S.Y. B.Com,"Ahmedabad, India",https://www.adanienterprises.com,2308.8,2238.85,2664840298496,77.06275,29.96,0.00059999997,3743.9,2025.0
2005-04-11 00:00:00+05:30,3.7115812153153143,2314.95,2213.75,3.6054537296295166,1379552,0.0,0.0,ADANIENT.NS,Adani Enterprises Limited,Thermal Coal,Energy,Mr. Gautambhai Shantilal Adani S.Y. B.Com,"Ahmedabad, India",https://www.adanienterprises.com,2308.8,2238.85,2664840298496,77.06275,29.96,0.00059999997,3743.9,2025.0
2005-04-12 00:00:00+05:30,3.6542154122861046,2314.95,2213.75,3.6169276237487793,1379552,0.0,0.0,ADANIENT.NS,Adani Enterprises Limited,Thermal Coal,Energy,Mr. Gautambhai Shantilal Adani S.Y. B.Com,"Ahmedabad, India",https://www.adanienterprises.com,2308.8,2238.85,2664840298496,77.06275,29.96,0.00059999997,3743.9,2025.0
2005-04-13 00:00:00+05:30,3.61405895995097,2314.95,2213.75,3.6054537296295166,1379552,0.0,0.0,ADANIENT.NS,Adani Enterprises Limited,Thermal Coal,Energy,Mr. Gautambhai Shantilal Adani S.Y. B.Com,"Ahmedabad, India",https://www.adanienterprises.com,2308.8,2238.85,2664840298496,77.06275,29.96,0.00059999997,3743.9,2025.0
2005-04-15 00:00:00+05:30,3.5997167839868336,2314.95,2213.75,3.505063533782959,1379552,0.0,0.0,ADANIENT.NS,Adani Enterprises Limited,Thermal Coal,Energy,Mr. Gautambhai Shantilal Adani S.Y. B.Com,"Ahmedabad, India",https://www.adanienterprises.com,2308.8,2238.85,2664840298496,77.06275,29.96,0.00059999997,3743.9,2025.0
2005-04-18 00:00:00+05:30,3.3845954635456885,2314.95,2213.75,3.447697877883911,1379552,0.0,0.0,ADANIENT.NS,Adani Enterprises Limited,Thermal Coal,Energy,Mr. Gautambhai Shantilal Adani S.Y. B.Com,"Ahmedabad, India",https://www.adanienterprises.com,2308.8,2238.85,2664840298496,77.06275,29.96,0.00059999997,3743.9,2025.0
2005-04-19 00:00:00+05:30,3.5222739049832086,2314.95,2213.75,3.4190146923065186,1379552,0.0,0.0,ADANIENT.NS,Adani Enterprises Limited,Thermal Coal,Energy,Mr. Gautambhai Shantilal Adani S.Y. B.Com,"Ahmedabad, India",https://www.adanienterprises.com,2308.8,2238.85,2664840298496,77.06275,29.96,0.00059999997,3743.9,2025.0
2005-04-20 00:00:00+05:30,3.4964591810159598,2314.95,2213.75,3.4390926361083984,1379552,0.0,0.0,ADANIENT.NS,Adani Enterprises Limited,Thermal Coal,Energy,Mr. Gautambhai Shantilal Adani S.Y. B.Com,"Ahmedabad, India",https://www.adanienterprises.com,2308.8,2238.85,2664840298496,77.06275,29.96,0.00059999997,3743.9,2025.0
2005-04-21 00:00:00+05:30,3.441961284114325,2314.95,2213.75,3.436225414276123,1379552,0.0,0.0,ADANIENT.NS,Adani Enterprises Limited,Thermal Coal,Energy,Mr. Gautambhai Shantilal Adani S.Y. B.Com,"Ahmedabad, India",https://www.adanienterprises.com,2308.8,2238.85,2664840298496,77.06275,29.96,0.00059999997,3743.9,2025.0
2005-04-22 00:00:00+05:30,3.4993269771930735,2314.95,2213.75,3.430487632751465,1379552,0.0,0.0,ADANIENT.NS,Adani Enterprises Limited,Thermal Coal,Energy,Mr. Gautambhai Shantilal Adani S.Y. B.Com,"Ahmedabad, India",https://www.adanienterprises.com,2308.8,2238.85,2664840298496,77.06275,29.96,0.00059999997,3743.9,2025.0
2005-04-25 00:00:00+05:30,3.470642708379482,2314.95,2213.75,3.4075403213500977,1379552,0.0,0.0,ADANIENT.NS,Adani Enterprises Limited,Thermal Coal,Energy,Mr. Gautambhai Shantilal Adani S.Y. B.Com,"Ahmedabad, India",https://www.adanienterprises.com,2308.8,2238.85,2664840298496,77.06275,29.96,0.00059999997,3743.9,2025.0
2005-04-26 00:00:00+05:30,3.439092733742993,2314.95,2213.75,3.4190146923065186,1379552,0.0,0.0,ADANIENT.NS,Adani Enterprises Limited,Thermal Coal,Energy,Mr. Gautambhai Shantilal Adani S.Y. B.Com,"Ahmedabad, India",https://www.adanienterprises.com,2308.8,2238.85,2664840298496,77.06275,29.96,0.00059999997,3743.9,2025.0
2005-04-27 00:00:00+05:30,3.4706437909863106,2314.95,2213.75,3.4964587688446045,1379552,0.0,0.0,ADANIENT.NS,Adani Enterprises Limited,Thermal Coal,Energy,Mr. Gautambhai Shantilal Adani S.Y. B.Com,"Ahmedabad, India",https://www.adanienterprises.com,2308.8,2238.85,2664840298496,77.06275,29.96,0.00059999997,3743.9,2025.0
2005-04-28 00:00:00+05:30,3.496459543113439,2314.95,2213.75,3.436225414276123,1379552,0.0,0.0,ADANIENT.NS,Adani Enterprises Limited,Thermal Coal,Energy,Mr. Gautambhai Shantilal Adani S.Y. B.Com,"Ahmedabad, India",https://www.adanienterprises.com,2308.8,2238.85,2664840298496,77.06275,29.96,0.00059999997,3743.9,2025.0
2005-04-29 00:00:00+05:30,3.436223581475377,2314.95,2213.75,3.4075403213500977,1379552,0.0,0.0,ADANIENT.NS,Adani Enterprises Limited,Thermal Coal,Energy,Mr. Gautambhai Shantilal Adani S.Y. B.Com,"Ahmedabad, India",https://www.adanienterprises.com,2308.8,2238.85,2664840298496,77.06275,29.96,0.00059999997,3743.9,2025.0
2005-05-02 00:00:00+05:30,3.3960678577423096,2314.95,2213.75,3.3960678577423096,1379552,0.0,0.0,ADANIENT.NS,Adani Enterprises Limited,Thermal Coal,Energy,Mr. Gautambhai Shantilal Adani S.Y. B.Com,"Ahmedabad, India",https://www.adanienterprises.com,2308.8,2238.85,2664840298496,77.06275,29.96,0.00059999997,3743.9,2025.0
2005-05-03 00:00:00+05:30,3.4304866439062374,2314.95,2213.75,3.4075403213500977,1379552,0.0,0.0,ADANIENT.NS,Adani Enterprises Limited,Thermal Coal,Energy,Mr. Gautambhai Shantilal Adani S.Y. B.Com,"Ahmedabad, India",https://www.adanienterprises.com,2308.8,2238.85,2664840298496,77.06275,29.96,0.00059999997,3743.9,2025.0
2005-05-04 00:00:00+05:30,3.4132780370890075,2314.95,2213.75,3.462038993835449,1379552,0.0,0.0,ADANIENT.NS,Adani Enterprises Limited,Thermal Coal,Energy,Mr. Gautambhai Shantilal Adani S.Y. B.Com,"Ahmedabad, India",https://www.adanienterprises.com,2308.8,2238.85,2664840298496,77.06275,29.96,0.00059999997,3743.9,2025.0
2005-05-05 00:00:00+05:30,3.467775258946934,2314.95,2213.75,3.4935898780822754,1379552,0.0,0.0,ADANIENT.NS,Adani Enterprises Limited,Thermal Coal,Energy,Mr. Gautambhai Shantilal Adani S.Y. B.Com,"Ahmedabad, India",https://www.adanienterprises.com,2308.8,2238.85,2664840298496,77.06275,29.96,0.00059999997,3743.9,2025.0
2005-05-06 00:00:00+05:30,3.499326915389344,2314.95,2213.75,3.4763805866241455,1379552,0.0,0.0,ADANIENT.NS,Adani Enterprises Limited,Thermal Coal,Energy,Mr. Gautambhai Shantilal Adani S.Y. B.Com,"Ahmedabad, India",https://www.adanienterprises.com,2308.8,2238.85,2664840298496,77.06275,29.96,0.00059999997,3743.9,2025.0
2005-05-09 00:00:00+05:30,3.499327179972399,2314.95,2213.75,3.5968494415283203,1379552,0.0,0.0,ADANIENT.NS,Adani Enterprises Limited,Thermal Coal,Energy,Mr. Gautambhai Shantilal Adani S.Y. B.Com,"Ahmedabad, India",https://www.adanienterprises.com,2308.8,2238.85,2664840298496,77.06275,29.96,0.00059999997,3743.9,2025.0
2005-05-10 00:00:00+05:30,3.6370052889942963,2314.95,2213.75,3.6054537296295166,1379552,0.0,0.0,ADANIENT.NS,Adani Enterprises Limited,Thermal Coal,Energy,Mr. Gautambhai Shantilal Adani S.Y. B.Com,"Ahmedabad, India",https://www.adanienterprises.com,2308.8,2238.85,2664840298496,77.06275,29.96,0.00059999997,3743.9,2025.0
2005-05-11 00:00:00+05:30,3.6427422397302993,2314.95,2213.75,3.6140589714050293,1379552,0.0,0.0,ADANIENT.NS,Adani Enterprises Limited,Thermal Coal,Energy,Mr. Gautambhai Shantilal Adani S.Y. B.Com,"Ahmedabad, India",https://www.adanienterprises.com,2308.8,2238.85,2664840298496,77.06275,29.96,0.00059999997,3743.9,2025.0
2005-05-12 00:00:00+05:30,3.6284005746681807,2314.95,2213.75,3.5308783054351807,1379552,0.0,0.0,ADANIENT.NS,Adani Enterprises Limited,Thermal Coal,Energy,Mr. Gautambhai Shantilal Adani S.Y. B.Com,"Ahmedabad, India",https://www.adanienterprises.com,2308.8,2238.85,2664840298496,77.06275,29.96,0.00059999997,3743.9,2025.0
2005-05-13 00:00:00+05:30,3.5308774869447306,2314.95,2213.75,3.63126802444458,1379552,0.0,0.0,ADANIENT.NS,Adani Enterprises Limited,Thermal Coal,Energy,Mr. Gautambhai Shantilal Adani S.Y. B.Com,"Ahmedabad, India",https://www.adanienterprises.com,2308.8,2238.85,2664840298496,77.06275,29.96,0.00059999997,3743.9,2025.0
2005-05-16 00:00:00+05:30,3.6771616049471443,2314.95,2213.75,3.7029762268066406,1379552,0.0,0.0,ADANIENT.NS,Adani Enterprises Limited,Thermal Coal,Energy,Mr. Gautambhai Shantilal Adani S.Y. B.Com,"Ahmedabad, India",https://www.adanienterprises.com,2308.8,2238.85,2664840298496,77.06275,29.96,0.00059999997,3743.9,2025.0
2005-05-17 00:00:00+05:30,3.7287909620978095,2314.95,2213.75,3.6054537296295166,1379552,0.0,0.0,ADANIENT.NS,Adani Enterprises Limited,Thermal Coal,Energy,Mr. Gautambhai Shantilal Adani S.Y. B.Com,"Ahmedabad, India",https://www.adanienterprises.com,2308.8,2238.85,2664840298496,77.06275,29.96,0.00059999997,3743.9,2025.0
2005-05-18 00:00:00+05:30,3.61979552123086,2314.95,2213.75,3.7775518894195557,1379552,0.0,0.0,ADANIENT.NS,Adani Enterprises Limited,Thermal Coal,Energy,Mr. Gautambhai Shantilal Adani S.Y. B.Com,"Ahmedabad, India",https://www.adanienterprises.com,2308.8,2238.85,2664840298496,77.06275,29.96,0.00059999997,3743.9,2025.0
2005-05-19 00:00:00+05:30,3.8291808911189857,2314.95,2213.75,3.7832882404327393,1379552,0.0,0.0,ADANIENT.NS,Adani Enterprises Limited,Thermal Coal,Energy,Mr. Gautambhai Shantilal Adani S.Y. B.Com,"Ahmedabad, India",https://www.adanienterprises.com,2308.8,2238.85,2664840298496,77.06275,29.96,0.00059999997,3743.9,2025.0
2005-05-20 00:00:00+05:30,3.786156504799905,2314.95,2213.75,3.760342597961426,1379552,0.0,0.0,ADANIENT.NS,Adani Enterprises Limited,Thermal Coal,Energy,Mr. Gautambhai Shantilal Adani S.Y. B.Com,"Ahmedabad, India",https://www.adanienterprises.com,2308.8,2238.85,2664840298496,77.06275,29.96,0.00059999997,3743.9,2025.0
2005-05-23 00:00:00+05:30,3.7718155547777954,2314.95,2213.75,3.78615665435791,1379552,0.0,0.0,ADANIENT.NS,Adani Enterprises Limited,Thermal Coal,Energy,Mr. Gautambhai Shantilal Adani S.Y. B.Com,"Ahmedabad, India",https://www.adanienterprises.com,2308.8,2238.85,2664840298496,77.06275,29.96,0.00059999997,3743.9,2025.0
2005-05-24 00:00:00+05:30,3.7976303737659713,2314.95,2213.75,3.7488694190979004,1379552,0.0,0.0,ADANIENT.NS,Adani Enterprises Limited,Thermal Coal,Energy,Mr. Gautambhai Shantilal Adani S.Y. B.Com,"Ahmedabad, India",https://www.adanienterprises.com,2308.8,2238.85,2664840298496,77.06275,29.96,0.00059999997,3743.9,2025.0
2005-05-25 00:00:00+05:30,3.77468424707975,2314.95,2213.75,3.717318058013916,1379552,0.0,0.0,ADANIENT.NS,Adani Enterprises Limited,Thermal Coal,Energy,Mr. Gautambhai Shantilal Adani S.Y. B.Com,"Ahmedabad, India",https://www.adanienterprises.com,2308.8,2238.85,2664840298496,77.06275,29.96,0.00059999997,3743.9,2025.0
2005-05-26 00:00:00+05:30,3.677161315284338,2314.95,2213.75,3.754605531692505,1379552,0.0,0.0,ADANIENT.NS,Adani Enterprises Limited,Thermal Coal,Energy,Mr. Gautambhai Shantilal Adani S.Y. B.Com,"Ahmedabad, India",https://www.adanienterprises.com,2308.8,2238.85,2664840298496,77.06275,29.96,0.00059999997,3743.9,2025.0
2005-05-27 00:00:00+05:30,3.797629981923073,2314.95,2213.75,3.7259223461151123,1379552,0.0,0.0,ADANIENT.NS,Adani Enterprises Limited,Thermal Coal,Energy,Mr. Gautambhai Shantilal Adani S.Y. B.Com,"Ahmedabad, India",https://www.adanienterprises.com,2308.8,2238.85,2664840298496,77.06275,29.96,0.00059999997,3743.9,2025.0
2005-05-30 00:00:00+05:30,3.7574741209664224,2314.95,2213.75,3.7087128162384033,1379552,0.0,0.0,ADANIENT.NS,Adani Enterprises Limited,Thermal Coal,Energy,Mr. Gautambhai Shantilal Adani S.Y. B.Com,"Ahmedabad, India",https://www.adanienterprises.com,2308.8,2238.85,2664840298496,77.06275,29.96,0.00059999997,3743.9,2025.0
2005-05-31 00:00:00+05:30,3.6714249831772814,2314.95,2213.75,3.6685574054718018,1379552,0.0,0.0,ADANIENT.NS,Adani Enterprises Limited,Thermal Coal,Energy,Mr. Gautambhai Shantilal Adani S.Y. B.Com,"Ahmedabad, India",https://www.adanienterprises.com,2308.8,2238.85,2664840298496,77.06275,29.96,0.00059999997,3743.9,2025.0
2005-06-01 00:00:00+05:30,3.751737170074521,2314.95,2213.75,3.7001075744628906,1379552,0.0,0.0,ADANIENT.NS,Adani Enterprises Limited,Thermal Coal,Energy,Mr. Gautambhai Shantilal Adani S.Y. B.Com,"Ahmedabad, India",https://www.adanienterprises.com,2308.8,2238.85,2664840298496,77.06275,29.96,0.00059999997,3743.9,2025.0
2005-06-02 00:00:00+05:30,3.7861556313977682,2314.95,2213.75,3.6570825576782227,1379552,0.0,0.0,ADANIENT.NS,Adani Enterprises Limited,Thermal Coal,Energy,Mr. Gautambhai Shantilal Adani S.Y. B.Com,"Ahmedabad, India",https://www.adanienterprises.com,2308.8,2238.85,2664840298496,77.06275,29.96,0.00059999997,3743.9,2025.0
2005-06-03 00:00:00+05:30,3.634137285570699,2314.95,2213.75,3.6456100940704346,1379552,0.0,0.0,ADANIENT.NS,Adani Enterprises Limited,Thermal Coal,Energy,Mr. Gautambhai Shantilal Adani S.Y. B.Com,"Ahmedabad, India",https://www.adanienterprises.com,2308.8,2238.85,2664840298496,77.06275,29.96,0.00059999997,3743.9,2025.0
2005-06-06 00:00:00+05:30,3.7287904290270637,2314.95,2213.75,3.6628193855285645,1379552,0.0,0.0,ADANIENT.NS,Adani Enterprises Limited,Thermal Coal,Energy,Mr. Gautambhai Shantilal Adani S.Y. B.Com,"Ahmedabad, India",https://www.adanienterprises.com,2308.8,2238.85,2664840298496,77.06275,29.96,0.00059999997,3743.9,2025.0
2005-06-07 00:00:00+05:30,3.7001071648932813,2314.95,2213.75,3.6628193855285645,1379552,0.0,0.0,ADANIENT.NS,Adani Enterprises Limited,Thermal Coal,Energy,Mr. Gautambhai Shantilal Adani S.Y. B.Com,"Ahmedabad, India",https://www.adanienterprises.com,2308.8,2238.85,2664840298496,77.06275,29.96,0.00059999997,3743.9,2025.0
2005-06-08 00:00:00+05:30,3.728790994200431,2314.95,2213.75,3.7259223461151123,1379552,0.0,0.0,ADANIENT.NS,Adani Enterprises Limited,Thermal Coal,Energy,Mr. Gautambhai Shantilal Adani S.Y. B.Com,"Ahmedabad, India",https://www.adanienterprises.com,2308.8,2238.85,2664840298496,77.06275,29.96,0.00059999997,3743.9,2025.0
2005-06-09 00:00:00+05:30,3.786155817240334,2314.95,2213.75,3.7832882404327393,1379552,0.0,0.0,ADANIENT.NS,Adani Enterprises Limited,Thermal Coal,Energy,Mr. Gautambhai Shantilal Adani S.Y. B.Com,"Ahmedabad, India",https://www.adanienterprises.com,2308.8,2238.85,2664840298496,77.06275,29.96,0.00059999997,3743.9,2025.0
2005-06-10 00:00:00+05:30,3.823444813933959,2314.95,2213.75,3.8004984855651855,1379552,0.0,0.0,ADANIENT.NS,Adani Enterprises Limited,Thermal Coal,Energy,Mr. Gautambhai Shantilal Adani S.Y. B.Com,"Ahmedabad, India",https://www.adanienterprises.com,2308.8,2238.85,2664840298496,77.06275,29.96,0.00059999997,3743.9,2025.0
2005-06-13 00:00:00+05:30,3.8148391390817475,2314.95,2213.75,3.7402632236480713,1379552,0.0,0.0,ADANIENT.NS,Adani Enterprises Limited,Thermal Coal,Energy,Mr. Gautambhai Shantilal Adani S.Y. B.Com,"Ahmedabad, India",https://www.adanienterprises.com,2308.8,2238.85,2664840298496,77.06275,29.96,0.00059999997,3743.9,2025.0
2005-06-14 00:00:00+05:30,3.7316587084432027,2314.95,2213.75,3.7402632236480713,1379552,0.0,0.0,ADANIENT.NS,Adani Enterprises Limited,Thermal Coal,Energy,Mr. Gautambhai Shantilal Adani S.Y. B.Com,"Ahmedabad, India",https://www.adanienterprises.com,2308.8,2238.85,2664840298496,77.06275,29.96,0.00059999997,3743.9,2025.0
2005-06-15 00:00:00+05:30,3.76894694608856,2314.95,2213.75,3.7230539321899414,1379552,0.0,0.0,ADANIENT.NS,Adani Enterprises Limited,Thermal Coal,Energy,Mr. Gautambhai Shantilal Adani S.Y. B.Com,"Ahmedabad, India",https://www.adanienterprises.com,2308.8,2238.85,2664840298496,77.06275,29.96,0.00059999997,3743.9,2025.0
2005-06-16 00:00:00+05:30,3.7431318797504325,2314.95,2213.75,3.654214859008789,1379552,0.0,0.0,ADANIENT.NS,Adani Enterprises Limited,Thermal Coal,Energy,Mr. Gautambhai Shantilal Adani S.Y. B.Com,"Ahmedabad, India",https://www.adanienterprises.com,2308.8,2238.85,2664840298496,77.06275,29.96,0.00059999997,3743.9,2025.0
2005-06-17 00:00:00+05:30,3.7173174003488154,2314.95,2213.75,3.5739028453826904,1379552,0.0,0.0,ADANIENT.NS,Adani Enterprises Limited,Thermal Coal,Energy,Mr. Gautambhai Shantilal Adani S.Y. B.Com,"Ahmedabad, India",https://www.adanienterprises.com,2308.8,2238.85,2664840298496,77.06275,29.96,0.00059999997,3743.9,2025.0
2005-06-20 00:00:00+05:30,3.648478047436372,2314.95,2213.75,3.754605531692505,1379552,0.0,0.0,ADANIENT.NS,Adani Enterprises Limited,Thermal Coal,Energy,Mr. Gautambhai Shantilal Adani S.Y. B.Com,"Ahmedabad, India",https://www.adanienterprises.com,2308.8,2238.85,2664840298496,77.06275,29.96,0.00059999997,3743.9,2025.0
2005-06-21 00:00:00+05:30,3.7287901777858785,2314.95,2213.75,3.6570825576782227,1379552,0.0,0.0,ADANIENT.NS,Adani Enterprises Limited,Thermal Coal,Energy,Mr. Gautambhai Shantilal Adani S.Y. B.Com,"Ahmedabad, India",https://www.adanienterprises.com,2308.8,2238.85,2664840298496,77.06275,29.96,0.00059999997,3743.9,2025.0
2005-06-22 00:00:00+05:30,3.6140587814964613,2314.95,2213.75,3.7431318759918213,1379552,0.0,0.0,ADANIENT.NS,Adani Enterprises Limited,Thermal Coal,Energy,Mr. Gautambhai Shantilal Adani S.Y. B.Com,"Ahmedabad, India",https://www.adanienterprises.com,2308.8,2238.85,2664840298496,77.06275,29.96,0.00059999997,3743.9,2025.0
2005-06-23 00:00:00+05:30,3.654215609449056,2314.95,2213.75,3.68576717376709,1379552,0.0,0.0,ADANIENT.NS,Adani Enterprises Limited,Thermal Coal,Energy,Mr. Gautambhai Shantilal Adani S.Y. B.Com,"Ahmedabad, India",https://www.adanienterprises.com,2308.8,2238.85,2664840298496,77.06275,29.96,0.00059999997,3743.9,2025.0
2005-06-24 00:00:00+05:30,3.6570830873424045,2314.95,2213.75,3.6972391605377197,1379552,0.0,0.0,ADANIENT.NS,Adani Enterprises Limited,Thermal Coal,Energy,Mr. Gautambhai Shantilal Adani S.Y. B.Com,"Ahmedabad, India",https://www.adanienterprises.com,2308.8,2238.85,2664840298496,77.06275,29.96,0.00059999997,3743.9,2025.0
2005-06-27 00:00:00+05:30,3.723054588295523,2314.95,2213.75,3.6685574054718018,1379552,0.0,0.0,ADANIENT.NS,Adani Enterprises Limited,Thermal Coal,Energy,Mr. Gautambhai Shantilal Adani S.Y. B.Com,"Ahmedabad, India",https://www.adanienterprises.com,2308.8,2238.85,2664840298496,77.06275,29.96,0.00059999997,3743.9,2025.0
2005-06-28 00:00:00+05:30,3.6857665951415717,2314.95,2213.75,3.6054537296295166,1379552,0.0,0.0,ADANIENT.NS,Adani Enterprises Limited,Thermal Coal,Energy,Mr. Gautambhai Shantilal Adani S.Y. B.Com,"Ahmedabad, India",https://www.adanienterprises.com,2308.8,2238.85,2664840298496,77.06275,29.96,0.00059999997,3743.9,2025.0
2005-06-29 00:00:00+05:30,3.614059545606852,2314.95,2213.75,3.5939815044403076,1379552,0.0,0.0,ADANIENT.NS,Adani Enterprises Limited,Thermal Coal,Energy,Mr. Gautambhai Shantilal Adani S.Y. B.Com,"Ahmedabad, India",https://www.adanienterprises.com,2308.8,2238.85,2664840298496,77.06275,29.96,0.00059999997,3743.9,2025.0
2005-06-30 00:00:00+05:30,3.728792051794642,2314.95,2213.75,3.585376739501953,1379552,0.0,0.0,ADANIENT.NS,Adani Enterprises Limited,Thermal Coal,Energy,Mr. Gautambhai Shantilal Adani S.Y. B.Com,"Ahmedabad, India",https://www.adanienterprises.com,2308.8,2238.85,2664840298496,77.06275,29.96,0.00059999997,3743.9,2025.0
2005-07-01 00:00:00+05:30,3.6599515783623655,2314.95,2213.75,3.5739028453826904,1379552,0.0,0.0,ADANIENT.NS,Adani Enterprises Limited,Thermal Coal,Energy,Mr. Gautambhai Shantilal Adani S.Y. B.Com,"Ahmedabad, India",https://www.adanienterprises.com,2308.8,2238.85,2664840298496,77.06275,29.96,0.00059999997,3743.9,2025.0
2005-07-04 00:00:00+05:30,3.6226633485240596,2314.95,2213.75,3.5997166633605957,1379552,0.0,0.0,ADANIENT.NS,Adani Enterprises Limited,Thermal Coal,Energy,Mr. Gautambhai Shantilal Adani S.Y. B.Com,"Ahmedabad, India",https://www.adanienterprises.com,2308.8,2238.85,2664840298496,77.06275,29.96,0.00059999997,3743.9,2025.0
2005-07-05 00:00:00+05:30,3.59398082453089,2314.95,2213.75,3.714449405670166,1379552,0.0,0.0,ADANIENT.NS,Adani Enterprises Limited,Thermal Coal,Energy,Mr. Gautambhai Shantilal Adani S.Y. B.Com,"Ahmedabad, India",https://www.adanienterprises.com,2308.8,2238.85,2664840298496,77.06275,29.96,0.00059999997,3743.9,2025.0
2005-07-06 00:00:00+05:30,3.728790994200431,2314.95,2213.75,3.7259223461151123,1379552,0.0,0.0,ADANIENT.NS,Adani Enterprises Limited,Thermal Coal,Energy,Mr. Gautambhai Shantilal Adani S.Y. B.Com,"Ahmedabad, India",https://www.adanienterprises.com,2308.8,2238.85,2664840298496,77.06275,29.96,0.00059999997,3743.9,2025.0
2005-07-07 00:00:00+05:30,3.7345272269356906,2314.95,2213.75,3.6427419185638428,1379552,0.0,0.0,ADANIENT.NS,Adani Enterprises Limited,Thermal Coal,Energy,Mr. Gautambhai Shantilal Adani S.Y. B.Com,"Ahmedabad, India",https://www.adanienterprises.com,2308.8,2238.85,2664840298496,77.06275,29.96,0.00059999997,3743.9,2025.0
2005-07-08 00:00:00+05:30,3.6599517079491437,2314.95,2213.75,3.677161455154419,1379552,0.0,0.0,ADANIENT.NS,Adani Enterprises Limited,Thermal Coal,Energy,Mr. Gautambhai Shantilal Adani S.Y. B.Com,"Ahmedabad, India",https://www.adanienterprises.com,2308.8,2238.85,2664840298496,77.06275,29.96,0.00059999997,3743.9,2025.0
2005-07-11 00:00:00+05:30,3.728790819166875,2314.95,2213.75,3.7746834754943848,1379552,0.0,0.0,ADANIENT.NS,Adani Enterprises Limited,Thermal Coal,Energy,Mr. Gautambhai Shantilal Adani S.Y. B.Com,"Ahmedabad, India",https://www.adanienterprises.com,2308.8,2238.85,2664840298496,77.06275,29.96,0.00059999997,3743.9,2025.0
2005-07-12 00:00:00+05:30,3.702976060325657,2314.95,2213.75,3.760342597961426,1379552,0.0,0.0,ADANIENT.NS,Adani Enterprises Limited,Thermal Coal,Energy,Mr. Gautambhai Shantilal Adani S.Y. B.Com,"Ahmedabad, India",https://www.adanienterprises.com,2308.8,2238.85,2664840298496,77.06275,29.96,0.00059999997,3743.9,2025.0
2005-07-13 00:00:00+05:30,3.786156316474312,2314.95,2213.75,3.8004984855651855,1379552,0.0,0.0,ADANIENT.NS,Adani Enterprises Limited,Thermal Coal,Energy,Mr. Gautambhai Shantilal Adani S.Y. B.Com,"Ahmedabad, India",https://www.adanienterprises.com,2308.8,2238.85,2664840298496,77.06275,29.96,0.00059999997,3743.9,2025.0
2005-07-14 00:00:00+05:30,3.8377859078206087,2314.95,2213.75,3.7976298332214355,1379552,0.0,0.0,ADANIENT.NS,Adani Enterprises Limited,Thermal Coal,Energy,Mr. Gautambhai Shantilal Adani S.Y. B.Com,"Ahmedabad, India",https://www.adanienterprises.com,2308.8,2238.85,2664840298496,77.06275,29.96,0.00059999997,3743.9,2025.0
2005-07-15 00:00:00+05:30,3.814840429215786,2314.95,2213.75,3.809103488922119,1379552,0.0,0.0,ADANIENT.NS,Adani Enterprises Limited,Thermal Coal,Energy,Mr. Gautambhai Shantilal Adani S.Y. B.Com,"Ahmedabad, India",https://www.adanienterprises.com,2308.8,2238.85,2664840298496,77.06275,29.96,0.00059999997,3743.9,2025.0
2005-07-18 00:00:00+05:30,3.814839579478224,2314.95,2213.75,3.7976298332214355,1379552,0.0,0.0,ADANIENT.NS,Adani Enterprises Limited,Thermal Coal,Energy,Mr. Gautambhai Shantilal Adani S.Y. B.Com,"Ahmedabad, India",https://www.adanienterprises.com,2308.8,2238.85,2664840298496,77.06275,29.96,0.00059999997,3743.9,2025.0
2005-07-19 00:00:00+05:30,3.8607324326380645,2314.95,2213.75,3.760342597961426,1379552,0.0,0.0,ADANIENT.NS,Adani Enterprises Limited,Thermal Coal,Energy,Mr. Gautambhai Shantilal Adani S.Y. B.Com,"Ahmedabad, India",https://www.adanienterprises.com,2308.8,2238.85,2664840298496,77.06275,29.96,0.00059999997,3743.9,2025.0
2005-07-20 00:00:00+05:30,3.837786762669357,2314.95,2213.75,3.809103488922119,1379552,0.0,0.0,ADANIENT.NS,Adani Enterprises Limited,Thermal Coal,Energy,Mr. Gautambhai Shantilal Adani S.Y. B.Com,"Ahmedabad, India",https://www.adanienterprises.com,2308.8,2238.85,2664840298496,77.06275,29.96,0.00059999997,3743.9,2025.0
2005-07-21 00:00:00+05:30,3.786156887697647,2314.95,2213.75,3.780421018600464,1379552,0.0,0.0,ADANIENT.NS,Adani Enterprises Limited,Thermal Coal,Energy,Mr. Gautambhai Shantilal Adani S.Y. B.Com,"Ahmedabad, India",https://www.adanienterprises.com,2308.8,2238.85,2664840298496,77.06275,29.96,0.00059999997,3743.9,2025.0
2005-07-22 00:00:00+05:30,3.8234446366184534,2314.95,2213.75,3.757473945617676,1379552,0.0,0.0,ADANIENT.NS,Adani Enterprises Limited,Thermal Coal,Energy,Mr. Gautambhai Shantilal Adani S.Y. B.Com,"Ahmedabad, India",https://www.adanienterprises.com,2308.8,2238.85,2664840298496,77.06275,29.96,0.00059999997,3743.9,2025.0
2005-07-25 00:00:00+05:30,3.7947616069773766,2314.95,2213.75,3.754605531692505,1379552,0.0,0.0,ADANIENT.NS,Adani Enterprises Limited,Thermal Coal,Energy,Mr. Gautambhai Shantilal Adani S.Y. B.Com,"Ahmedabad, India",https://www.adanienterprises.com,2308.8,2238.85,2664840298496,77.06275,29.96,0.00059999997,3743.9,2025.0
2005-07-26 00:00:00+05:30,3.6771614765745353,2314.95,2213.75,3.791893482208252,1379552,0.0,0.0,ADANIENT.NS,Adani Enterprises Limited,Thermal Coal,Energy,Mr. Gautambhai Shantilal Adani S.Y. B.Com,"Ahmedabad, India",https://www.adanienterprises.com,2308.8,2238.85,2664840298496,77.06275,29.96,0.00059999997,3743.9,2025.0
2005-07-27 00:00:00+05:30,3.7689465324049354,2314.95,2213.75,3.7718148231506348,1379552,0.0,0.0,ADANIENT.NS,Adani Enterprises Limited,Thermal Coal,Energy,Mr. Gautambhai Shantilal Adani S.Y. B.Com,"Ahmedabad, India",https://www.adanienterprises.com,2308.8,2238.85,2664840298496,77.06275,29.96,0.00059999997,3743.9,2025.0
2005-07-28 00:00:00+05:30,6.922016143798828,2314.95,2213.75,6.922016143798828,1379552,0.0,0.0,ADANIENT.NS,Adani Enterprises Limited,Thermal Coal,Energy,Mr. Gautambhai Shantilal Adani S.Y. B.Com,"Ahmedabad, India",https://www.adanienterprises.com,2308.8,2238.85,2664840298496,77.06275,29.96,0.00059999997,3743.9,2025.0
2005-07-29 00:00:00+05:30,3.731659004261999,2314.95,2213.75,3.6943705081939697,1379552,0.0,0.0,ADANIENT.NS,Adani Enterprises Limited,Thermal Coal,Energy,Mr. Gautambhai Shantilal Adani S.Y. B.Com,"Ahmedabad, India",https://www.adanienterprises.com,2308.8,2238.85,2664840298496,77.06275,29.96,0.00059999997,3743.9,2025.0
2005-08-01 00:00:00+05:30,3.6828982386480686,2314.95,2213.75,3.6456100940704346,1379552,0.0,0.0,ADANIENT.NS,Adani Enterprises Limited,Thermal Coal,Energy,Mr. Gautambhai Shantilal Adani S.Y. B.Com,"Ahmedabad, India",https://www.adanienterprises.com,2308.8,2238.85,2664840298496,77.06275,29.96,0.00059999997,3743.9,2025.0
2005-08-02 00:00:00+05:30,3.6714240226518764,2314.95,2213.75,3.751736879348755,1379552,0.0,0.0,ADANIENT.NS,Adani Enterprises Limited,Thermal Coal,Energy,Mr. Gautambhai Shantilal Adani S.Y. B.Com,"Ahmedabad, India",https://www.adanienterprises.com,2308.8,2238.85,2664840298496,77.06275,29.96,0.00059999997,3743.9,2025.0
2005-08-03 00:00:00+05:30,3.786156504799905,2314.95,2213.75,3.760342597961426,1379552,0.0,0.0,ADANIENT.NS,Adani Enterprises Limited,Thermal Coal,Energy,Mr. Gautambhai Shantilal Adani S.Y. B.Com,"Ahmedabad, India",https://www.adanienterprises.com,2308.8,2238.85,2664840298496,77.06275,29.96,0.00059999997,3743.9,2025.0
2005-08-04 00:00:00+05:30,3.7660783391294106,2314.95,2213.75,3.754605531692505,1379552,0.0,0.0,ADANIENT.NS,Adani Enterprises Limited,Thermal Coal,Energy,Mr. Gautambhai Shantilal Adani S.Y. B.Com,"Ahmedabad, India",https://www.adanienterprises.com,2308.8,2238.85,2664840298496,77.06275,29.96,0.00059999997,3743.9,2025.0
2005-08-05 00:00:00+05:30,3.9224790202055635,2314.95,2213.75,3.8776679039001465,1379552,0.2,0.0,ADANIENT.NS,Adani Enterprises Limited,Thermal Coal,Energy,Mr. Gautambhai Shantilal Adani S.Y. B.Com,"Ahmedabad, India",https://www.adanienterprises.com,2308.8,2238.85,2664840298496,77.06275,29.96,0.00059999997,3743.9,2025.0
2005-08-08 00:00:00+05:30,3.9015664473822156,2314.95,2213.75,3.859743118286133,1379552,0.0,0.0,ADANIENT.NS,Adani Enterprises Limited,Thermal Coal,Energy,Mr. Gautambhai Shantilal Adani S.Y. B.Com,"Ahmedabad, India",https://www.adanienterprises.com,2308.8,2238.85,2664840298496,77.06275,29.96,0.00059999997,3743.9,2025.0
2005-08-09 00:00:00+05:30,3.8477933675783564,2314.95,2213.75,3.8268818855285645,1379552,0.0,0.0,ADANIENT.NS,Adani Enterprises Limited,Thermal Coal,Energy,Mr. Gautambhai Shantilal Adani S.Y. B.Com,"Ahmedabad, India",https://www.adanienterprises.com,2308.8,2238.85,2664840298496,77.06275,29.96,0.00059999997,3743.9,2025.0
2005-08-10 00:00:00+05:30,3.8388324238431673,2314.95,2213.75,3.8806557655334473,1379552,0.0,0.0,ADANIENT.NS,Adani Enterprises Limited,Thermal Coal,Energy,Mr. Gautambhai Shantilal Adani S.Y. B.Com,"Ahmedabad, India",https://www.adanienterprises.com,2308.8,2238.85,2664840298496,77.06275,29.96,0.00059999997,3743.9,2025.0
2005-08-11 00:00:00+05:30,3.925467258833075,2314.95,2213.75,3.8806557655334473,1379552,0.0,0.0,ADANIENT.NS,Adani Enterprises Limited,Thermal Coal,Energy,Mr. Gautambhai Shantilal Adani S.Y. B.Com,"Ahmedabad, India",https://www.adanienterprises.com,2308.8,2238.85,2664840298496,77.06275,29.96,0.00059999997,3743.9,2025.0
2005-08-12 00:00:00+05:30,3.8866304341538007,2314.95,2213.75,3.868705987930298,1379552,0.0,0.0,ADANIENT.NS,Adani Enterprises Limited,Thermal Coal,Energy,Mr. Gautambhai Shantilal Adani S.Y. B.Com,"Ahmedabad, India",https://www.adanienterprises.com,2308.8,2238.85,2664840298496,77.06275,29.96,0.00059999997,3743.9,2025.0
2005-08-16 00:00:00+05:30,3.8567562334270726,2314.95,2213.75,3.853768825531006,1379552,0.0,0.0,ADANIENT.NS,Adani Enterprises Limited,Thermal Coal,Energy,Mr. Gautambhai Shantilal Adani S.Y. B.Com,"Ahmedabad, India",https://www.adanienterprises.com,2308.8,2238.85,2664840298496,77.06275,29.96,0.00059999997,3743.9,2025.0
2005-08-17 00:00:00+05:30,3.871692375347148,2314.95,2213.75,3.859743118286133,1379552,0.0,0.0,ADANIENT.NS,Adani Enterprises Limited,Thermal Coal,Energy,Mr. Gautambhai Shantilal Adani S.Y. B.Com,"Ahmedabad, India",https://www.adanienterprises.com,2308.8,2238.85,2664840298496,77.06275,29.96,0.00059999997,3743.9,2025.0
2005-08-18 00:00:00+05:30,3.8806550958605697,2314.95,2213.75,3.874680280685425,1379552,0.0,0.0,ADANIENT.NS,Adani Enterprises Limited,Thermal Coal,Energy,Mr. Gautambhai Shantilal Adani S.Y. B.Com,"Ahmedabad, India",https://www.adanienterprises.com,2308.8,2238.85,2664840298496,77.06275,29.96,0.00059999997,3743.9,2025.0
2005-08-19 00:00:00+05:30,3.8836434574518446,2314.95,2213.75,3.8477938175201416,1379552,0.0,0.0,ADANIENT.NS,Adani Enterprises Limited,Thermal Coal,Energy,Mr. Gautambhai Shantilal Adani S.Y. B.Com,"Ahmedabad, India",https://www.adanienterprises.com,2308.8,2238.85,2664840298496,77.06275,29.96,0.00059999997,3743.9,2025.0
2005-08-22 00:00:00+05:30,3.853768427572418,2314.95,2213.75,3.874680280685425,1379552,0.0,0.0,ADANIENT.NS,Adani Enterprises Limited,Thermal Coal,Energy,Mr. Gautambhai Shantilal Adani S.Y. B.Com,"Ahmedabad, India",https://www.adanienterprises.com,2308.8,2238.85,2664840298496,77.06275,29.96,0.00059999997,3743.9,2025.0
2005-08-23 00:00:00+05:30,3.9284551689769343,2314.95,2213.75,3.7880465984344482,1379552,0.0,0.0,ADANIENT.NS,Adani Enterprises Limited,Thermal Coal,Energy,Mr. Gautambhai Shantilal Adani S.Y. B.Com,"Ahmedabad, India",https://www.adanienterprises.com,2308.8,2238.85,2664840298496,77.06275,29.96,0.00059999997,3743.9,2025.0
2005-08-24 00:00:00+05:30,3.8836434992675635,2314.95,2213.75,3.7641468048095703,1379552,0.0,0.0,ADANIENT.NS,Adani Enterprises Limited,Thermal Coal,Energy,Mr. Gautambhai Shantilal Adani S.Y. B.Com,"Ahmedabad, India",https://www.adanienterprises.com,2308.8,2238.85,2664840298496,77.06275,29.96,0.00059999997,3743.9,2025.0
2005-08-25 00:00:00+05:30,3.823894504720405,2314.95,2213.75,3.7312848567962646,1379552,0.0,0.0,ADANIENT.NS,Adani Enterprises Limited,Thermal Coal,Energy,Mr. Gautambhai Shantilal Adani S.Y. B.Com,"Ahmedabad, India",https://www.adanienterprises.com,2308.8,2238.85,2664840298496,77.06275,29.96,0.00059999997,3743.9,2025.0
2005-08-26 00:00:00+05:30,3.8149328582724986,2314.95,2213.75,3.7970080375671387,1379552,0.0,0.0,ADANIENT.NS,Adani Enterprises Limited,Thermal Coal,Energy,Mr. Gautambhai Shantilal Adani S.Y. B.Com,"Ahmedabad, India",https://www.adanienterprises.com,2308.8,2238.85,2664840298496,77.06275,29.96,0.00059999997,3743.9,2025.0
2005-08-29 00:00:00+05:30,3.7641469195745163,2314.95,2213.75,3.7970080375671387,1379552,0.0,0.0,ADANIENT.NS,Adani Enterprises Limited,Thermal Coal,Energy,Mr. Gautambhai Shantilal Adani S.Y. B.Com,"Ahmedabad, India",https://www.adanienterprises.com,2308.8,2238.85,2664840298496,77.06275,29.96,0.00059999997,3743.9,2025.0
2005-08-30 00:00:00+05:30,3.820907602768115,2314.95,2213.75,3.8059701919555664,1379552,0.0,0.0,ADANIENT.NS,Adani Enterprises Limited,Thermal Coal,Energy,Mr. Gautambhai Shantilal Adani S.Y. B.Com,"Ahmedabad, India",https://www.adanienterprises.com,2308.8,2238.85,2664840298496,77.06275,29.96,0.00059999997,3743.9,2025.0
2005-08-31 00:00:00+05:30,3.805970238708003,2314.95,2213.75,4.286944389343262,1379552,0.0,0.0,ADANIENT.NS,Adani Enterprises Limited,Thermal Coal,Energy,Mr. Gautambhai Shantilal Adani S.Y. B.Com,"Ahmedabad, India",https://www.adanienterprises.com,2308.8,2238.85,2664840298496,77.06275,29.96,0.00059999997,3743.9,2025.0
2005-09-01 00:00:00+05:30,4.31681834515935,2314.95,2213.75,4.212258338928223,1379552,0.0,0.0,ADANIENT.NS,Adani Enterprises Limited,Thermal Coal,Energy,Mr. Gautambhai Shantilal Adani S.Y. B.Com,"Ahmedabad, India",https://www.adanienterprises.com,2308.8,2238.85,2664840298496,77.06275,29.96,0.00059999997,3743.9,2025.0
2005-09-02 00:00:00+05:30,4.188359111132402,2314.95,2213.75,4.068862438201904,1379552,0.0,0.0,ADANIENT.NS,Adani Enterprises Limited,Thermal Coal,Energy,Mr. Gautambhai Shantilal Adani S.Y. B.Com,"Ahmedabad, India",https://www.adanienterprises.com,2308.8,2238.85,2664840298496,77.06275,29.96,0.00059999997,3743.9,2025.0
2005-09-05 00:00:00+05:30,4.092762938050725,2314.95,2213.75,4.1674485206604,1379552,0.0,0.0,ADANIENT.NS,Adani Enterprises Limited,Thermal Coal,Energy,Mr. Gautambhai Shantilal Adani S.Y. B.Com,"Ahmedabad, India",https://www.adanienterprises.com,2308.8,2238.85,2664840298496,77.06275,29.96,0.00059999997,3743.9,2025.0
2005-09-06 00:00:00+05:30,4.212257831449807,2314.95,2213.75,4.074836730957031,1379552,0.0,0.0,ADANIENT.NS,Adani Enterprises Limited,Thermal Coal,Energy,Mr. Gautambhai Shantilal Adani S.Y. B.Com,"Ahmedabad, India",https://www.adanienterprises.com,2308.8,2238.85,2664840298496,77.06275,29.96,0.00059999997,3743.9,2025.0
2005-09-08 00:00:00+05:30,4.104713061346419,2314.95,2213.75,4.065876007080078,1379552,0.0,0.0,ADANIENT.NS,Adani Enterprises Limited,Thermal Coal,Energy,Mr. Gautambhai Shantilal Adani S.Y. B.Com,"Ahmedabad, India",https://www.adanienterprises.com,2308.8,2238.85,2664840298496,77.06275,29.96,0.00059999997,3743.9,2025.0
2005-09-09 00:00:00+05:30,4.188358922704916,2314.95,2213.75,4.030025959014893,1379552,0.0,0.0,ADANIENT.NS,Adani Enterprises Limited,Thermal Coal,Energy,Mr. Gautambhai Shantilal Adani S.Y. B.Com,"Ahmedabad, India",https://www.adanienterprises.com,2308.8,2238.85,2664840298496,77.06275,29.96,0.00059999997,3743.9,2025.0
2005-09-12 00:00:00+05:30,4.033014657273294,2314.95,2213.75,4.021064281463623,1379552,0.0,0.0,ADANIENT.NS,Adani Enterprises Limited,Thermal Coal,Energy,Mr. Gautambhai Shantilal Adani S.Y. B.Com,"Ahmedabad, India",https://www.adanienterprises.com,2308.8,2238.85,2664840298496,77.06275,29.96,0.00059999997,3743.9,2025.0
2005-09-13 00:00:00+05:30,4.056914122446139,2314.95,2213.75,4.009115219116211,1379552,0.0,0.0,ADANIENT.NS,Adani Enterprises Limited,Thermal Coal,Energy,Mr. Gautambhai Shantilal Adani S.Y. B.Com,"Ahmedabad, India",https://www.adanienterprises.com,2308.8,2238.85,2664840298496,77.06275,29.96,0.00059999997,3743.9,2025.0
2005-09-14 00:00:00+05:30,4.0569134498680315,2314.95,2213.75,3.940404176712036,1379552,0.0,0.0,ADANIENT.NS,Adani Enterprises Limited,Thermal Coal,Energy,Mr. Gautambhai Shantilal Adani S.Y. B.Com,"Ahmedabad, India",https://www.adanienterprises.com,2308.8,2238.85,2664840298496,77.06275,29.96,0.00059999997,3743.9,2025.0
2005-09-15 00:00:00+05:30,3.997164811607159,2314.95,2213.75,3.955341100692749,1379552,0.0,0.0,ADANIENT.NS,Adani Enterprises Limited,Thermal Coal,Energy,Mr. Gautambhai Shantilal Adani S.Y. B.Com,"Ahmedabad, India",https://www.adanienterprises.com,2308.8,2238.85,2664840298496,77.06275,29.96,0.00059999997,3743.9,2025.0
2005-09-16 00:00:00+05:30,3.979241160150894,2314.95,2213.75,4.006127834320068,1379552,0.0,0.0,ADANIENT.NS,Adani Enterprises Limited,Thermal Coal,Energy,Mr. Gautambhai Shantilal Adani S.Y. B.Com,"Ahmedabad, India",https://www.adanienterprises.com,2308.8,2238.85,2664840298496,77.06275,29.96,0.00059999997,3743.9,2025.0
2005-09-19 00:00:00+05:30,4.033014443715029,2314.95,2213.75,4.1853718757629395,1379552,0.0,0.0,ADANIENT.NS,Adani Enterprises Limited,Thermal Coal,Energy,Mr. Gautambhai Shantilal Adani S.Y. B.Com,"Ahmedabad, India",https://www.adanienterprises.com,2308.8,2238.85,2664840298496,77.06275,29.96,0.00059999997,3743.9,2025.0
2005-09-20 00:00:00+05:30,4.200308574616745,2314.95,2213.75,4.074836730957031,1379552,0.0,0.0,ADANIENT.NS,Adani Enterprises Limited,Thermal Coal,Energy,Mr. Gautambhai Shantilal Adani S.Y. B.Com,"Ahmedabad, India",https://www.adanienterprises.com,2308.8,2238.85,2664840298496,77.06275,29.96,0.00059999997,3743.9,2025.0
2005-09-21 00:00:00+05:30,3.9433915802420567,2314.95,2213.75,3.937417507171631,1379552,0.0,0.0,ADANIENT.NS,Adani Enterprises Limited,Thermal Coal,Energy,Mr. Gautambhai Shantilal Adani S.Y. B.Com,"Ahmedabad, India",https://www.adanienterprises.com,2308.8,2238.85,2664840298496,77.06275,29.96,0.00059999997,3743.9,2025.0
2005-09-22 00:00:00+05:30,3.937417123886749,2314.95,2213.75,3.7312848567962646,1379552,0.0,0.0,ADANIENT.NS,Adani Enterprises Limited,Thermal Coal,Energy,Mr. Gautambhai Shantilal Adani S.Y. B.Com,"Ahmedabad, India",https://www.adanienterprises.com,2308.8,2238.85,2664840298496,77.06275,29.96,0.00059999997,3743.9,2025.0
2005-09-23 00:00:00+05:30,3.7611586223299556,2314.95,2213.75,3.7581708431243896,1379552,0.0,0.0,ADANIENT.NS,Adani Enterprises Limited,Thermal Coal,Energy,Mr. Gautambhai Shantilal Adani S.Y. B.Com,"Ahmedabad, India",https://www.adanienterprises.com,2308.8,2238.85,2664840298496,77.06275,29.96,0.00059999997,3743.9,2025.0
2005-09-26 00:00:00+05:30,3.7790830133066353,2314.95,2213.75,3.868705987930298,1379552,0.0,0.0,ADANIENT.NS,Adani Enterprises Limited,Thermal Coal,Energy,Mr. Gautambhai Shantilal Adani S.Y. B.Com,"Ahmedabad, India",https://www.adanienterprises.com,2308.8,2238.85,2664840298496,77.06275,29.96,0.00059999997,3743.9,2025.0
2005-09-27 00:00:00+05:30,3.871692510836761,2314.95,2213.75,3.8418188095092773,1379552,0.0,0.0,ADANIENT.NS,Adani Enterprises Limited,Thermal Coal,Energy,Mr. Gautambhai Shantilal Adani S.Y. B.Com,"Ahmedabad, India",https://www.adanienterprises.com,2308.8,2238.85,2664840298496,77.06275,29.96,0.00059999997,3743.9,2025.0
2005-09-28 00:00:00+05:30,3.8627314209723034,2314.95,2213.75,3.853768825531006,1379552,0.0,0.0,ADANIENT.NS,Adani Enterprises Limited,Thermal Coal,Energy,Mr. Gautambhai Shantilal Adani S.Y. B.Com,"Ahmedabad, India",https://www.adanienterprises.com,2308.8,2238.85,2664840298496,77.06275,29.96,0.00059999997,3743.9,2025.0
2005-09-29 00:00:00+05:30,3.862732048959235,2314.95,2213.75,3.8179209232330322,1379552,0.0,0.0,ADANIENT.NS,Adani Enterprises Limited,Thermal Coal,Energy,Mr. Gautambhai Shantilal Adani S.Y. B.Com,"Ahmedabad, India",https://www.adanienterprises.com,2308.8,2238.85,2664840298496,77.06275,29.96,0.00059999997,3743.9,2025.0
2005-09-30 00:00:00+05:30,3.832857190364873,2314.95,2213.75,3.7641468048095703,1379552,0.0,0.0,ADANIENT.NS,Adani Enterprises Limited,Thermal Coal,Energy,Mr. Gautambhai Shantilal Adani S.Y. B.Com,"Ahmedabad, India",https://www.adanienterprises.com,2308.8,2238.85,2664840298496,77.06275,29.96,0.00059999997,3743.9,2025.0
2005-10-03 00:00:00+05:30,3.8507812394378633,2314.95,2213.75,3.814932346343994,1379552,0.0,0.0,ADANIENT.NS,Adani Enterprises Limited,Thermal Coal,Energy,Mr. Gautambhai Shantilal Adani S.Y. B.Com,"Ahmedabad, India",https://www.adanienterprises.com,2308.8,2238.85,2664840298496,77.06275,29.96,0.00059999997,3743.9,2025.0
2005-10-04 00:00:00+05:30,3.850781649456561,2314.95,2213.75,3.946378707885742,1379552,0.0,0.0,ADANIENT.NS,Adani Enterprises Limited,Thermal Coal,Energy,Mr. Gautambhai Shantilal Adani S.Y. B.Com,"Ahmedabad, India",https://www.adanienterprises.com,2308.8,2238.85,2664840298496,77.06275,29.96,0.00059999997,3743.9,2025.0
2005-10-05 00:00:00+05:30,3.9433910972498163,2314.95,2213.75,3.955341100692749,1379552,0.0,0.0,ADANIENT.NS,Adani Enterprises Limited,Thermal Coal,Energy,Mr. Gautambhai Shantilal Adani S.Y. B.Com,"Ahmedabad, India",https://www.adanienterprises.com,2308.8,2238.85,2664840298496,77.06275,29.96,0.00059999997,3743.9,2025.0
2005-10-06 00:00:00+05:30,3.907542693322206,2314.95,2213.75,3.89559268951416,1379552,0.0,0.0,ADANIENT.NS,Adani Enterprises Limited,Thermal Coal,Energy,Mr. Gautambhai Shantilal Adani S.Y. B.Com,"Ahmedabad, India",https://www.adanienterprises.com,2308.8,2238.85,2664840298496,77.06275,29.96,0.00059999997,3743.9,2025.0
2005-10-07 00:00:00+05:30,3.889617841857718,2314.95,2213.75,3.868705987930298,1379552,0.0,0.0,ADANIENT.NS,Adani Enterprises Limited,Thermal Coal,Energy,Mr. Gautambhai Shantilal Adani S.Y. B.Com,"Ahmedabad, India",https://www.adanienterprises.com,2308.8,2238.85,2664840298496,77.06275,29.96,0.00059999997,3743.9,2025.0
2005-10-10 00:00:00+05:30,3.9135175458582965,2314.95,2213.75,3.814932346343994,1379552,0.0,0.0,ADANIENT.NS,Adani Enterprises Limited,Thermal Coal,Energy,Mr. Gautambhai Shantilal Adani S.Y. B.Com,"Ahmedabad, India",https://www.adanienterprises.com,2308.8,2238.85,2664840298496,77.06275,29.96,0.00059999997,3743.9,2025.0
2005-10-11 00:00:00+05:30,3.7701218362625295,2314.95,2213.75,3.767134428024292,1379552,0.0,0.0,ADANIENT.NS,Adani Enterprises Limited,Thermal Coal,Energy,Mr. Gautambhai Shantilal Adani S.Y. B.Com,"Ahmedabad, India",https://www.adanienterprises.com,2308.8,2238.85,2664840298496,77.06275,29.96,0.00059999997,3743.9,2025.0
2005-10-13 00:00:00+05:30,3.8029826909868985,2314.95,2213.75,3.7701215744018555,1379552,0.0,0.0,ADANIENT.NS,Adani Enterprises Limited,Thermal Coal,Energy,Mr. Gautambhai Shantilal Adani S.Y. B.Com,"Ahmedabad, India",https://www.adanienterprises.com,2308.8,2238.85,2664840298496,77.06275,29.96,0.00059999997,3743.9,2025.0
2005-10-14 00:00:00+05:30,3.79402157811599,2314.95,2213.75,3.7103734016418457,1379552,0.0,0.0,ADANIENT.NS,Adani Enterprises Limited,Thermal Coal,Energy,Mr. Gautambhai Shantilal Adani S.Y. B.Com,"Ahmedabad, India",https://www.adanienterprises.com,2308.8,2238.85,2664840298496,77.06275,29.96,0.00059999997,3743.9,2025.0
2005-10-17 00:00:00+05:30,3.734272251766,2314.95,2213.75,3.671536684036255,1379552,0.0,0.0,ADANIENT.NS,Adani Enterprises Limited,Thermal Coal,Energy,Mr. Gautambhai Shantilal Adani S.Y. B.Com,"Ahmedabad, India",https://www.adanienterprises.com,2308.8,2238.85,2664840298496,77.06275,29.96,0.00059999997,3743.9,2025.0
2005-10-18 00:00:00+05:30,3.6864737472762075,2314.95,2213.75,3.6685492992401123,1379552,0.0,0.0,ADANIENT.NS,Adani Enterprises Limited,Thermal Coal,Energy,Mr. Gautambhai Shantilal Adani S.Y. B.Com,"Ahmedabad, India",https://www.adanienterprises.com,2308.8,2238.85,2664840298496,77.06275,29.96,0.00059999997,3743.9,2025.0
2005-10-19 00:00:00+05:30,3.683486430355864,2314.95,2213.75,3.5968515872955322,1379552,0.0,0.0,ADANIENT.NS,Adani Enterprises Limited,Thermal Coal,Energy,Mr. Gautambhai Shantilal Adani S.Y. B.Com,"Ahmedabad, India",https://www.adanienterprises.com,2308.8,2238.85,2664840298496,77.06275,29.96,0.00059999997,3743.9,2025.0
2005-10-20 00:00:00+05:30,3.7342729950029243,2314.95,2213.75,3.510216236114502,1379552,0.0,0.0,ADANIENT.NS,Adani Enterprises Limited,Thermal Coal,Energy,Mr. Gautambhai Shantilal Adani S.Y. B.Com,"Ahmedabad, India",https://www.adanienterprises.com,2308.8,2238.85,2664840298496,77.06275,29.96,0.00059999997,3743.9,2025.0
2005-10-21 00:00:00+05:30,3.5251531370600344,2314.95,2213.75,3.5281405448913574,1379552,0.0,0.0,ADANIENT.NS,Adani Enterprises Limited,Thermal Coal,Energy,Mr. Gautambhai Shantilal Adani S.Y. B.Com,"Ahmedabad, India",https://www.adanienterprises.com,2308.8,2238.85,2664840298496,77.06275,29.96,0.00059999997,3743.9,2025.0
2005-10-24 00:00:00+05:30,3.5281405448913574,2314.95,2213.75,3.5281405448913574,1379552,0.0,0.0,ADANIENT.NS,Adani Enterprises Limited,Thermal Coal,Energy,Mr. Gautambhai Shantilal Adani S.Y. B.Com,"Ahmedabad, India",https://www.adanienterprises.com,2308.8,2238.85,2664840298496,77.06275,29.96,0.00059999997,3743.9,2025.0
2005-10-25 00:00:00+05:30,3.5281405448913574,2314.95,2213.75,3.5281405448913574,1379552,0.0,0.0,ADANIENT.NS,Adani Enterprises Limited,Thermal Coal,Energy,Mr. Gautambhai Shantilal Adani S.Y. B.Com,"Ahmedabad, India",https://www.adanienterprises.com,2308.8,2238.85,2664840298496,77.06275,29.96,0.00059999997,3743.9,2025.0
2005-10-26 00:00:00+05:30,3.5400904430427653,2314.95,2213.75,3.555027484893799,1379552,0.0,0.0,ADANIENT.NS,Adani Enterprises Limited,Thermal Coal,Energy,Mr. Gautambhai Shantilal Adani S.Y. B.Com,"Ahmedabad, India",https://www.adanienterprises.com,2308.8,2238.85,2664840298496,77.06275,29.96,0.00059999997,3743.9,2025.0
2005-10-27 00:00:00+05:30,3.5490525974122153,2314.95,2213.75,3.4893040657043457,1379552,0.0,0.0,ADANIENT.NS,Adani Enterprises Limited,Thermal Coal,Energy,Mr. Gautambhai Shantilal Adani S.Y. B.Com,"Ahmedabad, India",https://www.adanienterprises.com,2308.8,2238.85,2664840298496,77.06275,29.96,0.00059999997,3743.9,2025.0
2005-10-28 00:00:00+05:30,3.4624169730967047,2314.95,2213.75,3.42059326171875,1379552,0.0,0.0,ADANIENT.NS,Adani Enterprises Limited,Thermal Coal,Energy,Mr. Gautambhai Shantilal Adani S.Y. B.Com,"Ahmedabad, India",https://www.adanienterprises.com,2308.8,2238.85,2664840298496,77.06275,29.96,0.00059999997,3743.9,2025.0
2005-10-31 00:00:00+05:30,3.3459076819408704,2314.95,2213.75,3.4833288192749023,1379552,0.0,0.0,ADANIENT.NS,Adani Enterprises Limited,Thermal Coal,Energy,Mr. Gautambhai Shantilal Adani S.Y. B.Com,"Ahmedabad, India",https://www.adanienterprises.com,2308.8,2238.85,2664840298496,77.06275,29.96,0.00059999997,3743.9,2025.0
2005-11-02 00:00:00+05:30,3.4982654658724757,2314.95,2213.75,3.5490517616271973,1379552,0.0,0.0,ADANIENT.NS,Adani Enterprises Limited,Thermal Coal,Energy,Mr. Gautambhai Shantilal Adani S.Y. B.Com,"Ahmedabad, India",https://www.adanienterprises.com,2308.8,2238.85,2664840298496,77.06275,29.96,0.00059999997,3743.9,2025.0
2005-11-04 00:00:00+05:30,3.5490517616271973,2314.95,2213.75,3.5490517616271973,1379552,0.0,0.0,ADANIENT.NS,Adani Enterprises Limited,Thermal Coal,Energy,Mr. Gautambhai Shantilal Adani S.Y. B.Com,"Ahmedabad, India",https://www.adanienterprises.com,2308.8,2238.85,2664840298496,77.06275,29.96,0.00059999997,3743.9,2025.0
2005-11-07 00:00:00+05:30,3.5669775738249725,2314.95,2213.75,3.5878894329071045,1379552,0.0,0.0,ADANIENT.NS,Adani Enterprises Limited,Thermal Coal,Energy,Mr. Gautambhai Shantilal Adani S.Y. B.Com,"Ahmedabad, India",https://www.adanienterprises.com,2308.8,2238.85,2664840298496,77.06275,29.96,0.00059999997,3743.9,2025.0
2005-11-08 00:00:00+05:30,3.596851209249409,2314.95,2213.75,3.6147756576538086,1379552,0.0,0.0,ADANIENT.NS,Adani Enterprises Limited,Thermal Coal,Energy,Mr. Gautambhai Shantilal Adani S.Y. B.Com,"Ahmedabad, India",https://www.adanienterprises.com,2308.8,2238.85,2664840298496,77.06275,29.96,0.00059999997,3743.9,2025.0
2005-11-09 00:00:00+05:30,3.5908767570894358,2314.95,2213.75,3.555027484893799,1379552,0.0,0.0,ADANIENT.NS,Adani Enterprises Limited,Thermal Coal,Energy,Mr. Gautambhai Shantilal Adani S.Y. B.Com,"Ahmedabad, India",https://www.adanienterprises.com,2308.8,2238.85,2664840298496,77.06275,29.96,0.00059999997,3743.9,2025.0
2005-11-10 00:00:00+05:30,3.5849012642680584,2314.95,2213.75,3.546065330505371,1379552,0.0,0.0,ADANIENT.NS,Adani Enterprises Limited,Thermal Coal,Energy,Mr. Gautambhai Shantilal Adani S.Y. B.Com,"Ahmedabad, India",https://www.adanienterprises.com,2308.8,2238.85,2664840298496,77.06275,29.96,0.00059999997,3743.9,2025.0
2005-11-11 00:00:00+05:30,3.5759394121581116,2314.95,2213.75,3.5938634872436523,1379552,0.0,0.0,ADANIENT.NS,Adani Enterprises Limited,Thermal Coal,Energy,Mr. Gautambhai Shantilal Adani S.Y. B.Com,"Ahmedabad, India",https://www.adanienterprises.com,2308.8,2238.85,2664840298496,77.06275,29.96,0.00059999997,3743.9,2025.0
2005-11-14 00:00:00+05:30,3.728296403123679,2314.95,2213.75,3.617762327194214,1379552,0.0,0.0,ADANIENT.NS,Adani Enterprises Limited,Thermal Coal,Energy,Mr. Gautambhai Shantilal Adani S.Y. B.Com,"Ahmedabad, India",https://www.adanienterprises.com,2308.8,2238.85,2664840298496,77.06275,29.96,0.00059999997,3743.9,2025.0
2005-11-16 00:00:00+05:30,3.644650005638041,2314.95,2213.75,3.64166259765625,1379552,0.0,0.0,ADANIENT.NS,Adani Enterprises Limited,Thermal Coal,Energy,Mr. Gautambhai Shantilal Adani S.Y. B.Com,"Ahmedabad, India",https://www.adanienterprises.com,2308.8,2238.85,2664840298496,77.06275,29.96,0.00059999997,3743.9,2025.0
2005-11-17 00:00:00+05:30,3.6386748568268636,2314.95,2213.75,3.89559268951416,1379552,0.0,0.0,ADANIENT.NS,Adani Enterprises Limited,Thermal Coal,Energy,Mr. Gautambhai Shantilal Adani S.Y. B.Com,"Ahmedabad, India",https://www.adanienterprises.com,2308.8,2238.85,2664840298496,77.06275,29.96,0.00059999997,3743.9,2025.0
2005-11-18 00:00:00+05:30,3.9194924522140626,2314.95,2213.75,3.832857608795166,1379552,0.0,0.0,ADANIENT.NS,Adani Enterprises Limited,Thermal Coal,Energy,Mr. Gautambhai Shantilal Adani S.Y. B.Com,"Ahmedabad, India",https://www.adanienterprises.com,2308.8,2238.85,2664840298496,77.06275,29.96,0.00059999997,3743.9,2025.0
2005-11-21 00:00:00+05:30,3.832857307224727,2314.95,2213.75,3.7970080375671387,1379552,0.0,0.0,ADANIENT.NS,Adani Enterprises Limited,Thermal Coal,Energy,Mr. Gautambhai Shantilal Adani S.Y. B.Com,"Ahmedabad, India",https://www.adanienterprises.com,2308.8,2238.85,2664840298496,77.06275,29.96,0.00059999997,3743.9,2025.0
2005-11-22 00:00:00+05:30,3.7641471846658585,2314.95,2213.75,3.746222734451294,1379552,0.0,0.0,ADANIENT.NS,Adani Enterprises Limited,Thermal Coal,Energy,Mr. Gautambhai Shantilal Adani S.Y. B.Com,"Ahmedabad, India",https://www.adanienterprises.com,2308.8,2238.85,2664840298496,77.06275,29.96,0.00059999997,3743.9,2025.0
2005-11-23 00:00:00+05:30,3.695435778167579,2314.95,2213.75,3.7551839351654053,1379552,0.0,0.0,ADANIENT.NS,Adani Enterprises Limited,Thermal Coal,Energy,Mr. Gautambhai Shantilal Adani S.Y. B.Com,"Ahmedabad, India",https://www.adanienterprises.com,2308.8,2238.85,2664840298496,77.06275,29.96,0.00059999997,3743.9,2025.0
2005-11-24 00:00:00+05:30,3.7940207205483403,2314.95,2213.75,3.7402470111846924,1379552,0.0,0.0,ADANIENT.NS,Adani Enterprises Limited,Thermal Coal,Energy,Mr. Gautambhai Shantilal Adani S.Y. B.Com,"Ahmedabad, India",https://www.adanienterprises.com,2308.8,2238.85,2664840298496,77.06275,29.96,0.00059999997,3743.9,2025.0
2005-11-25 00:00:00+05:30,3.734272456656087,2314.95,2213.75,3.737259864807129,1379552,0.0,0.0,ADANIENT.NS,Adani Enterprises Limited,Thermal Coal,Energy,Mr. Gautambhai Shantilal Adani S.Y. B.Com,"Ahmedabad, India",https://www.adanienterprises.com,2308.8,2238.85,2664840298496,77.06275,29.96,0.00059999997,3743.9,2025.0
2005-11-28 00:00:00+05:30,3.7940207727342785,2314.95,2213.75,3.8268818855285645,1379552,0.0,0.0,ADANIENT.NS,Adani Enterprises Limited,Thermal Coal,Energy,Mr. Gautambhai Shantilal Adani S.Y. B.Com,"Ahmedabad, India",https://www.adanienterprises.com,2308.8,2238.85,2664840298496,77.06275,29.96,0.00059999997,3743.9,2025.0
2005-11-29 00:00:00+05:30,3.8776671897541615,2314.95,2213.75,3.859743118286133,1379552,0.0,0.0,ADANIENT.NS,Adani Enterprises Limited,Thermal Coal,Energy,Mr. Gautambhai Shantilal Adani S.Y. B.Com,"Ahmedabad, India",https://www.adanienterprises.com,2308.8,2238.85,2664840298496,77.06275,29.96,0.00059999997,3743.9,2025.0
2005-11-30 00:00:00+05:30,3.8836440417037488,2314.95,2213.75,3.7880465984344482,1379552,0.0,0.0,ADANIENT.NS,Adani Enterprises Limited,Thermal Coal,Energy,Mr. Gautambhai Shantilal Adani S.Y. B.Com,"Ahmedabad, India",https://www.adanienterprises.com,2308.8,2238.85,2664840298496,77.06275,29.96,0.00059999997,3743.9,2025.0
2005-12-01 00:00:00+05:30,3.713361014559301,2314.95,2213.75,3.7880465984344482,1379552,0.0,0.0,ADANIENT.NS,Adani Enterprises Limited,Thermal Coal,Energy,Mr. Gautambhai Shantilal Adani S.Y. B.Com,"Ahmedabad, India",https://www.adanienterprises.com,2308.8,2238.85,2664840298496,77.06275,29.96,0.00059999997,3743.9,2025.0
2005-12-02 00:00:00+05:30,3.8358450096802748,2314.95,2213.75,3.7432353496551514,1379552,0.0,0.0,ADANIENT.NS,Adani Enterprises Limited,Thermal Coal,Energy,Mr. Gautambhai Shantilal Adani S.Y. B.Com,"Ahmedabad, India",https://www.adanienterprises.com,2308.8,2238.85,2664840298496,77.06275,29.96,0.00059999997,3743.9,2025.0
2005-12-05 00:00:00+05:30,3.79402043456833,2314.95,2213.75,3.808957099914551,1379552,0.0,0.0,ADANIENT.NS,Adani Enterprises Limited,Thermal Coal,Energy,Mr. Gautambhai Shantilal Adani S.Y. B.Com,"Ahmedabad, India",https://www.adanienterprises.com,2308.8,2238.85,2664840298496,77.06275,29.96,0.00059999997,3743.9,2025.0
2005-12-06 00:00:00+05:30,3.868706931064866,2314.95,2213.75,3.8567569255828857,1379552,0.0,0.0,ADANIENT.NS,Adani Enterprises Limited,Thermal Coal,Energy,Mr. Gautambhai Shantilal Adani S.Y. B.Com,"Ahmedabad, India",https://www.adanienterprises.com,2308.8,2238.85,2664840298496,77.06275,29.96,0.00059999997,3743.9,2025.0
2005-12-07 00:00:00+05:30,3.88364316681785,2314.95,2213.75,3.8059701919555664,1379552,0.0,0.0,ADANIENT.NS,Adani Enterprises Limited,Thermal Coal,Energy,Mr. Gautambhai Shantilal Adani S.Y. B.Com,"Ahmedabad, India",https://www.adanienterprises.com,2308.8,2238.85,2664840298496,77.06275,29.96,0.00059999997,3743.9,2025.0
2005-12-08 00:00:00+05:30,3.8537695851017872,2314.95,2213.75,3.7880465984344482,1379552,0.0,0.0,ADANIENT.NS,Adani Enterprises Limited,Thermal Coal,Energy,Mr. Gautambhai Shantilal Adani S.Y. B.Com,"Ahmedabad, India",https://www.adanienterprises.com,2308.8,2238.85,2664840298496,77.06275,29.96,0.00059999997,3743.9,2025.0
2005-12-09 00:00:00+05:30,3.811944507334403,2314.95,2213.75,3.808957099914551,1379552,0.0,0.0,ADANIENT.NS,Adani Enterprises Limited,Thermal Coal,Energy,Mr. Gautambhai Shantilal Adani S.Y. B.Com,"Ahmedabad, India",https://www.adanienterprises.com,2308.8,2238.85,2664840298496,77.06275,29.96,0.00059999997,3743.9,2025.0
2005-12-12 00:00:00+05:30,3.8477934599269603,2314.95,2213.75,3.814932346343994,1379552,0.0,0.0,ADANIENT.NS,Adani Enterprises Limited,Thermal Coal,Energy,Mr. Gautambhai Shantilal Adani S.Y. B.Com,"Ahmedabad, India",https://www.adanienterprises.com,2308.8,2238.85,2664840298496,77.06275,29.96,0.00059999997,3743.9,2025.0
2005-12-13 00:00:00+05:30,3.7731081752726805,2314.95,2213.75,3.7820703983306885,1379552,0.0,0.0,ADANIENT.NS,Adani Enterprises Limited,Thermal Coal,Energy,Mr. Gautambhai Shantilal Adani S.Y. B.Com,"Ahmedabad, India",https://www.adanienterprises.com,2308.8,2238.85,2664840298496,77.06275,29.96,0.00059999997,3743.9,2025.0
2005-12-14 00:00:00+05:30,3.8507815912318795,2314.95,2213.75,3.7701215744018555,1379552,0.0,0.0,ADANIENT.NS,Adani Enterprises Limited,Thermal Coal,Energy,Mr. Gautambhai Shantilal Adani S.Y. B.Com,"Ahmedabad, India",https://www.adanienterprises.com,2308.8,2238.85,2664840298496,77.06275,29.96,0.00059999997,3743.9,2025.0
2005-12-15 00:00:00+05:30,3.7641473169917075,2314.95,2213.75,3.71634840965271,1379552,0.0,0.0,ADANIENT.NS,Adani Enterprises Limited,Thermal Coal,Energy,Mr. Gautambhai Shantilal Adani S.Y. B.Com,"Ahmedabad, India",https://www.adanienterprises.com,2308.8,2238.85,2664840298496,77.06275,29.96,0.00059999997,3743.9,2025.0
2005-12-16 00:00:00+05:30,3.7611590032235993,2314.95,2213.75,3.722322702407837,1379552,0.0,0.0,ADANIENT.NS,Adani Enterprises Limited,Thermal Coal,Energy,Mr. Gautambhai Shantilal Adani S.Y. B.Com,"Ahmedabad, India",https://www.adanienterprises.com,2308.8,2238.85,2664840298496,77.06275,29.96,0.00059999997,3743.9,2025.0
2005-12-19 00:00:00+05:30,3.7551846740627153,2314.95,2213.75,3.752197265625,1379552,0.0,0.0,ADANIENT.NS,Adani Enterprises Limited,Thermal Coal,Energy,Mr. Gautambhai Shantilal Adani S.Y. B.Com,"Ahmedabad, India",https://www.adanienterprises.com,2308.8,2238.85,2664840298496,77.06275,29.96,0.00059999997,3743.9,2025.0
2005-12-20 00:00:00+05:30,3.7641472083705017,2314.95,2213.75,3.7432353496551514,1379552,0.0,0.0,ADANIENT.NS,Adani Enterprises Limited,Thermal Coal,Energy,Mr. Gautambhai Shantilal Adani S.Y. B.Com,"Ahmedabad, India",https://www.adanienterprises.com,2308.8,2238.85,2664840298496,77.06275,29.96,0.00059999997,3743.9,2025.0
2005-12-21 00:00:00+05:30,3.773108633342334,2314.95,2213.75,3.692448616027832,1379552,0.0,0.0,ADANIENT.NS,Adani Enterprises Limited,Thermal Coal,Energy,Mr. Gautambhai Shantilal Adani S.Y. B.Com,"Ahmedabad, India",https://www.adanienterprises.com,2308.8,2238.85,2664840298496,77.06275,29.96,0.00059999997,3743.9,2025.0
2005-12-22 00:00:00+05:30,3.755183260972707,2314.95,2213.75,3.6864728927612305,1379552,0.0,0.0,ADANIENT.NS,Adani Enterprises Limited,Thermal Coal,Energy,Mr. Gautambhai Shantilal Adani S.Y. B.Com,"Ahmedabad, India",https://www.adanienterprises.com,2308.8,2238.85,2664840298496,77.06275,29.96,0.00059999997,3743.9,2025.0
2005-12-23 00:00:00+05:30,3.7282974861501246,2314.95,2213.75,3.635687828063965,1379552,0.0,0.0,ADANIENT.NS,Adani Enterprises Limited,Thermal Coal,Energy,Mr. Gautambhai Shantilal Adani S.Y. B.Com,"Ahmedabad, India",https://www.adanienterprises.com,2308.8,2238.85,2664840298496,77.06275,29.96,0.00059999997,3743.9,2025.0
2005-12-26 00:00:00+05:30,3.6595859758319746,2314.95,2213.75,3.5759389400482178,1379552,0.0,0.0,ADANIENT.NS,Adani Enterprises Limited,Thermal Coal,Energy,Mr. Gautambhai Shantilal Adani S.Y. B.Com,"Ahmedabad, India",https://www.adanienterprises.com,2308.8,2238.85,2664840298496,77.06275,29.96,0.00059999997,3743.9,2025.0
2005-12-27 00:00:00+05:30,3.5580144306598744,2314.95,2213.75,3.64166259765625,1379552,0.0,0.0,ADANIENT.NS,Adani Enterprises Limited,Thermal Coal,Energy,Mr. Gautambhai Shantilal Adani S.Y. B.Com,"Ahmedabad, India",https://www.adanienterprises.com,2308.8,2238.85,2664840298496,77.06275,29.96,0.00059999997,3743.9,2025.0
2005-12-28 00:00:00+05:30,3.656600045739493,2314.95,2213.75,3.590877056121826,1379552,0.0,0.0,ADANIENT.NS,Adani Enterprises Limited,Thermal Coal,Energy,Mr. Gautambhai Shantilal Adani S.Y. B.Com,"Ahmedabad, India",https://www.adanienterprises.com,2308.8,2238.85,2664840298496,77.06275,29.96,0.00059999997,3743.9,2025.0
2005-12-29 00:00:00+05:30,3.632700742695553,2314.95,2213.75,3.5819144248962402,1379552,0.0,0.0,ADANIENT.NS,Adani Enterprises Limited,Thermal Coal,Energy,Mr. Gautambhai Shantilal Adani S.Y. B.Com,"Ahmedabad, India",https://www.adanienterprises.com,2308.8,2238.85,2664840298496,77.06275,29.96,0.00059999997,3743.9,2025.0
2005-12-30 00:00:00+05:30,3.584900240828807,2314.95,2213.75,3.522165060043335,1379552,0.0,0.0,ADANIENT.NS,Adani Enterprises Limited,Thermal Coal,Energy,Mr. Gautambhai Shantilal Adani S.Y. B.Com,"Ahmedabad, India",https://www.adanienterprises.com,2308.8,2238.85,2664840298496,77.06275,29.96,0.00059999997,3743.9,2025.0
2006-01-02 00:00:00+05:30,3.5610027975505414,2314.95,2213.75,3.578927993774414,1379552,0.0,0.0,ADANIENT.NS,Adani Enterprises Limited,Thermal Coal,Energy,Mr. Gautambhai Shantilal Adani S.Y. B.Com,"Ahmedabad, India",https://www.adanienterprises.com,2308.8,2238.85,2664840298496,77.06275,29.96,0.00059999997,3743.9,2025.0
2006-01-03 00:00:00+05:30,3.6386747414254943,2314.95,2213.75,3.620750665664673,1379552,0.0,0.0,ADANIENT.NS,Adani Enterprises Limited,Thermal Coal,Energy,Mr. Gautambhai Shantilal Adani S.Y. B.Com,"Ahmedabad, India",https://www.adanienterprises.com,2308.8,2238.85,2664840298496,77.06275,29.96,0.00059999997,3743.9,2025.0
2006-01-04 00:00:00+05:30,3.659586673793889,2314.95,2213.75,3.64166259765625,1379552,0.0,0.0,ADANIENT.NS,Adani Enterprises Limited,Thermal Coal,Energy,Mr. Gautambhai Shantilal Adani S.Y. B.Com,"Ahmedabad, India",https://www.adanienterprises.com,2308.8,2238.85,2664840298496,77.06275,29.96,0.00059999997,3743.9,2025.0
2006-01-05 00:00:00+05:30,3.6565993705974087,2314.95,2213.75,3.6147756576538086,1379552,0.0,0.0,ADANIENT.NS,Adani Enterprises Limited,Thermal Coal,Energy,Mr. Gautambhai Shantilal Adani S.Y. B.Com,"Ahmedabad, India",https://www.adanienterprises.com,2308.8,2238.85,2664840298496,77.06275,29.96,0.00059999997,3743.9,2025.0
2006-01-06 00:00:00+05:30,3.629712222222867,2314.95,2213.75,3.64166259765625,1379552,0.0,0.0,ADANIENT.NS,Adani Enterprises Limited,Thermal Coal,Energy,Mr. Gautambhai Shantilal Adani S.Y. B.Com,"Ahmedabad, India",https://www.adanienterprises.com,2308.8,2238.85,2664840298496,77.06275,29.96,0.00059999997,3743.9,2025.0
2006-01-09 00:00:00+05:30,3.5938641223143835,2314.95,2213.75,3.6476378440856934,1379552,0.0,0.0,ADANIENT.NS,Adani Enterprises Limited,Thermal Coal,Energy,Mr. Gautambhai Shantilal Adani S.Y. B.Com,"Ahmedabad, India",https://www.adanienterprises.com,2308.8,2238.85,2664840298496,77.06275,29.96,0.00059999997,3743.9,2025.0
2006-01-10 00:00:00+05:30,3.692448639159328,2314.95,2213.75,3.6147756576538086,1379552,0.0,0.0,ADANIENT.NS,Adani Enterprises Limited,Thermal Coal,Energy,Mr. Gautambhai Shantilal Adani S.Y. B.Com,"Ahmedabad, India",https://www.adanienterprises.com,2308.8,2238.85,2664840298496,77.06275,29.96,0.00059999997,3743.9,2025.0
2006-01-12 00:00:00+05:30,3.6177635666569308,2314.95,2213.75,3.611788749694824,1379552,0.0,0.0,ADANIENT.NS,Adani Enterprises Limited,Thermal Coal,Energy,Mr. Gautambhai Shantilal Adani S.Y. B.Com,"Ahmedabad, India",https://www.adanienterprises.com,2308.8,2238.85,2664840298496,77.06275,29.96,0.00059999997,3743.9,2025.0
2006-01-13 00:00:00+05:30,3.6117877541318326,2314.95,2213.75,3.5998384952545166,1379552,0.0,0.0,ADANIENT.NS,Adani Enterprises Limited,Thermal Coal,Energy,Mr. Gautambhai Shantilal Adani S.Y. B.Com,"Ahmedabad, India",https://www.adanienterprises.com,2308.8,2238.85,2664840298496,77.06275,29.96,0.00059999997,3743.9,2025.0
2006-01-16 00:00:00+05:30,3.6297129623514195,2314.95,2213.75,3.5819144248962402,1379552,0.0,0.0,ADANIENT.NS,Adani Enterprises Limited,Thermal Coal,Energy,Mr. Gautambhai Shantilal Adani S.Y. B.Com,"Ahmedabad, India",https://www.adanienterprises.com,2308.8,2238.85,2664840298496,77.06275,29.96,0.00059999997,3743.9,2025.0
2006-01-17 00:00:00+05:30,3.5968513373033844,2314.95,2213.75,3.5849013328552246,1379552,0.0,0.0,ADANIENT.NS,Adani Enterprises Limited,Thermal Coal,Energy,Mr. Gautambhai Shantilal Adani S.Y. B.Com,"Ahmedabad, India",https://www.adanienterprises.com,2308.8,2238.85,2664840298496,77.06275,29.96,0.00059999997,3743.9,2025.0
2006-01-18 00:00:00+05:30,3.5729523907055816,2314.95,2213.75,3.5878894329071045,1379552,0.0,0.0,ADANIENT.NS,Adani Enterprises Limited,Thermal Coal,Energy,Mr. Gautambhai Shantilal Adani S.Y. B.Com,"Ahmedabad, India",https://www.adanienterprises.com,2308.8,2238.85,2664840298496,77.06275,29.96,0.00059999997,3743.9,2025.0
2006-01-19 00:00:00+05:30,3.632700118076984,2314.95,2213.75,3.626725673675537,1379552,0.0,0.0,ADANIENT.NS,Adani Enterprises Limited,Thermal Coal,Energy,Mr. Gautambhai Shantilal Adani S.Y. B.Com,"Ahmedabad, India",https://www.adanienterprises.com,2308.8,2238.85,2664840298496,77.06275,29.96,0.00059999997,3743.9,2025.0
2006-01-20 00:00:00+05:30,3.6595860125511845,2314.95,2213.75,3.6655611991882324,1379552,0.0,0.0,ADANIENT.NS,Adani Enterprises Limited,Thermal Coal,Energy,Mr. Gautambhai Shantilal Adani S.Y. B.Com,"Ahmedabad, India",https://www.adanienterprises.com,2308.8,2238.85,2664840298496,77.06275,29.96,0.00059999997,3743.9,2025.0
2006-01-23 00:00:00+05:30,3.5998393674300817,2314.95,2213.75,3.5968515872955322,1379552,0.0,0.0,ADANIENT.NS,Adani Enterprises Limited,Thermal Coal,Energy,Mr. Gautambhai Shantilal Adani S.Y. B.Com,"Ahmedabad, India",https://www.adanienterprises.com,2308.8,2238.85,2664840298496,77.06275,29.96,0.00059999997,3743.9,2025.0
2006-01-24 00:00:00+05:30,3.63269992558752,2314.95,2213.75,3.620750665664673,1379552,0.0,0.0,ADANIENT.NS,Adani Enterprises Limited,Thermal Coal,Energy,Mr. Gautambhai Shantilal Adani S.Y. B.Com,"Ahmedabad, India",https://www.adanienterprises.com,2308.8,2238.85,2664840298496,77.06275,29.96,0.00059999997,3743.9,2025.0
2006-01-25 00:00:00+05:30,3.4654051506180856,2314.95,2213.75,3.590877056121826,1379552,0.0,0.0,ADANIENT.NS,Adani Enterprises Limited,Thermal Coal,Energy,Mr. Gautambhai Shantilal Adani S.Y. B.Com,"Ahmedabad, India",https://www.adanienterprises.com,2308.8,2238.85,2664840298496,77.06275,29.96,0.00059999997,3743.9,2025.0
2006-01-27 00:00:00+05:30,3.5849018671306685,2314.95,2213.75,3.590877056121826,1379552,0.0,0.0,ADANIENT.NS,Adani Enterprises Limited,Thermal Coal,Energy,Mr. Gautambhai Shantilal Adani S.Y. B.Com,"Ahmedabad, India",https://www.adanienterprises.com,2308.8,2238.85,2664840298496,77.06275,29.96,0.00059999997,3743.9,2025.0
2006-01-30 00:00:00+05:30,3.6416622024608616,2314.95,2213.75,3.5998384952545166,1379552,0.0,0.0,ADANIENT.NS,Adani Enterprises Limited,Thermal Coal,Energy,Mr. Gautambhai Shantilal Adani S.Y. B.Com,"Ahmedabad, India",https://www.adanienterprises.com,2308.8,2238.85,2664840298496,77.06275,29.96,0.00059999997,3743.9,2025.0
2006-01-31 00:00:00+05:30,3.5998391172302737,2314.95,2213.75,3.5849013328552246,1379552,0.0,0.0,ADANIENT.NS,Adani Enterprises Limited,Thermal Coal,Energy,Mr. Gautambhai Shantilal Adani S.Y. B.Com,"Ahmedabad, India",https://www.adanienterprises.com,2308.8,2238.85,2664840298496,77.06275,29.96,0.00059999997,3743.9,2025.0
2006-02-01 00:00:00+05:30,3.584901292897942,2314.95,2213.75,3.5729520320892334,1379552,0.0,0.0,ADANIENT.NS,Adani Enterprises Limited,Thermal Coal,Energy,Mr. Gautambhai Shantilal Adani S.Y. B.Com,"Ahmedabad, India",https://www.adanienterprises.com,2308.8,2238.85,2664840298496,77.06275,29.96,0.00059999997,3743.9,2025.0
2006-02-02 00:00:00+05:30,3.552039415978877,2314.95,2213.75,3.471379041671753,1379552,0.0,0.0,ADANIENT.NS,Adani Enterprises Limited,Thermal Coal,Energy,Mr. Gautambhai Shantilal Adani S.Y. B.Com,"Ahmedabad, India",https://www.adanienterprises.com,2308.8,2238.85,2664840298496,77.06275,29.96,0.00059999997,3743.9,2025.0
2006-02-03 00:00:00+05:30,3.4893036474137316,2314.95,2213.75,3.450467348098755,1379552,0.0,0.0,ADANIENT.NS,Adani Enterprises Limited,Thermal Coal,Energy,Mr. Gautambhai Shantilal Adani S.Y. B.Com,"Ahmedabad, India",https://www.adanienterprises.com,2308.8,2238.85,2664840298496,77.06275,29.96,0.00059999997,3743.9,2025.0
2006-02-06 00:00:00+05:30,3.417606328111135,2314.95,2213.75,3.555027484893799,1379552,0.0,0.0,ADANIENT.NS,Adani Enterprises Limited,Thermal Coal,Energy,Mr. Gautambhai Shantilal Adani S.Y. B.Com,"Ahmedabad, India",https://www.adanienterprises.com,2308.8,2238.85,2664840298496,77.06275,29.96,0.00059999997,3743.9,2025.0
2006-02-07 00:00:00+05:30,3.5789272218488977,2314.95,2213.75,3.4982664585113525,1379552,0.0,0.0,ADANIENT.NS,Adani Enterprises Limited,Thermal Coal,Energy,Mr. Gautambhai Shantilal Adani S.Y. B.Com,"Ahmedabad, India",https://www.adanienterprises.com,2308.8,2238.85,2664840298496,77.06275,29.96,0.00059999997,3743.9,2025.0
2006-02-08 00:00:00+05:30,3.4654042771641556,2314.95,2213.75,3.4474802017211914,1379552,0.0,0.0,ADANIENT.NS,Adani Enterprises Limited,Thermal Coal,Energy,Mr. Gautambhai Shantilal Adani S.Y. B.Com,"Ahmedabad, India",https://www.adanienterprises.com,2308.8,2238.85,2664840298496,77.06275,29.96,0.00059999997,3743.9,2025.0
2006-02-10 00:00:00+05:30,3.4833284603814385,2314.95,2213.75,3.450467348098755,1379552,0.0,0.0,ADANIENT.NS,Adani Enterprises Limited,Thermal Coal,Energy,Mr. Gautambhai Shantilal Adani S.Y. B.Com,"Ahmedabad, India",https://www.adanienterprises.com,2308.8,2238.85,2664840298496,77.06275,29.96,0.00059999997,3743.9,2025.0
2006-02-13 00:00:00+05:30,3.477354596544227,2314.95,2213.75,3.4683923721313477,1379552,0.0,0.0,ADANIENT.NS,Adani Enterprises Limited,Thermal Coal,Energy,Mr. Gautambhai Shantilal Adani S.Y. B.Com,"Ahmedabad, India",https://www.adanienterprises.com,2308.8,2238.85,2664840298496,77.06275,29.96,0.00059999997,3743.9,2025.0
2006-02-14 00:00:00+05:30,3.525153681778674,2314.95,2213.75,3.4624173641204834,1379552,0.0,0.0,ADANIENT.NS,Adani Enterprises Limited,Thermal Coal,Energy,Mr. Gautambhai Shantilal Adani S.Y. B.Com,"Ahmedabad, India",https://www.adanienterprises.com,2308.8,2238.85,2664840298496,77.06275,29.96,0.00059999997,3743.9,2025.0
2006-02-15 00:00:00+05:30,3.492291818803105,2314.95,2213.75,3.4624173641204834,1379552,0.0,0.0,ADANIENT.NS,Adani Enterprises Limited,Thermal Coal,Energy,Mr. Gautambhai Shantilal Adani S.Y. B.Com,"Ahmedabad, India",https://www.adanienterprises.com,2308.8,2238.85,2664840298496,77.06275,29.96,0.00059999997,3743.9,2025.0
2006-02-16 00:00:00+05:30,3.4922921671677782,2314.95,2213.75,3.5819144248962402,1379552,0.0,0.0,ADANIENT.NS,Adani Enterprises Limited,Thermal Coal,Energy,Mr. Gautambhai Shantilal Adani S.Y. B.Com,"Ahmedabad, India",https://www.adanienterprises.com,2308.8,2238.85,2664840298496,77.06275,29.96,0.00059999997,3743.9,2025.0
2006-02-17 00:00:00+05:30,3.5819137968703685,2314.95,2213.75,3.465404510498047,1379552,0.0,0.0,ADANIENT.NS,Adani Enterprises Limited,Thermal Coal,Energy,Mr. Gautambhai Shantilal Adani S.Y. B.Com,"Ahmedabad, India",https://www.adanienterprises.com,2308.8,2238.85,2664840298496,77.06275,29.96,0.00059999997,3743.9,2025.0
2006-02-20 00:00:00+05:30,3.468392765953554,2314.95,2213.75,3.4355309009552,1379552,0.0,0.0,ADANIENT.NS,Adani Enterprises Limited,Thermal Coal,Energy,Mr. Gautambhai Shantilal Adani S.Y. B.Com,"Ahmedabad, India",https://www.adanienterprises.com,2308.8,2238.85,2664840298496,77.06275,29.96,0.00059999997,3743.9,2025.0
2006-02-21 00:00:00+05:30,3.465404318290109,2314.95,2213.75,3.4594295024871826,1379552,0.0,0.0,ADANIENT.NS,Adani Enterprises Limited,Thermal Coal,Energy,Mr. Gautambhai Shantilal Adani S.Y. B.Com,"Ahmedabad, India",https://www.adanienterprises.com,2308.8,2238.85,2664840298496,77.06275,29.96,0.00059999997,3743.9,2025.0
2006-02-22 00:00:00+05:30,3.453455331443215,2314.95,2213.75,3.4683923721313477,1379552,0.0,0.0,ADANIENT.NS,Adani Enterprises Limited,Thermal Coal,Energy,Mr. Gautambhai Shantilal Adani S.Y. B.Com,"Ahmedabad, India",https://www.adanienterprises.com,2308.8,2238.85,2664840298496,77.06275,29.96,0.00059999997,3743.9,2025.0
2006-02-23 00:00:00+05:30,3.468392414245866,2314.95,2213.75,3.4325435161590576,1379552,0.0,0.0,ADANIENT.NS,Adani Enterprises Limited,Thermal Coal,Energy,Mr. Gautambhai Shantilal Adani S.Y. B.Com,"Ahmedabad, India",https://www.adanienterprises.com,2308.8,2238.85,2664840298496,77.06275,29.96,0.00059999997,3743.9,2025.0
2006-02-24 00:00:00+05:30,3.450467965202462,2314.95,2213.75,3.4325435161590576,1379552,0.0,0.0,ADANIENT.NS,Adani Enterprises Limited,Thermal Coal,Energy,Mr. Gautambhai Shantilal Adani S.Y. B.Com,"Ahmedabad, India",https://www.adanienterprises.com,2308.8,2238.85,2664840298496,77.06275,29.96,0.00059999997,3743.9,2025.0
2006-02-27 00:00:00+05:30,3.4444921473324306,2314.95,2213.75,3.4385173320770264,1379552,0.0,0.0,ADANIENT.NS,Adani Enterprises Limited,Thermal Coal,Energy,Mr. Gautambhai Shantilal Adani S.Y. B.Com,"Ahmedabad, India",https://www.adanienterprises.com,2308.8,2238.85,2664840298496,77.06275,29.96,0.00059999997,3743.9,2025.0
2006-02-28 00:00:00+05:30,3.4863163140373707,2314.95,2213.75,3.441505193710327,1379552,0.0,0.0,ADANIENT.NS,Adani Enterprises Limited,Thermal Coal,Energy,Mr. Gautambhai Shantilal Adani S.Y. B.Com,"Ahmedabad, India",https://www.adanienterprises.com,2308.8,2238.85,2664840298496,77.06275,29.96,0.00059999997,3743.9,2025.0
2006-03-01 00:00:00+05:30,3.411630834559761,2314.95,2213.75,3.4564430713653564,1379552,0.0,0.0,ADANIENT.NS,Adani Enterprises Limited,Thermal Coal,Energy,Mr. Gautambhai Shantilal Adani S.Y. B.Com,"Ahmedabad, India",https://www.adanienterprises.com,2308.8,2238.85,2664840298496,77.06275,29.96,0.00059999997,3743.9,2025.0
2006-03-02 00:00:00+05:30,3.4654042771641556,2314.95,2213.75,3.4474802017211914,1379552,0.0,0.0,ADANIENT.NS,Adani Enterprises Limited,Thermal Coal,Energy,Mr. Gautambhai Shantilal Adani S.Y. B.Com,"Ahmedabad, India",https://www.adanienterprises.com,2308.8,2238.85,2664840298496,77.06275,29.96,0.00059999997,3743.9,2025.0
2006-03-03 00:00:00+05:30,3.477354686216059,2314.95,2213.75,3.4265687465667725,1379552,0.0,0.0,ADANIENT.NS,Adani Enterprises Limited,Thermal Coal,Energy,Mr. Gautambhai Shantilal Adani S.Y. B.Com,"Ahmedabad, India",https://www.adanienterprises.com,2308.8,2238.85,2664840298496,77.06275,29.96,0.00059999997,3743.9,2025.0
2006-03-06 00:00:00+05:30,3.495279035108154,2314.95,2213.75,3.408644199371338,1379552,0.0,0.0,ADANIENT.NS,Adani Enterprises Limited,Thermal Coal,Energy,Mr. Gautambhai Shantilal Adani S.Y. B.Com,"Ahmedabad, India",https://www.adanienterprises.com,2308.8,2238.85,2664840298496,77.06275,29.96,0.00059999997,3743.9,2025.0
2006-03-07 00:00:00+05:30,3.4415054600868507,2314.95,2213.75,3.363832473754883,1379552,0.0,0.0,ADANIENT.NS,Adani Enterprises Limited,Thermal Coal,Energy,Mr. Gautambhai Shantilal Adani S.Y. B.Com,"Ahmedabad, India",https://www.adanienterprises.com,2308.8,2238.85,2664840298496,77.06275,29.96,0.00059999997,3743.9,2025.0
2006-03-08 00:00:00+05:30,3.4026695944065923,2314.95,2213.75,3.3817577362060547,1379552,0.0,0.0,ADANIENT.NS,Adani Enterprises Limited,Thermal Coal,Energy,Mr. Gautambhai Shantilal Adani S.Y. B.Com,"Ahmedabad, India",https://www.adanienterprises.com,2308.8,2238.85,2664840298496,77.06275,29.96,0.00059999997,3743.9,2025.0
2006-03-09 00:00:00+05:30,3.4265690933894146,2314.95,2213.75,3.39968204498291,1379552,0.0,0.0,ADANIENT.NS,Adani Enterprises Limited,Thermal Coal,Energy,Mr. Gautambhai Shantilal Adani S.Y. B.Com,"Ahmedabad, India",https://www.adanienterprises.com,2308.8,2238.85,2664840298496,77.06275,29.96,0.00059999997,3743.9,2025.0
2006-03-10 00:00:00+05:30,3.3608456060245993,2314.95,2213.75,3.3727948665618896,1379552,0.0,0.0,ADANIENT.NS,Adani Enterprises Limited,Thermal Coal,Energy,Mr. Gautambhai Shantilal Adani S.Y. B.Com,"Ahmedabad, India",https://www.adanienterprises.com,2308.8,2238.85,2664840298496,77.06275,29.96,0.00059999997,3743.9,2025.0
2006-03-13 00:00:00+05:30,3.375781994748815,2314.95,2213.75,3.3608453273773193,1379552,0.0,0.0,ADANIENT.NS,Adani Enterprises Limited,Thermal Coal,Energy,Mr. Gautambhai Shantilal Adani S.Y. B.Com,"Ahmedabad, India",https://www.adanienterprises.com,2308.8,2238.85,2664840298496,77.06275,29.96,0.00059999997,3743.9,2025.0
2006-03-14 00:00:00+05:30,3.3578584910221485,2314.95,2213.75,3.3488962650299072,1379552,0.0,0.0,ADANIENT.NS,Adani Enterprises Limited,Thermal Coal,Energy,Mr. Gautambhai Shantilal Adani S.Y. B.Com,"Ahmedabad, India",https://www.adanienterprises.com,2308.8,2238.85,2664840298496,77.06275,29.96,0.00059999997,3743.9,2025.0
2006-03-16 00:00:00+05:30,3.396694463442859,2314.95,2213.75,3.3309714794158936,1379552,0.0,0.0,ADANIENT.NS,Adani Enterprises Limited,Thermal Coal,Energy,Mr. Gautambhai Shantilal Adani S.Y. B.Com,"Ahmedabad, India",https://www.adanienterprises.com,2308.8,2238.85,2664840298496,77.06275,29.96,0.00059999997,3743.9,2025.0
2006-03-17 00:00:00+05:30,3.2981096156492544,2314.95,2213.75,3.3309714794158936,1379552,0.0,0.0,ADANIENT.NS,Adani Enterprises Limited,Thermal Coal,Energy,Mr. Gautambhai Shantilal Adani S.Y. B.Com,"Ahmedabad, India",https://www.adanienterprises.com,2308.8,2238.85,2664840298496,77.06275,29.96,0.00059999997,3743.9,2025.0
2006-03-20 00:00:00+05:30,3.375782478520152,2314.95,2213.75,3.363832473754883,1379552,0.0,0.0,ADANIENT.NS,Adani Enterprises Limited,Thermal Coal,Energy,Mr. Gautambhai Shantilal Adani S.Y. B.Com,"Ahmedabad, India",https://www.adanienterprises.com,2308.8,2238.85,2664840298496,77.06275,29.96,0.00059999997,3743.9,2025.0
2006-03-21 00:00:00+05:30,3.4026696519257396,2314.95,2213.75,3.3309714794158936,1379552,0.0,0.0,ADANIENT.NS,Adani Enterprises Limited,Thermal Coal,Energy,Mr. Gautambhai Shantilal Adani S.Y. B.Com,"Ahmedabad, India",https://www.adanienterprises.com,2308.8,2238.85,2664840298496,77.06275,29.96,0.00059999997,3743.9,2025.0
2006-03-22 00:00:00+05:30,3.3966938855874984,2314.95,2213.75,3.2981090545654297,1379552,0.0,0.0,ADANIENT.NS,Adani Enterprises Limited,Thermal Coal,Energy,Mr. Gautambhai Shantilal Adani S.Y. B.Com,"Ahmedabad, India",https://www.adanienterprises.com,2308.8,2238.85,2664840298496,77.06275,29.96,0.00059999997,3743.9,2025.0
2006-03-23 00:00:00+05:30,3.316033239043012,2314.95,2213.75,3.301096200942993,1379552,0.0,0.0,ADANIENT.NS,Adani Enterprises Limited,Thermal Coal,Energy,Mr. Gautambhai Shantilal Adani S.Y. B.Com,"Ahmedabad, India",https://www.adanienterprises.com,2308.8,2238.85,2664840298496,77.06275,29.96,0.00059999997,3743.9,2025.0
2006-03-24 00:00:00+05:30,3.3249959091069012,2314.95,2213.75,3.441505193710327,1379552,0.0,0.0,ADANIENT.NS,Adani Enterprises Limited,Thermal Coal,Energy,Mr. Gautambhai Shantilal Adani S.Y. B.Com,"Ahmedabad, India",https://www.adanienterprises.com,2308.8,2238.85,2664840298496,77.06275,29.96,0.00059999997,3743.9,2025.0
2006-03-27 00:00:00+05:30,3.4863173747211493,2314.95,2213.75,3.5610029697418213,1379552,0.0,0.0,ADANIENT.NS,Adani Enterprises Limited,Thermal Coal,Energy,Mr. Gautambhai Shantilal Adani S.Y. B.Com,"Ahmedabad, India",https://www.adanienterprises.com,2308.8,2238.85,2664840298496,77.06275,29.96,0.00059999997,3743.9,2025.0
2006-03-28 00:00:00+05:30,3.6984242212167047,2314.95,2213.75,3.4922919273376465,1379552,0.0,0.0,ADANIENT.NS,Adani Enterprises Limited,Thermal Coal,Energy,Mr. Gautambhai Shantilal Adani S.Y. B.Com,"Ahmedabad, India",https://www.adanienterprises.com,2308.8,2238.85,2664840298496,77.06275,29.96,0.00059999997,3743.9,2025.0
2006-03-29 00:00:00+05:30,3.552040146738573,2314.95,2213.75,3.546065330505371,1379552,0.0,0.0,ADANIENT.NS,Adani Enterprises Limited,Thermal Coal,Energy,Mr. Gautambhai Shantilal Adani S.Y. B.Com,"Ahmedabad, India",https://www.adanienterprises.com,2308.8,2238.85,2664840298496,77.06275,29.96,0.00059999997,3743.9,2025.0
2006-03-30 00:00:00+05:30,3.6386755486347555,2314.95,2213.75,3.510216236114502,1379552,0.0,0.0,ADANIENT.NS,Adani Enterprises Limited,Thermal Coal,Energy,Mr. Gautambhai Shantilal Adani S.Y. B.Com,"Ahmedabad, India",https://www.adanienterprises.com,2308.8,2238.85,2664840298496,77.06275,29.96,0.00059999997,3743.9,2025.0
2006-03-31 00:00:00+05:30,3.5669763460590946,2314.95,2213.75,3.5759389400482178,1379552,0.0,0.0,ADANIENT.NS,Adani Enterprises Limited,Thermal Coal,Energy,Mr. Gautambhai Shantilal Adani S.Y. B.Com,"Ahmedabad, India",https://www.adanienterprises.com,2308.8,2238.85,2664840298496,77.06275,29.96,0.00059999997,3743.9,2025.0
2006-04-03 00:00:00+05:30,3.584901873561224,2314.95,2213.75,3.8388330936431885,1379552,0.0,0.0,ADANIENT.NS,Adani Enterprises Limited,Thermal Coal,Energy,Mr. Gautambhai Shantilal Adani S.Y. B.Com,"Ahmedabad, India",https://www.adanienterprises.com,2308.8,2238.85,2664840298496,77.06275,29.96,0.00059999997,3743.9,2025.0
2006-04-04 00:00:00+05:30,3.8776681751450655,2314.95,2213.75,3.8119451999664307,1379552,0.0,0.0,ADANIENT.NS,Adani Enterprises Limited,Thermal Coal,Energy,Mr. Gautambhai Shantilal Adani S.Y. B.Com,"Ahmedabad, India",https://www.adanienterprises.com,2308.8,2238.85,2664840298496,77.06275,29.96,0.00059999997,3743.9,2025.0
2006-04-05 00:00:00+05:30,3.8507813091339487,2314.95,2213.75,3.8059701919555664,1379552,0.0,0.0,ADANIENT.NS,Adani Enterprises Limited,Thermal Coal,Energy,Mr. Gautambhai Shantilal Adani S.Y. B.Com,"Ahmedabad, India",https://www.adanienterprises.com,2308.8,2238.85,2664840298496,77.06275,29.96,0.00059999997,3743.9,2025.0
2006-04-07 00:00:00+05:30,3.841819751075842,2314.95,2213.75,3.8298697471618652,1379552,0.0,0.0,ADANIENT.NS,Adani Enterprises Limited,Thermal Coal,Energy,Mr. Gautambhai Shantilal Adani S.Y. B.Com,"Ahmedabad, India",https://www.adanienterprises.com,2308.8,2238.85,2664840298496,77.06275,29.96,0.00059999997,3743.9,2025.0
2006-04-10 00:00:00+05:30,3.8418200057333705,2314.95,2213.75,3.767134428024292,1379552,0.0,0.0,ADANIENT.NS,Adani Enterprises Limited,Thermal Coal,Energy,Mr. Gautambhai Shantilal Adani S.Y. B.Com,"Ahmedabad, India",https://www.adanienterprises.com,2308.8,2238.85,2664840298496,77.06275,29.96,0.00059999997,3743.9,2025.0
2006-04-12 00:00:00+05:30,3.764146624942876,2314.95,2213.75,3.6506247520446777,1379552,0.0,0.0,ADANIENT.NS,Adani Enterprises Limited,Thermal Coal,Energy,Mr. Gautambhai Shantilal Adani S.Y. B.Com,"Ahmedabad, India",https://www.adanienterprises.com,2308.8,2238.85,2664840298496,77.06275,29.96,0.00059999997,3743.9,2025.0
2006-04-13 00:00:00+05:30,3.701410467151198,2314.95,2213.75,3.5430774688720703,1379552,0.0,0.0,ADANIENT.NS,Adani Enterprises Limited,Thermal Coal,Energy,Mr. Gautambhai Shantilal Adani S.Y. B.Com,"Ahmedabad, India",https://www.adanienterprises.com,2308.8,2238.85,2664840298496,77.06275,29.96,0.00059999997,3743.9,2025.0
2006-04-17 00:00:00+05:30,3.566977503481625,2314.95,2213.75,3.5968515872955322,1379552,0.0,0.0,ADANIENT.NS,Adani Enterprises Limited,Thermal Coal,Energy,Mr. Gautambhai Shantilal Adani S.Y. B.Com,"Ahmedabad, India",https://www.adanienterprises.com,2308.8,2238.85,2664840298496,77.06275,29.96,0.00059999997,3743.9,2025.0
2006-04-18 00:00:00+05:30,3.6147759806547777,2314.95,2213.75,3.6476378440856934,1379552,0.0,0.0,ADANIENT.NS,Adani Enterprises Limited,Thermal Coal,Energy,Mr. Gautambhai Shantilal Adani S.Y. B.Com,"Ahmedabad, India",https://www.adanienterprises.com,2308.8,2238.85,2664840298496,77.06275,29.96,0.00059999997,3743.9,2025.0
2006-04-19 00:00:00+05:30,3.6924484321590816,2314.95,2213.75,3.6237380504608154,1379552,0.0,0.0,ADANIENT.NS,Adani Enterprises Limited,Thermal Coal,Energy,Mr. Gautambhai Shantilal Adani S.Y. B.Com,"Ahmedabad, India",https://www.adanienterprises.com,2308.8,2238.85,2664840298496,77.06275,29.96,0.00059999997,3743.9,2025.0
2006-04-20 00:00:00+05:30,3.5699639308242546,2314.95,2213.75,3.632699489593506,1379552,0.0,0.0,ADANIENT.NS,Adani Enterprises Limited,Thermal Coal,Energy,Mr. Gautambhai Shantilal Adani S.Y. B.Com,"Ahmedabad, India",https://www.adanienterprises.com,2308.8,2238.85,2664840298496,77.06275,29.96,0.00059999997,3743.9,2025.0
2006-04-21 00:00:00+05:30,3.641662383899747,2314.95,2213.75,3.5938634872436523,1379552,0.0,0.0,ADANIENT.NS,Adani Enterprises Limited,Thermal Coal,Energy,Mr. Gautambhai Shantilal Adani S.Y. B.Com,"Ahmedabad, India",https://www.adanienterprises.com,2308.8,2238.85,2664840298496,77.06275,29.96,0.00059999997,3743.9,2025.0
2006-04-24 00:00:00+05:30,3.611789118669873,2314.95,2213.75,3.578927993774414,1379552,0.0,0.0,ADANIENT.NS,Adani Enterprises Limited,Thermal Coal,Energy,Mr. Gautambhai Shantilal Adani S.Y. B.Com,"Ahmedabad, India",https://www.adanienterprises.com,2308.8,2238.85,2664840298496,77.06275,29.96,0.00059999997,3743.9,2025.0
2006-04-25 00:00:00+05:30,3.5699646637395737,2314.95,2213.75,3.5849013328552246,1379552,0.0,0.0,ADANIENT.NS,Adani Enterprises Limited,Thermal Coal,Energy,Mr. Gautambhai Shantilal Adani S.Y. B.Com,"Ahmedabad, India",https://www.adanienterprises.com,2308.8,2238.85,2664840298496,77.06275,29.96,0.00059999997,3743.9,2025.0
2006-04-26 00:00:00+05:30,3.608799733068511,2314.95,2213.75,3.617762327194214,1379552,0.0,0.0,ADANIENT.NS,Adani Enterprises Limited,Thermal Coal,Energy,Mr. Gautambhai Shantilal Adani S.Y. B.Com,"Ahmedabad, India",https://www.adanienterprises.com,2308.8,2238.85,2664840298496,77.06275,29.96,0.00059999997,3743.9,2025.0
2006-04-27 00:00:00+05:30,3.620751226099817,2314.95,2213.75,3.5968515872955322,1379552,0.0,0.0,ADANIENT.NS,Adani Enterprises Limited,Thermal Coal,Energy,Mr. Gautambhai Shantilal Adani S.Y. B.Com,"Ahmedabad, India",https://www.adanienterprises.com,2308.8,2238.85,2664840298496,77.06275,29.96,0.00059999997,3743.9,2025.0
2006-04-28 00:00:00+05:30,3.52515352489318,2314.95,2213.75,3.569964647293091,1379552,0.0,0.0,ADANIENT.NS,Adani Enterprises Limited,Thermal Coal,Energy,Mr. Gautambhai Shantilal Adani S.Y. B.Com,"Ahmedabad, India",https://www.adanienterprises.com,2308.8,2238.85,2664840298496,77.06275,29.96,0.00059999997,3743.9,2025.0
2006-05-02 00:00:00+05:30,3.704398187233596,2314.95,2213.75,4.352668762207031,1379552,0.0,0.0,ADANIENT.NS,Adani Enterprises Limited,Thermal Coal,Energy,Mr. Gautambhai Shantilal Adani S.Y. B.Com,"Ahmedabad, India",https://www.adanienterprises.com,2308.8,2238.85,2664840298496,77.06275,29.96,0.00059999997,3743.9,2025.0
2006-05-03 00:00:00+05:30,4.660372105320768,2314.95,2213.75,5.224993705749512,1379552,0.0,0.0,ADANIENT.NS,Adani Enterprises Limited,Thermal Coal,Energy,Mr. Gautambhai Shantilal Adani S.Y. B.Com,"Ahmedabad, India",https://www.adanienterprises.com,2308.8,2238.85,2664840298496,77.06275,29.96,0.00059999997,3743.9,2025.0
2006-05-04 00:00:00+05:30,5.4968486013161,2314.95,2213.75,6.270589828491211,1379552,0.0,0.0,ADANIENT.NS,Adani Enterprises Limited,Thermal Coal,Energy,Mr. Gautambhai Shantilal Adani S.Y. B.Com,"Ahmedabad, India",https://www.adanienterprises.com,2308.8,2238.85,2664840298496,77.06275,29.96,0.00059999997,3743.9,2025.0
2006-05-05 00:00:00+05:30,6.503609207737895,2314.95,2213.75,6.897947788238525,1379552,0.0,0.0,ADANIENT.NS,Adani Enterprises Limited,Thermal Coal,Energy,Mr. Gautambhai Shantilal Adani S.Y. B.Com,"Ahmedabad, India",https://www.adanienterprises.com,2308.8,2238.85,2664840298496,77.06275,29.96,0.00059999997,3743.9,2025.0
2006-05-08 00:00:00+05:30,7.1698021402737595,2314.95,2213.75,7.480494022369385,1379552,0.0,0.0,ADANIENT.NS,Adani Enterprises Limited,Thermal Coal,Energy,Mr. Gautambhai Shantilal Adani S.Y. B.Com,"Ahmedabad, India",https://www.adanienterprises.com,2308.8,2238.85,2664840298496,77.06275,29.96,0.00059999997,3743.9,2025.0
2006-05-09 00:00:00+05:30,7.528294661110832,2314.95,2213.75,7.5760931968688965,1379552,0.0,0.0,ADANIENT.NS,Adani Enterprises Limited,Thermal Coal,Energy,Mr. Gautambhai Shantilal Adani S.Y. B.Com,"Ahmedabad, India",https://www.adanienterprises.com,2308.8,2238.85,2664840298496,77.06275,29.96,0.00059999997,3743.9,2025.0
2006-05-10 00:00:00+05:30,7.582068076553244,2314.95,2213.75,8.334897994995117,1379552,0.0,0.0,ADANIENT.NS,Adani Enterprises Limited,Thermal Coal,Energy,Mr. Gautambhai Shantilal Adani S.Y. B.Com,"Ahmedabad, India",https://www.adanienterprises.com,2308.8,2238.85,2664840298496,77.06275,29.96,0.00059999997,3743.9,2025.0
2006-05-11 00:00:00+05:30,8.944328978486546,2314.95,2213.75,9.168384552001953,1379552,0.0,0.0,ADANIENT.NS,Adani Enterprises Limited,Thermal Coal,Energy,Mr. Gautambhai Shantilal Adani S.Y. B.Com,"Ahmedabad, India",https://www.adanienterprises.com,2308.8,2238.85,2664840298496,77.06275,29.96,0.00059999997,3743.9,2025.0
2006-05-12 00:00:00+05:30,9.260996538535876,2314.95,2213.75,9.628448486328125,1379552,0.0,0.0,ADANIENT.NS,Adani Enterprises Limited,Thermal Coal,Energy,Mr. Gautambhai Shantilal Adani S.Y. B.Com,"Ahmedabad, India",https://www.adanienterprises.com,2308.8,2238.85,2664840298496,77.06275,29.96,0.00059999997,3743.9,2025.0
2006-05-15 00:00:00+05:30,10.112406730651855,2314.95,2213.75,10.112406730651855,1379552,0.0,0.0,ADANIENT.NS,Adani Enterprises Limited,Thermal Coal,Energy,Mr. Gautambhai Shantilal Adani S.Y. B.Com,"Ahmedabad, India",https://www.adanienterprises.com,2308.8,2238.85,2664840298496,77.06275,29.96,0.00059999997,3743.9,2025.0
2006-05-16 00:00:00+05:30,10.620270618571523,2314.95,2213.75,10.545584678649902,1379552,0.0,0.0,ADANIENT.NS,Adani Enterprises Limited,Thermal Coal,Energy,Mr. Gautambhai Shantilal Adani S.Y. B.Com,"Ahmedabad, India",https://www.adanienterprises.com,2308.8,2238.85,2664840298496,77.06275,29.96,0.00059999997,3743.9,2025.0
2006-05-17 00:00:00+05:30,10.81445203602157,2314.95,2213.75,11.074357986450195,1379552,0.0,0.0,ADANIENT.NS,Adani Enterprises Limited,Thermal Coal,Energy,Mr. Gautambhai Shantilal Adani S.Y. B.Com,"Ahmedabad, India",https://www.adanienterprises.com,2308.8,2238.85,2664840298496,77.06275,29.96,0.00059999997,3743.9,2025.0
2006-05-18 00:00:00+05:30,11.570270797046392,2314.95,2213.75,11.328289985656738,1379552,0.0,0.0,ADANIENT.NS,Adani Enterprises Limited,Thermal Coal,Energy,Mr. Gautambhai Shantilal Adani S.Y. B.Com,"Ahmedabad, India",https://www.adanienterprises.com,2308.8,2238.85,2664840298496,77.06275,29.96,0.00059999997,3743.9,2025.0
2006-05-19 00:00:00+05:30,11.895898387312807,2314.95,2213.75,10.856277465820312,1379552,0.0,0.0,ADANIENT.NS,Adani Enterprises Limited,Thermal Coal,Energy,Mr. Gautambhai Shantilal Adani S.Y. B.Com,"Ahmedabad, India",https://www.adanienterprises.com,2308.8,2238.85,2664840298496,77.06275,29.96,0.00059999997,3743.9,2025.0
2006-05-22 00:00:00+05:30,11.053446614627395,2314.95,2213.75,10.31555461883545,1379552,0.0,0.0,ADANIENT.NS,Adani Enterprises Limited,Thermal Coal,Energy,Mr. Gautambhai Shantilal Adani S.Y. B.Com,"Ahmedabad, India",https://www.adanienterprises.com,2308.8,2238.85,2664840298496,77.06275,29.96,0.00059999997,3743.9,2025.0
2006-05-23 00:00:00+05:30,9.807695225828086,2314.95,2213.75,9.801719665527344,1379552,0.0,0.0,ADANIENT.NS,Adani Enterprises Limited,Thermal Coal,Energy,Mr. Gautambhai Shantilal Adani S.Y. B.Com,"Ahmedabad, India",https://www.adanienterprises.com,2308.8,2238.85,2664840298496,77.06275,29.96,0.00059999997,3743.9,2025.0
2006-05-24 00:00:00+05:30,9.47310362755577,2314.95,2213.75,9.311782836914062,1379552,0.0,0.0,ADANIENT.NS,Adani Enterprises Limited,Thermal Coal,Energy,Mr. Gautambhai Shantilal Adani S.Y. B.Com,"Ahmedabad, India",https://www.adanienterprises.com,2308.8,2238.85,2664840298496,77.06275,29.96,0.00059999997,3743.9,2025.0
2006-05-25 00:00:00+05:30,8.848732216297725,2314.95,2213.75,8.881593704223633,1379552,0.0,0.0,ADANIENT.NS,Adani Enterprises Limited,Thermal Coal,Energy,Mr. Gautambhai Shantilal Adani S.Y. B.Com,"Ahmedabad, India",https://www.adanienterprises.com,2308.8,2238.85,2664840298496,77.06275,29.96,0.00059999997,3743.9,2025.0
2006-05-26 00:00:00+05:30,8.998104747297,2314.95,2213.75,9.32672119140625,1379552,0.0,0.0,ADANIENT.NS,Adani Enterprises Limited,Thermal Coal,Energy,Mr. Gautambhai Shantilal Adani S.Y. B.Com,"Ahmedabad, India",https://www.adanienterprises.com,2308.8,2238.85,2664840298496,77.06275,29.96,0.00059999997,3743.9,2025.0
2006-05-29 00:00:00+05:30,9.795743942260742,2314.95,2213.75,9.795743942260742,1379552,0.0,0.0,ADANIENT.NS,Adani Enterprises Limited,Thermal Coal,Energy,Mr. Gautambhai Shantilal Adani S.Y. B.Com,"Ahmedabad, India",https://www.adanienterprises.com,2308.8,2238.85,2664840298496,77.06275,29.96,0.00059999997,3743.9,2025.0
2006-05-30 00:00:00+05:30,10.285679817199707,2314.95,2213.75,10.285679817199707,1379552,0.0,0.0,ADANIENT.NS,Adani Enterprises Limited,Thermal Coal,Energy,Mr. Gautambhai Shantilal Adani S.Y. B.Com,"Ahmedabad, India",https://www.adanienterprises.com,2308.8,2238.85,2664840298496,77.06275,29.96,0.00059999997,3743.9,2025.0
2006-05-31 00:00:00+05:30,10.802502632141113,2314.95,2213.75,10.802502632141113,1379552,0.0,0.0,ADANIENT.NS,Adani Enterprises Limited,Thermal Coal,Energy,Mr. Gautambhai Shantilal Adani S.Y. B.Com,"Ahmedabad, India",https://www.adanienterprises.com,2308.8,2238.85,2664840298496,77.06275,29.96,0.00059999997,3743.9,2025.0
2006-06-01 00:00:00+05:30,11.34322738647461,2314.95,2213.75,11.34322738647461,1379552,0.0,0.0,ADANIENT.NS,Adani Enterprises Limited,Thermal Coal,Energy,Mr. Gautambhai Shantilal Adani S.Y. B.Com,"Ahmedabad, India",https://www.adanienterprises.com,2308.8,2238.85,2664840298496,77.06275,29.96,0.00059999997,3743.9,2025.0
2006-06-02 00:00:00+05:30,11.910836039755276,2314.95,2213.75,11.029547691345215,1379552,0.0,0.0,ADANIENT.NS,Adani Enterprises Limited,Thermal Coal,Energy,Mr. Gautambhai Shantilal Adani S.Y. B.Com,"Ahmedabad, India",https://www.adanienterprises.com,2308.8,2238.85,2664840298496,77.06275,29.96,0.00059999997,3743.9,2025.0
2006-06-05 00:00:00+05:30,10.479863166809082,2314.95,2213.75,10.479863166809082,1379552,0.0,0.0,ADANIENT.NS,Adani Enterprises Limited,Thermal Coal,Energy,Mr. Gautambhai Shantilal Adani S.Y. B.Com,"Ahmedabad, India",https://www.adanienterprises.com,2308.8,2238.85,2664840298496,77.06275,29.96,0.00059999997,3743.9,2025.0
2006-06-06 00:00:00+05:30,9.95706558227539,2314.95,2213.75,9.95706558227539,1379552,0.0,0.0,ADANIENT.NS,Adani Enterprises Limited,Thermal Coal,Energy,Mr. Gautambhai Shantilal Adani S.Y. B.Com,"Ahmedabad, India",https://www.adanienterprises.com,2308.8,2238.85,2664840298496,77.06275,29.96,0.00059999997,3743.9,2025.0
2006-06-07 00:00:00+05:30,9.461153030395508,2314.95,2213.75,9.461153030395508,1379552,0.0,0.0,ADANIENT.NS,Adani Enterprises Limited,Thermal Coal,Energy,Mr. Gautambhai Shantilal Adani S.Y. B.Com,"Ahmedabad, India",https://www.adanienterprises.com,2308.8,2238.85,2664840298496,77.06275,29.96,0.00059999997,3743.9,2025.0
2006-06-08 00:00:00+05:30,8.989140510559082,2314.95,2213.75,8.989140510559082,1379552,0.0,0.0,ADANIENT.NS,Adani Enterprises Limited,Thermal Coal,Energy,Mr. Gautambhai Shantilal Adani S.Y. B.Com,"Ahmedabad, India",https://www.adanienterprises.com,2308.8,2238.85,2664840298496,77.06275,29.96,0.00059999997,3743.9,2025.0
2006-06-09 00:00:00+05:30,8.54102897644043,2314.95,2213.75,8.54102897644043,1379552,0.0,0.0,ADANIENT.NS,Adani Enterprises Limited,Thermal Coal,Energy,Mr. Gautambhai Shantilal Adani S.Y. B.Com,"Ahmedabad, India",https://www.adanienterprises.com,2308.8,2238.85,2664840298496,77.06275,29.96,0.00059999997,3743.9,2025.0
2006-06-12 00:00:00+05:30,8.113825798034668,2314.95,2213.75,8.113825798034668,1379552,0.0,0.0,ADANIENT.NS,Adani Enterprises Limited,Thermal Coal,Energy,Mr. Gautambhai Shantilal Adani S.Y. B.Com,"Ahmedabad, India",https://www.adanienterprises.com,2308.8,2238.85,2664840298496,77.06275,29.96,0.00059999997,3743.9,2025.0
2006-06-13 00:00:00+05:30,7.71052646636963,2314.95,2213.75,7.710526466369629,1379552,0.0,0.0,ADANIENT.NS,Adani Enterprises Limited,Thermal Coal,Energy,Mr. Gautambhai Shantilal Adani S.Y. B.Com,"Ahmedabad, India",https://www.adanienterprises.com,2308.8,2238.85,2664840298496,77.06275,29.96,0.00059999997,3743.9,2025.0
2006-06-14 00:00:00+05:30,7.325150012969971,2314.95,2213.75,7.325150012969971,1379552,0.0,0.0,ADANIENT.NS,Adani Enterprises Limited,Thermal Coal,Energy,Mr. Gautambhai Shantilal Adani S.Y. B.Com,"Ahmedabad, India",https://www.adanienterprises.com,2308.8,2238.85,2664840298496,77.06275,29.96,0.00059999997,3743.9,2025.0
2006-06-15 00:00:00+05:30,6.960684776306152,2314.95,2213.75,6.960684776306152,1379552,0.0,0.0,ADANIENT.NS,Adani Enterprises Limited,Thermal Coal,Energy,Mr. Gautambhai Shantilal Adani S.Y. B.Com,"Ahmedabad, India",https://www.adanienterprises.com,2308.8,2238.85,2664840298496,77.06275,29.96,0.00059999997,3743.9,2025.0
2006-06-16 00:00:00+05:30,6.638042553230999,2314.95,2213.75,7.262413024902344,1379552,0.0,0.0,ADANIENT.NS,Adani Enterprises Limited,Thermal Coal,Energy,Mr. Gautambhai Shantilal Adani S.Y. B.Com,"Ahmedabad, India",https://www.adanienterprises.com,2308.8,2238.85,2664840298496,77.06275,29.96,0.00059999997,3743.9,2025.0
2006-06-19 00:00:00+05:30,7.626877307891846,2314.95,2213.75,7.626877307891846,1379552,0.0,0.0,ADANIENT.NS,Adani Enterprises Limited,Thermal Coal,Energy,Mr. Gautambhai Shantilal Adani S.Y. B.Com,"Ahmedabad, India",https://www.adanienterprises.com,2308.8,2238.85,2664840298496,77.06275,29.96,0.00059999997,3743.9,2025.0
2006-06-20 00:00:00+05:30,7.791186274251398,2314.95,2213.75,8.009267807006836,1379552,0.0,0.0,ADANIENT.NS,Adani Enterprises Limited,Thermal Coal,Energy,Mr. Gautambhai Shantilal Adani S.Y. B.Com,"Ahmedabad, India",https://www.adanienterprises.com,2308.8,2238.85,2664840298496,77.06275,29.96,0.00059999997,3743.9,2025.0
2006-06-21 00:00:00+05:30,8.185525784835272,2314.95,2213.75,8.409582138061523,1379552,0.0,0.0,ADANIENT.NS,Adani Enterprises Limited,Thermal Coal,Energy,Mr. Gautambhai Shantilal Adani S.Y. B.Com,"Ahmedabad, India",https://www.adanienterprises.com,2308.8,2238.85,2664840298496,77.06275,29.96,0.00059999997,3743.9,2025.0
2006-06-22 00:00:00+05:30,8.806910279547253,2314.95,2213.75,8.098892211914062,1379552,0.0,0.0,ADANIENT.NS,Adani Enterprises Limited,Thermal Coal,Energy,Mr. Gautambhai Shantilal Adani S.Y. B.Com,"Ahmedabad, India",https://www.adanienterprises.com,2308.8,2238.85,2664840298496,77.06275,29.96,0.00059999997,3743.9,2025.0
2006-06-23 00:00:00+05:30,8.00627941815923,2314.95,2213.75,8.164612770080566,1379552,0.0,0.0,ADANIENT.NS,Adani Enterprises Limited,Thermal Coal,Energy,Mr. Gautambhai Shantilal Adani S.Y. B.Com,"Ahmedabad, India",https://www.adanienterprises.com,2308.8,2238.85,2664840298496,77.06275,29.96,0.00059999997,3743.9,2025.0
2006-06-26 00:00:00+05:30,8.305020893506336,2314.95,2213.75,7.865870475769043,1379552,0.0,0.0,ADANIENT.NS,Adani Enterprises Limited,Thermal Coal,Energy,Mr. Gautambhai Shantilal Adani S.Y. B.Com,"Ahmedabad, India",https://www.adanienterprises.com,2308.8,2238.85,2664840298496,77.06275,29.96,0.00059999997,3743.9,2025.0
2006-06-27 00:00:00+05:30,7.5282916348070295,2314.95,2213.75,7.5372538566589355,1379552,0.0,0.0,ADANIENT.NS,Adani Enterprises Limited,Thermal Coal,Energy,Mr. Gautambhai Shantilal Adani S.Y. B.Com,"Ahmedabad, India",https://www.adanienterprises.com,2308.8,2238.85,2664840298496,77.06275,29.96,0.00059999997,3743.9,2025.0
2006-06-28 00:00:00+05:30,7.402822734564277,2314.95,2213.75,7.43269681930542,1379552,0.0,0.0,ADANIENT.NS,Adani Enterprises Limited,Thermal Coal,Energy,Mr. Gautambhai Shantilal Adani S.Y. B.Com,"Ahmedabad, India",https://www.adanienterprises.com,2308.8,2238.85,2664840298496,77.06275,29.96,0.00059999997,3743.9,2025.0
2006-06-29 00:00:00+05:30,7.731437292807467,2314.95,2213.75,7.444645404815674,1379552,0.0,0.0,ADANIENT.NS,Adani Enterprises Limited,Thermal Coal,Energy,Mr. Gautambhai Shantilal Adani S.Y. B.Com,"Ahmedabad, India",https://www.adanienterprises.com,2308.8,2238.85,2664840298496,77.06275,29.96,0.00059999997,3743.9,2025.0
2006-06-30 00:00:00+05:30,7.707539587563654,2314.95,2213.75,7.764300346374512,1379552,0.0,0.0,ADANIENT.NS,Adani Enterprises Limited,Thermal Coal,Energy,Mr. Gautambhai Shantilal Adani S.Y. B.Com,"Ahmedabad, India",https://www.adanienterprises.com,2308.8,2238.85,2664840298496,77.06275,29.96,0.00059999997,3743.9,2025.0
2006-07-03 00:00:00+05:30,7.821059808306751,2314.95,2213.75,7.471532344818115,1379552,0.0,0.0,ADANIENT.NS,Adani Enterprises Limited,Thermal Coal,Energy,Mr. Gautambhai Shantilal Adani S.Y. B.Com,"Ahmedabad, India",https://www.adanienterprises.com,2308.8,2238.85,2664840298496,77.06275,29.96,0.00059999997,3743.9,2025.0
2006-07-04 00:00:00+05:30,7.629867431003441,2314.95,2213.75,7.381911754608154,1379552,0.0,0.0,ADANIENT.NS,Adani Enterprises Limited,Thermal Coal,Energy,Mr. Gautambhai Shantilal Adani S.Y. B.Com,"Ahmedabad, India",https://www.adanienterprises.com,2308.8,2238.85,2664840298496,77.06275,29.96,0.00059999997,3743.9,2025.0
2006-07-05 00:00:00+05:30,7.435685159540912,2314.95,2213.75,7.495433330535889,1379552,0.0,0.0,ADANIENT.NS,Adani Enterprises Limited,Thermal Coal,Energy,Mr. Gautambhai Shantilal Adani S.Y. B.Com,"Ahmedabad, India",https://www.adanienterprises.com,2308.8,2238.85,2664840298496,77.06275,29.96,0.00059999997,3743.9,2025.0
2006-07-06 00:00:00+05:30,7.432695030289278,2314.95,2213.75,7.444645404815674,1379552,0.0,0.0,ADANIENT.NS,Adani Enterprises Limited,Thermal Coal,Energy,Mr. Gautambhai Shantilal Adani S.Y. B.Com,"Ahmedabad, India",https://www.adanienterprises.com,2308.8,2238.85,2664840298496,77.06275,29.96,0.00059999997,3743.9,2025.0
2006-07-07 00:00:00+05:30,7.582067395985681,2314.95,2213.75,7.20266580581665,1379552,0.0,0.0,ADANIENT.NS,Adani Enterprises Limited,Thermal Coal,Energy,Mr. Gautambhai Shantilal Adani S.Y. B.Com,"Ahmedabad, India",https://www.adanienterprises.com,2308.8,2238.85,2664840298496,77.06275,29.96,0.00059999997,3743.9,2025.0
2006-07-10 00:00:00+05:30,7.468546091039687,2314.95,2213.75,7.029395580291748,1379552,0.0,0.0,ADANIENT.NS,Adani Enterprises Limited,Thermal Coal,Energy,Mr. Gautambhai Shantilal Adani S.Y. B.Com,"Ahmedabad, India",https://www.adanienterprises.com,2308.8,2238.85,2664840298496,77.06275,29.96,0.00059999997,3743.9,2025.0
2006-07-11 00:00:00+05:30,7.2235766954342875,2314.95,2213.75,7.053293704986572,1379552,0.0,0.0,ADANIENT.NS,Adani Enterprises Limited,Thermal Coal,Energy,Mr. Gautambhai Shantilal Adani S.Y. B.Com,"Ahmedabad, India",https://www.adanienterprises.com,2308.8,2238.85,2664840298496,77.06275,29.96,0.00059999997,3743.9,2025.0
2006-07-12 00:00:00+05:30,6.8113126261229135,2314.95,2213.75,7.280336380004883,1379552,0.0,0.0,ADANIENT.NS,Adani Enterprises Limited,Thermal Coal,Energy,Mr. Gautambhai Shantilal Adani S.Y. B.Com,"Ahmedabad, India",https://www.adanienterprises.com,2308.8,2238.85,2664840298496,77.06275,29.96,0.00059999997,3743.9,2025.0
2006-07-13 00:00:00+05:30,7.289299909432024,2314.95,2213.75,7.358010292053223,1379552,0.0,0.0,ADANIENT.NS,Adani Enterprises Limited,Thermal Coal,Energy,Mr. Gautambhai Shantilal Adani S.Y. B.Com,"Ahmedabad, India",https://www.adanienterprises.com,2308.8,2238.85,2664840298496,77.06275,29.96,0.00059999997,3743.9,2025.0
2006-07-14 00:00:00+05:30,7.349050457551907,2314.95,2213.75,7.184741497039795,1379552,0.0,0.0,ADANIENT.NS,Adani Enterprises Limited,Thermal Coal,Energy,Mr. Gautambhai Shantilal Adani S.Y. B.Com,"Ahmedabad, India",https://www.adanienterprises.com,2308.8,2238.85,2664840298496,77.06275,29.96,0.00059999997,3743.9,2025.0
2006-07-17 00:00:00+05:30,7.223578103291855,2314.95,2213.75,6.9397735595703125,1379552,0.0,0.0,ADANIENT.NS,Adani Enterprises Limited,Thermal Coal,Energy,Mr. Gautambhai Shantilal Adani S.Y. B.Com,"Ahmedabad, India",https://www.adanienterprises.com,2308.8,2238.85,2664840298496,77.06275,29.96,0.00059999997,3743.9,2025.0
2006-07-18 00:00:00+05:30,6.930810131110535,2314.95,2213.75,6.823262691497803,1379552,0.0,0.0,ADANIENT.NS,Adani Enterprises Limited,Thermal Coal,Energy,Mr. Gautambhai Shantilal Adani S.Y. B.Com,"Ahmedabad, India",https://www.adanienterprises.com,2308.8,2238.85,2664840298496,77.06275,29.96,0.00059999997,3743.9,2025.0
2006-07-19 00:00:00+05:30,6.93080899589072,2314.95,2213.75,6.596218585968018,1379552,0.0,0.0,ADANIENT.NS,Adani Enterprises Limited,Thermal Coal,Energy,Mr. Gautambhai Shantilal Adani S.Y. B.Com,"Ahmedabad, India",https://www.adanienterprises.com,2308.8,2238.85,2664840298496,77.06275,29.96,0.00059999997,3743.9,2025.0
2006-07-20 00:00:00+05:30,6.718702423392298,2314.95,2213.75,6.676877975463867,1379552,0.0,0.0,ADANIENT.NS,Adani Enterprises Limited,Thermal Coal,Energy,Mr. Gautambhai Shantilal Adani S.Y. B.Com,"Ahmedabad, India",https://www.adanienterprises.com,2308.8,2238.85,2664840298496,77.06275,29.96,0.00059999997,3743.9,2025.0
2006-07-21 00:00:00+05:30,6.635055225684225,2314.95,2213.75,6.402036666870117,1379552,0.0,0.0,ADANIENT.NS,Adani Enterprises Limited,Thermal Coal,Energy,Mr. Gautambhai Shantilal Adani S.Y. B.Com,"Ahmedabad, India",https://www.adanienterprises.com,2308.8,2238.85,2664840298496,77.06275,29.96,0.00059999997,3743.9,2025.0
2006-07-24 00:00:00+05:30,6.542462000136079,2314.95,2213.75,6.591607093811035,1379552,0.225,0.0,ADANIENT.NS,Adani Enterprises Limited,Thermal Coal,Energy,Mr. Gautambhai Shantilal Adani S.Y. B.Com,"Ahmedabad, India",https://www.adanienterprises.com,2308.8,2238.85,2664840298496,77.06275,29.96,0.00059999997,3743.9,2025.0
2006-07-25 00:00:00+05:30,6.8741940865377815,2314.95,2213.75,6.4626030921936035,1379552,0.0,0.0,ADANIENT.NS,Adani Enterprises Limited,Thermal Coal,Energy,Mr. Gautambhai Shantilal Adani S.Y. B.Com,"Ahmedabad, India",https://www.adanienterprises.com,2308.8,2238.85,2664840298496,77.06275,29.96,0.00059999997,3743.9,2025.0
2006-07-26 00:00:00+05:30,6.450315844454717,2314.95,2213.75,6.656111717224121,1379552,0.0,0.0,ADANIENT.NS,Adani Enterprises Limited,Thermal Coal,Energy,Mr. Gautambhai Shantilal Adani S.Y. B.Com,"Ahmedabad, India",https://www.adanienterprises.com,2308.8,2238.85,2664840298496,77.06275,29.96,0.00059999997,3743.9,2025.0
2006-07-27 00:00:00+05:30,6.757475088525421,2314.95,2213.75,6.990914344787598,1379552,0.0,0.0,ADANIENT.NS,Adani Enterprises Limited,Thermal Coal,Energy,Mr. Gautambhai Shantilal Adani S.Y. B.Com,"Ahmedabad, India",https://www.adanienterprises.com,2308.8,2238.85,2664840298496,77.06275,29.96,0.00059999997,3743.9,2025.0
2006-07-28 00:00:00+05:30,7.248926740264293,2314.95,2213.75,7.076918125152588,1379552,0.0,0.0,ADANIENT.NS,Adani Enterprises Limited,Thermal Coal,Energy,Mr. Gautambhai Shantilal Adani S.Y. B.Com,"Ahmedabad, India",https://www.adanienterprises.com,2308.8,2238.85,2664840298496,77.06275,29.96,0.00059999997,3743.9,2025.0
2006-07-31 00:00:00+05:30,7.365646174172708,2314.95,2213.75,7.0677032470703125,1379552,0.0,0.0,ADANIENT.NS,Adani Enterprises Limited,Thermal Coal,Energy,Mr. Gautambhai Shantilal Adani S.Y. B.Com,"Ahmedabad, India",https://www.adanienterprises.com,2308.8,2238.85,2664840298496,77.06275,29.96,0.00059999997,3743.9,2025.0
2006-08-01 00:00:00+05:30,6.886481482773762,2314.95,2213.75,6.898766994476318,1379552,0.0,0.0,ADANIENT.NS,Adani Enterprises Limited,Thermal Coal,Energy,Mr. Gautambhai Shantilal Adani S.Y. B.Com,"Ahmedabad, India",https://www.adanienterprises.com,2308.8,2238.85,2664840298496,77.06275,29.96,0.00059999997,3743.9,2025.0
2006-08-02 00:00:00+05:30,6.9417678781518495,2314.95,2213.75,6.975555896759033,1379552,0.0,0.0,ADANIENT.NS,Adani Enterprises Limited,Thermal Coal,Energy,Mr. Gautambhai Shantilal Adani S.Y. B.Com,"Ahmedabad, India",https://www.adanienterprises.com,2308.8,2238.85,2664840298496,77.06275,29.96,0.00059999997,3743.9,2025.0
2006-08-03 00:00:00+05:30,7.104562509305776,2314.95,2213.75,7.13220739364624,1379552,0.0,0.0,ADANIENT.NS,Adani Enterprises Limited,Thermal Coal,Energy,Mr. Gautambhai Shantilal Adani S.Y. B.Com,"Ahmedabad, India",https://www.adanienterprises.com,2308.8,2238.85,2664840298496,77.06275,29.96,0.00059999997,3743.9,2025.0
2006-08-04 00:00:00+05:30,7.156779895967372,2314.95,2213.75,7.079989910125732,1379552,0.0,0.0,ADANIENT.NS,Adani Enterprises Limited,Thermal Coal,Energy,Mr. Gautambhai Shantilal Adani S.Y. B.Com,"Ahmedabad, India",https://www.adanienterprises.com,2308.8,2238.85,2664840298496,77.06275,29.96,0.00059999997,3743.9,2025.0
2006-08-07 00:00:00+05:30,7.003200569187224,2314.95,2213.75,7.030844688415527,1379552,0.0,0.0,ADANIENT.NS,Adani Enterprises Limited,Thermal Coal,Energy,Mr. Gautambhai Shantilal Adani S.Y. B.Com,"Ahmedabad, India",https://www.adanienterprises.com,2308.8,2238.85,2664840298496,77.06275,29.96,0.00059999997,3743.9,2025.0
2006-08-08 00:00:00+05:30,7.006271573954877,2314.95,2213.75,7.202852725982666,1379552,0.0,0.0,ADANIENT.NS,Adani Enterprises Limited,Thermal Coal,Energy,Mr. Gautambhai Shantilal Adani S.Y. B.Com,"Ahmedabad, India",https://www.adanienterprises.com,2308.8,2238.85,2664840298496,77.06275,29.96,0.00059999997,3743.9,2025.0
2006-08-09 00:00:00+05:30,7.126062401725979,2314.95,2213.75,7.251997470855713,1379552,0.0,0.0,ADANIENT.NS,Adani Enterprises Limited,Thermal Coal,Energy,Mr. Gautambhai Shantilal Adani S.Y. B.Com,"Ahmedabad, India",https://www.adanienterprises.com,2308.8,2238.85,2664840298496,77.06275,29.96,0.00059999997,3743.9,2025.0
2006-08-10 00:00:00+05:30,7.353360279189634,2314.95,2213.75,7.958460807800293,1379552,0.0,0.0,ADANIENT.NS,Adani Enterprises Limited,Thermal Coal,Energy,Mr. Gautambhai Shantilal Adani S.Y. B.Com,"Ahmedabad, India",https://www.adanienterprises.com,2308.8,2238.85,2664840298496,77.06275,29.96,0.00059999997,3743.9,2025.0
2006-08-11 00:00:00+05:30,8.047539448410076,2314.95,2213.75,8.204190254211426,1379552,0.0,0.0,ADANIENT.NS,Adani Enterprises Limited,Thermal Coal,Energy,Mr. Gautambhai Shantilal Adani S.Y. B.Com,"Ahmedabad, India",https://www.adanienterprises.com,2308.8,2238.85,2664840298496,77.06275,29.96,0.00059999997,3743.9,2025.0
2006-08-14 00:00:00+05:30,8.293263199439375,2314.95,2213.75,8.333192825317383,1379552,0.0,0.0,ADANIENT.NS,Adani Enterprises Limited,Thermal Coal,Energy,Mr. Gautambhai Shantilal Adani S.Y. B.Com,"Ahmedabad, India",https://www.adanienterprises.com,2308.8,2238.85,2664840298496,77.06275,29.96,0.00059999997,3743.9,2025.0
2006-08-16 00:00:00+05:30,8.416126127661784,2314.95,2213.75,8.65263843536377,1379552,0.0,0.0,ADANIENT.NS,Adani Enterprises Limited,Thermal Coal,Energy,Mr. Gautambhai Shantilal Adani S.Y. B.Com,"Ahmedabad, India",https://www.adanienterprises.com,2308.8,2238.85,2664840298496,77.06275,29.96,0.00059999997,3743.9,2025.0
2006-08-17 00:00:00+05:30,8.747857609962459,2314.95,2213.75,8.234903335571289,1379552,0.0,0.0,ADANIENT.NS,Adani Enterprises Limited,Thermal Coal,Energy,Mr. Gautambhai Shantilal Adani S.Y. B.Com,"Ahmedabad, India",https://www.adanienterprises.com,2308.8,2238.85,2664840298496,77.06275,29.96,0.00059999997,3743.9,2025.0
2006-08-18 00:00:00+05:30,8.354694263676398,2314.95,2213.75,8.044465065002441,1379552,0.0,0.0,ADANIENT.NS,Adani Enterprises Limited,Thermal Coal,Energy,Mr. Gautambhai Shantilal Adani S.Y. B.Com,"Ahmedabad, India",https://www.adanienterprises.com,2308.8,2238.85,2664840298496,77.06275,29.96,0.00059999997,3743.9,2025.0
2006-08-21 00:00:00+05:30,8.148899723753155,2314.95,2213.75,7.811025619506836,1379552,0.0,0.0,ADANIENT.NS,Adani Enterprises Limited,Thermal Coal,Energy,Mr. Gautambhai Shantilal Adani S.Y. B.Com,"Ahmedabad, India",https://www.adanienterprises.com,2308.8,2238.85,2664840298496,77.06275,29.96,0.00059999997,3743.9,2025.0
2006-08-22 00:00:00+05:30,7.811025629997466,2314.95,2213.75,7.6850905418396,1379552,0.0,0.0,ADANIENT.NS,Adani Enterprises Limited,Thermal Coal,Energy,Mr. Gautambhai Shantilal Adani S.Y. B.Com,"Ahmedabad, India",https://www.adanienterprises.com,2308.8,2238.85,2664840298496,77.06275,29.96,0.00059999997,3743.9,2025.0
2006-08-23 00:00:00+05:30,7.80181113776429,2314.95,2213.75,7.528439998626709,1379552,0.0,0.0,ADANIENT.NS,Adani Enterprises Limited,Thermal Coal,Energy,Mr. Gautambhai Shantilal Adani S.Y. B.Com,"Ahmedabad, India",https://www.adanienterprises.com,2308.8,2238.85,2664840298496,77.06275,29.96,0.00059999997,3743.9,2025.0
2006-08-24 00:00:00+05:30,7.463938012403717,2314.95,2213.75,7.365647792816162,1379552,0.0,0.0,ADANIENT.NS,Adani Enterprises Limited,Thermal Coal,Energy,Mr. Gautambhai Shantilal Adani S.Y. B.Com,"Ahmedabad, India",https://www.adanienterprises.com,2308.8,2238.85,2664840298496,77.06275,29.96,0.00059999997,3743.9,2025.0
2006-08-25 00:00:00+05:30,7.4946528810447575,2314.95,2213.75,7.476223468780518,1379552,0.0,0.0,ADANIENT.NS,Adani Enterprises Limited,Thermal Coal,Energy,Mr. Gautambhai Shantilal Adani S.Y. B.Com,"Ahmedabad, India",https://www.adanienterprises.com,2308.8,2238.85,2664840298496,77.06275,29.96,0.00059999997,3743.9,2025.0
2006-08-28 00:00:00+05:30,7.556085413715229,2314.95,2213.75,7.6850905418396,1379552,0.0,0.0,ADANIENT.NS,Adani Enterprises Limited,Thermal Coal,Energy,Mr. Gautambhai Shantilal Adani S.Y. B.Com,"Ahmedabad, India",https://www.adanienterprises.com,2308.8,2238.85,2664840298496,77.06275,29.96,0.00059999997,3743.9,2025.0
2006-08-29 00:00:00+05:30,7.792595648319896,2314.95,2213.75,7.663589000701904,1379552,0.0,0.0,ADANIENT.NS,Adani Enterprises Limited,Thermal Coal,Energy,Mr. Gautambhai Shantilal Adani S.Y. B.Com,"Ahmedabad, India",https://www.adanienterprises.com,2308.8,2238.85,2664840298496,77.06275,29.96,0.00059999997,3743.9,2025.0
2006-08-30 00:00:00+05:30,7.663589290702077,2314.95,2213.75,7.491581439971924,1379552,0.0,0.0,ADANIENT.NS,Adani Enterprises Limited,Thermal Coal,Energy,Mr. Gautambhai Shantilal Adani S.Y. B.Com,"Ahmedabad, India",https://www.adanienterprises.com,2308.8,2238.85,2664840298496,77.06275,29.96,0.00059999997,3743.9,2025.0
2006-08-31 00:00:00+05:30,7.672804992895822,2314.95,2213.75,7.368718147277832,1379552,0.0,0.0,ADANIENT.NS,Adani Enterprises Limited,Thermal Coal,Energy,Mr. Gautambhai Shantilal Adani S.Y. B.Com,"Ahmedabad, India",https://www.adanienterprises.com,2308.8,2238.85,2664840298496,77.06275,29.96,0.00059999997,3743.9,2025.0
2006-09-01 00:00:00+05:30,7.07691623043244,2314.95,2213.75,7.334929466247559,1379552,0.0,0.0,ADANIENT.NS,Adani Enterprises Limited,Thermal Coal,Energy,Mr. Gautambhai Shantilal Adani S.Y. B.Com,"Ahmedabad, India",https://www.adanienterprises.com,2308.8,2238.85,2664840298496,77.06275,29.96,0.00059999997,3743.9,2025.0
2006-09-04 00:00:00+05:30,7.482367513246256,2314.95,2213.75,7.703521251678467,1379552,0.0,0.0,ADANIENT.NS,Adani Enterprises Limited,Thermal Coal,Energy,Mr. Gautambhai Shantilal Adani S.Y. B.Com,"Ahmedabad, India",https://www.adanienterprises.com,2308.8,2238.85,2664840298496,77.06275,29.96,0.00059999997,3743.9,2025.0
2006-09-05 00:00:00+05:30,7.709662148903463,2314.95,2213.75,7.903172492980957,1379552,0.0,0.0,ADANIENT.NS,Adani Enterprises Limited,Thermal Coal,Energy,Mr. Gautambhai Shantilal Adani S.Y. B.Com,"Ahmedabad, India",https://www.adanienterprises.com,2308.8,2238.85,2664840298496,77.06275,29.96,0.00059999997,3743.9,2025.0
2006-09-06 00:00:00+05:30,7.995321489536093,2314.95,2213.75,7.9983930587768555,1379552,0.0,0.0,ADANIENT.NS,Adani Enterprises Limited,Thermal Coal,Energy,Mr. Gautambhai Shantilal Adani S.Y. B.Com,"Ahmedabad, India",https://www.adanienterprises.com,2308.8,2238.85,2664840298496,77.06275,29.96,0.00059999997,3743.9,2025.0
2006-09-07 00:00:00+05:30,8.062893732936178,2314.95,2213.75,7.820239067077637,1379552,0.0,0.0,ADANIENT.NS,Adani Enterprises Limited,Thermal Coal,Energy,Mr. Gautambhai Shantilal Adani S.Y. B.Com,"Ahmedabad, India",https://www.adanienterprises.com,2308.8,2238.85,2664840298496,77.06275,29.96,0.00059999997,3743.9,2025.0
2006-09-08 00:00:00+05:30,7.678949169930972,2314.95,2213.75,7.890888214111328,1379552,0.0,0.0,ADANIENT.NS,Adani Enterprises Limited,Thermal Coal,Energy,Mr. Gautambhai Shantilal Adani S.Y. B.Com,"Ahmedabad, India",https://www.adanienterprises.com,2308.8,2238.85,2664840298496,77.06275,29.96,0.00059999997,3743.9,2025.0
2006-09-11 00:00:00+05:30,7.771095214538404,2314.95,2213.75,7.648232460021973,1379552,0.0,0.0,ADANIENT.NS,Adani Enterprises Limited,Thermal Coal,Energy,Mr. Gautambhai Shantilal Adani S.Y. B.Com,"Ahmedabad, India",https://www.adanienterprises.com,2308.8,2238.85,2664840298496,77.06275,29.96,0.00059999997,3743.9,2025.0
2006-09-12 00:00:00+05:30,7.494653041150246,2314.95,2213.75,7.553012847900391,1379552,0.0,0.0,ADANIENT.NS,Adani Enterprises Limited,Thermal Coal,Energy,Mr. Gautambhai Shantilal Adani S.Y. B.Com,"Ahmedabad, India",https://www.adanienterprises.com,2308.8,2238.85,2664840298496,77.06275,29.96,0.00059999997,3743.9,2025.0
2006-09-13 00:00:00+05:30,7.445508727832244,2314.95,2213.75,7.697378158569336,1379552,0.0,0.0,ADANIENT.NS,Adani Enterprises Limited,Thermal Coal,Energy,Mr. Gautambhai Shantilal Adani S.Y. B.Com,"Ahmedabad, India",https://www.adanienterprises.com,2308.8,2238.85,2664840298496,77.06275,29.96,0.00059999997,3743.9,2025.0
2006-09-14 00:00:00+05:30,7.75266339530222,2314.95,2213.75,7.749591827392578,1379552,0.0,0.0,ADANIENT.NS,Adani Enterprises Limited,Thermal Coal,Energy,Mr. Gautambhai Shantilal Adani S.Y. B.Com,"Ahmedabad, India",https://www.adanienterprises.com,2308.8,2238.85,2664840298496,77.06275,29.96,0.00059999997,3743.9,2025.0
2006-09-15 00:00:00+05:30,7.860169686431813,2314.95,2213.75,7.654374599456787,1379552,0.0,0.0,ADANIENT.NS,Adani Enterprises Limited,Thermal Coal,Energy,Mr. Gautambhai Shantilal Adani S.Y. B.Com,"Ahmedabad, India",https://www.adanienterprises.com,2308.8,2238.85,2664840298496,77.06275,29.96,0.00059999997,3743.9,2025.0
2006-09-18 00:00:00+05:30,7.648233391519776,2314.95,2213.75,7.715807914733887,1379552,0.0,0.0,ADANIENT.NS,Adani Enterprises Limited,Thermal Coal,Energy,Mr. Gautambhai Shantilal Adani S.Y. B.Com,"Ahmedabad, India",https://www.adanienterprises.com,2308.8,2238.85,2664840298496,77.06275,29.96,0.00059999997,3743.9,2025.0
2006-09-19 00:00:00+05:30,7.783381510159633,2314.95,2213.75,7.6850905418396,1379552,0.0,0.0,ADANIENT.NS,Adani Enterprises Limited,Thermal Coal,Energy,Mr. Gautambhai Shantilal Adani S.Y. B.Com,"Ahmedabad, India",https://www.adanienterprises.com,2308.8,2238.85,2664840298496,77.06275,29.96,0.00059999997,3743.9,2025.0
2006-09-20 00:00:00+05:30,7.556085900714654,2314.95,2213.75,7.61751651763916,1379552,0.0,0.0,ADANIENT.NS,Adani Enterprises Limited,Thermal Coal,Energy,Mr. Gautambhai Shantilal Adani S.Y. B.Com,"Ahmedabad, India",https://www.adanienterprises.com,2308.8,2238.85,2664840298496,77.06275,29.96,0.00059999997,3743.9,2025.0
2006-09-21 00:00:00+05:30,7.789524637439621,2314.95,2213.75,7.811025619506836,1379552,0.0,0.0,ADANIENT.NS,Adani Enterprises Limited,Thermal Coal,Energy,Mr. Gautambhai Shantilal Adani S.Y. B.Com,"Ahmedabad, India",https://www.adanienterprises.com,2308.8,2238.85,2664840298496,77.06275,29.96,0.00059999997,3743.9,2025.0
2006-09-22 00:00:00+05:30,7.771094847585968,2314.95,2213.75,7.639016628265381,1379552,0.0,0.0,ADANIENT.NS,Adani Enterprises Limited,Thermal Coal,Energy,Mr. Gautambhai Shantilal Adani S.Y. B.Com,"Ahmedabad, India",https://www.adanienterprises.com,2308.8,2238.85,2664840298496,77.06275,29.96,0.00059999997,3743.9,2025.0
2006-09-25 00:00:00+05:30,7.623659549128171,2314.95,2213.75,7.639016628265381,1379552,0.0,0.0,ADANIENT.NS,Adani Enterprises Limited,Thermal Coal,Energy,Mr. Gautambhai Shantilal Adani S.Y. B.Com,"Ahmedabad, India",https://www.adanienterprises.com,2308.8,2238.85,2664840298496,77.06275,29.96,0.00059999997,3743.9,2025.0
2006-09-26 00:00:00+05:30,7.666662042489532,2314.95,2213.75,7.715807914733887,1379552,0.0,0.0,ADANIENT.NS,Adani Enterprises Limited,Thermal Coal,Energy,Mr. Gautambhai Shantilal Adani S.Y. B.Com,"Ahmedabad, India",https://www.adanienterprises.com,2308.8,2238.85,2664840298496,77.06275,29.96,0.00059999997,3743.9,2025.0
2006-09-27 00:00:00+05:30,7.6175150436478765,2314.95,2213.75,7.81716775894165,1379552,0.0,0.0,ADANIENT.NS,Adani Enterprises Limited,Thermal Coal,Energy,Mr. Gautambhai Shantilal Adani S.Y. B.Com,"Ahmedabad, India",https://www.adanienterprises.com,2308.8,2238.85,2664840298496,77.06275,29.96,0.00059999997,3743.9,2025.0
2006-09-28 00:00:00+05:30,7.838669698583977,2314.95,2213.75,7.8755292892456055,1379552,0.0,0.0,ADANIENT.NS,Adani Enterprises Limited,Thermal Coal,Energy,Mr. Gautambhai Shantilal Adani S.Y. B.Com,"Ahmedabad, India",https://www.adanienterprises.com,2308.8,2238.85,2664840298496,77.06275,29.96,0.00059999997,3743.9,2025.0
2006-09-29 00:00:00+05:30,7.924674053627245,2314.95,2213.75,8.27176284790039,1379552,0.0,0.0,ADANIENT.NS,Adani Enterprises Limited,Thermal Coal,Energy,Mr. Gautambhai Shantilal Adani S.Y. B.Com,"Ahmedabad, India",https://www.adanienterprises.com,2308.8,2238.85,2664840298496,77.06275,29.96,0.00059999997,3743.9,2025.0
2006-10-03 00:00:00+05:30,8.563562905779664,2314.95,2213.75,8.210330963134766,1379552,0.0,0.0,ADANIENT.NS,Adani Enterprises Limited,Thermal Coal,Energy,Mr. Gautambhai Shantilal Adani S.Y. B.Com,"Ahmedabad, India",https://www.adanienterprises.com,2308.8,2238.85,2664840298496,77.06275,29.96,0.00059999997,3743.9,2025.0
2006-10-04 00:00:00+05:30,8.250260334232028,2314.95,2213.75,8.585062026977539,1379552,0.0,0.0,ADANIENT.NS,Adani Enterprises Limited,Thermal Coal,Energy,Mr. Gautambhai Shantilal Adani S.Y. B.Com,"Ahmedabad, India",https://www.adanienterprises.com,2308.8,2238.85,2664840298496,77.06275,29.96,0.00059999997,3743.9,2025.0
2006-10-05 00:00:00+05:30,8.78471509665332,2314.95,2213.75,9.015084266662598,1379552,0.0,0.0,ADANIENT.NS,Adani Enterprises Limited,Thermal Coal,Energy,Mr. Gautambhai Shantilal Adani S.Y. B.Com,"Ahmedabad, India",https://www.adanienterprises.com,2308.8,2238.85,2664840298496,77.06275,29.96,0.00059999997,3743.9,2025.0
2006-10-06 00:00:00+05:30,9.36217404061701,2314.95,2213.75,8.732500076293945,1379552,0.0,0.0,ADANIENT.NS,Adani Enterprises Limited,Thermal Coal,Energy,Mr. Gautambhai Shantilal Adani S.Y. B.Com,"Ahmedabad, India",https://www.adanienterprises.com,2308.8,2238.85,2664840298496,77.06275,29.96,0.00059999997,3743.9,2025.0
2006-10-09 00:00:00+05:30,8.784714630328603,2314.95,2213.75,9.048871040344238,1379552,0.0,0.0,ADANIENT.NS,Adani Enterprises Limited,Thermal Coal,Energy,Mr. Gautambhai Shantilal Adani S.Y. B.Com,"Ahmedabad, India",https://www.adanienterprises.com,2308.8,2238.85,2664840298496,77.06275,29.96,0.00059999997,3743.9,2025.0
2006-10-10 00:00:00+05:30,9.153304874413768,2314.95,2213.75,8.65263843536377,1379552,0.0,0.0,ADANIENT.NS,Adani Enterprises Limited,Thermal Coal,Energy,Mr. Gautambhai Shantilal Adani S.Y. B.Com,"Ahmedabad, India",https://www.adanienterprises.com,2308.8,2238.85,2664840298496,77.06275,29.96,0.00059999997,3743.9,2025.0
2006-10-11 00:00:00+05:30,8.84614799699016,2314.95,2213.75,8.624994277954102,1379552,0.0,0.0,ADANIENT.NS,Adani Enterprises Limited,Thermal Coal,Energy,Mr. Gautambhai Shantilal Adani S.Y. B.Com,"Ahmedabad, India",https://www.adanienterprises.com,2308.8,2238.85,2664840298496,77.06275,29.96,0.00059999997,3743.9,2025.0
2006-10-12 00:00:00+05:30,8.692567533086102,2314.95,2213.75,8.793930053710938,1379552,0.0,0.0,ADANIENT.NS,Adani Enterprises Limited,Thermal Coal,Energy,Mr. Gautambhai Shantilal Adani S.Y. B.Com,"Ahmedabad, India",https://www.adanienterprises.com,2308.8,2238.85,2664840298496,77.06275,29.96,0.00059999997,3743.9,2025.0
2006-10-13 00:00:00+05:30,8.876863490692502,2314.95,2213.75,8.717141151428223,1379552,0.0,0.0,ADANIENT.NS,Adani Enterprises Limited,Thermal Coal,Energy,Mr. Gautambhai Shantilal Adani S.Y. B.Com,"Ahmedabad, India",https://www.adanienterprises.com,2308.8,2238.85,2664840298496,77.06275,29.96,0.00059999997,3743.9,2025.0
2006-10-16 00:00:00+05:30,8.815430802328514,2314.95,2213.75,8.631135940551758,1379552,0.0,0.0,ADANIENT.NS,Adani Enterprises Limited,Thermal Coal,Energy,Mr. Gautambhai Shantilal Adani S.Y. B.Com,"Ahmedabad, India",https://www.adanienterprises.com,2308.8,2238.85,2664840298496,77.06275,29.96,0.00059999997,3743.9,2025.0
2006-10-17 00:00:00+05:30,8.661851388793483,2314.95,2213.75,8.468341827392578,1379552,0.0,0.0,ADANIENT.NS,Adani Enterprises Limited,Thermal Coal,Energy,Mr. Gautambhai Shantilal Adani S.Y. B.Com,"Ahmedabad, India",https://www.adanienterprises.com,2308.8,2238.85,2664840298496,77.06275,29.96,0.00059999997,3743.9,2025.0
2006-10-18 00:00:00+05:30,8.46527187318976,2314.95,2213.75,8.40998363494873,1379552,0.0,0.0,ADANIENT.NS,Adani Enterprises Limited,Thermal Coal,Energy,Mr. Gautambhai Shantilal Adani S.Y. B.Com,"Ahmedabad, India",https://www.adanienterprises.com,2308.8,2238.85,2664840298496,77.06275,29.96,0.00059999997,3743.9,2025.0
2006-10-19 00:00:00+05:30,8.477556910636123,2314.95,2213.75,8.557416915893555,1379552,0.0,0.0,ADANIENT.NS,Adani Enterprises Limited,Thermal Coal,Energy,Mr. Gautambhai Shantilal Adani S.Y. B.Com,"Ahmedabad, India",https://www.adanienterprises.com,2308.8,2238.85,2664840298496,77.06275,29.96,0.00059999997,3743.9,2025.0
2006-10-20 00:00:00+05:30,8.597350158631114,2314.95,2213.75,8.624994277954102,1379552,0.0,0.0,ADANIENT.NS,Adani Enterprises Limited,Thermal Coal,Energy,Mr. Gautambhai Shantilal Adani S.Y. B.Com,"Ahmedabad, India",https://www.adanienterprises.com,2308.8,2238.85,2664840298496,77.06275,29.96,0.00059999997,3743.9,2025.0
2006-10-23 00:00:00+05:30,8.680282138433109,2314.95,2213.75,8.419198036193848,1379552,0.0,0.0,ADANIENT.NS,Adani Enterprises Limited,Thermal Coal,Energy,Mr. Gautambhai Shantilal Adani S.Y. B.Com,"Ahmedabad, India",https://www.adanienterprises.com,2308.8,2238.85,2664840298496,77.06275,29.96,0.00059999997,3743.9,2025.0
2006-10-26 00:00:00+05:30,8.323978884308678,2314.95,2213.75,8.333192825317383,1379552,0.0,0.0,ADANIENT.NS,Adani Enterprises Limited,Thermal Coal,Energy,Mr. Gautambhai Shantilal Adani S.Y. B.Com,"Ahmedabad, India",https://www.adanienterprises.com,2308.8,2238.85,2664840298496,77.06275,29.96,0.00059999997,3743.9,2025.0
2006-10-27 00:00:00+05:30,8.293265477612728,2314.95,2213.75,8.686427116394043,1379552,0.0,0.0,ADANIENT.NS,Adani Enterprises Limited,Thermal Coal,Energy,Mr. Gautambhai Shantilal Adani S.Y. B.Com,"Ahmedabad, India",https://www.adanienterprises.com,2308.8,2238.85,2664840298496,77.06275,29.96,0.00059999997,3743.9,2025.0
2006-10-30 00:00:00+05:30,8.661854244728943,2314.95,2213.75,8.413056373596191,1379552,0.0,0.0,ADANIENT.NS,Adani Enterprises Limited,Thermal Coal,Energy,Mr. Gautambhai Shantilal Adani S.Y. B.Com,"Ahmedabad, India",https://www.adanienterprises.com,2308.8,2238.85,2664840298496,77.06275,29.96,0.00059999997,3743.9,2025.0
2006-10-31 00:00:00+05:30,8.505202359623238,2314.95,2213.75,8.305549621582031,1379552,0.0,0.0,ADANIENT.NS,Adani Enterprises Limited,Thermal Coal,Energy,Mr. Gautambhai Shantilal Adani S.Y. B.Com,"Ahmedabad, India",https://www.adanienterprises.com,2308.8,2238.85,2664840298496,77.06275,29.96,0.00059999997,3743.9,2025.0
2006-11-01 00:00:00+05:30,8.382338855522999,2314.95,2213.75,8.237975120544434,1379552,0.0,0.0,ADANIENT.NS,Adani Enterprises Limited,Thermal Coal,Energy,Mr. Gautambhai Shantilal Adani S.Y. B.Com,"Ahmedabad, India",https://www.adanienterprises.com,2308.8,2238.85,2664840298496,77.06275,29.96,0.00059999997,3743.9,2025.0
2006-11-02 00:00:00+05:30,8.290191338960746,2314.95,2213.75,8.459128379821777,1379552,0.0,0.0,ADANIENT.NS,Adani Enterprises Limited,Thermal Coal,Energy,Mr. Gautambhai Shantilal Adani S.Y. B.Com,"Ahmedabad, India",https://www.adanienterprises.com,2308.8,2238.85,2664840298496,77.06275,29.96,0.00059999997,3743.9,2025.0
2006-11-03 00:00:00+05:30,8.474486252822402,2314.95,2213.75,8.394624710083008,1379552,0.0,0.0,ADANIENT.NS,Adani Enterprises Limited,Thermal Coal,Energy,Mr. Gautambhai Shantilal Adani S.Y. B.Com,"Ahmedabad, India",https://www.adanienterprises.com,2308.8,2238.85,2664840298496,77.06275,29.96,0.00059999997,3743.9,2025.0
2006-11-06 00:00:00+05:30,8.468343308346553,2314.95,2213.75,8.969011306762695,1379552,0.0,0.0,ADANIENT.NS,Adani Enterprises Limited,Thermal Coal,Energy,Mr. Gautambhai Shantilal Adani S.Y. B.Com,"Ahmedabad, India",https://www.adanienterprises.com,2308.8,2238.85,2664840298496,77.06275,29.96,0.00059999997,3743.9,2025.0
2006-11-07 00:00:00+05:30,9.088802731959756,2314.95,2213.75,9.067301750183105,1379552,0.0,0.0,ADANIENT.NS,Adani Enterprises Limited,Thermal Coal,Energy,Mr. Gautambhai Shantilal Adani S.Y. B.Com,"Ahmedabad, India",https://www.adanienterprises.com,2308.8,2238.85,2664840298496,77.06275,29.96,0.00059999997,3743.9,2025.0
2006-11-08 00:00:00+05:30,9.079588164335473,2314.95,2213.75,8.667996406555176,1379552,0.0,0.0,ADANIENT.NS,Adani Enterprises Limited,Thermal Coal,Energy,Mr. Gautambhai Shantilal Adani S.Y. B.Com,"Ahmedabad, India",https://www.adanienterprises.com,2308.8,2238.85,2664840298496,77.06275,29.96,0.00059999997,3743.9,2025.0
2006-11-09 00:00:00+05:30,8.7601433261757,2314.95,2213.75,9.134876251220703,1379552,0.0,0.0,ADANIENT.NS,Adani Enterprises Limited,Thermal Coal,Energy,Mr. Gautambhai Shantilal Adani S.Y. B.Com,"Ahmedabad, India",https://www.adanienterprises.com,2308.8,2238.85,2664840298496,77.06275,29.96,0.00059999997,3743.9,2025.0
2006-11-10 00:00:00+05:30,9.18402086176898,2314.95,2213.75,9.328385353088379,1379552,0.0,0.0,ADANIENT.NS,Adani Enterprises Limited,Thermal Coal,Energy,Mr. Gautambhai Shantilal Adani S.Y. B.Com,"Ahmedabad, India",https://www.adanienterprises.com,2308.8,2238.85,2664840298496,77.06275,29.96,0.00059999997,3743.9,2025.0
2006-11-13 00:00:00+05:30,9.399031934263833,2314.95,2213.75,9.134876251220703,1379552,0.0,0.0,ADANIENT.NS,Adani Enterprises Limited,Thermal Coal,Energy,Mr. Gautambhai Shantilal Adani S.Y. B.Com,"Ahmedabad, India",https://www.adanienterprises.com,2308.8,2238.85,2664840298496,77.06275,29.96,0.00059999997,3743.9,2025.0
2006-11-14 00:00:00+05:30,9.276167997950061,2314.95,2213.75,8.993583679199219,1379552,0.0,0.0,ADANIENT.NS,Adani Enterprises Limited,Thermal Coal,Energy,Mr. Gautambhai Shantilal Adani S.Y. B.Com,"Ahmedabad, India",https://www.adanienterprises.com,2308.8,2238.85,2664840298496,77.06275,29.96,0.00059999997,3743.9,2025.0
2006-11-15 00:00:00+05:30,9.144090119121838,2314.95,2213.75,8.990510940551758,1379552,0.0,0.0,ADANIENT.NS,Adani Enterprises Limited,Thermal Coal,Energy,Mr. Gautambhai Shantilal Adani S.Y. B.Com,"Ahmedabad, India",https://www.adanienterprises.com,2308.8,2238.85,2664840298496,77.06275,29.96,0.00059999997,3743.9,2025.0
2006-11-16 00:00:00+05:30,9.076515647172336,2314.95,2213.75,9.86898422241211,1379552,0.0,0.0,ADANIENT.NS,Adani Enterprises Limited,Thermal Coal,Energy,Mr. Gautambhai Shantilal Adani S.Y. B.Com,"Ahmedabad, India",https://www.adanienterprises.com,2308.8,2238.85,2664840298496,77.06275,29.96,0.00059999997,3743.9,2025.0
2006-11-17 00:00:00+05:30,10.099353186901745,2314.95,2213.75,9.580256462097168,1379552,0.0,0.0,ADANIENT.NS,Adani Enterprises Limited,Thermal Coal,Energy,Mr. Gautambhai Shantilal Adani S.Y. B.Com,"Ahmedabad, India",https://www.adanienterprises.com,2308.8,2238.85,2664840298496,77.06275,29.96,0.00059999997,3743.9,2025.0
2006-11-20 00:00:00+05:30,9.546468357592858,2314.95,2213.75,9.24852466583252,1379552,0.0,0.0,ADANIENT.NS,Adani Enterprises Limited,Thermal Coal,Energy,Mr. Gautambhai Shantilal Adani S.Y. B.Com,"Ahmedabad, India",https://www.adanienterprises.com,2308.8,2238.85,2664840298496,77.06275,29.96,0.00059999997,3743.9,2025.0
2006-11-21 00:00:00+05:30,9.340671793841787,2314.95,2213.75,9.853625297546387,1379552,0.0,0.0,ADANIENT.NS,Adani Enterprises Limited,Thermal Coal,Energy,Mr. Gautambhai Shantilal Adani S.Y. B.Com,"Ahmedabad, India",https://www.adanienterprises.com,2308.8,2238.85,2664840298496,77.06275,29.96,0.00059999997,3743.9,2025.0
2006-11-22 00:00:00+05:30,9.979561289617646,2314.95,2213.75,10.265218734741211,1379552,0.0,0.0,ADANIENT.NS,Adani Enterprises Limited,Thermal Coal,Energy,Mr. Gautambhai Shantilal Adani S.Y. B.Com,"Ahmedabad, India",https://www.adanienterprises.com,2308.8,2238.85,2664840298496,77.06275,29.96,0.00059999997,3743.9,2025.0
2006-11-23 00:00:00+05:30,10.326645567606096,2314.95,2213.75,11.294193267822266,1379552,0.0,0.0,ADANIENT.NS,Adani Enterprises Limited,Thermal Coal,Energy,Mr. Gautambhai Shantilal Adani S.Y. B.Com,"Ahmedabad, India",https://www.adanienterprises.com,2308.8,2238.85,2664840298496,77.06275,29.96,0.00059999997,3743.9,2025.0
2006-11-24 00:00:00+05:30,11.856294090003857,2314.95,2213.75,12.424535751342773,1379552,0.0,0.0,ADANIENT.NS,Adani Enterprises Limited,Thermal Coal,Energy,Mr. Gautambhai Shantilal Adani S.Y. B.Com,"Ahmedabad, India",https://www.adanienterprises.com,2308.8,2238.85,2664840298496,77.06275,29.96,0.00059999997,3743.9,2025.0
2006-11-27 00:00:00+05:30,13.044995109789916,2314.95,2213.75,12.455251693725586,1379552,0.0,0.0,ADANIENT.NS,Adani Enterprises Limited,Thermal Coal,Energy,Mr. Gautambhai Shantilal Adani S.Y. B.Com,"Ahmedabad, India",https://www.adanienterprises.com,2308.8,2238.85,2664840298496,77.06275,29.96,0.00059999997,3743.9,2025.0
2006-11-28 00:00:00+05:30,12.224884437815515,2314.95,2213.75,12.68562126159668,1379552,0.0,0.0,ADANIENT.NS,Adani Enterprises Limited,Thermal Coal,Energy,Mr. Gautambhai Shantilal Adani S.Y. B.Com,"Ahmedabad, India",https://www.adanienterprises.com,2308.8,2238.85,2664840298496,77.06275,29.96,0.00059999997,3743.9,2025.0
2006-11-29 00:00:00+05:30,12.839199464832962,2314.95,2213.75,13.321438789367676,1379552,0.0,0.0,ADANIENT.NS,Adani Enterprises Limited,Thermal Coal,Energy,Mr. Gautambhai Shantilal Adani S.Y. B.Com,"Ahmedabad, India",https://www.adanienterprises.com,2308.8,2238.85,2664840298496,77.06275,29.96,0.00059999997,3743.9,2025.0
2006-11-30 00:00:00+05:30,13.98797091861507,2314.95,2213.75,13.140214920043945,1379552,0.0,0.0,ADANIENT.NS,Adani Enterprises Limited,Thermal Coal,Energy,Mr. Gautambhai Shantilal Adani S.Y. B.Com,"Ahmedabad, India",https://www.adanienterprises.com,2308.8,2238.85,2664840298496,77.06275,29.96,0.00059999997,3743.9,2025.0
2006-12-01 00:00:00+05:30,13.324512046069136,2314.95,2213.75,13.201647758483887,1379552,0.0,0.0,ADANIENT.NS,Adani Enterprises Limited,Thermal Coal,Energy,Mr. Gautambhai Shantilal Adani S.Y. B.Com,"Ahmedabad, India",https://www.adanienterprises.com,2308.8,2238.85,2664840298496,77.06275,29.96,0.00059999997,3743.9,2025.0
2006-12-04 00:00:00+05:30,13.438157883550382,2314.95,2213.75,13.306078910827637,1379552,0.0,0.0,ADANIENT.NS,Adani Enterprises Limited,Thermal Coal,Energy,Mr. Gautambhai Shantilal Adani S.Y. B.Com,"Ahmedabad, India",https://www.adanienterprises.com,2308.8,2238.85,2664840298496,77.06275,29.96,0.00059999997,3743.9,2025.0
2006-12-05 00:00:00+05:30,13.637810500968154,2314.95,2213.75,12.949777603149414,1379552,0.0,0.0,ADANIENT.NS,Adani Enterprises Limited,Thermal Coal,Energy,Mr. Gautambhai Shantilal Adani S.Y. B.Com,"Ahmedabad, India",https://www.adanienterprises.com,2308.8,2238.85,2664840298496,77.06275,29.96,0.00059999997,3743.9,2025.0
2006-12-06 00:00:00+05:30,13.392083384179285,2314.95,2213.75,13.597878456115723,1379552,0.0,0.0,ADANIENT.NS,Adani Enterprises Limited,Thermal Coal,Energy,Mr. Gautambhai Shantilal Adani S.Y. B.Com,"Ahmedabad, India",https://www.adanienterprises.com,2308.8,2238.85,2664840298496,77.06275,29.96,0.00059999997,3743.9,2025.0
2006-12-07 00:00:00+05:30,14.129264922462868,2314.95,2213.75,14.27977180480957,1379552,0.0,0.0,ADANIENT.NS,Adani Enterprises Limited,Thermal Coal,Energy,Mr. Gautambhai Shantilal Adani S.Y. B.Com,"Ahmedabad, India",https://www.adanienterprises.com,2308.8,2238.85,2664840298496,77.06275,29.96,0.00059999997,3743.9,2025.0
2006-12-08 00:00:00+05:30,14.682149827865985,2314.95,2213.75,14.464068412780762,1379552,0.0,0.0,ADANIENT.NS,Adani Enterprises Limited,Thermal Coal,Energy,Mr. Gautambhai Shantilal Adani S.Y. B.Com,"Ahmedabad, India",https://www.adanienterprises.com,2308.8,2238.85,2664840298496,77.06275,29.96,0.00059999997,3743.9,2025.0
2006-12-11 00:00:00+05:30,14.620718308765579,2314.95,2213.75,14.986236572265625,1379552,0.0,0.0,ADANIENT.NS,Adani Enterprises Limited,Thermal Coal,Energy,Mr. Gautambhai Shantilal Adani S.Y. B.Com,"Ahmedabad, India",https://www.adanienterprises.com,2308.8,2238.85,2664840298496,77.06275,29.96,0.00059999997,3743.9,2025.0
2006-12-12 00:00:00+05:30,15.050737908907983,2314.95,2213.75,14.236770629882812,1379552,0.0,0.0,ADANIENT.NS,Adani Enterprises Limited,Thermal Coal,Energy,Mr. Gautambhai Shantilal Adani S.Y. B.Com,"Ahmedabad, India",https://www.adanienterprises.com,2308.8,2238.85,2664840298496,77.06275,29.96,0.00059999997,3743.9,2025.0
2006-12-13 00:00:00+05:30,13.822104691088288,2314.95,2213.75,14.414918899536133,1379552,0.0,0.0,ADANIENT.NS,Adani Enterprises Limited,Thermal Coal,Energy,Mr. Gautambhai Shantilal Adani S.Y. B.Com,"Ahmedabad, India",https://www.adanienterprises.com,2308.8,2238.85,2664840298496,77.06275,29.96,0.00059999997,3743.9,2025.0
2006-12-14 00:00:00+05:30,14.55928321076716,2314.95,2213.75,14.599213600158691,1379552,0.0,0.0,ADANIENT.NS,Adani Enterprises Limited,Thermal Coal,Energy,Mr. Gautambhai Shantilal Adani S.Y. B.Com,"Ahmedabad, India",https://www.adanienterprises.com,2308.8,2238.85,2664840298496,77.06275,29.96,0.00059999997,3743.9,2025.0
2006-12-15 00:00:00+05:30,14.743579355317511,2314.95,2213.75,14.29512882232666,1379552,0.0,0.0,ADANIENT.NS,Adani Enterprises Limited,Thermal Coal,Energy,Mr. Gautambhai Shantilal Adani S.Y. B.Com,"Ahmedabad, India",https://www.adanienterprises.com,2308.8,2238.85,2664840298496,77.06275,29.96,0.00059999997,3743.9,2025.0
2006-12-18 00:00:00+05:30,14.344275771733795,2314.95,2213.75,14.565428733825684,1379552,0.0,0.0,ADANIENT.NS,Adani Enterprises Limited,Thermal Coal,Energy,Mr. Gautambhai Shantilal Adani S.Y. B.Com,"Ahmedabad, India",https://www.adanienterprises.com,2308.8,2238.85,2664840298496,77.06275,29.96,0.00059999997,3743.9,2025.0
2006-12-19 00:00:00+05:30,14.374990554699547,2314.95,2213.75,13.88046646118164,1379552,0.0,0.0,ADANIENT.NS,Adani Enterprises Limited,Thermal Coal,Energy,Mr. Gautambhai Shantilal Adani S.Y. B.Com,"Ahmedabad, India",https://www.adanienterprises.com,2308.8,2238.85,2664840298496,77.06275,29.96,0.00059999997,3743.9,2025.0
2006-12-20 00:00:00+05:30,13.837462972286158,2314.95,2213.75,13.539519309997559,1379552,0.0,0.0,ADANIENT.NS,Adani Enterprises Limited,Thermal Coal,Energy,Mr. Gautambhai Shantilal Adani S.Y. B.Com,"Ahmedabad, India",https://www.adanienterprises.com,2308.8,2238.85,2664840298496,77.06275,29.96,0.00059999997,3743.9,2025.0
2006-12-21 00:00:00+05:30,13.582524800698547,2314.95,2213.75,13.643956184387207,1379552,0.0,0.0,ADANIENT.NS,Adani Enterprises Limited,Thermal Coal,Energy,Mr. Gautambhai Shantilal Adani S.Y. B.Com,"Ahmedabad, India",https://www.adanienterprises.com,2308.8,2238.85,2664840298496,77.06275,29.96,0.00059999997,3743.9,2025.0
2006-12-22 00:00:00+05:30,13.809816313456702,2314.95,2213.75,13.64702320098877,1379552,0.0,0.0,ADANIENT.NS,Adani Enterprises Limited,Thermal Coal,Energy,Mr. Gautambhai Shantilal Adani S.Y. B.Com,"Ahmedabad, India",https://www.adanienterprises.com,2308.8,2238.85,2664840298496,77.06275,29.96,0.00059999997,3743.9,2025.0
2006-12-26 00:00:00+05:30,13.699244119825744,2314.95,2213.75,13.883538246154785,1379552,0.0,0.0,ADANIENT.NS,Adani Enterprises Limited,Thermal Coal,Energy,Mr. Gautambhai Shantilal Adani S.Y. B.Com,"Ahmedabad, India",https://www.adanienterprises.com,2308.8,2238.85,2664840298496,77.06275,29.96,0.00059999997,3743.9,2025.0
2006-12-27 00:00:00+05:30,14.00639974330996,2314.95,2213.75,14.577713012695312,1379552,0.0,0.0,ADANIENT.NS,Adani Enterprises Limited,Thermal Coal,Energy,Mr. Gautambhai Shantilal Adani S.Y. B.Com,"Ahmedabad, India",https://www.adanienterprises.com,2308.8,2238.85,2664840298496,77.06275,29.96,0.00059999997,3743.9,2025.0
2006-12-28 00:00:00+05:30,14.688290862513071,2314.95,2213.75,14.19683837890625,1379552,0.0,0.0,ADANIENT.NS,Adani Enterprises Limited,Thermal Coal,Energy,Mr. Gautambhai Shantilal Adani S.Y. B.Com,"Ahmedabad, India",https://www.adanienterprises.com,2308.8,2238.85,2664840298496,77.06275,29.96,0.00059999997,3743.9,2025.0
2006-12-29 00:00:00+05:30,14.252126474515457,2314.95,2213.75,14.01868724822998,1379552,0.0,0.0,ADANIENT.NS,Adani Enterprises Limited,Thermal Coal,Energy,Mr. Gautambhai Shantilal Adani S.Y. B.Com,"Ahmedabad, India",https://www.adanienterprises.com,2308.8,2238.85,2664840298496,77.06275,29.96,0.00059999997,3743.9,2025.0
2007-01-02 00:00:00+05:30,14.129264190585134,2314.95,2213.75,14.236770629882812,1379552,0.0,0.0,ADANIENT.NS,Adani Enterprises Limited,Thermal Coal,Energy,Mr. Gautambhai Shantilal Adani S.Y. B.Com,"Ahmedabad, India",https://www.adanienterprises.com,2308.8,2238.85,2664840298496,77.06275,29.96,0.00059999997,3743.9,2025.0
2007-01-03 00:00:00+05:30,14.374989541634363,2314.95,2213.75,14.150763511657715,1379552,0.0,0.0,ADANIENT.NS,Adani Enterprises Limited,Thermal Coal,Energy,Mr. Gautambhai Shantilal Adani S.Y. B.Com,"Ahmedabad, India",https://www.adanienterprises.com,2308.8,2238.85,2664840298496,77.06275,29.96,0.00059999997,3743.9,2025.0
2007-01-04 00:00:00+05:30,14.21834088868523,2314.95,2213.75,13.966470718383789,1379552,0.0,0.0,ADANIENT.NS,Adani Enterprises Limited,Thermal Coal,Energy,Mr. Gautambhai Shantilal Adani S.Y. B.Com,"Ahmedabad, India",https://www.adanienterprises.com,2308.8,2238.85,2664840298496,77.06275,29.96,0.00059999997,3743.9,2025.0
2007-01-05 00:00:00+05:30,14.012542342810267,2314.95,2213.75,14.48863697052002,1379552,0.0,0.0,ADANIENT.NS,Adani Enterprises Limited,Thermal Coal,Energy,Mr. Gautambhai Shantilal Adani S.Y. B.Com,"Ahmedabad, India",https://www.adanienterprises.com,2308.8,2238.85,2664840298496,77.06275,29.96,0.00059999997,3743.9,2025.0
2007-01-08 00:00:00+05:30,14.436423772460577,2314.95,2213.75,14.307417869567871,1379552,0.0,0.0,ADANIENT.NS,Adani Enterprises Limited,Thermal Coal,Energy,Mr. Gautambhai Shantilal Adani S.Y. B.Com,"Ahmedabad, India",https://www.adanienterprises.com,2308.8,2238.85,2664840298496,77.06275,29.96,0.00059999997,3743.9,2025.0
2007-01-09 00:00:00+05:30,14.325847314352036,2314.95,2213.75,13.79753589630127,1379552,0.0,0.0,ADANIENT.NS,Adani Enterprises Limited,Thermal Coal,Energy,Mr. Gautambhai Shantilal Adani S.Y. B.Com,"Ahmedabad, India",https://www.adanienterprises.com,2308.8,2238.85,2664840298496,77.06275,29.96,0.00059999997,3743.9,2025.0
2007-01-10 00:00:00+05:30,13.825177962401034,2314.95,2213.75,13.524164199829102,1379552,0.0,0.0,ADANIENT.NS,Adani Enterprises Limited,Thermal Coal,Energy,Mr. Gautambhai Shantilal Adani S.Y. B.Com,"Ahmedabad, India",https://www.adanienterprises.com,2308.8,2238.85,2664840298496,77.06275,29.96,0.00059999997,3743.9,2025.0
2007-01-11 00:00:00+05:30,13.686957053745832,2314.95,2213.75,13.696171760559082,1379552,0.0,0.0,ADANIENT.NS,Adani Enterprises Limited,Thermal Coal,Energy,Mr. Gautambhai Shantilal Adani S.Y. B.Com,"Ahmedabad, India",https://www.adanienterprises.com,2308.8,2238.85,2664840298496,77.06275,29.96,0.00059999997,3743.9,2025.0
2007-01-12 00:00:00+05:30,13.822106631707136,2314.95,2213.75,13.831319808959961,1379552,0.0,0.0,ADANIENT.NS,Adani Enterprises Limited,Thermal Coal,Energy,Mr. Gautambhai Shantilal Adani S.Y. B.Com,"Ahmedabad, India",https://www.adanienterprises.com,2308.8,2238.85,2664840298496,77.06275,29.96,0.00059999997,3743.9,2025.0
2007-01-15 00:00:00+05:30,13.969545083422098,2314.95,2213.75,13.911185264587402,1379552,0.0,0.0,ADANIENT.NS,Adani Enterprises Limited,Thermal Coal,Energy,Mr. Gautambhai Shantilal Adani S.Y. B.Com,"Ahmedabad, India",https://www.adanienterprises.com,2308.8,2238.85,2664840298496,77.06275,29.96,0.00059999997,3743.9,2025.0
2007-01-16 00:00:00+05:30,14.006403575404317,2314.95,2213.75,13.680815696716309,1379552,0.0,0.0,ADANIENT.NS,Adani Enterprises Limited,Thermal Coal,Energy,Mr. Gautambhai Shantilal Adani S.Y. B.Com,"Ahmedabad, India",https://www.adanienterprises.com,2308.8,2238.85,2664840298496,77.06275,29.96,0.00059999997,3743.9,2025.0
2007-01-17 00:00:00+05:30,13.748388340362672,2314.95,2213.75,14.073974609375,1379552,0.0,0.0,ADANIENT.NS,Adani Enterprises Limited,Thermal Coal,Energy,Mr. Gautambhai Shantilal Adani S.Y. B.Com,"Ahmedabad, India",https://www.adanienterprises.com,2308.8,2238.85,2664840298496,77.06275,29.96,0.00059999997,3743.9,2025.0
2007-01-18 00:00:00+05:30,14.129261277278806,2314.95,2213.75,13.957253456115723,1379552,0.0,0.0,ADANIENT.NS,Adani Enterprises Limited,Thermal Coal,Energy,Mr. Gautambhai Shantilal Adani S.Y. B.Com,"Ahmedabad, India",https://www.adanienterprises.com,2308.8,2238.85,2664840298496,77.06275,29.96,0.00059999997,3743.9,2025.0
2007-01-19 00:00:00+05:30,14.602287942145093,2314.95,2213.75,13.659313201904297,1379552,0.0,0.0,ADANIENT.NS,Adani Enterprises Limited,Thermal Coal,Energy,Mr. Gautambhai Shantilal Adani S.Y. B.Com,"Ahmedabad, India",https://www.adanienterprises.com,2308.8,2238.85,2664840298496,77.06275,29.96,0.00059999997,3743.9,2025.0
2007-01-22 00:00:00+05:30,13.77603199022678,2314.95,2213.75,13.674670219421387,1379552,0.0,0.0,ADANIENT.NS,Adani Enterprises Limited,Thermal Coal,Energy,Mr. Gautambhai Shantilal Adani S.Y. B.Com,"Ahmedabad, India",https://www.adanienterprises.com,2308.8,2238.85,2664840298496,77.06275,29.96,0.00059999997,3743.9,2025.0
2007-01-23 00:00:00+05:30,13.57945088180763,2314.95,2213.75,13.475017547607422,1379552,0.0,0.0,ADANIENT.NS,Adani Enterprises Limited,Thermal Coal,Energy,Mr. Gautambhai Shantilal Adani S.Y. B.Com,"Ahmedabad, India",https://www.adanienterprises.com,2308.8,2238.85,2664840298496,77.06275,29.96,0.00059999997,3743.9,2025.0
2007-01-24 00:00:00+05:30,13.815964472130839,2314.95,2213.75,13.533378601074219,1379552,0.0,0.0,ADANIENT.NS,Adani Enterprises Limited,Thermal Coal,Energy,Mr. Gautambhai Shantilal Adani S.Y. B.Com,"Ahmedabad, India",https://www.adanienterprises.com,2308.8,2238.85,2664840298496,77.06275,29.96,0.00059999997,3743.9,2025.0
2007-01-25 00:00:00+05:30,13.662384681188618,2314.95,2213.75,13.671599388122559,1379552,0.0,0.0,ADANIENT.NS,Adani Enterprises Limited,Thermal Coal,Energy,Mr. Gautambhai Shantilal Adani S.Y. B.Com,"Ahmedabad, India",https://www.adanienterprises.com,2308.8,2238.85,2664840298496,77.06275,29.96,0.00059999997,3743.9,2025.0
2007-01-29 00:00:00+05:30,13.760674686623776,2314.95,2213.75,13.600953102111816,1379552,0.0,0.0,ADANIENT.NS,Adani Enterprises Limited,Thermal Coal,Energy,Mr. Gautambhai Shantilal Adani S.Y. B.Com,"Ahmedabad, India",https://www.adanienterprises.com,2308.8,2238.85,2664840298496,77.06275,29.96,0.00059999997,3743.9,2025.0
2007-01-31 00:00:00+05:30,13.576381830666481,2314.95,2213.75,14.156909942626953,1379552,0.0,0.0,ADANIENT.NS,Adani Enterprises Limited,Thermal Coal,Energy,Mr. Gautambhai Shantilal Adani S.Y. B.Com,"Ahmedabad, India",https://www.adanienterprises.com,2308.8,2238.85,2664840298496,77.06275,29.96,0.00059999997,3743.9,2025.0
2007-02-01 00:00:00+05:30,14.344275170754115,2314.95,2213.75,14.583857536315918,1379552,0.0,0.0,ADANIENT.NS,Adani Enterprises Limited,Thermal Coal,Energy,Mr. Gautambhai Shantilal Adani S.Y. B.Com,"Ahmedabad, India",https://www.adanienterprises.com,2308.8,2238.85,2664840298496,77.06275,29.96,0.00059999997,3743.9,2025.0
2007-02-02 00:00:00+05:30,14.676005741615782,2314.95,2213.75,14.722079277038574,1379552,0.0,0.0,ADANIENT.NS,Adani Enterprises Limited,Thermal Coal,Energy,Mr. Gautambhai Shantilal Adani S.Y. B.Com,"Ahmedabad, India",https://www.adanienterprises.com,2308.8,2238.85,2664840298496,77.06275,29.96,0.00059999997,3743.9,2025.0
2007-02-05 00:00:00+05:30,14.743577231015589,2314.95,2213.75,14.725146293640137,1379552,0.0,0.0,ADANIENT.NS,Adani Enterprises Limited,Thermal Coal,Energy,Mr. Gautambhai Shantilal Adani S.Y. B.Com,"Ahmedabad, India",https://www.adanienterprises.com,2308.8,2238.85,2664840298496,77.06275,29.96,0.00059999997,3743.9,2025.0
2007-02-06 00:00:00+05:30,14.783510780002429,2314.95,2213.75,15.450042724609375,1379552,0.0,0.0,ADANIENT.NS,Adani Enterprises Limited,Thermal Coal,Energy,Mr. Gautambhai Shantilal Adani S.Y. B.Com,"Ahmedabad, India",https://www.adanienterprises.com,2308.8,2238.85,2664840298496,77.06275,29.96,0.00059999997,3743.9,2025.0
2007-02-07 00:00:00+05:30,15.48075381851151,2314.95,2213.75,14.783506393432617,1379552,0.0,0.0,ADANIENT.NS,Adani Enterprises Limited,Thermal Coal,Energy,Mr. Gautambhai Shantilal Adani S.Y. B.Com,"Ahmedabad, India",https://www.adanienterprises.com,2308.8,2238.85,2664840298496,77.06275,29.96,0.00059999997,3743.9,2025.0
2007-02-08 00:00:00+05:30,14.743579240448867,2314.95,2213.75,14.577713012695312,1379552,0.0,0.0,ADANIENT.NS,Adani Enterprises Limited,Thermal Coal,Energy,Mr. Gautambhai Shantilal Adani S.Y. B.Com,"Ahmedabad, India",https://www.adanienterprises.com,2308.8,2238.85,2664840298496,77.06275,29.96,0.00059999997,3743.9,2025.0
2007-02-09 00:00:00+05:30,14.620716239792001,2314.95,2213.75,13.855894088745117,1379552,0.0,0.0,ADANIENT.NS,Adani Enterprises Limited,Thermal Coal,Energy,Mr. Gautambhai Shantilal Adani S.Y. B.Com,"Ahmedabad, India",https://www.adanienterprises.com,2308.8,2238.85,2664840298496,77.06275,29.96,0.00059999997,3743.9,2025.0
2007-02-12 00:00:00+05:30,13.822106524660088,2314.95,2213.75,12.900632858276367,1379552,0.0,0.0,ADANIENT.NS,Adani Enterprises Limited,Thermal Coal,Energy,Mr. Gautambhai Shantilal Adani S.Y. B.Com,"Ahmedabad, India",https://www.adanienterprises.com,2308.8,2238.85,2664840298496,77.06275,29.96,0.00059999997,3743.9,2025.0
2007-02-13 00:00:00+05:30,12.602687756585073,2314.95,2213.75,13.204716682434082,1379552,0.0,0.0,ADANIENT.NS,Adani Enterprises Limited,Thermal Coal,Energy,Mr. Gautambhai Shantilal Adani S.Y. B.Com,"Ahmedabad, India",https://www.adanienterprises.com,2308.8,2238.85,2664840298496,77.06275,29.96,0.00059999997,3743.9,2025.0
2007-02-14 00:00:00+05:30,13.23850531509871,2314.95,2213.75,14.012543678283691,1379552,0.0,0.0,ADANIENT.NS,Adani Enterprises Limited,Thermal Coal,Energy,Mr. Gautambhai Shantilal Adani S.Y. B.Com,"Ahmedabad, India",https://www.adanienterprises.com,2308.8,2238.85,2664840298496,77.06275,29.96,0.00059999997,3743.9,2025.0
2007-02-15 00:00:00+05:30,14.215266893726142,2314.95,2213.75,13.9326810836792,1379552,0.0,0.0,ADANIENT.NS,Adani Enterprises Limited,Thermal Coal,Energy,Mr. Gautambhai Shantilal Adani S.Y. B.Com,"Ahmedabad, India",https://www.adanienterprises.com,2308.8,2238.85,2664840298496,77.06275,29.96,0.00059999997,3743.9,2025.0
2007-02-19 00:00:00+05:30,14.129264077713676,2314.95,2213.75,13.622453689575195,1379552,0.0,0.0,ADANIENT.NS,Adani Enterprises Limited,Thermal Coal,Energy,Mr. Gautambhai Shantilal Adani S.Y. B.Com,"Ahmedabad, India",https://www.adanienterprises.com,2308.8,2238.85,2664840298496,77.06275,29.96,0.00059999997,3743.9,2025.0
2007-02-20 00:00:00+05:30,13.643955334426055,2314.95,2213.75,13.401301383972168,1379552,0.0,0.0,ADANIENT.NS,Adani Enterprises Limited,Thermal Coal,Energy,Mr. Gautambhai Shantilal Adani S.Y. B.Com,"Ahmedabad, India",https://www.adanienterprises.com,2308.8,2238.85,2664840298496,77.06275,29.96,0.00059999997,3743.9,2025.0
2007-02-21 00:00:00+05:30,13.392084866658784,2314.95,2213.75,13.321438789367676,1379552,0.0,0.0,ADANIENT.NS,Adani Enterprises Limited,Thermal Coal,Energy,Mr. Gautambhai Shantilal Adani S.Y. B.Com,"Ahmedabad, India",https://www.adanienterprises.com,2308.8,2238.85,2664840298496,77.06275,29.96,0.00059999997,3743.9,2025.0
2007-02-22 00:00:00+05:30,13.392084121704102,2314.95,2213.75,13.392084121704102,1379552,0.0,0.0,ADANIENT.NS,Adani Enterprises Limited,Thermal Coal,Energy,Mr. Gautambhai Shantilal Adani S.Y. B.Com,"Ahmedabad, India",https://www.adanienterprises.com,2308.8,2238.85,2664840298496,77.06275,29.96,0.00059999997,3743.9,2025.0
2007-02-23 00:00:00+05:30,13.330652314184134,2314.95,2213.75,13.087998390197754,1379552,0.0,0.0,ADANIENT.NS,Adani Enterprises Limited,Thermal Coal,Energy,Mr. Gautambhai Shantilal Adani S.Y. B.Com,"Ahmedabad, India",https://www.adanienterprises.com,2308.8,2238.85,2664840298496,77.06275,29.96,0.00059999997,3743.9,2025.0
2007-02-26 00:00:00+05:30,13.207789123830121,2314.95,2213.75,13.149429321289062,1379552,0.0,0.0,ADANIENT.NS,Adani Enterprises Limited,Thermal Coal,Energy,Mr. Gautambhai Shantilal Adani S.Y. B.Com,"Ahmedabad, India",https://www.adanienterprises.com,2308.8,2238.85,2664840298496,77.06275,29.96,0.00059999997,3743.9,2025.0
2007-02-27 00:00:00+05:30,13.201647754198284,2314.95,2213.75,13.038854598999023,1379552,0.0,0.0,ADANIENT.NS,Adani Enterprises Limited,Thermal Coal,Energy,Mr. Gautambhai Shantilal Adani S.Y. B.Com,"Ahmedabad, India",https://www.adanienterprises.com,2308.8,2238.85,2664840298496,77.06275,29.96,0.00059999997,3743.9,2025.0
2007-02-28 00:00:00+05:30,12.470612668344698,2314.95,2213.75,12.93134880065918,1379552,0.0,0.0,ADANIENT.NS,Adani Enterprises Limited,Thermal Coal,Energy,Mr. Gautambhai Shantilal Adani S.Y. B.Com,"Ahmedabad, India",https://www.adanienterprises.com,2308.8,2238.85,2664840298496,77.06275,29.96,0.00059999997,3743.9,2025.0
2007-03-01 00:00:00+05:30,13.023495890693992,2314.95,2213.75,12.84227180480957,1379552,0.0,0.0,ADANIENT.NS,Adani Enterprises Limited,Thermal Coal,Energy,Mr. Gautambhai Shantilal Adani S.Y. B.Com,"Ahmedabad, India",https://www.adanienterprises.com,2308.8,2238.85,2664840298496,77.06275,29.96,0.00059999997,3743.9,2025.0
2007-03-02 00:00:00+05:30,12.931346179656014,2314.95,2213.75,12.664119720458984,1379552,0.0,0.0,ADANIENT.NS,Adani Enterprises Limited,Thermal Coal,Energy,Mr. Gautambhai Shantilal Adani S.Y. B.Com,"Ahmedabad, India",https://www.adanienterprises.com,2308.8,2238.85,2664840298496,77.06275,29.96,0.00059999997,3743.9,2025.0
2007-03-05 00:00:00+05:30,12.347748275390495,2314.95,2213.75,11.899297714233398,1379552,0.0,0.0,ADANIENT.NS,Adani Enterprises Limited,Thermal Coal,Energy,Mr. Gautambhai Shantilal Adani S.Y. B.Com,"Ahmedabad, India",https://www.adanienterprises.com,2308.8,2238.85,2664840298496,77.06275,29.96,0.00059999997,3743.9,2025.0
2007-03-06 00:00:00+05:30,12.16345178948976,2314.95,2213.75,11.460061073303223,1379552,0.0,0.0,ADANIENT.NS,Adani Enterprises Limited,Thermal Coal,Energy,Mr. Gautambhai Shantilal Adani S.Y. B.Com,"Ahmedabad, India",https://www.adanienterprises.com,2308.8,2238.85,2664840298496,77.06275,29.96,0.00059999997,3743.9,2025.0
2007-03-07 00:00:00+05:30,11.794864219997473,2314.95,2213.75,11.441632270812988,1379552,0.0,0.0,ADANIENT.NS,Adani Enterprises Limited,Thermal Coal,Energy,Mr. Gautambhai Shantilal Adani S.Y. B.Com,"Ahmedabad, India",https://www.adanienterprises.com,2308.8,2238.85,2664840298496,77.06275,29.96,0.00059999997,3743.9,2025.0
2007-03-08 00:00:00+05:30,11.54913835507915,2314.95,2213.75,11.862439155578613,1379552,0.0,0.0,ADANIENT.NS,Adani Enterprises Limited,Thermal Coal,Energy,Mr. Gautambhai Shantilal Adani S.Y. B.Com,"Ahmedabad, India",https://www.adanienterprises.com,2308.8,2238.85,2664840298496,77.06275,29.96,0.00059999997,3743.9,2025.0
2007-03-09 00:00:00+05:30,12.022160061527439,2314.95,2213.75,11.82865047454834,1379552,0.0,0.0,ADANIENT.NS,Adani Enterprises Limited,Thermal Coal,Energy,Mr. Gautambhai Shantilal Adani S.Y. B.Com,"Ahmedabad, India",https://www.adanienterprises.com,2308.8,2238.85,2664840298496,77.06275,29.96,0.00059999997,3743.9,2025.0
2007-03-12 00:00:00+05:30,11.85629556907474,2314.95,2213.75,12.083592414855957,1379552,0.0,0.0,ADANIENT.NS,Adani Enterprises Limited,Thermal Coal,Energy,Mr. Gautambhai Shantilal Adani S.Y. B.Com,"Ahmedabad, India",https://www.adanienterprises.com,2308.8,2238.85,2664840298496,77.06275,29.96,0.00059999997,3743.9,2025.0
2007-03-13 00:00:00+05:30,12.163453544251377,2314.95,2213.75,12.194169998168945,1379552,0.0,0.0,ADANIENT.NS,Adani Enterprises Limited,Thermal Coal,Energy,Mr. Gautambhai Shantilal Adani S.Y. B.Com,"Ahmedabad, India",https://www.adanienterprises.com,2308.8,2238.85,2664840298496,77.06275,29.96,0.00059999997,3743.9,2025.0
2007-03-14 00:00:00+05:30,11.874723768386731,2314.95,2213.75,11.801005363464355,1379552,0.0,0.0,ADANIENT.NS,Adani Enterprises Limited,Thermal Coal,Energy,Mr. Gautambhai Shantilal Adani S.Y. B.Com,"Ahmedabad, India",https://www.adanienterprises.com,2308.8,2238.85,2664840298496,77.06275,29.96,0.00059999997,3743.9,2025.0
2007-03-15 00:00:00+05:30,12.022158257301365,2314.95,2213.75,11.911581039428711,1379552,0.0,0.0,ADANIENT.NS,Adani Enterprises Limited,Thermal Coal,Energy,Mr. Gautambhai Shantilal Adani S.Y. B.Com,"Ahmedabad, India",https://www.adanienterprises.com,2308.8,2238.85,2664840298496,77.06275,29.96,0.00059999997,3743.9,2025.0
2007-03-16 00:00:00+05:30,12.145025389898363,2314.95,2213.75,11.905442237854004,1379552,0.0,0.0,ADANIENT.NS,Adani Enterprises Limited,Thermal Coal,Energy,Mr. Gautambhai Shantilal Adani S.Y. B.Com,"Ahmedabad, India",https://www.adanienterprises.com,2308.8,2238.85,2664840298496,77.06275,29.96,0.00059999997,3743.9,2025.0
2007-03-19 00:00:00+05:30,12.206453876211103,2314.95,2213.75,12.068232536315918,1379552,0.0,0.0,ADANIENT.NS,Adani Enterprises Limited,Thermal Coal,Energy,Mr. Gautambhai Shantilal Adani S.Y. B.Com,"Ahmedabad, India",https://www.adanienterprises.com,2308.8,2238.85,2664840298496,77.06275,29.96,0.00059999997,3743.9,2025.0
2007-03-20 00:00:00+05:30,12.111235246461941,2314.95,2213.75,11.930012702941895,1379552,0.0,0.0,ADANIENT.NS,Adani Enterprises Limited,Thermal Coal,Energy,Mr. Gautambhai Shantilal Adani S.Y. B.Com,"Ahmedabad, India",https://www.adanienterprises.com,2308.8,2238.85,2664840298496,77.06275,29.96,0.00059999997,3743.9,2025.0
2007-03-21 00:00:00+05:30,12.034445315798765,2314.95,2213.75,12.138877868652344,1379552,0.0,0.0,ADANIENT.NS,Adani Enterprises Limited,Thermal Coal,Energy,Mr. Gautambhai Shantilal Adani S.Y. B.Com,"Ahmedabad, India",https://www.adanienterprises.com,2308.8,2238.85,2664840298496,77.06275,29.96,0.00059999997,3743.9,2025.0
2007-03-22 00:00:00+05:30,12.56515459299434,2314.95,2213.75,12.65869140625,1379552,0.225,0.0,ADANIENT.NS,Adani Enterprises Limited,Thermal Coal,Energy,Mr. Gautambhai Shantilal Adani S.Y. B.Com,"Ahmedabad, India",https://www.adanienterprises.com,2308.8,2238.85,2664840298496,77.06275,29.96,0.00059999997,3743.9,2025.0
2007-03-23 00:00:00+05:30,12.795878357393477,2314.95,2213.75,12.876943588256836,1379552,0.0,0.0,ADANIENT.NS,Adani Enterprises Limited,Thermal Coal,Energy,Mr. Gautambhai Shantilal Adani S.Y. B.Com,"Ahmedabad, India",https://www.adanienterprises.com,2308.8,2238.85,2664840298496,77.06275,29.96,0.00059999997,3743.9,2025.0
2007-03-26 00:00:00+05:30,13.029721937576996,2314.95,2213.75,12.817705154418945,1379552,0.0,0.0,ADANIENT.NS,Adani Enterprises Limited,Thermal Coal,Energy,Mr. Gautambhai Shantilal Adani S.Y. B.Com,"Ahmedabad, India",https://www.adanienterprises.com,2308.8,2238.85,2664840298496,77.06275,29.96,0.00059999997,3743.9,2025.0
2007-03-28 00:00:00+05:30,12.721049315514241,2314.95,2213.75,12.515268325805664,1379552,0.0,0.0,ADANIENT.NS,Adani Enterprises Limited,Thermal Coal,Energy,Mr. Gautambhai Shantilal Adani S.Y. B.Com,"Ahmedabad, India",https://www.adanienterprises.com,2308.8,2238.85,2664840298496,77.06275,29.96,0.00059999997,3743.9,2025.0
2007-03-29 00:00:00+05:30,12.71481413850274,2314.95,2213.75,12.929948806762695,1379552,0.0,0.0,ADANIENT.NS,Adani Enterprises Limited,Thermal Coal,Energy,Mr. Gautambhai Shantilal Adani S.Y. B.Com,"Ahmedabad, India",https://www.adanienterprises.com,2308.8,2238.85,2664840298496,77.06275,29.96,0.00059999997,3743.9,2025.0
2007-03-30 00:00:00+05:30,13.011014394698396,2314.95,2213.75,13.098316192626953,1379552,0.0,0.0,ADANIENT.NS,Adani Enterprises Limited,Thermal Coal,Energy,Mr. Gautambhai Shantilal Adani S.Y. B.Com,"Ahmedabad, India",https://www.adanienterprises.com,2308.8,2238.85,2664840298496,77.06275,29.96,0.00059999997,3743.9,2025.0
2007-04-02 00:00:00+05:30,13.032839082290897,2314.95,2213.75,12.770936012268066,1379552,0.0,0.0,ADANIENT.NS,Adani Enterprises Limited,Thermal Coal,Energy,Mr. Gautambhai Shantilal Adani S.Y. B.Com,"Ahmedabad, India",https://www.adanienterprises.com,2308.8,2238.85,2664840298496,77.06275,29.96,0.00059999997,3743.9,2025.0
2007-04-03 00:00:00+05:30,12.783406985330734,2314.95,2213.75,12.901886940002441,1379552,0.0,0.0,ADANIENT.NS,Adani Enterprises Limited,Thermal Coal,Energy,Mr. Gautambhai Shantilal Adani S.Y. B.Com,"Ahmedabad, India",https://www.adanienterprises.com,2308.8,2238.85,2664840298496,77.06275,29.96,0.00059999997,3743.9,2025.0
2007-04-04 00:00:00+05:30,12.979835016731778,2314.95,2213.75,13.154437065124512,1379552,0.0,0.0,ADANIENT.NS,Adani Enterprises Limited,Thermal Coal,Energy,Mr. Gautambhai Shantilal Adani S.Y. B.Com,"Ahmedabad, India",https://www.adanienterprises.com,2308.8,2238.85,2664840298496,77.06275,29.96,0.00059999997,3743.9,2025.0
2007-04-05 00:00:00+05:30,13.406988192984125,2314.95,2213.75,13.191853523254395,1379552,0.0,0.0,ADANIENT.NS,Adani Enterprises Limited,Thermal Coal,Energy,Mr. Gautambhai Shantilal Adani S.Y. B.Com,"Ahmedabad, India",https://www.adanienterprises.com,2308.8,2238.85,2664840298496,77.06275,29.96,0.00059999997,3743.9,2025.0
2007-04-09 00:00:00+05:30,13.344629655079995,2314.95,2213.75,13.609650611877441,1379552,0.0,0.0,ADANIENT.NS,Adani Enterprises Limited,Thermal Coal,Energy,Mr. Gautambhai Shantilal Adani S.Y. B.Com,"Ahmedabad, India",https://www.adanienterprises.com,2308.8,2238.85,2664840298496,77.06275,29.96,0.00059999997,3743.9,2025.0
2007-04-10 00:00:00+05:30,13.656418761767258,2314.95,2213.75,13.594060897827148,1379552,0.0,0.0,ADANIENT.NS,Adani Enterprises Limited,Thermal Coal,Energy,Mr. Gautambhai Shantilal Adani S.Y. B.Com,"Ahmedabad, India",https://www.adanienterprises.com,2308.8,2238.85,2664840298496,77.06275,29.96,0.00059999997,3743.9,2025.0
2007-04-11 00:00:00+05:30,13.594061808978823,2314.95,2213.75,13.603415489196777,1379552,0.0,0.0,ADANIENT.NS,Adani Enterprises Limited,Thermal Coal,Energy,Mr. Gautambhai Shantilal Adani S.Y. B.Com,"Ahmedabad, India",https://www.adanienterprises.com,2308.8,2238.85,2664840298496,77.06275,29.96,0.00059999997,3743.9,2025.0
2007-04-12 00:00:00+05:30,12.783407234644491,2314.95,2213.75,13.622123718261719,1379552,0.0,0.0,ADANIENT.NS,Adani Enterprises Limited,Thermal Coal,Energy,Mr. Gautambhai Shantilal Adani S.Y. B.Com,"Ahmedabad, India",https://www.adanienterprises.com,2308.8,2238.85,2664840298496,77.06275,29.96,0.00059999997,3743.9,2025.0
2007-04-13 00:00:00+05:30,13.71877859661808,2314.95,2213.75,13.79049015045166,1379552,0.0,0.0,ADANIENT.NS,Adani Enterprises Limited,Thermal Coal,Energy,Mr. Gautambhai Shantilal Adani S.Y. B.Com,"Ahmedabad, India",https://www.adanienterprises.com,2308.8,2238.85,2664840298496,77.06275,29.96,0.00059999997,3743.9,2025.0
2007-04-16 00:00:00+05:30,13.999391240345005,2314.95,2213.75,13.930797576904297,1379552,0.0,0.0,ADANIENT.NS,Adani Enterprises Limited,Thermal Coal,Energy,Mr. Gautambhai Shantilal Adani S.Y. B.Com,"Ahmedabad, India",https://www.adanienterprises.com,2308.8,2238.85,2664840298496,77.06275,29.96,0.00059999997,3743.9,2025.0
2007-04-17 00:00:00+05:30,14.030568161937953,2314.95,2213.75,13.802960395812988,1379552,0.0,0.0,ADANIENT.NS,Adani Enterprises Limited,Thermal Coal,Energy,Mr. Gautambhai Shantilal Adani S.Y. B.Com,"Ahmedabad, India",https://www.adanienterprises.com,2308.8,2238.85,2664840298496,77.06275,29.96,0.00059999997,3743.9,2025.0
2007-04-18 00:00:00+05:30,13.999390283048859,2314.95,2213.75,13.78425407409668,1379552,0.0,0.0,ADANIENT.NS,Adani Enterprises Limited,Thermal Coal,Energy,Mr. Gautambhai Shantilal Adani S.Y. B.Com,"Ahmedabad, India",https://www.adanienterprises.com,2308.8,2238.85,2664840298496,77.06275,29.96,0.00059999997,3743.9,2025.0
2007-04-19 00:00:00+05:30,13.74995897089414,2314.95,2213.75,13.821670532226562,1379552,0.0,0.0,ADANIENT.NS,Adani Enterprises Limited,Thermal Coal,Energy,Mr. Gautambhai Shantilal Adani S.Y. B.Com,"Ahmedabad, India",https://www.adanienterprises.com,2308.8,2238.85,2664840298496,77.06275,29.96,0.00059999997,3743.9,2025.0
2007-04-20 00:00:00+05:30,13.96820902782098,2314.95,2213.75,13.880908012390137,1379552,0.0,0.0,ADANIENT.NS,Adani Enterprises Limited,Thermal Coal,Energy,Mr. Gautambhai Shantilal Adani S.Y. B.Com,"Ahmedabad, India",https://www.adanienterprises.com,2308.8,2238.85,2664840298496,77.06275,29.96,0.00059999997,3743.9,2025.0
2007-04-23 00:00:00+05:30,13.99939132274338,2314.95,2213.75,13.837259292602539,1379552,0.0,0.0,ADANIENT.NS,Adani Enterprises Limited,Thermal Coal,Energy,Mr. Gautambhai Shantilal Adani S.Y. B.Com,"Ahmedabad, India",https://www.adanienterprises.com,2308.8,2238.85,2664840298496,77.06275,29.96,0.00059999997,3743.9,2025.0
2007-04-24 00:00:00+05:30,13.793607614517523,2314.95,2213.75,13.884026527404785,1379552,0.0,0.0,ADANIENT.NS,Adani Enterprises Limited,Thermal Coal,Energy,Mr. Gautambhai Shantilal Adani S.Y. B.Com,"Ahmedabad, India",https://www.adanienterprises.com,2308.8,2238.85,2664840298496,77.06275,29.96,0.00059999997,3743.9,2025.0
2007-04-25 00:00:00+05:30,13.609650653330077,2314.95,2213.75,14.099163055419922,1379552,0.0,0.0,ADANIENT.NS,Adani Enterprises Limited,Thermal Coal,Energy,Mr. Gautambhai Shantilal Adani S.Y. B.Com,"Ahmedabad, India",https://www.adanienterprises.com,2308.8,2238.85,2664840298496,77.06275,29.96,0.00059999997,3743.9,2025.0
2007-04-26 00:00:00+05:30,14.155286788940431,2314.95,2213.75,14.15528678894043,1379552,0.0,0.0,ADANIENT.NS,Adani Enterprises Limited,Thermal Coal,Energy,Mr. Gautambhai Shantilal Adani S.Y. B.Com,"Ahmedabad, India",https://www.adanienterprises.com,2308.8,2238.85,2664840298496,77.06275,29.96,0.00059999997,3743.9,2025.0
2007-04-27 00:00:00+05:30,14.14905012633019,2314.95,2213.75,13.72189712524414,1379552,0.0,0.0,ADANIENT.NS,Adani Enterprises Limited,Thermal Coal,Energy,Mr. Gautambhai Shantilal Adani S.Y. B.Com,"Ahmedabad, India",https://www.adanienterprises.com,2308.8,2238.85,2664840298496,77.06275,29.96,0.00059999997,3743.9,2025.0
2007-04-30 00:00:00+05:30,13.893380454248902,2314.95,2213.75,13.899616241455078,1379552,0.0,0.0,ADANIENT.NS,Adani Enterprises Limited,Thermal Coal,Energy,Mr. Gautambhai Shantilal Adani S.Y. B.Com,"Ahmedabad, India",https://www.adanienterprises.com,2308.8,2238.85,2664840298496,77.06275,29.96,0.00059999997,3743.9,2025.0
2007-05-03 00:00:00+05:30,14.024334924195918,2314.95,2213.75,13.877792358398438,1379552,0.0,0.0,ADANIENT.NS,Adani Enterprises Limited,Thermal Coal,Energy,Mr. Gautambhai Shantilal Adani S.Y. B.Com,"Ahmedabad, India",https://www.adanienterprises.com,2308.8,2238.85,2664840298496,77.06275,29.96,0.00059999997,3743.9,2025.0
2007-05-04 00:00:00+05:30,13.843494052108204,2314.95,2213.75,13.78425407409668,1379552,0.0,0.0,ADANIENT.NS,Adani Enterprises Limited,Thermal Coal,Energy,Mr. Gautambhai Shantilal Adani S.Y. B.Com,"Ahmedabad, India",https://www.adanienterprises.com,2308.8,2238.85,2664840298496,77.06275,29.96,0.00059999997,3743.9,2025.0
2007-05-07 00:00:00+05:30,13.905851882372021,2314.95,2213.75,13.852846145629883,1379552,0.0,0.0,ADANIENT.NS,Adani Enterprises Limited,Thermal Coal,Energy,Mr. Gautambhai Shantilal Adani S.Y. B.Com,"Ahmedabad, India",https://www.adanienterprises.com,2308.8,2238.85,2664840298496,77.06275,29.96,0.00059999997,3743.9,2025.0
2007-05-08 00:00:00+05:30,13.89961765573167,2314.95,2213.75,13.734369277954102,1379552,0.0,0.0,ADANIENT.NS,Adani Enterprises Limited,Thermal Coal,Energy,Mr. Gautambhai Shantilal Adani S.Y. B.Com,"Ahmedabad, India",https://www.adanienterprises.com,2308.8,2238.85,2664840298496,77.06275,29.96,0.00059999997,3743.9,2025.0
2007-05-09 00:00:00+05:30,13.718778095455868,2314.95,2213.75,13.831022262573242,1379552,0.0,0.0,ADANIENT.NS,Adani Enterprises Limited,Thermal Coal,Energy,Mr. Gautambhai Shantilal Adani S.Y. B.Com,"Ahmedabad, India",https://www.adanienterprises.com,2308.8,2238.85,2664840298496,77.06275,29.96,0.00059999997,3743.9,2025.0
2007-05-10 00:00:00+05:30,13.796725648414895,2314.95,2213.75,13.78425407409668,1379552,0.0,0.0,ADANIENT.NS,Adani Enterprises Limited,Thermal Coal,Energy,Mr. Gautambhai Shantilal Adani S.Y. B.Com,"Ahmedabad, India",https://www.adanienterprises.com,2308.8,2238.85,2664840298496,77.06275,29.96,0.00059999997,3743.9,2025.0
2007-05-11 00:00:00+05:30,13.469346545888948,2314.95,2213.75,13.709425926208496,1379552,0.0,0.0,ADANIENT.NS,Adani Enterprises Limited,Thermal Coal,Energy,Mr. Gautambhai Shantilal Adani S.Y. B.Com,"Ahmedabad, India",https://www.adanienterprises.com,2308.8,2238.85,2664840298496,77.06275,29.96,0.00059999997,3743.9,2025.0
2007-05-14 00:00:00+05:30,13.955739244779267,2314.95,2213.75,13.968209266662598,1379552,0.0,0.0,ADANIENT.NS,Adani Enterprises Limited,Thermal Coal,Energy,Mr. Gautambhai Shantilal Adani S.Y. B.Com,"Ahmedabad, India",https://www.adanienterprises.com,2308.8,2238.85,2664840298496,77.06275,29.96,0.00059999997,3743.9,2025.0
2007-05-15 00:00:00+05:30,14.155284005478382,2314.95,2213.75,14.208288192749023,1379552,0.0,0.0,ADANIENT.NS,Adani Enterprises Limited,Thermal Coal,Energy,Mr. Gautambhai Shantilal Adani S.Y. B.Com,"Ahmedabad, India",https://www.adanienterprises.com,2308.8,2238.85,2664840298496,77.06275,29.96,0.00059999997,3743.9,2025.0
2007-05-16 00:00:00+05:30,14.336123684628143,2314.95,2213.75,14.289355278015137,1379552,0.0,0.0,ADANIENT.NS,Adani Enterprises Limited,Thermal Coal,Energy,Mr. Gautambhai Shantilal Adani S.Y. B.Com,"Ahmedabad, India",https://www.adanienterprises.com,2308.8,2238.85,2664840298496,77.06275,29.96,0.00059999997,3743.9,2025.0
2007-05-17 00:00:00+05:30,14.52943358263194,2314.95,2213.75,14.526315689086914,1379552,0.0,0.0,ADANIENT.NS,Adani Enterprises Limited,Thermal Coal,Energy,Mr. Gautambhai Shantilal Adani S.Y. B.Com,"Ahmedabad, India",https://www.adanienterprises.com,2308.8,2238.85,2664840298496,77.06275,29.96,0.00059999997,3743.9,2025.0
2007-05-18 00:00:00+05:30,14.467078550054477,2314.95,2213.75,15.58952522277832,1379552,0.0,0.0,ADANIENT.NS,Adani Enterprises Limited,Thermal Coal,Energy,Mr. Gautambhai Shantilal Adani S.Y. B.Com,"Ahmedabad, India",https://www.adanienterprises.com,2308.8,2238.85,2664840298496,77.06275,29.96,0.00059999997,3743.9,2025.0
2007-05-21 00:00:00+05:30,15.704882528808906,2314.95,2213.75,14.66973876953125,1379552,0.0,0.0,ADANIENT.NS,Adani Enterprises Limited,Thermal Coal,Energy,Mr. Gautambhai Shantilal Adani S.Y. B.Com,"Ahmedabad, India",https://www.adanienterprises.com,2308.8,2238.85,2664840298496,77.06275,29.96,0.00059999997,3743.9,2025.0
2007-05-22 00:00:00+05:30,14.82875130769668,2314.95,2213.75,15.031415939331055,1379552,0.0,0.0,ADANIENT.NS,Adani Enterprises Limited,Thermal Coal,Energy,Mr. Gautambhai Shantilal Adani S.Y. B.Com,"Ahmedabad, India",https://www.adanienterprises.com,2308.8,2238.85,2664840298496,77.06275,29.96,0.00059999997,3743.9,2025.0
2007-05-23 00:00:00+05:30,15.040773049065848,2314.95,2213.75,15.177960395812988,1379552,0.0,0.0,ADANIENT.NS,Adani Enterprises Limited,Thermal Coal,Energy,Mr. Gautambhai Shantilal Adani S.Y. B.Com,"Ahmedabad, India",https://www.adanienterprises.com,2308.8,2238.85,2664840298496,77.06275,29.96,0.00059999997,3743.9,2025.0
2007-05-24 00:00:00+05:30,14.984647939295485,2314.95,2213.75,14.728979110717773,1379552,0.0,0.0,ADANIENT.NS,Adani Enterprises Limited,Thermal Coal,Energy,Mr. Gautambhai Shantilal Adani S.Y. B.Com,"Ahmedabad, India",https://www.adanienterprises.com,2308.8,2238.85,2664840298496,77.06275,29.96,0.00059999997,3743.9,2025.0
2007-05-25 00:00:00+05:30,14.504492214395986,2314.95,2213.75,14.822517395019531,1379552,0.0,0.0,ADANIENT.NS,Adani Enterprises Limited,Thermal Coal,Energy,Mr. Gautambhai Shantilal Adani S.Y. B.Com,"Ahmedabad, India",https://www.adanienterprises.com,2308.8,2238.85,2664840298496,77.06275,29.96,0.00059999997,3743.9,2025.0
2007-05-28 00:00:00+05:30,14.978410801588552,2314.95,2213.75,14.741449356079102,1379552,0.0,0.0,ADANIENT.NS,Adani Enterprises Limited,Thermal Coal,Energy,Mr. Gautambhai Shantilal Adani S.Y. B.Com,"Ahmedabad, India",https://www.adanienterprises.com,2308.8,2238.85,2664840298496,77.06275,29.96,0.00059999997,3743.9,2025.0
2007-05-29 00:00:00+05:30,13.269800186157227,2314.95,2213.75,13.269800186157227,1379552,0.0,0.0,ADANIENT.NS,Adani Enterprises Limited,Thermal Coal,Energy,Mr. Gautambhai Shantilal Adani S.Y. B.Com,"Ahmedabad, India",https://www.adanienterprises.com,2308.8,2238.85,2664840298496,77.06275,29.96,0.00059999997,3743.9,2025.0
2007-05-30 00:00:00+05:30,12.471615559797801,2314.95,2213.75,13.447519302368164,1379552,0.0,0.0,ADANIENT.NS,Adani Enterprises Limited,Thermal Coal,Energy,Mr. Gautambhai Shantilal Adani S.Y. B.Com,"Ahmedabad, India",https://www.adanienterprises.com,2308.8,2238.85,2664840298496,77.06275,29.96,0.00059999997,3743.9,2025.0
2007-05-31 00:00:00+05:30,13.656421853962204,2314.95,2213.75,14.644797325134277,1379552,0.0,0.0,ADANIENT.NS,Adani Enterprises Limited,Thermal Coal,Energy,Mr. Gautambhai Shantilal Adani S.Y. B.Com,"Ahmedabad, India",https://www.adanienterprises.com,2308.8,2238.85,2664840298496,77.06275,29.96,0.00059999997,3743.9,2025.0
2007-06-01 00:00:00+05:30,15.090661203583709,2314.95,2213.75,14.866172790527344,1379552,0.0,0.0,ADANIENT.NS,Adani Enterprises Limited,Thermal Coal,Energy,Mr. Gautambhai Shantilal Adani S.Y. B.Com,"Ahmedabad, India",https://www.adanienterprises.com,2308.8,2238.85,2664840298496,77.06275,29.96,0.00059999997,3743.9,2025.0
2007-06-04 00:00:00+05:30,14.810043009474175,2314.95,2213.75,14.741449356079102,1379552,0.0,0.0,ADANIENT.NS,Adani Enterprises Limited,Thermal Coal,Energy,Mr. Gautambhai Shantilal Adani S.Y. B.Com,"Ahmedabad, India",https://www.adanienterprises.com,2308.8,2238.85,2664840298496,77.06275,29.96,0.00059999997,3743.9,2025.0
2007-06-05 00:00:00+05:30,14.660389162999895,2314.95,2213.75,14.884879112243652,1379552,0.0,0.0,ADANIENT.NS,Adani Enterprises Limited,Thermal Coal,Energy,Mr. Gautambhai Shantilal Adani S.Y. B.Com,"Ahmedabad, India",https://www.adanienterprises.com,2308.8,2238.85,2664840298496,77.06275,29.96,0.00059999997,3743.9,2025.0
2007-06-06 00:00:00+05:30,14.810043762850151,2314.95,2213.75,14.716506958007812,1379552,0.0,0.0,ADANIENT.NS,Adani Enterprises Limited,Thermal Coal,Energy,Mr. Gautambhai Shantilal Adani S.Y. B.Com,"Ahmedabad, India",https://www.adanienterprises.com,2308.8,2238.85,2664840298496,77.06275,29.96,0.00059999997,3743.9,2025.0
2007-06-07 00:00:00+05:30,14.654149088112922,2314.95,2213.75,14.716506958007812,1379552,0.0,0.0,ADANIENT.NS,Adani Enterprises Limited,Thermal Coal,Energy,Mr. Gautambhai Shantilal Adani S.Y. B.Com,"Ahmedabad, India",https://www.adanienterprises.com,2308.8,2238.85,2664840298496,77.06275,29.96,0.00059999997,3743.9,2025.0
2007-06-08 00:00:00+05:30,14.591789246070281,2314.95,2213.75,14.5200777053833,1379552,0.0,0.0,ADANIENT.NS,Adani Enterprises Limited,Thermal Coal,Energy,Mr. Gautambhai Shantilal Adani S.Y. B.Com,"Ahmedabad, India",https://www.adanienterprises.com,2308.8,2238.85,2664840298496,77.06275,29.96,0.00059999997,3743.9,2025.0
2007-06-11 00:00:00+05:30,14.532551898100959,2314.95,2213.75,14.710271835327148,1379552,0.0,0.0,ADANIENT.NS,Adani Enterprises Limited,Thermal Coal,Energy,Mr. Gautambhai Shantilal Adani S.Y. B.Com,"Ahmedabad, India",https://www.adanienterprises.com,2308.8,2238.85,2664840298496,77.06275,29.96,0.00059999997,3743.9,2025.0
2007-06-12 00:00:00+05:30,14.53566688202743,2314.95,2213.75,14.657264709472656,1379552,0.0,0.0,ADANIENT.NS,Adani Enterprises Limited,Thermal Coal,Energy,Mr. Gautambhai Shantilal Adani S.Y. B.Com,"Ahmedabad, India",https://www.adanienterprises.com,2308.8,2238.85,2664840298496,77.06275,29.96,0.00059999997,3743.9,2025.0
2007-06-13 00:00:00+05:30,14.654149411179944,2314.95,2213.75,14.507608413696289,1379552,0.0,0.0,ADANIENT.NS,Adani Enterprises Limited,Thermal Coal,Energy,Mr. Gautambhai Shantilal Adani S.Y. B.Com,"Ahmedabad, India",https://www.adanienterprises.com,2308.8,2238.85,2664840298496,77.06275,29.96,0.00059999997,3743.9,2025.0
2007-06-14 00:00:00+05:30,14.619851186782007,2314.95,2213.75,14.744566917419434,1379552,0.0,0.0,ADANIENT.NS,Adani Enterprises Limited,Thermal Coal,Energy,Mr. Gautambhai Shantilal Adani S.Y. B.Com,"Ahmedabad, India",https://www.adanienterprises.com,2308.8,2238.85,2664840298496,77.06275,29.96,0.00059999997,3743.9,2025.0
2007-06-15 00:00:00+05:30,14.81004561308543,2314.95,2213.75,14.663504600524902,1379552,0.0,0.0,ADANIENT.NS,Adani Enterprises Limited,Thermal Coal,Energy,Mr. Gautambhai Shantilal Adani S.Y. B.Com,"Ahmedabad, India",https://www.adanienterprises.com,2308.8,2238.85,2664840298496,77.06275,29.96,0.00059999997,3743.9,2025.0
2007-06-18 00:00:00+05:30,14.778867100517166,2314.95,2213.75,14.775749206542969,1379552,0.0,0.0,ADANIENT.NS,Adani Enterprises Limited,Thermal Coal,Energy,Mr. Gautambhai Shantilal Adani S.Y. B.Com,"Ahmedabad, India",https://www.adanienterprises.com,2308.8,2238.85,2664840298496,77.06275,29.96,0.00059999997,3743.9,2025.0
2007-06-19 00:00:00+05:30,14.757041581549808,2314.95,2213.75,14.906702041625977,1379552,0.0,0.0,ADANIENT.NS,Adani Enterprises Limited,Thermal Coal,Energy,Mr. Gautambhai Shantilal Adani S.Y. B.Com,"Ahmedabad, India",https://www.adanienterprises.com,2308.8,2238.85,2664840298496,77.06275,29.96,0.00059999997,3743.9,2025.0
2007-06-20 00:00:00+05:30,14.903581977297709,2314.95,2213.75,15.243433952331543,1379552,0.0,0.0,ADANIENT.NS,Adani Enterprises Limited,Thermal Coal,Energy,Mr. Gautambhai Shantilal Adani S.Y. B.Com,"Ahmedabad, India",https://www.adanienterprises.com,2308.8,2238.85,2664840298496,77.06275,29.96,0.00059999997,3743.9,2025.0
2007-06-21 00:00:00+05:30,15.458569882808623,2314.95,2213.75,15.237197875976562,1379552,0.0,0.0,ADANIENT.NS,Adani Enterprises Limited,Thermal Coal,Energy,Mr. Gautambhai Shantilal Adani S.Y. B.Com,"Ahmedabad, India",https://www.adanienterprises.com,2308.8,2238.85,2664840298496,77.06275,29.96,0.00059999997,3743.9,2025.0
2007-06-22 00:00:00+05:30,15.340089189884196,2314.95,2213.75,15.118717193603516,1379552,0.0,0.0,ADANIENT.NS,Adani Enterprises Limited,Thermal Coal,Energy,Mr. Gautambhai Shantilal Adani S.Y. B.Com,"Ahmedabad, India",https://www.adanienterprises.com,2308.8,2238.85,2664840298496,77.06275,29.96,0.00059999997,3743.9,2025.0
2007-06-25 00:00:00+05:30,15.153015133695154,2314.95,2213.75,15.433627128601074,1379552,0.0,0.0,ADANIENT.NS,Adani Enterprises Limited,Thermal Coal,Energy,Mr. Gautambhai Shantilal Adani S.Y. B.Com,"Ahmedabad, India",https://www.adanienterprises.com,2308.8,2238.85,2664840298496,77.06275,29.96,0.00059999997,3743.9,2025.0
2007-06-26 00:00:00+05:30,15.589519125006559,2314.95,2213.75,15.963667869567871,1379552,0.0,0.0,ADANIENT.NS,Adani Enterprises Limited,Thermal Coal,Energy,Mr. Gautambhai Shantilal Adani S.Y. B.Com,"Ahmedabad, India",https://www.adanienterprises.com,2308.8,2238.85,2664840298496,77.06275,29.96,0.00059999997,3743.9,2025.0
2007-06-27 00:00:00+05:30,15.832719126145271,2314.95,2213.75,16.18192481994629,1379552,0.0,0.0,ADANIENT.NS,Adani Enterprises Limited,Thermal Coal,Energy,Mr. Gautambhai Shantilal Adani S.Y. B.Com,"Ahmedabad, India",https://www.adanienterprises.com,2308.8,2238.85,2664840298496,77.06275,29.96,0.00059999997,3743.9,2025.0
2007-06-28 00:00:00+05:30,16.09773830214905,2314.95,2213.75,16.802385330200195,1379552,0.0,0.0,ADANIENT.NS,Adani Enterprises Limited,Thermal Coal,Energy,Mr. Gautambhai Shantilal Adani S.Y. B.Com,"Ahmedabad, India",https://www.adanienterprises.com,2308.8,2238.85,2664840298496,77.06275,29.96,0.00059999997,3743.9,2025.0
2007-06-29 00:00:00+05:30,16.802390218965705,2314.95,2213.75,17.104825973510742,1379552,0.0,0.0,ADANIENT.NS,Adani Enterprises Limited,Thermal Coal,Energy,Mr. Gautambhai Shantilal Adani S.Y. B.Com,"Ahmedabad, India",https://www.adanienterprises.com,2308.8,2238.85,2664840298496,77.06275,29.96,0.00059999997,3743.9,2025.0
2007-07-02 00:00:00+05:30,17.21083121199476,2314.95,2213.75,16.880332946777344,1379552,0.0,0.0,ADANIENT.NS,Adani Enterprises Limited,Thermal Coal,Energy,Mr. Gautambhai Shantilal Adani S.Y. B.Com,"Ahmedabad, India",https://www.adanienterprises.com,2308.8,2238.85,2664840298496,77.06275,29.96,0.00059999997,3743.9,2025.0
2007-07-03 00:00:00+05:30,16.96139684206619,2314.95,2213.75,17.254480361938477,1379552,0.0,0.0,ADANIENT.NS,Adani Enterprises Limited,Thermal Coal,Energy,Mr. Gautambhai Shantilal Adani S.Y. B.Com,"Ahmedabad, India",https://www.adanienterprises.com,2308.8,2238.85,2664840298496,77.06275,29.96,0.00059999997,3743.9,2025.0
2007-07-04 00:00:00+05:30,17.335546450932593,2314.95,2213.75,17.344900131225586,1379552,0.0,0.0,ADANIENT.NS,Adani Enterprises Limited,Thermal Coal,Energy,Mr. Gautambhai Shantilal Adani S.Y. B.Com,"Ahmedabad, India",https://www.adanienterprises.com,2308.8,2238.85,2664840298496,77.06275,29.96,0.00059999997,3743.9,2025.0
2007-07-05 00:00:00+05:30,17.397908745766284,2314.95,2213.75,17.014406204223633,1379552,0.0,0.0,ADANIENT.NS,Adani Enterprises Limited,Thermal Coal,Energy,Mr. Gautambhai Shantilal Adani S.Y. B.Com,"Ahmedabad, India",https://www.adanienterprises.com,2308.8,2238.85,2664840298496,77.06275,29.96,0.00059999997,3743.9,2025.0
2007-07-06 00:00:00+05:30,17.117291047677877,2314.95,2213.75,16.852270126342773,1379552,0.0,0.0,ADANIENT.NS,Adani Enterprises Limited,Thermal Coal,Energy,Mr. Gautambhai Shantilal Adani S.Y. B.Com,"Ahmedabad, India",https://www.adanienterprises.com,2308.8,2238.85,2664840298496,77.06275,29.96,0.00059999997,3743.9,2025.0
2007-07-09 00:00:00+05:30,16.77432345088058,2314.95,2213.75,17.207712173461914,1379552,0.0,0.0,ADANIENT.NS,Adani Enterprises Limited,Thermal Coal,Energy,Mr. Gautambhai Shantilal Adani S.Y. B.Com,"Ahmedabad, India",https://www.adanienterprises.com,2308.8,2238.85,2664840298496,77.06275,29.96,0.00059999997,3743.9,2025.0
2007-07-10 00:00:00+05:30,17.210831501102405,2314.95,2213.75,17.310604095458984,1379552,0.0,0.0,ADANIENT.NS,Adani Enterprises Limited,Thermal Coal,Energy,Mr. Gautambhai Shantilal Adani S.Y. B.Com,"Ahmedabad, India",https://www.adanienterprises.com,2308.8,2238.85,2664840298496,77.06275,29.96,0.00059999997,3743.9,2025.0
2007-07-11 00:00:00+05:30,17.14847605667159,2314.95,2213.75,17.531978607177734,1379552,0.0,0.0,ADANIENT.NS,Adani Enterprises Limited,Thermal Coal,Energy,Mr. Gautambhai Shantilal Adani S.Y. B.Com,"Ahmedabad, India",https://www.adanienterprises.com,2308.8,2238.85,2664840298496,77.06275,29.96,0.00059999997,3743.9,2025.0
2007-07-12 00:00:00+05:30,17.584977609585188,2314.95,2213.75,18.411222457885742,1379552,0.0,0.0,ADANIENT.NS,Adani Enterprises Limited,Thermal Coal,Energy,Mr. Gautambhai Shantilal Adani S.Y. B.Com,"Ahmedabad, India",https://www.adanienterprises.com,2308.8,2238.85,2664840298496,77.06275,29.96,0.00059999997,3743.9,2025.0
2007-07-13 00:00:00+05:30,18.69183670428816,2314.95,2213.75,19.38401222229004,1379552,0.0,0.0,ADANIENT.NS,Adani Enterprises Limited,Thermal Coal,Energy,Mr. Gautambhai Shantilal Adani S.Y. B.Com,"Ahmedabad, India",https://www.adanienterprises.com,2308.8,2238.85,2664840298496,77.06275,29.96,0.00059999997,3743.9,2025.0
2007-07-16 00:00:00+05:30,19.393364416724243,2314.95,2213.75,19.642797470092773,1379552,0.0,0.0,ADANIENT.NS,Adani Enterprises Limited,Thermal Coal,Energy,Mr. Gautambhai Shantilal Adani S.Y. B.Com,"Ahmedabad, India",https://www.adanienterprises.com,2308.8,2238.85,2664840298496,77.06275,29.96,0.00059999997,3743.9,2025.0
2007-07-17 00:00:00+05:30,19.705154198720646,2314.95,2213.75,19.399599075317383,1379552,0.0,0.0,ADANIENT.NS,Adani Enterprises Limited,Thermal Coal,Energy,Mr. Gautambhai Shantilal Adani S.Y. B.Com,"Ahmedabad, India",https://www.adanienterprises.com,2308.8,2238.85,2664840298496,77.06275,29.96,0.00059999997,3743.9,2025.0
2007-07-18 00:00:00+05:30,19.331006611014367,2314.95,2213.75,19.415189743041992,1379552,0.0,0.0,ADANIENT.NS,Adani Enterprises Limited,Thermal Coal,Energy,Mr. Gautambhai Shantilal Adani S.Y. B.Com,"Ahmedabad, India",https://www.adanienterprises.com,2308.8,2238.85,2664840298496,77.06275,29.96,0.00059999997,3743.9,2025.0
2007-07-19 00:00:00+05:30,19.33100552304579,2314.95,2213.75,19.867284774780273,1379552,0.0,0.0,ADANIENT.NS,Adani Enterprises Limited,Thermal Coal,Energy,Mr. Gautambhai Shantilal Adani S.Y. B.Com,"Ahmedabad, India",https://www.adanienterprises.com,2308.8,2238.85,2664840298496,77.06275,29.96,0.00059999997,3743.9,2025.0
2007-07-20 00:00:00+05:30,20.204019212875263,2314.95,2213.75,20.00135612487793,1379552,0.0,0.0,ADANIENT.NS,Adani Enterprises Limited,Thermal Coal,Energy,Mr. Gautambhai Shantilal Adani S.Y. B.Com,"Ahmedabad, India",https://www.adanienterprises.com,2308.8,2238.85,2664840298496,77.06275,29.96,0.00059999997,3743.9,2025.0
2007-07-23 00:00:00+05:30,20.07930273603421,2314.95,2213.75,19.882875442504883,1379552,0.0,0.0,ADANIENT.NS,Adani Enterprises Limited,Thermal Coal,Energy,Mr. Gautambhai Shantilal Adani S.Y. B.Com,"Ahmedabad, India",https://www.adanienterprises.com,2308.8,2238.85,2664840298496,77.06275,29.96,0.00059999997,3743.9,2025.0
2007-07-24 00:00:00+05:30,19.829869645262878,2314.95,2213.75,20.387975692749023,1379552,0.0,0.0,ADANIENT.NS,Adani Enterprises Limited,Thermal Coal,Energy,Mr. Gautambhai Shantilal Adani S.Y. B.Com,"Ahmedabad, India",https://www.adanienterprises.com,2308.8,2238.85,2664840298496,77.06275,29.96,0.00059999997,3743.9,2025.0
2007-07-25 00:00:00+05:30,19.55237592787952,2314.95,2213.75,20.381738662719727,1379552,0.0,0.0,ADANIENT.NS,Adani Enterprises Limited,Thermal Coal,Energy,Mr. Gautambhai Shantilal Adani S.Y. B.Com,"Ahmedabad, India",https://www.adanienterprises.com,2308.8,2238.85,2664840298496,77.06275,29.96,0.00059999997,3743.9,2025.0
2007-07-26 00:00:00+05:30,20.45033467129113,2314.95,2213.75,20.347442626953125,1379552,0.0,0.0,ADANIENT.NS,Adani Enterprises Limited,Thermal Coal,Energy,Mr. Gautambhai Shantilal Adani S.Y. B.Com,"Ahmedabad, India",https://www.adanienterprises.com,2308.8,2238.85,2664840298496,77.06275,29.96,0.00059999997,3743.9,2025.0
2007-07-27 00:00:00+05:30,19.767513001343666,2314.95,2213.75,19.20317268371582,1379552,0.0,0.0,ADANIENT.NS,Adani Enterprises Limited,Thermal Coal,Energy,Mr. Gautambhai Shantilal Adani S.Y. B.Com,"Ahmedabad, India",https://www.adanienterprises.com,2308.8,2238.85,2664840298496,77.06275,29.96,0.00059999997,3743.9,2025.0
2007-07-30 00:00:00+05:30,19.45572051510305,2314.95,2213.75,19.683326721191406,1379552,0.0,0.0,ADANIENT.NS,Adani Enterprises Limited,Thermal Coal,Energy,Mr. Gautambhai Shantilal Adani S.Y. B.Com,"Ahmedabad, India",https://www.adanienterprises.com,2308.8,2238.85,2664840298496,77.06275,29.96,0.00059999997,3743.9,2025.0
2007-07-31 00:00:00+05:30,19.923408802466025,2314.95,2213.75,20.68729591369629,1379552,0.0,0.0,ADANIENT.NS,Adani Enterprises Limited,Thermal Coal,Energy,Mr. Gautambhai Shantilal Adani S.Y. B.Com,"Ahmedabad, India",https://www.adanienterprises.com,2308.8,2238.85,2664840298496,77.06275,29.96,0.00059999997,3743.9,2025.0
2007-08-01 00:00:00+05:30,20.144775581922204,2314.95,2213.75,19.592906951904297,1379552,0.0,0.0,ADANIENT.NS,Adani Enterprises Limited,Thermal Coal,Energy,Mr. Gautambhai Shantilal Adani S.Y. B.Com,"Ahmedabad, India",https://www.adanienterprises.com,2308.8,2238.85,2664840298496,77.06275,29.96,0.00059999997,3743.9,2025.0
2007-08-02 00:00:00+05:30,19.798691442087076,2314.95,2213.75,20.010709762573242,1379552,0.0,0.0,ADANIENT.NS,Adani Enterprises Limited,Thermal Coal,Energy,Mr. Gautambhai Shantilal Adani S.Y. B.Com,"Ahmedabad, India",https://www.adanienterprises.com,2308.8,2238.85,2664840298496,77.06275,29.96,0.00059999997,3743.9,2025.0
2007-08-03 00:00:00+05:30,20.25390565377369,2314.95,2213.75,21.298404693603516,1379552,0.0,0.0,ADANIENT.NS,Adani Enterprises Limited,Thermal Coal,Energy,Mr. Gautambhai Shantilal Adani S.Y. B.Com,"Ahmedabad, India",https://www.adanienterprises.com,2308.8,2238.85,2664840298496,77.06275,29.96,0.00059999997,3743.9,2025.0
2007-08-06 00:00:00+05:30,20.578166113371893,2314.95,2213.75,21.622663497924805,1379552,0.0,0.0,ADANIENT.NS,Adani Enterprises Limited,Thermal Coal,Energy,Mr. Gautambhai Shantilal Adani S.Y. B.Com,"Ahmedabad, India",https://www.adanienterprises.com,2308.8,2238.85,2664840298496,77.06275,29.96,0.00059999997,3743.9,2025.0
2007-08-07 00:00:00+05:30,21.762968574264633,2314.95,2213.75,21.86897850036621,1379552,0.0,0.0,ADANIENT.NS,Adani Enterprises Limited,Thermal Coal,Energy,Mr. Gautambhai Shantilal Adani S.Y. B.Com,"Ahmedabad, India",https://www.adanienterprises.com,2308.8,2238.85,2664840298496,77.06275,29.96,0.00059999997,3743.9,2025.0
2007-08-08 00:00:00+05:30,21.950048925755443,2314.95,2213.75,22.32419776916504,1379552,0.0,0.0,ADANIENT.NS,Adani Enterprises Limited,Thermal Coal,Energy,Mr. Gautambhai Shantilal Adani S.Y. B.Com,"Ahmedabad, India",https://www.adanienterprises.com,2308.8,2238.85,2664840298496,77.06275,29.96,0.00059999997,3743.9,2025.0
2007-08-09 00:00:00+05:30,22.570507606802543,2314.95,2213.75,21.819093704223633,1379552,0.0,0.0,ADANIENT.NS,Adani Enterprises Limited,Thermal Coal,Energy,Mr. Gautambhai Shantilal Adani S.Y. B.Com,"Ahmedabad, India",https://www.adanienterprises.com,2308.8,2238.85,2664840298496,77.06275,29.96,0.00059999997,3743.9,2025.0
2007-08-10 00:00:00+05:30,20.958553138854064,2314.95,2213.75,21.48236083984375,1379552,0.0,0.0,ADANIENT.NS,Adani Enterprises Limited,Thermal Coal,Energy,Mr. Gautambhai Shantilal Adani S.Y. B.Com,"Ahmedabad, India",https://www.adanienterprises.com,2308.8,2238.85,2664840298496,77.06275,29.96,0.00059999997,3743.9,2025.0
2007-08-13 00:00:00+05:30,21.825334441689186,2314.95,2213.75,21.510425567626953,1379552,0.0,0.0,ADANIENT.NS,Adani Enterprises Limited,Thermal Coal,Energy,Mr. Gautambhai Shantilal Adani S.Y. B.Com,"Ahmedabad, India",https://www.adanienterprises.com,2308.8,2238.85,2664840298496,77.06275,29.96,0.00059999997,3743.9,2025.0
2007-08-14 00:00:00+05:30,21.884570978163065,2314.95,2213.75,21.769208908081055,1379552,0.0,0.0,ADANIENT.NS,Adani Enterprises Limited,Thermal Coal,Energy,Mr. Gautambhai Shantilal Adani S.Y. B.Com,"Ahmedabad, India",https://www.adanienterprises.com,2308.8,2238.85,2664840298496,77.06275,29.96,0.00059999997,3743.9,2025.0
2007-08-16 00:00:00+05:30,21.20174466675366,2314.95,2213.75,20.927370071411133,1379552,0.0,0.0,ADANIENT.NS,Adani Enterprises Limited,Thermal Coal,Energy,Mr. Gautambhai Shantilal Adani S.Y. B.Com,"Ahmedabad, India",https://www.adanienterprises.com,2308.8,2238.85,2664840298496,77.06275,29.96,0.00059999997,3743.9,2025.0
2007-08-17 00:00:00+05:30,21.513540238604172,2314.95,2213.75,20.416038513183594,1379552,0.0,0.0,ADANIENT.NS,Adani Enterprises Limited,Thermal Coal,Energy,Mr. Gautambhai Shantilal Adani S.Y. B.Com,"Ahmedabad, India",https://www.adanienterprises.com,2308.8,2238.85,2664840298496,77.06275,29.96,0.00059999997,3743.9,2025.0
2007-08-20 00:00:00+05:30,20.57816949573294,2314.95,2213.75,20.715356826782227,1379552,0.0,0.0,ADANIENT.NS,Adani Enterprises Limited,Thermal Coal,Energy,Mr. Gautambhai Shantilal Adani S.Y. B.Com,"Ahmedabad, India",https://www.adanienterprises.com,2308.8,2238.85,2664840298496,77.06275,29.96,0.00059999997,3743.9,2025.0
2007-08-21 00:00:00+05:30,21.108209366573693,2314.95,2213.75,20.802654266357422,1379552,0.0,0.0,ADANIENT.NS,Adani Enterprises Limited,Thermal Coal,Energy,Mr. Gautambhai Shantilal Adani S.Y. B.Com,"Ahmedabad, India",https://www.adanienterprises.com,2308.8,2238.85,2664840298496,77.06275,29.96,0.00059999997,3743.9,2025.0
2007-08-22 00:00:00+05:30,21.014674275109247,2314.95,2213.75,20.849424362182617,1379552,0.0,0.0,ADANIENT.NS,Adani Enterprises Limited,Thermal Coal,Energy,Mr. Gautambhai Shantilal Adani S.Y. B.Com,"Ahmedabad, India",https://www.adanienterprises.com,2308.8,2238.85,2664840298496,77.06275,29.96,0.00059999997,3743.9,2025.0
2007-08-23 00:00:00+05:30,21.158096241438137,2314.95,2213.75,20.537633895874023,1379552,0.0,0.0,ADANIENT.NS,Adani Enterprises Limited,Thermal Coal,Energy,Mr. Gautambhai Shantilal Adani S.Y. B.Com,"Ahmedabad, India",https://www.adanienterprises.com,2308.8,2238.85,2664840298496,77.06275,29.96,0.00059999997,3743.9,2025.0
2007-08-24 00:00:00+05:30,20.578165298214994,2314.95,2213.75,21.027143478393555,1379552,0.0,0.0,ADANIENT.NS,Adani Enterprises Limited,Thermal Coal,Energy,Mr. Gautambhai Shantilal Adani S.Y. B.Com,"Ahmedabad, India",https://www.adanienterprises.com,2308.8,2238.85,2664840298496,77.06275,29.96,0.00059999997,3743.9,2025.0
2007-08-27 00:00:00+05:30,21.357640163052384,2314.95,2213.75,21.027143478393555,1379552,0.0,0.0,ADANIENT.NS,Adani Enterprises Limited,Thermal Coal,Energy,Mr. Gautambhai Shantilal Adani S.Y. B.Com,"Ahmedabad, India",https://www.adanienterprises.com,2308.8,2238.85,2664840298496,77.06275,29.96,0.00059999997,3743.9,2025.0
2007-08-28 00:00:00+05:30,21.139390237634046,2314.95,2213.75,21.154979705810547,1379552,0.0,0.0,ADANIENT.NS,Adani Enterprises Limited,Thermal Coal,Energy,Mr. Gautambhai Shantilal Adani S.Y. B.Com,"Ahmedabad, India",https://www.adanienterprises.com,2308.8,2238.85,2664840298496,77.06275,29.96,0.00059999997,3743.9,2025.0
2007-08-29 00:00:00+05:30,20.64676120329946,2314.95,2213.75,20.942962646484375,1379552,0.0,0.0,ADANIENT.NS,Adani Enterprises Limited,Thermal Coal,Energy,Mr. Gautambhai Shantilal Adani S.Y. B.Com,"Ahmedabad, India",https://www.adanienterprises.com,2308.8,2238.85,2664840298496,77.06275,29.96,0.00059999997,3743.9,2025.0
2007-08-30 00:00:00+05:30,20.95231840657412,2314.95,2213.75,20.771480560302734,1379552,0.0,0.0,ADANIENT.NS,Adani Enterprises Limited,Thermal Coal,Energy,Mr. Gautambhai Shantilal Adani S.Y. B.Com,"Ahmedabad, India",https://www.adanienterprises.com,2308.8,2238.85,2664840298496,77.06275,29.96,0.00059999997,3743.9,2025.0
2007-08-31 00:00:00+05:30,20.871250581756126,2314.95,2213.75,21.332698822021484,1379552,0.0,0.0,ADANIENT.NS,Adani Enterprises Limited,Thermal Coal,Energy,Mr. Gautambhai Shantilal Adani S.Y. B.Com,"Ahmedabad, India",https://www.adanienterprises.com,2308.8,2238.85,2664840298496,77.06275,29.96,0.00059999997,3743.9,2025.0
2007-09-03 00:00:00+05:30,22.324191924068522,2314.95,2213.75,23.858200073242188,1379552,0.0,0.0,ADANIENT.NS,Adani Enterprises Limited,Thermal Coal,Energy,Mr. Gautambhai Shantilal Adani S.Y. B.Com,"Ahmedabad, India",https://www.adanienterprises.com,2308.8,2238.85,2664840298496,77.06275,29.96,0.00059999997,3743.9,2025.0
2007-09-04 00:00:00+05:30,24.070217993963183,2314.95,2213.75,22.570505142211914,1379552,0.0,0.0,ADANIENT.NS,Adani Enterprises Limited,Thermal Coal,Energy,Mr. Gautambhai Shantilal Adani S.Y. B.Com,"Ahmedabad, India",https://www.adanienterprises.com,2308.8,2238.85,2664840298496,77.06275,29.96,0.00059999997,3743.9,2025.0
2007-09-05 00:00:00+05:30,22.76070344526929,2314.95,2213.75,21.92822265625,1379552,0.0,0.0,ADANIENT.NS,Adani Enterprises Limited,Thermal Coal,Energy,Mr. Gautambhai Shantilal Adani S.Y. B.Com,"Ahmedabad, India",https://www.adanienterprises.com,2308.8,2238.85,2664840298496,77.06275,29.96,0.00059999997,3743.9,2025.0
2007-09-06 00:00:00+05:30,21.26410741788294,2314.95,2213.75,22.087234497070312,1379552,0.0,0.0,ADANIENT.NS,Adani Enterprises Limited,Thermal Coal,Energy,Mr. Gautambhai Shantilal Adani S.Y. B.Com,"Ahmedabad, India",https://www.adanienterprises.com,2308.8,2238.85,2664840298496,77.06275,29.96,0.00059999997,3743.9,2025.0
2007-09-07 00:00:00+05:30,22.38032065726269,2314.95,2213.75,22.42397117614746,1379552,0.0,0.0,ADANIENT.NS,Adani Enterprises Limited,Thermal Coal,Energy,Mr. Gautambhai Shantilal Adani S.Y. B.Com,"Ahmedabad, India",https://www.adanienterprises.com,2308.8,2238.85,2664840298496,77.06275,29.96,0.00059999997,3743.9,2025.0
2007-09-10 00:00:00+05:30,22.080997514311722,2314.95,2213.75,22.91036033630371,1379552,0.0,0.0,ADANIENT.NS,Adani Enterprises Limited,Thermal Coal,Energy,Mr. Gautambhai Shantilal Adani S.Y. B.Com,"Ahmedabad, India",https://www.adanienterprises.com,2308.8,2238.85,2664840298496,77.06275,29.96,0.00059999997,3743.9,2025.0
2007-09-11 00:00:00+05:30,23.003897035224856,2314.95,2213.75,22.72016716003418,1379552,0.0,0.0,ADANIENT.NS,Adani Enterprises Limited,Thermal Coal,Energy,Mr. Gautambhai Shantilal Adani S.Y. B.Com,"Ahmedabad, India",https://www.adanienterprises.com,2308.8,2238.85,2664840298496,77.06275,29.96,0.00059999997,3743.9,2025.0
2007-09-12 00:00:00+05:30,23.01013314722138,2314.95,2213.75,22.377199172973633,1379552,0.0,0.0,ADANIENT.NS,Adani Enterprises Limited,Thermal Coal,Energy,Mr. Gautambhai Shantilal Adani S.Y. B.Com,"Ahmedabad, India",https://www.adanienterprises.com,2308.8,2238.85,2664840298496,77.06275,29.96,0.00059999997,3743.9,2025.0
2007-09-13 00:00:00+05:30,22.44891074171334,2314.95,2213.75,23.83637809753418,1379552,0.0,0.0,ADANIENT.NS,Adani Enterprises Limited,Thermal Coal,Energy,Mr. Gautambhai Shantilal Adani S.Y. B.Com,"Ahmedabad, India",https://www.adanienterprises.com,2308.8,2238.85,2664840298496,77.06275,29.96,0.00059999997,3743.9,2025.0
2007-09-14 00:00:00+05:30,24.007860135293576,2314.95,2213.75,24.45372200012207,1379552,0.0,0.0,ADANIENT.NS,Adani Enterprises Limited,Thermal Coal,Energy,Mr. Gautambhai Shantilal Adani S.Y. B.Com,"Ahmedabad, India",https://www.adanienterprises.com,2308.8,2238.85,2664840298496,77.06275,29.96,0.00059999997,3743.9,2025.0
2007-09-17 00:00:00+05:30,24.81851579555658,2314.95,2213.75,25.66658592224121,1379552,0.0,0.0,ADANIENT.NS,Adani Enterprises Limited,Thermal Coal,Energy,Mr. Gautambhai Shantilal Adani S.Y. B.Com,"Ahmedabad, India",https://www.adanienterprises.com,2308.8,2238.85,2664840298496,77.06275,29.96,0.00059999997,3743.9,2025.0
2007-09-18 00:00:00+05:30,25.940959239485817,2314.95,2213.75,28.778249740600586,1379552,0.0,0.0,ADANIENT.NS,Adani Enterprises Limited,Thermal Coal,Energy,Mr. Gautambhai Shantilal Adani S.Y. B.Com,"Ahmedabad, India",https://www.adanienterprises.com,2308.8,2238.85,2664840298496,77.06275,29.96,0.00059999997,3743.9,2025.0
2007-09-19 00:00:00+05:30,28.684717669405607,2314.95,2213.75,29.068220138549805,1379552,0.0,0.0,ADANIENT.NS,Adani Enterprises Limited,Thermal Coal,Energy,Mr. Gautambhai Shantilal Adani S.Y. B.Com,"Ahmedabad, India",https://www.adanienterprises.com,2308.8,2238.85,2664840298496,77.06275,29.96,0.00059999997,3743.9,2025.0
2007-09-20 00:00:00+05:30,29.27088385039608,2314.95,2213.75,29.423662185668945,1379552,0.0,0.0,ADANIENT.NS,Adani Enterprises Limited,Thermal Coal,Energy,Mr. Gautambhai Shantilal Adani S.Y. B.Com,"Ahmedabad, India",https://www.adanienterprises.com,2308.8,2238.85,2664840298496,77.06275,29.96,0.00059999997,3743.9,2025.0
2007-09-21 00:00:00+05:30,29.732335302390172,2314.95,2213.75,29.816516876220703,1379552,0.0,0.0,ADANIENT.NS,Adani Enterprises Limited,Thermal Coal,Energy,Mr. Gautambhai Shantilal Adani S.Y. B.Com,"Ahmedabad, India",https://www.adanienterprises.com,2308.8,2238.85,2664840298496,77.06275,29.96,0.00059999997,3743.9,2025.0
2007-09-24 00:00:00+05:30,30.056596440194273,2314.95,2213.75,31.247634887695312,1379552,0.0,0.0,ADANIENT.NS,Adani Enterprises Limited,Thermal Coal,Energy,Mr. Gautambhai Shantilal Adani S.Y. B.Com,"Ahmedabad, India",https://www.adanienterprises.com,2308.8,2238.85,2664840298496,77.06275,29.96,0.00059999997,3743.9,2025.0
2007-09-25 00:00:00+05:30,31.172805403270175,2314.95,2213.75,30.979496002197266,1379552,0.0,0.0,ADANIENT.NS,Adani Enterprises Limited,Thermal Coal,Energy,Mr. Gautambhai Shantilal Adani S.Y. B.Com,"Ahmedabad, India",https://www.adanienterprises.com,2308.8,2238.85,2664840298496,77.06275,29.96,0.00059999997,3743.9,2025.0
2007-09-26 00:00:00+05:30,31.425353935691376,2314.95,2213.75,30.720706939697266,1379552,0.0,0.0,ADANIENT.NS,Adani Enterprises Limited,Thermal Coal,Energy,Mr. Gautambhai Shantilal Adani S.Y. B.Com,"Ahmedabad, India",https://www.adanienterprises.com,2308.8,2238.85,2664840298496,77.06275,29.96,0.00059999997,3743.9,2025.0
2007-09-27 00:00:00+05:30,30.745653066076976,2314.95,2213.75,30.764360427856445,1379552,0.0,0.0,ADANIENT.NS,Adani Enterprises Limited,Thermal Coal,Energy,Mr. Gautambhai Shantilal Adani S.Y. B.Com,"Ahmedabad, India",https://www.adanienterprises.com,2308.8,2238.85,2664840298496,77.06275,29.96,0.00059999997,3743.9,2025.0
2007-09-28 00:00:00+05:30,31.179036654356416,2314.95,2213.75,34.69291305541992,1379552,0.0,0.0,ADANIENT.NS,Adani Enterprises Limited,Thermal Coal,Energy,Mr. Gautambhai Shantilal Adani S.Y. B.Com,"Ahmedabad, India",https://www.adanienterprises.com,2308.8,2238.85,2664840298496,77.06275,29.96,0.00059999997,3743.9,2025.0
2007-10-01 00:00:00+05:30,35.38197814916258,2314.95,2213.75,38.362693786621094,1379552,0.0,0.0,ADANIENT.NS,Adani Enterprises Limited,Thermal Coal,Energy,Mr. Gautambhai Shantilal Adani S.Y. B.Com,"Ahmedabad, India",https://www.adanienterprises.com,2308.8,2238.85,2664840298496,77.06275,29.96,0.00059999997,3743.9,2025.0
2007-10-03 00:00:00+05:30,39.282473591673984,2314.95,2213.75,40.34256362915039,1379552,0.0,0.0,ADANIENT.NS,Adani Enterprises Limited,Thermal Coal,Energy,Mr. Gautambhai Shantilal Adani S.Y. B.Com,"Ahmedabad, India",https://www.adanienterprises.com,2308.8,2238.85,2664840298496,77.06275,29.96,0.00059999997,3743.9,2025.0
2007-10-04 00:00:00+05:30,40.5389919489987,2314.95,2213.75,40.186668395996094,1379552,0.0,0.0,ADANIENT.NS,Adani Enterprises Limited,Thermal Coal,Energy,Mr. Gautambhai Shantilal Adani S.Y. B.Com,"Ahmedabad, India",https://www.adanienterprises.com,2308.8,2238.85,2664840298496,77.06275,29.96,0.00059999997,3743.9,2025.0
2007-10-05 00:00:00+05:30,40.53275169841524,2314.95,2213.75,43.843963623046875,1379552,0.0,0.0,ADANIENT.NS,Adani Enterprises Limited,Thermal Coal,Energy,Mr. Gautambhai Shantilal Adani S.Y. B.Com,"Ahmedabad, India",https://www.adanienterprises.com,2308.8,2238.85,2664840298496,77.06275,29.96,0.00059999997,3743.9,2025.0
2007-10-08 00:00:00+05:30,44.96017727626071,2314.95,2213.75,40.49222183227539,1379552,0.0,0.0,ADANIENT.NS,Adani Enterprises Limited,Thermal Coal,Energy,Mr. Gautambhai Shantilal Adani S.Y. B.Com,"Ahmedabad, India",https://www.adanienterprises.com,2308.8,2238.85,2664840298496,77.06275,29.96,0.00059999997,3743.9,2025.0
2007-10-09 00:00:00+05:30,40.844550457656375,2314.95,2213.75,44.54238510131836,1379552,0.0,0.0,ADANIENT.NS,Adani Enterprises Limited,Thermal Coal,Energy,Mr. Gautambhai Shantilal Adani S.Y. B.Com,"Ahmedabad, India",https://www.adanienterprises.com,2308.8,2238.85,2664840298496,77.06275,29.96,0.00059999997,3743.9,2025.0
2007-10-10 00:00:00+05:30,45.9111408500672,2314.95,2213.75,46.372589111328125,1379552,0.0,0.0,ADANIENT.NS,Adani Enterprises Limited,Thermal Coal,Energy,Mr. Gautambhai Shantilal Adani S.Y. B.Com,"Ahmedabad, India",https://www.adanienterprises.com,2308.8,2238.85,2664840298496,77.06275,29.96,0.00059999997,3743.9,2025.0
2007-10-11 00:00:00+05:30,46.76855878536116,2314.95,2213.75,46.42559051513672,1379552,0.0,0.0,ADANIENT.NS,Adani Enterprises Limited,Thermal Coal,Energy,Mr. Gautambhai Shantilal Adani S.Y. B.Com,"Ahmedabad, India",https://www.adanienterprises.com,2308.8,2238.85,2664840298496,77.06275,29.96,0.00059999997,3743.9,2025.0
2007-10-12 00:00:00+05:30,46.525361949632114,2314.95,2213.75,44.17134475708008,1379552,0.0,0.0,ADANIENT.NS,Adani Enterprises Limited,Thermal Coal,Energy,Mr. Gautambhai Shantilal Adani S.Y. B.Com,"Ahmedabad, India",https://www.adanienterprises.com,2308.8,2238.85,2664840298496,77.06275,29.96,0.00059999997,3743.9,2025.0
2007-10-15 00:00:00+05:30,47.0803491771443,2314.95,2213.75,45.80512619018555,1379552,0.0,0.0,ADANIENT.NS,Adani Enterprises Limited,Thermal Coal,Energy,Mr. Gautambhai Shantilal Adani S.Y. B.Com,"Ahmedabad, India",https://www.adanienterprises.com,2308.8,2238.85,2664840298496,77.06275,29.96,0.00059999997,3743.9,2025.0
2007-10-16 00:00:00+05:30,46.4567664945746,2314.95,2213.75,44.71385955810547,1379552,0.0,0.0,ADANIENT.NS,Adani Enterprises Limited,Thermal Coal,Energy,Mr. Gautambhai Shantilal Adani S.Y. B.Com,"Ahmedabad, India",https://www.adanienterprises.com,2308.8,2238.85,2664840298496,77.06275,29.96,0.00059999997,3743.9,2025.0
2007-10-17 00:00:00+05:30,40.4703933449828,2314.95,2213.75,43.34510040283203,1379552,0.0,0.0,ADANIENT.NS,Adani Enterprises Limited,Thermal Coal,Energy,Mr. Gautambhai Shantilal Adani S.Y. B.Com,"Ahmedabad, India",https://www.adanienterprises.com,2308.8,2238.85,2664840298496,77.06275,29.96,0.00059999997,3743.9,2025.0
2007-10-18 00:00:00+05:30,44.27424237883721,2314.95,2213.75,41.3932991027832,1379552,0.0,0.0,ADANIENT.NS,Adani Enterprises Limited,Thermal Coal,Energy,Mr. Gautambhai Shantilal Adani S.Y. B.Com,"Ahmedabad, India",https://www.adanienterprises.com,2308.8,2238.85,2664840298496,77.06275,29.96,0.00059999997,3743.9,2025.0
2007-10-19 00:00:00+05:30,39.2855924012221,2314.95,2213.75,38.30033493041992,1379552,0.0,0.0,ADANIENT.NS,Adani Enterprises Limited,Thermal Coal,Energy,Mr. Gautambhai Shantilal Adani S.Y. B.Com,"Ahmedabad, India",https://www.adanienterprises.com,2308.8,2238.85,2664840298496,77.06275,29.96,0.00059999997,3743.9,2025.0
2007-10-22 00:00:00+05:30,36.49507561154614,2314.95,2213.75,41.917110443115234,1379552,0.0,0.0,ADANIENT.NS,Adani Enterprises Limited,Thermal Coal,Energy,Mr. Gautambhai Shantilal Adani S.Y. B.Com,"Ahmedabad, India",https://www.adanienterprises.com,2308.8,2238.85,2664840298496,77.06275,29.96,0.00059999997,3743.9,2025.0
2007-10-23 00:00:00+05:30,43.42616939406688,2314.95,2213.75,46.11068344116211,1379552,0.0,0.0,ADANIENT.NS,Adani Enterprises Limited,Thermal Coal,Energy,Mr. Gautambhai Shantilal Adani S.Y. B.Com,"Ahmedabad, India",https://www.adanienterprises.com,2308.8,2238.85,2664840298496,77.06275,29.96,0.00059999997,3743.9,2025.0
2007-10-24 00:00:00+05:30,48.290101102419335,2314.95,2213.75,47.09282684326172,1379552,0.0,0.0,ADANIENT.NS,Adani Enterprises Limited,Thermal Coal,Energy,Mr. Gautambhai Shantilal Adani S.Y. B.Com,"Ahmedabad, India",https://www.adanienterprises.com,2308.8,2238.85,2664840298496,77.06275,29.96,0.00059999997,3743.9,2025.0
2007-10-25 00:00:00+05:30,48.29009986533051,2314.95,2213.75,49.110107421875,1379552,0.0,0.0,ADANIENT.NS,Adani Enterprises Limited,Thermal Coal,Energy,Mr. Gautambhai Shantilal Adani S.Y. B.Com,"Ahmedabad, India",https://www.adanienterprises.com,2308.8,2238.85,2664840298496,77.06275,29.96,0.00059999997,3743.9,2025.0
2007-10-26 00:00:00+05:30,49.87399629561142,2314.95,2213.75,52.36832046508789,1379552,0.0,0.0,ADANIENT.NS,Adani Enterprises Limited,Thermal Coal,Energy,Mr. Gautambhai Shantilal Adani S.Y. B.Com,"Ahmedabad, India",https://www.adanienterprises.com,2308.8,2238.85,2664840298496,77.06275,29.96,0.00059999997,3743.9,2025.0
2007-10-29 00:00:00+05:30,53.62795665126765,2314.95,2213.75,52.976318359375,1379552,0.0,0.0,ADANIENT.NS,Adani Enterprises Limited,Thermal Coal,Energy,Mr. Gautambhai Shantilal Adani S.Y. B.Com,"Ahmedabad, India",https://www.adanienterprises.com,2308.8,2238.85,2664840298496,77.06275,29.96,0.00059999997,3743.9,2025.0
2007-10-30 00:00:00+05:30,53.60924974958868,2314.95,2213.75,50.84678649902344,1379552,0.0,0.0,ADANIENT.NS,Adani Enterprises Limited,Thermal Coal,Energy,Mr. Gautambhai Shantilal Adani S.Y. B.Com,"Ahmedabad, India",https://www.adanienterprises.com,2308.8,2238.85,2664840298496,77.06275,29.96,0.00059999997,3743.9,2025.0
2007-10-31 00:00:00+05:30,51.13362772033831,2314.95,2213.75,49.62144470214844,1379552,0.0,0.0,ADANIENT.NS,Adani Enterprises Limited,Thermal Coal,Energy,Mr. Gautambhai Shantilal Adani S.Y. B.Com,"Ahmedabad, India",https://www.adanienterprises.com,2308.8,2238.85,2664840298496,77.06275,29.96,0.00059999997,3743.9,2025.0
2007-11-01 00:00:00+05:30,50.51004628870774,2314.95,2213.75,51.510894775390625,1379552,0.0,0.0,ADANIENT.NS,Adani Enterprises Limited,Thermal Coal,Energy,Mr. Gautambhai Shantilal Adani S.Y. B.Com,"Ahmedabad, India",https://www.adanienterprises.com,2308.8,2238.85,2664840298496,77.06275,29.96,0.00059999997,3743.9,2025.0
2007-11-02 00:00:00+05:30,50.02676869703889,2314.95,2213.75,49.534141540527344,1379552,0.0,0.0,ADANIENT.NS,Adani Enterprises Limited,Thermal Coal,Energy,Mr. Gautambhai Shantilal Adani S.Y. B.Com,"Ahmedabad, India",https://www.adanienterprises.com,2308.8,2238.85,2664840298496,77.06275,29.96,0.00059999997,3743.9,2025.0
2007-11-05 00:00:00+05:30,49.88647149388658,2314.95,2213.75,49.736812591552734,1379552,0.0,0.0,ADANIENT.NS,Adani Enterprises Limited,Thermal Coal,Energy,Mr. Gautambhai Shantilal Adani S.Y. B.Com,"Ahmedabad, India",https://www.adanienterprises.com,2308.8,2238.85,2664840298496,77.06275,29.96,0.00059999997,3743.9,2025.0
2007-11-06 00:00:00+05:30,49.88646944157413,2314.95,2213.75,49.690040588378906,1379552,0.0,0.0,ADANIENT.NS,Adani Enterprises Limited,Thermal Coal,Energy,Mr. Gautambhai Shantilal Adani S.Y. B.Com,"Ahmedabad, India",https://www.adanienterprises.com,2308.8,2238.85,2664840298496,77.06275,29.96,0.00059999997,3743.9,2025.0
2007-11-07 00:00:00+05:30,49.76175654882148,2314.95,2213.75,49.89582443237305,1379552,0.0,0.0,ADANIENT.NS,Adani Enterprises Limited,Thermal Coal,Energy,Mr. Gautambhai Shantilal Adani S.Y. B.Com,"Ahmedabad, India",https://www.adanienterprises.com,2308.8,2238.85,2664840298496,77.06275,29.96,0.00059999997,3743.9,2025.0
2007-11-08 00:00:00+05:30,48.951094527989575,2314.95,2213.75,49.95817565917969,1379552,0.0,0.0,ADANIENT.NS,Adani Enterprises Limited,Thermal Coal,Energy,Mr. Gautambhai Shantilal Adani S.Y. B.Com,"Ahmedabad, India",https://www.adanienterprises.com,2308.8,2238.85,2664840298496,77.06275,29.96,0.00059999997,3743.9,2025.0
2007-11-12 00:00:00+05:30,48.140437771870666,2314.95,2213.75,48.7702522277832,1379552,0.0,0.0,ADANIENT.NS,Adani Enterprises Limited,Thermal Coal,Energy,Mr. Gautambhai Shantilal Adani S.Y. B.Com,"Ahmedabad, India",https://www.adanienterprises.com,2308.8,2238.85,2664840298496,77.06275,29.96,0.00059999997,3743.9,2025.0
2007-11-13 00:00:00+05:30,48.95110183935748,2314.95,2213.75,50.204498291015625,1379552,0.0,0.0,ADANIENT.NS,Adani Enterprises Limited,Thermal Coal,Energy,Mr. Gautambhai Shantilal Adani S.Y. B.Com,"Ahmedabad, India",https://www.adanienterprises.com,2308.8,2238.85,2664840298496,77.06275,29.96,0.00059999997,3743.9,2025.0
2007-11-14 00:00:00+05:30,50.82184730382738,2314.95,2213.75,52.717533111572266,1379552,0.0,0.0,ADANIENT.NS,Adani Enterprises Limited,Thermal Coal,Energy,Mr. Gautambhai Shantilal Adani S.Y. B.Com,"Ahmedabad, India",https://www.adanienterprises.com,2308.8,2238.85,2664840298496,77.06275,29.96,0.00059999997,3743.9,2025.0
2007-11-15 00:00:00+05:30,54.18917653543523,2314.95,2213.75,52.48679733276367,1379552,0.0,0.0,ADANIENT.NS,Adani Enterprises Limited,Thermal Coal,Energy,Mr. Gautambhai Shantilal Adani S.Y. B.Com,"Ahmedabad, India",https://www.adanienterprises.com,2308.8,2238.85,2664840298496,77.06275,29.96,0.00059999997,3743.9,2025.0
2007-11-16 00:00:00+05:30,51.50778421417187,2314.95,2213.75,51.90375518798828,1379552,0.0,0.0,ADANIENT.NS,Adani Enterprises Limited,Thermal Coal,Energy,Mr. Gautambhai Shantilal Adani S.Y. B.Com,"Ahmedabad, India",https://www.adanienterprises.com,2308.8,2238.85,2664840298496,77.06275,29.96,0.00059999997,3743.9,2025.0
2007-11-19 00:00:00+05:30,52.98254691850181,2314.95,2213.75,54.50096893310547,1379552,0.0,0.0,ADANIENT.NS,Adani Enterprises Limited,Thermal Coal,Energy,Mr. Gautambhai Shantilal Adani S.Y. B.Com,"Ahmedabad, India",https://www.adanienterprises.com,2308.8,2238.85,2664840298496,77.06275,29.96,0.00059999997,3743.9,2025.0
2007-11-20 00:00:00+05:30,54.18293079872409,2314.95,2213.75,53.87738037109375,1379552,0.0,0.0,ADANIENT.NS,Adani Enterprises Limited,Thermal Coal,Energy,Mr. Gautambhai Shantilal Adani S.Y. B.Com,"Ahmedabad, India",https://www.adanienterprises.com,2308.8,2238.85,2664840298496,77.06275,29.96,0.00059999997,3743.9,2025.0
2007-11-21 00:00:00+05:30,54.12681976195742,2314.95,2213.75,51.766563415527344,1379552,0.0,0.0,ADANIENT.NS,Adani Enterprises Limited,Thermal Coal,Energy,Mr. Gautambhai Shantilal Adani S.Y. B.Com,"Ahmedabad, India",https://www.adanienterprises.com,2308.8,2238.85,2664840298496,77.06275,29.96,0.00059999997,3743.9,2025.0
2007-11-22 00:00:00+05:30,51.44540874624346,2314.95,2213.75,51.69484329223633,1379552,0.0,0.0,ADANIENT.NS,Adani Enterprises Limited,Thermal Coal,Energy,Mr. Gautambhai Shantilal Adani S.Y. B.Com,"Ahmedabad, India",https://www.adanienterprises.com,2308.8,2238.85,2664840298496,77.06275,29.96,0.00059999997,3743.9,2025.0
2007-11-23 00:00:00+05:30,50.722073669147086,2314.95,2213.75,52.942020416259766,1379552,0.0,0.0,ADANIENT.NS,Adani Enterprises Limited,Thermal Coal,Energy,Mr. Gautambhai Shantilal Adani S.Y. B.Com,"Ahmedabad, India",https://www.adanienterprises.com,2308.8,2238.85,2664840298496,77.06275,29.96,0.00059999997,3743.9,2025.0
2007-11-26 00:00:00+05:30,55.1650888960757,2314.95,2213.75,53.79632568359375,1379552,0.0,0.0,ADANIENT.NS,Adani Enterprises Limited,Thermal Coal,Energy,Mr. Gautambhai Shantilal Adani S.Y. B.Com,"Ahmedabad, India",https://www.adanienterprises.com,2308.8,2238.85,2664840298496,77.06275,29.96,0.00059999997,3743.9,2025.0
2007-11-27 00:00:00+05:30,53.939748305423805,2314.95,2213.75,51.10868835449219,1379552,0.0,0.0,ADANIENT.NS,Adani Enterprises Limited,Thermal Coal,Energy,Mr. Gautambhai Shantilal Adani S.Y. B.Com,"Ahmedabad, India",https://www.adanienterprises.com,2308.8,2238.85,2664840298496,77.06275,29.96,0.00059999997,3743.9,2025.0
2007-11-28 00:00:00+05:30,51.13362860517081,2314.95,2213.75,48.788963317871094,1379552,0.0,0.0,ADANIENT.NS,Adani Enterprises Limited,Thermal Coal,Energy,Mr. Gautambhai Shantilal Adani S.Y. B.Com,"Ahmedabad, India",https://www.adanienterprises.com,2308.8,2238.85,2664840298496,77.06275,29.96,0.00059999997,3743.9,2025.0
2007-11-29 00:00:00+05:30,49.01345950548143,2314.95,2213.75,49.28783416748047,1379552,0.0,0.0,ADANIENT.NS,Adani Enterprises Limited,Thermal Coal,Energy,Mr. Gautambhai Shantilal Adani S.Y. B.Com,"Ahmedabad, India",https://www.adanienterprises.com,2308.8,2238.85,2664840298496,77.06275,29.96,0.00059999997,3743.9,2025.0
2007-11-30 00:00:00+05:30,50.13589291547177,2314.95,2213.75,49.824100494384766,1379552,0.0,0.0,ADANIENT.NS,Adani Enterprises Limited,Thermal Coal,Energy,Mr. Gautambhai Shantilal Adani S.Y. B.Com,"Ahmedabad, India",https://www.adanienterprises.com,2308.8,2238.85,2664840298496,77.06275,29.96,0.00059999997,3743.9,2025.0
2007-12-03 00:00:00+05:30,50.49134243493198,2314.95,2213.75,49.680686950683594,1379552,0.0,0.0,ADANIENT.NS,Adani Enterprises Limited,Thermal Coal,Energy,Mr. Gautambhai Shantilal Adani S.Y. B.Com,"Ahmedabad, India",https://www.adanienterprises.com,2308.8,2238.85,2664840298496,77.06275,29.96,0.00059999997,3743.9,2025.0
2007-12-04 00:00:00+05:30,50.32296972035129,2314.95,2213.75,49.3408317565918,1379552,0.0,0.0,ADANIENT.NS,Adani Enterprises Limited,Thermal Coal,Energy,Mr. Gautambhai Shantilal Adani S.Y. B.Com,"Ahmedabad, India",https://www.adanienterprises.com,2308.8,2238.85,2664840298496,77.06275,29.96,0.00059999997,3743.9,2025.0
2007-12-05 00:00:00+05:30,50.07354514064627,2314.95,2213.75,50.00495147705078,1379552,0.0,0.0,ADANIENT.NS,Adani Enterprises Limited,Thermal Coal,Energy,Mr. Gautambhai Shantilal Adani S.Y. B.Com,"Ahmedabad, India",https://www.adanienterprises.com,2308.8,2238.85,2664840298496,77.06275,29.96,0.00059999997,3743.9,2025.0
2007-12-06 00:00:00+05:30,50.447693195640646,2314.95,2213.75,49.89582443237305,1379552,0.0,0.0,ADANIENT.NS,Adani Enterprises Limited,Thermal Coal,Energy,Mr. Gautambhai Shantilal Adani S.Y. B.Com,"Ahmedabad, India",https://www.adanienterprises.com,2308.8,2238.85,2664840298496,77.06275,29.96,0.00059999997,3743.9,2025.0
2007-12-07 00:00:00+05:30,49.948826065663866,2314.95,2213.75,49.68380355834961,1379552,0.0,0.0,ADANIENT.NS,Adani Enterprises Limited,Thermal Coal,Energy,Mr. Gautambhai Shantilal Adani S.Y. B.Com,"Ahmedabad, India",https://www.adanienterprises.com,2308.8,2238.85,2664840298496,77.06275,29.96,0.00059999997,3743.9,2025.0
2007-12-10 00:00:00+05:30,50.00494911469131,2314.95,2213.75,49.537261962890625,1379552,0.0,0.0,ADANIENT.NS,Adani Enterprises Limited,Thermal Coal,Energy,Mr. Gautambhai Shantilal Adani S.Y. B.Com,"Ahmedabad, India",https://www.adanienterprises.com,2308.8,2238.85,2664840298496,77.06275,29.96,0.00059999997,3743.9,2025.0
2007-12-11 00:00:00+05:30,49.88646296756098,2314.95,2213.75,52.003517150878906,1379552,0.0,0.0,ADANIENT.NS,Adani Enterprises Limited,Thermal Coal,Energy,Mr. Gautambhai Shantilal Adani S.Y. B.Com,"Ahmedabad, India",https://www.adanienterprises.com,2308.8,2238.85,2664840298496,77.06275,29.96,0.00059999997,3743.9,2025.0
2007-12-12 00:00:00+05:30,50.516280349104285,2314.95,2213.75,54.472904205322266,1379552,0.0,0.0,ADANIENT.NS,Adani Enterprises Limited,Thermal Coal,Energy,Mr. Gautambhai Shantilal Adani S.Y. B.Com,"Ahmedabad, India",https://www.adanienterprises.com,2308.8,2238.85,2664840298496,77.06275,29.96,0.00059999997,3743.9,2025.0
2007-12-13 00:00:00+05:30,54.999833867209176,2314.95,2213.75,57.197959899902344,1379552,0.0,0.0,ADANIENT.NS,Adani Enterprises Limited,Thermal Coal,Energy,Mr. Gautambhai Shantilal Adani S.Y. B.Com,"Ahmedabad, India",https://www.adanienterprises.com,2308.8,2238.85,2664840298496,77.06275,29.96,0.00059999997,3743.9,2025.0
2007-12-14 00:00:00+05:30,58.89097714619249,2314.95,2213.75,56.76144790649414,1379552,0.0,0.0,ADANIENT.NS,Adani Enterprises Limited,Thermal Coal,Energy,Mr. Gautambhai Shantilal Adani S.Y. B.Com,"Ahmedabad, India",https://www.adanienterprises.com,2308.8,2238.85,2664840298496,77.06275,29.96,0.00059999997,3743.9,2025.0
2007-12-17 00:00:00+05:30,57.244720998947535,2314.95,2213.75,56.42782974243164,1379552,0.0,0.0,ADANIENT.NS,Adani Enterprises Limited,Thermal Coal,Energy,Mr. Gautambhai Shantilal Adani S.Y. B.Com,"Ahmedabad, India",https://www.adanienterprises.com,2308.8,2238.85,2664840298496,77.06275,29.96,0.00059999997,3743.9,2025.0
2007-12-18 00:00:00+05:30,53.634196603914624,2314.95,2213.75,54.56956481933594,1379552,0.0,0.0,ADANIENT.NS,Adani Enterprises Limited,Thermal Coal,Energy,Mr. Gautambhai Shantilal Adani S.Y. B.Com,"Ahmedabad, India",https://www.adanienterprises.com,2308.8,2238.85,2664840298496,77.06275,29.96,0.00059999997,3743.9,2025.0
2007-12-19 00:00:00+05:30,55.68577734897738,2314.95,2213.75,55.766845703125,1379552,0.0,0.0,ADANIENT.NS,Adani Enterprises Limited,Thermal Coal,Energy,Mr. Gautambhai Shantilal Adani S.Y. B.Com,"Ahmedabad, India",https://www.adanienterprises.com,2308.8,2238.85,2664840298496,77.06275,29.96,0.00059999997,3743.9,2025.0
2007-12-20 00:00:00+05:30,56.43407475920012,2314.95,2213.75,56.15034484863281,1379552,0.0,0.0,ADANIENT.NS,Adani Enterprises Limited,Thermal Coal,Energy,Mr. Gautambhai Shantilal Adani S.Y. B.Com,"Ahmedabad, India",https://www.adanienterprises.com,2308.8,2238.85,2664840298496,77.06275,29.96,0.00059999997,3743.9,2025.0
2007-12-24 00:00:00+05:30,58.67895070734093,2314.95,2213.75,58.959564208984375,1379552,0.0,0.0,ADANIENT.NS,Adani Enterprises Limited,Thermal Coal,Energy,Mr. Gautambhai Shantilal Adani S.Y. B.Com,"Ahmedabad, India",https://www.adanienterprises.com,2308.8,2238.85,2664840298496,77.06275,29.96,0.00059999997,3743.9,2025.0
2007-12-26 00:00:00+05:30,61.85922853323822,2314.95,2213.75,61.909114837646484,1379552,0.0,0.0,ADANIENT.NS,Adani Enterprises Limited,Thermal Coal,Energy,Mr. Gautambhai Shantilal Adani S.Y. B.Com,"Ahmedabad, India",https://www.adanienterprises.com,2308.8,2238.85,2664840298496,77.06275,29.96,0.00059999997,3743.9,2025.0
2007-12-27 00:00:00+05:30,64.75264154125558,2314.95,2213.75,65.00519561767578,1379552,0.0,0.0,ADANIENT.NS,Adani Enterprises Limited,Thermal Coal,Energy,Mr. Gautambhai Shantilal Adani S.Y. B.Com,"Ahmedabad, India",https://www.adanienterprises.com,2308.8,2238.85,2664840298496,77.06275,29.96,0.00059999997,3743.9,2025.0
2007-12-28 00:00:00+05:30,66.03721730259386,2314.95,2213.75,68.25716400146484,1379552,0.0,0.0,ADANIENT.NS,Adani Enterprises Limited,Thermal Coal,Energy,Mr. Gautambhai Shantilal Adani S.Y. B.Com,"Ahmedabad, India",https://www.adanienterprises.com,2308.8,2238.85,2664840298496,77.06275,29.96,0.00059999997,3743.9,2025.0
2007-12-31 00:00:00+05:30,70.1154416363318,2314.95,2213.75,71.67127227783203,1379552,0.0,0.0,ADANIENT.NS,Adani Enterprises Limited,Thermal Coal,Energy,Mr. Gautambhai Shantilal Adani S.Y. B.Com,"Ahmedabad, India",https://www.adanienterprises.com,2308.8,2238.85,2664840298496,77.06275,29.96,0.00059999997,3743.9,2025.0
2008-01-01 00:00:00+05:30,74.7611059714488,2314.95,2213.75,75.2568588256836,1379552,0.0,0.0,ADANIENT.NS,Adani Enterprises Limited,Thermal Coal,Energy,Mr. Gautambhai Shantilal Adani S.Y. B.Com,"Ahmedabad, India",https://www.adanienterprises.com,2308.8,2238.85,2664840298496,77.06275,29.96,0.00059999997,3743.9,2025.0
2008-01-02 00:00:00+05:30,78.22196860173106,2314.95,2213.75,79.02014923095703,1379552,0.0,0.0,ADANIENT.NS,Adani Enterprises Limited,Thermal Coal,Energy,Mr. Gautambhai Shantilal Adani S.Y. B.Com,"Ahmedabad, India",https://www.adanienterprises.com,2308.8,2238.85,2664840298496,77.06275,29.96,0.00059999997,3743.9,2025.0
2008-01-03 00:00:00+05:30,79.56890863881135,2314.95,2213.75,79.3600082397461,1379552,0.0,0.0,ADANIENT.NS,Adani Enterprises Limited,Thermal Coal,Energy,Mr. Gautambhai Shantilal Adani S.Y. B.Com,"Ahmedabad, India",https://www.adanienterprises.com,2308.8,2238.85,2664840298496,77.06275,29.96,0.00059999997,3743.9,2025.0
2008-01-04 00:00:00+05:30,80.74749162187672,2314.95,2213.75,79.11994171142578,1379552,0.0,0.0,ADANIENT.NS,Adani Enterprises Limited,Thermal Coal,Energy,Mr. Gautambhai Shantilal Adani S.Y. B.Com,"Ahmedabad, India",https://www.adanienterprises.com,2308.8,2238.85,2664840298496,77.06275,29.96,0.00059999997,3743.9,2025.0
2008-01-07 00:00:00+05:30,75.62788639887334,2314.95,2213.75,78.09415435791016,1379552,0.0,0.0,ADANIENT.NS,Adani Enterprises Limited,Thermal Coal,Energy,Mr. Gautambhai Shantilal Adani S.Y. B.Com,"Ahmedabad, India",https://www.adanienterprises.com,2308.8,2238.85,2664840298496,77.06275,29.96,0.00059999997,3743.9,2025.0
2008-01-08 00:00:00+05:30,78.57118930671221,2314.95,2213.75,76.11116027832031,1379552,0.0,0.0,ADANIENT.NS,Adani Enterprises Limited,Thermal Coal,Energy,Mr. Gautambhai Shantilal Adani S.Y. B.Com,"Ahmedabad, India",https://www.adanienterprises.com,2308.8,2238.85,2664840298496,77.06275,29.96,0.00059999997,3743.9,2025.0
2008-01-09 00:00:00+05:30,72.95895192516558,2314.95,2213.75,73.04313659667969,1379552,0.0,0.0,ADANIENT.NS,Adani Enterprises Limited,Thermal Coal,Energy,Mr. Gautambhai Shantilal Adani S.Y. B.Com,"Ahmedabad, India",https://www.adanienterprises.com,2308.8,2238.85,2664840298496,77.06275,29.96,0.00059999997,3743.9,2025.0
2008-01-10 00:00:00+05:30,72.34158725179022,2314.95,2213.75,70.33989715576172,1379552,0.0,0.0,ADANIENT.NS,Adani Enterprises Limited,Thermal Coal,Energy,Mr. Gautambhai Shantilal Adani S.Y. B.Com,"Ahmedabad, India",https://www.adanienterprises.com,2308.8,2238.85,2664840298496,77.06275,29.96,0.00059999997,3743.9,2025.0
2008-01-11 00:00:00+05:30,71.71177378757851,2314.95,2213.75,66.9195556640625,1379552,0.0,0.0,ADANIENT.NS,Adani Enterprises Limited,Thermal Coal,Energy,Mr. Gautambhai Shantilal Adani S.Y. B.Com,"Ahmedabad, India",https://www.adanienterprises.com,2308.8,2238.85,2664840298496,77.06275,29.96,0.00059999997,3743.9,2025.0
2008-01-14 00:00:00+05:30,66.72315937005266,2314.95,2213.75,64.88983154296875,1379552,0.0,0.0,ADANIENT.NS,Adani Enterprises Limited,Thermal Coal,Energy,Mr. Gautambhai Shantilal Adani S.Y. B.Com,"Ahmedabad, India",https://www.adanienterprises.com,2308.8,2238.85,2664840298496,77.06275,29.96,0.00059999997,3743.9,2025.0
2008-01-15 00:00:00+05:30,67.34673493393565,2314.95,2213.75,68.13556671142578,1379552,0.0,0.0,ADANIENT.NS,Adani Enterprises Limited,Thermal Coal,Energy,Mr. Gautambhai Shantilal Adani S.Y. B.Com,"Ahmedabad, India",https://www.adanienterprises.com,2308.8,2238.85,2664840298496,77.06275,29.96,0.00059999997,3743.9,2025.0
2008-01-16 00:00:00+05:30,66.09956962983321,2314.95,2213.75,67.72711944580078,1379552,0.0,0.0,ADANIENT.NS,Adani Enterprises Limited,Thermal Coal,Energy,Mr. Gautambhai Shantilal Adani S.Y. B.Com,"Ahmedabad, India",https://www.adanienterprises.com,2308.8,2238.85,2664840298496,77.06275,29.96,0.00059999997,3743.9,2025.0
2008-01-17 00:00:00+05:30,69.03041097732216,2314.95,2213.75,67.41221618652344,1379552,0.0,0.0,ADANIENT.NS,Adani Enterprises Limited,Thermal Coal,Energy,Mr. Gautambhai Shantilal Adani S.Y. B.Com,"Ahmedabad, India",https://www.adanienterprises.com,2308.8,2238.85,2664840298496,77.06275,29.96,0.00059999997,3743.9,2025.0
2008-01-18 00:00:00+05:30,65.85014284362752,2314.95,2213.75,64.26313018798828,1379552,0.0,0.0,ADANIENT.NS,Adani Enterprises Limited,Thermal Coal,Energy,Mr. Gautambhai Shantilal Adani S.Y. B.Com,"Ahmedabad, India",https://www.adanienterprises.com,2308.8,2238.85,2664840298496,77.06275,29.96,0.00059999997,3743.9,2025.0
2008-01-21 00:00:00+05:30,63.35580477697171,2314.95,2213.75,60.92383575439453,1379552,0.0,0.0,ADANIENT.NS,Adani Enterprises Limited,Thermal Coal,Energy,Mr. Gautambhai Shantilal Adani S.Y. B.Com,"Ahmedabad, India",https://www.adanienterprises.com,2308.8,2238.85,2664840298496,77.06275,29.96,0.00059999997,3743.9,2025.0
2008-01-22 00:00:00+05:30,57.880773763998,2314.95,2213.75,57.87765121459961,1379552,0.0,0.0,ADANIENT.NS,Adani Enterprises Limited,Thermal Coal,Energy,Mr. Gautambhai Shantilal Adani S.Y. B.Com,"Ahmedabad, India",https://www.adanienterprises.com,2308.8,2238.85,2664840298496,77.06275,29.96,0.00059999997,3743.9,2025.0
2008-01-23 00:00:00+05:30,57.87765902037443,2314.95,2213.75,57.84024429321289,1379552,0.0,0.0,ADANIENT.NS,Adani Enterprises Limited,Thermal Coal,Energy,Mr. Gautambhai Shantilal Adani S.Y. B.Com,"Ahmedabad, India",https://www.adanienterprises.com,2308.8,2238.85,2664840298496,77.06275,29.96,0.00059999997,3743.9,2025.0
2008-01-24 00:00:00+05:30,59.863766680215775,2314.95,2213.75,54.949947357177734,1379552,0.0,0.0,ADANIENT.NS,Adani Enterprises Limited,Thermal Coal,Energy,Mr. Gautambhai Shantilal Adani S.Y. B.Com,"Ahmedabad, India",https://www.adanienterprises.com,2308.8,2238.85,2664840298496,77.06275,29.96,0.00059999997,3743.9,2025.0
2008-01-25 00:00:00+05:30,55.49869733530723,2314.95,2213.75,57.6999397277832,1379552,0.0,0.0,ADANIENT.NS,Adani Enterprises Limited,Thermal Coal,Energy,Mr. Gautambhai Shantilal Adani S.Y. B.Com,"Ahmedabad, India",https://www.adanienterprises.com,2308.8,2238.85,2664840298496,77.06275,29.96,0.00059999997,3743.9,2025.0
2008-01-28 00:00:00+05:30,57.99301693818652,2314.95,2213.75,56.32805252075195,1379552,0.0,0.0,ADANIENT.NS,Adani Enterprises Limited,Thermal Coal,Energy,Mr. Gautambhai Shantilal Adani S.Y. B.Com,"Ahmedabad, India",https://www.adanienterprises.com,2308.8,2238.85,2664840298496,77.06275,29.96,0.00059999997,3743.9,2025.0
2008-01-29 00:00:00+05:30,58.92838497507258,2314.95,2213.75,56.32805252075195,1379552,0.0,0.0,ADANIENT.NS,Adani Enterprises Limited,Thermal Coal,Energy,Mr. Gautambhai Shantilal Adani S.Y. B.Com,"Ahmedabad, India",https://www.adanienterprises.com,2308.8,2238.85,2664840298496,77.06275,29.96,0.00059999997,3743.9,2025.0
2008-01-30 00:00:00+05:30,56.32805912308327,2314.95,2213.75,55.52052307128906,1379552,0.0,0.0,ADANIENT.NS,Adani Enterprises Limited,Thermal Coal,Energy,Mr. Gautambhai Shantilal Adani S.Y. B.Com,"Ahmedabad, India",https://www.adanienterprises.com,2308.8,2238.85,2664840298496,77.06275,29.96,0.00059999997,3743.9,2025.0
2008-01-31 00:00:00+05:30,56.122278995642965,2314.95,2213.75,54.68804168701172,1379552,0.0,0.0,ADANIENT.NS,Adani Enterprises Limited,Thermal Coal,Energy,Mr. Gautambhai Shantilal Adani S.Y. B.Com,"Ahmedabad, India",https://www.adanienterprises.com,2308.8,2238.85,2664840298496,77.06275,29.96,0.00059999997,3743.9,2025.0
2008-02-01 00:00:00+05:30,56.11603799184522,2314.95,2213.75,53.936622619628906,1379552,0.0,0.0,ADANIENT.NS,Adani Enterprises Limited,Thermal Coal,Energy,Mr. Gautambhai Shantilal Adani S.Y. B.Com,"Ahmedabad, India",https://www.adanienterprises.com,2308.8,2238.85,2664840298496,77.06275,29.96,0.00059999997,3743.9,2025.0
2008-02-04 00:00:00+05:30,56.053683618531046,2314.95,2213.75,53.852447509765625,1379552,0.0,0.0,ADANIENT.NS,Adani Enterprises Limited,Thermal Coal,Energy,Mr. Gautambhai Shantilal Adani S.Y. B.Com,"Ahmedabad, India",https://www.adanienterprises.com,2308.8,2238.85,2664840298496,77.06275,29.96,0.00059999997,3743.9,2025.0
2008-02-05 00:00:00+05:30,54.8751102361432,2314.95,2213.75,54.24529266357422,1379552,0.0,0.0,ADANIENT.NS,Adani Enterprises Limited,Thermal Coal,Energy,Mr. Gautambhai Shantilal Adani S.Y. B.Com,"Ahmedabad, India",https://www.adanienterprises.com,2308.8,2238.85,2664840298496,77.06275,29.96,0.00059999997,3743.9,2025.0
2008-02-06 00:00:00+05:30,52.23425878527857,2314.95,2213.75,52.19060516357422,1379552,0.0,0.0,ADANIENT.NS,Adani Enterprises Limited,Thermal Coal,Energy,Mr. Gautambhai Shantilal Adani S.Y. B.Com,"Ahmedabad, India",https://www.adanienterprises.com,2308.8,2238.85,2664840298496,77.06275,29.96,0.00059999997,3743.9,2025.0
2008-02-07 00:00:00+05:30,54.68804448491895,2314.95,2213.75,52.22178268432617,1379552,0.0,0.0,ADANIENT.NS,Adani Enterprises Limited,Thermal Coal,Energy,Mr. Gautambhai Shantilal Adani S.Y. B.Com,"Ahmedabad, India",https://www.adanienterprises.com,2308.8,2238.85,2664840298496,77.06275,29.96,0.00059999997,3743.9,2025.0
2008-02-08 00:00:00+05:30,51.1336332957988,2314.95,2213.75,49.61209487915039,1379552,0.0,0.0,ADANIENT.NS,Adani Enterprises Limited,Thermal Coal,Energy,Mr. Gautambhai Shantilal Adani S.Y. B.Com,"Ahmedabad, India",https://www.adanienterprises.com,2308.8,2238.85,2664840298496,77.06275,29.96,0.00059999997,3743.9,2025.0
2008-02-11 00:00:00+05:30,50.1358963826594,2314.95,2213.75,47.13335418701172,1379552,0.0,0.0,ADANIENT.NS,Adani Enterprises Limited,Thermal Coal,Energy,Mr. Gautambhai Shantilal Adani S.Y. B.Com,"Ahmedabad, India",https://www.adanienterprises.com,2308.8,2238.85,2664840298496,77.06275,29.96,0.00059999997,3743.9,2025.0
2008-02-12 00:00:00+05:30,44.91028271283362,2314.95,2213.75,44.77933120727539,1379552,0.0,0.0,ADANIENT.NS,Adani Enterprises Limited,Thermal Coal,Energy,Mr. Gautambhai Shantilal Adani S.Y. B.Com,"Ahmedabad, India",https://www.adanienterprises.com,2308.8,2238.85,2664840298496,77.06275,29.96,0.00059999997,3743.9,2025.0
2008-02-13 00:00:00+05:30,42.54069399161295,2314.95,2213.75,43.46982955932617,1379552,0.0,0.0,ADANIENT.NS,Adani Enterprises Limited,Thermal Coal,Energy,Mr. Gautambhai Shantilal Adani S.Y. B.Com,"Ahmedabad, India",https://www.adanienterprises.com,2308.8,2238.85,2664840298496,77.06275,29.96,0.00059999997,3743.9,2025.0
2008-02-14 00:00:00+05:30,42.715296764541776,2314.95,2213.75,44.79182052612305,1379552,0.0,0.0,ADANIENT.NS,Adani Enterprises Limited,Thermal Coal,Energy,Mr. Gautambhai Shantilal Adani S.Y. B.Com,"Ahmedabad, India",https://www.adanienterprises.com,2308.8,2238.85,2664840298496,77.06275,29.96,0.00059999997,3743.9,2025.0
2008-02-15 00:00:00+05:30,44.274240126352936,2314.95,2213.75,45.61494064331055,1379552,0.0,0.0,ADANIENT.NS,Adani Enterprises Limited,Thermal Coal,Energy,Mr. Gautambhai Shantilal Adani S.Y. B.Com,"Ahmedabad, India",https://www.adanienterprises.com,2308.8,2238.85,2664840298496,77.06275,29.96,0.00059999997,3743.9,2025.0
2008-02-18 00:00:00+05:30,46.14498258613399,2314.95,2213.75,44.701393127441406,1379552,0.0,0.0,ADANIENT.NS,Adani Enterprises Limited,Thermal Coal,Energy,Mr. Gautambhai Shantilal Adani S.Y. B.Com,"Ahmedabad, India",https://www.adanienterprises.com,2308.8,2238.85,2664840298496,77.06275,29.96,0.00059999997,3743.9,2025.0
2008-02-19 00:00:00+05:30,45.52140385208931,2314.95,2213.75,44.85105514526367,1379552,0.0,0.0,ADANIENT.NS,Adani Enterprises Limited,Thermal Coal,Energy,Mr. Gautambhai Shantilal Adani S.Y. B.Com,"Ahmedabad, India",https://www.adanienterprises.com,2308.8,2238.85,2664840298496,77.06275,29.96,0.00059999997,3743.9,2025.0
2008-02-20 00:00:00+05:30,44.46131653047114,2314.95,2213.75,44.01233673095703,1379552,0.0,0.0,ADANIENT.NS,Adani Enterprises Limited,Thermal Coal,Energy,Mr. Gautambhai Shantilal Adani S.Y. B.Com,"Ahmedabad, India",https://www.adanienterprises.com,2308.8,2238.85,2664840298496,77.06275,29.96,0.00059999997,3743.9,2025.0
2008-02-21 00:00:00+05:30,43.650659734421524,2314.95,2213.75,43.96556854248047,1379552,0.0,0.0,ADANIENT.NS,Adani Enterprises Limited,Thermal Coal,Energy,Mr. Gautambhai Shantilal Adani S.Y. B.Com,"Ahmedabad, India",https://www.adanienterprises.com,2308.8,2238.85,2664840298496,77.06275,29.96,0.00059999997,3743.9,2025.0
2008-02-22 00:00:00+05:30,43.34510235184373,2314.95,2213.75,42.7059326171875,1379552,0.0,0.0,ADANIENT.NS,Adani Enterprises Limited,Thermal Coal,Energy,Mr. Gautambhai Shantilal Adani S.Y. B.Com,"Ahmedabad, India",https://www.adanienterprises.com,2308.8,2238.85,2664840298496,77.06275,29.96,0.00059999997,3743.9,2025.0
2008-02-25 00:00:00+05:30,43.650656269239505,2314.95,2213.75,41.24363327026367,1379552,0.0,0.0,ADANIENT.NS,Adani Enterprises Limited,Thermal Coal,Energy,Mr. Gautambhai Shantilal Adani S.Y. B.Com,"Ahmedabad, India",https://www.adanienterprises.com,2308.8,2238.85,2664840298496,77.06275,29.96,0.00059999997,3743.9,2025.0
2008-02-26 00:00:00+05:30,42.02935106689445,2314.95,2213.75,41.860984802246094,1379552,0.0,0.0,ADANIENT.NS,Adani Enterprises Limited,Thermal Coal,Energy,Mr. Gautambhai Shantilal Adani S.Y. B.Com,"Ahmedabad, India",https://www.adanienterprises.com,2308.8,2238.85,2664840298496,77.06275,29.96,0.00059999997,3743.9,2025.0
2008-02-27 00:00:00+05:30,43.02707413770128,2314.95,2213.75,42.97407150268555,1379552,0.0,0.0,ADANIENT.NS,Adani Enterprises Limited,Thermal Coal,Energy,Mr. Gautambhai Shantilal Adani S.Y. B.Com,"Ahmedabad, India",https://www.adanienterprises.com,2308.8,2238.85,2664840298496,77.06275,29.96,0.00059999997,3743.9,2025.0
2008-02-28 00:00:00+05:30,43.027072235401306,2314.95,2213.75,42.83064651489258,1379552,0.0,0.0,ADANIENT.NS,Adani Enterprises Limited,Thermal Coal,Energy,Mr. Gautambhai Shantilal Adani S.Y. B.Com,"Ahmedabad, India",https://www.adanienterprises.com,2308.8,2238.85,2664840298496,77.06275,29.96,0.00059999997,3743.9,2025.0
2008-02-29 00:00:00+05:30,43.33887214865821,2314.95,2213.75,42.827537536621094,1379552,0.0,0.0,ADANIENT.NS,Adani Enterprises Limited,Thermal Coal,Energy,Mr. Gautambhai Shantilal Adani S.Y. B.Com,"Ahmedabad, India",https://www.adanienterprises.com,2308.8,2238.85,2664840298496,77.06275,29.96,0.00059999997,3743.9,2025.0
2008-03-03 00:00:00+05:30,42.403498554254824,2314.95,2213.75,41.327823638916016,1379552,0.0,0.0,ADANIENT.NS,Adani Enterprises Limited,Thermal Coal,Energy,Mr. Gautambhai Shantilal Adani S.Y. B.Com,"Ahmedabad, India",https://www.adanienterprises.com,2308.8,2238.85,2664840298496,77.06275,29.96,0.00059999997,3743.9,2025.0
2008-03-04 00:00:00+05:30,40.850780008784085,2314.95,2213.75,41.66767120361328,1379552,0.0,0.0,ADANIENT.NS,Adani Enterprises Limited,Thermal Coal,Energy,Mr. Gautambhai Shantilal Adani S.Y. B.Com,"Ahmedabad, India",https://www.adanienterprises.com,2308.8,2238.85,2664840298496,77.06275,29.96,0.00059999997,3743.9,2025.0
2008-03-05 00:00:00+05:30,40.59823390369485,2314.95,2213.75,41.274818420410156,1379552,0.0,0.0,ADANIENT.NS,Adani Enterprises Limited,Thermal Coal,Energy,Mr. Gautambhai Shantilal Adani S.Y. B.Com,"Ahmedabad, India",https://www.adanienterprises.com,2308.8,2238.85,2664840298496,77.06275,29.96,0.00059999997,3743.9,2025.0
2008-03-07 00:00:00+05:30,39.97154014444386,2314.95,2213.75,39.90294647216797,1379552,0.0,0.0,ADANIENT.NS,Adani Enterprises Limited,Thermal Coal,Energy,Mr. Gautambhai Shantilal Adani S.Y. B.Com,"Ahmedabad, India",https://www.adanienterprises.com,2308.8,2238.85,2664840298496,77.06275,29.96,0.00059999997,3743.9,2025.0
2008-03-10 00:00:00+05:30,37.41485638713926,2314.95,2213.75,38.007259368896484,1379552,0.0,0.0,ADANIENT.NS,Adani Enterprises Limited,Thermal Coal,Energy,Mr. Gautambhai Shantilal Adani S.Y. B.Com,"Ahmedabad, India",https://www.adanienterprises.com,2308.8,2238.85,2664840298496,77.06275,29.96,0.00059999997,3743.9,2025.0
2008-03-11 00:00:00+05:30,39.03616259332292,2314.95,2213.75,41.35900115966797,1379552,0.0,0.0,ADANIENT.NS,Adani Enterprises Limited,Thermal Coal,Energy,Mr. Gautambhai Shantilal Adani S.Y. B.Com,"Ahmedabad, India",https://www.adanienterprises.com,2308.8,2238.85,2664840298496,77.06275,29.96,0.00059999997,3743.9,2025.0
2008-03-12 00:00:00+05:30,45.14725662056571,2314.95,2213.75,40.046363830566406,1379552,0.0,0.0,ADANIENT.NS,Adani Enterprises Limited,Thermal Coal,Energy,Mr. Gautambhai Shantilal Adani S.Y. B.Com,"Ahmedabad, India",https://www.adanienterprises.com,2308.8,2238.85,2664840298496,77.06275,29.96,0.00059999997,3743.9,2025.0
2008-03-13 00:00:00+05:30,37.41484551695881,2314.95,2213.75,36.526241302490234,1379552,0.0,0.0,ADANIENT.NS,Adani Enterprises Limited,Thermal Coal,Energy,Mr. Gautambhai Shantilal Adani S.Y. B.Com,"Ahmedabad, India",https://www.adanienterprises.com,2308.8,2238.85,2664840298496,77.06275,29.96,0.00059999997,3743.9,2025.0
2008-03-14 00:00:00+05:30,36.7975050009827,2314.95,2213.75,37.16230010986328,1379552,0.0,0.0,ADANIENT.NS,Adani Enterprises Limited,Thermal Coal,Energy,Mr. Gautambhai Shantilal Adani S.Y. B.Com,"Ahmedabad, India",https://www.adanienterprises.com,2308.8,2238.85,2664840298496,77.06275,29.96,0.00059999997,3743.9,2025.0
2008-03-17 00:00:00+05:30,34.92364922686079,2314.95,2213.75,33.45823287963867,1379552,0.0,0.0,ADANIENT.NS,Adani Enterprises Limited,Thermal Coal,Energy,Mr. Gautambhai Shantilal Adani S.Y. B.Com,"Ahmedabad, India",https://www.adanienterprises.com,2308.8,2238.85,2664840298496,77.06275,29.96,0.00059999997,3743.9,2025.0
2008-03-18 00:00:00+05:30,32.800350746911235,2314.95,2213.75,32.46049880981445,1379552,0.0,0.0,ADANIENT.NS,Adani Enterprises Limited,Thermal Coal,Energy,Mr. Gautambhai Shantilal Adani S.Y. B.Com,"Ahmedabad, India",https://www.adanienterprises.com,2308.8,2238.85,2664840298496,77.06275,29.96,0.00059999997,3743.9,2025.0
2008-03-19 00:00:00+05:30,34.92052394662214,2314.95,2213.75,32.5727424621582,1379552,0.0,0.0,ADANIENT.NS,Adani Enterprises Limited,Thermal Coal,Energy,Mr. Gautambhai Shantilal Adani S.Y. B.Com,"Ahmedabad, India",https://www.adanienterprises.com,2308.8,2238.85,2664840298496,77.06275,29.96,0.00059999997,3743.9,2025.0
2008-03-24 00:00:00+05:30,33.049784516875675,2314.95,2213.75,31.62178611755371,1379552,0.0,0.0,ADANIENT.NS,Adani Enterprises Limited,Thermal Coal,Energy,Mr. Gautambhai Shantilal Adani S.Y. B.Com,"Ahmedabad, India",https://www.adanienterprises.com,2308.8,2238.85,2664840298496,77.06275,29.96,0.00059999997,3743.9,2025.0
2008-03-25 00:00:00+05:30,32.92507049178793,2314.95,2213.75,34.57756042480469,1379552,0.0,0.0,ADANIENT.NS,Adani Enterprises Limited,Thermal Coal,Energy,Mr. Gautambhai Shantilal Adani S.Y. B.Com,"Ahmedabad, India",https://www.adanienterprises.com,2308.8,2238.85,2664840298496,77.06275,29.96,0.00059999997,3743.9,2025.0
2008-03-26 00:00:00+05:30,34.61496136499804,2314.95,2213.75,33.76689147949219,1379552,0.0,0.0,ADANIENT.NS,Adani Enterprises Limited,Thermal Coal,Energy,Mr. Gautambhai Shantilal Adani S.Y. B.Com,"Ahmedabad, India",https://www.adanienterprises.com,2308.8,2238.85,2664840298496,77.06275,29.96,0.00059999997,3743.9,2025.0
2008-03-27 00:00:00+05:30,33.04978195151373,2314.95,2213.75,35.65946960449219,1379552,0.0,0.0,ADANIENT.NS,Adani Enterprises Limited,Thermal Coal,Energy,Mr. Gautambhai Shantilal Adani S.Y. B.Com,"Ahmedabad, India",https://www.adanienterprises.com,2308.8,2238.85,2664840298496,77.06275,29.96,0.00059999997,3743.9,2025.0
2008-03-28 00:00:00+05:30,36.479481729505274,2314.95,2213.75,37.93242645263672,1379552,0.0,0.0,ADANIENT.NS,Adani Enterprises Limited,Thermal Coal,Energy,Mr. Gautambhai Shantilal Adani S.Y. B.Com,"Ahmedabad, India",https://www.adanienterprises.com,2308.8,2238.85,2664840298496,77.06275,29.96,0.00059999997,3743.9,2025.0
2008-03-31 00:00:00+05:30,37.103055285089184,2314.95,2213.75,37.39613723754883,1379552,0.0,0.0,ADANIENT.NS,Adani Enterprises Limited,Thermal Coal,Energy,Mr. Gautambhai Shantilal Adani S.Y. B.Com,"Ahmedabad, India",https://www.adanienterprises.com,2308.8,2238.85,2664840298496,77.06275,29.96,0.00059999997,3743.9,2025.0
2008-04-01 00:00:00+05:30,39.28559831989038,2314.95,2213.75,37.470977783203125,1379552,0.0,0.0,ADANIENT.NS,Adani Enterprises Limited,Thermal Coal,Energy,Mr. Gautambhai Shantilal Adani S.Y. B.Com,"Ahmedabad, India",https://www.adanienterprises.com,2308.8,2238.85,2664840298496,77.06275,29.96,0.00059999997,3743.9,2025.0
2008-04-02 00:00:00+05:30,38.6557741052228,2314.95,2213.75,38.44999313354492,1379552,0.0,0.0,ADANIENT.NS,Adani Enterprises Limited,Thermal Coal,Energy,Mr. Gautambhai Shantilal Adani S.Y. B.Com,"Ahmedabad, India",https://www.adanienterprises.com,2308.8,2238.85,2664840298496,77.06275,29.96,0.00059999997,3743.9,2025.0
2008-04-03 00:00:00+05:30,38.353337333602575,2314.95,2213.75,39.98088073730469,1379552,0.0,0.0,ADANIENT.NS,Adani Enterprises Limited,Thermal Coal,Energy,Mr. Gautambhai Shantilal Adani S.Y. B.Com,"Ahmedabad, India",https://www.adanienterprises.com,2308.8,2238.85,2664840298496,77.06275,29.96,0.00059999997,3743.9,2025.0
2008-04-04 00:00:00+05:30,40.03389239522912,2314.95,2213.75,38.55912399291992,1379552,0.0,0.0,ADANIENT.NS,Adani Enterprises Limited,Thermal Coal,Energy,Mr. Gautambhai Shantilal Adani S.Y. B.Com,"Ahmedabad, India",https://www.adanienterprises.com,2308.8,2238.85,2664840298496,77.06275,29.96,0.00059999997,3743.9,2025.0
2008-04-07 00:00:00+05:30,39.22323173450603,2314.95,2213.75,39.62232208251953,1379552,0.0,0.0,ADANIENT.NS,Adani Enterprises Limited,Thermal Coal,Energy,Mr. Gautambhai Shantilal Adani S.Y. B.Com,"Ahmedabad, India",https://www.adanienterprises.com,2308.8,2238.85,2664840298496,77.06275,29.96,0.00059999997,3743.9,2025.0
2008-04-08 00:00:00+05:30,39.603615107718376,2314.95,2213.75,40.192901611328125,1379552,0.0,0.0,ADANIENT.NS,Adani Enterprises Limited,Thermal Coal,Energy,Mr. Gautambhai Shantilal Adani S.Y. B.Com,"Ahmedabad, India",https://www.adanienterprises.com,2308.8,2238.85,2664840298496,77.06275,29.96,0.00059999997,3743.9,2025.0
2008-04-09 00:00:00+05:30,39.909184383763105,2314.95,2213.75,41.59285354614258,1379552,0.0,0.0,ADANIENT.NS,Adani Enterprises Limited,Thermal Coal,Energy,Mr. Gautambhai Shantilal Adani S.Y. B.Com,"Ahmedabad, India",https://www.adanienterprises.com,2308.8,2238.85,2664840298496,77.06275,29.96,0.00059999997,3743.9,2025.0
2008-04-10 00:00:00+05:30,42.09170167580509,2314.95,2213.75,42.05428695678711,1379552,0.0,0.0,ADANIENT.NS,Adani Enterprises Limited,Thermal Coal,Energy,Mr. Gautambhai Shantilal Adani S.Y. B.Com,"Ahmedabad, India",https://www.adanienterprises.com,2308.8,2238.85,2664840298496,77.06275,29.96,0.00059999997,3743.9,2025.0
2008-04-11 00:00:00+05:30,42.840005340123376,2314.95,2213.75,42.39102554321289,1379552,0.0,0.0,ADANIENT.NS,Adani Enterprises Limited,Thermal Coal,Energy,Mr. Gautambhai Shantilal Adani S.Y. B.Com,"Ahmedabad, India",https://www.adanienterprises.com,2308.8,2238.85,2664840298496,77.06275,29.96,0.00059999997,3743.9,2025.0
2008-04-15 00:00:00+05:30,41.46812701681041,2314.95,2213.75,44.19005584716797,1379552,0.0,0.0,ADANIENT.NS,Adani Enterprises Limited,Thermal Coal,Energy,Mr. Gautambhai Shantilal Adani S.Y. B.Com,"Ahmedabad, India",https://www.adanienterprises.com,2308.8,2238.85,2664840298496,77.06275,29.96,0.00059999997,3743.9,2025.0
2008-04-16 00:00:00+05:30,44.89781997846858,2314.95,2213.75,45.01318359375,1379552,0.0,0.0,ADANIENT.NS,Adani Enterprises Limited,Thermal Coal,Energy,Mr. Gautambhai Shantilal Adani S.Y. B.Com,"Ahmedabad, India",https://www.adanienterprises.com,2308.8,2238.85,2664840298496,77.06275,29.96,0.00059999997,3743.9,2025.0
2008-04-17 00:00:00+05:30,46.14497980626023,2314.95,2213.75,46.85898208618164,1379552,0.0,0.0,ADANIENT.NS,Adani Enterprises Limited,Thermal Coal,Energy,Mr. Gautambhai Shantilal Adani S.Y. B.Com,"Ahmedabad, India",https://www.adanienterprises.com,2308.8,2238.85,2664840298496,77.06275,29.96,0.00059999997,3743.9,2025.0
2008-04-21 00:00:00+05:30,50.19514602473318,2314.95,2213.75,49.06022644042969,1379552,0.0,0.0,ADANIENT.NS,Adani Enterprises Limited,Thermal Coal,Energy,Mr. Gautambhai Shantilal Adani S.Y. B.Com,"Ahmedabad, India",https://www.adanienterprises.com,2308.8,2238.85,2664840298496,77.06275,29.96,0.00059999997,3743.9,2025.0
2008-04-22 00:00:00+05:30,48.015725096177185,2314.95,2213.75,49.356422424316406,1379552,0.0,0.0,ADANIENT.NS,Adani Enterprises Limited,Thermal Coal,Energy,Mr. Gautambhai Shantilal Adani S.Y. B.Com,"Ahmedabad, India",https://www.adanienterprises.com,2308.8,2238.85,2664840298496,77.06275,29.96,0.00059999997,3743.9,2025.0
2008-04-23 00:00:00+05:30,49.574679810953604,2314.95,2213.75,48.237098693847656,1379552,0.0,0.0,ADANIENT.NS,Adani Enterprises Limited,Thermal Coal,Energy,Mr. Gautambhai Shantilal Adani S.Y. B.Com,"Ahmedabad, India",https://www.adanienterprises.com,2308.8,2238.85,2664840298496,77.06275,29.96,0.00059999997,3743.9,2025.0
2008-04-24 00:00:00+05:30,48.639306962317,2314.95,2213.75,48.455352783203125,1379552,0.0,0.0,ADANIENT.NS,Adani Enterprises Limited,Thermal Coal,Energy,Mr. Gautambhai Shantilal Adani S.Y. B.Com,"Ahmedabad, India",https://www.adanienterprises.com,2308.8,2238.85,2664840298496,77.06275,29.96,0.00059999997,3743.9,2025.0
2008-04-25 00:00:00+05:30,48.01572552722755,2314.95,2213.75,49.967533111572266,1379552,0.0,0.0,ADANIENT.NS,Adani Enterprises Limited,Thermal Coal,Energy,Mr. Gautambhai Shantilal Adani S.Y. B.Com,"Ahmedabad, India",https://www.adanienterprises.com,2308.8,2238.85,2664840298496,77.06275,29.96,0.00059999997,3743.9,2025.0
2008-04-28 00:00:00+05:30,50.93409186428286,2314.95,2213.75,51.4797248840332,1379552,0.0,0.0,ADANIENT.NS,Adani Enterprises Limited,Thermal Coal,Energy,Mr. Gautambhai Shantilal Adani S.Y. B.Com,"Ahmedabad, India",https://www.adanienterprises.com,2308.8,2238.85,2664840298496,77.06275,29.96,0.00059999997,3743.9,2025.0
2008-04-29 00:00:00+05:30,51.44541955428236,2314.95,2213.75,52.85783004760742,1379552,0.0,0.0,ADANIENT.NS,Adani Enterprises Limited,Thermal Coal,Energy,Mr. Gautambhai Shantilal Adani S.Y. B.Com,"Ahmedabad, India",https://www.adanienterprises.com,2308.8,2238.85,2664840298496,77.06275,29.96,0.00059999997,3743.9,2025.0
2008-04-30 00:00:00+05:30,54.87510669329268,2314.95,2213.75,52.723751068115234,1379552,0.0,0.0,ADANIENT.NS,Adani Enterprises Limited,Thermal Coal,Energy,Mr. Gautambhai Shantilal Adani S.Y. B.Com,"Ahmedabad, India",https://www.adanienterprises.com,2308.8,2238.85,2664840298496,77.06275,29.96,0.00059999997,3743.9,2025.0
2008-05-02 00:00:00+05:30,53.90545142200039,2314.95,2213.75,54.335723876953125,1379552,0.0,0.0,ADANIENT.NS,Adani Enterprises Limited,Thermal Coal,Energy,Mr. Gautambhai Shantilal Adani S.Y. B.Com,"Ahmedabad, India",https://www.adanienterprises.com,2308.8,2238.85,2664840298496,77.06275,29.96,0.00059999997,3743.9,2025.0
2008-05-05 00:00:00+05:30,54.87510928099865,2314.95,2213.75,54.3918342590332,1379552,0.0,0.0,ADANIENT.NS,Adani Enterprises Limited,Thermal Coal,Energy,Mr. Gautambhai Shantilal Adani S.Y. B.Com,"Ahmedabad, India",https://www.adanienterprises.com,2308.8,2238.85,2664840298496,77.06275,29.96,0.00059999997,3743.9,2025.0
2008-05-06 00:00:00+05:30,54.25152859683753,2314.95,2213.75,53.77136993408203,1379552,0.0,0.0,ADANIENT.NS,Adani Enterprises Limited,Thermal Coal,Energy,Mr. Gautambhai Shantilal Adani S.Y. B.Com,"Ahmedabad, India",https://www.adanienterprises.com,2308.8,2238.85,2664840298496,77.06275,29.96,0.00059999997,3743.9,2025.0
2008-05-07 00:00:00+05:30,53.00436979176625,2314.95,2213.75,53.62483215332031,1379552,0.0,0.0,ADANIENT.NS,Adani Enterprises Limited,Thermal Coal,Energy,Mr. Gautambhai Shantilal Adani S.Y. B.Com,"Ahmedabad, India",https://www.adanienterprises.com,2308.8,2238.85,2664840298496,77.06275,29.96,0.00059999997,3743.9,2025.0
2008-05-08 00:00:00+05:30,53.00436862187225,2314.95,2213.75,52.48991775512695,1379552,0.0,0.0,ADANIENT.NS,Adani Enterprises Limited,Thermal Coal,Energy,Mr. Gautambhai Shantilal Adani S.Y. B.Com,"Ahmedabad, India",https://www.adanienterprises.com,2308.8,2238.85,2664840298496,77.06275,29.96,0.00059999997,3743.9,2025.0
2008-05-09 00:00:00+05:30,52.6925799959464,2314.95,2213.75,50.97149658203125,1379552,0.0,0.0,ADANIENT.NS,Adani Enterprises Limited,Thermal Coal,Energy,Mr. Gautambhai Shantilal Adani S.Y. B.Com,"Ahmedabad, India",https://www.adanienterprises.com,2308.8,2238.85,2664840298496,77.06275,29.96,0.00059999997,3743.9,2025.0
2008-05-12 00:00:00+05:30,50.07353409242001,2314.95,2213.75,50.19824981689453,1379552,0.0,0.0,ADANIENT.NS,Adani Enterprises Limited,Thermal Coal,Energy,Mr. Gautambhai Shantilal Adani S.Y. B.Com,"Ahmedabad, India",https://www.adanienterprises.com,2308.8,2238.85,2664840298496,77.06275,29.96,0.00059999997,3743.9,2025.0
2008-05-13 00:00:00+05:30,51.25834849811749,2314.95,2213.75,51.055686950683594,1379552,0.0,0.0,ADANIENT.NS,Adani Enterprises Limited,Thermal Coal,Energy,Mr. Gautambhai Shantilal Adani S.Y. B.Com,"Ahmedabad, India",https://www.adanienterprises.com,2308.8,2238.85,2664840298496,77.06275,29.96,0.00059999997,3743.9,2025.0
2008-05-14 00:00:00+05:30,49.01345249091925,2314.95,2213.75,51.42670822143555,1379552,0.0,0.0,ADANIENT.NS,Adani Enterprises Limited,Thermal Coal,Energy,Mr. Gautambhai Shantilal Adani S.Y. B.Com,"Ahmedabad, India",https://www.adanienterprises.com,2308.8,2238.85,2664840298496,77.06275,29.96,0.00059999997,3743.9,2025.0
2008-05-15 00:00:00+05:30,51.88192197100015,2314.95,2213.75,52.19683074951172,1379552,0.0,0.0,ADANIENT.NS,Adani Enterprises Limited,Thermal Coal,Energy,Mr. Gautambhai Shantilal Adani S.Y. B.Com,"Ahmedabad, India",https://www.adanienterprises.com,2308.8,2238.85,2664840298496,77.06275,29.96,0.00059999997,3743.9,2025.0
2008-05-16 00:00:00+05:30,53.627951951762945,2314.95,2213.75,53.5811882019043,1379552,0.0,0.0,ADANIENT.NS,Adani Enterprises Limited,Thermal Coal,Energy,Mr. Gautambhai Shantilal Adani S.Y. B.Com,"Ahmedabad, India",https://www.adanienterprises.com,2308.8,2238.85,2664840298496,77.06275,29.96,0.00059999997,3743.9,2025.0
2008-05-20 00:00:00+05:30,53.00437264792618,2314.95,2213.75,54.0987548828125,1379552,0.0,0.0,ADANIENT.NS,Adani Enterprises Limited,Thermal Coal,Energy,Mr. Gautambhai Shantilal Adani S.Y. B.Com,"Ahmedabad, India",https://www.adanienterprises.com,2308.8,2238.85,2664840298496,77.06275,29.96,0.00059999997,3743.9,2025.0
2008-05-21 00:00:00+05:30,54.254656791300675,2314.95,2213.75,54.937477111816406,1379552,0.0,0.0,ADANIENT.NS,Adani Enterprises Limited,Thermal Coal,Energy,Mr. Gautambhai Shantilal Adani S.Y. B.Com,"Ahmedabad, India",https://www.adanienterprises.com,2308.8,2238.85,2664840298496,77.06275,29.96,0.00059999997,3743.9,2025.0
2008-05-22 00:00:00+05:30,55.02477564540115,2314.95,2213.75,53.684078216552734,1379552,0.0,0.0,ADANIENT.NS,Adani Enterprises Limited,Thermal Coal,Energy,Mr. Gautambhai Shantilal Adani S.Y. B.Com,"Ahmedabad, India",https://www.adanienterprises.com,2308.8,2238.85,2664840298496,77.06275,29.96,0.00059999997,3743.9,2025.0
2008-05-23 00:00:00+05:30,48.7172543181396,2314.95,2213.75,53.4658203125,1379552,0.0,0.0,ADANIENT.NS,Adani Enterprises Limited,Thermal Coal,Energy,Mr. Gautambhai Shantilal Adani S.Y. B.Com,"Ahmedabad, India",https://www.adanienterprises.com,2308.8,2238.85,2664840298496,77.06275,29.96,0.00059999997,3743.9,2025.0
2008-05-26 00:00:00+05:30,51.164808935049415,2314.95,2213.75,51.92245864868164,1379552,0.0,0.0,ADANIENT.NS,Adani Enterprises Limited,Thermal Coal,Energy,Mr. Gautambhai Shantilal Adani S.Y. B.Com,"Ahmedabad, India",https://www.adanienterprises.com,2308.8,2238.85,2664840298496,77.06275,29.96,0.00059999997,3743.9,2025.0
2008-05-27 00:00:00+05:30,51.944285036194636,2314.95,2213.75,52.10641860961914,1379552,0.0,0.0,ADANIENT.NS,Adani Enterprises Limited,Thermal Coal,Energy,Mr. Gautambhai Shantilal Adani S.Y. B.Com,"Ahmedabad, India",https://www.adanienterprises.com,2308.8,2238.85,2664840298496,77.06275,29.96,0.00059999997,3743.9,2025.0
2008-05-28 00:00:00+05:30,53.001258953065204,2314.95,2213.75,53.25069046020508,1379552,0.0,0.0,ADANIENT.NS,Adani Enterprises Limited,Thermal Coal,Energy,Mr. Gautambhai Shantilal Adani S.Y. B.Com,"Ahmedabad, India",https://www.adanienterprises.com,2308.8,2238.85,2664840298496,77.06275,29.96,0.00059999997,3743.9,2025.0
2008-05-29 00:00:00+05:30,53.31615281747391,2314.95,2213.75,52.452491760253906,1379552,0.0,0.0,ADANIENT.NS,Adani Enterprises Limited,Thermal Coal,Energy,Mr. Gautambhai Shantilal Adani S.Y. B.Com,"Ahmedabad, India",https://www.adanienterprises.com,2308.8,2238.85,2664840298496,77.06275,29.96,0.00059999997,3743.9,2025.0
2008-05-30 00:00:00+05:30,53.75266300138928,2314.95,2213.75,49.36577606201172,1379552,0.0,0.0,ADANIENT.NS,Adani Enterprises Limited,Thermal Coal,Energy,Mr. Gautambhai Shantilal Adani S.Y. B.Com,"Ahmedabad, India",https://www.adanienterprises.com,2308.8,2238.85,2664840298496,77.06275,29.96,0.00059999997,3743.9,2025.0
2008-06-02 00:00:00+05:30,50.82185319131017,2314.95,2213.75,49.52168655395508,1379552,0.0,0.0,ADANIENT.NS,Adani Enterprises Limited,Thermal Coal,Energy,Mr. Gautambhai Shantilal Adani S.Y. B.Com,"Ahmedabad, India",https://www.adanienterprises.com,2308.8,2238.85,2664840298496,77.06275,29.96,0.00059999997,3743.9,2025.0
2008-06-03 00:00:00+05:30,48.63929681143662,2314.95,2213.75,47.26430130004883,1379552,0.0,0.0,ADANIENT.NS,Adani Enterprises Limited,Thermal Coal,Energy,Mr. Gautambhai Shantilal Adani S.Y. B.Com,"Ahmedabad, India",https://www.adanienterprises.com,2308.8,2238.85,2664840298496,77.06275,29.96,0.00059999997,3743.9,2025.0
2008-06-04 00:00:00+05:30,46.46300497518301,2314.95,2213.75,46.045204162597656,1379552,0.0,0.0,ADANIENT.NS,Adani Enterprises Limited,Thermal Coal,Energy,Mr. Gautambhai Shantilal Adani S.Y. B.Com,"Ahmedabad, India",https://www.adanienterprises.com,2308.8,2238.85,2664840298496,77.06275,29.96,0.00059999997,3743.9,2025.0
2008-06-05 00:00:00+05:30,46.45676967614206,2314.95,2213.75,44.94146728515625,1379552,0.0,0.0,ADANIENT.NS,Adani Enterprises Limited,Thermal Coal,Energy,Mr. Gautambhai Shantilal Adani S.Y. B.Com,"Ahmedabad, India",https://www.adanienterprises.com,2308.8,2238.85,2664840298496,77.06275,29.96,0.00059999997,3743.9,2025.0
2008-06-06 00:00:00+05:30,46.082626553096034,2314.95,2213.75,45.60870361328125,1379552,0.0,0.0,ADANIENT.NS,Adani Enterprises Limited,Thermal Coal,Energy,Mr. Gautambhai Shantilal Adani S.Y. B.Com,"Ahmedabad, India",https://www.adanienterprises.com,2308.8,2238.85,2664840298496,77.06275,29.96,0.00059999997,3743.9,2025.0
2008-06-09 00:00:00+05:30,45.09736797831828,2314.95,2213.75,43.2921028137207,1379552,0.0,0.0,ADANIENT.NS,Adani Enterprises Limited,Thermal Coal,Energy,Mr. Gautambhai Shantilal Adani S.Y. B.Com,"Ahmedabad, India",https://www.adanienterprises.com,2308.8,2238.85,2664840298496,77.06275,29.96,0.00059999997,3743.9,2025.0
2008-06-10 00:00:00+05:30,43.21414261284852,2314.95,2213.75,41.78926086425781,1379552,0.0,0.0,ADANIENT.NS,Adani Enterprises Limited,Thermal Coal,Energy,Mr. Gautambhai Shantilal Adani S.Y. B.Com,"Ahmedabad, India",https://www.adanienterprises.com,2308.8,2238.85,2664840298496,77.06275,29.96,0.00059999997,3743.9,2025.0
2008-06-11 00:00:00+05:30,42.104184726844025,2314.95,2213.75,44.688926696777344,1379552,0.0,0.0,ADANIENT.NS,Adani Enterprises Limited,Thermal Coal,Energy,Mr. Gautambhai Shantilal Adani S.Y. B.Com,"Ahmedabad, India",https://www.adanienterprises.com,2308.8,2238.85,2664840298496,77.06275,29.96,0.00059999997,3743.9,2025.0
2008-06-12 00:00:00+05:30,43.653769968027866,2314.95,2213.75,47.173885345458984,1379552,0.0,0.0,ADANIENT.NS,Adani Enterprises Limited,Thermal Coal,Energy,Mr. Gautambhai Shantilal Adani S.Y. B.Com,"Ahmedabad, India",https://www.adanienterprises.com,2308.8,2238.85,2664840298496,77.06275,29.96,0.00059999997,3743.9,2025.0
2008-06-13 00:00:00+05:30,48.12796461140737,2314.95,2213.75,49.7898063659668,1379552,0.0,0.0,ADANIENT.NS,Adani Enterprises Limited,Thermal Coal,Energy,Mr. Gautambhai Shantilal Adani S.Y. B.Com,"Ahmedabad, India",https://www.adanienterprises.com,2308.8,2238.85,2664840298496,77.06275,29.96,0.00059999997,3743.9,2025.0
2008-06-16 00:00:00+05:30,54.18918020962707,2314.95,2213.75,50.26997375488281,1379552,0.0,0.0,ADANIENT.NS,Adani Enterprises Limited,Thermal Coal,Energy,Mr. Gautambhai Shantilal Adani S.Y. B.Com,"Ahmedabad, India",https://www.adanienterprises.com,2308.8,2238.85,2664840298496,77.06275,29.96,0.00059999997,3743.9,2025.0
2008-06-17 00:00:00+05:30,52.63021992576263,2314.95,2213.75,51.379940032958984,1379552,0.0,0.0,ADANIENT.NS,Adani Enterprises Limited,Thermal Coal,Energy,Mr. Gautambhai Shantilal Adani S.Y. B.Com,"Ahmedabad, India",https://www.adanienterprises.com,2308.8,2238.85,2664840298496,77.06275,29.96,0.00059999997,3743.9,2025.0
2008-06-18 00:00:00+05:30,50.51316763250243,2314.95,2213.75,51.36747360229492,1379552,0.0,0.0,ADANIENT.NS,Adani Enterprises Limited,Thermal Coal,Energy,Mr. Gautambhai Shantilal Adani S.Y. B.Com,"Ahmedabad, India",https://www.adanienterprises.com,2308.8,2238.85,2664840298496,77.06275,29.96,0.00059999997,3743.9,2025.0
2008-06-19 00:00:00+05:30,50.011182788128224,2314.95,2213.75,50.8592529296875,1379552,0.0,0.0,ADANIENT.NS,Adani Enterprises Limited,Thermal Coal,Energy,Mr. Gautambhai Shantilal Adani S.Y. B.Com,"Ahmedabad, India",https://www.adanienterprises.com,2308.8,2238.85,2664840298496,77.06275,29.96,0.00059999997,3743.9,2025.0
2008-06-20 00:00:00+05:30,51.44541483728149,2314.95,2213.75,48.60188674926758,1379552,0.0,0.0,ADANIENT.NS,Adani Enterprises Limited,Thermal Coal,Energy,Mr. Gautambhai Shantilal Adani S.Y. B.Com,"Ahmedabad, India",https://www.adanienterprises.com,2308.8,2238.85,2664840298496,77.06275,29.96,0.00059999997,3743.9,2025.0
2008-06-23 00:00:00+05:30,48.01572475283498,2314.95,2213.75,45.483985900878906,1379552,0.0,0.0,ADANIENT.NS,Adani Enterprises Limited,Thermal Coal,Energy,Mr. Gautambhai Shantilal Adani S.Y. B.Com,"Ahmedabad, India",https://www.adanienterprises.com,2308.8,2238.85,2664840298496,77.06275,29.96,0.00059999997,3743.9,2025.0
2008-06-24 00:00:00+05:30,45.521403963745406,2314.95,2213.75,41.00044250488281,1379552,0.0,0.0,ADANIENT.NS,Adani Enterprises Limited,Thermal Coal,Energy,Mr. Gautambhai Shantilal Adani S.Y. B.Com,"Ahmedabad, India",https://www.adanienterprises.com,2308.8,2238.85,2664840298496,77.06275,29.96,0.00059999997,3743.9,2025.0
2008-06-25 00:00:00+05:30,38.22550146598645,2314.95,2213.75,39.57555389404297,1379552,0.0,0.0,ADANIENT.NS,Adani Enterprises Limited,Thermal Coal,Energy,Mr. Gautambhai Shantilal Adani S.Y. B.Com,"Ahmedabad, India",https://www.adanienterprises.com,2308.8,2238.85,2664840298496,77.06275,29.96,0.00059999997,3743.9,2025.0
2008-06-26 00:00:00+05:30,41.46812742713208,2314.95,2213.75,39.73145294189453,1379552,0.0,0.0,ADANIENT.NS,Adani Enterprises Limited,Thermal Coal,Energy,Mr. Gautambhai Shantilal Adani S.Y. B.Com,"Ahmedabad, India",https://www.adanienterprises.com,2308.8,2238.85,2664840298496,77.06275,29.96,0.00059999997,3743.9,2025.0
2008-06-27 00:00:00+05:30,38.66200758117597,2314.95,2213.75,39.678443908691406,1379552,0.0,0.0,ADANIENT.NS,Adani Enterprises Limited,Thermal Coal,Energy,Mr. Gautambhai Shantilal Adani S.Y. B.Com,"Ahmedabad, India",https://www.adanienterprises.com,2308.8,2238.85,2664840298496,77.06275,29.96,0.00059999997,3743.9,2025.0
2008-06-30 00:00:00+05:30,39.59738983131721,2314.95,2213.75,38.2629280090332,1379552,0.0,0.0,ADANIENT.NS,Adani Enterprises Limited,Thermal Coal,Energy,Mr. Gautambhai Shantilal Adani S.Y. B.Com,"Ahmedabad, India",https://www.adanienterprises.com,2308.8,2238.85,2664840298496,77.06275,29.96,0.00059999997,3743.9,2025.0
2008-07-01 00:00:00+05:30,38.03843126661093,2314.95,2213.75,36.735145568847656,1379552,0.0,0.0,ADANIENT.NS,Adani Enterprises Limited,Thermal Coal,Energy,Mr. Gautambhai Shantilal Adani S.Y. B.Com,"Ahmedabad, India",https://www.adanienterprises.com,2308.8,2238.85,2664840298496,77.06275,29.96,0.00059999997,3743.9,2025.0
2008-07-02 00:00:00+05:30,37.41485227076848,2314.95,2213.75,37.87318420410156,1379552,0.0,0.0,ADANIENT.NS,Adani Enterprises Limited,Thermal Coal,Energy,Mr. Gautambhai Shantilal Adani S.Y. B.Com,"Ahmedabad, India",https://www.adanienterprises.com,2308.8,2238.85,2664840298496,77.06275,29.96,0.00059999997,3743.9,2025.0
2008-07-03 00:00:00+05:30,37.04070434290945,2314.95,2213.75,36.34540939331055,1379552,0.0,0.0,ADANIENT.NS,Adani Enterprises Limited,Thermal Coal,Energy,Mr. Gautambhai Shantilal Adani S.Y. B.Com,"Ahmedabad, India",https://www.adanienterprises.com,2308.8,2238.85,2664840298496,77.06275,29.96,0.00059999997,3743.9,2025.0
2008-07-04 00:00:00+05:30,35.67194682720028,2314.95,2213.75,37.31196212768555,1379552,0.0,0.0,ADANIENT.NS,Adani Enterprises Limited,Thermal Coal,Energy,Mr. Gautambhai Shantilal Adani S.Y. B.Com,"Ahmedabad, India",https://www.adanienterprises.com,2308.8,2238.85,2664840298496,77.06275,29.96,0.00059999997,3743.9,2025.0
2008-07-07 00:00:00+05:30,38.814791019799976,2314.95,2213.75,41.53360366821289,1379552,0.0,0.0,ADANIENT.NS,Adani Enterprises Limited,Thermal Coal,Energy,Mr. Gautambhai Shantilal Adani S.Y. B.Com,"Ahmedabad, India",https://www.adanienterprises.com,2308.8,2238.85,2664840298496,77.06275,29.96,0.00059999997,3743.9,2025.0
2008-07-08 00:00:00+05:30,39.09852340637304,2314.95,2213.75,41.508663177490234,1379552,0.0,0.0,ADANIENT.NS,Adani Enterprises Limited,Thermal Coal,Energy,Mr. Gautambhai Shantilal Adani S.Y. B.Com,"Ahmedabad, India",https://www.adanienterprises.com,2308.8,2238.85,2664840298496,77.06275,29.96,0.00059999997,3743.9,2025.0
2008-07-09 00:00:00+05:30,42.93354610683001,2314.95,2213.75,42.5219841003418,1379552,0.0,0.0,ADANIENT.NS,Adani Enterprises Limited,Thermal Coal,Energy,Mr. Gautambhai Shantilal Adani S.Y. B.Com,"Ahmedabad, India",https://www.adanienterprises.com,2308.8,2238.85,2664840298496,77.06275,29.96,0.00059999997,3743.9,2025.0
2008-07-10 00:00:00+05:30,42.0917104022042,2314.95,2213.75,40.4392204284668,1379552,0.0,0.0,ADANIENT.NS,Adani Enterprises Limited,Thermal Coal,Energy,Mr. Gautambhai Shantilal Adani S.Y. B.Com,"Ahmedabad, India",https://www.adanienterprises.com,2308.8,2238.85,2664840298496,77.06275,29.96,0.00059999997,3743.9,2025.0
2008-07-11 00:00:00+05:30,41.156337251187395,2314.95,2213.75,38.55912399291992,1379552,0.0,0.0,ADANIENT.NS,Adani Enterprises Limited,Thermal Coal,Energy,Mr. Gautambhai Shantilal Adani S.Y. B.Com,"Ahmedabad, India",https://www.adanienterprises.com,2308.8,2238.85,2664840298496,77.06275,29.96,0.00059999997,3743.9,2025.0
2008-07-14 00:00:00+05:30,38.518587079918206,2314.95,2213.75,37.46161651611328,1379552,0.0,0.0,ADANIENT.NS,Adani Enterprises Limited,Thermal Coal,Energy,Mr. Gautambhai Shantilal Adani S.Y. B.Com,"Ahmedabad, India",https://www.adanienterprises.com,2308.8,2238.85,2664840298496,77.06275,29.96,0.00059999997,3743.9,2025.0
2008-07-15 00:00:00+05:30,35.85589884456993,2314.95,2213.75,35.02965545654297,1379552,0.0,0.0,ADANIENT.NS,Adani Enterprises Limited,Thermal Coal,Energy,Mr. Gautambhai Shantilal Adani S.Y. B.Com,"Ahmedabad, India",https://www.adanienterprises.com,2308.8,2238.85,2664840298496,77.06275,29.96,0.00059999997,3743.9,2025.0
2008-07-16 00:00:00+05:30,34.792696767709366,2314.95,2213.75,35.035892486572266,1379552,0.0,0.0,ADANIENT.NS,Adani Enterprises Limited,Thermal Coal,Energy,Mr. Gautambhai Shantilal Adani S.Y. B.Com,"Ahmedabad, India",https://www.adanienterprises.com,2308.8,2238.85,2664840298496,77.06275,29.96,0.00059999997,3743.9,2025.0
2008-07-17 00:00:00+05:30,37.227773815969186,2314.95,2213.75,36.897274017333984,1379552,0.0,0.0,ADANIENT.NS,Adani Enterprises Limited,Thermal Coal,Energy,Mr. Gautambhai Shantilal Adani S.Y. B.Com,"Ahmedabad, India",https://www.adanienterprises.com,2308.8,2238.85,2664840298496,77.06275,29.96,0.00059999997,3743.9,2025.0
2008-07-18 00:00:00+05:30,38.5372911213323,2314.95,2213.75,38.05401611328125,1379552,0.0,0.0,ADANIENT.NS,Adani Enterprises Limited,Thermal Coal,Energy,Mr. Gautambhai Shantilal Adani S.Y. B.Com,"Ahmedabad, India",https://www.adanienterprises.com,2308.8,2238.85,2664840298496,77.06275,29.96,0.00059999997,3743.9,2025.0
2008-07-21 00:00:00+05:30,37.72664012410525,2314.95,2213.75,38.41881561279297,1379552,0.0,0.0,ADANIENT.NS,Adani Enterprises Limited,Thermal Coal,Energy,Mr. Gautambhai Shantilal Adani S.Y. B.Com,"Ahmedabad, India",https://www.adanienterprises.com,2308.8,2238.85,2664840298496,77.06275,29.96,0.00059999997,3743.9,2025.0
2008-07-22 00:00:00+05:30,38.038432483884904,2314.95,2213.75,39.637916564941406,1379552,0.0,0.0,ADANIENT.NS,Adani Enterprises Limited,Thermal Coal,Energy,Mr. Gautambhai Shantilal Adani S.Y. B.Com,"Ahmedabad, India",https://www.adanienterprises.com,2308.8,2238.85,2664840298496,77.06275,29.96,0.00059999997,3743.9,2025.0
2008-07-23 00:00:00+05:30,41.405768846519535,2314.95,2213.75,40.694889068603516,1379552,0.0,0.0,ADANIENT.NS,Adani Enterprises Limited,Thermal Coal,Energy,Mr. Gautambhai Shantilal Adani S.Y. B.Com,"Ahmedabad, India",https://www.adanienterprises.com,2308.8,2238.85,2664840298496,77.06275,29.96,0.00059999997,3743.9,2025.0
2008-07-24 00:00:00+05:30,41.53047942081685,2314.95,2213.75,40.192901611328125,1379552,0.0,0.0,ADANIENT.NS,Adani Enterprises Limited,Thermal Coal,Energy,Mr. Gautambhai Shantilal Adani S.Y. B.Com,"Ahmedabad, India",https://www.adanienterprises.com,2308.8,2238.85,2664840298496,77.06275,29.96,0.00059999997,3743.9,2025.0
2008-07-25 00:00:00+05:30,37.55515799569686,2314.95,2213.75,39.50696563720703,1379552,0.0,0.0,ADANIENT.NS,Adani Enterprises Limited,Thermal Coal,Energy,Mr. Gautambhai Shantilal Adani S.Y. B.Com,"Ahmedabad, India",https://www.adanienterprises.com,2308.8,2238.85,2664840298496,77.06275,29.96,0.00059999997,3743.9,2025.0
2008-07-28 00:00:00+05:30,40.532758733144064,2314.95,2213.75,40.23967361450195,1379552,0.0,0.0,ADANIENT.NS,Adani Enterprises Limited,Thermal Coal,Energy,Mr. Gautambhai Shantilal Adani S.Y. B.Com,"Ahmedabad, India",https://www.adanienterprises.com,2308.8,2238.85,2664840298496,77.06275,29.96,0.00059999997,3743.9,2025.0
2008-07-29 00:00:00+05:30,39.834341776909795,2314.95,2213.75,39.31365203857422,1379552,0.0,0.0,ADANIENT.NS,Adani Enterprises Limited,Thermal Coal,Energy,Mr. Gautambhai Shantilal Adani S.Y. B.Com,"Ahmedabad, India",https://www.adanienterprises.com,2308.8,2238.85,2664840298496,77.06275,29.96,0.00059999997,3743.9,2025.0
2008-07-30 00:00:00+05:30,40.25214793747861,2314.95,2213.75,39.927886962890625,1379552,0.0,0.0,ADANIENT.NS,Adani Enterprises Limited,Thermal Coal,Energy,Mr. Gautambhai Shantilal Adani S.Y. B.Com,"Ahmedabad, India",https://www.adanienterprises.com,2308.8,2238.85,2664840298496,77.06275,29.96,0.00059999997,3743.9,2025.0
2008-07-31 00:00:00+05:30,39.90917184512549,2314.95,2213.75,39.73768615722656,1379552,0.0,0.0,ADANIENT.NS,Adani Enterprises Limited,Thermal Coal,Energy,Mr. Gautambhai Shantilal Adani S.Y. B.Com,"Ahmedabad, India",https://www.adanienterprises.com,2308.8,2238.85,2664840298496,77.06275,29.96,0.00059999997,3743.9,2025.0
2008-08-01 00:00:00+05:30,39.4820202961908,2314.95,2213.75,40.698001861572266,1379552,0.0,0.0,ADANIENT.NS,Adani Enterprises Limited,Thermal Coal,Energy,Mr. Gautambhai Shantilal Adani S.Y. B.Com,"Ahmedabad, India",https://www.adanienterprises.com,2308.8,2238.85,2664840298496,77.06275,29.96,0.00059999997,3743.9,2025.0
2008-08-04 00:00:00+05:30,40.532754118991704,2314.95,2213.75,40.40803527832031,1379552,0.0,0.0,ADANIENT.NS,Adani Enterprises Limited,Thermal Coal,Energy,Mr. Gautambhai Shantilal Adani S.Y. B.Com,"Ahmedabad, India",https://www.adanienterprises.com,2308.8,2238.85,2664840298496,77.06275,29.96,0.00059999997,3743.9,2025.0
2008-08-05 00:00:00+05:30,39.97153637037001,2314.95,2213.75,41.125160217285156,1379552,0.0,0.0,ADANIENT.NS,Adani Enterprises Limited,Thermal Coal,Energy,Mr. Gautambhai Shantilal Adani S.Y. B.Com,"Ahmedabad, India",https://www.adanienterprises.com,2308.8,2238.85,2664840298496,77.06275,29.96,0.00059999997,3743.9,2025.0
2008-08-06 00:00:00+05:30,36.978346351187696,2314.95,2213.75,40.30826950073242,1379552,0.0,0.0,ADANIENT.NS,Adani Enterprises Limited,Thermal Coal,Energy,Mr. Gautambhai Shantilal Adani S.Y. B.Com,"Ahmedabad, India",https://www.adanienterprises.com,2308.8,2238.85,2664840298496,77.06275,29.96,0.00059999997,3743.9,2025.0
2008-08-07 00:00:00+05:30,39.09851618883104,2314.95,2213.75,40.51716232299805,1379552,0.0,0.0,ADANIENT.NS,Adani Enterprises Limited,Thermal Coal,Energy,Mr. Gautambhai Shantilal Adani S.Y. B.Com,"Ahmedabad, India",https://www.adanienterprises.com,2308.8,2238.85,2664840298496,77.06275,29.96,0.00059999997,3743.9,2025.0
2008-08-08 00:00:00+05:30,41.031619240291604,2314.95,2213.75,40.495338439941406,1379552,0.0,0.0,ADANIENT.NS,Adani Enterprises Limited,Thermal Coal,Energy,Mr. Gautambhai Shantilal Adani S.Y. B.Com,"Ahmedabad, India",https://www.adanienterprises.com,2308.8,2238.85,2664840298496,77.06275,29.96,0.00059999997,3743.9,2025.0
2008-08-11 00:00:00+05:30,43.588304778328784,2314.95,2213.75,41.252994537353516,1379552,0.0,0.0,ADANIENT.NS,Adani Enterprises Limited,Thermal Coal,Energy,Mr. Gautambhai Shantilal Adani S.Y. B.Com,"Ahmedabad, India",https://www.adanienterprises.com,2308.8,2238.85,2664840298496,77.06275,29.96,0.00059999997,3743.9,2025.0
2008-08-12 00:00:00+05:30,41.15633699344478,2314.95,2213.75,40.769718170166016,1379552,0.0,0.0,ADANIENT.NS,Adani Enterprises Limited,Thermal Coal,Energy,Mr. Gautambhai Shantilal Adani S.Y. B.Com,"Ahmedabad, India",https://www.adanienterprises.com,2308.8,2238.85,2664840298496,77.06275,29.96,0.00059999997,3743.9,2025.0
2008-08-13 00:00:00+05:30,35.927612017173175,2314.95,2213.75,41.34341049194336,1379552,0.0,0.0,ADANIENT.NS,Adani Enterprises Limited,Thermal Coal,Energy,Mr. Gautambhai Shantilal Adani S.Y. B.Com,"Ahmedabad, India",https://www.adanienterprises.com,2308.8,2238.85,2664840298496,77.06275,29.96,0.00059999997,3743.9,2025.0
2008-08-14 00:00:00+05:30,40.53276123543203,2314.95,2213.75,40.25214767456055,1379552,0.0,0.0,ADANIENT.NS,Adani Enterprises Limited,Thermal Coal,Energy,Mr. Gautambhai Shantilal Adani S.Y. B.Com,"Ahmedabad, India",https://www.adanienterprises.com,2308.8,2238.85,2664840298496,77.06275,29.96,0.00059999997,3743.9,2025.0
2008-08-18 00:00:00+05:30,40.220965073458466,2314.95,2213.75,40.005828857421875,1379552,0.0,0.0,ADANIENT.NS,Adani Enterprises Limited,Thermal Coal,Energy,Mr. Gautambhai Shantilal Adani S.Y. B.Com,"Ahmedabad, India",https://www.adanienterprises.com,2308.8,2238.85,2664840298496,77.06275,29.96,0.00059999997,3743.9,2025.0
2008-08-19 00:00:00+05:30,39.291826229029226,2314.95,2213.75,39.87175750732422,1379552,0.0,0.0,ADANIENT.NS,Adani Enterprises Limited,Thermal Coal,Energy,Mr. Gautambhai Shantilal Adani S.Y. B.Com,"Ahmedabad, India",https://www.adanienterprises.com,2308.8,2238.85,2664840298496,77.06275,29.96,0.00059999997,3743.9,2025.0
2008-08-20 00:00:00+05:30,40.03389802833103,2314.95,2213.75,39.90294647216797,1379552,0.0,0.0,ADANIENT.NS,Adani Enterprises Limited,Thermal Coal,Energy,Mr. Gautambhai Shantilal Adani S.Y. B.Com,"Ahmedabad, India",https://www.adanienterprises.com,2308.8,2238.85,2664840298496,77.06275,29.96,0.00059999997,3743.9,2025.0
2008-08-21 00:00:00+05:30,39.535021962026,2314.95,2213.75,39.2076416015625,1379552,0.0,0.0,ADANIENT.NS,Adani Enterprises Limited,Thermal Coal,Energy,Mr. Gautambhai Shantilal Adani S.Y. B.Com,"Ahmedabad, India",https://www.adanienterprises.com,2308.8,2238.85,2664840298496,77.06275,29.96,0.00059999997,3743.9,2025.0
2008-08-22 00:00:00+05:30,37.5395579127246,2314.95,2213.75,39.877986907958984,1379552,0.0,0.0,ADANIENT.NS,Adani Enterprises Limited,Thermal Coal,Energy,Mr. Gautambhai Shantilal Adani S.Y. B.Com,"Ahmedabad, India",https://www.adanienterprises.com,2308.8,2238.85,2664840298496,77.06275,29.96,0.00059999997,3743.9,2025.0
2008-08-25 00:00:00+05:30,39.877994569100636,2314.95,2213.75,38.44999313354492,1379552,0.0,0.0,ADANIENT.NS,Adani Enterprises Limited,Thermal Coal,Energy,Mr. Gautambhai Shantilal Adani S.Y. B.Com,"Ahmedabad, India",https://www.adanienterprises.com,2308.8,2238.85,2664840298496,77.06275,29.96,0.00059999997,3743.9,2025.0
2008-08-26 00:00:00+05:30,35.4069175346272,2314.95,2213.75,36.417118072509766,1379552,0.0,0.0,ADANIENT.NS,Adani Enterprises Limited,Thermal Coal,Energy,Mr. Gautambhai Shantilal Adani S.Y. B.Com,"Ahmedabad, India",https://www.adanienterprises.com,2308.8,2238.85,2664840298496,77.06275,29.96,0.00059999997,3743.9,2025.0
2008-08-27 00:00:00+05:30,36.66031164608199,2314.95,2213.75,35.300907135009766,1379552,0.0,0.0,ADANIENT.NS,Adani Enterprises Limited,Thermal Coal,Energy,Mr. Gautambhai Shantilal Adani S.Y. B.Com,"Ahmedabad, India",https://www.adanienterprises.com,2308.8,2238.85,2664840298496,77.06275,29.96,0.00059999997,3743.9,2025.0
2008-08-28 00:00:00+05:30,35.8403156541458,2314.95,2213.75,34.86129379272461,1379552,0.0,0.0,ADANIENT.NS,Adani Enterprises Limited,Thermal Coal,Energy,Mr. Gautambhai Shantilal Adani S.Y. B.Com,"Ahmedabad, India",https://www.adanienterprises.com,2308.8,2238.85,2664840298496,77.06275,29.96,0.00059999997,3743.9,2025.0
2008-08-29 00:00:00+05:30,34.92052186753011,2314.95,2213.75,36.69772720336914,1379552,0.0,0.0,ADANIENT.NS,Adani Enterprises Limited,Thermal Coal,Energy,Mr. Gautambhai Shantilal Adani S.Y. B.Com,"Ahmedabad, India",https://www.adanienterprises.com,2308.8,2238.85,2664840298496,77.06275,29.96,0.00059999997,3743.9,2025.0
2008-09-01 00:00:00+05:30,36.23005250213973,2314.95,2213.75,35.90578842163086,1379552,0.0,0.0,ADANIENT.NS,Adani Enterprises Limited,Thermal Coal,Energy,Mr. Gautambhai Shantilal Adani S.Y. B.Com,"Ahmedabad, India",https://www.adanienterprises.com,2308.8,2238.85,2664840298496,77.06275,29.96,0.00059999997,3743.9,2025.0
2008-09-02 00:00:00+05:30,36.53559930607484,2314.95,2213.75,36.63225555419922,1379552,0.0,0.0,ADANIENT.NS,Adani Enterprises Limited,Thermal Coal,Energy,Mr. Gautambhai Shantilal Adani S.Y. B.Com,"Ahmedabad, India",https://www.adanienterprises.com,2308.8,2238.85,2664840298496,77.06275,29.96,0.00059999997,3743.9,2025.0
2008-09-04 00:00:00+05:30,38.65577853075617,2314.95,2213.75,35.97438049316406,1379552,0.0,0.0,ADANIENT.NS,Adani Enterprises Limited,Thermal Coal,Energy,Mr. Gautambhai Shantilal Adani S.Y. B.Com,"Ahmedabad, India",https://www.adanienterprises.com,2308.8,2238.85,2664840298496,77.06275,29.96,0.00059999997,3743.9,2025.0
2008-09-05 00:00:00+05:30,35.793540293618214,2314.95,2213.75,35.447452545166016,1379552,0.0,0.0,ADANIENT.NS,Adani Enterprises Limited,Thermal Coal,Energy,Mr. Gautambhai Shantilal Adani S.Y. B.Com,"Ahmedabad, India",https://www.adanienterprises.com,2308.8,2238.85,2664840298496,77.06275,29.96,0.00059999997,3743.9,2025.0
2008-09-08 00:00:00+05:30,36.541836104673806,2314.95,2213.75,37.954246520996094,1379552,0.0,0.0,ADANIENT.NS,Adani Enterprises Limited,Thermal Coal,Energy,Mr. Gautambhai Shantilal Adani S.Y. B.Com,"Ahmedabad, India",https://www.adanienterprises.com,2308.8,2238.85,2664840298496,77.06275,29.96,0.00059999997,3743.9,2025.0
2008-09-09 00:00:00+05:30,37.976077596991814,2314.95,2213.75,38.12885284423828,1379552,0.0,0.0,ADANIENT.NS,Adani Enterprises Limited,Thermal Coal,Energy,Mr. Gautambhai Shantilal Adani S.Y. B.Com,"Ahmedabad, India",https://www.adanienterprises.com,2308.8,2238.85,2664840298496,77.06275,29.96,0.00059999997,3743.9,2025.0
2008-09-10 00:00:00+05:30,38.163146408307156,2314.95,2213.75,40.98173141479492,1379552,0.0,0.0,ADANIENT.NS,Adani Enterprises Limited,Thermal Coal,Energy,Mr. Gautambhai Shantilal Adani S.Y. B.Com,"Ahmedabad, India",https://www.adanienterprises.com,2308.8,2238.85,2664840298496,77.06275,29.96,0.00059999997,3743.9,2025.0
2008-09-11 00:00:00+05:30,40.969261084030705,2314.95,2213.75,39.787574768066406,1379552,0.0,0.0,ADANIENT.NS,Adani Enterprises Limited,Thermal Coal,Energy,Mr. Gautambhai Shantilal Adani S.Y. B.Com,"Ahmedabad, India",https://www.adanienterprises.com,2308.8,2238.85,2664840298496,77.06275,29.96,0.00059999997,3743.9,2025.0
2008-09-12 00:00:00+05:30,40.40804019925459,2314.95,2213.75,38.50611877441406,1379552,0.0,0.0,ADANIENT.NS,Adani Enterprises Limited,Thermal Coal,Energy,Mr. Gautambhai Shantilal Adani S.Y. B.Com,"Ahmedabad, India",https://www.adanienterprises.com,2308.8,2238.85,2664840298496,77.06275,29.96,0.00059999997,3743.9,2025.0
2008-09-15 00:00:00+05:30,37.41484672016111,2314.95,2213.75,35.481746673583984,1379552,0.0,0.0,ADANIENT.NS,Adani Enterprises Limited,Thermal Coal,Energy,Mr. Gautambhai Shantilal Adani S.Y. B.Com,"Ahmedabad, India",https://www.adanienterprises.com,2308.8,2238.85,2664840298496,77.06275,29.96,0.00059999997,3743.9,2025.0
2008-09-16 00:00:00+05:30,33.98515421523783,2314.95,2213.75,36.448299407958984,1379552,0.0,0.0,ADANIENT.NS,Adani Enterprises Limited,Thermal Coal,Energy,Mr. Gautambhai Shantilal Adani S.Y. B.Com,"Ahmedabad, India",https://www.adanienterprises.com,2308.8,2238.85,2664840298496,77.06275,29.96,0.00059999997,3743.9,2025.0
2008-09-17 00:00:00+05:30,37.35248970933237,2314.95,2213.75,36.800621032714844,1379552,0.0,0.0,ADANIENT.NS,Adani Enterprises Limited,Thermal Coal,Energy,Mr. Gautambhai Shantilal Adani S.Y. B.Com,"Ahmedabad, India",https://www.adanienterprises.com,2308.8,2238.85,2664840298496,77.06275,29.96,0.00059999997,3743.9,2025.0
2008-09-18 00:00:00+05:30,33.747561158865324,2314.95,2213.75,35.03129959106445,1379552,0.3,0.0,ADANIENT.NS,Adani Enterprises Limited,Thermal Coal,Energy,Mr. Gautambhai Shantilal Adani S.Y. B.Com,"Ahmedabad, India",https://www.adanienterprises.com,2308.8,2238.85,2664840298496,77.06275,29.96,0.00059999997,3743.9,2025.0
2008-09-19 00:00:00+05:30,36.72306639000814,2314.95,2213.75,35.3420295715332,1379552,0.0,0.0,ADANIENT.NS,Adani Enterprises Limited,Thermal Coal,Energy,Mr. Gautambhai Shantilal Adani S.Y. B.Com,"Ahmedabad, India",https://www.adanienterprises.com,2308.8,2238.85,2664840298496,77.06275,29.96,0.00059999997,3743.9,2025.0
2008-09-22 00:00:00+05:30,36.220868327122474,2314.95,2213.75,34.959102630615234,1379552,0.0,0.0,ADANIENT.NS,Adani Enterprises Limited,Thermal Coal,Energy,Mr. Gautambhai Shantilal Adani S.Y. B.Com,"Ahmedabad, India",https://www.adanienterprises.com,2308.8,2238.85,2664840298496,77.06275,29.96,0.00059999997,3743.9,2025.0
2008-09-23 00:00:00+05:30,34.2120840392372,2314.95,2213.75,35.02815246582031,1379552,0.0,0.0,ADANIENT.NS,Adani Enterprises Limited,Thermal Coal,Energy,Mr. Gautambhai Shantilal Adani S.Y. B.Com,"Ahmedabad, India",https://www.adanienterprises.com,2308.8,2238.85,2664840298496,77.06275,29.96,0.00059999997,3743.9,2025.0
2008-09-24 00:00:00+05:30,34.58873880372939,2314.95,2213.75,35.90700149536133,1379552,0.0,0.0,ADANIENT.NS,Adani Enterprises Limited,Thermal Coal,Energy,Mr. Gautambhai Shantilal Adani S.Y. B.Com,"Ahmedabad, India",https://www.adanienterprises.com,2308.8,2238.85,2664840298496,77.06275,29.96,0.00059999997,3743.9,2025.0
2008-09-25 00:00:00+05:30,35.53035964714459,2314.95,2213.75,36.409202575683594,1379552,0.0,0.0,ADANIENT.NS,Adani Enterprises Limited,Thermal Coal,Energy,Mr. Gautambhai Shantilal Adani S.Y. B.Com,"Ahmedabad, India",https://www.adanienterprises.com,2308.8,2238.85,2664840298496,77.06275,29.96,0.00059999997,3743.9,2025.0
2008-09-26 00:00:00+05:30,36.09846321001191,2314.95,2213.75,34.83355712890625,1379552,0.0,0.0,ADANIENT.NS,Adani Enterprises Limited,Thermal Coal,Energy,Mr. Gautambhai Shantilal Adani S.Y. B.Com,"Ahmedabad, India",https://www.adanienterprises.com,2308.8,2238.85,2664840298496,77.06275,29.96,0.00059999997,3743.9,2025.0
2008-09-29 00:00:00+05:30,35.053263508178965,2314.95,2213.75,31.198911666870117,1379552,0.0,0.0,ADANIENT.NS,Adani Enterprises Limited,Thermal Coal,Energy,Mr. Gautambhai Shantilal Adani S.Y. B.Com,"Ahmedabad, India",https://www.adanienterprises.com,2308.8,2238.85,2664840298496,77.06275,29.96,0.00059999997,3743.9,2025.0
2008-09-30 00:00:00+05:30,29.81787344057674,2314.95,2213.75,29.400423049926758,1379552,0.0,0.0,ADANIENT.NS,Adani Enterprises Limited,Thermal Coal,Energy,Mr. Gautambhai Shantilal Adani S.Y. B.Com,"Ahmedabad, India",https://www.adanienterprises.com,2308.8,2238.85,2664840298496,77.06275,29.96,0.00059999997,3743.9,2025.0
2008-10-01 00:00:00+05:30,29.37846228362604,2314.95,2213.75,30.731252670288086,1379552,0.0,0.0,ADANIENT.NS,Adani Enterprises Limited,Thermal Coal,Energy,Mr. Gautambhai Shantilal Adani S.Y. B.Com,"Ahmedabad, India",https://www.adanienterprises.com,2308.8,2238.85,2664840298496,77.06275,29.96,0.00059999997,3743.9,2025.0
2008-10-03 00:00:00+05:30,30.382850382876867,2314.95,2213.75,29.1524715423584,1379552,0.0,0.0,ADANIENT.NS,Adani Enterprises Limited,Thermal Coal,Energy,Mr. Gautambhai Shantilal Adani S.Y. B.Com,"Ahmedabad, India",https://www.adanienterprises.com,2308.8,2238.85,2664840298496,77.06275,29.96,0.00059999997,3743.9,2025.0
2008-10-06 00:00:00+05:30,28.18574019806995,2314.95,2213.75,25.10978889465332,1379552,0.0,0.0,ADANIENT.NS,Adani Enterprises Limited,Thermal Coal,Energy,Mr. Gautambhai Shantilal Adani S.Y. B.Com,"Ahmedabad, India",https://www.adanienterprises.com,2308.8,2238.85,2664840298496,77.06275,29.96,0.00059999997,3743.9,2025.0
2008-10-07 00:00:00+05:30,25.73753654497713,2314.95,2213.75,25.414247512817383,1379552,0.0,0.0,ADANIENT.NS,Adani Enterprises Limited,Thermal Coal,Energy,Mr. Gautambhai Shantilal Adani S.Y. B.Com,"Ahmedabad, India",https://www.adanienterprises.com,2308.8,2238.85,2664840298496,77.06275,29.96,0.00059999997,3743.9,2025.0
2008-10-08 00:00:00+05:30,25.10978846151344,2314.95,2213.75,21.69171905517578,1379552,0.0,0.0,ADANIENT.NS,Adani Enterprises Limited,Thermal Coal,Energy,Mr. Gautambhai Shantilal Adani S.Y. B.Com,"Ahmedabad, India",https://www.adanienterprises.com,2308.8,2238.85,2664840298496,77.06275,29.96,0.00059999997,3743.9,2025.0
2008-10-10 00:00:00+05:30,21.092223737105368,2314.95,2213.75,19.070884704589844,1379552,0.0,0.0,ADANIENT.NS,Adani Enterprises Limited,Thermal Coal,Energy,Mr. Gautambhai Shantilal Adani S.Y. B.Com,"Ahmedabad, India",https://www.adanienterprises.com,2308.8,2238.85,2664840298496,77.06275,29.96,0.00059999997,3743.9,2025.0
2008-10-13 00:00:00+05:30,19.46008597970286,2314.95,2213.75,20.119218826293945,1379552,0.0,0.0,ADANIENT.NS,Adani Enterprises Limited,Thermal Coal,Energy,Mr. Gautambhai Shantilal Adani S.Y. B.Com,"Ahmedabad, India",https://www.adanienterprises.com,2308.8,2238.85,2664840298496,77.06275,29.96,0.00059999997,3743.9,2025.0
2008-10-14 00:00:00+05:30,21.468869996872858,2314.95,2213.75,20.225934982299805,1379552,0.0,0.0,ADANIENT.NS,Adani Enterprises Limited,Thermal Coal,Energy,Mr. Gautambhai Shantilal Adani S.Y. B.Com,"Ahmedabad, India",https://www.adanienterprises.com,2308.8,2238.85,2664840298496,77.06275,29.96,0.00059999997,3743.9,2025.0
2008-10-15 00:00:00+05:30,19.585637381776735,2314.95,2213.75,19.16504669189453,1379552,0.0,0.0,ADANIENT.NS,Adani Enterprises Limited,Thermal Coal,Energy,Mr. Gautambhai Shantilal Adani S.Y. B.Com,"Ahmedabad, India",https://www.adanienterprises.com,2308.8,2238.85,2664840298496,77.06275,29.96,0.00059999997,3743.9,2025.0
2008-10-16 00:00:00+05:30,18.518469283960115,2314.95,2213.75,18.83234214782715,1379552,0.0,0.0,ADANIENT.NS,Adani Enterprises Limited,Thermal Coal,Energy,Mr. Gautambhai Shantilal Adani S.Y. B.Com,"Ahmedabad, India",https://www.adanienterprises.com,2308.8,2238.85,2664840298496,77.06275,29.96,0.00059999997,3743.9,2025.0
2008-10-17 00:00:00+05:30,19.208987037734683,2314.95,2213.75,18.66912841796875,1379552,0.0,0.0,ADANIENT.NS,Adani Enterprises Limited,Thermal Coal,Energy,Mr. Gautambhai Shantilal Adani S.Y. B.Com,"Ahmedabad, India",https://www.adanienterprises.com,2308.8,2238.85,2664840298496,77.06275,29.96,0.00059999997,3743.9,2025.0
2008-10-20 00:00:00+05:30,18.979861424272237,2314.95,2213.75,19.708045959472656,1379552,0.0,0.0,ADANIENT.NS,Adani Enterprises Limited,Thermal Coal,Energy,Mr. Gautambhai Shantilal Adani S.Y. B.Com,"Ahmedabad, India",https://www.adanienterprises.com,2308.8,2238.85,2664840298496,77.06275,29.96,0.00059999997,3743.9,2025.0
2008-10-21 00:00:00+05:30,20.08783363581793,2314.95,2213.75,21.23346710205078,1379552,0.0,0.0,ADANIENT.NS,Adani Enterprises Limited,Thermal Coal,Energy,Mr. Gautambhai Shantilal Adani S.Y. B.Com,"Ahmedabad, India",https://www.adanienterprises.com,2308.8,2238.85,2664840298496,77.06275,29.96,0.00059999997,3743.9,2025.0
2008-10-22 00:00:00+05:30,20.715577471959946,2314.95,2213.75,21.293102264404297,1379552,0.0,0.0,ADANIENT.NS,Adani Enterprises Limited,Thermal Coal,Energy,Mr. Gautambhai Shantilal Adani S.Y. B.Com,"Ahmedabad, India",https://www.adanienterprises.com,2308.8,2238.85,2664840298496,77.06275,29.96,0.00059999997,3743.9,2025.0
2008-10-23 00:00:00+05:30,19.2089875028383,2314.95,2213.75,20.379732131958008,1379552,0.0,0.0,ADANIENT.NS,Adani Enterprises Limited,Thermal Coal,Energy,Mr. Gautambhai Shantilal Adani S.Y. B.Com,"Ahmedabad, India",https://www.adanienterprises.com,2308.8,2238.85,2664840298496,77.06275,29.96,0.00059999997,3743.9,2025.0
2008-10-24 00:00:00+05:30,20.2384935933538,2314.95,2213.75,18.524749755859375,1379552,0.0,0.0,ADANIENT.NS,Adani Enterprises Limited,Thermal Coal,Energy,Mr. Gautambhai Shantilal Adani S.Y. B.Com,"Ahmedabad, India",https://www.adanienterprises.com,2308.8,2238.85,2664840298496,77.06275,29.96,0.00059999997,3743.9,2025.0
2008-10-27 00:00:00+05:30,18.45569526129153,2314.95,2213.75,18.81037139892578,1379552,0.0,0.0,ADANIENT.NS,Adani Enterprises Limited,Thermal Coal,Energy,Mr. Gautambhai Shantilal Adani S.Y. B.Com,"Ahmedabad, India",https://www.adanienterprises.com,2308.8,2238.85,2664840298496,77.06275,29.96,0.00059999997,3743.9,2025.0
2008-10-29 00:00:00+05:30,22.284936734976746,2314.95,2213.75,21.773324966430664,1379552,0.0,0.0,ADANIENT.NS,Adani Enterprises Limited,Thermal Coal,Energy,Mr. Gautambhai Shantilal Adani S.Y. B.Com,"Ahmedabad, India",https://www.adanienterprises.com,2308.8,2238.85,2664840298496,77.06275,29.96,0.00059999997,3743.9,2025.0
2008-10-31 00:00:00+05:30,21.657195745212547,2314.95,2213.75,23.348968505859375,1379552,0.0,0.0,ADANIENT.NS,Adani Enterprises Limited,Thermal Coal,Energy,Mr. Gautambhai Shantilal Adani S.Y. B.Com,"Ahmedabad, India",https://www.adanienterprises.com,2308.8,2238.85,2664840298496,77.06275,29.96,0.00059999997,3743.9,2025.0
2008-11-03 00:00:00+05:30,23.854300795618418,2314.95,2213.75,25.338916778564453,1379552,0.0,0.0,ADANIENT.NS,Adani Enterprises Limited,Thermal Coal,Energy,Mr. Gautambhai Shantilal Adani S.Y. B.Com,"Ahmedabad, India",https://www.adanienterprises.com,2308.8,2238.85,2664840298496,77.06275,29.96,0.00059999997,3743.9,2025.0
2008-11-04 00:00:00+05:30,25.29811286601979,2314.95,2213.75,26.151845932006836,1379552,0.0,0.0,ADANIENT.NS,Adani Enterprises Limited,Thermal Coal,Energy,Mr. Gautambhai Shantilal Adani S.Y. B.Com,"Ahmedabad, India",https://www.adanienterprises.com,2308.8,2238.85,2664840298496,77.06275,29.96,0.00059999997,3743.9,2025.0
2008-11-05 00:00:00+05:30,27.118568523009227,2314.95,2213.75,25.699867248535156,1379552,0.0,0.0,ADANIENT.NS,Adani Enterprises Limited,Thermal Coal,Energy,Mr. Gautambhai Shantilal Adani S.Y. B.Com,"Ahmedabad, India",https://www.adanienterprises.com,2308.8,2238.85,2664840298496,77.06275,29.96,0.00059999997,3743.9,2025.0
2008-11-06 00:00:00+05:30,24.921466834813334,2314.95,2213.75,25.04387664794922,1379552,0.0,0.0,ADANIENT.NS,Adani Enterprises Limited,Thermal Coal,Energy,Mr. Gautambhai Shantilal Adani S.Y. B.Com,"Ahmedabad, India",https://www.adanienterprises.com,2308.8,2238.85,2664840298496,77.06275,29.96,0.00059999997,3743.9,2025.0
2008-11-07 00:00:00+05:30,24.54481758776109,2314.95,2213.75,25.065845489501953,1379552,0.0,0.0,ADANIENT.NS,Adani Enterprises Limited,Thermal Coal,Energy,Mr. Gautambhai Shantilal Adani S.Y. B.Com,"Ahmedabad, India",https://www.adanienterprises.com,2308.8,2238.85,2664840298496,77.06275,29.96,0.00059999997,3743.9,2025.0
2008-11-10 00:00:00+05:30,25.17256367230825,2314.95,2213.75,26.041990280151367,1379552,0.0,0.0,ADANIENT.NS,Adani Enterprises Limited,Thermal Coal,Energy,Mr. Gautambhai Shantilal Adani S.Y. B.Com,"Ahmedabad, India",https://www.adanienterprises.com,2308.8,2238.85,2664840298496,77.06275,29.96,0.00059999997,3743.9,2025.0
2008-11-11 00:00:00+05:30,25.85052953803334,2314.95,2213.75,24.626426696777344,1379552,0.0,0.0,ADANIENT.NS,Adani Enterprises Limited,Thermal Coal,Energy,Mr. Gautambhai Shantilal Adani S.Y. B.Com,"Ahmedabad, India",https://www.adanienterprises.com,2308.8,2238.85,2664840298496,77.06275,29.96,0.00059999997,3743.9,2025.0
2008-11-12 00:00:00+05:30,24.1681724067734,2314.95,2213.75,24.287445068359375,1379552,0.0,0.0,ADANIENT.NS,Adani Enterprises Limited,Thermal Coal,Energy,Mr. Gautambhai Shantilal Adani S.Y. B.Com,"Ahmedabad, India",https://www.adanienterprises.com,2308.8,2238.85,2664840298496,77.06275,29.96,0.00059999997,3743.9,2025.0
2008-11-14 00:00:00+05:30,24.607592800345696,2314.95,2213.75,24.130508422851562,1379552,0.0,0.0,ADANIENT.NS,Adani Enterprises Limited,Thermal Coal,Energy,Mr. Gautambhai Shantilal Adani S.Y. B.Com,"Ahmedabad, India",https://www.adanienterprises.com,2308.8,2238.85,2664840298496,77.06275,29.96,0.00059999997,3743.9,2025.0
2008-11-17 00:00:00+05:30,23.85430222296227,2314.95,2213.75,23.361522674560547,1379552,0.0,0.0,ADANIENT.NS,Adani Enterprises Limited,Thermal Coal,Energy,Mr. Gautambhai Shantilal Adani S.Y. B.Com,"Ahmedabad, India",https://www.adanienterprises.com,2308.8,2238.85,2664840298496,77.06275,29.96,0.00059999997,3743.9,2025.0
2008-11-18 00:00:00+05:30,23.54042762846088,2314.95,2213.75,23.088451385498047,1379552,0.0,0.0,ADANIENT.NS,Adani Enterprises Limited,Thermal Coal,Energy,Mr. Gautambhai Shantilal Adani S.Y. B.Com,"Ahmedabad, India",https://www.adanienterprises.com,2308.8,2238.85,2664840298496,77.06275,29.96,0.00059999997,3743.9,2025.0
2008-11-19 00:00:00+05:30,23.35210333534604,2314.95,2213.75,22.608226776123047,1379552,0.0,0.0,ADANIENT.NS,Adani Enterprises Limited,Thermal Coal,Energy,Mr. Gautambhai Shantilal Adani S.Y. B.Com,"Ahmedabad, India",https://www.adanienterprises.com,2308.8,2238.85,2664840298496,77.06275,29.96,0.00059999997,3743.9,2025.0
2008-11-20 00:00:00+05:30,21.971066910973615,2314.95,2213.75,20.96353530883789,1379552,0.0,0.0,ADANIENT.NS,Adani Enterprises Limited,Thermal Coal,Energy,Mr. Gautambhai Shantilal Adani S.Y. B.Com,"Ahmedabad, India",https://www.adanienterprises.com,2308.8,2238.85,2664840298496,77.06275,29.96,0.00059999997,3743.9,2025.0
2008-11-21 00:00:00+05:30,19.83673278139101,2314.95,2213.75,19.943449020385742,1379552,0.0,0.0,ADANIENT.NS,Adani Enterprises Limited,Thermal Coal,Energy,Mr. Gautambhai Shantilal Adani S.Y. B.Com,"Ahmedabad, India",https://www.adanienterprises.com,2308.8,2238.85,2664840298496,77.06275,29.96,0.00059999997,3743.9,2025.0
2008-11-24 00:00:00+05:30,19.742572727463383,2314.95,2213.75,19.6672420501709,1379552,0.0,0.0,ADANIENT.NS,Adani Enterprises Limited,Thermal Coal,Energy,Mr. Gautambhai Shantilal Adani S.Y. B.Com,"Ahmedabad, India",https://www.adanienterprises.com,2308.8,2238.85,2664840298496,77.06275,29.96,0.00059999997,3743.9,2025.0
2008-11-25 00:00:00+05:30,20.025059695572654,2314.95,2213.75,18.929645538330078,1379552,0.0,0.0,ADANIENT.NS,Adani Enterprises Limited,Thermal Coal,Energy,Mr. Gautambhai Shantilal Adani S.Y. B.Com,"Ahmedabad, India",https://www.adanienterprises.com,2308.8,2238.85,2664840298496,77.06275,29.96,0.00059999997,3743.9,2025.0
2008-11-26 00:00:00+05:30,19.208986579434583,2314.95,2213.75,18.653432846069336,1379552,0.0,0.0,ADANIENT.NS,Adani Enterprises Limited,Thermal Coal,Energy,Mr. Gautambhai Shantilal Adani S.Y. B.Com,"Ahmedabad, India",https://www.adanienterprises.com,2308.8,2238.85,2664840298496,77.06275,29.96,0.00059999997,3743.9,2025.0
2008-11-27 00:00:00+05:30,18.653432846069336,2314.95,2213.75,18.653432846069336,1379552,0.0,0.0,ADANIENT.NS,Adani Enterprises Limited,Thermal Coal,Energy,Mr. Gautambhai Shantilal Adani S.Y. B.Com,"Ahmedabad, India",https://www.adanienterprises.com,2308.8,2238.85,2664840298496,77.06275,29.96,0.00059999997,3743.9,2025.0
2008-11-28 00:00:00+05:30,18.653433900895728,2314.95,2213.75,18.885700225830078,1379552,0.0,0.0,ADANIENT.NS,Adani Enterprises Limited,Thermal Coal,Energy,Mr. Gautambhai Shantilal Adani S.Y. B.Com,"Ahmedabad, India",https://www.adanienterprises.com,2308.8,2238.85,2664840298496,77.06275,29.96,0.00059999997,3743.9,2025.0
2008-12-01 00:00:00+05:30,18.70679492520715,2314.95,2213.75,17.80598258972168,1379552,0.0,0.0,ADANIENT.NS,Adani Enterprises Limited,Thermal Coal,Energy,Mr. Gautambhai Shantilal Adani S.Y. B.Com,"Ahmedabad, India",https://www.adanienterprises.com,2308.8,2238.85,2664840298496,77.06275,29.96,0.00059999997,3743.9,2025.0
2008-12-02 00:00:00+05:30,17.262978706680908,2314.95,2213.75,17.13743019104004,1379552,0.0,0.0,ADANIENT.NS,Adani Enterprises Limited,Thermal Coal,Energy,Mr. Gautambhai Shantilal Adani S.Y. B.Com,"Ahmedabad, India",https://www.adanienterprises.com,2308.8,2238.85,2664840298496,77.06275,29.96,0.00059999997,3743.9,2025.0
2008-12-03 00:00:00+05:30,17.26297501377648,2314.95,2213.75,16.870635986328125,1379552,0.0,0.0,ADANIENT.NS,Adani Enterprises Limited,Thermal Coal,Energy,Mr. Gautambhai Shantilal Adani S.Y. B.Com,"Ahmedabad, India",https://www.adanienterprises.com,2308.8,2238.85,2664840298496,77.06275,29.96,0.00059999997,3743.9,2025.0
2008-12-04 00:00:00+05:30,17.357145208084983,2314.95,2213.75,16.707429885864258,1379552,0.0,0.0,ADANIENT.NS,Adani Enterprises Limited,Thermal Coal,Energy,Mr. Gautambhai Shantilal Adani S.Y. B.Com,"Ahmedabad, India",https://www.adanienterprises.com,2308.8,2238.85,2664840298496,77.06275,29.96,0.00059999997,3743.9,2025.0
2008-12-05 00:00:00+05:30,16.949112567003734,2314.95,2213.75,17.303787231445312,1379552,0.0,0.0,ADANIENT.NS,Adani Enterprises Limited,Thermal Coal,Energy,Mr. Gautambhai Shantilal Adani S.Y. B.Com,"Ahmedabad, India",https://www.adanienterprises.com,2308.8,2238.85,2664840298496,77.06275,29.96,0.00059999997,3743.9,2025.0
2008-12-08 00:00:00+05:30,17.57999063703492,2314.95,2213.75,17.253562927246094,1379552,0.0,0.0,ADANIENT.NS,Adani Enterprises Limited,Thermal Coal,Energy,Mr. Gautambhai Shantilal Adani S.Y. B.Com,"Ahmedabad, India",https://www.adanienterprises.com,2308.8,2238.85,2664840298496,77.06275,29.96,0.00059999997,3743.9,2025.0
2008-12-10 00:00:00+05:30,17.765177209575214,2314.95,2213.75,18.148101806640625,1379552,0.0,0.0,ADANIENT.NS,Adani Enterprises Limited,Thermal Coal,Energy,Mr. Gautambhai Shantilal Adani S.Y. B.Com,"Ahmedabad, India",https://www.adanienterprises.com,2308.8,2238.85,2664840298496,77.06275,29.96,0.00059999997,3743.9,2025.0
2008-12-11 00:00:00+05:30,17.953496320098605,2314.95,2213.75,17.85933494567871,1379552,0.0,0.0,ADANIENT.NS,Adani Enterprises Limited,Thermal Coal,Energy,Mr. Gautambhai Shantilal Adani S.Y. B.Com,"Ahmedabad, India",https://www.adanienterprises.com,2308.8,2238.85,2664840298496,77.06275,29.96,0.00059999997,3743.9,2025.0
2008-12-12 00:00:00+05:30,17.514077415816654,2314.95,2213.75,17.57999038696289,1379552,0.0,0.0,ADANIENT.NS,Adani Enterprises Limited,Thermal Coal,Energy,Mr. Gautambhai Shantilal Adani S.Y. B.Com,"Ahmedabad, India",https://www.adanienterprises.com,2308.8,2238.85,2664840298496,77.06275,29.96,0.00059999997,3743.9,2025.0
2008-12-15 00:00:00+05:30,17.8907216849065,2314.95,2213.75,17.561155319213867,1379552,0.0,0.0,ADANIENT.NS,Adani Enterprises Limited,Thermal Coal,Energy,Mr. Gautambhai Shantilal Adani S.Y. B.Com,"Ahmedabad, India",https://www.adanienterprises.com,2308.8,2238.85,2664840298496,77.06275,29.96,0.00059999997,3743.9,2025.0
2008-12-16 00:00:00+05:30,17.332031755558255,2314.95,2213.75,17.539188385009766,1379552,0.0,0.0,ADANIENT.NS,Adani Enterprises Limited,Thermal Coal,Energy,Mr. Gautambhai Shantilal Adani S.Y. B.Com,"Ahmedabad, India",https://www.adanienterprises.com,2308.8,2238.85,2664840298496,77.06275,29.96,0.00059999997,3743.9,2025.0
2008-12-17 00:00:00+05:30,17.884446735535832,2314.95,2213.75,18.066492080688477,1379552,0.0,0.0,ADANIENT.NS,Adani Enterprises Limited,Thermal Coal,Energy,Mr. Gautambhai Shantilal Adani S.Y. B.Com,"Ahmedabad, India",https://www.adanienterprises.com,2308.8,2238.85,2664840298496,77.06275,29.96,0.00059999997,3743.9,2025.0
2008-12-18 00:00:00+05:30,18.126125316961502,2314.95,2213.75,18.895112991333008,1379552,0.0,0.0,ADANIENT.NS,Adani Enterprises Limited,Thermal Coal,Energy,Mr. Gautambhai Shantilal Adani S.Y. B.Com,"Ahmedabad, India",https://www.adanienterprises.com,2308.8,2238.85,2664840298496,77.06275,29.96,0.00059999997,3743.9,2025.0
2008-12-19 00:00:00+05:30,19.00497095836606,2314.95,2213.75,20.225934982299805,1379552,0.0,0.0,ADANIENT.NS,Adani Enterprises Limited,Thermal Coal,Energy,Mr. Gautambhai Shantilal Adani S.Y. B.Com,"Ahmedabad, India",https://www.adanienterprises.com,2308.8,2238.85,2664840298496,77.06275,29.96,0.00059999997,3743.9,2025.0
2008-12-22 00:00:00+05:30,20.33892911949324,2314.95,2213.75,20.05330467224121,1379552,0.0,0.0,ADANIENT.NS,Adani Enterprises Limited,Thermal Coal,Energy,Mr. Gautambhai Shantilal Adani S.Y. B.Com,"Ahmedabad, India",https://www.adanienterprises.com,2308.8,2238.85,2664840298496,77.06275,29.96,0.00059999997,3743.9,2025.0
2008-12-23 00:00:00+05:30,19.89950823127008,2314.95,2213.75,19.033220291137695,1379552,0.0,0.0,ADANIENT.NS,Adani Enterprises Limited,Thermal Coal,Energy,Mr. Gautambhai Shantilal Adani S.Y. B.Com,"Ahmedabad, India",https://www.adanienterprises.com,2308.8,2238.85,2664840298496,77.06275,29.96,0.00059999997,3743.9,2025.0
2008-12-24 00:00:00+05:30,18.832339899547705,2314.95,2213.75,18.8386173248291,1379552,0.0,0.0,ADANIENT.NS,Adani Enterprises Limited,Thermal Coal,Energy,Mr. Gautambhai Shantilal Adani S.Y. B.Com,"Ahmedabad, India",https://www.adanienterprises.com,2308.8,2238.85,2664840298496,77.06275,29.96,0.00059999997,3743.9,2025.0
2008-12-26 00:00:00+05:30,19.14621364853174,2314.95,2213.75,18.195178985595703,1379552,0.0,0.0,ADANIENT.NS,Adani Enterprises Limited,Thermal Coal,Energy,Mr. Gautambhai Shantilal Adani S.Y. B.Com,"Ahmedabad, India",https://www.adanienterprises.com,2308.8,2238.85,2664840298496,77.06275,29.96,0.00059999997,3743.9,2025.0
2008-12-29 00:00:00+05:30,18.455695334072374,2314.95,2213.75,18.574966430664062,1379552,0.0,0.0,ADANIENT.NS,Adani Enterprises Limited,Thermal Coal,Energy,Mr. Gautambhai Shantilal Adani S.Y. B.Com,"Ahmedabad, India",https://www.adanienterprises.com,2308.8,2238.85,2664840298496,77.06275,29.96,0.00059999997,3743.9,2025.0
2008-12-30 00:00:00+05:30,18.832340883319702,2314.95,2213.75,18.873144149780273,1379552,0.0,0.0,ADANIENT.NS,Adani Enterprises Limited,Thermal Coal,Energy,Mr. Gautambhai Shantilal Adani S.Y. B.Com,"Ahmedabad, India",https://www.adanienterprises.com,2308.8,2238.85,2664840298496,77.06275,29.96,0.00059999997,3743.9,2025.0
2008-12-31 00:00:00+05:30,18.964169331213494,2314.95,2213.75,18.967308044433594,1379552,0.0,0.0,ADANIENT.NS,Adani Enterprises Limited,Thermal Coal,Energy,Mr. Gautambhai Shantilal Adani S.Y. B.Com,"Ahmedabad, India",https://www.adanienterprises.com,2308.8,2238.85,2664840298496,77.06275,29.96,0.00059999997,3743.9,2025.0
2009-01-02 00:00:00+05:30,20.08783309908033,2314.95,2213.75,19.912063598632812,1379552,0.0,0.0,ADANIENT.NS,Adani Enterprises Limited,Thermal Coal,Energy,Mr. Gautambhai Shantilal Adani S.Y. B.Com,"Ahmedabad, India",https://www.adanienterprises.com,2308.8,2238.85,2664840298496,77.06275,29.96,0.00059999997,3743.9,2025.0
2009-01-05 00:00:00+05:30,20.15060280344807,2314.95,2213.75,21.905149459838867,1379552,0.0,0.0,ADANIENT.NS,Adani Enterprises Limited,Thermal Coal,Energy,Mr. Gautambhai Shantilal Adani S.Y. B.Com,"Ahmedabad, India",https://www.adanienterprises.com,2308.8,2238.85,2664840298496,77.06275,29.96,0.00059999997,3743.9,2025.0
2009-01-06 00:00:00+05:30,22.272380616024385,2314.95,2213.75,22.42304039001465,1379552,0.0,0.0,ADANIENT.NS,Adani Enterprises Limited,Thermal Coal,Energy,Mr. Gautambhai Shantilal Adani S.Y. B.Com,"Ahmedabad, India",https://www.adanienterprises.com,2308.8,2238.85,2664840298496,77.06275,29.96,0.00059999997,3743.9,2025.0
2009-01-07 00:00:00+05:30,22.711802711041265,2314.95,2213.75,21.572446823120117,1379552,0.0,0.0,ADANIENT.NS,Adani Enterprises Limited,Thermal Coal,Energy,Mr. Gautambhai Shantilal Adani S.Y. B.Com,"Ahmedabad, India",https://www.adanienterprises.com,2308.8,2238.85,2664840298496,77.06275,29.96,0.00059999997,3743.9,2025.0
2009-01-09 00:00:00+05:30,20.72185297278965,2314.95,2213.75,19.767681121826172,1379552,0.0,0.0,ADANIENT.NS,Adani Enterprises Limited,Thermal Coal,Energy,Mr. Gautambhai Shantilal Adani S.Y. B.Com,"Ahmedabad, India",https://www.adanienterprises.com,2308.8,2238.85,2664840298496,77.06275,29.96,0.00059999997,3743.9,2025.0
2009-01-12 00:00:00+05:30,19.83673182348433,2314.95,2213.75,20.51783561706543,1379552,0.0,0.0,ADANIENT.NS,Adani Enterprises Limited,Thermal Coal,Energy,Mr. Gautambhai Shantilal Adani S.Y. B.Com,"Ahmedabad, India",https://www.adanienterprises.com,2308.8,2238.85,2664840298496,77.06275,29.96,0.00059999997,3743.9,2025.0
2009-01-13 00:00:00+05:30,20.401706555498123,2314.95,2213.75,19.136798858642578,1379552,0.0,0.0,ADANIENT.NS,Adani Enterprises Limited,Thermal Coal,Energy,Mr. Gautambhai Shantilal Adani S.Y. B.Com,"Ahmedabad, India",https://www.adanienterprises.com,2308.8,2238.85,2664840298496,77.06275,29.96,0.00059999997,3743.9,2025.0
2009-01-14 00:00:00+05:30,19.711181091315048,2314.95,2213.75,19.510303497314453,1379552,0.0,0.0,ADANIENT.NS,Adani Enterprises Limited,Thermal Coal,Energy,Mr. Gautambhai Shantilal Adani S.Y. B.Com,"Ahmedabad, India",https://www.adanienterprises.com,2308.8,2238.85,2664840298496,77.06275,29.96,0.00059999997,3743.9,2025.0
2009-01-15 00:00:00+05:30,17.266119807260527,2314.95,2213.75,18.76329231262207,1379552,0.0,0.0,ADANIENT.NS,Adani Enterprises Limited,Thermal Coal,Energy,Mr. Gautambhai Shantilal Adani S.Y. B.Com,"Ahmedabad, India",https://www.adanienterprises.com,2308.8,2238.85,2664840298496,77.06275,29.96,0.00059999997,3743.9,2025.0
2009-01-16 00:00:00+05:30,19.146217599644643,2314.95,2213.75,18.7507381439209,1379552,0.0,0.0,ADANIENT.NS,Adani Enterprises Limited,Thermal Coal,Energy,Mr. Gautambhai Shantilal Adani S.Y. B.Com,"Ahmedabad, India",https://www.adanienterprises.com,2308.8,2238.85,2664840298496,77.06275,29.96,0.00059999997,3743.9,2025.0
2009-01-19 00:00:00+05:30,18.518471104615855,2314.95,2213.75,18.26737403869629,1379552,0.0,0.0,ADANIENT.NS,Adani Enterprises Limited,Thermal Coal,Energy,Mr. Gautambhai Shantilal Adani S.Y. B.Com,"Ahmedabad, India",https://www.adanienterprises.com,2308.8,2238.85,2664840298496,77.06275,29.96,0.00059999997,3743.9,2025.0
2009-01-20 00:00:00+05:30,17.95349877799053,2314.95,2213.75,18.18890380859375,1379552,0.0,0.0,ADANIENT.NS,Adani Enterprises Limited,Thermal Coal,Energy,Mr. Gautambhai Shantilal Adani S.Y. B.Com,"Ahmedabad, India",https://www.adanienterprises.com,2308.8,2238.85,2664840298496,77.06275,29.96,0.00059999997,3743.9,2025.0
2009-01-21 00:00:00+05:30,17.953499111765172,2314.95,2213.75,18.176347732543945,1379552,0.0,0.0,ADANIENT.NS,Adani Enterprises Limited,Thermal Coal,Energy,Mr. Gautambhai Shantilal Adani S.Y. B.Com,"Ahmedabad, India",https://www.adanienterprises.com,2308.8,2238.85,2664840298496,77.06275,29.96,0.00059999997,3743.9,2025.0
2009-01-22 00:00:00+05:30,18.487082141767225,2314.95,2213.75,18.283065795898438,1379552,0.0,0.0,ADANIENT.NS,Adani Enterprises Limited,Thermal Coal,Energy,Mr. Gautambhai Shantilal Adani S.Y. B.Com,"Ahmedabad, India",https://www.adanienterprises.com,2308.8,2238.85,2664840298496,77.06275,29.96,0.00059999997,3743.9,2025.0
2009-01-23 00:00:00+05:30,18.267374478147914,2314.95,2213.75,18.148101806640625,1379552,0.0,0.0,ADANIENT.NS,Adani Enterprises Limited,Thermal Coal,Energy,Mr. Gautambhai Shantilal Adani S.Y. B.Com,"Ahmedabad, India",https://www.adanienterprises.com,2308.8,2238.85,2664840298496,77.06275,29.96,0.00059999997,3743.9,2025.0
2009-01-27 00:00:00+05:30,18.330147086473424,2314.95,2213.75,18.377227783203125,1379552,0.0,0.0,ADANIENT.NS,Adani Enterprises Limited,Thermal Coal,Energy,Mr. Gautambhai Shantilal Adani S.Y. B.Com,"Ahmedabad, India",https://www.adanienterprises.com,2308.8,2238.85,2664840298496,77.06275,29.96,0.00059999997,3743.9,2025.0
2009-01-28 00:00:00+05:30,18.51847076096774,2314.95,2213.75,18.396060943603516,1379552,0.0,0.0,ADANIENT.NS,Adani Enterprises Limited,Thermal Coal,Energy,Mr. Gautambhai Shantilal Adani S.Y. B.Com,"Ahmedabad, India",https://www.adanienterprises.com,2308.8,2238.85,2664840298496,77.06275,29.96,0.00059999997,3743.9,2025.0
2009-01-29 00:00:00+05:30,18.58751997569269,2314.95,2213.75,18.066492080688477,1379552,0.0,0.0,ADANIENT.NS,Adani Enterprises Limited,Thermal Coal,Energy,Mr. Gautambhai Shantilal Adani S.Y. B.Com,"Ahmedabad, India",https://www.adanienterprises.com,2308.8,2238.85,2664840298496,77.06275,29.96,0.00059999997,3743.9,2025.0
2009-01-30 00:00:00+05:30,17.736928795036444,2314.95,2213.75,17.780872344970703,1379552,0.0,0.0,ADANIENT.NS,Adani Enterprises Limited,Thermal Coal,Energy,Mr. Gautambhai Shantilal Adani S.Y. B.Com,"Ahmedabad, India",https://www.adanienterprises.com,2308.8,2238.85,2664840298496,77.06275,29.96,0.00059999997,3743.9,2025.0
2009-02-02 00:00:00+05:30,17.394807564226095,2314.95,2213.75,17.294368743896484,1379552,0.0,0.0,ADANIENT.NS,Adani Enterprises Limited,Thermal Coal,Energy,Mr. Gautambhai Shantilal Adani S.Y. B.Com,"Ahmedabad, India",https://www.adanienterprises.com,2308.8,2238.85,2664840298496,77.06275,29.96,0.00059999997,3743.9,2025.0
2009-02-03 00:00:00+05:30,17.168818281015263,2314.95,2213.75,16.92713737487793,1379552,0.0,0.0,ADANIENT.NS,Adani Enterprises Limited,Thermal Coal,Energy,Mr. Gautambhai Shantilal Adani S.Y. B.Com,"Ahmedabad, India",https://www.adanienterprises.com,2308.8,2238.85,2664840298496,77.06275,29.96,0.00059999997,3743.9,2025.0
2009-02-04 00:00:00+05:30,17.2504246803543,2314.95,2213.75,16.89888572692871,1379552,0.0,0.0,ADANIENT.NS,Adani Enterprises Limited,Thermal Coal,Energy,Mr. Gautambhai Shantilal Adani S.Y. B.Com,"Ahmedabad, India",https://www.adanienterprises.com,2308.8,2238.85,2664840298496,77.06275,29.96,0.00059999997,3743.9,2025.0
2009-02-05 00:00:00+05:30,16.82355736514163,2314.95,2213.75,16.65720558166504,1379552,0.0,0.0,ADANIENT.NS,Adani Enterprises Limited,Thermal Coal,Energy,Mr. Gautambhai Shantilal Adani S.Y. B.Com,"Ahmedabad, India",https://www.adanienterprises.com,2308.8,2238.85,2664840298496,77.06275,29.96,0.00059999997,3743.9,2025.0
2009-02-06 00:00:00+05:30,16.94283114207637,2314.95,2213.75,16.40924835205078,1379552,0.0,0.0,ADANIENT.NS,Adani Enterprises Limited,Thermal Coal,Energy,Mr. Gautambhai Shantilal Adani S.Y. B.Com,"Ahmedabad, India",https://www.adanienterprises.com,2308.8,2238.85,2664840298496,77.06275,29.96,0.00059999997,3743.9,2025.0
2009-02-09 00:00:00+05:30,16.5096863722813,2314.95,2213.75,16.704286575317383,1379552,0.0,0.0,ADANIENT.NS,Adani Enterprises Limited,Thermal Coal,Energy,Mr. Gautambhai Shantilal Adani S.Y. B.Com,"Ahmedabad, India",https://www.adanienterprises.com,2308.8,2238.85,2664840298496,77.06275,29.96,0.00059999997,3743.9,2025.0
2009-02-10 00:00:00+05:30,16.585017716262147,2314.95,2213.75,17.07151985168457,1379552,0.0,0.0,ADANIENT.NS,Adani Enterprises Limited,Thermal Coal,Energy,Mr. Gautambhai Shantilal Adani S.Y. B.Com,"Ahmedabad, India",https://www.adanienterprises.com,2308.8,2238.85,2664840298496,77.06275,29.96,0.00059999997,3743.9,2025.0
2009-02-11 00:00:00+05:30,16.63523727386371,2314.95,2213.75,17.033855438232422,1379552,0.0,0.0,ADANIENT.NS,Adani Enterprises Limited,Thermal Coal,Energy,Mr. Gautambhai Shantilal Adani S.Y. B.Com,"Ahmedabad, India",https://www.adanienterprises.com,2308.8,2238.85,2664840298496,77.06275,29.96,0.00059999997,3743.9,2025.0
2009-02-12 00:00:00+05:30,17.200206073151566,2314.95,2213.75,16.90202522277832,1379552,0.0,0.0,ADANIENT.NS,Adani Enterprises Limited,Thermal Coal,Energy,Mr. Gautambhai Shantilal Adani S.Y. B.Com,"Ahmedabad, India",https://www.adanienterprises.com,2308.8,2238.85,2664840298496,77.06275,29.96,0.00059999997,3743.9,2025.0
2009-02-13 00:00:00+05:30,17.01188240935916,2314.95,2213.75,17.193927764892578,1379552,0.0,0.0,ADANIENT.NS,Adani Enterprises Limited,Thermal Coal,Energy,Mr. Gautambhai Shantilal Adani S.Y. B.Com,"Ahmedabad, India",https://www.adanienterprises.com,2308.8,2238.85,2664840298496,77.06275,29.96,0.00059999997,3743.9,2025.0
2009-02-16 00:00:00+05:30,17.02129703968368,2314.95,2213.75,16.65406608581543,1379552,0.0,0.0,ADANIENT.NS,Adani Enterprises Limited,Thermal Coal,Energy,Mr. Gautambhai Shantilal Adani S.Y. B.Com,"Ahmedabad, India",https://www.adanienterprises.com,2308.8,2238.85,2664840298496,77.06275,29.96,0.00059999997,3743.9,2025.0
2009-02-17 00:00:00+05:30,16.823560186447402,2314.95,2213.75,16.302532196044922,1379552,0.0,0.0,ADANIENT.NS,Adani Enterprises Limited,Thermal Coal,Energy,Mr. Gautambhai Shantilal Adani S.Y. B.Com,"Ahmedabad, India",https://www.adanienterprises.com,2308.8,2238.85,2664840298496,77.06275,29.96,0.00059999997,3743.9,2025.0
2009-02-18 00:00:00+05:30,15.69361780776293,2314.95,2213.75,15.781501770019531,1379552,0.0,0.0,ADANIENT.NS,Adani Enterprises Limited,Thermal Coal,Energy,Mr. Gautambhai Shantilal Adani S.Y. B.Com,"Ahmedabad, India",https://www.adanienterprises.com,2308.8,2238.85,2664840298496,77.06275,29.96,0.00059999997,3743.9,2025.0
2009-02-19 00:00:00+05:30,16.067126120031897,2314.95,2213.75,16.19267463684082,1379552,0.0,0.0,ADANIENT.NS,Adani Enterprises Limited,Thermal Coal,Energy,Mr. Gautambhai Shantilal Adani S.Y. B.Com,"Ahmedabad, India",https://www.adanienterprises.com,2308.8,2238.85,2664840298496,77.06275,29.96,0.00059999997,3743.9,2025.0
2009-02-20 00:00:00+05:30,15.881943192987189,2314.95,2213.75,15.768949508666992,1379552,0.0,0.0,ADANIENT.NS,Adani Enterprises Limited,Thermal Coal,Energy,Mr. Gautambhai Shantilal Adani S.Y. B.Com,"Ahmedabad, India",https://www.adanienterprises.com,2308.8,2238.85,2664840298496,77.06275,29.96,0.00059999997,3743.9,2025.0
2009-02-24 00:00:00+05:30,16.572461909352572,2314.95,2213.75,15.652815818786621,1379552,0.0,0.0,ADANIENT.NS,Adani Enterprises Limited,Thermal Coal,Energy,Mr. Gautambhai Shantilal Adani S.Y. B.Com,"Ahmedabad, India",https://www.adanienterprises.com,2308.8,2238.85,2664840298496,77.06275,29.96,0.00059999997,3743.9,2025.0
2009-02-25 00:00:00+05:30,15.9133301607525,2314.95,2213.75,15.398579597473145,1379552,0.0,0.0,ADANIENT.NS,Adani Enterprises Limited,Thermal Coal,Energy,Mr. Gautambhai Shantilal Adani S.Y. B.Com,"Ahmedabad, India",https://www.adanienterprises.com,2308.8,2238.85,2664840298496,77.06275,29.96,0.00059999997,3743.9,2025.0
2009-02-26 00:00:00+05:30,15.75639268466842,2314.95,2213.75,15.360913276672363,1379552,0.0,0.0,ADANIENT.NS,Adani Enterprises Limited,Thermal Coal,Energy,Mr. Gautambhai Shantilal Adani S.Y. B.Com,"Ahmedabad, India",https://www.adanienterprises.com,2308.8,2238.85,2664840298496,77.06275,29.96,0.00059999997,3743.9,2025.0
2009-02-27 00:00:00+05:30,15.693618248899801,2314.95,2213.75,15.364051818847656,1379552,0.0,0.0,ADANIENT.NS,Adani Enterprises Limited,Thermal Coal,Energy,Mr. Gautambhai Shantilal Adani S.Y. B.Com,"Ahmedabad, India",https://www.adanienterprises.com,2308.8,2238.85,2664840298496,77.06275,29.96,0.00059999997,3743.9,2025.0
2009-03-02 00:00:00+05:30,15.191426952472492,2314.95,2213.75,15.65595817565918,1379552,0.0,0.0,ADANIENT.NS,Adani Enterprises Limited,Thermal Coal,Energy,Mr. Gautambhai Shantilal Adani S.Y. B.Com,"Ahmedabad, India",https://www.adanienterprises.com,2308.8,2238.85,2664840298496,77.06275,29.96,0.00059999997,3743.9,2025.0
2009-03-03 00:00:00+05:30,15.386024743791362,2314.95,2213.75,15.398579597473145,1379552,0.0,0.0,ADANIENT.NS,Adani Enterprises Limited,Thermal Coal,Energy,Mr. Gautambhai Shantilal Adani S.Y. B.Com,"Ahmedabad, India",https://www.adanienterprises.com,2308.8,2238.85,2664840298496,77.06275,29.96,0.00059999997,3743.9,2025.0
2009-03-04 00:00:00+05:30,15.382886963687005,2314.95,2213.75,15.370333671569824,1379552,0.0,0.0,ADANIENT.NS,Adani Enterprises Limited,Thermal Coal,Energy,Mr. Gautambhai Shantilal Adani S.Y. B.Com,"Ahmedabad, India",https://www.adanienterprises.com,2308.8,2238.85,2664840298496,77.06275,29.96,0.00059999997,3743.9,2025.0
2009-03-05 00:00:00+05:30,15.329527389859937,2314.95,2213.75,15.285585403442383,1379552,0.0,0.0,ADANIENT.NS,Adani Enterprises Limited,Thermal Coal,Energy,Mr. Gautambhai Shantilal Adani S.Y. B.Com,"Ahmedabad, India",https://www.adanienterprises.com,2308.8,2238.85,2664840298496,77.06275,29.96,0.00059999997,3743.9,2025.0
2009-03-06 00:00:00+05:30,15.128648229321248,2314.95,2213.75,15.43624210357666,1379552,0.0,0.0,ADANIENT.NS,Adani Enterprises Limited,Thermal Coal,Energy,Mr. Gautambhai Shantilal Adani S.Y. B.Com,"Ahmedabad, India",https://www.adanienterprises.com,2308.8,2238.85,2664840298496,77.06275,29.96,0.00059999997,3743.9,2025.0
2009-03-09 00:00:00+05:30,15.687340822847874,2314.95,2213.75,15.364051818847656,1379552,0.0,0.0,ADANIENT.NS,Adani Enterprises Limited,Thermal Coal,Energy,Mr. Gautambhai Shantilal Adani S.Y. B.Com,"Ahmedabad, India",https://www.adanienterprises.com,2308.8,2238.85,2664840298496,77.06275,29.96,0.00059999997,3743.9,2025.0
2009-03-12 00:00:00+05:30,15.662231540478512,2314.95,2213.75,15.338942527770996,1379552,0.0,0.0,ADANIENT.NS,Adani Enterprises Limited,Thermal Coal,Energy,Mr. Gautambhai Shantilal Adani S.Y. B.Com,"Ahmedabad, India",https://www.adanienterprises.com,2308.8,2238.85,2664840298496,77.06275,29.96,0.00059999997,3743.9,2025.0
2009-03-13 00:00:00+05:30,15.429962666961405,2314.95,2213.75,15.602593421936035,1379552,0.0,0.0,ADANIENT.NS,Adani Enterprises Limited,Thermal Coal,Energy,Mr. Gautambhai Shantilal Adani S.Y. B.Com,"Ahmedabad, India",https://www.adanienterprises.com,2308.8,2238.85,2664840298496,77.06275,29.96,0.00059999997,3743.9,2025.0
2009-03-16 00:00:00+05:30,15.819167326647113,2314.95,2213.75,15.728144645690918,1379552,0.0,0.0,ADANIENT.NS,Adani Enterprises Limited,Thermal Coal,Energy,Mr. Gautambhai Shantilal Adani S.Y. B.Com,"Ahmedabad, India",https://www.adanienterprises.com,2308.8,2238.85,2664840298496,77.06275,29.96,0.00059999997,3743.9,2025.0
2009-03-17 00:00:00+05:30,15.750118496126017,2314.95,2213.75,15.571211814880371,1379552,0.0,0.0,ADANIENT.NS,Adani Enterprises Limited,Thermal Coal,Energy,Mr. Gautambhai Shantilal Adani S.Y. B.Com,"Ahmedabad, India",https://www.adanienterprises.com,2308.8,2238.85,2664840298496,77.06275,29.96,0.00059999997,3743.9,2025.0
2009-03-18 00:00:00+05:30,15.797195997240527,2314.95,2213.75,15.524127960205078,1379552,0.0,0.0,ADANIENT.NS,Adani Enterprises Limited,Thermal Coal,Energy,Mr. Gautambhai Shantilal Adani S.Y. B.Com,"Ahmedabad, India",https://www.adanienterprises.com,2308.8,2238.85,2664840298496,77.06275,29.96,0.00059999997,3743.9,2025.0
2009-03-19 00:00:00+05:30,15.91019081347966,2314.95,2213.75,15.269891738891602,1379552,0.0,0.0,ADANIENT.NS,Adani Enterprises Limited,Thermal Coal,Energy,Mr. Gautambhai Shantilal Adani S.Y. B.Com,"Ahmedabad, India",https://www.adanienterprises.com,2308.8,2238.85,2664840298496,77.06275,29.96,0.00059999997,3743.9,2025.0
2009-03-20 00:00:00+05:30,15.505292590200813,2314.95,2213.75,15.458211898803711,1379552,0.0,0.0,ADANIENT.NS,Adani Enterprises Limited,Thermal Coal,Energy,Mr. Gautambhai Shantilal Adani S.Y. B.Com,"Ahmedabad, India",https://www.adanienterprises.com,2308.8,2238.85,2664840298496,77.06275,29.96,0.00059999997,3743.9,2025.0
2009-03-23 00:00:00+05:30,15.69361753175661,2314.95,2213.75,15.558652877807617,1379552,0.0,0.0,ADANIENT.NS,Adani Enterprises Limited,Thermal Coal,Energy,Mr. Gautambhai Shantilal Adani S.Y. B.Com,"Ahmedabad, India",https://www.adanienterprises.com,2308.8,2238.85,2664840298496,77.06275,29.96,0.00059999997,3743.9,2025.0
2009-03-24 00:00:00+05:30,15.881941682489996,2314.95,2213.75,15.282445907592773,1379552,0.0,0.0,ADANIENT.NS,Adani Enterprises Limited,Thermal Coal,Energy,Mr. Gautambhai Shantilal Adani S.Y. B.Com,"Ahmedabad, India",https://www.adanienterprises.com,2308.8,2238.85,2664840298496,77.06275,29.96,0.00059999997,3743.9,2025.0
2009-03-25 00:00:00+05:30,15.379749259513483,2314.95,2213.75,15.310697555541992,1379552,0.0,0.0,ADANIENT.NS,Adani Enterprises Limited,Thermal Coal,Energy,Mr. Gautambhai Shantilal Adani S.Y. B.Com,"Ahmedabad, India",https://www.adanienterprises.com,2308.8,2238.85,2664840298496,77.06275,29.96,0.00059999997,3743.9,2025.0
2009-03-26 00:00:00+05:30,15.615151452289213,2314.95,2213.75,15.561793327331543,1379552,0.0,0.0,ADANIENT.NS,Adani Enterprises Limited,Thermal Coal,Energy,Mr. Gautambhai Shantilal Adani S.Y. B.Com,"Ahmedabad, India",https://www.adanienterprises.com,2308.8,2238.85,2664840298496,77.06275,29.96,0.00059999997,3743.9,2025.0
2009-03-27 00:00:00+05:30,15.693617977608211,2314.95,2213.75,15.778363227844238,1379552,0.0,0.0,ADANIENT.NS,Adani Enterprises Limited,Thermal Coal,Energy,Mr. Gautambhai Shantilal Adani S.Y. B.Com,"Ahmedabad, India",https://www.adanienterprises.com,2308.8,2238.85,2664840298496,77.06275,29.96,0.00059999997,3743.9,2025.0
2009-03-30 00:00:00+05:30,16.572457254857387,2314.95,2213.75,16.180116653442383,1379552,0.0,0.0,ADANIENT.NS,Adani Enterprises Limited,Thermal Coal,Energy,Mr. Gautambhai Shantilal Adani S.Y. B.Com,"Ahmedabad, India",https://www.adanienterprises.com,2308.8,2238.85,2664840298496,77.06275,29.96,0.00059999997,3743.9,2025.0
2009-03-31 00:00:00+05:30,16.481441182025907,2314.95,2213.75,16.801589965820312,1379552,0.0,0.0,ADANIENT.NS,Adani Enterprises Limited,Thermal Coal,Energy,Mr. Gautambhai Shantilal Adani S.Y. B.Com,"Ahmedabad, India",https://www.adanienterprises.com,2308.8,2238.85,2664840298496,77.06275,29.96,0.00059999997,3743.9,2025.0
2009-04-01 00:00:00+05:30,16.81727891500286,2314.95,2213.75,17.561155319213867,1379552,0.0,0.0,ADANIENT.NS,Adani Enterprises Limited,Thermal Coal,Energy,Mr. Gautambhai Shantilal Adani S.Y. B.Com,"Ahmedabad, India",https://www.adanienterprises.com,2308.8,2238.85,2664840298496,77.06275,29.96,0.00059999997,3743.9,2025.0
2009-04-02 00:00:00+05:30,18.01313801732067,2314.95,2213.75,18.731904983520508,1379552,0.0,0.0,ADANIENT.NS,Adani Enterprises Limited,Thermal Coal,Energy,Mr. Gautambhai Shantilal Adani S.Y. B.Com,"Ahmedabad, India",https://www.adanienterprises.com,2308.8,2238.85,2664840298496,77.06275,29.96,0.00059999997,3743.9,2025.0
2009-04-06 00:00:00+05:30,19.146215328987992,2314.95,2213.75,21.082807540893555,1379552,0.0,0.0,ADANIENT.NS,Adani Enterprises Limited,Thermal Coal,Energy,Mr. Gautambhai Shantilal Adani S.Y. B.Com,"Ahmedabad, India",https://www.adanienterprises.com,2308.8,2238.85,2664840298496,77.06275,29.96,0.00059999997,3743.9,2025.0
2009-04-08 00:00:00+05:30,20.652801330393523,2314.95,2213.75,20.743824005126953,1379552,0.0,0.0,ADANIENT.NS,Adani Enterprises Limited,Thermal Coal,Energy,Mr. Gautambhai Shantilal Adani S.Y. B.Com,"Ahmedabad, India",https://www.adanienterprises.com,2308.8,2238.85,2664840298496,77.06275,29.96,0.00059999997,3743.9,2025.0
2009-04-09 00:00:00+05:30,21.154997710588567,2314.95,2213.75,21.227188110351562,1379552,0.0,0.0,ADANIENT.NS,Adani Enterprises Limited,Thermal Coal,Energy,Mr. Gautambhai Shantilal Adani S.Y. B.Com,"Ahmedabad, India",https://www.adanienterprises.com,2308.8,2238.85,2664840298496,77.06275,29.96,0.00059999997,3743.9,2025.0
2009-04-13 00:00:00+05:30,21.660331626366972,2314.95,2213.75,21.644638061523438,1379552,0.0,0.0,ADANIENT.NS,Adani Enterprises Limited,Thermal Coal,Energy,Mr. Gautambhai Shantilal Adani S.Y. B.Com,"Ahmedabad, India",https://www.adanienterprises.com,2308.8,2238.85,2664840298496,77.06275,29.96,0.00059999997,3743.9,2025.0
2009-04-15 00:00:00+05:30,21.719965249232736,2314.95,2213.75,22.962900161743164,1379552,0.0,0.0,ADANIENT.NS,Adani Enterprises Limited,Thermal Coal,Energy,Mr. Gautambhai Shantilal Adani S.Y. B.Com,"Ahmedabad, India",https://www.adanienterprises.com,2308.8,2238.85,2664840298496,77.06275,29.96,0.00059999997,3743.9,2025.0
2009-04-16 00:00:00+05:30,23.628314880856237,2314.95,2213.75,21.942819595336914,1379552,0.0,0.0,ADANIENT.NS,Adani Enterprises Limited,Thermal Coal,Energy,Mr. Gautambhai Shantilal Adani S.Y. B.Com,"Ahmedabad, India",https://www.adanienterprises.com,2308.8,2238.85,2664840298496,77.06275,29.96,0.00059999997,3743.9,2025.0
2009-04-17 00:00:00+05:30,22.033838713952054,2314.95,2213.75,22.043254852294922,1379552,0.0,0.0,ADANIENT.NS,Adani Enterprises Limited,Thermal Coal,Energy,Mr. Gautambhai Shantilal Adani S.Y. B.Com,"Ahmedabad, India",https://www.adanienterprises.com,2308.8,2238.85,2664840298496,77.06275,29.96,0.00059999997,3743.9,2025.0
2009-04-20 00:00:00+05:30,22.28493470245482,2314.95,2213.75,22.06208610534668,1379552,0.0,0.0,ADANIENT.NS,Adani Enterprises Limited,Thermal Coal,Energy,Mr. Gautambhai Shantilal Adani S.Y. B.Com,"Ahmedabad, India",https://www.adanienterprises.com,2308.8,2238.85,2664840298496,77.06275,29.96,0.00059999997,3743.9,2025.0
2009-04-21 00:00:00+05:30,21.971065368459513,2314.95,2213.75,22.611364364624023,1379552,0.0,0.0,ADANIENT.NS,Adani Enterprises Limited,Thermal Coal,Energy,Mr. Gautambhai Shantilal Adani S.Y. B.Com,"Ahmedabad, India",https://www.adanienterprises.com,2308.8,2238.85,2664840298496,77.06275,29.96,0.00059999997,3743.9,2025.0
2009-04-22 00:00:00+05:30,23.16378593037548,2314.95,2213.75,22.84991455078125,1379552,0.0,0.0,ADANIENT.NS,Adani Enterprises Limited,Thermal Coal,Energy,Mr. Gautambhai Shantilal Adani S.Y. B.Com,"Ahmedabad, India",https://www.adanienterprises.com,2308.8,2238.85,2664840298496,77.06275,29.96,0.00059999997,3743.9,2025.0
2009-04-23 00:00:00+05:30,23.53414768091626,2314.95,2213.75,24.381603240966797,1379552,0.0,0.0,ADANIENT.NS,Adani Enterprises Limited,Thermal Coal,Energy,Mr. Gautambhai Shantilal Adani S.Y. B.Com,"Ahmedabad, India",https://www.adanienterprises.com,2308.8,2238.85,2664840298496,77.06275,29.96,0.00059999997,3743.9,2025.0
2009-04-24 00:00:00+05:30,24.758253354170662,2314.95,2213.75,27.862451553344727,1379552,0.0,0.0,ADANIENT.NS,Adani Enterprises Limited,Thermal Coal,Energy,Mr. Gautambhai Shantilal Adani S.Y. B.Com,"Ahmedabad, India",https://www.adanienterprises.com,2308.8,2238.85,2664840298496,77.06275,29.96,0.00059999997,3743.9,2025.0
2009-04-27 00:00:00+05:30,27.608211918250298,2314.95,2213.75,26.770174026489258,1379552,0.0,0.0,ADANIENT.NS,Adani Enterprises Limited,Thermal Coal,Energy,Mr. Gautambhai Shantilal Adani S.Y. B.Com,"Ahmedabad, India",https://www.adanienterprises.com,2308.8,2238.85,2664840298496,77.06275,29.96,0.00059999997,3743.9,2025.0
2009-04-28 00:00:00+05:30,26.67915338043201,2314.95,2213.75,24.695480346679688,1379552,0.0,0.0,ADANIENT.NS,Adani Enterprises Limited,Thermal Coal,Energy,Mr. Gautambhai Shantilal Adani S.Y. B.Com,"Ahmedabad, India",https://www.adanienterprises.com,2308.8,2238.85,2664840298496,77.06275,29.96,0.00059999997,3743.9,2025.0
2009-04-29 00:00:00+05:30,25.235339567371206,2314.95,2213.75,26.43119239807129,1379552,0.0,0.0,ADANIENT.NS,Adani Enterprises Limited,Thermal Coal,Energy,Mr. Gautambhai Shantilal Adani S.Y. B.Com,"Ahmedabad, India",https://www.adanienterprises.com,2308.8,2238.85,2664840298496,77.06275,29.96,0.00059999997,3743.9,2025.0
2009-04-30 00:00:00+05:30,26.556737899780273,2314.95,2213.75,26.556737899780273,1379552,0.0,0.0,ADANIENT.NS,Adani Enterprises Limited,Thermal Coal,Energy,Mr. Gautambhai Shantilal Adani S.Y. B.Com,"Ahmedabad, India",https://www.adanienterprises.com,2308.8,2238.85,2664840298496,77.06275,29.96,0.00059999997,3743.9,2025.0
2009-05-04 00:00:00+05:30,26.80469590865741,2314.95,2213.75,29.077133178710938,1379552,0.0,0.0,ADANIENT.NS,Adani Enterprises Limited,Thermal Coal,Energy,Mr. Gautambhai Shantilal Adani S.Y. B.Com,"Ahmedabad, India",https://www.adanienterprises.com,2308.8,2238.85,2664840298496,77.06275,29.96,0.00059999997,3743.9,2025.0
2009-05-05 00:00:00+05:30,29.78021383875761,2314.95,2213.75,28.389759063720703,1379552,0.0,0.0,ADANIENT.NS,Adani Enterprises Limited,Thermal Coal,Energy,Mr. Gautambhai Shantilal Adani S.Y. B.Com,"Ahmedabad, India",https://www.adanienterprises.com,2308.8,2238.85,2664840298496,77.06275,29.96,0.00059999997,3743.9,2025.0
2009-05-06 00:00:00+05:30,28.42428018136187,2314.95,2213.75,27.944055557250977,1379552,0.0,0.0,ADANIENT.NS,Adani Enterprises Limited,Thermal Coal,Energy,Mr. Gautambhai Shantilal Adani S.Y. B.Com,"Ahmedabad, India",https://www.adanienterprises.com,2308.8,2238.85,2664840298496,77.06275,29.96,0.00059999997,3743.9,2025.0
2009-05-07 00:00:00+05:30,28.24851144651784,2314.95,2213.75,28.298730850219727,1379552,0.0,0.0,ADANIENT.NS,Adani Enterprises Limited,Thermal Coal,Energy,Mr. Gautambhai Shantilal Adani S.Y. B.Com,"Ahmedabad, India",https://www.adanienterprises.com,2308.8,2238.85,2664840298496,77.06275,29.96,0.00059999997,3743.9,2025.0
2009-05-08 00:00:00+05:30,28.374059014845194,2314.95,2213.75,27.014991760253906,1379552,0.0,0.0,ADANIENT.NS,Adani Enterprises Limited,Thermal Coal,Energy,Mr. Gautambhai Shantilal Adani S.Y. B.Com,"Ahmedabad, India",https://www.adanienterprises.com,2308.8,2238.85,2664840298496,77.06275,29.96,0.00059999997,3743.9,2025.0
2009-05-11 00:00:00+05:30,27.1813472959684,2314.95,2213.75,26.635208129882812,1379552,0.0,0.0,ADANIENT.NS,Adani Enterprises Limited,Thermal Coal,Energy,Mr. Gautambhai Shantilal Adani S.Y. B.Com,"Ahmedabad, India",https://www.adanienterprises.com,2308.8,2238.85,2664840298496,77.06275,29.96,0.00059999997,3743.9,2025.0
2009-05-12 00:00:00+05:30,25.925856098572172,2314.95,2213.75,27.087182998657227,1379552,0.0,0.0,ADANIENT.NS,Adani Enterprises Limited,Thermal Coal,Energy,Mr. Gautambhai Shantilal Adani S.Y. B.Com,"Ahmedabad, India",https://www.adanienterprises.com,2308.8,2238.85,2664840298496,77.06275,29.96,0.00059999997,3743.9,2025.0
2009-05-13 00:00:00+05:30,27.60193753267826,2314.95,2213.75,27.918949127197266,1379552,0.0,0.0,ADANIENT.NS,Adani Enterprises Limited,Thermal Coal,Energy,Mr. Gautambhai Shantilal Adani S.Y. B.Com,"Ahmedabad, India",https://www.adanienterprises.com,2308.8,2238.85,2664840298496,77.06275,29.96,0.00059999997,3743.9,2025.0
2009-05-14 00:00:00+05:30,25.73753265118439,2314.95,2213.75,28.364643096923828,1379552,0.0,0.0,ADANIENT.NS,Adani Enterprises Limited,Thermal Coal,Energy,Mr. Gautambhai Shantilal Adani S.Y. B.Com,"Ahmedabad, India",https://www.adanienterprises.com,2308.8,2238.85,2664840298496,77.06275,29.96,0.00059999997,3743.9,2025.0
2009-05-15 00:00:00+05:30,28.804072487396677,2314.95,2213.75,30.043869018554688,1379552,0.0,0.0,ADANIENT.NS,Adani Enterprises Limited,Thermal Coal,Energy,Mr. Gautambhai Shantilal Adani S.Y. B.Com,"Ahmedabad, India",https://www.adanienterprises.com,2308.8,2238.85,2664840298496,77.06275,29.96,0.00059999997,3743.9,2025.0
2009-05-18 00:00:00+05:30,32.934624425573006,2314.95,2213.75,33.050758361816406,1379552,0.0,0.0,ADANIENT.NS,Adani Enterprises Limited,Thermal Coal,Energy,Mr. Gautambhai Shantilal Adani S.Y. B.Com,"Ahmedabad, India",https://www.adanienterprises.com,2308.8,2238.85,2664840298496,77.06275,29.96,0.00059999997,3743.9,2025.0
2009-05-19 00:00:00+05:30,33.33952442459336,2314.95,2213.75,36.355838775634766,1379552,0.0,0.0,ADANIENT.NS,Adani Enterprises Limited,Thermal Coal,Energy,Mr. Gautambhai Shantilal Adani S.Y. B.Com,"Ahmedabad, India",https://www.adanienterprises.com,2308.8,2238.85,2664840298496,77.06275,29.96,0.00059999997,3743.9,2025.0
2009-05-20 00:00:00+05:30,36.534751934780395,2314.95,2213.75,38.17630386352539,1379552,0.0,0.0,ADANIENT.NS,Adani Enterprises Limited,Thermal Coal,Energy,Mr. Gautambhai Shantilal Adani S.Y. B.Com,"Ahmedabad, India",https://www.adanienterprises.com,2308.8,2238.85,2664840298496,77.06275,29.96,0.00059999997,3743.9,2025.0
2009-05-21 00:00:00+05:30,38.606300538294846,2314.95,2213.75,37.78395462036133,1379552,0.0,0.0,ADANIENT.NS,Adani Enterprises Limited,Thermal Coal,Energy,Mr. Gautambhai Shantilal Adani S.Y. B.Com,"Ahmedabad, India",https://www.adanienterprises.com,2308.8,2238.85,2664840298496,77.06275,29.96,0.00059999997,3743.9,2025.0
2009-05-22 00:00:00+05:30,37.66468202498682,2314.95,2213.75,39.24032211303711,1379552,0.0,0.0,ADANIENT.NS,Adani Enterprises Limited,Thermal Coal,Energy,Mr. Gautambhai Shantilal Adani S.Y. B.Com,"Ahmedabad, India",https://www.adanienterprises.com,2308.8,2238.85,2664840298496,77.06275,29.96,0.00059999997,3743.9,2025.0
2009-05-25 00:00:00+05:30,39.761352549824196,2314.95,2213.75,39.89004135131836,1379552,0.0,0.0,ADANIENT.NS,Adani Enterprises Limited,Thermal Coal,Energy,Mr. Gautambhai Shantilal Adani S.Y. B.Com,"Ahmedabad, India",https://www.adanienterprises.com,2308.8,2238.85,2664840298496,77.06275,29.96,0.00059999997,3743.9,2025.0
2009-05-26 00:00:00+05:30,40.48325328618235,2314.95,2213.75,38.775787353515625,1379552,0.0,0.0,ADANIENT.NS,Adani Enterprises Limited,Thermal Coal,Energy,Mr. Gautambhai Shantilal Adani S.Y. B.Com,"Ahmedabad, India",https://www.adanienterprises.com,2308.8,2238.85,2664840298496,77.06275,29.96,0.00059999997,3743.9,2025.0
2009-05-27 00:00:00+05:30,39.54791696425361,2314.95,2213.75,39.993614196777344,1379552,0.0,0.0,ADANIENT.NS,Adani Enterprises Limited,Thermal Coal,Energy,Mr. Gautambhai Shantilal Adani S.Y. B.Com,"Ahmedabad, India",https://www.adanienterprises.com,2308.8,2238.85,2664840298496,77.06275,29.96,0.00059999997,3743.9,2025.0
2009-05-28 00:00:00+05:30,40.57115038660627,2314.95,2213.75,40.3514404296875,1379552,0.0,0.0,ADANIENT.NS,Adani Enterprises Limited,Thermal Coal,Energy,Mr. Gautambhai Shantilal Adani S.Y. B.Com,"Ahmedabad, India",https://www.adanienterprises.com,2308.8,2238.85,2664840298496,77.06275,29.96,0.00059999997,3743.9,2025.0
2009-05-29 00:00:00+05:30,40.856766782875816,2314.95,2213.75,42.369632720947266,1379552,0.0,0.0,ADANIENT.NS,Adani Enterprises Limited,Thermal Coal,Energy,Mr. Gautambhai Shantilal Adani S.Y. B.Com,"Ahmedabad, India",https://www.adanienterprises.com,2308.8,2238.85,2664840298496,77.06275,29.96,0.00059999997,3743.9,2025.0
2009-06-01 00:00:00+05:30,43.590593278583874,2314.95,2213.75,44.375274658203125,1379552,0.0,0.0,ADANIENT.NS,Adani Enterprises Limited,Thermal Coal,Energy,Mr. Gautambhai Shantilal Adani S.Y. B.Com,"Ahmedabad, India",https://www.adanienterprises.com,2308.8,2238.85,2664840298496,77.06275,29.96,0.00059999997,3743.9,2025.0
2009-06-02 00:00:00+05:30,45.15995433602333,2314.95,2213.75,42.30057907104492,1379552,0.0,0.0,ADANIENT.NS,Adani Enterprises Limited,Thermal Coal,Energy,Mr. Gautambhai Shantilal Adani S.Y. B.Com,"Ahmedabad, India",https://www.adanienterprises.com,2308.8,2238.85,2664840298496,77.06275,29.96,0.00059999997,3743.9,2025.0
2009-06-03 00:00:00+05:30,42.81219581897476,2314.95,2213.75,43.458770751953125,1379552,0.0,0.0,ADANIENT.NS,Adani Enterprises Limited,Thermal Coal,Energy,Mr. Gautambhai Shantilal Adani S.Y. B.Com,"Ahmedabad, India",https://www.adanienterprises.com,2308.8,2238.85,2664840298496,77.06275,29.96,0.00059999997,3743.9,2025.0
2009-06-04 00:00:00+05:30,43.314397620447,2314.95,2213.75,45.633914947509766,1379552,0.0,0.0,ADANIENT.NS,Adani Enterprises Limited,Thermal Coal,Energy,Mr. Gautambhai Shantilal Adani S.Y. B.Com,"Ahmedabad, India",https://www.adanienterprises.com,2308.8,2238.85,2664840298496,77.06275,29.96,0.00059999997,3743.9,2025.0
2009-06-05 00:00:00+05:30,46.43428185695722,2314.95,2213.75,47.890647888183594,1379552,0.0,0.0,ADANIENT.NS,Adani Enterprises Limited,Thermal Coal,Energy,Mr. Gautambhai Shantilal Adani S.Y. B.Com,"Ahmedabad, India",https://www.adanienterprises.com,2308.8,2238.85,2664840298496,77.06275,29.96,0.00059999997,3743.9,2025.0
2009-06-08 00:00:00+05:30,48.33634790854482,2314.95,2213.75,45.502079010009766,1379552,0.0,0.0,ADANIENT.NS,Adani Enterprises Limited,Thermal Coal,Energy,Mr. Gautambhai Shantilal Adani S.Y. B.Com,"Ahmedabad, India",https://www.adanienterprises.com,2308.8,2238.85,2664840298496,77.06275,29.96,0.00059999997,3743.9,2025.0
2009-06-09 00:00:00+05:30,45.15995321175367,2314.95,2213.75,45.26980972290039,1379552,0.0,0.0,ADANIENT.NS,Adani Enterprises Limited,Thermal Coal,Energy,Mr. Gautambhai Shantilal Adani S.Y. B.Com,"Ahmedabad, India",https://www.adanienterprises.com,2308.8,2238.85,2664840298496,77.06275,29.96,0.00059999997,3743.9,2025.0
2009-06-10 00:00:00+05:30,45.81908857953804,2314.95,2213.75,45.91324996948242,1379552,0.0,0.0,ADANIENT.NS,Adani Enterprises Limited,Thermal Coal,Energy,Mr. Gautambhai Shantilal Adani S.Y. B.Com,"Ahmedabad, India",https://www.adanienterprises.com,2308.8,2238.85,2664840298496,77.06275,29.96,0.00059999997,3743.9,2025.0
2009-06-11 00:00:00+05:30,46.446828028912,2314.95,2213.75,44.940242767333984,1379552,0.0,0.0,ADANIENT.NS,Adani Enterprises Limited,Thermal Coal,Energy,Mr. Gautambhai Shantilal Adani S.Y. B.Com,"Ahmedabad, India",https://www.adanienterprises.com,2308.8,2238.85,2664840298496,77.06275,29.96,0.00059999997,3743.9,2025.0
2009-06-12 00:00:00+05:30,45.19762082027947,2314.95,2213.75,45.51777267456055,1379552,0.0,0.0,ADANIENT.NS,Adani Enterprises Limited,Thermal Coal,Energy,Mr. Gautambhai Shantilal Adani S.Y. B.Com,"Ahmedabad, India",https://www.adanienterprises.com,2308.8,2238.85,2664840298496,77.06275,29.96,0.00059999997,3743.9,2025.0
2009-06-15 00:00:00+05:30,44.507101859170696,2314.95,2213.75,45.31061553955078,1379552,0.0,0.0,ADANIENT.NS,Adani Enterprises Limited,Thermal Coal,Energy,Mr. Gautambhai Shantilal Adani S.Y. B.Com,"Ahmedabad, India",https://www.adanienterprises.com,2308.8,2238.85,2664840298496,77.06275,29.96,0.00059999997,3743.9,2025.0
2009-06-16 00:00:00+05:30,44.3187793939481,2314.95,2213.75,47.08085632324219,1379552,0.0,0.0,ADANIENT.NS,Adani Enterprises Limited,Thermal Coal,Energy,Mr. Gautambhai Shantilal Adani S.Y. B.Com,"Ahmedabad, India",https://www.adanienterprises.com,2308.8,2238.85,2664840298496,77.06275,29.96,0.00059999997,3743.9,2025.0
2009-06-17 00:00:00+05:30,47.48261951752236,2314.95,2213.75,44.98733139038086,1379552,0.0,0.0,ADANIENT.NS,Adani Enterprises Limited,Thermal Coal,Energy,Mr. Gautambhai Shantilal Adani S.Y. B.Com,"Ahmedabad, India",https://www.adanienterprises.com,2308.8,2238.85,2664840298496,77.06275,29.96,0.00059999997,3743.9,2025.0
2009-06-18 00:00:00+05:30,45.009298755309736,2314.95,2213.75,44.896305084228516,1379552,0.0,0.0,ADANIENT.NS,Adani Enterprises Limited,Thermal Coal,Energy,Mr. Gautambhai Shantilal Adani S.Y. B.Com,"Ahmedabad, India",https://www.adanienterprises.com,2308.8,2238.85,2664840298496,77.06275,29.96,0.00059999997,3743.9,2025.0
2009-06-19 00:00:00+05:30,45.197632502176305,2314.95,2213.75,44.033164978027344,1379552,0.0,0.0,ADANIENT.NS,Adani Enterprises Limited,Thermal Coal,Energy,Mr. Gautambhai Shantilal Adani S.Y. B.Com,"Ahmedabad, India",https://www.adanienterprises.com,2308.8,2238.85,2664840298496,77.06275,29.96,0.00059999997,3743.9,2025.0
2009-06-22 00:00:00+05:30,45.44871765869401,2314.95,2213.75,43.29555130004883,1379552,0.0,0.0,ADANIENT.NS,Adani Enterprises Limited,Thermal Coal,Energy,Mr. Gautambhai Shantilal Adani S.Y. B.Com,"Ahmedabad, India",https://www.adanienterprises.com,2308.8,2238.85,2664840298496,77.06275,29.96,0.00059999997,3743.9,2025.0
2009-06-23 00:00:00+05:30,42.62387056092424,2314.95,2213.75,42.82788848876953,1379552,0.0,0.0,ADANIENT.NS,Adani Enterprises Limited,Thermal Coal,Energy,Mr. Gautambhai Shantilal Adani S.Y. B.Com,"Ahmedabad, India",https://www.adanienterprises.com,2308.8,2238.85,2664840298496,77.06275,29.96,0.00059999997,3743.9,2025.0
2009-06-24 00:00:00+05:30,43.31438716321896,2314.95,2213.75,44.97163391113281,1379552,0.0,0.0,ADANIENT.NS,Adani Enterprises Limited,Thermal Coal,Energy,Mr. Gautambhai Shantilal Adani S.Y. B.Com,"Ahmedabad, India",https://www.adanienterprises.com,2308.8,2238.85,2664840298496,77.06275,29.96,0.00059999997,3743.9,2025.0
2009-06-25 00:00:00+05:30,47.22209930419922,2314.95,2213.75,47.22209930419922,1379552,0.0,0.0,ADANIENT.NS,Adani Enterprises Limited,Thermal Coal,Energy,Mr. Gautambhai Shantilal Adani S.Y. B.Com,"Ahmedabad, India",https://www.adanienterprises.com,2308.8,2238.85,2664840298496,77.06275,29.96,0.00059999997,3743.9,2025.0
2009-06-26 00:00:00+05:30,49.58555603027344,2314.95,2213.75,49.58555603027344,1379552,0.0,0.0,ADANIENT.NS,Adani Enterprises Limited,Thermal Coal,Energy,Mr. Gautambhai Shantilal Adani S.Y. B.Com,"Ahmedabad, India",https://www.adanienterprises.com,2308.8,2238.85,2664840298496,77.06275,29.96,0.00059999997,3743.9,2025.0
2009-06-29 00:00:00+05:30,50.51461745522538,2314.95,2213.75,52.02120590209961,1379552,0.0,0.0,ADANIENT.NS,Adani Enterprises Limited,Thermal Coal,Energy,Mr. Gautambhai Shantilal Adani S.Y. B.Com,"Ahmedabad, India",https://www.adanienterprises.com,2308.8,2238.85,2664840298496,77.06275,29.96,0.00059999997,3743.9,2025.0
2009-06-30 00:00:00+05:30,52.41668892592474,2314.95,2213.75,51.49390411376953,1379552,0.0,0.0,ADANIENT.NS,Adani Enterprises Limited,Thermal Coal,Energy,Mr. Gautambhai Shantilal Adani S.Y. B.Com,"Ahmedabad, India",https://www.adanienterprises.com,2308.8,2238.85,2664840298496,77.06275,29.96,0.00059999997,3743.9,2025.0
2009-07-01 00:00:00+05:30,51.6006186077029,2314.95,2213.75,50.35768508911133,1379552,0.0,0.0,ADANIENT.NS,Adani Enterprises Limited,Thermal Coal,Energy,Mr. Gautambhai Shantilal Adani S.Y. B.Com,"Ahmedabad, India",https://www.adanienterprises.com,2308.8,2238.85,2664840298496,77.06275,29.96,0.00059999997,3743.9,2025.0
2009-07-02 00:00:00+05:30,51.45623943444097,2314.95,2213.75,49.008033752441406,1379552,0.0,0.0,ADANIENT.NS,Adani Enterprises Limited,Thermal Coal,Energy,Mr. Gautambhai Shantilal Adani S.Y. B.Com,"Ahmedabad, India",https://www.adanienterprises.com,2308.8,2238.85,2664840298496,77.06275,29.96,0.00059999997,3743.9,2025.0
2009-07-03 00:00:00+05:30,48.9640888070798,2314.95,2213.75,51.459373474121094,1379552,0.0,0.0,ADANIENT.NS,Adani Enterprises Limited,Thermal Coal,Energy,Mr. Gautambhai Shantilal Adani S.Y. B.Com,"Ahmedabad, India",https://www.adanienterprises.com,2308.8,2238.85,2664840298496,77.06275,29.96,0.00059999997,3743.9,2025.0
2009-07-06 00:00:00+05:30,51.78894180129119,2314.95,2213.75,50.42045974731445,1379552,0.0,0.0,ADANIENT.NS,Adani Enterprises Limited,Thermal Coal,Energy,Mr. Gautambhai Shantilal Adani S.Y. B.Com,"Ahmedabad, India",https://www.adanienterprises.com,2308.8,2238.85,2664840298496,77.06275,29.96,0.00059999997,3743.9,2025.0
2009-07-07 00:00:00+05:30,50.972869720374085,2314.95,2213.75,49.86490249633789,1379552,0.0,0.0,ADANIENT.NS,Adani Enterprises Limited,Thermal Coal,Energy,Mr. Gautambhai Shantilal Adani S.Y. B.Com,"Ahmedabad, India",https://www.adanienterprises.com,2308.8,2238.85,2664840298496,77.06275,29.96,0.00059999997,3743.9,2025.0
2009-07-08 00:00:00+05:30,48.96409067939543,2314.95,2213.75,46.01369094848633,1379552,0.0,0.0,ADANIENT.NS,Adani Enterprises Limited,Thermal Coal,Energy,Mr. Gautambhai Shantilal Adani S.Y. B.Com,"Ahmedabad, India",https://www.adanienterprises.com,2308.8,2238.85,2664840298496,77.06275,29.96,0.00059999997,3743.9,2025.0
2009-07-09 00:00:00+05:30,46.955307231684905,2314.95,2213.75,45.03440856933594,1379552,0.0,0.0,ADANIENT.NS,Adani Enterprises Limited,Thermal Coal,Energy,Mr. Gautambhai Shantilal Adani S.Y. B.Com,"Ahmedabad, India",https://www.adanienterprises.com,2308.8,2238.85,2664840298496,77.06275,29.96,0.00059999997,3743.9,2025.0
2009-07-10 00:00:00+05:30,45.69982114471456,2314.95,2213.75,44.7833137512207,1379552,0.0,0.0,ADANIENT.NS,Adani Enterprises Limited,Thermal Coal,Energy,Mr. Gautambhai Shantilal Adani S.Y. B.Com,"Ahmedabad, India",https://www.adanienterprises.com,2308.8,2238.85,2664840298496,77.06275,29.96,0.00059999997,3743.9,2025.0
2009-07-13 00:00:00+05:30,45.1976242196176,2314.95,2213.75,42.3602180480957,1379552,0.0,0.0,ADANIENT.NS,Adani Enterprises Limited,Thermal Coal,Energy,Mr. Gautambhai Shantilal Adani S.Y. B.Com,"Ahmedabad, India",https://www.adanienterprises.com,2308.8,2238.85,2664840298496,77.06275,29.96,0.00059999997,3743.9,2025.0
2009-07-14 00:00:00+05:30,43.05073053073569,2314.95,2213.75,46.59748840332031,1379552,0.0,0.0,ADANIENT.NS,Adani Enterprises Limited,Thermal Coal,Energy,Mr. Gautambhai Shantilal Adani S.Y. B.Com,"Ahmedabad, India",https://www.adanienterprises.com,2308.8,2238.85,2664840298496,77.06275,29.96,0.00059999997,3743.9,2025.0
2009-07-15 00:00:00+05:30,48.543502925609054,2314.95,2213.75,50.15366744995117,1379552,0.0,0.0,ADANIENT.NS,Adani Enterprises Limited,Thermal Coal,Energy,Mr. Gautambhai Shantilal Adani S.Y. B.Com,"Ahmedabad, India",https://www.adanienterprises.com,2308.8,2238.85,2664840298496,77.06275,29.96,0.00059999997,3743.9,2025.0
2009-07-16 00:00:00+05:30,50.282357930061586,2314.95,2213.75,50.42673873901367,1379552,0.0,0.0,ADANIENT.NS,Adani Enterprises Limited,Thermal Coal,Energy,Mr. Gautambhai Shantilal Adani S.Y. B.Com,"Ahmedabad, India",https://www.adanienterprises.com,2308.8,2238.85,2664840298496,77.06275,29.96,0.00059999997,3743.9,2025.0
2009-07-17 00:00:00+05:30,50.97288056328118,2314.95,2213.75,50.60251235961914,1379552,0.0,0.0,ADANIENT.NS,Adani Enterprises Limited,Thermal Coal,Energy,Mr. Gautambhai Shantilal Adani S.Y. B.Com,"Ahmedabad, India",https://www.adanienterprises.com,2308.8,2238.85,2664840298496,77.06275,29.96,0.00059999997,3743.9,2025.0
2009-07-20 00:00:00+05:30,51.098423842989206,2314.95,2213.75,52.812164306640625,1379552,0.0,0.0,ADANIENT.NS,Adani Enterprises Limited,Thermal Coal,Energy,Mr. Gautambhai Shantilal Adani S.Y. B.Com,"Ahmedabad, India",https://www.adanienterprises.com,2308.8,2238.85,2664840298496,77.06275,29.96,0.00059999997,3743.9,2025.0
2009-07-21 00:00:00+05:30,53.339478899370334,2314.95,2213.75,52.6834831237793,1379552,0.0,0.0,ADANIENT.NS,Adani Enterprises Limited,Thermal Coal,Energy,Mr. Gautambhai Shantilal Adani S.Y. B.Com,"Ahmedabad, India",https://www.adanienterprises.com,2308.8,2238.85,2664840298496,77.06275,29.96,0.00059999997,3743.9,2025.0
2009-07-22 00:00:00+05:30,53.10720724487852,2314.95,2213.75,52.70545196533203,1379552,0.0,0.0,ADANIENT.NS,Adani Enterprises Limited,Thermal Coal,Energy,Mr. Gautambhai Shantilal Adani S.Y. B.Com,"Ahmedabad, India",https://www.adanienterprises.com,2308.8,2238.85,2664840298496,77.06275,29.96,0.00059999997,3743.9,2025.0
2009-07-23 00:00:00+05:30,53.35829659413,2314.95,2213.75,53.289241790771484,1379552,0.0,0.0,ADANIENT.NS,Adani Enterprises Limited,Thermal Coal,Energy,Mr. Gautambhai Shantilal Adani S.Y. B.Com,"Ahmedabad, India",https://www.adanienterprises.com,2308.8,2238.85,2664840298496,77.06275,29.96,0.00059999997,3743.9,2025.0
2009-07-24 00:00:00+05:30,53.48384236940313,2314.95,2213.75,52.98792266845703,1379552,0.0,0.0,ADANIENT.NS,Adani Enterprises Limited,Thermal Coal,Energy,Mr. Gautambhai Shantilal Adani S.Y. B.Com,"Ahmedabad, India",https://www.adanienterprises.com,2308.8,2238.85,2664840298496,77.06275,29.96,0.00059999997,3743.9,2025.0
2009-07-27 00:00:00+05:30,53.333184836084776,2314.95,2213.75,52.5077018737793,1379552,0.0,0.0,ADANIENT.NS,Adani Enterprises Limited,Thermal Coal,Energy,Mr. Gautambhai Shantilal Adani S.Y. B.Com,"Ahmedabad, India",https://www.adanienterprises.com,2308.8,2238.85,2664840298496,77.06275,29.96,0.00059999997,3743.9,2025.0
2009-07-28 00:00:00+05:30,52.73055878004758,2314.95,2213.75,53.08523178100586,1379552,0.0,0.0,ADANIENT.NS,Adani Enterprises Limited,Thermal Coal,Energy,Mr. Gautambhai Shantilal Adani S.Y. B.Com,"Ahmedabad, India",https://www.adanienterprises.com,2308.8,2238.85,2664840298496,77.06275,29.96,0.00059999997,3743.9,2025.0
2009-07-29 00:00:00+05:30,52.41668200819247,2314.95,2213.75,52.34449005126953,1379552,0.0,0.0,ADANIENT.NS,Adani Enterprises Limited,Thermal Coal,Energy,Mr. Gautambhai Shantilal Adani S.Y. B.Com,"Ahmedabad, India",https://www.adanienterprises.com,2308.8,2238.85,2664840298496,77.06275,29.96,0.00059999997,3743.9,2025.0
2009-07-30 00:00:00+05:30,52.41668388974547,2314.95,2213.75,51.79521560668945,1379552,0.0,0.0,ADANIENT.NS,Adani Enterprises Limited,Thermal Coal,Energy,Mr. Gautambhai Shantilal Adani S.Y. B.Com,"Ahmedabad, India",https://www.adanienterprises.com,2308.8,2238.85,2664840298496,77.06275,29.96,0.00059999997,3743.9,2025.0
2009-07-31 00:00:00+05:30,52.416683541317944,2314.95,2213.75,52.10594940185547,1379552,0.0,0.0,ADANIENT.NS,Adani Enterprises Limited,Thermal Coal,Energy,Mr. Gautambhai Shantilal Adani S.Y. B.Com,"Ahmedabad, India",https://www.adanienterprises.com,2308.8,2238.85,2664840298496,77.06275,29.96,0.00059999997,3743.9,2025.0
2009-08-03 00:00:00+05:30,52.29114120665378,2314.95,2213.75,51.99296188354492,1379552,0.0,0.0,ADANIENT.NS,Adani Enterprises Limited,Thermal Coal,Energy,Mr. Gautambhai Shantilal Adani S.Y. B.Com,"Ahmedabad, India",https://www.adanienterprises.com,2308.8,2238.85,2664840298496,77.06275,29.96,0.00059999997,3743.9,2025.0
2009-08-04 00:00:00+05:30,51.67595183957343,2314.95,2213.75,49.15242004394531,1379552,0.0,0.0,ADANIENT.NS,Adani Enterprises Limited,Thermal Coal,Energy,Mr. Gautambhai Shantilal Adani S.Y. B.Com,"Ahmedabad, India",https://www.adanienterprises.com,2308.8,2238.85,2664840298496,77.06275,29.96,0.00059999997,3743.9,2025.0
2009-08-05 00:00:00+05:30,49.08963180441075,2314.95,2213.75,47.8058967590332,1379552,0.0,0.0,ADANIENT.NS,Adani Enterprises Limited,Thermal Coal,Energy,Mr. Gautambhai Shantilal Adani S.Y. B.Com,"Ahmedabad, India",https://www.adanienterprises.com,2308.8,2238.85,2664840298496,77.06275,29.96,0.00059999997,3743.9,2025.0
2009-08-06 00:00:00+05:30,47.394729231742645,2314.95,2213.75,46.59435272216797,1379552,0.0,0.0,ADANIENT.NS,Adani Enterprises Limited,Thermal Coal,Energy,Mr. Gautambhai Shantilal Adani S.Y. B.Com,"Ahmedabad, India",https://www.adanienterprises.com,2308.8,2238.85,2664840298496,77.06275,29.96,0.00059999997,3743.9,2025.0
2009-08-07 00:00:00+05:30,45.82536941268674,2314.95,2213.75,45.7217903137207,1379552,0.0,0.0,ADANIENT.NS,Adani Enterprises Limited,Thermal Coal,Energy,Mr. Gautambhai Shantilal Adani S.Y. B.Com,"Ahmedabad, India",https://www.adanienterprises.com,2308.8,2238.85,2664840298496,77.06275,29.96,0.00059999997,3743.9,2025.0
2009-08-10 00:00:00+05:30,46.45310721591226,2314.95,2213.75,45.213314056396484,1379552,0.0,0.0,ADANIENT.NS,Adani Enterprises Limited,Thermal Coal,Energy,Mr. Gautambhai Shantilal Adani S.Y. B.Com,"Ahmedabad, India",https://www.adanienterprises.com,2308.8,2238.85,2664840298496,77.06275,29.96,0.00059999997,3743.9,2025.0
2009-08-11 00:00:00+05:30,44.25600143997572,2314.95,2213.75,45.73748016357422,1379552,0.0,0.0,ADANIENT.NS,Adani Enterprises Limited,Thermal Coal,Energy,Mr. Gautambhai Shantilal Adani S.Y. B.Com,"Ahmedabad, India",https://www.adanienterprises.com,2308.8,2238.85,2664840298496,77.06275,29.96,0.00059999997,3743.9,2025.0
2009-08-12 00:00:00+05:30,45.1976180465131,2314.95,2213.75,45.194480895996094,1379552,0.0,0.0,ADANIENT.NS,Adani Enterprises Limited,Thermal Coal,Energy,Mr. Gautambhai Shantilal Adani S.Y. B.Com,"Ahmedabad, India",https://www.adanienterprises.com,2308.8,2238.85,2664840298496,77.06275,29.96,0.00059999997,3743.9,2025.0
2009-08-13 00:00:00+05:30,45.82536181576241,2314.95,2213.75,45.96660232543945,1379552,0.0,0.0,ADANIENT.NS,Adani Enterprises Limited,Thermal Coal,Energy,Mr. Gautambhai Shantilal Adani S.Y. B.Com,"Ahmedabad, India",https://www.adanienterprises.com,2308.8,2238.85,2664840298496,77.06275,29.96,0.00059999997,3743.9,2025.0
2009-08-14 00:00:00+05:30,46.384048547157796,2314.95,2213.75,46.99296188354492,1379552,0.0,0.0,ADANIENT.NS,Adani Enterprises Limited,Thermal Coal,Energy,Mr. Gautambhai Shantilal Adani S.Y. B.Com,"Ahmedabad, India",https://www.adanienterprises.com,2308.8,2238.85,2664840298496,77.06275,29.96,0.00059999997,3743.9,2025.0
2009-08-17 00:00:00+05:30,46.327558198172376,2314.95,2213.75,45.85361099243164,1379552,0.0,0.0,ADANIENT.NS,Adani Enterprises Limited,Thermal Coal,Energy,Mr. Gautambhai Shantilal Adani S.Y. B.Com,"Ahmedabad, India",https://www.adanienterprises.com,2308.8,2238.85,2664840298496,77.06275,29.96,0.00059999997,3743.9,2025.0
2009-08-18 00:00:00+05:30,46.14866158493053,2314.95,2213.75,46.365234375,1379552,0.0,0.0,ADANIENT.NS,Adani Enterprises Limited,Thermal Coal,Energy,Mr. Gautambhai Shantilal Adani S.Y. B.Com,"Ahmedabad, India",https://www.adanienterprises.com,2308.8,2238.85,2664840298496,77.06275,29.96,0.00059999997,3743.9,2025.0
2009-08-19 00:00:00+05:30,46.45310430472765,2314.95,2213.75,45.24155807495117,1379552,0.0,0.0,ADANIENT.NS,Adani Enterprises Limited,Thermal Coal,Energy,Mr. Gautambhai Shantilal Adani S.Y. B.Com,"Ahmedabad, India",https://www.adanienterprises.com,2308.8,2238.85,2664840298496,77.06275,29.96,0.00059999997,3743.9,2025.0
2009-08-20 00:00:00+05:30,46.560740428701095,2314.95,2213.75,44.3118896484375,1379552,0.5,0.0,ADANIENT.NS,Adani Enterprises Limited,Thermal Coal,Energy,Mr. Gautambhai Shantilal Adani S.Y. B.Com,"Ahmedabad, India",https://www.adanienterprises.com,2308.8,2238.85,2664840298496,77.06275,29.96,0.00059999997,3743.9,2025.0
2009-08-21 00:00:00+05:30,43.71007974824511,2314.95,2213.75,44.58111572265625,1379552,0.0,0.0,ADANIENT.NS,Adani Enterprises Limited,Thermal Coal,Energy,Mr. Gautambhai Shantilal Adani S.Y. B.Com,"Ahmedabad, India",https://www.adanienterprises.com,2308.8,2238.85,2664840298496,77.06275,29.96,0.00059999997,3743.9,2025.0
2009-08-24 00:00:00+05:30,45.10372963254173,2314.95,2213.75,44.85667037963867,1379552,0.0,0.0,ADANIENT.NS,Adani Enterprises Limited,Thermal Coal,Energy,Mr. Gautambhai Shantilal Adani S.Y. B.Com,"Ahmedabad, India",https://www.adanienterprises.com,2308.8,2238.85,2664840298496,77.06275,29.96,0.00059999997,3743.9,2025.0
2009-08-25 00:00:00+05:30,44.8503420060499,2314.95,2213.75,43.779762268066406,1379552,0.0,0.0,ADANIENT.NS,Adani Enterprises Limited,Thermal Coal,Energy,Mr. Gautambhai Shantilal Adani S.Y. B.Com,"Ahmedabad, India",https://www.adanienterprises.com,2308.8,2238.85,2664840298496,77.06275,29.96,0.00059999997,3743.9,2025.0
2009-08-26 00:00:00+05:30,43.887449342545246,2314.95,2213.75,43.87794876098633,1379552,0.0,0.0,ADANIENT.NS,Adani Enterprises Limited,Thermal Coal,Energy,Mr. Gautambhai Shantilal Adani S.Y. B.Com,"Ahmedabad, India",https://www.adanienterprises.com,2308.8,2238.85,2664840298496,77.06275,29.96,0.00059999997,3743.9,2025.0
2009-08-27 00:00:00+05:30,43.77976207613445,2314.95,2213.75,45.40147018432617,1379552,0.0,0.0,ADANIENT.NS,Adani Enterprises Limited,Thermal Coal,Energy,Mr. Gautambhai Shantilal Adani S.Y. B.Com,"Ahmedabad, India",https://www.adanienterprises.com,2308.8,2238.85,2664840298496,77.06275,29.96,0.00059999997,3743.9,2025.0
2009-08-28 00:00:00+05:30,45.92725571211232,2314.95,2213.75,44.78065872192383,1379552,0.0,0.0,ADANIENT.NS,Adani Enterprises Limited,Thermal Coal,Energy,Mr. Gautambhai Shantilal Adani S.Y. B.Com,"Ahmedabad, India",https://www.adanienterprises.com,2308.8,2238.85,2664840298496,77.06275,29.96,0.00059999997,3743.9,2025.0
2009-08-31 00:00:00+05:30,44.470256114823265,2314.95,2213.75,45.2716064453125,1379552,0.0,0.0,ADANIENT.NS,Adani Enterprises Limited,Thermal Coal,Energy,Mr. Gautambhai Shantilal Adani S.Y. B.Com,"Ahmedabad, India",https://www.adanienterprises.com,2308.8,2238.85,2664840298496,77.06275,29.96,0.00059999997,3743.9,2025.0
2009-09-01 00:00:00+05:30,45.1037404689981,2314.95,2213.75,44.34989929199219,1379552,0.0,0.0,ADANIENT.NS,Adani Enterprises Limited,Thermal Coal,Energy,Mr. Gautambhai Shantilal Adani S.Y. B.Com,"Ahmedabad, India",https://www.adanienterprises.com,2308.8,2238.85,2664840298496,77.06275,29.96,0.00059999997,3743.9,2025.0
2009-09-02 00:00:00+05:30,44.34356191669887,2314.95,2213.75,43.35216522216797,1379552,0.0,0.0,ADANIENT.NS,Adani Enterprises Limited,Thermal Coal,Energy,Mr. Gautambhai Shantilal Adani S.Y. B.Com,"Ahmedabad, India",https://www.adanienterprises.com,2308.8,2238.85,2664840298496,77.06275,29.96,0.00059999997,3743.9,2025.0
2009-09-03 00:00:00+05:30,44.02681459847447,2314.95,2213.75,42.90872573852539,1379552,0.0,0.0,ADANIENT.NS,Adani Enterprises Limited,Thermal Coal,Energy,Mr. Gautambhai Shantilal Adani S.Y. B.Com,"Ahmedabad, India",https://www.adanienterprises.com,2308.8,2238.85,2664840298496,77.06275,29.96,0.00059999997,3743.9,2025.0
2009-09-04 00:00:00+05:30,43.076599856192644,2314.95,2213.75,42.24040985107422,1379552,0.0,0.0,ADANIENT.NS,Adani Enterprises Limited,Thermal Coal,Energy,Mr. Gautambhai Shantilal Adani S.Y. B.Com,"Ahmedabad, India",https://www.adanienterprises.com,2308.8,2238.85,2664840298496,77.06275,29.96,0.00059999997,3743.9,2025.0
2009-09-07 00:00:00+05:30,43.1906280361796,2314.95,2213.75,42.30375671386719,1379552,0.0,0.0,ADANIENT.NS,Adani Enterprises Limited,Thermal Coal,Energy,Mr. Gautambhai Shantilal Adani S.Y. B.Com,"Ahmedabad, India",https://www.adanienterprises.com,2308.8,2238.85,2664840298496,77.06275,29.96,0.00059999997,3743.9,2025.0
2009-09-08 00:00:00+05:30,42.72817832740702,2314.95,2213.75,42.620487213134766,1379552,0.0,0.0,ADANIENT.NS,Adani Enterprises Limited,Thermal Coal,Energy,Mr. Gautambhai Shantilal Adani S.Y. B.Com,"Ahmedabad, India",https://www.adanienterprises.com,2308.8,2238.85,2664840298496,77.06275,29.96,0.00059999997,3743.9,2025.0
2009-09-09 00:00:00+05:30,41.936332901328555,2314.95,2213.75,41.75262451171875,1379552,0.0,0.0,ADANIENT.NS,Adani Enterprises Limited,Thermal Coal,Energy,Mr. Gautambhai Shantilal Adani S.Y. B.Com,"Ahmedabad, India",https://www.adanienterprises.com,2308.8,2238.85,2664840298496,77.06275,29.96,0.00059999997,3743.9,2025.0
2009-09-10 00:00:00+05:30,42.69017358998182,2314.95,2213.75,40.46349334716797,1379552,0.0,0.0,ADANIENT.NS,Adani Enterprises Limited,Thermal Coal,Energy,Mr. Gautambhai Shantilal Adani S.Y. B.Com,"Ahmedabad, India",https://www.adanienterprises.com,2308.8,2238.85,2664840298496,77.06275,29.96,0.00059999997,3743.9,2025.0
2009-09-11 00:00:00+05:30,40.387482234094115,2314.95,2213.75,40.1562614440918,1379552,0.0,0.0,ADANIENT.NS,Adani Enterprises Limited,Thermal Coal,Energy,Mr. Gautambhai Shantilal Adani S.Y. B.Com,"Ahmedabad, India",https://www.adanienterprises.com,2308.8,2238.85,2664840298496,77.06275,29.96,0.00059999997,3743.9,2025.0
2009-09-14 00:00:00+05:30,40.16259481572847,2314.95,2213.75,39.56395721435547,1379552,0.0,0.0,ADANIENT.NS,Adani Enterprises Limited,Thermal Coal,Energy,Mr. Gautambhai Shantilal Adani S.Y. B.Com,"Ahmedabad, India",https://www.adanienterprises.com,2308.8,2238.85,2664840298496,77.06275,29.96,0.00059999997,3743.9,2025.0
2009-09-15 00:00:00+05:30,40.03588887329408,2314.95,2213.75,40.38747024536133,1379552,0.0,0.0,ADANIENT.NS,Adani Enterprises Limited,Thermal Coal,Energy,Mr. Gautambhai Shantilal Adani S.Y. B.Com,"Ahmedabad, India",https://www.adanienterprises.com,2308.8,2238.85,2664840298496,77.06275,29.96,0.00059999997,3743.9,2025.0
2009-09-16 00:00:00+05:30,40.8594153273056,2314.95,2213.75,41.572078704833984,1379552,0.0,0.0,ADANIENT.NS,Adani Enterprises Limited,Thermal Coal,Energy,Mr. Gautambhai Shantilal Adani S.Y. B.Com,"Ahmedabad, India",https://www.adanienterprises.com,2308.8,2238.85,2664840298496,77.06275,29.96,0.00059999997,3743.9,2025.0
2009-09-17 00:00:00+05:30,41.99968026834592,2314.95,2213.75,41.83497619628906,1379552,0.0,0.0,ADANIENT.NS,Adani Enterprises Limited,Thermal Coal,Energy,Mr. Gautambhai Shantilal Adani S.Y. B.Com,"Ahmedabad, India",https://www.adanienterprises.com,2308.8,2238.85,2664840298496,77.06275,29.96,0.00059999997,3743.9,2025.0
2009-09-18 00:00:00+05:30,42.44312451339916,2314.95,2213.75,43.874786376953125,1379552,0.0,0.0,ADANIENT.NS,Adani Enterprises Limited,Thermal Coal,Energy,Mr. Gautambhai Shantilal Adani S.Y. B.Com,"Ahmedabad, India",https://www.adanienterprises.com,2308.8,2238.85,2664840298496,77.06275,29.96,0.00059999997,3743.9,2025.0
2009-09-22 00:00:00+05:30,43.9001213262758,2314.95,2213.75,43.586551666259766,1379552,0.0,0.0,ADANIENT.NS,Adani Enterprises Limited,Thermal Coal,Energy,Mr. Gautambhai Shantilal Adani S.Y. B.Com,"Ahmedabad, India",https://www.adanienterprises.com,2308.8,2238.85,2664840298496,77.06275,29.96,0.00059999997,3743.9,2025.0
2009-09-23 00:00:00+05:30,44.01414453559228,2314.95,2213.75,42.88972091674805,1379552,0.0,0.0,ADANIENT.NS,Adani Enterprises Limited,Thermal Coal,Energy,Mr. Gautambhai Shantilal Adani S.Y. B.Com,"Ahmedabad, India",https://www.adanienterprises.com,2308.8,2238.85,2664840298496,77.06275,29.96,0.00059999997,3743.9,2025.0
2009-09-24 00:00:00+05:30,42.44311583525284,2314.95,2213.75,43.13360595703125,1379552,0.0,0.0,ADANIENT.NS,Adani Enterprises Limited,Thermal Coal,Energy,Mr. Gautambhai Shantilal Adani S.Y. B.Com,"Ahmedabad, India",https://www.adanienterprises.com,2308.8,2238.85,2664840298496,77.06275,29.96,0.00059999997,3743.9,2025.0
2009-09-25 00:00:00+05:30,42.82320650888184,2314.95,2213.75,42.61732482910156,1379552,0.0,0.0,ADANIENT.NS,Adani Enterprises Limited,Thermal Coal,Energy,Mr. Gautambhai Shantilal Adani S.Y. B.Com,"Ahmedabad, India",https://www.adanienterprises.com,2308.8,2238.85,2664840298496,77.06275,29.96,0.00059999997,3743.9,2025.0
2009-09-29 00:00:00+05:30,44.15350710803952,2314.95,2213.75,42.61098861694336,1379552,0.0,0.0,ADANIENT.NS,Adani Enterprises Limited,Thermal Coal,Energy,Mr. Gautambhai Shantilal Adani S.Y. B.Com,"Ahmedabad, India",https://www.adanienterprises.com,2308.8,2238.85,2664840298496,77.06275,29.96,0.00059999997,3743.9,2025.0
2009-09-30 00:00:00+05:30,42.56981160044077,2314.95,2213.75,42.18022155761719,1379552,0.0,0.0,ADANIENT.NS,Adani Enterprises Limited,Thermal Coal,Energy,Mr. Gautambhai Shantilal Adani S.Y. B.Com,"Ahmedabad, India",https://www.adanienterprises.com,2308.8,2238.85,2664840298496,77.06275,29.96,0.00059999997,3743.9,2025.0
2009-10-01 00:00:00+05:30,42.44312686233422,2314.95,2213.75,41.99335479736328,1379552,0.0,0.0,ADANIENT.NS,Adani Enterprises Limited,Thermal Coal,Energy,Mr. Gautambhai Shantilal Adani S.Y. B.Com,"Ahmedabad, India",https://www.adanienterprises.com,2308.8,2238.85,2664840298496,77.06275,29.96,0.00059999997,3743.9,2025.0
2009-10-05 00:00:00+05:30,41.809637821387426,2314.95,2213.75,41.420047760009766,1379552,0.0,0.0,ADANIENT.NS,Adani Enterprises Limited,Thermal Coal,Energy,Mr. Gautambhai Shantilal Adani S.Y. B.Com,"Ahmedabad, India",https://www.adanienterprises.com,2308.8,2238.85,2664840298496,77.06275,29.96,0.00059999997,3743.9,2025.0
2009-10-06 00:00:00+05:30,41.80964379720879,2314.95,2213.75,41.847652435302734,1379552,0.0,0.0,ADANIENT.NS,Adani Enterprises Limited,Thermal Coal,Energy,Mr. Gautambhai Shantilal Adani S.Y. B.Com,"Ahmedabad, India",https://www.adanienterprises.com,2308.8,2238.85,2664840298496,77.06275,29.96,0.00059999997,3743.9,2025.0
2009-10-07 00:00:00+05:30,42.34810561640795,2314.95,2213.75,41.82548522949219,1379552,0.0,0.0,ADANIENT.NS,Adani Enterprises Limited,Thermal Coal,Energy,Mr. Gautambhai Shantilal Adani S.Y. B.Com,"Ahmedabad, India",https://www.adanienterprises.com,2308.8,2238.85,2664840298496,77.06275,29.96,0.00059999997,3743.9,2025.0
2009-10-08 00:00:00+05:30,41.84763951733354,2314.95,2213.75,41.02095031738281,1379552,0.0,0.0,ADANIENT.NS,Adani Enterprises Limited,Thermal Coal,Energy,Mr. Gautambhai Shantilal Adani S.Y. B.Com,"Ahmedabad, India",https://www.adanienterprises.com,2308.8,2238.85,2664840298496,77.06275,29.96,0.00059999997,3743.9,2025.0
2009-10-09 00:00:00+05:30,41.79063746101411,2314.95,2213.75,40.884761810302734,1379552,0.0,0.0,ADANIENT.NS,Adani Enterprises Limited,Thermal Coal,Energy,Mr. Gautambhai Shantilal Adani S.Y. B.Com,"Ahmedabad, India",https://www.adanienterprises.com,2308.8,2238.85,2664840298496,77.06275,29.96,0.00059999997,3743.9,2025.0
2009-10-12 00:00:00+05:30,40.8847586166485,2314.95,2213.75,40.91960144042969,1379552,0.0,0.0,ADANIENT.NS,Adani Enterprises Limited,Thermal Coal,Energy,Mr. Gautambhai Shantilal Adani S.Y. B.Com,"Ahmedabad, India",https://www.adanienterprises.com,2308.8,2238.85,2664840298496,77.06275,29.96,0.00059999997,3743.9,2025.0
2009-10-13 00:00:00+05:30,40.85941696166992,2314.95,2213.75,40.85941696166992,1379552,0.0,0.0,ADANIENT.NS,Adani Enterprises Limited,Thermal Coal,Energy,Mr. Gautambhai Shantilal Adani S.Y. B.Com,"Ahmedabad, India",https://www.adanienterprises.com,2308.8,2238.85,2664840298496,77.06275,29.96,0.00059999997,3743.9,2025.0
2009-10-14 00:00:00+05:30,41.23951050819299,2314.95,2213.75,41.77796936035156,1379552,0.0,0.0,ADANIENT.NS,Adani Enterprises Limited,Thermal Coal,Energy,Mr. Gautambhai Shantilal Adani S.Y. B.Com,"Ahmedabad, India",https://www.adanienterprises.com,2308.8,2238.85,2664840298496,77.06275,29.96,0.00059999997,3743.9,2025.0
2009-10-15 00:00:00+05:30,42.44312142420493,2314.95,2213.75,42.43678665161133,1379552,0.0,0.0,ADANIENT.NS,Adani Enterprises Limited,Thermal Coal,Energy,Mr. Gautambhai Shantilal Adani S.Y. B.Com,"Ahmedabad, India",https://www.adanienterprises.com,2308.8,2238.85,2664840298496,77.06275,29.96,0.00059999997,3743.9,2025.0
2009-10-16 00:00:00+05:30,42.379766096405596,2314.95,2213.75,43.75758361816406,1379552,0.0,0.0,ADANIENT.NS,Adani Enterprises Limited,Thermal Coal,Energy,Mr. Gautambhai Shantilal Adani S.Y. B.Com,"Ahmedabad, India",https://www.adanienterprises.com,2308.8,2238.85,2664840298496,77.06275,29.96,0.00059999997,3743.9,2025.0
2009-10-20 00:00:00+05:30,44.216860631138026,2314.95,2213.75,43.04175567626953,1379552,0.0,0.0,ADANIENT.NS,Adani Enterprises Limited,Thermal Coal,Energy,Mr. Gautambhai Shantilal Adani S.Y. B.Com,"Ahmedabad, India",https://www.adanienterprises.com,2308.8,2238.85,2664840298496,77.06275,29.96,0.00059999997,3743.9,2025.0
2009-10-21 00:00:00+05:30,43.58339134767973,2314.95,2213.75,44.39741134643555,1379552,0.0,0.0,ADANIENT.NS,Adani Enterprises Limited,Thermal Coal,Energy,Mr. Gautambhai Shantilal Adani S.Y. B.Com,"Ahmedabad, India",https://www.adanienterprises.com,2308.8,2238.85,2664840298496,77.06275,29.96,0.00059999997,3743.9,2025.0
2009-10-22 00:00:00+05:30,44.34355625189037,2314.95,2213.75,44.81549835205078,1379552,0.0,0.0,ADANIENT.NS,Adani Enterprises Limited,Thermal Coal,Energy,Mr. Gautambhai Shantilal Adani S.Y. B.Com,"Ahmedabad, India",https://www.adanienterprises.com,2308.8,2238.85,2664840298496,77.06275,29.96,0.00059999997,3743.9,2025.0
2009-10-23 00:00:00+05:30,45.40780016475675,2314.95,2213.75,45.69919967651367,1379552,0.0,0.0,ADANIENT.NS,Adani Enterprises Limited,Thermal Coal,Energy,Mr. Gautambhai Shantilal Adani S.Y. B.Com,"Ahmedabad, India",https://www.adanienterprises.com,2308.8,2238.85,2664840298496,77.06275,29.96,0.00059999997,3743.9,2025.0
2009-10-26 00:00:00+05:30,45.616850216505874,2314.95,2213.75,46.09512710571289,1379552,0.0,0.0,ADANIENT.NS,Adani Enterprises Limited,Thermal Coal,Energy,Mr. Gautambhai Shantilal Adani S.Y. B.Com,"Ahmedabad, India",https://www.adanienterprises.com,2308.8,2238.85,2664840298496,77.06275,29.96,0.00059999997,3743.9,2025.0
2009-10-27 00:00:00+05:30,45.88924532594042,2314.95,2213.75,46.32951354980469,1379552,0.0,0.0,ADANIENT.NS,Adani Enterprises Limited,Thermal Coal,Energy,Mr. Gautambhai Shantilal Adani S.Y. B.Com,"Ahmedabad, India",https://www.adanienterprises.com,2308.8,2238.85,2664840298496,77.06275,29.96,0.00059999997,3743.9,2025.0
2009-10-28 00:00:00+05:30,46.29783896114222,2314.95,2213.75,45.32228088378906,1379552,0.0,0.0,ADANIENT.NS,Adani Enterprises Limited,Thermal Coal,Energy,Mr. Gautambhai Shantilal Adani S.Y. B.Com,"Ahmedabad, India",https://www.adanienterprises.com,2308.8,2238.85,2664840298496,77.06275,29.96,0.00059999997,3743.9,2025.0
2009-10-29 00:00:00+05:30,43.13994954028714,2314.95,2213.75,44.831336975097656,1379552,0.0,0.0,ADANIENT.NS,Adani Enterprises Limited,Thermal Coal,Energy,Mr. Gautambhai Shantilal Adani S.Y. B.Com,"Ahmedabad, India",https://www.adanienterprises.com,2308.8,2238.85,2664840298496,77.06275,29.96,0.00059999997,3743.9,2025.0
2009-10-30 00:00:00+05:30,45.16074580885298,2314.95,2213.75,45.28744125366211,1379552,0.0,0.0,ADANIENT.NS,Adani Enterprises Limited,Thermal Coal,Energy,Mr. Gautambhai Shantilal Adani S.Y. B.Com,"Ahmedabad, India",https://www.adanienterprises.com,2308.8,2238.85,2664840298496,77.06275,29.96,0.00059999997,3743.9,2025.0
2009-11-03 00:00:00+05:30,45.35712106533853,2314.95,2213.75,46.212318420410156,1379552,0.0,0.0,ADANIENT.NS,Adani Enterprises Limited,Thermal Coal,Energy,Mr. Gautambhai Shantilal Adani S.Y. B.Com,"Ahmedabad, India",https://www.adanienterprises.com,2308.8,2238.85,2664840298496,77.06275,29.96,0.00059999997,3743.9,2025.0
2009-11-04 00:00:00+05:30,47.004168413285264,2314.95,2213.75,48.122257232666016,1379552,0.0,0.0,ADANIENT.NS,Adani Enterprises Limited,Thermal Coal,Energy,Mr. Gautambhai Shantilal Adani S.Y. B.Com,"Ahmedabad, India",https://www.adanienterprises.com,2308.8,2238.85,2664840298496,77.06275,29.96,0.00059999997,3743.9,2025.0
2009-11-05 00:00:00+05:30,48.14443467013863,2314.95,2213.75,50.01319885253906,1379552,0.0,0.0,ADANIENT.NS,Adani Enterprises Limited,Thermal Coal,Energy,Mr. Gautambhai Shantilal Adani S.Y. B.Com,"Ahmedabad, India",https://www.adanienterprises.com,2308.8,2238.85,2664840298496,77.06275,29.96,0.00059999997,3743.9,2025.0
2009-11-06 00:00:00+05:30,50.67835600846703,2314.95,2213.75,52.35074234008789,1379552,0.0,0.0,ADANIENT.NS,Adani Enterprises Limited,Thermal Coal,Energy,Mr. Gautambhai Shantilal Adani S.Y. B.Com,"Ahmedabad, India",https://www.adanienterprises.com,2308.8,2238.85,2664840298496,77.06275,29.96,0.00059999997,3743.9,2025.0
2009-11-09 00:00:00+05:30,52.388750385970475,2314.95,2213.75,54.621768951416016,1379552,0.0,0.0,ADANIENT.NS,Adani Enterprises Limited,Thermal Coal,Energy,Mr. Gautambhai Shantilal Adani S.Y. B.Com,"Ahmedabad, India",https://www.adanienterprises.com,2308.8,2238.85,2664840298496,77.06275,29.96,0.00059999997,3743.9,2025.0
2009-11-10 00:00:00+05:30,55.58147369882074,2314.95,2213.75,53.77605438232422,1379552,0.0,0.0,ADANIENT.NS,Adani Enterprises Limited,Thermal Coal,Energy,Mr. Gautambhai Shantilal Adani S.Y. B.Com,"Ahmedabad, India",https://www.adanienterprises.com,2308.8,2238.85,2664840298496,77.06275,29.96,0.00059999997,3743.9,2025.0
2009-11-11 00:00:00+05:30,54.757969014075556,2314.95,2213.75,52.16703414916992,1379552,0.0,0.0,ADANIENT.NS,Adani Enterprises Limited,Thermal Coal,Energy,Mr. Gautambhai Shantilal Adani S.Y. B.Com,"Ahmedabad, India",https://www.adanienterprises.com,2308.8,2238.85,2664840298496,77.06275,29.96,0.00059999997,3743.9,2025.0
2009-11-12 00:00:00+05:30,52.45208660577933,2314.95,2213.75,50.0100212097168,1379552,0.0,0.0,ADANIENT.NS,Adani Enterprises Limited,Thermal Coal,Energy,Mr. Gautambhai Shantilal Adani S.Y. B.Com,"Ahmedabad, India",https://www.adanienterprises.com,2308.8,2238.85,2664840298496,77.06275,29.96,0.00059999997,3743.9,2025.0
2009-11-13 00:00:00+05:30,49.15799780839186,2314.95,2213.75,50.9855842590332,1379552,0.0,0.0,ADANIENT.NS,Adani Enterprises Limited,Thermal Coal,Energy,Mr. Gautambhai Shantilal Adani S.Y. B.Com,"Ahmedabad, India",https://www.adanienterprises.com,2308.8,2238.85,2664840298496,77.06275,29.96,0.00059999997,3743.9,2025.0
2009-11-16 00:00:00+05:30,51.628576658443954,2314.95,2213.75,51.90730667114258,1379552,0.0,0.0,ADANIENT.NS,Adani Enterprises Limited,Thermal Coal,Energy,Mr. Gautambhai Shantilal Adani S.Y. B.Com,"Ahmedabad, India",https://www.adanienterprises.com,2308.8,2238.85,2664840298496,77.06275,29.96,0.00059999997,3743.9,2025.0
2009-11-17 00:00:00+05:30,51.88196439728022,2314.95,2213.75,51.14079284667969,1379552,0.0,0.0,ADANIENT.NS,Adani Enterprises Limited,Thermal Coal,Energy,Mr. Gautambhai Shantilal Adani S.Y. B.Com,"Ahmedabad, India",https://www.adanienterprises.com,2308.8,2238.85,2664840298496,77.06275,29.96,0.00059999997,3743.9,2025.0
2009-11-18 00:00:00+05:30,51.14078835721859,2314.95,2213.75,53.22810363769531,1379552,0.0,0.0,ADANIENT.NS,Adani Enterprises Limited,Thermal Coal,Energy,Mr. Gautambhai Shantilal Adani S.Y. B.Com,"Ahmedabad, India",https://www.adanienterprises.com,2308.8,2238.85,2664840298496,77.06275,29.96,0.00059999997,3743.9,2025.0
2009-11-19 00:00:00+05:30,53.845753876627256,2314.95,2213.75,52.37608337402344,1379552,0.0,0.0,ADANIENT.NS,Adani Enterprises Limited,Thermal Coal,Energy,Mr. Gautambhai Shantilal Adani S.Y. B.Com,"Ahmedabad, India",https://www.adanienterprises.com,2308.8,2238.85,2664840298496,77.06275,29.96,0.00059999997,3743.9,2025.0
2009-11-20 00:00:00+05:30,52.211378811297685,2314.95,2213.75,52.32223892211914,1379552,0.0,0.0,ADANIENT.NS,Adani Enterprises Limited,Thermal Coal,Energy,Mr. Gautambhai Shantilal Adani S.Y. B.Com,"Ahmedabad, India",https://www.adanienterprises.com,2308.8,2238.85,2664840298496,77.06275,29.96,0.00059999997,3743.9,2025.0
2009-11-23 00:00:00+05:30,54.162488883043615,2314.95,2213.75,52.578792572021484,1379552,0.0,0.0,ADANIENT.NS,Adani Enterprises Limited,Thermal Coal,Energy,Mr. Gautambhai Shantilal Adani S.Y. B.Com,"Ahmedabad, India",https://www.adanienterprises.com,2308.8,2238.85,2664840298496,77.06275,29.96,0.00059999997,3743.9,2025.0
2009-11-24 00:00:00+05:30,53.00638732792966,2314.95,2213.75,52.14168930053711,1379552,0.0,0.0,ADANIENT.NS,Adani Enterprises Limited,Thermal Coal,Energy,Mr. Gautambhai Shantilal Adani S.Y. B.Com,"Ahmedabad, India",https://www.adanienterprises.com,2308.8,2238.85,2664840298496,77.06275,29.96,0.00059999997,3743.9,2025.0
2009-11-25 00:00:00+05:30,52.499600894517265,2314.95,2213.75,52.756160736083984,1379552,0.0,0.0,ADANIENT.NS,Adani Enterprises Limited,Thermal Coal,Energy,Mr. Gautambhai Shantilal Adani S.Y. B.Com,"Ahmedabad, India",https://www.adanienterprises.com,2308.8,2238.85,2664840298496,77.06275,29.96,0.00059999997,3743.9,2025.0
2009-11-26 00:00:00+05:30,53.12991987552597,2314.95,2213.75,52.068843841552734,1379552,0.0,0.0,ADANIENT.NS,Adani Enterprises Limited,Thermal Coal,Energy,Mr. Gautambhai Shantilal Adani S.Y. B.Com,"Ahmedabad, India",https://www.adanienterprises.com,2308.8,2238.85,2664840298496,77.06275,29.96,0.00059999997,3743.9,2025.0
2009-11-27 00:00:00+05:30,51.31183264167529,2314.95,2213.75,51.4638671875,1379552,0.0,0.0,ADANIENT.NS,Adani Enterprises Limited,Thermal Coal,Energy,Mr. Gautambhai Shantilal Adani S.Y. B.Com,"Ahmedabad, India",https://www.adanienterprises.com,2308.8,2238.85,2664840298496,77.06275,29.96,0.00059999997,3743.9,2025.0
2009-11-30 00:00:00+05:30,52.26205298617805,2314.95,2213.75,51.61907196044922,1379552,0.0,0.0,ADANIENT.NS,Adani Enterprises Limited,Thermal Coal,Energy,Mr. Gautambhai Shantilal Adani S.Y. B.Com,"Ahmedabad, India",https://www.adanienterprises.com,2308.8,2238.85,2664840298496,77.06275,29.96,0.00059999997,3743.9,2025.0
2009-12-01 00:00:00+05:30,52.19869753824714,2314.95,2213.75,52.11951446533203,1379552,0.0,0.0,ADANIENT.NS,Adani Enterprises Limited,Thermal Coal,Energy,Mr. Gautambhai Shantilal Adani S.Y. B.Com,"Ahmedabad, India",https://www.adanienterprises.com,2308.8,2238.85,2664840298496,77.06275,29.96,0.00059999997,3743.9,2025.0
2009-12-02 00:00:00+05:30,52.76883734775148,2314.95,2213.75,51.79961395263672,1379552,0.0,0.0,ADANIENT.NS,Adani Enterprises Limited,Thermal Coal,Energy,Mr. Gautambhai Shantilal Adani S.Y. B.Com,"Ahmedabad, India",https://www.adanienterprises.com,2308.8,2238.85,2664840298496,77.06275,29.96,0.00059999997,3743.9,2025.0
2009-12-03 00:00:00+05:30,52.23038338139012,2314.95,2213.75,51.92314529418945,1379552,0.0,0.0,ADANIENT.NS,Adani Enterprises Limited,Thermal Coal,Energy,Mr. Gautambhai Shantilal Adani S.Y. B.Com,"Ahmedabad, India",https://www.adanienterprises.com,2308.8,2238.85,2664840298496,77.06275,29.96,0.00059999997,3743.9,2025.0
2009-12-04 00:00:00+05:30,51.62857352412944,2314.95,2213.75,52.578792572021484,1379552,0.0,0.0,ADANIENT.NS,Adani Enterprises Limited,Thermal Coal,Energy,Mr. Gautambhai Shantilal Adani S.Y. B.Com,"Ahmedabad, India",https://www.adanienterprises.com,2308.8,2238.85,2664840298496,77.06275,29.96,0.00059999997,3743.9,2025.0
2009-12-07 00:00:00+05:30,52.89553001640304,2314.95,2213.75,53.145751953125,1379552,0.0,0.0,ADANIENT.NS,Adani Enterprises Limited,Thermal Coal,Energy,Mr. Gautambhai Shantilal Adani S.Y. B.Com,"Ahmedabad, India",https://www.adanienterprises.com,2308.8,2238.85,2664840298496,77.06275,29.96,0.00059999997,3743.9,2025.0
2009-12-08 00:00:00+05:30,53.338971760451564,2314.95,2213.75,53.23127746582031,1379552,0.0,0.0,ADANIENT.NS,Adani Enterprises Limited,Thermal Coal,Energy,Mr. Gautambhai Shantilal Adani S.Y. B.Com,"Ahmedabad, India",https://www.adanienterprises.com,2308.8,2238.85,2664840298496,77.06275,29.96,0.00059999997,3743.9,2025.0
2009-12-09 00:00:00+05:30,53.522678442871154,2314.95,2213.75,53.57335662841797,1379552,0.0,0.0,ADANIENT.NS,Adani Enterprises Limited,Thermal Coal,Energy,Mr. Gautambhai Shantilal Adani S.Y. B.Com,"Ahmedabad, India",https://www.adanienterprises.com,2308.8,2238.85,2664840298496,77.06275,29.96,0.00059999997,3743.9,2025.0
2009-12-10 00:00:00+05:30,54.47922776404275,2314.95,2213.75,54.168827056884766,1379552,0.0,2.0,ADANIENT.NS,Adani Enterprises Limited,Thermal Coal,Energy,Mr. Gautambhai Shantilal Adani S.Y. B.Com,"Ahmedabad, India",https://www.adanienterprises.com,2308.8,2238.85,2664840298496,77.06275,29.96,0.00059999997,3743.9,2025.0
2009-12-11 00:00:00+05:30,54.47922433277559,2314.95,2213.75,53.9217643737793,1379552,0.0,0.0,ADANIENT.NS,Adani Enterprises Limited,Thermal Coal,Energy,Mr. Gautambhai Shantilal Adani S.Y. B.Com,"Ahmedabad, India",https://www.adanienterprises.com,2308.8,2238.85,2664840298496,77.06275,29.96,0.00059999997,3743.9,2025.0
2009-12-14 00:00:00+05:30,54.409550889798005,2314.95,2213.75,53.8774299621582,1379552,0.0,0.0,ADANIENT.NS,Adani Enterprises Limited,Thermal Coal,Energy,Mr. Gautambhai Shantilal Adani S.Y. B.Com,"Ahmedabad, India",https://www.adanienterprises.com,2308.8,2238.85,2664840298496,77.06275,29.96,0.00059999997,3743.9,2025.0
2009-12-15 00:00:00+05:30,53.90910427474344,2314.95,2213.75,53.123592376708984,1379552,0.0,0.0,ADANIENT.NS,Adani Enterprises Limited,Thermal Coal,Energy,Mr. Gautambhai Shantilal Adani S.Y. B.Com,"Ahmedabad, India",https://www.adanienterprises.com,2308.8,2238.85,2664840298496,77.06275,29.96,0.00059999997,3743.9,2025.0
2009-12-16 00:00:00+05:30,52.578789207224375,2314.95,2213.75,53.719051361083984,1379552,0.0,0.0,ADANIENT.NS,Adani Enterprises Limited,Thermal Coal,Energy,Mr. Gautambhai Shantilal Adani S.Y. B.Com,"Ahmedabad, India",https://www.adanienterprises.com,2308.8,2238.85,2664840298496,77.06275,29.96,0.00059999997,3743.9,2025.0
2009-12-17 00:00:00+05:30,54.213160766411704,2314.95,2213.75,53.757057189941406,1379552,0.0,0.0,ADANIENT.NS,Adani Enterprises Limited,Thermal Coal,Energy,Mr. Gautambhai Shantilal Adani S.Y. B.Com,"Ahmedabad, India",https://www.adanienterprises.com,2308.8,2238.85,2664840298496,77.06275,29.96,0.00059999997,3743.9,2025.0
2009-12-18 00:00:00+05:30,53.782404139411234,2314.95,2213.75,53.78874206542969,1379552,0.0,0.0,ADANIENT.NS,Adani Enterprises Limited,Thermal Coal,Energy,Mr. Gautambhai Shantilal Adani S.Y. B.Com,"Ahmedabad, India",https://www.adanienterprises.com,2308.8,2238.85,2664840298496,77.06275,29.96,0.00059999997,3743.9,2025.0
2009-12-21 00:00:00+05:30,53.845748384201215,2314.95,2213.75,53.49100112915039,1379552,0.0,0.0,ADANIENT.NS,Adani Enterprises Limited,Thermal Coal,Energy,Mr. Gautambhai Shantilal Adani S.Y. B.Com,"Ahmedabad, India",https://www.adanienterprises.com,2308.8,2238.85,2664840298496,77.06275,29.96,0.00059999997,3743.9,2025.0
2009-12-22 00:00:00+05:30,53.782398648898905,2314.95,2213.75,52.91453170776367,1379552,0.0,0.0,ADANIENT.NS,Adani Enterprises Limited,Thermal Coal,Energy,Mr. Gautambhai Shantilal Adani S.Y. B.Com,"Ahmedabad, India",https://www.adanienterprises.com,2308.8,2238.85,2664840298496,77.06275,29.96,0.00059999997,3743.9,2025.0
2009-12-23 00:00:00+05:30,53.465663924920335,2314.95,2213.75,54.01679229736328,1379552,0.0,0.0,ADANIENT.NS,Adani Enterprises Limited,Thermal Coal,Energy,Mr. Gautambhai Shantilal Adani S.Y. B.Com,"Ahmedabad, India",https://www.adanienterprises.com,2308.8,2238.85,2664840298496,77.06275,29.96,0.00059999997,3743.9,2025.0
2009-12-24 00:00:00+05:30,54.099136960969965,2314.95,2213.75,54.50456237792969,1379552,0.0,0.0,ADANIENT.NS,Adani Enterprises Limited,Thermal Coal,Energy,Mr. Gautambhai Shantilal Adani S.Y. B.Com,"Ahmedabad, India",https://www.adanienterprises.com,2308.8,2238.85,2664840298496,77.06275,29.96,0.00059999997,3743.9,2025.0
2009-12-29 00:00:00+05:30,55.11270934863435,2314.95,2213.75,54.26384353637695,1379552,0.0,0.0,ADANIENT.NS,Adani Enterprises Limited,Thermal Coal,Energy,Mr. Gautambhai Shantilal Adani S.Y. B.Com,"Ahmedabad, India",https://www.adanienterprises.com,2308.8,2238.85,2664840298496,77.06275,29.96,0.00059999997,3743.9,2025.0
2009-12-30 00:00:00+05:30,53.845741488241615,2314.95,2213.75,55.068355560302734,1379552,0.0,0.0,ADANIENT.NS,Adani Enterprises Limited,Thermal Coal,Energy,Mr. Gautambhai Shantilal Adani S.Y. B.Com,"Ahmedabad, India",https://www.adanienterprises.com,2308.8,2238.85,2664840298496,77.06275,29.96,0.00059999997,3743.9,2025.0
2009-12-31 00:00:00+05:30,55.619481421072834,2314.95,2213.75,55.23939514160156,1379552,0.0,0.0,ADANIENT.NS,Adani Enterprises Limited,Thermal Coal,Energy,Mr. Gautambhai Shantilal Adani S.Y. B.Com,"Ahmedabad, India",https://www.adanienterprises.com,2308.8,2238.85,2664840298496,77.06275,29.96,0.00059999997,3743.9,2025.0
2010-01-04 00:00:00+05:30,55.391448824280616,2314.95,2213.75,57.21586990356445,1379552,0.0,0.0,ADANIENT.NS,Adani Enterprises Limited,Thermal Coal,Energy,Mr. Gautambhai Shantilal Adani S.Y. B.Com,"Ahmedabad, India",https://www.adanienterprises.com,2308.8,2238.85,2664840298496,77.06275,29.96,0.00059999997,3743.9,2025.0
2010-01-05 00:00:00+05:30,57.39323231899296,2314.95,2213.75,58.53982925415039,1379552,0.0,0.0,ADANIENT.NS,Adani Enterprises Limited,Thermal Coal,Energy,Mr. Gautambhai Shantilal Adani S.Y. B.Com,"Ahmedabad, India",https://www.adanienterprises.com,2308.8,2238.85,2664840298496,77.06275,29.96,0.00059999997,3743.9,2025.0
2010-01-06 00:00:00+05:30,58.660187099028555,2314.95,2213.75,64.31715393066406,1379552,0.0,0.0,ADANIENT.NS,Adani Enterprises Limited,Thermal Coal,Energy,Mr. Gautambhai Shantilal Adani S.Y. B.Com,"Ahmedabad, India",https://www.adanienterprises.com,2308.8,2238.85,2664840298496,77.06275,29.96,0.00059999997,3743.9,2025.0
2010-01-07 00:00:00+05:30,65.8058439016319,2314.95,2213.75,61.66288375854492,1379552,0.0,0.0,ADANIENT.NS,Adani Enterprises Limited,Thermal Coal,Energy,Mr. Gautambhai Shantilal Adani S.Y. B.Com,"Ahmedabad, India",https://www.adanienterprises.com,2308.8,2238.85,2664840298496,77.06275,29.96,0.00059999997,3743.9,2025.0
2010-01-08 00:00:00+05:30,62.055638111012854,2314.95,2213.75,62.44206237792969,1379552,0.0,0.0,ADANIENT.NS,Adani Enterprises Limited,Thermal Coal,Energy,Mr. Gautambhai Shantilal Adani S.Y. B.Com,"Ahmedabad, India",https://www.adanienterprises.com,2308.8,2238.85,2664840298496,77.06275,29.96,0.00059999997,3743.9,2025.0
2010-01-11 00:00:00+05:30,62.58776820836258,2314.95,2213.75,63.55699157714844,1379552,0.0,0.0,ADANIENT.NS,Adani Enterprises Limited,Thermal Coal,Energy,Mr. Gautambhai Shantilal Adani S.Y. B.Com,"Ahmedabad, India",https://www.adanienterprises.com,2308.8,2238.85,2664840298496,77.06275,29.96,0.00059999997,3743.9,2025.0
2010-01-12 00:00:00+05:30,63.91807369137912,2314.95,2213.75,59.37602615356445,1379552,0.0,0.0,ADANIENT.NS,Adani Enterprises Limited,Thermal Coal,Energy,Mr. Gautambhai Shantilal Adani S.Y. B.Com,"Ahmedabad, India",https://www.adanienterprises.com,2308.8,2238.85,2664840298496,77.06275,29.96,0.00059999997,3743.9,2025.0
2010-01-13 00:00:00+05:30,60.167866398796114,2314.95,2213.75,58.71086883544922,1379552,0.0,0.0,ADANIENT.NS,Adani Enterprises Limited,Thermal Coal,Energy,Mr. Gautambhai Shantilal Adani S.Y. B.Com,"Ahmedabad, India",https://www.adanienterprises.com,2308.8,2238.85,2664840298496,77.06275,29.96,0.00059999997,3743.9,2025.0
2010-01-14 00:00:00+05:30,59.509055907441635,2314.95,2213.75,61.13076400756836,1379552,0.0,0.0,ADANIENT.NS,Adani Enterprises Limited,Thermal Coal,Energy,Mr. Gautambhai Shantilal Adani S.Y. B.Com,"Ahmedabad, India",https://www.adanienterprises.com,2308.8,2238.85,2664840298496,77.06275,29.96,0.00059999997,3743.9,2025.0
2010-01-15 00:00:00+05:30,61.44748823881469,2314.95,2213.75,61.118080139160156,1379552,0.0,0.0,ADANIENT.NS,Adani Enterprises Limited,Thermal Coal,Energy,Mr. Gautambhai Shantilal Adani S.Y. B.Com,"Ahmedabad, India",https://www.adanienterprises.com,2308.8,2238.85,2664840298496,77.06275,29.96,0.00059999997,3743.9,2025.0
2010-01-18 00:00:00+05:30,60.32624349202345,2314.95,2213.75,60.389591217041016,1379552,0.0,0.0,ADANIENT.NS,Adani Enterprises Limited,Thermal Coal,Energy,Mr. Gautambhai Shantilal Adani S.Y. B.Com,"Ahmedabad, India",https://www.adanienterprises.com,2308.8,2238.85,2664840298496,77.06275,29.96,0.00059999997,3743.9,2025.0
2010-01-19 00:00:00+05:30,60.79501919766877,2314.95,2213.75,60.14887237548828,1379552,0.0,0.0,ADANIENT.NS,Adani Enterprises Limited,Thermal Coal,Energy,Mr. Gautambhai Shantilal Adani S.Y. B.Com,"Ahmedabad, India",https://www.adanienterprises.com,2308.8,2238.85,2664840298496,77.06275,29.96,0.00059999997,3743.9,2025.0
2010-01-20 00:00:00+05:30,60.81402153117363,2314.95,2213.75,60.57963180541992,1379552,0.0,0.0,ADANIENT.NS,Adani Enterprises Limited,Thermal Coal,Energy,Mr. Gautambhai Shantilal Adani S.Y. B.Com,"Ahmedabad, India",https://www.adanienterprises.com,2308.8,2238.85,2664840298496,77.06275,29.96,0.00059999997,3743.9,2025.0
2010-01-21 00:00:00+05:30,59.54705591594436,2314.95,2213.75,59.249324798583984,1379552,0.0,0.0,ADANIENT.NS,Adani Enterprises Limited,Thermal Coal,Energy,Mr. Gautambhai Shantilal Adani S.Y. B.Com,"Ahmedabad, India",https://www.adanienterprises.com,2308.8,2238.85,2664840298496,77.06275,29.96,0.00059999997,3743.9,2025.0
2010-01-22 00:00:00+05:30,58.66019431392202,2314.95,2213.75,58.72987365722656,1379552,0.0,0.0,ADANIENT.NS,Adani Enterprises Limited,Thermal Coal,Energy,Mr. Gautambhai Shantilal Adani S.Y. B.Com,"Ahmedabad, India",https://www.adanienterprises.com,2308.8,2238.85,2664840298496,77.06275,29.96,0.00059999997,3743.9,2025.0
2010-01-25 00:00:00+05:30,57.646616794670386,2314.95,2213.75,57.55792999267578,1379552,0.0,0.0,ADANIENT.NS,Adani Enterprises Limited,Thermal Coal,Energy,Mr. Gautambhai Shantilal Adani S.Y. B.Com,"Ahmedabad, India",https://www.adanienterprises.com,2308.8,2238.85,2664840298496,77.06275,29.96,0.00059999997,3743.9,2025.0
2010-01-27 00:00:00+05:30,57.77332460382409,2314.95,2213.75,56.392337799072266,1379552,0.0,0.0,ADANIENT.NS,Adani Enterprises Limited,Thermal Coal,Energy,Mr. Gautambhai Shantilal Adani S.Y. B.Com,"Ahmedabad, India",https://www.adanienterprises.com,2308.8,2238.85,2664840298496,77.06275,29.96,0.00059999997,3743.9,2025.0
2010-01-28 00:00:00+05:30,56.39233889443237,2314.95,2213.75,56.36066818237305,1379552,0.0,0.0,ADANIENT.NS,Adani Enterprises Limited,Thermal Coal,Energy,Mr. Gautambhai Shantilal Adani S.Y. B.Com,"Ahmedabad, India",https://www.adanienterprises.com,2308.8,2238.85,2664840298496,77.06275,29.96,0.00059999997,3743.9,2025.0
2010-01-29 00:00:00+05:30,55.366105388947425,2314.95,2213.75,56.157955169677734,1379552,0.0,0.0,ADANIENT.NS,Adani Enterprises Limited,Thermal Coal,Energy,Mr. Gautambhai Shantilal Adani S.Y. B.Com,"Ahmedabad, India",https://www.adanienterprises.com,2308.8,2238.85,2664840298496,77.06275,29.96,0.00059999997,3743.9,2025.0
2010-02-01 00:00:00+05:30,55.366089920926996,2314.95,2213.75,57.99502944946289,1379552,0.0,0.0,ADANIENT.NS,Adani Enterprises Limited,Thermal Coal,Energy,Mr. Gautambhai Shantilal Adani S.Y. B.Com,"Ahmedabad, India",https://www.adanienterprises.com,2308.8,2238.85,2664840298496,77.06275,29.96,0.00059999997,3743.9,2025.0
2010-02-02 00:00:00+05:30,58.53350607544817,2314.95,2213.75,59.14797592163086,1379552,0.0,0.0,ADANIENT.NS,Adani Enterprises Limited,Thermal Coal,Energy,Mr. Gautambhai Shantilal Adani S.Y. B.Com,"Ahmedabad, India",https://www.adanienterprises.com,2308.8,2238.85,2664840298496,77.06275,29.96,0.00059999997,3743.9,2025.0
2010-02-03 00:00:00+05:30,59.547059899577356,2314.95,2213.75,61.64387893676758,1379552,0.0,0.0,ADANIENT.NS,Adani Enterprises Limited,Thermal Coal,Energy,Mr. Gautambhai Shantilal Adani S.Y. B.Com,"Ahmedabad, India",https://www.adanienterprises.com,2308.8,2238.85,2664840298496,77.06275,29.96,0.00059999997,3743.9,2025.0
2010-02-04 00:00:00+05:30,60.81401317255579,2314.95,2213.75,60.62397003173828,1379552,0.0,0.0,ADANIENT.NS,Adani Enterprises Limited,Thermal Coal,Energy,Mr. Gautambhai Shantilal Adani S.Y. B.Com,"Ahmedabad, India",https://www.adanienterprises.com,2308.8,2238.85,2664840298496,77.06275,29.96,0.00059999997,3743.9,2025.0
2010-02-05 00:00:00+05:30,58.280113458973695,2314.95,2213.75,59.15431213378906,1379552,0.0,0.0,ADANIENT.NS,Adani Enterprises Limited,Thermal Coal,Energy,Mr. Gautambhai Shantilal Adani S.Y. B.Com,"Ahmedabad, India",https://www.adanienterprises.com,2308.8,2238.85,2664840298496,77.06275,29.96,0.00059999997,3743.9,2025.0
2010-02-08 00:00:00+05:30,58.28011357687824,2314.95,2213.75,59.80679702758789,1379552,0.0,0.0,ADANIENT.NS,Adani Enterprises Limited,Thermal Coal,Energy,Mr. Gautambhai Shantilal Adani S.Y. B.Com,"Ahmedabad, India",https://www.adanienterprises.com,2308.8,2238.85,2664840298496,77.06275,29.96,0.00059999997,3743.9,2025.0
2010-02-09 00:00:00+05:30,59.80679910788833,2314.95,2213.75,60.65565872192383,1379552,0.0,0.0,ADANIENT.NS,Adani Enterprises Limited,Thermal Coal,Energy,Mr. Gautambhai Shantilal Adani S.Y. B.Com,"Ahmedabad, India",https://www.adanienterprises.com,2308.8,2238.85,2664840298496,77.06275,29.96,0.00059999997,3743.9,2025.0
2010-02-10 00:00:00+05:30,59.54705497992724,2314.95,2213.75,60.9533805847168,1379552,0.0,0.0,ADANIENT.NS,Adani Enterprises Limited,Thermal Coal,Energy,Mr. Gautambhai Shantilal Adani S.Y. B.Com,"Ahmedabad, India",https://www.adanienterprises.com,2308.8,2238.85,2664840298496,77.06275,29.96,0.00059999997,3743.9,2025.0
2010-02-11 00:00:00+05:30,60.43392459922648,2314.95,2213.75,61.53617477416992,1379552,0.0,0.0,ADANIENT.NS,Adani Enterprises Limited,Thermal Coal,Energy,Mr. Gautambhai Shantilal Adani S.Y. B.Com,"Ahmedabad, India",https://www.adanienterprises.com,2308.8,2238.85,2664840298496,77.06275,29.96,0.00059999997,3743.9,2025.0
2010-02-15 00:00:00+05:30,62.08098799211851,2314.95,2213.75,61.98596954345703,1379552,0.0,0.0,ADANIENT.NS,Adani Enterprises Limited,Thermal Coal,Energy,Mr. Gautambhai Shantilal Adani S.Y. B.Com,"Ahmedabad, India",https://www.adanienterprises.com,2308.8,2238.85,2664840298496,77.06275,29.96,0.00059999997,3743.9,2025.0
2010-02-16 00:00:00+05:30,62.71445233739723,2314.95,2213.75,63.0565299987793,1379552,0.0,0.0,ADANIENT.NS,Adani Enterprises Limited,Thermal Coal,Energy,Mr. Gautambhai Shantilal Adani S.Y. B.Com,"Ahmedabad, India",https://www.adanienterprises.com,2308.8,2238.85,2664840298496,77.06275,29.96,0.00059999997,3743.9,2025.0
2010-02-17 00:00:00+05:30,64.62756623816867,2314.95,2213.75,65.7108154296875,1379552,0.0,0.0,ADANIENT.NS,Adani Enterprises Limited,Thermal Coal,Energy,Mr. Gautambhai Shantilal Adani S.Y. B.Com,"Ahmedabad, India",https://www.adanienterprises.com,2308.8,2238.85,2664840298496,77.06275,29.96,0.00059999997,3743.9,2025.0
2010-02-18 00:00:00+05:30,65.67914025037015,2314.95,2213.75,63.84205627441406,1379552,0.0,0.0,ADANIENT.NS,Adani Enterprises Limited,Thermal Coal,Energy,Mr. Gautambhai Shantilal Adani S.Y. B.Com,"Ahmedabad, India",https://www.adanienterprises.com,2308.8,2238.85,2664840298496,77.06275,29.96,0.00059999997,3743.9,2025.0
2010-02-19 00:00:00+05:30,62.20766997248648,2314.95,2213.75,62.65110397338867,1379552,0.0,0.0,ADANIENT.NS,Adani Enterprises Limited,Thermal Coal,Energy,Mr. Gautambhai Shantilal Adani S.Y. B.Com,"Ahmedabad, India",https://www.adanienterprises.com,2308.8,2238.85,2664840298496,77.06275,29.96,0.00059999997,3743.9,2025.0
2010-02-22 00:00:00+05:30,63.47464588069441,2314.95,2213.75,62.32804870605469,1379552,0.0,0.0,ADANIENT.NS,Adani Enterprises Limited,Thermal Coal,Energy,Mr. Gautambhai Shantilal Adani S.Y. B.Com,"Ahmedabad, India",https://www.adanienterprises.com,2308.8,2238.85,2664840298496,77.06275,29.96,0.00059999997,3743.9,2025.0
2010-02-23 00:00:00+05:30,62.32803999792862,2314.95,2213.75,62.23935317993164,1379552,0.0,0.0,ADANIENT.NS,Adani Enterprises Limited,Thermal Coal,Energy,Mr. Gautambhai Shantilal Adani S.Y. B.Com,"Ahmedabad, India",https://www.adanienterprises.com,2308.8,2238.85,2664840298496,77.06275,29.96,0.00059999997,3743.9,2025.0
2010-02-24 00:00:00+05:30,61.827573784024075,2314.95,2213.75,62.18232727050781,1379552,0.0,0.0,ADANIENT.NS,Adani Enterprises Limited,Thermal Coal,Energy,Mr. Gautambhai Shantilal Adani S.Y. B.Com,"Ahmedabad, India",https://www.adanienterprises.com,2308.8,2238.85,2664840298496,77.06275,29.96,0.00059999997,3743.9,2025.0
2010-02-25 00:00:00+05:30,60.814011953004396,2314.95,2213.75,61.62486267089844,1379552,0.0,0.0,ADANIENT.NS,Adani Enterprises Limited,Thermal Coal,Energy,Mr. Gautambhai Shantilal Adani S.Y. B.Com,"Ahmedabad, India",https://www.adanienterprises.com,2308.8,2238.85,2664840298496,77.06275,29.96,0.00059999997,3743.9,2025.0
2010-02-26 00:00:00+05:30,61.700900965469756,2314.95,2213.75,61.65022277832031,1379552,0.0,0.0,ADANIENT.NS,Adani Enterprises Limited,Thermal Coal,Energy,Mr. Gautambhai Shantilal Adani S.Y. B.Com,"Ahmedabad, India",https://www.adanienterprises.com,2308.8,2238.85,2664840298496,77.06275,29.96,0.00059999997,3743.9,2025.0
2010-03-02 00:00:00+05:30,62.08098527790304,2314.95,2213.75,61.52352523803711,1379552,0.0,0.0,ADANIENT.NS,Adani Enterprises Limited,Thermal Coal,Energy,Mr. Gautambhai Shantilal Adani S.Y. B.Com,"Ahmedabad, India",https://www.adanienterprises.com,2308.8,2238.85,2664840298496,77.06275,29.96,0.00059999997,3743.9,2025.0
2010-03-03 00:00:00+05:30,61.57418293909574,2314.95,2213.75,62.75245666503906,1379552,0.0,0.0,ADANIENT.NS,Adani Enterprises Limited,Thermal Coal,Energy,Mr. Gautambhai Shantilal Adani S.Y. B.Com,"Ahmedabad, India",https://www.adanienterprises.com,2308.8,2238.85,2664840298496,77.06275,29.96,0.00059999997,3743.9,2025.0
2010-03-04 00:00:00+05:30,62.96784731839168,2314.95,2213.75,62.6384391784668,1379552,0.0,0.0,ADANIENT.NS,Adani Enterprises Limited,Thermal Coal,Energy,Mr. Gautambhai Shantilal Adani S.Y. B.Com,"Ahmedabad, India",https://www.adanienterprises.com,2308.8,2238.85,2664840298496,77.06275,29.96,0.00059999997,3743.9,2025.0
2010-03-05 00:00:00+05:30,62.71446049312332,2314.95,2213.75,63.84205627441406,1379552,0.0,0.0,ADANIENT.NS,Adani Enterprises Limited,Thermal Coal,Energy,Mr. Gautambhai Shantilal Adani S.Y. B.Com,"Ahmedabad, India",https://www.adanienterprises.com,2308.8,2238.85,2664840298496,77.06275,29.96,0.00059999997,3743.9,2025.0
2010-03-08 00:00:00+05:30,64.36151846400232,2314.95,2213.75,64.05744934082031,1379552,0.0,0.0,ADANIENT.NS,Adani Enterprises Limited,Thermal Coal,Energy,Mr. Gautambhai Shantilal Adani S.Y. B.Com,"Ahmedabad, India",https://www.adanienterprises.com,2308.8,2238.85,2664840298496,77.06275,29.96,0.00059999997,3743.9,2025.0
2010-03-09 00:00:00+05:30,64.01943846577794,2314.95,2213.75,63.94975280761719,1379552,0.0,0.0,ADANIENT.NS,Adani Enterprises Limited,Thermal Coal,Energy,Mr. Gautambhai Shantilal Adani S.Y. B.Com,"Ahmedabad, India",https://www.adanienterprises.com,2308.8,2238.85,2664840298496,77.06275,29.96,0.00059999997,3743.9,2025.0
2010-03-10 00:00:00+05:30,63.981406380109725,2314.95,2213.75,61.605857849121094,1379552,0.0,0.0,ADANIENT.NS,Adani Enterprises Limited,Thermal Coal,Energy,Mr. Gautambhai Shantilal Adani S.Y. B.Com,"Ahmedabad, India",https://www.adanienterprises.com,2308.8,2238.85,2664840298496,77.06275,29.96,0.00059999997,3743.9,2025.0
2010-03-11 00:00:00+05:30,57.298207272615244,2314.95,2213.75,60.129859924316406,1379552,0.0,0.0,ADANIENT.NS,Adani Enterprises Limited,Thermal Coal,Energy,Mr. Gautambhai Shantilal Adani S.Y. B.Com,"Ahmedabad, India",https://www.adanienterprises.com,2308.8,2238.85,2664840298496,77.06275,29.96,0.00059999997,3743.9,2025.0
2010-03-12 00:00:00+05:30,60.43394880354773,2314.95,2213.75,60.80769729614258,1379552,0.0,0.0,ADANIENT.NS,Adani Enterprises Limited,Thermal Coal,Energy,Mr. Gautambhai Shantilal Adani S.Y. B.Com,"Ahmedabad, India",https://www.adanienterprises.com,2308.8,2238.85,2664840298496,77.06275,29.96,0.00059999997,3743.9,2025.0
2010-03-15 00:00:00+05:30,60.94071945797319,2314.95,2213.75,60.83936309814453,1379552,0.0,0.0,ADANIENT.NS,Adani Enterprises Limited,Thermal Coal,Energy,Mr. Gautambhai Shantilal Adani S.Y. B.Com,"Ahmedabad, India",https://www.adanienterprises.com,2308.8,2238.85,2664840298496,77.06275,29.96,0.00059999997,3743.9,2025.0
2010-03-16 00:00:00+05:30,61.377830741268035,2314.95,2213.75,61.70090103149414,1379552,0.0,0.0,ADANIENT.NS,Adani Enterprises Limited,Thermal Coal,Energy,Mr. Gautambhai Shantilal Adani S.Y. B.Com,"Ahmedabad, India",https://www.adanienterprises.com,2308.8,2238.85,2664840298496,77.06275,29.96,0.00059999997,3743.9,2025.0
2010-03-17 00:00:00+05:30,62.562438359615946,2314.95,2213.75,61.02307891845703,1379552,0.0,0.0,ADANIENT.NS,Adani Enterprises Limited,Thermal Coal,Energy,Mr. Gautambhai Shantilal Adani S.Y. B.Com,"Ahmedabad, India",https://www.adanienterprises.com,2308.8,2238.85,2664840298496,77.06275,29.96,0.00059999997,3743.9,2025.0
2010-03-18 00:00:00+05:30,63.08187684927478,2314.95,2213.75,60.814022064208984,1379552,0.0,0.0,ADANIENT.NS,Adani Enterprises Limited,Thermal Coal,Energy,Mr. Gautambhai Shantilal Adani S.Y. B.Com,"Ahmedabad, India",https://www.adanienterprises.com,2308.8,2238.85,2664840298496,77.06275,29.96,0.00059999997,3743.9,2025.0
2010-03-19 00:00:00+05:30,59.54705665072487,2314.95,2213.75,60.82668685913086,1379552,0.0,0.0,ADANIENT.NS,Adani Enterprises Limited,Thermal Coal,Energy,Mr. Gautambhai Shantilal Adani S.Y. B.Com,"Ahmedabad, India",https://www.adanienterprises.com,2308.8,2238.85,2664840298496,77.06275,29.96,0.00059999997,3743.9,2025.0
2010-03-22 00:00:00+05:30,60.68732152338536,2314.95,2213.75,59.00226593017578,1379552,0.0,0.0,ADANIENT.NS,Adani Enterprises Limited,Thermal Coal,Energy,Mr. Gautambhai Shantilal Adani S.Y. B.Com,"Ahmedabad, India",https://www.adanienterprises.com,2308.8,2238.85,2664840298496,77.06275,29.96,0.00059999997,3743.9,2025.0
2010-03-23 00:00:00+05:30,59.16697554735639,2314.95,2213.75,58.87557601928711,1379552,0.0,0.0,ADANIENT.NS,Adani Enterprises Limited,Thermal Coal,Energy,Mr. Gautambhai Shantilal Adani S.Y. B.Com,"Ahmedabad, India",https://www.adanienterprises.com,2308.8,2238.85,2664840298496,77.06275,29.96,0.00059999997,3743.9,2025.0
2010-03-25 00:00:00+05:30,57.931691889299096,2314.95,2213.75,59.597740173339844,1379552,0.0,0.0,ADANIENT.NS,Adani Enterprises Limited,Thermal Coal,Energy,Mr. Gautambhai Shantilal Adani S.Y. B.Com,"Ahmedabad, India",https://www.adanienterprises.com,2308.8,2238.85,2664840298496,77.06275,29.96,0.00059999997,3743.9,2025.0
2010-03-26 00:00:00+05:30,58.9135827421421,2314.95,2213.75,60.02217102050781,1379552,0.0,0.0,ADANIENT.NS,Adani Enterprises Limited,Thermal Coal,Energy,Mr. Gautambhai Shantilal Adani S.Y. B.Com,"Ahmedabad, India",https://www.adanienterprises.com,2308.8,2238.85,2664840298496,77.06275,29.96,0.00059999997,3743.9,2025.0
2010-03-29 00:00:00+05:30,60.060186708421746,2314.95,2213.75,59.73711013793945,1379552,0.0,0.0,ADANIENT.NS,Adani Enterprises Limited,Thermal Coal,Energy,Mr. Gautambhai Shantilal Adani S.Y. B.Com,"Ahmedabad, India",https://www.adanienterprises.com,2308.8,2238.85,2664840298496,77.06275,29.96,0.00059999997,3743.9,2025.0
2010-03-30 00:00:00+05:30,60.560635615207985,2314.95,2213.75,60.047515869140625,1379552,0.0,0.0,ADANIENT.NS,Adani Enterprises Limited,Thermal Coal,Energy,Mr. Gautambhai Shantilal Adani S.Y. B.Com,"Ahmedabad, India",https://www.adanienterprises.com,2308.8,2238.85,2664840298496,77.06275,29.96,0.00059999997,3743.9,2025.0
2010-03-31 00:00:00+05:30,58.54617440127826,2314.95,2213.75,59.50905990600586,1379552,0.0,0.0,ADANIENT.NS,Adani Enterprises Limited,Thermal Coal,Energy,Mr. Gautambhai Shantilal Adani S.Y. B.Com,"Ahmedabad, India",https://www.adanienterprises.com,2308.8,2238.85,2664840298496,77.06275,29.96,0.00059999997,3743.9,2025.0
2010-04-01 00:00:00+05:30,59.80045748993623,2314.95,2213.75,60.70633316040039,1379552,0.0,0.0,ADANIENT.NS,Adani Enterprises Limited,Thermal Coal,Energy,Mr. Gautambhai Shantilal Adani S.Y. B.Com,"Ahmedabad, India",https://www.adanienterprises.com,2308.8,2238.85,2664840298496,77.06275,29.96,0.00059999997,3743.9,2025.0
2010-04-05 00:00:00+05:30,61.32079675264807,2314.95,2213.75,61.669212341308594,1379552,0.0,0.0,ADANIENT.NS,Adani Enterprises Limited,Thermal Coal,Energy,Mr. Gautambhai Shantilal Adani S.Y. B.Com,"Ahmedabad, India",https://www.adanienterprises.com,2308.8,2238.85,2664840298496,77.06275,29.96,0.00059999997,3743.9,2025.0
2010-04-06 00:00:00+05:30,61.87826087171319,2314.95,2213.75,61.30179977416992,1379552,0.0,0.0,ADANIENT.NS,Adani Enterprises Limited,Thermal Coal,Energy,Mr. Gautambhai Shantilal Adani S.Y. B.Com,"Ahmedabad, India",https://www.adanienterprises.com,2308.8,2238.85,2664840298496,77.06275,29.96,0.00059999997,3743.9,2025.0
2010-04-07 00:00:00+05:30,61.57420110780954,2314.95,2213.75,62.347049713134766,1379552,0.0,0.0,ADANIENT.NS,Adani Enterprises Limited,Thermal Coal,Energy,Mr. Gautambhai Shantilal Adani S.Y. B.Com,"Ahmedabad, India",https://www.adanienterprises.com,2308.8,2238.85,2664840298496,77.06275,29.96,0.00059999997,3743.9,2025.0
2010-04-08 00:00:00+05:30,62.524435713811705,2314.95,2213.75,62.283714294433594,1379552,0.0,0.0,ADANIENT.NS,Adani Enterprises Limited,Thermal Coal,Energy,Mr. Gautambhai Shantilal Adani S.Y. B.Com,"Ahmedabad, India",https://www.adanienterprises.com,2308.8,2238.85,2664840298496,77.06275,29.96,0.00059999997,3743.9,2025.0
2010-04-09 00:00:00+05:30,62.08099281405499,2314.95,2213.75,62.023983001708984,1379552,0.0,0.0,ADANIENT.NS,Adani Enterprises Limited,Thermal Coal,Energy,Mr. Gautambhai Shantilal Adani S.Y. B.Com,"Ahmedabad, India",https://www.adanienterprises.com,2308.8,2238.85,2664840298496,77.06275,29.96,0.00059999997,3743.9,2025.0
2010-04-12 00:00:00+05:30,61.96063057261417,2314.95,2213.75,61.48551940917969,1379552,0.0,0.0,ADANIENT.NS,Adani Enterprises Limited,Thermal Coal,Energy,Mr. Gautambhai Shantilal Adani S.Y. B.Com,"Ahmedabad, India",https://www.adanienterprises.com,2308.8,2238.85,2664840298496,77.06275,29.96,0.00059999997,3743.9,2025.0
2010-04-13 00:00:00+05:30,61.941623041474344,2314.95,2213.75,62.03664779663086,1379552,0.0,0.0,ADANIENT.NS,Adani Enterprises Limited,Thermal Coal,Energy,Mr. Gautambhai Shantilal Adani S.Y. B.Com,"Ahmedabad, India",https://www.adanienterprises.com,2308.8,2238.85,2664840298496,77.06275,29.96,0.00059999997,3743.9,2025.0
2010-04-15 00:00:00+05:30,62.20769318245359,2314.95,2213.75,61.80226135253906,1379552,0.0,0.0,ADANIENT.NS,Adani Enterprises Limited,Thermal Coal,Energy,Mr. Gautambhai Shantilal Adani S.Y. B.Com,"Ahmedabad, India",https://www.adanienterprises.com,2308.8,2238.85,2664840298496,77.06275,29.96,0.00059999997,3743.9,2025.0
2010-04-16 00:00:00+05:30,61.58687471323975,2314.95,2213.75,61.39683151245117,1379552,0.0,0.0,ADANIENT.NS,Adani Enterprises Limited,Thermal Coal,Energy,Mr. Gautambhai Shantilal Adani S.Y. B.Com,"Ahmedabad, India",https://www.adanienterprises.com,2308.8,2238.85,2664840298496,77.06275,29.96,0.00059999997,3743.9,2025.0
2010-04-19 00:00:00+05:30,60.814023783214246,2314.95,2213.75,62.5307502746582,1379552,0.0,0.0,ADANIENT.NS,Adani Enterprises Limited,Thermal Coal,Energy,Mr. Gautambhai Shantilal Adani S.Y. B.Com,"Ahmedabad, India",https://www.adanienterprises.com,2308.8,2238.85,2664840298496,77.06275,29.96,0.00059999997,3743.9,2025.0
2010-04-20 00:00:00+05:30,63.240243205681935,2314.95,2213.75,66.19225311279297,1379552,0.0,0.0,ADANIENT.NS,Adani Enterprises Limited,Thermal Coal,Energy,Mr. Gautambhai Shantilal Adani S.Y. B.Com,"Ahmedabad, India",https://www.adanienterprises.com,2308.8,2238.85,2664840298496,77.06275,29.96,0.00059999997,3743.9,2025.0
2010-04-21 00:00:00+05:30,66.74340387886039,2314.95,2213.75,68.9669189453125,1379552,0.0,0.0,ADANIENT.NS,Adani Enterprises Limited,Thermal Coal,Energy,Mr. Gautambhai Shantilal Adani S.Y. B.Com,"Ahmedabad, India",https://www.adanienterprises.com,2308.8,2238.85,2664840298496,77.06275,29.96,0.00059999997,3743.9,2025.0
2010-04-22 00:00:00+05:30,69.30264607546978,2314.95,2213.75,70.11983489990234,1379552,0.0,0.0,ADANIENT.NS,Adani Enterprises Limited,Thermal Coal,Energy,Mr. Gautambhai Shantilal Adani S.Y. B.Com,"Ahmedabad, India",https://www.adanienterprises.com,2308.8,2238.85,2664840298496,77.06275,29.96,0.00059999997,3743.9,2025.0
2010-04-23 00:00:00+05:30,72.11530193449114,2314.95,2213.75,71.30445098876953,1379552,0.0,0.0,ADANIENT.NS,Adani Enterprises Limited,Thermal Coal,Energy,Mr. Gautambhai Shantilal Adani S.Y. B.Com,"Ahmedabad, India",https://www.adanienterprises.com,2308.8,2238.85,2664840298496,77.06275,29.96,0.00059999997,3743.9,2025.0
2010-04-26 00:00:00+05:30,71.45648654291665,2314.95,2213.75,72.61575317382812,1379552,0.0,0.0,ADANIENT.NS,Adani Enterprises Limited,Thermal Coal,Energy,Mr. Gautambhai Shantilal Adani S.Y. B.Com,"Ahmedabad, India",https://www.adanienterprises.com,2308.8,2238.85,2664840298496,77.06275,29.96,0.00059999997,3743.9,2025.0
2010-04-27 00:00:00+05:30,72.72343298453696,2314.95,2213.75,73.55329132080078,1379552,0.0,0.0,ADANIENT.NS,Adani Enterprises Limited,Thermal Coal,Energy,Mr. Gautambhai Shantilal Adani S.Y. B.Com,"Ahmedabad, India",https://www.adanienterprises.com,2308.8,2238.85,2664840298496,77.06275,29.96,0.00059999997,3743.9,2025.0
2010-04-28 00:00:00+05:30,73.10351782120517,2314.95,2213.75,71.36779022216797,1379552,0.0,0.0,ADANIENT.NS,Adani Enterprises Limited,Thermal Coal,Energy,Mr. Gautambhai Shantilal Adani S.Y. B.Com,"Ahmedabad, India",https://www.adanienterprises.com,2308.8,2238.85,2664840298496,77.06275,29.96,0.00059999997,3743.9,2025.0
2010-04-29 00:00:00+05:30,71.58317962125402,2314.95,2213.75,71.13340759277344,1379552,0.0,0.0,ADANIENT.NS,Adani Enterprises Limited,Thermal Coal,Energy,Mr. Gautambhai Shantilal Adani S.Y. B.Com,"Ahmedabad, India",https://www.adanienterprises.com,2308.8,2238.85,2664840298496,77.06275,29.96,0.00059999997,3743.9,2025.0
2010-04-30 00:00:00+05:30,71.58319609778383,2314.95,2213.75,71.27278900146484,1379552,0.0,0.0,ADANIENT.NS,Adani Enterprises Limited,Thermal Coal,Energy,Mr. Gautambhai Shantilal Adani S.Y. B.Com,"Ahmedabad, India",https://www.adanienterprises.com,2308.8,2238.85,2664840298496,77.06275,29.96,0.00059999997,3743.9,2025.0
2010-05-03 00:00:00+05:30,70.93701821916203,2314.95,2213.75,71.96958923339844,1379552,0.0,0.0,ADANIENT.NS,Adani Enterprises Limited,Thermal Coal,Energy,Mr. Gautambhai Shantilal Adani S.Y. B.Com,"Ahmedabad, India",https://www.adanienterprises.com,2308.8,2238.85,2664840298496,77.06275,29.96,0.00059999997,3743.9,2025.0
2010-05-04 00:00:00+05:30,69.80943436208702,2314.95,2213.75,71.32344818115234,1379552,0.0,0.0,ADANIENT.NS,Adani Enterprises Limited,Thermal Coal,Energy,Mr. Gautambhai Shantilal Adani S.Y. B.Com,"Ahmedabad, India",https://www.adanienterprises.com,2308.8,2238.85,2664840298496,77.06275,29.96,0.00059999997,3743.9,2025.0
2010-05-05 00:00:00+05:30,71.07638569250899,2314.95,2213.75,71.60851287841797,1379552,0.0,0.0,ADANIENT.NS,Adani Enterprises Limited,Thermal Coal,Energy,Mr. Gautambhai Shantilal Adani S.Y. B.Com,"Ahmedabad, India",https://www.adanienterprises.com,2308.8,2238.85,2664840298496,77.06275,29.96,0.00059999997,3743.9,2025.0
2010-05-06 00:00:00+05:30,71.23475242398462,2314.95,2213.75,71.58316802978516,1379552,0.0,0.0,ADANIENT.NS,Adani Enterprises Limited,Thermal Coal,Energy,Mr. Gautambhai Shantilal Adani S.Y. B.Com,"Ahmedabad, India",https://www.adanienterprises.com,2308.8,2238.85,2664840298496,77.06275,29.96,0.00059999997,3743.9,2025.0
2010-05-07 00:00:00+05:30,70.93702999051645,2314.95,2213.75,71.05105590820312,1379552,0.0,0.0,ADANIENT.NS,Adani Enterprises Limited,Thermal Coal,Energy,Mr. Gautambhai Shantilal Adani S.Y. B.Com,"Ahmedabad, India",https://www.adanienterprises.com,2308.8,2238.85,2664840298496,77.06275,29.96,0.00059999997,3743.9,2025.0
2010-05-10 00:00:00+05:30,71.07638224460176,2314.95,2213.75,73.60396575927734,1379552,0.0,0.0,ADANIENT.NS,Adani Enterprises Limited,Thermal Coal,Energy,Mr. Gautambhai Shantilal Adani S.Y. B.Com,"Ahmedabad, India",https://www.adanienterprises.com,2308.8,2238.85,2664840298496,77.06275,29.96,0.00059999997,3743.9,2025.0
2010-05-11 00:00:00+05:30,73.96505404646862,2314.95,2213.75,73.6483154296875,1379552,0.0,0.0,ADANIENT.NS,Adani Enterprises Limited,Thermal Coal,Energy,Mr. Gautambhai Shantilal Adani S.Y. B.Com,"Ahmedabad, India",https://www.adanienterprises.com,2308.8,2238.85,2664840298496,77.06275,29.96,0.00059999997,3743.9,2025.0
2010-05-12 00:00:00+05:30,73.99039956019813,2314.95,2213.75,73.5786361694336,1379552,0.0,0.0,ADANIENT.NS,Adani Enterprises Limited,Thermal Coal,Energy,Mr. Gautambhai Shantilal Adani S.Y. B.Com,"Ahmedabad, India",https://www.adanienterprises.com,2308.8,2238.85,2664840298496,77.06275,29.96,0.00059999997,3743.9,2025.0
2010-05-13 00:00:00+05:30,73.7369956999481,2314.95,2213.75,73.85735321044922,1379552,0.0,0.0,ADANIENT.NS,Adani Enterprises Limited,Thermal Coal,Energy,Mr. Gautambhai Shantilal Adani S.Y. B.Com,"Ahmedabad, India",https://www.adanienterprises.com,2308.8,2238.85,2664840298496,77.06275,29.96,0.00059999997,3743.9,2025.0
2010-05-14 00:00:00+05:30,73.48361832197126,2314.95,2213.75,75.68812561035156,1379552,0.0,0.0,ADANIENT.NS,Adani Enterprises Limited,Thermal Coal,Energy,Mr. Gautambhai Shantilal Adani S.Y. B.Com,"Ahmedabad, India",https://www.adanienterprises.com,2308.8,2238.85,2664840298496,77.06275,29.96,0.00059999997,3743.9,2025.0
2010-05-17 00:00:00+05:30,74.62387334735503,2314.95,2213.75,73.83202362060547,1379552,0.0,0.0,ADANIENT.NS,Adani Enterprises Limited,Thermal Coal,Energy,Mr. Gautambhai Shantilal Adani S.Y. B.Com,"Ahmedabad, India",https://www.adanienterprises.com,2308.8,2238.85,2664840298496,77.06275,29.96,0.00059999997,3743.9,2025.0
2010-05-18 00:00:00+05:30,74.06007952834406,2314.95,2213.75,74.58586883544922,1379552,0.0,0.0,ADANIENT.NS,Adani Enterprises Limited,Thermal Coal,Energy,Mr. Gautambhai Shantilal Adani S.Y. B.Com,"Ahmedabad, India",https://www.adanienterprises.com,2308.8,2238.85,2664840298496,77.06275,29.96,0.00059999997,3743.9,2025.0
2010-05-19 00:00:00+05:30,73.6103096412045,2314.95,2213.75,73.23021697998047,1379552,0.0,0.0,ADANIENT.NS,Adani Enterprises Limited,Thermal Coal,Energy,Mr. Gautambhai Shantilal Adani S.Y. B.Com,"Ahmedabad, India",https://www.adanienterprises.com,2308.8,2238.85,2664840298496,77.06275,29.96,0.00059999997,3743.9,2025.0
2010-05-20 00:00:00+05:30,73.48360751931108,2314.95,2213.75,75.27001953125,1379552,0.0,0.0,ADANIENT.NS,Adani Enterprises Limited,Thermal Coal,Energy,Mr. Gautambhai Shantilal Adani S.Y. B.Com,"Ahmedabad, India",https://www.adanienterprises.com,2308.8,2238.85,2664840298496,77.06275,29.96,0.00059999997,3743.9,2025.0
2010-05-21 00:00:00+05:30,73.49628019604603,2314.95,2213.75,74.98495483398438,1379552,0.0,0.0,ADANIENT.NS,Adani Enterprises Limited,Thermal Coal,Energy,Mr. Gautambhai Shantilal Adani S.Y. B.Com,"Ahmedabad, India",https://www.adanienterprises.com,2308.8,2238.85,2664840298496,77.06275,29.96,0.00059999997,3743.9,2025.0
2010-05-24 00:00:00+05:30,73.48361862397306,2314.95,2213.75,75.21935272216797,1379552,0.0,0.0,ADANIENT.NS,Adani Enterprises Limited,Thermal Coal,Energy,Mr. Gautambhai Shantilal Adani S.Y. B.Com,"Ahmedabad, India",https://www.adanienterprises.com,2308.8,2238.85,2664840298496,77.06275,29.96,0.00059999997,3743.9,2025.0
2010-05-25 00:00:00+05:30,74.62388671630526,2314.95,2213.75,73.5849838256836,1379552,0.0,0.0,ADANIENT.NS,Adani Enterprises Limited,Thermal Coal,Energy,Mr. Gautambhai Shantilal Adani S.Y. B.Com,"Ahmedabad, India",https://www.adanienterprises.com,2308.8,2238.85,2664840298496,77.06275,29.96,0.00059999997,3743.9,2025.0
2010-05-26 00:00:00+05:30,75.97950882358789,2314.95,2213.75,74.07907104492188,1379552,0.0,0.0,ADANIENT.NS,Adani Enterprises Limited,Thermal Coal,Energy,Mr. Gautambhai Shantilal Adani S.Y. B.Com,"Ahmedabad, India",https://www.adanienterprises.com,2308.8,2238.85,2664840298496,77.06275,29.96,0.00059999997,3743.9,2025.0
2010-05-27 00:00:00+05:30,74.32614784074997,2314.95,2213.75,68.662841796875,1379552,0.0,0.0,ADANIENT.NS,Adani Enterprises Limited,Thermal Coal,Energy,Mr. Gautambhai Shantilal Adani S.Y. B.Com,"Ahmedabad, India",https://www.adanienterprises.com,2308.8,2238.85,2664840298496,77.06275,29.96,0.00059999997,3743.9,2025.0
2010-05-28 00:00:00+05:30,72.2166534057988,2314.95,2213.75,68.44111633300781,1379552,0.0,0.0,ADANIENT.NS,Adani Enterprises Limited,Thermal Coal,Energy,Mr. Gautambhai Shantilal Adani S.Y. B.Com,"Ahmedabad, India",https://www.adanienterprises.com,2308.8,2238.85,2664840298496,77.06275,29.96,0.00059999997,3743.9,2025.0
2010-05-31 00:00:00+05:30,68.27641004737723,2314.95,2213.75,68.76419067382812,1379552,0.0,0.0,ADANIENT.NS,Adani Enterprises Limited,Thermal Coal,Energy,Mr. Gautambhai Shantilal Adani S.Y. B.Com,"Ahmedabad, India",https://www.adanienterprises.com,2308.8,2238.85,2664840298496,77.06275,29.96,0.00059999997,3743.9,2025.0
2010-06-01 00:00:00+05:30,68.22574200707102,2314.95,2213.75,67.97235107421875,1379552,0.0,0.0,ADANIENT.NS,Adani Enterprises Limited,Thermal Coal,Energy,Mr. Gautambhai Shantilal Adani S.Y. B.Com,"Ahmedabad, India",https://www.adanienterprises.com,2308.8,2238.85,2664840298496,77.06275,29.96,0.00059999997,3743.9,2025.0
2010-06-02 00:00:00+05:30,68.16238911876914,2314.95,2213.75,68.52346801757812,1379552,0.0,0.0,ADANIENT.NS,Adani Enterprises Limited,Thermal Coal,Energy,Mr. Gautambhai Shantilal Adani S.Y. B.Com,"Ahmedabad, India",https://www.adanienterprises.com,2308.8,2238.85,2664840298496,77.06275,29.96,0.00059999997,3743.9,2025.0
2010-06-03 00:00:00+05:30,69.05557663810613,2314.95,2213.75,69.70806121826172,1379552,0.0,0.0,ADANIENT.NS,Adani Enterprises Limited,Thermal Coal,Energy,Mr. Gautambhai Shantilal Adani S.Y. B.Com,"Ahmedabad, India",https://www.adanienterprises.com,2308.8,2238.85,2664840298496,77.06275,29.96,0.00059999997,3743.9,2025.0
2010-06-04 00:00:00+05:30,69.80943376145025,2314.95,2213.75,69.81576538085938,1379552,0.0,0.0,ADANIENT.NS,Adani Enterprises Limited,Thermal Coal,Energy,Mr. Gautambhai Shantilal Adani S.Y. B.Com,"Ahmedabad, India",https://www.adanienterprises.com,2308.8,2238.85,2664840298496,77.06275,29.96,0.00059999997,3743.9,2025.0
2010-06-07 00:00:00+05:30,69.55604026090349,2314.95,2213.75,68.16238403320312,1379552,0.0,0.0,ADANIENT.NS,Adani Enterprises Limited,Thermal Coal,Energy,Mr. Gautambhai Shantilal Adani S.Y. B.Com,"Ahmedabad, India",https://www.adanienterprises.com,2308.8,2238.85,2664840298496,77.06275,29.96,0.00059999997,3743.9,2025.0
2010-06-08 00:00:00+05:30,68.16238445105496,2314.95,2213.75,67.79496765136719,1379552,0.0,0.0,ADANIENT.NS,Adani Enterprises Limited,Thermal Coal,Energy,Mr. Gautambhai Shantilal Adani S.Y. B.Com,"Ahmedabad, India",https://www.adanienterprises.com,2308.8,2238.85,2664840298496,77.06275,29.96,0.00059999997,3743.9,2025.0
2010-06-09 00:00:00+05:30,68.79585371187275,2314.95,2213.75,67.7632827758789,1379552,0.0,0.0,ADANIENT.NS,Adani Enterprises Limited,Thermal Coal,Energy,Mr. Gautambhai Shantilal Adani S.Y. B.Com,"Ahmedabad, India",https://www.adanienterprises.com,2308.8,2238.85,2664840298496,77.06275,29.96,0.00059999997,3743.9,2025.0
2010-06-10 00:00:00+05:30,67.30085483742403,2314.95,2213.75,69.0936050415039,1379552,0.0,0.0,ADANIENT.NS,Adani Enterprises Limited,Thermal Coal,Energy,Mr. Gautambhai Shantilal Adani S.Y. B.Com,"Ahmedabad, India",https://www.adanienterprises.com,2308.8,2238.85,2664840298496,77.06275,29.96,0.00059999997,3743.9,2025.0
2010-06-11 00:00:00+05:30,69.67639876976968,2314.95,2213.75,68.70084381103516,1379552,0.0,0.0,ADANIENT.NS,Adani Enterprises Limited,Thermal Coal,Energy,Mr. Gautambhai Shantilal Adani S.Y. B.Com,"Ahmedabad, India",https://www.adanienterprises.com,2308.8,2238.85,2664840298496,77.06275,29.96,0.00059999997,3743.9,2025.0
2010-06-14 00:00:00+05:30,69.049246257794,2314.95,2213.75,68.70716857910156,1379552,0.0,0.0,ADANIENT.NS,Adani Enterprises Limited,Thermal Coal,Energy,Mr. Gautambhai Shantilal Adani S.Y. B.Com,"Ahmedabad, India",https://www.adanienterprises.com,2308.8,2238.85,2664840298496,77.06275,29.96,0.00059999997,3743.9,2025.0
2010-06-15 00:00:00+05:30,68.70718610617574,2314.95,2213.75,68.98591613769531,1379552,0.0,0.0,ADANIENT.NS,Adani Enterprises Limited,Thermal Coal,Energy,Mr. Gautambhai Shantilal Adani S.Y. B.Com,"Ahmedabad, India",https://www.adanienterprises.com,2308.8,2238.85,2664840298496,77.06275,29.96,0.00059999997,3743.9,2025.0
2010-06-16 00:00:00+05:30,69.42935391708268,2314.95,2213.75,69.00492095947266,1379552,0.0,0.0,ADANIENT.NS,Adani Enterprises Limited,Thermal Coal,Energy,Mr. Gautambhai Shantilal Adani S.Y. B.Com,"Ahmedabad, India",https://www.adanienterprises.com,2308.8,2238.85,2664840298496,77.06275,29.96,0.00059999997,3743.9,2025.0
2010-06-17 00:00:00+05:30,68.54246513482076,2314.95,2213.75,69.11259460449219,1379552,0.0,0.0,ADANIENT.NS,Adani Enterprises Limited,Thermal Coal,Energy,Mr. Gautambhai Shantilal Adani S.Y. B.Com,"Ahmedabad, India",https://www.adanienterprises.com,2308.8,2238.85,2664840298496,77.06275,29.96,0.00059999997,3743.9,2025.0
2010-06-18 00:00:00+05:30,68.56147973880545,2314.95,2213.75,68.80853271484375,1379552,0.0,0.0,ADANIENT.NS,Adani Enterprises Limited,Thermal Coal,Energy,Mr. Gautambhai Shantilal Adani S.Y. B.Com,"Ahmedabad, India",https://www.adanienterprises.com,2308.8,2238.85,2664840298496,77.06275,29.96,0.00059999997,3743.9,2025.0
2010-06-21 00:00:00+05:30,69.40401265899001,2314.95,2213.75,68.39677429199219,1379552,0.0,0.0,ADANIENT.NS,Adani Enterprises Limited,Thermal Coal,Energy,Mr. Gautambhai Shantilal Adani S.Y. B.Com,"Ahmedabad, India",https://www.adanienterprises.com,2308.8,2238.85,2664840298496,77.06275,29.96,0.00059999997,3743.9,2025.0
2010-06-22 00:00:00+05:30,68.16238100011752,2314.95,2213.75,68.04835510253906,1379552,0.0,0.0,ADANIENT.NS,Adani Enterprises Limited,Thermal Coal,Energy,Mr. Gautambhai Shantilal Adani S.Y. B.Com,"Ahmedabad, India",https://www.adanienterprises.com,2308.8,2238.85,2664840298496,77.06275,29.96,0.00059999997,3743.9,2025.0
2010-06-23 00:00:00+05:30,67.40220281430642,2314.95,2213.75,68.0546875,1379552,0.0,0.0,ADANIENT.NS,Adani Enterprises Limited,Thermal Coal,Energy,Mr. Gautambhai Shantilal Adani S.Y. B.Com,"Ahmedabad, India",https://www.adanienterprises.com,2308.8,2238.85,2664840298496,77.06275,29.96,0.00059999997,3743.9,2025.0
2010-06-24 00:00:00+05:30,67.40221095228364,2314.95,2213.75,67.78863525390625,1379552,0.0,0.0,ADANIENT.NS,Adani Enterprises Limited,Thermal Coal,Energy,Mr. Gautambhai Shantilal Adani S.Y. B.Com,"Ahmedabad, India",https://www.adanienterprises.com,2308.8,2238.85,2664840298496,77.06275,29.96,0.00059999997,3743.9,2025.0
2010-06-25 00:00:00+05:30,67.27551907991176,2314.95,2213.75,67.63660430908203,1379552,0.0,0.0,ADANIENT.NS,Adani Enterprises Limited,Thermal Coal,Energy,Mr. Gautambhai Shantilal Adani S.Y. B.Com,"Ahmedabad, India",https://www.adanienterprises.com,2308.8,2238.85,2664840298496,77.06275,29.96,0.00059999997,3743.9,2025.0
2010-06-28 00:00:00+05:30,67.64292881859865,2314.95,2213.75,67.87098693847656,1379552,0.0,0.0,ADANIENT.NS,Adani Enterprises Limited,Thermal Coal,Energy,Mr. Gautambhai Shantilal Adani S.Y. B.Com,"Ahmedabad, India",https://www.adanienterprises.com,2308.8,2238.85,2664840298496,77.06275,29.96,0.00059999997,3743.9,2025.0
2010-06-29 00:00:00+05:30,68.02935301497429,2314.95,2213.75,67.94066619873047,1379552,0.0,0.0,ADANIENT.NS,Adani Enterprises Limited,Thermal Coal,Energy,Mr. Gautambhai Shantilal Adani S.Y. B.Com,"Ahmedabad, India",https://www.adanienterprises.com,2308.8,2238.85,2664840298496,77.06275,29.96,0.00059999997,3743.9,2025.0
2010-06-30 00:00:00+05:30,67.6619319269916,2314.95,2213.75,68.25740051269531,1379552,0.0,0.0,ADANIENT.NS,Adani Enterprises Limited,Thermal Coal,Energy,Mr. Gautambhai Shantilal Adani S.Y. B.Com,"Ahmedabad, India",https://www.adanienterprises.com,2308.8,2238.85,2664840298496,77.06275,29.96,0.00059999997,3743.9,2025.0
2010-07-01 00:00:00+05:30,67.88365841072805,2314.95,2213.75,68.01668548583984,1379552,0.0,0.0,ADANIENT.NS,Adani Enterprises Limited,Thermal Coal,Energy,Mr. Gautambhai Shantilal Adani S.Y. B.Com,"Ahmedabad, India",https://www.adanienterprises.com,2308.8,2238.85,2664840298496,77.06275,29.96,0.00059999997,3743.9,2025.0
2010-07-02 00:00:00+05:30,67.78231637717043,2314.95,2213.75,68.08004760742188,1379552,0.0,0.0,ADANIENT.NS,Adani Enterprises Limited,Thermal Coal,Energy,Mr. Gautambhai Shantilal Adani S.Y. B.Com,"Ahmedabad, India",https://www.adanienterprises.com,2308.8,2238.85,2664840298496,77.06275,29.96,0.00059999997,3743.9,2025.0
2010-07-05 00:00:00+05:30,68.41577729609071,2314.95,2213.75,67.94066619873047,1379552,0.0,0.0,ADANIENT.NS,Adani Enterprises Limited,Thermal Coal,Energy,Mr. Gautambhai Shantilal Adani S.Y. B.Com,"Ahmedabad, India",https://www.adanienterprises.com,2308.8,2238.85,2664840298496,77.06275,29.96,0.00059999997,3743.9,2025.0
2010-07-06 00:00:00+05:30,67.5922537207233,2314.95,2213.75,67.48456573486328,1379552,0.0,0.0,ADANIENT.NS,Adani Enterprises Limited,Thermal Coal,Energy,Mr. Gautambhai Shantilal Adani S.Y. B.Com,"Ahmedabad, India",https://www.adanienterprises.com,2308.8,2238.85,2664840298496,77.06275,29.96,0.00059999997,3743.9,2025.0
2010-07-07 00:00:00+05:30,67.18049923013912,2314.95,2213.75,67.29452514648438,1379552,0.0,0.0,ADANIENT.NS,Adani Enterprises Limited,Thermal Coal,Energy,Mr. Gautambhai Shantilal Adani S.Y. B.Com,"Ahmedabad, India",https://www.adanienterprises.com,2308.8,2238.85,2664840298496,77.06275,29.96,0.00059999997,3743.9,2025.0
2010-07-08 00:00:00+05:30,68.02934818728674,2314.95,2213.75,67.78229522705078,1379552,0.0,0.0,ADANIENT.NS,Adani Enterprises Limited,Thermal Coal,Energy,Mr. Gautambhai Shantilal Adani S.Y. B.Com,"Ahmedabad, India",https://www.adanienterprises.com,2308.8,2238.85,2664840298496,77.06275,29.96,0.00059999997,3743.9,2025.0
2010-07-09 00:00:00+05:30,68.03568557231064,2314.95,2213.75,67.54790496826172,1379552,0.0,0.0,ADANIENT.NS,Adani Enterprises Limited,Thermal Coal,Energy,Mr. Gautambhai Shantilal Adani S.Y. B.Com,"Ahmedabad, India",https://www.adanienterprises.com,2308.8,2238.85,2664840298496,77.06275,29.96,0.00059999997,3743.9,2025.0
2010-07-12 00:00:00+05:30,67.896334040042,2314.95,2213.75,67.57325744628906,1379552,0.0,0.0,ADANIENT.NS,Adani Enterprises Limited,Thermal Coal,Energy,Mr. Gautambhai Shantilal Adani S.Y. B.Com,"Ahmedabad, India",https://www.adanienterprises.com,2308.8,2238.85,2664840298496,77.06275,29.96,0.00059999997,3743.9,2025.0
2010-07-13 00:00:00+05:30,67.53523643434639,2314.95,2213.75,67.5859146118164,1379552,0.0,0.0,ADANIENT.NS,Adani Enterprises Limited,Thermal Coal,Energy,Mr. Gautambhai Shantilal Adani S.Y. B.Com,"Ahmedabad, India",https://www.adanienterprises.com,2308.8,2238.85,2664840298496,77.06275,29.96,0.00059999997,3743.9,2025.0
2010-07-14 00:00:00+05:30,68.18139260096369,2314.95,2213.75,68.1307144165039,1379552,0.0,0.0,ADANIENT.NS,Adani Enterprises Limited,Thermal Coal,Energy,Mr. Gautambhai Shantilal Adani S.Y. B.Com,"Ahmedabad, India",https://www.adanienterprises.com,2308.8,2238.85,2664840298496,77.06275,29.96,0.00059999997,3743.9,2025.0
2010-07-15 00:00:00+05:30,68.41576844555931,2314.95,2213.75,68.30174255371094,1379552,0.0,0.0,ADANIENT.NS,Adani Enterprises Limited,Thermal Coal,Energy,Mr. Gautambhai Shantilal Adani S.Y. B.Com,"Ahmedabad, India",https://www.adanienterprises.com,2308.8,2238.85,2664840298496,77.06275,29.96,0.00059999997,3743.9,2025.0
2010-07-16 00:00:00+05:30,68.17505903142005,2314.95,2213.75,68.65650177001953,1379552,0.0,0.0,ADANIENT.NS,Adani Enterprises Limited,Thermal Coal,Energy,Mr. Gautambhai Shantilal Adani S.Y. B.Com,"Ahmedabad, India",https://www.adanienterprises.com,2308.8,2238.85,2664840298496,77.06275,29.96,0.00059999997,3743.9,2025.0
2010-07-19 00:00:00+05:30,68.18138759468137,2314.95,2213.75,69.04292297363281,1379552,0.0,0.0,ADANIENT.NS,Adani Enterprises Limited,Thermal Coal,Energy,Mr. Gautambhai Shantilal Adani S.Y. B.Com,"Ahmedabad, India",https://www.adanienterprises.com,2308.8,2238.85,2664840298496,77.06275,29.96,0.00059999997,3743.9,2025.0
2010-07-20 00:00:00+05:30,69.64471852168974,2314.95,2213.75,68.89720916748047,1379552,0.0,0.0,ADANIENT.NS,Adani Enterprises Limited,Thermal Coal,Energy,Mr. Gautambhai Shantilal Adani S.Y. B.Com,"Ahmedabad, India",https://www.adanienterprises.com,2308.8,2238.85,2664840298496,77.06275,29.96,0.00059999997,3743.9,2025.0
2010-07-21 00:00:00+05:30,69.67005717562033,2314.95,2213.75,69.59403991699219,1379552,0.0,0.0,ADANIENT.NS,Adani Enterprises Limited,Thermal Coal,Energy,Mr. Gautambhai Shantilal Adani S.Y. B.Com,"Ahmedabad, India",https://www.adanienterprises.com,2308.8,2238.85,2664840298496,77.06275,29.96,0.00059999997,3743.9,2025.0
2010-07-22 00:00:00+05:30,69.44199351204657,2314.95,2213.75,70.81031036376953,1379552,0.0,0.0,ADANIENT.NS,Adani Enterprises Limited,Thermal Coal,Energy,Mr. Gautambhai Shantilal Adani S.Y. B.Com,"Ahmedabad, India",https://www.adanienterprises.com,2308.8,2238.85,2664840298496,77.06275,29.96,0.00059999997,3743.9,2025.0
2010-07-23 00:00:00+05:30,71.55782956654654,2314.95,2213.75,70.48724365234375,1379552,0.0,0.0,ADANIENT.NS,Adani Enterprises Limited,Thermal Coal,Energy,Mr. Gautambhai Shantilal Adani S.Y. B.Com,"Ahmedabad, India",https://www.adanienterprises.com,2308.8,2238.85,2664840298496,77.06275,29.96,0.00059999997,3743.9,2025.0
2010-07-26 00:00:00+05:30,71.19041963449347,2314.95,2213.75,72.08362579345703,1379552,0.0,0.0,ADANIENT.NS,Adani Enterprises Limited,Thermal Coal,Energy,Mr. Gautambhai Shantilal Adani S.Y. B.Com,"Ahmedabad, India",https://www.adanienterprises.com,2308.8,2238.85,2664840298496,77.06275,29.96,0.00059999997,3743.9,2025.0
2010-07-27 00:00:00+05:30,70.94968076806438,2314.95,2213.75,74.34513092041016,1379552,0.0,0.0,ADANIENT.NS,Adani Enterprises Limited,Thermal Coal,Energy,Mr. Gautambhai Shantilal Adani S.Y. B.Com,"Ahmedabad, India",https://www.adanienterprises.com,2308.8,2238.85,2664840298496,77.06275,29.96,0.00059999997,3743.9,2025.0
2010-07-28 00:00:00+05:30,74.47185192074895,2314.95,2213.75,74.9279556274414,1379552,0.0,0.0,ADANIENT.NS,Adani Enterprises Limited,Thermal Coal,Energy,Mr. Gautambhai Shantilal Adani S.Y. B.Com,"Ahmedabad, India",https://www.adanienterprises.com,2308.8,2238.85,2664840298496,77.06275,29.96,0.00059999997,3743.9,2025.0
2010-07-29 00:00:00+05:30,75.00396081353273,2314.95,2213.75,73.80035400390625,1379552,0.0,0.0,ADANIENT.NS,Adani Enterprises Limited,Thermal Coal,Energy,Mr. Gautambhai Shantilal Adani S.Y. B.Com,"Ahmedabad, India",https://www.adanienterprises.com,2308.8,2238.85,2664840298496,77.06275,29.96,0.00059999997,3743.9,2025.0
2010-07-30 00:00:00+05:30,74.1741088028908,2314.95,2213.75,73.97138977050781,1379552,0.0,0.0,ADANIENT.NS,Adani Enterprises Limited,Thermal Coal,Energy,Mr. Gautambhai Shantilal Adani S.Y. B.Com,"Ahmedabad, India",https://www.adanienterprises.com,2308.8,2238.85,2664840298496,77.06275,29.96,0.00059999997,3743.9,2025.0
2010-08-02 00:00:00+05:30,73.99038522611554,2314.95,2213.75,77.25914001464844,1379552,0.0,0.0,ADANIENT.NS,Adani Enterprises Limited,Thermal Coal,Energy,Mr. Gautambhai Shantilal Adani S.Y. B.Com,"Ahmedabad, India",https://www.adanienterprises.com,2308.8,2238.85,2664840298496,77.06275,29.96,0.00059999997,3743.9,2025.0
2010-08-03 00:00:00+05:30,77.9179618673421,2314.95,2213.75,78.9251937866211,1379552,0.0,0.0,ADANIENT.NS,Adani Enterprises Limited,Thermal Coal,Energy,Mr. Gautambhai Shantilal Adani S.Y. B.Com,"Ahmedabad, India",https://www.adanienterprises.com,2308.8,2238.85,2664840298496,77.06275,29.96,0.00059999997,3743.9,2025.0
2010-08-04 00:00:00+05:30,79.45098450322429,2314.95,2213.75,77.59488677978516,1379552,0.0,0.0,ADANIENT.NS,Adani Enterprises Limited,Thermal Coal,Energy,Mr. Gautambhai Shantilal Adani S.Y. B.Com,"Ahmedabad, India",https://www.adanienterprises.com,2308.8,2238.85,2664840298496,77.06275,29.96,0.00059999997,3743.9,2025.0
2010-08-05 00:00:00+05:30,78.29805992880448,2314.95,2213.75,77.23381805419922,1379552,0.0,0.0,ADANIENT.NS,Adani Enterprises Limited,Thermal Coal,Energy,Mr. Gautambhai Shantilal Adani S.Y. B.Com,"Ahmedabad, India",https://www.adanienterprises.com,2308.8,2238.85,2664840298496,77.06275,29.96,0.00059999997,3743.9,2025.0
2010-08-06 00:00:00+05:30,76.91707324159458,2314.95,2213.75,77.57588958740234,1379552,0.0,0.0,ADANIENT.NS,Adani Enterprises Limited,Thermal Coal,Energy,Mr. Gautambhai Shantilal Adani S.Y. B.Com,"Ahmedabad, India",https://www.adanienterprises.com,2308.8,2238.85,2664840298496,77.06275,29.96,0.00059999997,3743.9,2025.0
2010-08-09 00:00:00+05:30,77.79761435803906,2314.95,2213.75,77.11979675292969,1379552,0.0,0.0,ADANIENT.NS,Adani Enterprises Limited,Thermal Coal,Energy,Mr. Gautambhai Shantilal Adani S.Y. B.Com,"Ahmedabad, India",https://www.adanienterprises.com,2308.8,2238.85,2664840298496,77.06275,29.96,0.00059999997,3743.9,2025.0
2010-08-10 00:00:00+05:30,77.61390303339022,2314.95,2213.75,78.16503143310547,1379552,0.0,0.0,ADANIENT.NS,Adani Enterprises Limited,Thermal Coal,Energy,Mr. Gautambhai Shantilal Adani S.Y. B.Com,"Ahmedabad, India",https://www.adanienterprises.com,2308.8,2238.85,2664840298496,77.06275,29.96,0.00059999997,3743.9,2025.0
2010-08-11 00:00:00+05:30,78.67180538922855,2314.95,2213.75,77.63289642333984,1379552,0.0,0.0,ADANIENT.NS,Adani Enterprises Limited,Thermal Coal,Energy,Mr. Gautambhai Shantilal Adani S.Y. B.Com,"Ahmedabad, India",https://www.adanienterprises.com,2308.8,2238.85,2664840298496,77.06275,29.96,0.00059999997,3743.9,2025.0
2010-08-12 00:00:00+05:30,78.11622036707175,2314.95,2213.75,76.81001281738281,1379552,1.0,0.0,ADANIENT.NS,Adani Enterprises Limited,Thermal Coal,Energy,Mr. Gautambhai Shantilal Adani S.Y. B.Com,"Ahmedabad, India",https://www.adanienterprises.com,2308.8,2238.85,2664840298496,77.06275,29.96,0.00059999997,3743.9,2025.0
2010-08-13 00:00:00+05:30,77.3478609114003,2314.95,2213.75,80.24840545654297,1379552,0.0,0.0,ADANIENT.NS,Adani Enterprises Limited,Thermal Coal,Energy,Mr. Gautambhai Shantilal Adani S.Y. B.Com,"Ahmedabad, India",https://www.adanienterprises.com,2308.8,2238.85,2664840298496,77.06275,29.96,0.00059999997,3743.9,2025.0
2010-08-16 00:00:00+05:30,80.54935315165886,2314.95,2213.75,80.13956451416016,1379552,0.0,0.0,ADANIENT.NS,Adani Enterprises Limited,Thermal Coal,Energy,Mr. Gautambhai Shantilal Adani S.Y. B.Com,"Ahmedabad, India",https://www.adanienterprises.com,2308.8,2238.85,2664840298496,77.06275,29.96,0.00059999997,3743.9,2025.0
2010-08-17 00:00:00+05:30,80.61338246305802,2314.95,2213.75,80.46611785888672,1379552,0.0,0.0,ADANIENT.NS,Adani Enterprises Limited,Thermal Coal,Energy,Mr. Gautambhai Shantilal Adani S.Y. B.Com,"Ahmedabad, India",https://www.adanienterprises.com,2308.8,2238.85,2664840298496,77.06275,29.96,0.00059999997,3743.9,2025.0
2010-08-18 00:00:00+05:30,80.93351859041904,2314.95,2213.75,81.9708023071289,1379552,0.0,0.0,ADANIENT.NS,Adani Enterprises Limited,Thermal Coal,Energy,Mr. Gautambhai Shantilal Adani S.Y. B.Com,"Ahmedabad, India",https://www.adanienterprises.com,2308.8,2238.85,2664840298496,77.06275,29.96,0.00059999997,3743.9,2025.0
2010-08-19 00:00:00+05:30,82.00922357764188,2314.95,2213.75,81.90677642822266,1379552,0.0,0.0,ADANIENT.NS,Adani Enterprises Limited,Thermal Coal,Energy,Mr. Gautambhai Shantilal Adani S.Y. B.Com,"Ahmedabad, India",https://www.adanienterprises.com,2308.8,2238.85,2664840298496,77.06275,29.96,0.00059999997,3743.9,2025.0
2010-08-20 00:00:00+05:30,81.57382888253619,2314.95,2213.75,82.45743560791016,1379552,0.0,0.0,ADANIENT.NS,Adani Enterprises Limited,Thermal Coal,Energy,Mr. Gautambhai Shantilal Adani S.Y. B.Com,"Ahmedabad, India",https://www.adanienterprises.com,2308.8,2238.85,2664840298496,77.06275,29.96,0.00059999997,3743.9,2025.0
2010-08-23 00:00:00+05:30,82.59829979978579,2314.95,2213.75,83.74443054199219,1379552,0.0,0.0,ADANIENT.NS,Adani Enterprises Limited,Thermal Coal,Energy,Mr. Gautambhai Shantilal Adani S.Y. B.Com,"Ahmedabad, India",https://www.adanienterprises.com,2308.8,2238.85,2664840298496,77.06275,29.96,0.00059999997,3743.9,2025.0
2010-08-24 00:00:00+05:30,84.74970790111631,2314.95,2213.75,85.62691497802734,1379552,0.0,0.0,ADANIENT.NS,Adani Enterprises Limited,Thermal Coal,Energy,Mr. Gautambhai Shantilal Adani S.Y. B.Com,"Ahmedabad, India",https://www.adanienterprises.com,2308.8,2238.85,2664840298496,77.06275,29.96,0.00059999997,3743.9,2025.0
2010-08-25 00:00:00+05:30,86.1839654352457,2314.95,2213.75,83.32183837890625,1379552,0.0,0.0,ADANIENT.NS,Adani Enterprises Limited,Thermal Coal,Energy,Mr. Gautambhai Shantilal Adani S.Y. B.Com,"Ahmedabad, India",https://www.adanienterprises.com,2308.8,2238.85,2664840298496,77.06275,29.96,0.00059999997,3743.9,2025.0
2010-08-26 00:00:00+05:30,84.33990146551926,2314.95,2213.75,80.86949157714844,1379552,0.0,0.0,ADANIENT.NS,Adani Enterprises Limited,Thermal Coal,Energy,Mr. Gautambhai Shantilal Adani S.Y. B.Com,"Ahmedabad, India",https://www.adanienterprises.com,2308.8,2238.85,2664840298496,77.06275,29.96,0.00059999997,3743.9,2025.0
2010-08-27 00:00:00+05:30,80.87590279312555,2314.95,2213.75,79.39681243896484,1379552,0.0,0.0,ADANIENT.NS,Adani Enterprises Limited,Thermal Coal,Energy,Mr. Gautambhai Shantilal Adani S.Y. B.Com,"Ahmedabad, India",https://www.adanienterprises.com,2308.8,2238.85,2664840298496,77.06275,29.96,0.00059999997,3743.9,2025.0
2010-08-30 00:00:00+05:30,80.03711541781901,2314.95,2213.75,80.31243896484375,1379552,0.0,0.0,ADANIENT.NS,Adani Enterprises Limited,Thermal Coal,Energy,Mr. Gautambhai Shantilal Adani S.Y. B.Com,"Ahmedabad, India",https://www.adanienterprises.com,2308.8,2238.85,2664840298496,77.06275,29.96,0.00059999997,3743.9,2025.0
2010-08-31 00:00:00+05:30,80.29324304954855,2314.95,2213.75,83.25141143798828,1379552,0.0,0.0,ADANIENT.NS,Adani Enterprises Limited,Thermal Coal,Energy,Mr. Gautambhai Shantilal Adani S.Y. B.Com,"Ahmedabad, India",https://www.adanienterprises.com,2308.8,2238.85,2664840298496,77.06275,29.96,0.00059999997,3743.9,2025.0
2010-09-01 00:00:00+05:30,83.87889353088842,2314.95,2213.75,86.44007873535156,1379552,0.0,0.0,ADANIENT.NS,Adani Enterprises Limited,Thermal Coal,Energy,Mr. Gautambhai Shantilal Adani S.Y. B.Com,"Ahmedabad, India",https://www.adanienterprises.com,2308.8,2238.85,2664840298496,77.06275,29.96,0.00059999997,3743.9,2025.0
2010-09-02 00:00:00+05:30,86.82424959396879,2314.95,2213.75,84.04536437988281,1379552,0.0,0.0,ADANIENT.NS,Adani Enterprises Limited,Thermal Coal,Energy,Mr. Gautambhai Shantilal Adani S.Y. B.Com,"Ahmedabad, India",https://www.adanienterprises.com,2308.8,2238.85,2664840298496,77.06275,29.96,0.00059999997,3743.9,2025.0
2010-09-03 00:00:00+05:30,84.5192078733486,2314.95,2213.75,83.21940612792969,1379552,0.0,0.0,ADANIENT.NS,Adani Enterprises Limited,Thermal Coal,Energy,Mr. Gautambhai Shantilal Adani S.Y. B.Com,"Ahmedabad, India",https://www.adanienterprises.com,2308.8,2238.85,2664840298496,77.06275,29.96,0.00059999997,3743.9,2025.0
2010-09-06 00:00:00+05:30,83.36666592322526,2314.95,2213.75,84.8009262084961,1379552,0.0,0.0,ADANIENT.NS,Adani Enterprises Limited,Thermal Coal,Energy,Mr. Gautambhai Shantilal Adani S.Y. B.Com,"Ahmedabad, India",https://www.adanienterprises.com,2308.8,2238.85,2664840298496,77.06275,29.96,0.00059999997,3743.9,2025.0
2010-09-07 00:00:00+05:30,84.03256180642224,2314.95,2213.75,83.90450286865234,1379552,0.0,0.0,ADANIENT.NS,Adani Enterprises Limited,Thermal Coal,Energy,Mr. Gautambhai Shantilal Adani S.Y. B.Com,"Ahmedabad, India",https://www.adanienterprises.com,2308.8,2238.85,2664840298496,77.06275,29.96,0.00059999997,3743.9,2025.0
2010-09-08 00:00:00+05:30,83.98132775490197,2314.95,2213.75,83.82125091552734,1379552,0.0,0.0,ADANIENT.NS,Adani Enterprises Limited,Thermal Coal,Energy,Mr. Gautambhai Shantilal Adani S.Y. B.Com,"Ahmedabad, India",https://www.adanienterprises.com,2308.8,2238.85,2664840298496,77.06275,29.96,0.00059999997,3743.9,2025.0
2010-09-09 00:00:00+05:30,83.81485917136784,2314.95,2213.75,84.65364837646484,1379552,0.0,0.0,ADANIENT.NS,Adani Enterprises Limited,Thermal Coal,Energy,Mr. Gautambhai Shantilal Adani S.Y. B.Com,"Ahmedabad, India",https://www.adanienterprises.com,2308.8,2238.85,2664840298496,77.06275,29.96,0.00059999997,3743.9,2025.0
2010-09-13 00:00:00+05:30,85.09545952462192,2314.95,2213.75,89.7440185546875,1379552,0.0,0.0,ADANIENT.NS,Adani Enterprises Limited,Thermal Coal,Energy,Mr. Gautambhai Shantilal Adani S.Y. B.Com,"Ahmedabad, India",https://www.adanienterprises.com,2308.8,2238.85,2664840298496,77.06275,29.96,0.00059999997,3743.9,2025.0
2010-09-14 00:00:00+05:30,90.2818629301419,2314.95,2213.75,88.4442138671875,1379552,0.0,0.0,ADANIENT.NS,Adani Enterprises Limited,Thermal Coal,Energy,Mr. Gautambhai Shantilal Adani S.Y. B.Com,"Ahmedabad, India",https://www.adanienterprises.com,2308.8,2238.85,2664840298496,77.06275,29.96,0.00059999997,3743.9,2025.0
2010-09-15 00:00:00+05:30,88.36098178119018,2314.95,2213.75,88.98207092285156,1379552,0.0,0.0,ADANIENT.NS,Adani Enterprises Limited,Thermal Coal,Energy,Mr. Gautambhai Shantilal Adani S.Y. B.Com,"Ahmedabad, India",https://www.adanienterprises.com,2308.8,2238.85,2664840298496,77.06275,29.96,0.00059999997,3743.9,2025.0
2010-09-16 00:00:00+05:30,88.36096147928112,2314.95,2213.75,87.17001342773438,1379552,0.0,0.0,ADANIENT.NS,Adani Enterprises Limited,Thermal Coal,Energy,Mr. Gautambhai Shantilal Adani S.Y. B.Com,"Ahmedabad, India",https://www.adanienterprises.com,2308.8,2238.85,2664840298496,77.06275,29.96,0.00059999997,3743.9,2025.0
2010-09-17 00:00:00+05:30,87.71427322642552,2314.95,2213.75,88.57867431640625,1379552,0.0,0.0,ADANIENT.NS,Adani Enterprises Limited,Thermal Coal,Energy,Mr. Gautambhai Shantilal Adani S.Y. B.Com,"Ahmedabad, India",https://www.adanienterprises.com,2308.8,2238.85,2664840298496,77.06275,29.96,0.00059999997,3743.9,2025.0
2010-09-20 00:00:00+05:30,83.23860846832974,2314.95,2213.75,88.2905502319336,1379552,0.0,0.0,ADANIENT.NS,Adani Enterprises Limited,Thermal Coal,Energy,Mr. Gautambhai Shantilal Adani S.Y. B.Com,"Ahmedabad, India",https://www.adanienterprises.com,2308.8,2238.85,2664840298496,77.06275,29.96,0.00059999997,3743.9,2025.0
2010-09-21 00:00:00+05:30,88.42499410106636,2314.95,2213.75,87.68865203857422,1379552,0.0,0.0,ADANIENT.NS,Adani Enterprises Limited,Thermal Coal,Energy,Mr. Gautambhai Shantilal Adani S.Y. B.Com,"Ahmedabad, India",https://www.adanienterprises.com,2308.8,2238.85,2664840298496,77.06275,29.96,0.00059999997,3743.9,2025.0
2010-09-22 00:00:00+05:30,88.10485610209147,2314.95,2213.75,87.06117248535156,1379552,0.0,0.0,ADANIENT.NS,Adani Enterprises Limited,Thermal Coal,Energy,Mr. Gautambhai Shantilal Adani S.Y. B.Com,"Ahmedabad, India",https://www.adanienterprises.com,2308.8,2238.85,2664840298496,77.06275,29.96,0.00059999997,3743.9,2025.0
2010-09-23 00:00:00+05:30,87.68226519592795,2314.95,2213.75,86.99714660644531,1379552,0.0,0.0,ADANIENT.NS,Adani Enterprises Limited,Thermal Coal,Energy,Mr. Gautambhai Shantilal Adani S.Y. B.Com,"Ahmedabad, India",https://www.adanienterprises.com,2308.8,2238.85,2664840298496,77.06275,29.96,0.00059999997,3743.9,2025.0
2010-09-24 00:00:00+05:30,86.31201534325413,2314.95,2213.75,85.89582061767578,1379552,0.0,0.0,ADANIENT.NS,Adani Enterprises Limited,Thermal Coal,Energy,Mr. Gautambhai Shantilal Adani S.Y. B.Com,"Ahmedabad, India",https://www.adanienterprises.com,2308.8,2238.85,2664840298496,77.06275,29.96,0.00059999997,3743.9,2025.0
2010-09-27 00:00:00+05:30,86.45928630552822,2314.95,2213.75,85.89582061767578,1379552,0.0,0.0,ADANIENT.NS,Adani Enterprises Limited,Thermal Coal,Energy,Mr. Gautambhai Shantilal Adani S.Y. B.Com,"Ahmedabad, India",https://www.adanienterprises.com,2308.8,2238.85,2664840298496,77.06275,29.96,0.00059999997,3743.9,2025.0
2010-09-28 00:00:00+05:30,86.67057729500651,2314.95,2213.75,85.40279388427734,1379552,0.0,0.0,ADANIENT.NS,Adani Enterprises Limited,Thermal Coal,Energy,Mr. Gautambhai Shantilal Adani S.Y. B.Com,"Ahmedabad, India",https://www.adanienterprises.com,2308.8,2238.85,2664840298496,77.06275,29.96,0.00059999997,3743.9,2025.0
2010-09-29 00:00:00+05:30,85.48603563844902,2314.95,2213.75,86.2095718383789,1379552,0.0,0.0,ADANIENT.NS,Adani Enterprises Limited,Thermal Coal,Energy,Mr. Gautambhai Shantilal Adani S.Y. B.Com,"Ahmedabad, India",https://www.adanienterprises.com,2308.8,2238.85,2664840298496,77.06275,29.96,0.00059999997,3743.9,2025.0
2010-09-30 00:00:00+05:30,86.50412471198014,2314.95,2213.75,84.87776947021484,1379552,0.0,0.0,ADANIENT.NS,Adani Enterprises Limited,Thermal Coal,Energy,Mr. Gautambhai Shantilal Adani S.Y. B.Com,"Ahmedabad, India",https://www.adanienterprises.com,2308.8,2238.85,2664840298496,77.06275,29.96,0.00059999997,3743.9,2025.0
2010-10-01 00:00:00+05:30,83.5267243502468,2314.95,2213.75,86.37604522705078,1379552,0.0,0.0,ADANIENT.NS,Adani Enterprises Limited,Thermal Coal,Energy,Mr. Gautambhai Shantilal Adani S.Y. B.Com,"Ahmedabad, India",https://www.adanienterprises.com,2308.8,2238.85,2664840298496,77.06275,29.96,0.00059999997,3743.9,2025.0
2010-10-04 00:00:00+05:30,86.51691314075977,2314.95,2213.75,87.62462615966797,1379552,0.0,0.0,ADANIENT.NS,Adani Enterprises Limited,Thermal Coal,Energy,Mr. Gautambhai Shantilal Adani S.Y. B.Com,"Ahmedabad, India",https://www.adanienterprises.com,2308.8,2238.85,2664840298496,77.06275,29.96,0.00059999997,3743.9,2025.0
2010-10-05 00:00:00+05:30,88.23291500192929,2314.95,2213.75,84.81372833251953,1379552,0.0,0.0,ADANIENT.NS,Adani Enterprises Limited,Thermal Coal,Energy,Mr. Gautambhai Shantilal Adani S.Y. B.Com,"Ahmedabad, India",https://www.adanienterprises.com,2308.8,2238.85,2664840298496,77.06275,29.96,0.00059999997,3743.9,2025.0
2010-10-06 00:00:00+05:30,85.79977902325923,2314.95,2213.75,84.65364837646484,1379552,0.0,0.0,ADANIENT.NS,Adani Enterprises Limited,Thermal Coal,Energy,Mr. Gautambhai Shantilal Adani S.Y. B.Com,"Ahmedabad, India",https://www.adanienterprises.com,2308.8,2238.85,2664840298496,77.06275,29.96,0.00059999997,3743.9,2025.0
2010-10-07 00:00:00+05:30,84.8393347266046,2314.95,2213.75,88.38018035888672,1379552,0.0,0.0,ADANIENT.NS,Adani Enterprises Limited,Thermal Coal,Energy,Mr. Gautambhai Shantilal Adani S.Y. B.Com,"Ahmedabad, India",https://www.adanienterprises.com,2308.8,2238.85,2664840298496,77.06275,29.96,0.00059999997,3743.9,2025.0
2010-10-08 00:00:00+05:30,88.93083918717527,2314.95,2213.75,88.8283920288086,1379552,0.0,0.0,ADANIENT.NS,Adani Enterprises Limited,Thermal Coal,Energy,Mr. Gautambhai Shantilal Adani S.Y. B.Com,"Ahmedabad, India",https://www.adanienterprises.com,2308.8,2238.85,2664840298496,77.06275,29.96,0.00059999997,3743.9,2025.0
2010-10-11 00:00:00+05:30,89.48149556372323,2314.95,2213.75,90.42913818359375,1379552,0.0,0.0,ADANIENT.NS,Adani Enterprises Limited,Thermal Coal,Energy,Mr. Gautambhai Shantilal Adani S.Y. B.Com,"Ahmedabad, India",https://www.adanienterprises.com,2308.8,2238.85,2664840298496,77.06275,29.96,0.00059999997,3743.9,2025.0
2010-10-12 00:00:00+05:30,90.71086628848754,2314.95,2213.75,89.59034729003906,1379552,0.0,0.0,ADANIENT.NS,Adani Enterprises Limited,Thermal Coal,Energy,Mr. Gautambhai Shantilal Adani S.Y. B.Com,"Ahmedabad, India",https://www.adanienterprises.com,2308.8,2238.85,2664840298496,77.06275,29.96,0.00059999997,3743.9,2025.0
2010-10-13 00:00:00+05:30,89.89768563057434,2314.95,2213.75,90.16020965576172,1379552,0.0,0.0,ADANIENT.NS,Adani Enterprises Limited,Thermal Coal,Energy,Mr. Gautambhai Shantilal Adani S.Y. B.Com,"Ahmedabad, India",https://www.adanienterprises.com,2308.8,2238.85,2664840298496,77.06275,29.96,0.00059999997,3743.9,2025.0
2010-10-14 00:00:00+05:30,90.79409950864215,2314.95,2213.75,88.29694366455078,1379552,0.0,0.0,ADANIENT.NS,Adani Enterprises Limited,Thermal Coal,Energy,Mr. Gautambhai Shantilal Adani S.Y. B.Com,"Ahmedabad, India",https://www.adanienterprises.com,2308.8,2238.85,2664840298496,77.06275,29.96,0.00059999997,3743.9,2025.0
2010-10-15 00:00:00+05:30,88.79638399888033,2314.95,2213.75,87.976806640625,1379552,0.0,0.0,ADANIENT.NS,Adani Enterprises Limited,Thermal Coal,Energy,Mr. Gautambhai Shantilal Adani S.Y. B.Com,"Ahmedabad, India",https://www.adanienterprises.com,2308.8,2238.85,2664840298496,77.06275,29.96,0.00059999997,3743.9,2025.0
2010-10-18 00:00:00+05:30,87.97679048801798,2314.95,2213.75,86.99073028564453,1379552,0.0,0.0,ADANIENT.NS,Adani Enterprises Limited,Thermal Coal,Energy,Mr. Gautambhai Shantilal Adani S.Y. B.Com,"Ahmedabad, India",https://www.adanienterprises.com,2308.8,2238.85,2664840298496,77.06275,29.96,0.00059999997,3743.9,2025.0
2010-10-19 00:00:00+05:30,85.81898847795101,2314.95,2213.75,86.45928955078125,1379552,0.0,0.0,ADANIENT.NS,Adani Enterprises Limited,Thermal Coal,Energy,Mr. Gautambhai Shantilal Adani S.Y. B.Com,"Ahmedabad, India",https://www.adanienterprises.com,2308.8,2238.85,2664840298496,77.06275,29.96,0.00059999997,3743.9,2025.0
2010-10-20 00:00:00+05:30,86.45289164614901,2314.95,2213.75,85.88302612304688,1379552,0.0,0.0,ADANIENT.NS,Adani Enterprises Limited,Thermal Coal,Energy,Mr. Gautambhai Shantilal Adani S.Y. B.Com,"Ahmedabad, India",https://www.adanienterprises.com,2308.8,2238.85,2664840298496,77.06275,29.96,0.00059999997,3743.9,2025.0
2010-10-21 00:00:00+05:30,86.440068705728,2314.95,2213.75,87.18921661376953,1379552,0.0,0.0,ADANIENT.NS,Adani Enterprises Limited,Thermal Coal,Energy,Mr. Gautambhai Shantilal Adani S.Y. B.Com,"Ahmedabad, India",https://www.adanienterprises.com,2308.8,2238.85,2664840298496,77.06275,29.96,0.00059999997,3743.9,2025.0
2010-10-22 00:00:00+05:30,86.5425127071398,2314.95,2213.75,86.31841278076172,1379552,0.0,0.0,ADANIENT.NS,Adani Enterprises Limited,Thermal Coal,Energy,Mr. Gautambhai Shantilal Adani S.Y. B.Com,"Ahmedabad, India",https://www.adanienterprises.com,2308.8,2238.85,2664840298496,77.06275,29.96,0.00059999997,3743.9,2025.0
2010-10-25 00:00:00+05:30,86.9266894731553,2314.95,2213.75,86.31841278076172,1379552,0.0,0.0,ADANIENT.NS,Adani Enterprises Limited,Thermal Coal,Energy,Mr. Gautambhai Shantilal Adani S.Y. B.Com,"Ahmedabad, India",https://www.adanienterprises.com,2308.8,2238.85,2664840298496,77.06275,29.96,0.00059999997,3743.9,2025.0
2010-10-26 00:00:00+05:30,87.08678752647873,2314.95,2213.75,86.89469909667969,1379552,0.0,0.0,ADANIENT.NS,Adani Enterprises Limited,Thermal Coal,Energy,Mr. Gautambhai Shantilal Adani S.Y. B.Com,"Ahmedabad, India",https://www.adanienterprises.com,2308.8,2238.85,2664840298496,77.06275,29.96,0.00059999997,3743.9,2025.0
2010-10-27 00:00:00+05:30,86.3760484992376,2314.95,2213.75,86.58734893798828,1379552,0.0,0.0,ADANIENT.NS,Adani Enterprises Limited,Thermal Coal,Energy,Mr. Gautambhai Shantilal Adani S.Y. B.Com,"Ahmedabad, India",https://www.adanienterprises.com,2308.8,2238.85,2664840298496,77.06275,29.96,0.00059999997,3743.9,2025.0
2010-10-28 00:00:00+05:30,87.59263216726575,2314.95,2213.75,87.55421447753906,1379552,0.0,0.0,ADANIENT.NS,Adani Enterprises Limited,Thermal Coal,Energy,Mr. Gautambhai Shantilal Adani S.Y. B.Com,"Ahmedabad, India",https://www.adanienterprises.com,2308.8,2238.85,2664840298496,77.06275,29.96,0.00059999997,3743.9,2025.0
2010-10-29 00:00:00+05:30,88.23292060111717,2314.95,2213.75,90.21144104003906,1379552,0.0,0.0,ADANIENT.NS,Adani Enterprises Limited,Thermal Coal,Energy,Mr. Gautambhai Shantilal Adani S.Y. B.Com,"Ahmedabad, India",https://www.adanienterprises.com,2308.8,2238.85,2664840298496,77.06275,29.96,0.00059999997,3743.9,2025.0
2010-11-01 00:00:00+05:30,91.15266121872125,2314.95,2213.75,94.62947082519531,1379552,0.0,0.0,ADANIENT.NS,Adani Enterprises Limited,Thermal Coal,Energy,Mr. Gautambhai Shantilal Adani S.Y. B.Com,"Ahmedabad, India",https://www.adanienterprises.com,2308.8,2238.85,2664840298496,77.06275,29.96,0.00059999997,3743.9,2025.0
2010-11-02 00:00:00+05:30,95.37221703909245,2314.95,2213.75,98.4328384399414,1379552,0.0,0.0,ADANIENT.NS,Adani Enterprises Limited,Thermal Coal,Energy,Mr. Gautambhai Shantilal Adani S.Y. B.Com,"Ahmedabad, India",https://www.adanienterprises.com,2308.8,2238.85,2664840298496,77.06275,29.96,0.00059999997,3743.9,2025.0
2010-11-03 00:00:00+05:30,98.96428934668818,2314.95,2213.75,96.0189208984375,1379552,0.0,0.0,ADANIENT.NS,Adani Enterprises Limited,Thermal Coal,Energy,Mr. Gautambhai Shantilal Adani S.Y. B.Com,"Ahmedabad, India",https://www.adanienterprises.com,2308.8,2238.85,2664840298496,77.06275,29.96,0.00059999997,3743.9,2025.0
2010-11-04 00:00:00+05:30,96.04452319365438,2314.95,2213.75,98.71456146240234,1379552,0.0,0.0,ADANIENT.NS,Adani Enterprises Limited,Thermal Coal,Energy,Mr. Gautambhai Shantilal Adani S.Y. B.Com,"Ahmedabad, India",https://www.adanienterprises.com,2308.8,2238.85,2664840298496,77.06275,29.96,0.00059999997,3743.9,2025.0
2010-11-08 00:00:00+05:30,97.99104046299594,2314.95,2213.75,96.84490966796875,1379552,0.0,0.0,ADANIENT.NS,Adani Enterprises Limited,Thermal Coal,Energy,Mr. Gautambhai Shantilal Adani S.Y. B.Com,"Ahmedabad, India",https://www.adanienterprises.com,2308.8,2238.85,2664840298496,77.06275,29.96,0.00059999997,3743.9,2025.0
2010-11-09 00:00:00+05:30,97.22907156694446,2314.95,2213.75,96.94734191894531,1379552,0.0,0.0,ADANIENT.NS,Adani Enterprises Limited,Thermal Coal,Energy,Mr. Gautambhai Shantilal Adani S.Y. B.Com,"Ahmedabad, India",https://www.adanienterprises.com,2308.8,2238.85,2664840298496,77.06275,29.96,0.00059999997,3743.9,2025.0
2010-11-10 00:00:00+05:30,96.68481903655692,2314.95,2213.75,95.13529968261719,1379552,0.0,0.0,ADANIENT.NS,Adani Enterprises Limited,Thermal Coal,Energy,Mr. Gautambhai Shantilal Adani S.Y. B.Com,"Ahmedabad, India",https://www.adanienterprises.com,2308.8,2238.85,2664840298496,77.06275,29.96,0.00059999997,3743.9,2025.0
2010-11-11 00:00:00+05:30,95.8204275057261,2314.95,2213.75,94.53343200683594,1379552,0.0,0.0,ADANIENT.NS,Adani Enterprises Limited,Thermal Coal,Energy,Mr. Gautambhai Shantilal Adani S.Y. B.Com,"Ahmedabad, India",https://www.adanienterprises.com,2308.8,2238.85,2664840298496,77.06275,29.96,0.00059999997,3743.9,2025.0
2010-11-12 00:00:00+05:30,94.25811016315147,2314.95,2213.75,95.7756118774414,1379552,0.0,0.0,ADANIENT.NS,Adani Enterprises Limited,Thermal Coal,Energy,Mr. Gautambhai Shantilal Adani S.Y. B.Com,"Ahmedabad, India",https://www.adanienterprises.com,2308.8,2238.85,2664840298496,77.06275,29.96,0.00059999997,3743.9,2025.0
2010-11-15 00:00:00+05:30,94.37975890982956,2314.95,2213.75,95.68596649169922,1379552,0.0,0.0,ADANIENT.NS,Adani Enterprises Limited,Thermal Coal,Energy,Mr. Gautambhai Shantilal Adani S.Y. B.Com,"Ahmedabad, India",https://www.adanienterprises.com,2308.8,2238.85,2664840298496,77.06275,29.96,0.00059999997,3743.9,2025.0
2010-11-16 00:00:00+05:30,96.39029622829582,2314.95,2213.75,94.69351196289062,1379552,0.0,0.0,ADANIENT.NS,Adani Enterprises Limited,Thermal Coal,Energy,Mr. Gautambhai Shantilal Adani S.Y. B.Com,"Ahmedabad, India",https://www.adanienterprises.com,2308.8,2238.85,2664840298496,77.06275,29.96,0.00059999997,3743.9,2025.0
2010-11-18 00:00:00+05:30,96.59520378558125,2314.95,2213.75,96.71045684814453,1379552,0.0,0.0,ADANIENT.NS,Adani Enterprises Limited,Thermal Coal,Energy,Mr. Gautambhai Shantilal Adani S.Y. B.Com,"Ahmedabad, India",https://www.adanienterprises.com,2308.8,2238.85,2664840298496,77.06275,29.96,0.00059999997,3743.9,2025.0
2010-11-19 00:00:00+05:30,97.32513096065398,2314.95,2213.75,94.50782775878906,1379552,0.0,0.0,ADANIENT.NS,Adani Enterprises Limited,Thermal Coal,Energy,Mr. Gautambhai Shantilal Adani S.Y. B.Com,"Ahmedabad, India",https://www.adanienterprises.com,2308.8,2238.85,2664840298496,77.06275,29.96,0.00059999997,3743.9,2025.0
2010-11-22 00:00:00+05:30,95.66035134140843,2314.95,2213.75,96.17899322509766,1379552,0.0,0.0,ADANIENT.NS,Adani Enterprises Limited,Thermal Coal,Energy,Mr. Gautambhai Shantilal Adani S.Y. B.Com,"Ahmedabad, India",https://www.adanienterprises.com,2308.8,2238.85,2664840298496,77.06275,29.96,0.00059999997,3743.9,2025.0
2010-11-23 00:00:00+05:30,97.12662148119753,2314.95,2213.75,94.71270751953125,1379552,0.0,0.0,ADANIENT.NS,Adani Enterprises Limited,Thermal Coal,Energy,Mr. Gautambhai Shantilal Adani S.Y. B.Com,"Ahmedabad, India",https://www.adanienterprises.com,2308.8,2238.85,2664840298496,77.06275,29.96,0.00059999997,3743.9,2025.0
2010-11-24 00:00:00+05:30,94.77034775944297,2314.95,2213.75,92.951904296875,1379552,0.0,0.0,ADANIENT.NS,Adani Enterprises Limited,Thermal Coal,Energy,Mr. Gautambhai Shantilal Adani S.Y. B.Com,"Ahmedabad, India",https://www.adanienterprises.com,2308.8,2238.85,2664840298496,77.06275,29.96,0.00059999997,3743.9,2025.0
2010-11-25 00:00:00+05:30,93.23362825926229,2314.95,2213.75,90.20502471923828,1379552,0.0,0.0,ADANIENT.NS,Adani Enterprises Limited,Thermal Coal,Energy,Mr. Gautambhai Shantilal Adani S.Y. B.Com,"Ahmedabad, India",https://www.adanienterprises.com,2308.8,2238.85,2664840298496,77.06275,29.96,0.00059999997,3743.9,2025.0
2010-11-26 00:00:00+05:30,84.51919454260283,2314.95,2213.75,74.86351776123047,1379552,0.0,0.0,ADANIENT.NS,Adani Enterprises Limited,Thermal Coal,Energy,Mr. Gautambhai Shantilal Adani S.Y. B.Com,"Ahmedabad, India",https://www.adanienterprises.com,2308.8,2238.85,2664840298496,77.06275,29.96,0.00059999997,3743.9,2025.0
2010-11-29 00:00:00+05:30,76.8356275581357,2314.95,2213.75,81.34331512451172,1379552,0.0,0.0,ADANIENT.NS,Adani Enterprises Limited,Thermal Coal,Energy,Mr. Gautambhai Shantilal Adani S.Y. B.Com,"Ahmedabad, India",https://www.adanienterprises.com,2308.8,2238.85,2664840298496,77.06275,29.96,0.00059999997,3743.9,2025.0
2010-11-30 00:00:00+05:30,83.23861239715932,2314.95,2213.75,85.70375061035156,1379552,0.0,0.0,ADANIENT.NS,Adani Enterprises Limited,Thermal Coal,Energy,Mr. Gautambhai Shantilal Adani S.Y. B.Com,"Ahmedabad, India",https://www.adanienterprises.com,2308.8,2238.85,2664840298496,77.06275,29.96,0.00059999997,3743.9,2025.0
2010-12-01 00:00:00+05:30,86.18396515365174,2314.95,2213.75,86.95872497558594,1379552,0.0,0.0,ADANIENT.NS,Adani Enterprises Limited,Thermal Coal,Energy,Mr. Gautambhai Shantilal Adani S.Y. B.Com,"Ahmedabad, India",https://www.adanienterprises.com,2308.8,2238.85,2664840298496,77.06275,29.96,0.00059999997,3743.9,2025.0
2010-12-02 00:00:00+05:30,87.72068654638703,2314.95,2213.75,86.17756652832031,1379552,0.0,0.0,ADANIENT.NS,Adani Enterprises Limited,Thermal Coal,Energy,Mr. Gautambhai Shantilal Adani S.Y. B.Com,"Ahmedabad, India",https://www.adanienterprises.com,2308.8,2238.85,2664840298496,77.06275,29.96,0.00059999997,3743.9,2025.0
2010-12-03 00:00:00+05:30,86.17755768533603,2314.95,2213.75,86.19676971435547,1379552,0.0,0.0,ADANIENT.NS,Adani Enterprises Limited,Thermal Coal,Energy,Mr. Gautambhai Shantilal Adani S.Y. B.Com,"Ahmedabad, India",https://www.adanienterprises.com,2308.8,2238.85,2664840298496,77.06275,29.96,0.00059999997,3743.9,2025.0
2010-12-06 00:00:00+05:30,85.58209051270542,2314.95,2213.75,85.80619049072266,1379552,0.0,0.0,ADANIENT.NS,Adani Enterprises Limited,Thermal Coal,Energy,Mr. Gautambhai Shantilal Adani S.Y. B.Com,"Ahmedabad, India",https://www.adanienterprises.com,2308.8,2238.85,2664840298496,77.06275,29.96,0.00059999997,3743.9,2025.0
2010-12-07 00:00:00+05:30,85.79337616487541,2314.95,2213.75,84.48717498779297,1379552,0.0,0.0,ADANIENT.NS,Adani Enterprises Limited,Thermal Coal,Energy,Mr. Gautambhai Shantilal Adani S.Y. B.Com,"Ahmedabad, India",https://www.adanienterprises.com,2308.8,2238.85,2664840298496,77.06275,29.96,0.00059999997,3743.9,2025.0
2010-12-08 00:00:00+05:30,83.90452611144134,2314.95,2213.75,82.43824768066406,1379552,0.0,0.0,ADANIENT.NS,Adani Enterprises Limited,Thermal Coal,Energy,Mr. Gautambhai Shantilal Adani S.Y. B.Com,"Ahmedabad, India",https://www.adanienterprises.com,2308.8,2238.85,2664840298496,77.06275,29.96,0.00059999997,3743.9,2025.0
2010-12-09 00:00:00+05:30,81.95799905560901,2314.95,2213.75,79.83221435546875,1379552,0.0,0.0,ADANIENT.NS,Adani Enterprises Limited,Thermal Coal,Energy,Mr. Gautambhai Shantilal Adani S.Y. B.Com,"Ahmedabad, India",https://www.adanienterprises.com,2308.8,2238.85,2664840298496,77.06275,29.96,0.00059999997,3743.9,2025.0
2010-12-10 00:00:00+05:30,79.40322905003656,2314.95,2213.75,81.40095520019531,1379552,0.0,0.0,ADANIENT.NS,Adani Enterprises Limited,Thermal Coal,Energy,Mr. Gautambhai Shantilal Adani S.Y. B.Com,"Ahmedabad, India",https://www.adanienterprises.com,2308.8,2238.85,2664840298496,77.06275,29.96,0.00059999997,3743.9,2025.0
2010-12-13 00:00:00+05:30,81.31770221618228,2314.95,2213.75,82.85441589355469,1379552,0.0,0.0,ADANIENT.NS,Adani Enterprises Limited,Thermal Coal,Energy,Mr. Gautambhai Shantilal Adani S.Y. B.Com,"Ahmedabad, India",https://www.adanienterprises.com,2308.8,2238.85,2664840298496,77.06275,29.96,0.00059999997,3743.9,2025.0
2010-12-14 00:00:00+05:30,83.23859899840313,2314.95,2213.75,81.3625259399414,1379552,0.0,0.0,ADANIENT.NS,Adani Enterprises Limited,Thermal Coal,Energy,Mr. Gautambhai Shantilal Adani S.Y. B.Com,"Ahmedabad, India",https://www.adanienterprises.com,2308.8,2238.85,2664840298496,77.06275,29.96,0.00059999997,3743.9,2025.0
2010-12-15 00:00:00+05:30,81.1192015671609,2314.95,2213.75,81.09358978271484,1379552,0.0,0.0,ADANIENT.NS,Adani Enterprises Limited,Thermal Coal,Energy,Mr. Gautambhai Shantilal Adani S.Y. B.Com,"Ahmedabad, India",https://www.adanienterprises.com,2308.8,2238.85,2664840298496,77.06275,29.96,0.00059999997,3743.9,2025.0
2010-12-16 00:00:00+05:30,81.9195982805344,2314.95,2213.75,79.81301879882812,1379552,0.0,0.0,ADANIENT.NS,Adani Enterprises Limited,Thermal Coal,Energy,Mr. Gautambhai Shantilal Adani S.Y. B.Com,"Ahmedabad, India",https://www.adanienterprises.com,2308.8,2238.85,2664840298496,77.06275,29.96,0.00059999997,3743.9,2025.0
2010-12-20 00:00:00+05:30,79.364809196306,2314.95,2213.75,79.9794921875,1379552,0.0,0.0,ADANIENT.NS,Adani Enterprises Limited,Thermal Coal,Energy,Mr. Gautambhai Shantilal Adani S.Y. B.Com,"Ahmedabad, India",https://www.adanienterprises.com,2308.8,2238.85,2664840298496,77.06275,29.96,0.00059999997,3743.9,2025.0
2010-12-21 00:00:00+05:30,79.42883118563546,2314.95,2213.75,80.00509643554688,1379552,0.0,0.0,ADANIENT.NS,Adani Enterprises Limited,Thermal Coal,Energy,Mr. Gautambhai Shantilal Adani S.Y. B.Com,"Ahmedabad, India",https://www.adanienterprises.com,2308.8,2238.85,2664840298496,77.06275,29.96,0.00059999997,3743.9,2025.0
2010-12-22 00:00:00+05:30,80.54936039140625,2314.95,2213.75,80.01151275634766,1379552,0.0,0.0,ADANIENT.NS,Adani Enterprises Limited,Thermal Coal,Energy,Mr. Gautambhai Shantilal Adani S.Y. B.Com,"Ahmedabad, India",https://www.adanienterprises.com,2308.8,2238.85,2664840298496,77.06275,29.96,0.00059999997,3743.9,2025.0
2010-12-23 00:00:00+05:30,79.82582049535294,2314.95,2213.75,79.31998443603516,1379552,0.0,0.0,ADANIENT.NS,Adani Enterprises Limited,Thermal Coal,Energy,Mr. Gautambhai Shantilal Adani S.Y. B.Com,"Ahmedabad, India",https://www.adanienterprises.com,2308.8,2238.85,2664840298496,77.06275,29.96,0.00059999997,3743.9,2025.0
2010-12-24 00:00:00+05:30,78.37236171778243,2314.95,2213.75,79.23676300048828,1379552,0.0,0.0,ADANIENT.NS,Adani Enterprises Limited,Thermal Coal,Energy,Mr. Gautambhai Shantilal Adani S.Y. B.Com,"Ahmedabad, India",https://www.adanienterprises.com,2308.8,2238.85,2664840298496,77.06275,29.96,0.00059999997,3743.9,2025.0
2010-12-27 00:00:00+05:30,79.36480439668827,2314.95,2213.75,79.30717468261719,1379552,0.0,0.0,ADANIENT.NS,Adani Enterprises Limited,Thermal Coal,Energy,Mr. Gautambhai Shantilal Adani S.Y. B.Com,"Ahmedabad, India",https://www.adanienterprises.com,2308.8,2238.85,2664840298496,77.06275,29.96,0.00059999997,3743.9,2025.0
2010-12-28 00:00:00+05:30,79.52487439905953,2314.95,2213.75,79.9090576171875,1379552,0.0,0.0,ADANIENT.NS,Adani Enterprises Limited,Thermal Coal,Energy,Mr. Gautambhai Shantilal Adani S.Y. B.Com,"Ahmedabad, India",https://www.adanienterprises.com,2308.8,2238.85,2664840298496,77.06275,29.96,0.00059999997,3743.9,2025.0
2010-12-29 00:00:00+05:30,80.0371252601338,2314.95,2213.75,81.759521484375,1379552,0.0,0.0,ADANIENT.NS,Adani Enterprises Limited,Thermal Coal,Energy,Mr. Gautambhai Shantilal Adani S.Y. B.Com,"Ahmedabad, India",https://www.adanienterprises.com,2308.8,2238.85,2664840298496,77.06275,29.96,0.00059999997,3743.9,2025.0
2010-12-30 00:00:00+05:30,83.11053026737501,2314.95,2213.75,82.94405364990234,1379552,0.0,0.0,ADANIENT.NS,Adani Enterprises Limited,Thermal Coal,Energy,Mr. Gautambhai Shantilal Adani S.Y. B.Com,"Ahmedabad, India",https://www.adanienterprises.com,2308.8,2238.85,2664840298496,77.06275,29.96,0.00059999997,3743.9,2025.0
2010-12-31 00:00:00+05:30,83.2386042003939,2314.95,2213.75,83.22579193115234,1379552,0.0,0.0,ADANIENT.NS,Adani Enterprises Limited,Thermal Coal,Energy,Mr. Gautambhai Shantilal Adani S.Y. B.Com,"Ahmedabad, India",https://www.adanienterprises.com,2308.8,2238.85,2664840298496,77.06275,29.96,0.00059999997,3743.9,2025.0
2011-01-03 00:00:00+05:30,83.8789010007566,2314.95,2213.75,83.07852935791016,1379552,0.0,0.0,ADANIENT.NS,Adani Enterprises Limited,Thermal Coal,Energy,Mr. Gautambhai Shantilal Adani S.Y. B.Com,"Ahmedabad, India",https://www.adanienterprises.com,2308.8,2238.85,2664840298496,77.06275,29.96,0.00059999997,3743.9,2025.0
2011-01-04 00:00:00+05:30,83.23858405481243,2314.95,2213.75,83.28340148925781,1379552,0.0,0.0,ADANIENT.NS,Adani Enterprises Limited,Thermal Coal,Energy,Mr. Gautambhai Shantilal Adani S.Y. B.Com,"Ahmedabad, India",https://www.adanienterprises.com,2308.8,2238.85,2664840298496,77.06275,29.96,0.00059999997,3743.9,2025.0
2011-01-05 00:00:00+05:30,82.59829519466234,2314.95,2213.75,83.50111389160156,1379552,0.0,0.0,ADANIENT.NS,Adani Enterprises Limited,Thermal Coal,Energy,Mr. Gautambhai Shantilal Adani S.Y. B.Com,"Ahmedabad, India",https://www.adanienterprises.com,2308.8,2238.85,2664840298496,77.06275,29.96,0.00059999997,3743.9,2025.0
2011-01-06 00:00:00+05:30,84.01335132645292,2314.95,2213.75,82.5214614868164,1379552,0.0,0.0,ADANIENT.NS,Adani Enterprises Limited,Thermal Coal,Energy,Mr. Gautambhai Shantilal Adani S.Y. B.Com,"Ahmedabad, India",https://www.adanienterprises.com,2308.8,2238.85,2664840298496,77.06275,29.96,0.00059999997,3743.9,2025.0
2011-01-07 00:00:00+05:30,82.82241402693113,2314.95,2213.75,80.4341049194336,1379552,0.0,0.0,ADANIENT.NS,Adani Enterprises Limited,Thermal Coal,Energy,Mr. Gautambhai Shantilal Adani S.Y. B.Com,"Ahmedabad, India",https://www.adanienterprises.com,2308.8,2238.85,2664840298496,77.06275,29.96,0.00059999997,3743.9,2025.0
2011-01-10 00:00:00+05:30,81.49700244590548,2314.95,2213.75,74.85711669921875,1379552,0.0,0.0,ADANIENT.NS,Adani Enterprises Limited,Thermal Coal,Energy,Mr. Gautambhai Shantilal Adani S.Y. B.Com,"Ahmedabad, India",https://www.adanienterprises.com,2308.8,2238.85,2664840298496,77.06275,29.96,0.00059999997,3743.9,2025.0
2011-01-11 00:00:00+05:30,75.55502305138367,2314.95,2213.75,77.296630859375,1379552,0.0,0.0,ADANIENT.NS,Adani Enterprises Limited,Thermal Coal,Energy,Mr. Gautambhai Shantilal Adani S.Y. B.Com,"Ahmedabad, India",https://www.adanienterprises.com,2308.8,2238.85,2664840298496,77.06275,29.96,0.00059999997,3743.9,2025.0
2011-01-12 00:00:00+05:30,77.98817010994271,2314.95,2213.75,79.33919525146484,1379552,0.0,0.0,ADANIENT.NS,Adani Enterprises Limited,Thermal Coal,Energy,Mr. Gautambhai Shantilal Adani S.Y. B.Com,"Ahmedabad, India",https://www.adanienterprises.com,2308.8,2238.85,2664840298496,77.06275,29.96,0.00059999997,3743.9,2025.0
2011-01-13 00:00:00+05:30,79.8130197716574,2314.95,2213.75,82.41902923583984,1379552,0.0,0.0,ADANIENT.NS,Adani Enterprises Limited,Thermal Coal,Energy,Mr. Gautambhai Shantilal Adani S.Y. B.Com,"Ahmedabad, India",https://www.adanienterprises.com,2308.8,2238.85,2664840298496,77.06275,29.96,0.00059999997,3743.9,2025.0
2011-01-14 00:00:00+05:30,81.95801244607952,2314.95,2213.75,82.20132446289062,1379552,0.0,0.0,ADANIENT.NS,Adani Enterprises Limited,Thermal Coal,Energy,Mr. Gautambhai Shantilal Adani S.Y. B.Com,"Ahmedabad, India",https://www.adanienterprises.com,2308.8,2238.85,2664840298496,77.06275,29.96,0.00059999997,3743.9,2025.0
2011-01-17 00:00:00+05:30,81.57381962579919,2314.95,2213.75,78.03297424316406,1379552,0.0,0.0,ADANIENT.NS,Adani Enterprises Limited,Thermal Coal,Energy,Mr. Gautambhai Shantilal Adani S.Y. B.Com,"Ahmedabad, India",https://www.adanienterprises.com,2308.8,2238.85,2664840298496,77.06275,29.96,0.00059999997,3743.9,2025.0
2011-01-18 00:00:00+05:30,79.26875597926329,2314.95,2213.75,79.75538635253906,1379552,0.0,0.0,ADANIENT.NS,Adani Enterprises Limited,Thermal Coal,Energy,Mr. Gautambhai Shantilal Adani S.Y. B.Com,"Ahmedabad, India",https://www.adanienterprises.com,2308.8,2238.85,2664840298496,77.06275,29.96,0.00059999997,3743.9,2025.0
2011-01-19 00:00:00+05:30,80.03712004062763,2314.95,2213.75,80.55575561523438,1379552,0.0,0.0,ADANIENT.NS,Adani Enterprises Limited,Thermal Coal,Energy,Mr. Gautambhai Shantilal Adani S.Y. B.Com,"Ahmedabad, India",https://www.adanienterprises.com,2308.8,2238.85,2664840298496,77.06275,29.96,0.00059999997,3743.9,2025.0
2011-01-20 00:00:00+05:30,80.29322922366647,2314.95,2213.75,80.60057067871094,1379552,0.0,0.0,ADANIENT.NS,Adani Enterprises Limited,Thermal Coal,Energy,Mr. Gautambhai Shantilal Adani S.Y. B.Com,"Ahmedabad, India",https://www.adanienterprises.com,2308.8,2238.85,2664840298496,77.06275,29.96,0.00059999997,3743.9,2025.0
2011-01-21 00:00:00+05:30,80.60057240178398,2314.95,2213.75,81.46497344970703,1379552,0.0,0.0,ADANIENT.NS,Adani Enterprises Limited,Thermal Coal,Energy,Mr. Gautambhai Shantilal Adani S.Y. B.Com,"Ahmedabad, India",https://www.adanienterprises.com,2308.8,2238.85,2664840298496,77.06275,29.96,0.00059999997,3743.9,2025.0
2011-01-24 00:00:00+05:30,81.44575998507561,2314.95,2213.75,81.41374206542969,1379552,0.0,0.0,ADANIENT.NS,Adani Enterprises Limited,Thermal Coal,Energy,Mr. Gautambhai Shantilal Adani S.Y. B.Com,"Ahmedabad, India",https://www.adanienterprises.com,2308.8,2238.85,2664840298496,77.06275,29.96,0.00059999997,3743.9,2025.0
2011-01-25 00:00:00+05:30,81.57382722013375,2314.95,2213.75,79.39681243896484,1379552,0.0,0.0,ADANIENT.NS,Adani Enterprises Limited,Thermal Coal,Energy,Mr. Gautambhai Shantilal Adani S.Y. B.Com,"Ahmedabad, India",https://www.adanienterprises.com,2308.8,2238.85,2664840298496,77.06275,29.96,0.00059999997,3743.9,2025.0
2011-01-27 00:00:00+05:30,80.04991721557003,2314.95,2213.75,78.40435028076172,1379552,0.0,0.0,ADANIENT.NS,Adani Enterprises Limited,Thermal Coal,Energy,Mr. Gautambhai Shantilal Adani S.Y. B.Com,"Ahmedabad, India",https://www.adanienterprises.com,2308.8,2238.85,2664840298496,77.06275,29.96,0.00059999997,3743.9,2025.0
2011-01-28 00:00:00+05:30,78.11622294160509,2314.95,2213.75,73.8646469116211,1379552,0.0,0.0,ADANIENT.NS,Adani Enterprises Limited,Thermal Coal,Energy,Mr. Gautambhai Shantilal Adani S.Y. B.Com,"Ahmedabad, India",https://www.adanienterprises.com,2308.8,2238.85,2664840298496,77.06275,29.96,0.00059999997,3743.9,2025.0
2011-01-31 00:00:00+05:30,72.99385586025241,2314.95,2213.75,72.25111389160156,1379552,0.0,0.0,ADANIENT.NS,Adani Enterprises Limited,Thermal Coal,Energy,Mr. Gautambhai Shantilal Adani S.Y. B.Com,"Ahmedabad, India",https://www.adanienterprises.com,2308.8,2238.85,2664840298496,77.06275,29.96,0.00059999997,3743.9,2025.0
2011-02-01 00:00:00+05:30,72.35355035870649,2314.95,2213.75,72.46880340576172,1379552,0.0,0.0,ADANIENT.NS,Adani Enterprises Limited,Thermal Coal,Energy,Mr. Gautambhai Shantilal Adani S.Y. B.Com,"Ahmedabad, India",https://www.adanienterprises.com,2308.8,2238.85,2664840298496,77.06275,29.96,0.00059999997,3743.9,2025.0
2011-02-02 00:00:00+05:30,72.99384023706224,2314.95,2213.75,74.70343017578125,1379552,0.0,0.0,ADANIENT.NS,Adani Enterprises Limited,Thermal Coal,Energy,Mr. Gautambhai Shantilal Adani S.Y. B.Com,"Ahmedabad, India",https://www.adanienterprises.com,2308.8,2238.85,2664840298496,77.06275,29.96,0.00059999997,3743.9,2025.0
2011-02-03 00:00:00+05:30,74.65220815833118,2314.95,2213.75,78.03938293457031,1379552,0.0,0.0,ADANIENT.NS,Adani Enterprises Limited,Thermal Coal,Energy,Mr. Gautambhai Shantilal Adani S.Y. B.Com,"Ahmedabad, India",https://www.adanienterprises.com,2308.8,2238.85,2664840298496,77.06275,29.96,0.00059999997,3743.9,2025.0
2011-02-04 00:00:00+05:30,78.11621240932081,2314.95,2213.75,77.11094665527344,1379552,0.0,0.0,ADANIENT.NS,Adani Enterprises Limited,Thermal Coal,Energy,Mr. Gautambhai Shantilal Adani S.Y. B.Com,"Ahmedabad, India",https://www.adanienterprises.com,2308.8,2238.85,2664840298496,77.06275,29.96,0.00059999997,3743.9,2025.0
2011-02-07 00:00:00+05:30,75.64467127768225,2314.95,2213.75,75.32452392578125,1379552,0.0,0.0,ADANIENT.NS,Adani Enterprises Limited,Thermal Coal,Energy,Mr. Gautambhai Shantilal Adani S.Y. B.Com,"Ahmedabad, India",https://www.adanienterprises.com,2308.8,2238.85,2664840298496,77.06275,29.96,0.00059999997,3743.9,2025.0
2011-02-08 00:00:00+05:30,76.19533383864483,2314.95,2213.75,75.00437927246094,1379552,0.0,0.0,ADANIENT.NS,Adani Enterprises Limited,Thermal Coal,Energy,Mr. Gautambhai Shantilal Adani S.Y. B.Com,"Ahmedabad, India",https://www.adanienterprises.com,2308.8,2238.85,2664840298496,77.06275,29.96,0.00059999997,3743.9,2025.0
2011-02-09 00:00:00+05:30,75.1580522934736,2314.95,2213.75,74.5561752319336,1379552,0.0,0.0,ADANIENT.NS,Adani Enterprises Limited,Thermal Coal,Energy,Mr. Gautambhai Shantilal Adani S.Y. B.Com,"Ahmedabad, India",https://www.adanienterprises.com,2308.8,2238.85,2664840298496,77.06275,29.96,0.00059999997,3743.9,2025.0
2011-02-10 00:00:00+05:30,74.40248680590122,2314.95,2213.75,74.57536315917969,1379552,0.0,0.0,ADANIENT.NS,Adani Enterprises Limited,Thermal Coal,Energy,Mr. Gautambhai Shantilal Adani S.Y. B.Com,"Ahmedabad, India",https://www.adanienterprises.com,2308.8,2238.85,2664840298496,77.06275,29.96,0.00059999997,3743.9,2025.0
2011-02-11 00:00:00+05:30,74.21681932002515,2314.95,2213.75,74.84431457519531,1379552,0.0,0.0,ADANIENT.NS,Adani Enterprises Limited,Thermal Coal,Energy,Mr. Gautambhai Shantilal Adani S.Y. B.Com,"Ahmedabad, India",https://www.adanienterprises.com,2308.8,2238.85,2664840298496,77.06275,29.96,0.00059999997,3743.9,2025.0
2011-02-14 00:00:00+05:30,75.04279739621724,2314.95,2213.75,77.3542709350586,1379552,0.0,0.0,ADANIENT.NS,Adani Enterprises Limited,Thermal Coal,Energy,Mr. Gautambhai Shantilal Adani S.Y. B.Com,"Ahmedabad, India",https://www.adanienterprises.com,2308.8,2238.85,2664840298496,77.06275,29.96,0.00059999997,3743.9,2025.0
2011-02-15 00:00:00+05:30,78.13544418340655,2314.95,2213.75,77.60399627685547,1379552,0.0,0.0,ADANIENT.NS,Adani Enterprises Limited,Thermal Coal,Energy,Mr. Gautambhai Shantilal Adani S.Y. B.Com,"Ahmedabad, India",https://www.adanienterprises.com,2308.8,2238.85,2664840298496,77.06275,29.96,0.00059999997,3743.9,2025.0
2011-02-16 00:00:00+05:30,78.22507133852771,2314.95,2213.75,80.18437957763672,1379552,0.0,0.0,ADANIENT.NS,Adani Enterprises Limited,Thermal Coal,Energy,Mr. Gautambhai Shantilal Adani S.Y. B.Com,"Ahmedabad, India",https://www.adanienterprises.com,2308.8,2238.85,2664840298496,77.06275,29.96,0.00059999997,3743.9,2025.0
2011-02-17 00:00:00+05:30,80.43410990832209,2314.95,2213.75,80.40209197998047,1379552,0.0,0.0,ADANIENT.NS,Adani Enterprises Limited,Thermal Coal,Energy,Mr. Gautambhai Shantilal Adani S.Y. B.Com,"Ahmedabad, India",https://www.adanienterprises.com,2308.8,2238.85,2664840298496,77.06275,29.96,0.00059999997,3743.9,2025.0
2011-02-18 00:00:00+05:30,80.15237279029127,2314.95,2213.75,79.33919525146484,1379552,0.0,0.0,ADANIENT.NS,Adani Enterprises Limited,Thermal Coal,Energy,Mr. Gautambhai Shantilal Adani S.Y. B.Com,"Ahmedabad, India",https://www.adanienterprises.com,2308.8,2238.85,2664840298496,77.06275,29.96,0.00059999997,3743.9,2025.0
2011-02-21 00:00:00+05:30,79.64653914739412,2314.95,2213.75,80.4341049194336,1379552,0.0,0.0,ADANIENT.NS,Adani Enterprises Limited,Thermal Coal,Energy,Mr. Gautambhai Shantilal Adani S.Y. B.Com,"Ahmedabad, India",https://www.adanienterprises.com,2308.8,2238.85,2664840298496,77.06275,29.96,0.00059999997,3743.9,2025.0
2011-02-22 00:00:00+05:30,80.03710415022195,2314.95,2213.75,80.35084533691406,1379552,0.0,0.0,ADANIENT.NS,Adani Enterprises Limited,Thermal Coal,Energy,Mr. Gautambhai Shantilal Adani S.Y. B.Com,"Ahmedabad, India",https://www.adanienterprises.com,2308.8,2238.85,2664840298496,77.06275,29.96,0.00059999997,3743.9,2025.0
2011-02-23 00:00:00+05:30,79.58250602323842,2314.95,2213.75,78.2250747680664,1379552,0.0,0.0,ADANIENT.NS,Adani Enterprises Limited,Thermal Coal,Energy,Mr. Gautambhai Shantilal Adani S.Y. B.Com,"Ahmedabad, India",https://www.adanienterprises.com,2308.8,2238.85,2664840298496,77.06275,29.96,0.00059999997,3743.9,2025.0
2011-02-24 00:00:00+05:30,78.244271996209,2314.95,2213.75,75.87517547607422,1379552,0.0,0.0,ADANIENT.NS,Adani Enterprises Limited,Thermal Coal,Energy,Mr. Gautambhai Shantilal Adani S.Y. B.Com,"Ahmedabad, India",https://www.adanienterprises.com,2308.8,2238.85,2664840298496,77.06275,29.96,0.00059999997,3743.9,2025.0
2011-02-25 00:00:00+05:30,75.24130574755107,2314.95,2213.75,76.24016571044922,1379552,0.0,0.0,ADANIENT.NS,Adani Enterprises Limited,Thermal Coal,Energy,Mr. Gautambhai Shantilal Adani S.Y. B.Com,"Ahmedabad, India",https://www.adanienterprises.com,2308.8,2238.85,2664840298496,77.06275,29.96,0.00059999997,3743.9,2025.0
2011-02-28 00:00:00+05:30,74.79309195056776,2314.95,2213.75,78.2571029663086,1379552,0.0,0.0,ADANIENT.NS,Adani Enterprises Limited,Thermal Coal,Energy,Mr. Gautambhai Shantilal Adani S.Y. B.Com,"Ahmedabad, India",https://www.adanienterprises.com,2308.8,2238.85,2664840298496,77.06275,29.96,0.00059999997,3743.9,2025.0
2011-03-01 00:00:00+05:30,79.57609645960908,2314.95,2213.75,79.09587860107422,1379552,0.0,0.0,ADANIENT.NS,Adani Enterprises Limited,Thermal Coal,Energy,Mr. Gautambhai Shantilal Adani S.Y. B.Com,"Ahmedabad, India",https://www.adanienterprises.com,2308.8,2238.85,2664840298496,77.06275,29.96,0.00059999997,3743.9,2025.0
2011-03-03 00:00:00+05:30,77.47592068568733,2314.95,2213.75,77.57196807861328,1379552,0.0,0.0,ADANIENT.NS,Adani Enterprises Limited,Thermal Coal,Energy,Mr. Gautambhai Shantilal Adani S.Y. B.Com,"Ahmedabad, India",https://www.adanienterprises.com,2308.8,2238.85,2664840298496,77.06275,29.96,0.00059999997,3743.9,2025.0
2011-03-04 00:00:00+05:30,79.14068392125115,2314.95,2213.75,76.78439331054688,1379552,0.0,0.0,ADANIENT.NS,Adani Enterprises Limited,Thermal Coal,Energy,Mr. Gautambhai Shantilal Adani S.Y. B.Com,"Ahmedabad, India",https://www.adanienterprises.com,2308.8,2238.85,2664840298496,77.06275,29.96,0.00059999997,3743.9,2025.0
2011-03-07 00:00:00+05:30,76.82923355791877,2314.95,2213.75,76.00325012207031,1379552,0.0,0.0,ADANIENT.NS,Adani Enterprises Limited,Thermal Coal,Energy,Mr. Gautambhai Shantilal Adani S.Y. B.Com,"Ahmedabad, India",https://www.adanienterprises.com,2308.8,2238.85,2664840298496,77.06275,29.96,0.00059999997,3743.9,2025.0
2011-03-08 00:00:00+05:30,76.45145275420539,2314.95,2213.75,76.04166412353516,1379552,0.0,0.0,ADANIENT.NS,Adani Enterprises Limited,Thermal Coal,Energy,Mr. Gautambhai Shantilal Adani S.Y. B.Com,"Ahmedabad, India",https://www.adanienterprises.com,2308.8,2238.85,2664840298496,77.06275,29.96,0.00059999997,3743.9,2025.0
2011-03-09 00:00:00+05:30,76.24655930424304,2314.95,2213.75,75.92000579833984,1379552,0.0,0.0,ADANIENT.NS,Adani Enterprises Limited,Thermal Coal,Energy,Mr. Gautambhai Shantilal Adani S.Y. B.Com,"Ahmedabad, India",https://www.adanienterprises.com,2308.8,2238.85,2664840298496,77.06275,29.96,0.00059999997,3743.9,2025.0
2011-03-10 00:00:00+05:30,75.92641272017914,2314.95,2213.75,76.1505126953125,1379552,0.0,0.0,ADANIENT.NS,Adani Enterprises Limited,Thermal Coal,Energy,Mr. Gautambhai Shantilal Adani S.Y. B.Com,"Ahmedabad, India",https://www.adanienterprises.com,2308.8,2238.85,2664840298496,77.06275,29.96,0.00059999997,3743.9,2025.0
2011-03-11 00:00:00+05:30,76.19534276147239,2314.95,2213.75,76.1185073852539,1379552,0.0,0.0,ADANIENT.NS,Adani Enterprises Limited,Thermal Coal,Energy,Mr. Gautambhai Shantilal Adani S.Y. B.Com,"Ahmedabad, India",https://www.adanienterprises.com,2308.8,2238.85,2664840298496,77.06275,29.96,0.00059999997,3743.9,2025.0
2011-03-14 00:00:00+05:30,76.11208518724636,2314.95,2213.75,77.32865142822266,1379552,0.0,0.0,ADANIENT.NS,Adani Enterprises Limited,Thermal Coal,Energy,Mr. Gautambhai Shantilal Adani S.Y. B.Com,"Ahmedabad, India",https://www.adanienterprises.com,2308.8,2238.85,2664840298496,77.06275,29.96,0.00059999997,3743.9,2025.0
2011-03-15 00:00:00+05:30,76.15691222966971,2314.95,2213.75,76.81001281738281,1379552,0.0,0.0,ADANIENT.NS,Adani Enterprises Limited,Thermal Coal,Energy,Mr. Gautambhai Shantilal Adani S.Y. B.Com,"Ahmedabad, India",https://www.adanienterprises.com,2308.8,2238.85,2664840298496,77.06275,29.96,0.00059999997,3743.9,2025.0
2011-03-16 00:00:00+05:30,76.64353758528269,2314.95,2213.75,76.84202575683594,1379552,0.0,0.0,ADANIENT.NS,Adani Enterprises Limited,Thermal Coal,Energy,Mr. Gautambhai Shantilal Adani S.Y. B.Com,"Ahmedabad, India",https://www.adanienterprises.com,2308.8,2238.85,2664840298496,77.06275,29.96,0.00059999997,3743.9,2025.0
2011-03-17 00:00:00+05:30,76.83563496692538,2314.95,2213.75,76.8676528930664,1379552,0.0,0.0,ADANIENT.NS,Adani Enterprises Limited,Thermal Coal,Energy,Mr. Gautambhai Shantilal Adani S.Y. B.Com,"Ahmedabad, India",https://www.adanienterprises.com,2308.8,2238.85,2664840298496,77.06275,29.96,0.00059999997,3743.9,2025.0
2011-03-18 00:00:00+05:30,76.84201579923398,2314.95,2213.75,76.90605163574219,1379552,0.0,0.0,ADANIENT.NS,Adani Enterprises Limited,Thermal Coal,Energy,Mr. Gautambhai Shantilal Adani S.Y. B.Com,"Ahmedabad, India",https://www.adanienterprises.com,2308.8,2238.85,2664840298496,77.06275,29.96,0.00059999997,3743.9,2025.0
2011-03-21 00:00:00+05:30,76.84203312592683,2314.95,2213.75,76.76519775390625,1379552,0.0,0.0,ADANIENT.NS,Adani Enterprises Limited,Thermal Coal,Energy,Mr. Gautambhai Shantilal Adani S.Y. B.Com,"Ahmedabad, India",https://www.adanienterprises.com,2308.8,2238.85,2664840298496,77.06275,29.96,0.00059999997,3743.9,2025.0
2011-03-22 00:00:00+05:30,76.20173732650684,2314.95,2213.75,76.83563232421875,1379552,0.0,0.0,ADANIENT.NS,Adani Enterprises Limited,Thermal Coal,Energy,Mr. Gautambhai Shantilal Adani S.Y. B.Com,"Ahmedabad, India",https://www.adanienterprises.com,2308.8,2238.85,2664840298496,77.06275,29.96,0.00059999997,3743.9,2025.0
2011-03-23 00:00:00+05:30,76.83562330238878,2314.95,2213.75,76.8036117553711,1379552,0.0,0.0,ADANIENT.NS,Adani Enterprises Limited,Thermal Coal,Energy,Mr. Gautambhai Shantilal Adani S.Y. B.Com,"Ahmedabad, India",https://www.adanienterprises.com,2308.8,2238.85,2664840298496,77.06275,29.96,0.00059999997,3743.9,2025.0
2011-03-24 00:00:00+05:30,76.24014735273707,2314.95,2213.75,76.81001281738281,1379552,0.0,0.0,ADANIENT.NS,Adani Enterprises Limited,Thermal Coal,Energy,Mr. Gautambhai Shantilal Adani S.Y. B.Com,"Ahmedabad, India",https://www.adanienterprises.com,2308.8,2238.85,2664840298496,77.06275,29.96,0.00059999997,3743.9,2025.0
2011-03-25 00:00:00+05:30,76.82922775801919,2314.95,2213.75,76.91886901855469,1379552,0.0,0.0,ADANIENT.NS,Adani Enterprises Limited,Thermal Coal,Energy,Mr. Gautambhai Shantilal Adani S.Y. B.Com,"Ahmedabad, India",https://www.adanienterprises.com,2308.8,2238.85,2664840298496,77.06275,29.96,0.00059999997,3743.9,2025.0
2011-03-28 00:00:00+05:30,77.09815514390516,2314.95,2213.75,76.85484313964844,1379552,0.0,0.0,ADANIENT.NS,Adani Enterprises Limited,Thermal Coal,Energy,Mr. Gautambhai Shantilal Adani S.Y. B.Com,"Ahmedabad, India",https://www.adanienterprises.com,2308.8,2238.85,2664840298496,77.06275,29.96,0.00059999997,3743.9,2025.0
2011-03-29 00:00:00+05:30,76.96368463730015,2314.95,2213.75,78.58363342285156,1379552,0.0,0.0,ADANIENT.NS,Adani Enterprises Limited,Thermal Coal,Energy,Mr. Gautambhai Shantilal Adani S.Y. B.Com,"Ahmedabad, India",https://www.adanienterprises.com,2308.8,2238.85,2664840298496,77.06275,29.96,0.00059999997,3743.9,2025.0
2011-03-30 00:00:00+05:30,79.62732587600287,2314.95,2213.75,80.78626251220703,1379552,0.0,0.0,ADANIENT.NS,Adani Enterprises Limited,Thermal Coal,Energy,Mr. Gautambhai Shantilal Adani S.Y. B.Com,"Ahmedabad, India",https://www.adanienterprises.com,2308.8,2238.85,2664840298496,77.06275,29.96,0.00059999997,3743.9,2025.0
2011-03-31 00:00:00+05:30,81.82354654507797,2314.95,2213.75,85.35798645019531,1379552,0.0,0.0,ADANIENT.NS,Adani Enterprises Limited,Thermal Coal,Energy,Mr. Gautambhai Shantilal Adani S.Y. B.Com,"Ahmedabad, India",https://www.adanienterprises.com,2308.8,2238.85,2664840298496,77.06275,29.96,0.00059999997,3743.9,2025.0
2011-04-01 00:00:00+05:30,85.28755608438944,2314.95,2213.75,84.64725494384766,1379552,0.0,0.0,ADANIENT.NS,Adani Enterprises Limited,Thermal Coal,Energy,Mr. Gautambhai Shantilal Adani S.Y. B.Com,"Ahmedabad, India",https://www.adanienterprises.com,2308.8,2238.85,2664840298496,77.06275,29.96,0.00059999997,3743.9,2025.0
2011-04-04 00:00:00+05:30,85.7933817806634,2314.95,2213.75,84.98661041259766,1379552,0.0,0.0,ADANIENT.NS,Adani Enterprises Limited,Thermal Coal,Energy,Mr. Gautambhai Shantilal Adani S.Y. B.Com,"Ahmedabad, India",https://www.adanienterprises.com,2308.8,2238.85,2664840298496,77.06275,29.96,0.00059999997,3743.9,2025.0
2011-04-05 00:00:00+05:30,85.79978906532513,2314.95,2213.75,85.31956481933594,1379552,0.0,0.0,ADANIENT.NS,Adani Enterprises Limited,Thermal Coal,Energy,Mr. Gautambhai Shantilal Adani S.Y. B.Com,"Ahmedabad, India",https://www.adanienterprises.com,2308.8,2238.85,2664840298496,77.06275,29.96,0.00059999997,3743.9,2025.0
2011-04-06 00:00:00+05:30,85.16587690768014,2314.95,2213.75,84.42953491210938,1379552,0.0,0.0,ADANIENT.NS,Adani Enterprises Limited,Thermal Coal,Energy,Mr. Gautambhai Shantilal Adani S.Y. B.Com,"Ahmedabad, India",https://www.adanienterprises.com,2308.8,2238.85,2664840298496,77.06275,29.96,0.00059999997,3743.9,2025.0
2011-04-07 00:00:00+05:30,85.14667442639691,2314.95,2213.75,83.50111389160156,1379552,0.0,0.0,ADANIENT.NS,Adani Enterprises Limited,Thermal Coal,Energy,Mr. Gautambhai Shantilal Adani S.Y. B.Com,"Ahmedabad, India",https://www.adanienterprises.com,2308.8,2238.85,2664840298496,77.06275,29.96,0.00059999997,3743.9,2025.0
2011-04-08 00:00:00+05:30,83.87890489545165,2314.95,2213.75,83.09133911132812,1379552,0.0,0.0,ADANIENT.NS,Adani Enterprises Limited,Thermal Coal,Energy,Mr. Gautambhai Shantilal Adani S.Y. B.Com,"Ahmedabad, India",https://www.adanienterprises.com,2308.8,2238.85,2664840298496,77.06275,29.96,0.00059999997,3743.9,2025.0
2011-04-11 00:00:00+05:30,83.73803384023097,2314.95,2213.75,83.14895629882812,1379552,0.0,0.0,ADANIENT.NS,Adani Enterprises Limited,Thermal Coal,Energy,Mr. Gautambhai Shantilal Adani S.Y. B.Com,"Ahmedabad, India",https://www.adanienterprises.com,2308.8,2238.85,2664840298496,77.06275,29.96,0.00059999997,3743.9,2025.0
2011-04-13 00:00:00+05:30,83.23860658385968,2314.95,2213.75,83.18097686767578,1379552,0.0,0.0,ADANIENT.NS,Adani Enterprises Limited,Thermal Coal,Energy,Mr. Gautambhai Shantilal Adani S.Y. B.Com,"Ahmedabad, India",https://www.adanienterprises.com,2308.8,2238.85,2664840298496,77.06275,29.96,0.00059999997,3743.9,2025.0
2011-04-15 00:00:00+05:30,82.98248867428016,2314.95,2213.75,82.41902923583984,1379552,0.0,0.0,ADANIENT.NS,Adani Enterprises Limited,Thermal Coal,Energy,Mr. Gautambhai Shantilal Adani S.Y. B.Com,"Ahmedabad, India",https://www.adanienterprises.com,2308.8,2238.85,2664840298496,77.06275,29.96,0.00059999997,3743.9,2025.0
2011-04-18 00:00:00+05:30,82.52787927712461,2314.95,2213.75,81.4457778930664,1379552,0.0,0.0,ADANIENT.NS,Adani Enterprises Limited,Thermal Coal,Energy,Mr. Gautambhai Shantilal Adani S.Y. B.Com,"Ahmedabad, India",https://www.adanienterprises.com,2308.8,2238.85,2664840298496,77.06275,29.96,0.00059999997,3743.9,2025.0
2011-04-19 00:00:00+05:30,82.15009544307078,2314.95,2213.75,81.72750091552734,1379552,0.0,0.0,ADANIENT.NS,Adani Enterprises Limited,Thermal Coal,Energy,Mr. Gautambhai Shantilal Adani S.Y. B.Com,"Ahmedabad, India",https://www.adanienterprises.com,2308.8,2238.85,2664840298496,77.06275,29.96,0.00059999997,3743.9,2025.0
2011-04-20 00:00:00+05:30,81.95800858652521,2314.95,2213.75,83.30262756347656,1379552,0.0,0.0,ADANIENT.NS,Adani Enterprises Limited,Thermal Coal,Energy,Mr. Gautambhai Shantilal Adani S.Y. B.Com,"Ahmedabad, India",https://www.adanienterprises.com,2308.8,2238.85,2664840298496,77.06275,29.96,0.00059999997,3743.9,2025.0
2011-04-21 00:00:00+05:30,83.87890646685526,2314.95,2213.75,83.17457580566406,1379552,0.0,0.0,ADANIENT.NS,Adani Enterprises Limited,Thermal Coal,Energy,Mr. Gautambhai Shantilal Adani S.Y. B.Com,"Ahmedabad, India",https://www.adanienterprises.com,2308.8,2238.85,2664840298496,77.06275,29.96,0.00059999997,3743.9,2025.0
2011-04-25 00:00:00+05:30,83.1041324006013,2314.95,2213.75,82.39340209960938,1379552,0.0,0.0,ADANIENT.NS,Adani Enterprises Limited,Thermal Coal,Energy,Mr. Gautambhai Shantilal Adani S.Y. B.Com,"Ahmedabad, India",https://www.adanienterprises.com,2308.8,2238.85,2664840298496,77.06275,29.96,0.00059999997,3743.9,2025.0
2011-04-26 00:00:00+05:30,82.94406430577085,2314.95,2213.75,81.58663940429688,1379552,0.0,0.0,ADANIENT.NS,Adani Enterprises Limited,Thermal Coal,Energy,Mr. Gautambhai Shantilal Adani S.Y. B.Com,"Ahmedabad, India",https://www.adanienterprises.com,2308.8,2238.85,2664840298496,77.06275,29.96,0.00059999997,3743.9,2025.0
2011-04-27 00:00:00+05:30,82.47024775109239,2314.95,2213.75,82.04765319824219,1379552,0.0,0.0,ADANIENT.NS,Adani Enterprises Limited,Thermal Coal,Energy,Mr. Gautambhai Shantilal Adani S.Y. B.Com,"Ahmedabad, India",https://www.adanienterprises.com,2308.8,2238.85,2664840298496,77.06275,29.96,0.00059999997,3743.9,2025.0
2011-04-28 00:00:00+05:30,82.57909494825918,2314.95,2213.75,82.1308822631836,1379552,0.0,0.0,ADANIENT.NS,Adani Enterprises Limited,Thermal Coal,Energy,Mr. Gautambhai Shantilal Adani S.Y. B.Com,"Ahmedabad, India",https://www.adanienterprises.com,2308.8,2238.85,2664840298496,77.06275,29.96,0.00059999997,3743.9,2025.0
2011-04-29 00:00:00+05:30,82.47025649228831,2314.95,2213.75,80.03072357177734,1379552,0.0,0.0,ADANIENT.NS,Adani Enterprises Limited,Thermal Coal,Energy,Mr. Gautambhai Shantilal Adani S.Y. B.Com,"Ahmedabad, India",https://www.adanienterprises.com,2308.8,2238.85,2664840298496,77.06275,29.96,0.00059999997,3743.9,2025.0
2011-05-02 00:00:00+05:30,80.82467683049153,2314.95,2213.75,80.54934692382812,1379552,0.0,0.0,ADANIENT.NS,Adani Enterprises Limited,Thermal Coal,Energy,Mr. Gautambhai Shantilal Adani S.Y. B.Com,"Ahmedabad, India",https://www.adanienterprises.com,2308.8,2238.85,2664840298496,77.06275,29.96,0.00059999997,3743.9,2025.0
2011-05-03 00:00:00+05:30,81.07439716479027,2314.95,2213.75,79.69136047363281,1379552,0.0,0.0,ADANIENT.NS,Adani Enterprises Limited,Thermal Coal,Energy,Mr. Gautambhai Shantilal Adani S.Y. B.Com,"Ahmedabad, India",https://www.adanienterprises.com,2308.8,2238.85,2664840298496,77.06275,29.96,0.00059999997,3743.9,2025.0
2011-05-04 00:00:00+05:30,79.9090526048647,2314.95,2213.75,78.8333511352539,1379552,0.0,0.0,ADANIENT.NS,Adani Enterprises Limited,Thermal Coal,Energy,Mr. Gautambhai Shantilal Adani S.Y. B.Com,"Ahmedabad, India",https://www.adanienterprises.com,2308.8,2238.85,2664840298496,77.06275,29.96,0.00059999997,3743.9,2025.0
2011-05-05 00:00:00+05:30,79.77458464141175,2314.95,2213.75,77.66160583496094,1379552,0.0,0.0,ADANIENT.NS,Adani Enterprises Limited,Thermal Coal,Energy,Mr. Gautambhai Shantilal Adani S.Y. B.Com,"Ahmedabad, India",https://www.adanienterprises.com,2308.8,2238.85,2664840298496,77.06275,29.96,0.00059999997,3743.9,2025.0
2011-05-06 00:00:00+05:30,78.59643766151054,2314.95,2213.75,79.18550872802734,1379552,0.0,0.0,ADANIENT.NS,Adani Enterprises Limited,Thermal Coal,Energy,Mr. Gautambhai Shantilal Adani S.Y. B.Com,"Ahmedabad, India",https://www.adanienterprises.com,2308.8,2238.85,2664840298496,77.06275,29.96,0.00059999997,3743.9,2025.0
2011-05-09 00:00:00+05:30,79.69134615162379,2314.95,2213.75,79.59529876708984,1379552,0.0,0.0,ADANIENT.NS,Adani Enterprises Limited,Thermal Coal,Energy,Mr. Gautambhai Shantilal Adani S.Y. B.Com,"Ahmedabad, India",https://www.adanienterprises.com,2308.8,2238.85,2664840298496,77.06275,29.96,0.00059999997,3743.9,2025.0
2011-05-10 00:00:00+05:30,79.78100988469718,2314.95,2213.75,79.84503936767578,1379552,0.0,0.0,ADANIENT.NS,Adani Enterprises Limited,Thermal Coal,Energy,Mr. Gautambhai Shantilal Adani S.Y. B.Com,"Ahmedabad, India",https://www.adanienterprises.com,2308.8,2238.85,2664840298496,77.06275,29.96,0.00059999997,3743.9,2025.0
2011-05-11 00:00:00+05:30,80.58776388682939,2314.95,2213.75,80.34445190429688,1379552,0.0,0.0,ADANIENT.NS,Adani Enterprises Limited,Thermal Coal,Energy,Mr. Gautambhai Shantilal Adani S.Y. B.Com,"Ahmedabad, India",https://www.adanienterprises.com,2308.8,2238.85,2664840298496,77.06275,29.96,0.00059999997,3743.9,2025.0
2011-05-12 00:00:00+05:30,80.63898316417617,2314.95,2213.75,81.64424896240234,1379552,0.0,0.0,ADANIENT.NS,Adani Enterprises Limited,Thermal Coal,Energy,Mr. Gautambhai Shantilal Adani S.Y. B.Com,"Ahmedabad, India",https://www.adanienterprises.com,2308.8,2238.85,2664840298496,77.06275,29.96,0.00059999997,3743.9,2025.0
2011-05-13 00:00:00+05:30,82.16929536785433,2314.95,2213.75,81.91317749023438,1379552,0.0,0.0,ADANIENT.NS,Adani Enterprises Limited,Thermal Coal,Energy,Mr. Gautambhai Shantilal Adani S.Y. B.Com,"Ahmedabad, India",https://www.adanienterprises.com,2308.8,2238.85,2664840298496,77.06275,29.96,0.00059999997,3743.9,2025.0
2011-05-16 00:00:00+05:30,81.55461804411304,2314.95,2213.75,81.32411193847656,1379552,0.0,0.0,ADANIENT.NS,Adani Enterprises Limited,Thermal Coal,Energy,Mr. Gautambhai Shantilal Adani S.Y. B.Com,"Ahmedabad, India",https://www.adanienterprises.com,2308.8,2238.85,2664840298496,77.06275,29.96,0.00059999997,3743.9,2025.0
2011-05-17 00:00:00+05:30,79.14069732091396,2314.95,2213.75,81.32411193847656,1379552,0.0,0.0,ADANIENT.NS,Adani Enterprises Limited,Thermal Coal,Energy,Mr. Gautambhai Shantilal Adani S.Y. B.Com,"Ahmedabad, India",https://www.adanienterprises.com,2308.8,2238.85,2664840298496,77.06275,29.96,0.00059999997,3743.9,2025.0
2011-05-18 00:00:00+05:30,81.65067644855047,2314.95,2213.75,80.40209197998047,1379552,0.0,0.0,ADANIENT.NS,Adani Enterprises Limited,Thermal Coal,Energy,Mr. Gautambhai Shantilal Adani S.Y. B.Com,"Ahmedabad, India",https://www.adanienterprises.com,2308.8,2238.85,2664840298496,77.06275,29.96,0.00059999997,3743.9,2025.0
2011-05-19 00:00:00+05:30,81.31770302124538,2314.95,2213.75,80.1523666381836,1379552,0.0,0.0,ADANIENT.NS,Adani Enterprises Limited,Thermal Coal,Energy,Mr. Gautambhai Shantilal Adani S.Y. B.Com,"Ahmedabad, India",https://www.adanienterprises.com,2308.8,2238.85,2664840298496,77.06275,29.96,0.00059999997,3743.9,2025.0
2011-05-20 00:00:00+05:30,80.63899193210288,2314.95,2213.75,80.15876770019531,1379552,0.0,0.0,ADANIENT.NS,Adani Enterprises Limited,Thermal Coal,Energy,Mr. Gautambhai Shantilal Adani S.Y. B.Com,"Ahmedabad, India",https://www.adanienterprises.com,2308.8,2238.85,2664840298496,77.06275,29.96,0.00059999997,3743.9,2025.0
2011-05-23 00:00:00+05:30,79.65294466816367,2314.95,2213.75,78.73731994628906,1379552,0.0,0.0,ADANIENT.NS,Adani Enterprises Limited,Thermal Coal,Energy,Mr. Gautambhai Shantilal Adani S.Y. B.Com,"Ahmedabad, India",https://www.adanienterprises.com,2308.8,2238.85,2664840298496,77.06275,29.96,0.00059999997,3743.9,2025.0
2011-05-24 00:00:00+05:30,79.36482197761029,2314.95,2213.75,79.23676300048828,1379552,0.0,0.0,ADANIENT.NS,Adani Enterprises Limited,Thermal Coal,Energy,Mr. Gautambhai Shantilal Adani S.Y. B.Com,"Ahmedabad, India",https://www.adanienterprises.com,2308.8,2238.85,2664840298496,77.06275,29.96,0.00059999997,3743.9,2025.0
2011-05-25 00:00:00+05:30,79.52486238945988,2314.95,2213.75,77.59757232666016,1379552,0.0,0.0,ADANIENT.NS,Adani Enterprises Limited,Thermal Coal,Energy,Mr. Gautambhai Shantilal Adani S.Y. B.Com,"Ahmedabad, India",https://www.adanienterprises.com,2308.8,2238.85,2664840298496,77.06275,29.96,0.00059999997,3743.9,2025.0
2011-05-26 00:00:00+05:30,78.24426874023747,2314.95,2213.75,77.45670318603516,1379552,0.0,0.0,ADANIENT.NS,Adani Enterprises Limited,Thermal Coal,Energy,Mr. Gautambhai Shantilal Adani S.Y. B.Com,"Ahmedabad, India",https://www.adanienterprises.com,2308.8,2238.85,2664840298496,77.06275,29.96,0.00059999997,3743.9,2025.0
2011-05-27 00:00:00+05:30,78.75651333696372,2314.95,2213.75,78.14183044433594,1379552,0.0,0.0,ADANIENT.NS,Adani Enterprises Limited,Thermal Coal,Energy,Mr. Gautambhai Shantilal Adani S.Y. B.Com,"Ahmedabad, India",https://www.adanienterprises.com,2308.8,2238.85,2664840298496,77.06275,29.96,0.00059999997,3743.9,2025.0
2011-05-30 00:00:00+05:30,78.87818695840167,2314.95,2213.75,78.99983978271484,1379552,0.0,0.0,ADANIENT.NS,Adani Enterprises Limited,Thermal Coal,Energy,Mr. Gautambhai Shantilal Adani S.Y. B.Com,"Ahmedabad, India",https://www.adanienterprises.com,2308.8,2238.85,2664840298496,77.06275,29.96,0.00059999997,3743.9,2025.0
2011-05-31 00:00:00+05:30,79.03824796296321,2314.95,2213.75,81.7723159790039,1379552,0.0,0.0,ADANIENT.NS,Adani Enterprises Limited,Thermal Coal,Energy,Mr. Gautambhai Shantilal Adani S.Y. B.Com,"Ahmedabad, India",https://www.adanienterprises.com,2308.8,2238.85,2664840298496,77.06275,29.96,0.00059999997,3743.9,2025.0
2011-06-01 00:00:00+05:30,82.5214679610134,2314.95,2213.75,81.4329605102539,1379552,0.0,0.0,ADANIENT.NS,Adani Enterprises Limited,Thermal Coal,Energy,Mr. Gautambhai Shantilal Adani S.Y. B.Com,"Ahmedabad, India",https://www.adanienterprises.com,2308.8,2238.85,2664840298496,77.06275,29.96,0.00059999997,3743.9,2025.0
2011-06-02 00:00:00+05:30,81.58024691737656,2314.95,2213.75,80.29325103759766,1379552,0.0,0.0,ADANIENT.NS,Adani Enterprises Limited,Thermal Coal,Energy,Mr. Gautambhai Shantilal Adani S.Y. B.Com,"Ahmedabad, India",https://www.adanienterprises.com,2308.8,2238.85,2664840298496,77.06275,29.96,0.00059999997,3743.9,2025.0
2011-06-03 00:00:00+05:30,80.40848604618955,2314.95,2213.75,78.74371337890625,1379552,0.0,0.0,ADANIENT.NS,Adani Enterprises Limited,Thermal Coal,Energy,Mr. Gautambhai Shantilal Adani S.Y. B.Com,"Ahmedabad, India",https://www.adanienterprises.com,2308.8,2238.85,2664840298496,77.06275,29.96,0.00059999997,3743.9,2025.0
2011-06-06 00:00:00+05:30,79.03826181311335,2314.95,2213.75,77.21981811523438,1379552,0.0,0.0,ADANIENT.NS,Adani Enterprises Limited,Thermal Coal,Energy,Mr. Gautambhai Shantilal Adani S.Y. B.Com,"Ahmedabad, India",https://www.adanienterprises.com,2308.8,2238.85,2664840298496,77.06275,29.96,0.00059999997,3743.9,2025.0
2011-06-07 00:00:00+05:30,77.21980453586899,2314.95,2213.75,78.81414794921875,1379552,0.0,0.0,ADANIENT.NS,Adani Enterprises Limited,Thermal Coal,Energy,Mr. Gautambhai Shantilal Adani S.Y. B.Com,"Ahmedabad, India",https://www.adanienterprises.com,2308.8,2238.85,2664840298496,77.06275,29.96,0.00059999997,3743.9,2025.0
2011-06-08 00:00:00+05:30,78.64126996767547,2314.95,2213.75,80.2228012084961,1379552,0.0,0.0,ADANIENT.NS,Adani Enterprises Limited,Thermal Coal,Energy,Mr. Gautambhai Shantilal Adani S.Y. B.Com,"Ahmedabad, India",https://www.adanienterprises.com,2308.8,2238.85,2664840298496,77.06275,29.96,0.00059999997,3743.9,2025.0
2011-06-09 00:00:00+05:30,80.42129005423976,2314.95,2213.75,82.98247528076172,1379552,0.0,0.0,ADANIENT.NS,Adani Enterprises Limited,Thermal Coal,Energy,Mr. Gautambhai Shantilal Adani S.Y. B.Com,"Ahmedabad, India",https://www.adanienterprises.com,2308.8,2238.85,2664840298496,77.06275,29.96,0.00059999997,3743.9,2025.0
2011-06-10 00:00:00+05:30,82.98887849580557,2314.95,2213.75,82.51506042480469,1379552,0.0,0.0,ADANIENT.NS,Adani Enterprises Limited,Thermal Coal,Energy,Mr. Gautambhai Shantilal Adani S.Y. B.Com,"Ahmedabad, India",https://www.adanienterprises.com,2308.8,2238.85,2664840298496,77.06275,29.96,0.00059999997,3743.9,2025.0
2011-06-13 00:00:00+05:30,82.85442680090605,2314.95,2213.75,85.36439514160156,1379552,0.0,0.0,ADANIENT.NS,Adani Enterprises Limited,Thermal Coal,Energy,Mr. Gautambhai Shantilal Adani S.Y. B.Com,"Ahmedabad, India",https://www.adanienterprises.com,2308.8,2238.85,2664840298496,77.06275,29.96,0.00059999997,3743.9,2025.0
2011-06-14 00:00:00+05:30,85.42201424773393,2314.95,2213.75,86.74102783203125,1379552,0.0,0.0,ADANIENT.NS,Adani Enterprises Limited,Thermal Coal,Energy,Mr. Gautambhai Shantilal Adani S.Y. B.Com,"Ahmedabad, India",https://www.adanienterprises.com,2308.8,2238.85,2664840298496,77.06275,29.96,0.00059999997,3743.9,2025.0
2011-06-15 00:00:00+05:30,86.44006465782019,2314.95,2213.75,83.6163558959961,1379552,0.0,0.0,ADANIENT.NS,Adani Enterprises Limited,Thermal Coal,Energy,Mr. Gautambhai Shantilal Adani S.Y. B.Com,"Ahmedabad, India",https://www.adanienterprises.com,2308.8,2238.85,2664840298496,77.06275,29.96,0.00059999997,3743.9,2025.0
2011-06-16 00:00:00+05:30,83.2450042291293,2314.95,2213.75,85.17229461669922,1379552,0.0,0.0,ADANIENT.NS,Adani Enterprises Limited,Thermal Coal,Energy,Mr. Gautambhai Shantilal Adani S.Y. B.Com,"Ahmedabad, India",https://www.adanienterprises.com,2308.8,2238.85,2664840298496,77.06275,29.96,0.00059999997,3743.9,2025.0
2011-06-17 00:00:00+05:30,86.10072924150876,2314.95,2213.75,86.36965942382812,1379552,0.0,0.0,ADANIENT.NS,Adani Enterprises Limited,Thermal Coal,Energy,Mr. Gautambhai Shantilal Adani S.Y. B.Com,"Ahmedabad, India",https://www.adanienterprises.com,2308.8,2238.85,2664840298496,77.06275,29.96,0.00059999997,3743.9,2025.0
2011-06-20 00:00:00+05:30,86.19037087335178,2314.95,2213.75,84.60883331298828,1379552,0.0,0.0,ADANIENT.NS,Adani Enterprises Limited,Thermal Coal,Energy,Mr. Gautambhai Shantilal Adani S.Y. B.Com,"Ahmedabad, India",https://www.adanienterprises.com,2308.8,2238.85,2664840298496,77.06275,29.96,0.00059999997,3743.9,2025.0
2011-06-21 00:00:00+05:30,84.53839990292116,2314.95,2213.75,84.87135314941406,1379552,0.0,0.0,ADANIENT.NS,Adani Enterprises Limited,Thermal Coal,Energy,Mr. Gautambhai Shantilal Adani S.Y. B.Com,"Ahmedabad, India",https://www.adanienterprises.com,2308.8,2238.85,2664840298496,77.06275,29.96,0.00059999997,3743.9,2025.0
2011-06-22 00:00:00+05:30,85.74855899611545,2314.95,2213.75,84.56401062011719,1379552,0.0,0.0,ADANIENT.NS,Adani Enterprises Limited,Thermal Coal,Energy,Mr. Gautambhai Shantilal Adani S.Y. B.Com,"Ahmedabad, India",https://www.adanienterprises.com,2308.8,2238.85,2664840298496,77.06275,29.96,0.00059999997,3743.9,2025.0
2011-06-23 00:00:00+05:30,84.58321695058127,2314.95,2213.75,84.39112854003906,1379552,0.0,0.0,ADANIENT.NS,Adani Enterprises Limited,Thermal Coal,Energy,Mr. Gautambhai Shantilal Adani S.Y. B.Com,"Ahmedabad, India",https://www.adanienterprises.com,2308.8,2238.85,2664840298496,77.06275,29.96,0.00059999997,3743.9,2025.0
2011-06-24 00:00:00+05:30,85.58848102092264,2314.95,2213.75,88.60427856445312,1379552,0.0,0.0,ADANIENT.NS,Adani Enterprises Limited,Thermal Coal,Energy,Mr. Gautambhai Shantilal Adani S.Y. B.Com,"Ahmedabad, India",https://www.adanienterprises.com,2308.8,2238.85,2664840298496,77.06275,29.96,0.00059999997,3743.9,2025.0
2011-06-27 00:00:00+05:30,88.61708570458727,2314.95,2213.75,89.69278717041016,1379552,0.0,0.0,ADANIENT.NS,Adani Enterprises Limited,Thermal Coal,Energy,Mr. Gautambhai Shantilal Adani S.Y. B.Com,"Ahmedabad, India",https://www.adanienterprises.com,2308.8,2238.85,2664840298496,77.06275,29.96,0.00059999997,3743.9,2025.0
2011-06-28 00:00:00+05:30,90.12179511910955,2314.95,2213.75,89.59034729003906,1379552,0.0,0.0,ADANIENT.NS,Adani Enterprises Limited,Thermal Coal,Energy,Mr. Gautambhai Shantilal Adani S.Y. B.Com,"Ahmedabad, India",https://www.adanienterprises.com,2308.8,2238.85,2664840298496,77.06275,29.96,0.00059999997,3743.9,2025.0
2011-06-29 00:00:00+05:30,89.51991510328462,2314.95,2213.75,89.47509765625,1379552,0.0,0.0,ADANIENT.NS,Adani Enterprises Limited,Thermal Coal,Energy,Mr. Gautambhai Shantilal Adani S.Y. B.Com,"Ahmedabad, India",https://www.adanienterprises.com,2308.8,2238.85,2664840298496,77.06275,29.96,0.00059999997,3743.9,2025.0
2011-06-30 00:00:00+05:30,89.22538012266503,2314.95,2213.75,91.5496597290039,1379552,0.0,0.0,ADANIENT.NS,Adani Enterprises Limited,Thermal Coal,Energy,Mr. Gautambhai Shantilal Adani S.Y. B.Com,"Ahmedabad, India",https://www.adanienterprises.com,2308.8,2238.85,2664840298496,77.06275,29.96,0.00059999997,3743.9,2025.0
2011-07-01 00:00:00+05:30,93.61142001333832,2314.95,2213.75,89.87208557128906,1379552,0.0,0.0,ADANIENT.NS,Adani Enterprises Limited,Thermal Coal,Energy,Mr. Gautambhai Shantilal Adani S.Y. B.Com,"Ahmedabad, India",https://www.adanienterprises.com,2308.8,2238.85,2664840298496,77.06275,29.96,0.00059999997,3743.9,2025.0
2011-07-04 00:00:00+05:30,90.14740823330334,2314.95,2213.75,90.7300796508789,1379552,0.0,0.0,ADANIENT.NS,Adani Enterprises Limited,Thermal Coal,Energy,Mr. Gautambhai Shantilal Adani S.Y. B.Com,"Ahmedabad, India",https://www.adanienterprises.com,2308.8,2238.85,2664840298496,77.06275,29.96,0.00059999997,3743.9,2025.0
2011-07-05 00:00:00+05:30,91.43440246398464,2314.95,2213.75,89.94251251220703,1379552,0.0,0.0,ADANIENT.NS,Adani Enterprises Limited,Thermal Coal,Energy,Mr. Gautambhai Shantilal Adani S.Y. B.Com,"Ahmedabad, India",https://www.adanienterprises.com,2308.8,2238.85,2664840298496,77.06275,29.96,0.00059999997,3743.9,2025.0
2011-07-06 00:00:00+05:30,90.75569010807187,2314.95,2213.75,89.59034729003906,1379552,0.0,0.0,ADANIENT.NS,Adani Enterprises Limited,Thermal Coal,Energy,Mr. Gautambhai Shantilal Adani S.Y. B.Com,"Ahmedabad, India",https://www.adanienterprises.com,2308.8,2238.85,2664840298496,77.06275,29.96,0.00059999997,3743.9,2025.0
2011-07-07 00:00:00+05:30,88.83479302678272,2314.95,2213.75,91.05662536621094,1379552,0.0,0.0,ADANIENT.NS,Adani Enterprises Limited,Thermal Coal,Energy,Mr. Gautambhai Shantilal Adani S.Y. B.Com,"Ahmedabad, India",https://www.adanienterprises.com,2308.8,2238.85,2664840298496,77.06275,29.96,0.00059999997,3743.9,2025.0
2011-07-08 00:00:00+05:30,90.36510730987793,2314.95,2213.75,90.01934814453125,1379552,0.0,0.0,ADANIENT.NS,Adani Enterprises Limited,Thermal Coal,Energy,Mr. Gautambhai Shantilal Adani S.Y. B.Com,"Ahmedabad, India",https://www.adanienterprises.com,2308.8,2238.85,2664840298496,77.06275,29.96,0.00059999997,3743.9,2025.0
2011-07-11 00:00:00+05:30,90.78129504602461,2314.95,2213.75,91.66490173339844,1379552,0.0,0.0,ADANIENT.NS,Adani Enterprises Limited,Thermal Coal,Energy,Mr. Gautambhai Shantilal Adani S.Y. B.Com,"Ahmedabad, India",https://www.adanienterprises.com,2308.8,2238.85,2664840298496,77.06275,29.96,0.00059999997,3743.9,2025.0
2011-07-12 00:00:00+05:30,91.5624564201977,2314.95,2213.75,90.35869598388672,1379552,0.0,0.0,ADANIENT.NS,Adani Enterprises Limited,Thermal Coal,Energy,Mr. Gautambhai Shantilal Adani S.Y. B.Com,"Ahmedabad, India",https://www.adanienterprises.com,2308.8,2238.85,2664840298496,77.06275,29.96,0.00059999997,3743.9,2025.0
2011-07-13 00:00:00+05:30,90.4163263451888,2314.95,2213.75,90.91575622558594,1379552,0.0,0.0,ADANIENT.NS,Adani Enterprises Limited,Thermal Coal,Energy,Mr. Gautambhai Shantilal Adani S.Y. B.Com,"Ahmedabad, India",https://www.adanienterprises.com,2308.8,2238.85,2664840298496,77.06275,29.96,0.00059999997,3743.9,2025.0
2011-07-14 00:00:00+05:30,91.13987107094223,2314.95,2213.75,91.5496597290039,1379552,0.0,0.0,ADANIENT.NS,Adani Enterprises Limited,Thermal Coal,Energy,Mr. Gautambhai Shantilal Adani S.Y. B.Com,"Ahmedabad, India",https://www.adanienterprises.com,2308.8,2238.85,2664840298496,77.06275,29.96,0.00059999997,3743.9,2025.0
2011-07-15 00:00:00+05:30,91.94663896711717,2314.95,2213.75,91.63929748535156,1379552,0.0,0.0,ADANIENT.NS,Adani Enterprises Limited,Thermal Coal,Energy,Mr. Gautambhai Shantilal Adani S.Y. B.Com,"Ahmedabad, India",https://www.adanienterprises.com,2308.8,2238.85,2664840298496,77.06275,29.96,0.00059999997,3743.9,2025.0
2011-07-18 00:00:00+05:30,92.18354299775095,2314.95,2213.75,91.4856185913086,1379552,0.0,0.0,ADANIENT.NS,Adani Enterprises Limited,Thermal Coal,Energy,Mr. Gautambhai Shantilal Adani S.Y. B.Com,"Ahmedabad, India",https://www.adanienterprises.com,2308.8,2238.85,2664840298496,77.06275,29.96,0.00059999997,3743.9,2025.0
2011-07-19 00:00:00+05:30,91.0502329711428,2314.95,2213.75,93.65624237060547,1379552,0.0,0.0,ADANIENT.NS,Adani Enterprises Limited,Thermal Coal,Energy,Mr. Gautambhai Shantilal Adani S.Y. B.Com,"Ahmedabad, India",https://www.adanienterprises.com,2308.8,2238.85,2664840298496,77.06275,29.96,0.00059999997,3743.9,2025.0
2011-07-20 00:00:00+05:30,94.43738894088659,2314.95,2213.75,93.9443588256836,1379552,0.0,0.0,ADANIENT.NS,Adani Enterprises Limited,Thermal Coal,Energy,Mr. Gautambhai Shantilal Adani S.Y. B.Com,"Ahmedabad, India",https://www.adanienterprises.com,2308.8,2238.85,2664840298496,77.06275,29.96,0.00059999997,3743.9,2025.0
2011-07-21 00:00:00+05:30,93.64983116043685,2314.95,2213.75,92.15153503417969,1379552,0.0,0.0,ADANIENT.NS,Adani Enterprises Limited,Thermal Coal,Energy,Mr. Gautambhai Shantilal Adani S.Y. B.Com,"Ahmedabad, India",https://www.adanienterprises.com,2308.8,2238.85,2664840298496,77.06275,29.96,0.00059999997,3743.9,2025.0
2011-07-22 00:00:00+05:30,92.58693560929042,2314.95,2213.75,94.45020294189453,1379552,0.0,0.0,ADANIENT.NS,Adani Enterprises Limited,Thermal Coal,Energy,Mr. Gautambhai Shantilal Adani S.Y. B.Com,"Ahmedabad, India",https://www.adanienterprises.com,2308.8,2238.85,2664840298496,77.06275,29.96,0.00059999997,3743.9,2025.0
2011-07-25 00:00:00+05:30,93.96996422844789,2314.95,2213.75,96.09574890136719,1379552,0.0,0.0,ADANIENT.NS,Adani Enterprises Limited,Thermal Coal,Energy,Mr. Gautambhai Shantilal Adani S.Y. B.Com,"Ahmedabad, India",https://www.adanienterprises.com,2308.8,2238.85,2664840298496,77.06275,29.96,0.00059999997,3743.9,2025.0
2011-07-26 00:00:00+05:30,96.03814294827242,2314.95,2213.75,97.49161529541016,1379552,0.0,0.0,ADANIENT.NS,Adani Enterprises Limited,Thermal Coal,Energy,Mr. Gautambhai Shantilal Adani S.Y. B.Com,"Ahmedabad, India",https://www.adanienterprises.com,2308.8,2238.85,2664840298496,77.06275,29.96,0.00059999997,3743.9,2025.0
2011-07-27 00:00:00+05:30,97.51722270395358,2314.95,2213.75,97.32513427734375,1379552,0.0,0.0,ADANIENT.NS,Adani Enterprises Limited,Thermal Coal,Energy,Mr. Gautambhai Shantilal Adani S.Y. B.Com,"Ahmedabad, India",https://www.adanienterprises.com,2308.8,2238.85,2664840298496,77.06275,29.96,0.00059999997,3743.9,2025.0
2011-07-28 00:00:00+05:30,97.19708014855466,2314.95,2213.75,95.34661865234375,1379552,0.0,0.0,ADANIENT.NS,Adani Enterprises Limited,Thermal Coal,Energy,Mr. Gautambhai Shantilal Adani S.Y. B.Com,"Ahmedabad, India",https://www.adanienterprises.com,2308.8,2238.85,2664840298496,77.06275,29.96,0.00059999997,3743.9,2025.0
2011-07-29 00:00:00+05:30,93.73946661192653,2314.95,2213.75,74.97876739501953,1379552,0.0,0.0,ADANIENT.NS,Adani Enterprises Limited,Thermal Coal,Energy,Mr. Gautambhai Shantilal Adani S.Y. B.Com,"Ahmedabad, India",https://www.adanienterprises.com,2308.8,2238.85,2664840298496,77.06275,29.96,0.00059999997,3743.9,2025.0
2011-08-01 00:00:00+05:30,77.4759223036904,2314.95,2213.75,81.7210922241211,1379552,0.0,0.0,ADANIENT.NS,Adani Enterprises Limited,Thermal Coal,Energy,Mr. Gautambhai Shantilal Adani S.Y. B.Com,"Ahmedabad, India",https://www.adanienterprises.com,2308.8,2238.85,2664840298496,77.06275,29.96,0.00059999997,3743.9,2025.0
2011-08-02 00:00:00+05:30,84.33992039044243,2314.95,2213.75,85.98548126220703,1379552,0.0,0.0,ADANIENT.NS,Adani Enterprises Limited,Thermal Coal,Energy,Mr. Gautambhai Shantilal Adani S.Y. B.Com,"Ahmedabad, India",https://www.adanienterprises.com,2308.8,2238.85,2664840298496,77.06275,29.96,0.00059999997,3743.9,2025.0
2011-08-03 00:00:00+05:30,85.96920283096868,2314.95,2213.75,85.08985137939453,1379552,1.0,0.0,ADANIENT.NS,Adani Enterprises Limited,Thermal Coal,Energy,Mr. Gautambhai Shantilal Adani S.Y. B.Com,"Ahmedabad, India",https://www.adanienterprises.com,2308.8,2238.85,2664840298496,77.06275,29.96,0.00059999997,3743.9,2025.0
2011-08-04 00:00:00+05:30,84.19111172524023,2314.95,2213.75,85.01226806640625,1379552,0.0,0.0,ADANIENT.NS,Adani Enterprises Limited,Thermal Coal,Energy,Mr. Gautambhai Shantilal Adani S.Y. B.Com,"Ahmedabad, India",https://www.adanienterprises.com,2308.8,2238.85,2664840298496,77.06275,29.96,0.00059999997,3743.9,2025.0
2011-08-05 00:00:00+05:30,84.02300085829273,2314.95,2213.75,80.15645599365234,1379552,0.0,0.0,ADANIENT.NS,Adani Enterprises Limited,Thermal Coal,Energy,Mr. Gautambhai Shantilal Adani S.Y. B.Com,"Ahmedabad, India",https://www.adanienterprises.com,2308.8,2238.85,2664840298496,77.06275,29.96,0.00059999997,3743.9,2025.0
2011-08-08 00:00:00+05:30,79.2706533244999,2314.95,2213.75,79.29651641845703,1379552,0.0,0.0,ADANIENT.NS,Adani Enterprises Limited,Thermal Coal,Energy,Mr. Gautambhai Shantilal Adani S.Y. B.Com,"Ahmedabad, India",https://www.adanienterprises.com,2308.8,2238.85,2664840298496,77.06275,29.96,0.00059999997,3743.9,2025.0
2011-08-09 00:00:00+05:30,77.70593010465224,2314.95,2213.75,77.2597885131836,1379552,0.0,0.0,ADANIENT.NS,Adani Enterprises Limited,Thermal Coal,Energy,Mr. Gautambhai Shantilal Adani S.Y. B.Com,"Ahmedabad, India",https://www.adanienterprises.com,2308.8,2238.85,2664840298496,77.06275,29.96,0.00059999997,3743.9,2025.0
2011-08-10 00:00:00+05:30,78.10681409756151,2314.95,2213.75,77.84172058105469,1379552,0.0,0.0,ADANIENT.NS,Adani Enterprises Limited,Thermal Coal,Energy,Mr. Gautambhai Shantilal Adani S.Y. B.Com,"Ahmedabad, India",https://www.adanienterprises.com,2308.8,2238.85,2664840298496,77.06275,29.96,0.00059999997,3743.9,2025.0
2011-08-11 00:00:00+05:30,77.56368785519798,2314.95,2213.75,73.96224212646484,1379552,0.0,0.0,ADANIENT.NS,Adani Enterprises Limited,Thermal Coal,Energy,Mr. Gautambhai Shantilal Adani S.Y. B.Com,"Ahmedabad, India",https://www.adanienterprises.com,2308.8,2238.85,2664840298496,77.06275,29.96,0.00059999997,3743.9,2025.0
2011-08-12 00:00:00+05:30,75.12606461959156,2314.95,2213.75,73.92989349365234,1379552,0.0,0.0,ADANIENT.NS,Adani Enterprises Limited,Thermal Coal,Energy,Mr. Gautambhai Shantilal Adani S.Y. B.Com,"Ahmedabad, India",https://www.adanienterprises.com,2308.8,2238.85,2664840298496,77.06275,29.96,0.00059999997,3743.9,2025.0
2011-08-16 00:00:00+05:30,75.24892638125952,2314.95,2213.75,72.94063568115234,1379552,0.0,0.0,ADANIENT.NS,Adani Enterprises Limited,Thermal Coal,Energy,Mr. Gautambhai Shantilal Adani S.Y. B.Com,"Ahmedabad, India",https://www.adanienterprises.com,2308.8,2238.85,2664840298496,77.06275,29.96,0.00059999997,3743.9,2025.0
2011-08-17 00:00:00+05:30,72.79838488485713,2314.95,2213.75,72.79191589355469,1379552,0.0,0.0,ADANIENT.NS,Adani Enterprises Limited,Thermal Coal,Energy,Mr. Gautambhai Shantilal Adani S.Y. B.Com,"Ahmedabad, India",https://www.adanienterprises.com,2308.8,2238.85,2664840298496,77.06275,29.96,0.00059999997,3743.9,2025.0
2011-08-18 00:00:00+05:30,73.70359028386117,2314.95,2213.75,72.28112030029297,1379552,0.0,0.0,ADANIENT.NS,Adani Enterprises Limited,Thermal Coal,Energy,Mr. Gautambhai Shantilal Adani S.Y. B.Com,"Ahmedabad, India",https://www.adanienterprises.com,2308.8,2238.85,2664840298496,77.06275,29.96,0.00059999997,3743.9,2025.0
2011-08-19 00:00:00+05:30,70.21853406423406,2314.95,2213.75,68.74433135986328,1379552,0.0,0.0,ADANIENT.NS,Adani Enterprises Limited,Thermal Coal,Energy,Mr. Gautambhai Shantilal Adani S.Y. B.Com,"Ahmedabad, India",https://www.adanienterprises.com,2308.8,2238.85,2664840298496,77.06275,29.96,0.00059999997,3743.9,2025.0
2011-08-22 00:00:00+05:30,68.40164199321256,2314.95,2213.75,69.82411193847656,1379552,0.0,0.0,ADANIENT.NS,Adani Enterprises Limited,Thermal Coal,Energy,Mr. Gautambhai Shantilal Adani S.Y. B.Com,"Ahmedabad, India",https://www.adanienterprises.com,2308.8,2238.85,2664840298496,77.06275,29.96,0.00059999997,3743.9,2025.0
2011-08-23 00:00:00+05:30,70.4707027631094,2314.95,2213.75,69.79825592041016,1379552,0.0,0.0,ADANIENT.NS,Adani Enterprises Limited,Thermal Coal,Energy,Mr. Gautambhai Shantilal Adani S.Y. B.Com,"Ahmedabad, India",https://www.adanienterprises.com,2308.8,2238.85,2664840298496,77.06275,29.96,0.00059999997,3743.9,2025.0
2011-08-24 00:00:00+05:30,69.86939726665672,2314.95,2213.75,68.7184829711914,1379552,0.0,0.0,ADANIENT.NS,Adani Enterprises Limited,Thermal Coal,Energy,Mr. Gautambhai Shantilal Adani S.Y. B.Com,"Ahmedabad, India",https://www.adanienterprises.com,2308.8,2238.85,2664840298496,77.06275,29.96,0.00059999997,3743.9,2025.0
2011-08-25 00:00:00+05:30,69.53962400930672,2314.95,2213.75,68.68614196777344,1379552,0.0,0.0,ADANIENT.NS,Adani Enterprises Limited,Thermal Coal,Energy,Mr. Gautambhai Shantilal Adani S.Y. B.Com,"Ahmedabad, India",https://www.adanienterprises.com,2308.8,2238.85,2664840298496,77.06275,29.96,0.00059999997,3743.9,2025.0
2011-08-26 00:00:00+05:30,69.40385385799948,2314.95,2213.75,67.67748260498047,1379552,0.0,0.0,ADANIENT.NS,Adani Enterprises Limited,Thermal Coal,Energy,Mr. Gautambhai Shantilal Adani S.Y. B.Com,"Ahmedabad, India",https://www.adanienterprises.com,2308.8,2238.85,2664840298496,77.06275,29.96,0.00059999997,3743.9,2025.0
2011-08-29 00:00:00+05:30,69.02883886173436,2314.95,2213.75,69.75946807861328,1379552,0.0,0.0,ADANIENT.NS,Adani Enterprises Limited,Thermal Coal,Energy,Mr. Gautambhai Shantilal Adani S.Y. B.Com,"Ahmedabad, India",https://www.adanienterprises.com,2308.8,2238.85,2664840298496,77.06275,29.96,0.00059999997,3743.9,2025.0
2011-08-30 00:00:00+05:30,70.83278806446067,2314.95,2213.75,68.46630859375,1379552,0.0,0.0,ADANIENT.NS,Adani Enterprises Limited,Thermal Coal,Energy,Mr. Gautambhai Shantilal Adani S.Y. B.Com,"Ahmedabad, India",https://www.adanienterprises.com,2308.8,2238.85,2664840298496,77.06275,29.96,0.00059999997,3743.9,2025.0
2011-09-02 00:00:00+05:30,69.80471296284969,2314.95,2213.75,68.89303588867188,1379552,0.0,0.0,ADANIENT.NS,Adani Enterprises Limited,Thermal Coal,Energy,Mr. Gautambhai Shantilal Adani S.Y. B.Com,"Ahmedabad, India",https://www.adanienterprises.com,2308.8,2238.85,2664840298496,77.06275,29.96,0.00059999997,3743.9,2025.0
2011-09-05 00:00:00+05:30,68.66674997913174,2314.95,2213.75,68.75727081298828,1379552,0.0,0.0,ADANIENT.NS,Adani Enterprises Limited,Thermal Coal,Energy,Mr. Gautambhai Shantilal Adani S.Y. B.Com,"Ahmedabad, India",https://www.adanienterprises.com,2308.8,2238.85,2664840298496,77.06275,29.96,0.00059999997,3743.9,2025.0
2011-09-06 00:00:00+05:30,68.67319918255586,2314.95,2213.75,69.19692993164062,1379552,0.0,0.0,ADANIENT.NS,Adani Enterprises Limited,Thermal Coal,Energy,Mr. Gautambhai Shantilal Adani S.Y. B.Com,"Ahmedabad, India",https://www.adanienterprises.com,2308.8,2238.85,2664840298496,77.06275,29.96,0.00059999997,3743.9,2025.0
2011-09-07 00:00:00+05:30,69.76594751552088,2314.95,2213.75,71.63455963134766,1379552,0.0,0.0,ADANIENT.NS,Adani Enterprises Limited,Thermal Coal,Energy,Mr. Gautambhai Shantilal Adani S.Y. B.Com,"Ahmedabad, India",https://www.adanienterprises.com,2308.8,2238.85,2664840298496,77.06275,29.96,0.00059999997,3743.9,2025.0
2011-09-08 00:00:00+05:30,71.77032038125628,2314.95,2213.75,72.60440826416016,1379552,0.0,0.0,ADANIENT.NS,Adani Enterprises Limited,Thermal Coal,Energy,Mr. Gautambhai Shantilal Adani S.Y. B.Com,"Ahmedabad, India",https://www.adanienterprises.com,2308.8,2238.85,2664840298496,77.06275,29.96,0.00059999997,3743.9,2025.0
2011-09-09 00:00:00+05:30,73.16046935002464,2314.95,2213.75,71.45349884033203,1379552,0.0,0.0,ADANIENT.NS,Adani Enterprises Limited,Thermal Coal,Energy,Mr. Gautambhai Shantilal Adani S.Y. B.Com,"Ahmedabad, India",https://www.adanienterprises.com,2308.8,2238.85,2664840298496,77.06275,29.96,0.00059999997,3743.9,2025.0
2011-09-12 00:00:00+05:30,70.50302990356636,2314.95,2213.75,71.56342315673828,1379552,0.0,0.0,ADANIENT.NS,Adani Enterprises Limited,Thermal Coal,Energy,Mr. Gautambhai Shantilal Adani S.Y. B.Com,"Ahmedabad, India",https://www.adanienterprises.com,2308.8,2238.85,2664840298496,77.06275,29.96,0.00059999997,3743.9,2025.0
2011-09-13 00:00:00+05:30,72.0289524388971,2314.95,2213.75,71.97722625732422,1379552,0.0,0.0,ADANIENT.NS,Adani Enterprises Limited,Thermal Coal,Energy,Mr. Gautambhai Shantilal Adani S.Y. B.Com,"Ahmedabad, India",https://www.adanienterprises.com,2308.8,2238.85,2664840298496,77.06275,29.96,0.00059999997,3743.9,2025.0
2011-09-14 00:00:00+05:30,71.89963242449629,2314.95,2213.75,72.79837799072266,1379552,0.0,0.0,ADANIENT.NS,Adani Enterprises Limited,Thermal Coal,Energy,Mr. Gautambhai Shantilal Adani S.Y. B.Com,"Ahmedabad, India",https://www.adanienterprises.com,2308.8,2238.85,2664840298496,77.06275,29.96,0.00059999997,3743.9,2025.0
2011-09-15 00:00:00+05:30,73.08935377325075,2314.95,2213.75,75.80498504638672,1379552,0.0,0.0,ADANIENT.NS,Adani Enterprises Limited,Thermal Coal,Energy,Mr. Gautambhai Shantilal Adani S.Y. B.Com,"Ahmedabad, India",https://www.adanienterprises.com,2308.8,2238.85,2664840298496,77.06275,29.96,0.00059999997,3743.9,2025.0
2011-09-16 00:00:00+05:30,75.77911437008972,2314.95,2213.75,77.5248794555664,1379552,0.0,0.0,ADANIENT.NS,Adani Enterprises Limited,Thermal Coal,Energy,Mr. Gautambhai Shantilal Adani S.Y. B.Com,"Ahmedabad, India",https://www.adanienterprises.com,2308.8,2238.85,2664840298496,77.06275,29.96,0.00059999997,3743.9,2025.0
2011-09-19 00:00:00+05:30,78.23613075488699,2314.95,2213.75,74.75753784179688,1379552,0.0,0.0,ADANIENT.NS,Adani Enterprises Limited,Thermal Coal,Energy,Mr. Gautambhai Shantilal Adani S.Y. B.Com,"Ahmedabad, India",https://www.adanienterprises.com,2308.8,2238.85,2664840298496,77.06275,29.96,0.00059999997,3743.9,2025.0
2011-09-20 00:00:00+05:30,74.99674974722865,2314.95,2213.75,78.09386444091797,1379552,0.0,0.0,ADANIENT.NS,Adani Enterprises Limited,Thermal Coal,Energy,Mr. Gautambhai Shantilal Adani S.Y. B.Com,"Ahmedabad, India",https://www.adanienterprises.com,2308.8,2238.85,2664840298496,77.06275,29.96,0.00059999997,3743.9,2025.0
2011-09-21 00:00:00+05:30,78.22317789235832,2314.95,2213.75,80.04006958007812,1379552,0.0,0.0,ADANIENT.NS,Adani Enterprises Limited,Thermal Coal,Energy,Mr. Gautambhai Shantilal Adani S.Y. B.Com,"Ahmedabad, India",https://www.adanienterprises.com,2308.8,2238.85,2664840298496,77.06275,29.96,0.00059999997,3743.9,2025.0
2011-09-22 00:00:00+05:30,79.01202285566461,2314.95,2213.75,75.50756072998047,1379552,0.0,0.0,ADANIENT.NS,Adani Enterprises Limited,Thermal Coal,Energy,Mr. Gautambhai Shantilal Adani S.Y. B.Com,"Ahmedabad, India",https://www.adanienterprises.com,2308.8,2238.85,2664840298496,77.06275,29.96,0.00059999997,3743.9,2025.0
2011-09-23 00:00:00+05:30,74.99675022834661,2314.95,2213.75,73.65186309814453,1379552,0.0,0.0,ADANIENT.NS,Adani Enterprises Limited,Thermal Coal,Energy,Mr. Gautambhai Shantilal Adani S.Y. B.Com,"Ahmedabad, India",https://www.adanienterprises.com,2308.8,2238.85,2664840298496,77.06275,29.96,0.00059999997,3743.9,2025.0
2011-09-26 00:00:00+05:30,75.00323017935975,2314.95,2213.75,69.95990753173828,1379552,0.0,0.0,ADANIENT.NS,Adani Enterprises Limited,Thermal Coal,Energy,Mr. Gautambhai Shantilal Adani S.Y. B.Com,"Ahmedabad, India",https://www.adanienterprises.com,2308.8,2238.85,2664840298496,77.06275,29.96,0.00059999997,3743.9,2025.0
2011-09-27 00:00:00+05:30,71.12375222321461,2314.95,2213.75,72.6820068359375,1379552,0.0,0.0,ADANIENT.NS,Adani Enterprises Limited,Thermal Coal,Energy,Mr. Gautambhai Shantilal Adani S.Y. B.Com,"Ahmedabad, India",https://www.adanienterprises.com,2308.8,2238.85,2664840298496,77.06275,29.96,0.00059999997,3743.9,2025.0
2011-09-28 00:00:00+05:30,73.49669838903634,2314.95,2213.75,70.06983184814453,1379552,0.0,0.0,ADANIENT.NS,Adani Enterprises Limited,Thermal Coal,Energy,Mr. Gautambhai Shantilal Adani S.Y. B.Com,"Ahmedabad, India",https://www.adanienterprises.com,2308.8,2238.85,2664840298496,77.06275,29.96,0.00059999997,3743.9,2025.0
2011-09-29 00:00:00+05:30,70.21852878905284,2314.95,2213.75,69.53961944580078,1379552,0.0,0.0,ADANIENT.NS,Adani Enterprises Limited,Thermal Coal,Energy,Mr. Gautambhai Shantilal Adani S.Y. B.Com,"Ahmedabad, India",https://www.adanienterprises.com,2308.8,2238.85,2664840298496,77.06275,29.96,0.00059999997,3743.9,2025.0
2011-09-30 00:00:00+05:30,70.91036860447417,2314.95,2213.75,68.13007354736328,1379552,0.0,0.0,ADANIENT.NS,Adani Enterprises Limited,Thermal Coal,Energy,Mr. Gautambhai Shantilal Adani S.Y. B.Com,"Ahmedabad, India",https://www.adanienterprises.com,2308.8,2238.85,2664840298496,77.06275,29.96,0.00059999997,3743.9,2025.0
2011-10-03 00:00:00+05:30,67.44470320287574,2314.95,2213.75,65.39505004882812,1379552,0.0,0.0,ADANIENT.NS,Adani Enterprises Limited,Thermal Coal,Energy,Mr. Gautambhai Shantilal Adani S.Y. B.Com,"Ahmedabad, India",https://www.adanienterprises.com,2308.8,2238.85,2664840298496,77.06275,29.96,0.00059999997,3743.9,2025.0
2011-10-04 00:00:00+05:30,65.82178223442862,2314.95,2213.75,62.45956802368164,1379552,0.0,0.0,ADANIENT.NS,Adani Enterprises Limited,Thermal Coal,Energy,Mr. Gautambhai Shantilal Adani S.Y. B.Com,"Ahmedabad, India",https://www.adanienterprises.com,2308.8,2238.85,2664840298496,77.06275,29.96,0.00059999997,3743.9,2025.0
2011-10-05 00:00:00+05:30,62.73760900870245,2314.95,2213.75,60.830196380615234,1379552,0.0,0.0,ADANIENT.NS,Adani Enterprises Limited,Thermal Coal,Energy,Mr. Gautambhai Shantilal Adani S.Y. B.Com,"Ahmedabad, India",https://www.adanienterprises.com,2308.8,2238.85,2664840298496,77.06275,29.96,0.00059999997,3743.9,2025.0
2011-10-07 00:00:00+05:30,62.71176114541857,2314.95,2213.75,59.73102951049805,1379552,0.0,0.0,ADANIENT.NS,Adani Enterprises Limited,Thermal Coal,Energy,Mr. Gautambhai Shantilal Adani S.Y. B.Com,"Ahmedabad, India",https://www.adanienterprises.com,2308.8,2238.85,2664840298496,77.06275,29.96,0.00059999997,3743.9,2025.0
2011-10-10 00:00:00+05:30,60.125418952493355,2314.95,2213.75,59.53703689575195,1379552,0.0,0.0,ADANIENT.NS,Adani Enterprises Limited,Thermal Coal,Energy,Mr. Gautambhai Shantilal Adani S.Y. B.Com,"Ahmedabad, India",https://www.adanienterprises.com,2308.8,2238.85,2664840298496,77.06275,29.96,0.00059999997,3743.9,2025.0
2011-10-11 00:00:00+05:30,60.720290633263765,2314.95,2213.75,59.32367706298828,1379552,0.0,0.0,ADANIENT.NS,Adani Enterprises Limited,Thermal Coal,Energy,Mr. Gautambhai Shantilal Adani S.Y. B.Com,"Ahmedabad, India",https://www.adanienterprises.com,2308.8,2238.85,2664840298496,77.06275,29.96,0.00059999997,3743.9,2025.0
2011-10-12 00:00:00+05:30,59.61463428941963,2314.95,2213.75,60.093101501464844,1379552,0.0,0.0,ADANIENT.NS,Adani Enterprises Limited,Thermal Coal,Energy,Mr. Gautambhai Shantilal Adani S.Y. B.Com,"Ahmedabad, India",https://www.adanienterprises.com,2308.8,2238.85,2664840298496,77.06275,29.96,0.00059999997,3743.9,2025.0
2011-10-13 00:00:00+05:30,60.27414305415209,2314.95,2213.75,60.772010803222656,1379552,0.0,0.0,ADANIENT.NS,Adani Enterprises Limited,Thermal Coal,Energy,Mr. Gautambhai Shantilal Adani S.Y. B.Com,"Ahmedabad, India",https://www.adanienterprises.com,2308.8,2238.85,2664840298496,77.06275,29.96,0.00059999997,3743.9,2025.0
2011-10-14 00:00:00+05:30,61.15996690200412,2314.95,2213.75,60.894866943359375,1379552,0.0,0.0,ADANIENT.NS,Adani Enterprises Limited,Thermal Coal,Energy,Mr. Gautambhai Shantilal Adani S.Y. B.Com,"Ahmedabad, India",https://www.adanienterprises.com,2308.8,2238.85,2664840298496,77.06275,29.96,0.00059999997,3743.9,2025.0
2011-10-17 00:00:00+05:30,61.282811866768945,2314.95,2213.75,60.28708267211914,1379552,0.0,0.0,ADANIENT.NS,Adani Enterprises Limited,Thermal Coal,Energy,Mr. Gautambhai Shantilal Adani S.Y. B.Com,"Ahmedabad, India",https://www.adanienterprises.com,2308.8,2238.85,2664840298496,77.06275,29.96,0.00059999997,3743.9,2025.0
2011-10-18 00:00:00+05:30,59.22668291025001,2314.95,2213.75,59.627567291259766,1379552,0.0,0.0,ADANIENT.NS,Adani Enterprises Limited,Thermal Coal,Energy,Mr. Gautambhai Shantilal Adani S.Y. B.Com,"Ahmedabad, India",https://www.adanienterprises.com,2308.8,2238.85,2664840298496,77.06275,29.96,0.00059999997,3743.9,2025.0
2011-10-19 00:00:00+05:30,59.892656710795734,2314.95,2213.75,61.18581771850586,1379552,0.0,0.0,ADANIENT.NS,Adani Enterprises Limited,Thermal Coal,Energy,Mr. Gautambhai Shantilal Adani S.Y. B.Com,"Ahmedabad, India",https://www.adanienterprises.com,2308.8,2238.85,2664840298496,77.06275,29.96,0.00059999997,3743.9,2025.0
2011-10-20 00:00:00+05:30,60.77846827308958,2314.95,2213.75,60.20948028564453,1379552,0.0,0.0,ADANIENT.NS,Adani Enterprises Limited,Thermal Coal,Energy,Mr. Gautambhai Shantilal Adani S.Y. B.Com,"Ahmedabad, India",https://www.adanienterprises.com,2308.8,2238.85,2664840298496,77.06275,29.96,0.00059999997,3743.9,2025.0
2011-10-21 00:00:00+05:30,61.2892570584142,2314.95,2213.75,59.763328552246094,1379552,0.0,0.0,ADANIENT.NS,Adani Enterprises Limited,Thermal Coal,Energy,Mr. Gautambhai Shantilal Adani S.Y. B.Com,"Ahmedabad, India",https://www.adanienterprises.com,2308.8,2238.85,2664840298496,77.06275,29.96,0.00059999997,3743.9,2025.0
2011-10-24 00:00:00+05:30,60.26768259821963,2314.95,2213.75,59.6211051940918,1379552,0.0,0.0,ADANIENT.NS,Adani Enterprises Limited,Thermal Coal,Energy,Mr. Gautambhai Shantilal Adani S.Y. B.Com,"Ahmedabad, India",https://www.adanienterprises.com,2308.8,2238.85,2664840298496,77.06275,29.96,0.00059999997,3743.9,2025.0
2011-10-25 00:00:00+05:30,60.09310778588678,2314.95,2213.75,59.54997634887695,1379552,0.0,0.0,ADANIENT.NS,Adani Enterprises Limited,Thermal Coal,Energy,Mr. Gautambhai Shantilal Adani S.Y. B.Com,"Ahmedabad, India",https://www.adanienterprises.com,2308.8,2238.85,2664840298496,77.06275,29.96,0.00059999997,3743.9,2025.0
2011-10-28 00:00:00+05:30,61.282803871807204,2314.95,2213.75,62.026371002197266,1379552,0.0,0.0,ADANIENT.NS,Adani Enterprises Limited,Thermal Coal,Energy,Mr. Gautambhai Shantilal Adani S.Y. B.Com,"Ahmedabad, India",https://www.adanienterprises.com,2308.8,2238.85,2664840298496,77.06275,29.96,0.00059999997,3743.9,2025.0
2011-10-31 00:00:00+05:30,62.44017876331667,2314.95,2213.75,61.80006408691406,1379552,0.0,0.0,ADANIENT.NS,Adani Enterprises Limited,Thermal Coal,Energy,Mr. Gautambhai Shantilal Adani S.Y. B.Com,"Ahmedabad, India",https://www.adanienterprises.com,2308.8,2238.85,2664840298496,77.06275,29.96,0.00059999997,3743.9,2025.0
2011-11-01 00:00:00+05:30,61.03710127193495,2314.95,2213.75,59.95085144042969,1379552,0.0,0.0,ADANIENT.NS,Adani Enterprises Limited,Thermal Coal,Energy,Mr. Gautambhai Shantilal Adani S.Y. B.Com,"Ahmedabad, India",https://www.adanienterprises.com,2308.8,2238.85,2664840298496,77.06275,29.96,0.00059999997,3743.9,2025.0
2011-11-02 00:00:00+05:30,59.103830984890045,2314.95,2213.75,59.93144989013672,1379552,0.0,0.0,ADANIENT.NS,Adani Enterprises Limited,Thermal Coal,Energy,Mr. Gautambhai Shantilal Adani S.Y. B.Com,"Ahmedabad, India",https://www.adanienterprises.com,2308.8,2238.85,2664840298496,77.06275,29.96,0.00059999997,3743.9,2025.0
2011-11-03 00:00:00+05:30,60.0995708089127,2314.95,2213.75,59.87327194213867,1379552,0.0,0.0,ADANIENT.NS,Adani Enterprises Limited,Thermal Coal,Energy,Mr. Gautambhai Shantilal Adani S.Y. B.Com,"Ahmedabad, India",https://www.adanienterprises.com,2308.8,2238.85,2664840298496,77.06275,29.96,0.00059999997,3743.9,2025.0
2011-11-04 00:00:00+05:30,60.66855102454042,2314.95,2213.75,59.776268005371094,1379552,0.0,0.0,ADANIENT.NS,Adani Enterprises Limited,Thermal Coal,Energy,Mr. Gautambhai Shantilal Adani S.Y. B.Com,"Ahmedabad, India",https://www.adanienterprises.com,2308.8,2238.85,2664840298496,77.06275,29.96,0.00059999997,3743.9,2025.0
2011-11-08 00:00:00+05:30,60.10602561290846,2314.95,2213.75,59.776268005371094,1379552,0.0,0.0,ADANIENT.NS,Adani Enterprises Limited,Thermal Coal,Energy,Mr. Gautambhai Shantilal Adani S.Y. B.Com,"Ahmedabad, India",https://www.adanienterprises.com,2308.8,2238.85,2664840298496,77.06275,29.96,0.00059999997,3743.9,2025.0
2011-11-09 00:00:00+05:30,59.76981217553952,2314.95,2213.75,59.55643844604492,1379552,0.0,0.0,ADANIENT.NS,Adani Enterprises Limited,Thermal Coal,Energy,Mr. Gautambhai Shantilal Adani S.Y. B.Com,"Ahmedabad, India",https://www.adanienterprises.com,2308.8,2238.85,2664840298496,77.06275,29.96,0.00059999997,3743.9,2025.0
2011-11-11 00:00:00+05:30,59.40124781094922,2314.95,2213.75,59.34952163696289,1379552,0.0,0.0,ADANIENT.NS,Adani Enterprises Limited,Thermal Coal,Energy,Mr. Gautambhai Shantilal Adani S.Y. B.Com,"Ahmedabad, India",https://www.adanienterprises.com,2308.8,2238.85,2664840298496,77.06275,29.96,0.00059999997,3743.9,2025.0
2011-11-14 00:00:00+05:30,60.08016888041575,2314.95,2213.75,59.03270721435547,1379552,0.0,0.0,ADANIENT.NS,Adani Enterprises Limited,Thermal Coal,Energy,Mr. Gautambhai Shantilal Adani S.Y. B.Com,"Ahmedabad, India",https://www.adanienterprises.com,2308.8,2238.85,2664840298496,77.06275,29.96,0.00059999997,3743.9,2025.0
2011-11-15 00:00:00+05:30,59.34306383863906,2314.95,2213.75,53.31694412231445,1379552,0.0,0.0,ADANIENT.NS,Adani Enterprises Limited,Thermal Coal,Energy,Mr. Gautambhai Shantilal Adani S.Y. B.Com,"Ahmedabad, India",https://www.adanienterprises.com,2308.8,2238.85,2664840298496,77.06275,29.96,0.00059999997,3743.9,2025.0
2011-11-16 00:00:00+05:30,52.76088526188915,2314.95,2213.75,49.5667839050293,1379552,0.0,0.0,ADANIENT.NS,Adani Enterprises Limited,Thermal Coal,Energy,Mr. Gautambhai Shantilal Adani S.Y. B.Com,"Ahmedabad, India",https://www.adanienterprises.com,2308.8,2238.85,2664840298496,77.06275,29.96,0.00059999997,3743.9,2025.0
2011-11-17 00:00:00+05:30,50.56251310360575,2314.95,2213.75,45.461002349853516,1379552,0.0,0.0,ADANIENT.NS,Adani Enterprises Limited,Thermal Coal,Energy,Mr. Gautambhai Shantilal Adani S.Y. B.Com,"Ahmedabad, India",https://www.adanienterprises.com,2308.8,2238.85,2664840298496,77.06275,29.96,0.00059999997,3743.9,2025.0
2011-11-18 00:00:00+05:30,47.20030539650021,2314.95,2213.75,43.372554779052734,1379552,0.0,0.0,ADANIENT.NS,Adani Enterprises Limited,Thermal Coal,Energy,Mr. Gautambhai Shantilal Adani S.Y. B.Com,"Ahmedabad, India",https://www.adanienterprises.com,2308.8,2238.85,2664840298496,77.06275,29.96,0.00059999997,3743.9,2025.0
2011-11-21 00:00:00+05:30,42.80356157949344,2314.95,2213.75,40.346561431884766,1379552,0.0,0.0,ADANIENT.NS,Adani Enterprises Limited,Thermal Coal,Energy,Mr. Gautambhai Shantilal Adani S.Y. B.Com,"Ahmedabad, India",https://www.adanienterprises.com,2308.8,2238.85,2664840298496,77.06275,29.96,0.00059999997,3743.9,2025.0
2011-11-22 00:00:00+05:30,40.087922863911466,2314.95,2213.75,40.66984558105469,1379552,0.0,0.0,ADANIENT.NS,Adani Enterprises Limited,Thermal Coal,Energy,Mr. Gautambhai Shantilal Adani S.Y. B.Com,"Ahmedabad, India",https://www.adanienterprises.com,2308.8,2238.85,2664840298496,77.06275,29.96,0.00059999997,3743.9,2025.0
2011-11-23 00:00:00+05:30,40.08792163327535,2314.95,2213.75,38.225772857666016,1379552,0.0,0.0,ADANIENT.NS,Adani Enterprises Limited,Thermal Coal,Energy,Mr. Gautambhai Shantilal Adani S.Y. B.Com,"Ahmedabad, India",https://www.adanienterprises.com,2308.8,2238.85,2664840298496,77.06275,29.96,0.00059999997,3743.9,2025.0
2011-11-24 00:00:00+05:30,37.727909747090244,2314.95,2213.75,41.03192901611328,1379552,0.0,0.0,ADANIENT.NS,Adani Enterprises Limited,Thermal Coal,Energy,Mr. Gautambhai Shantilal Adani S.Y. B.Com,"Ahmedabad, India",https://www.adanienterprises.com,2308.8,2238.85,2664840298496,77.06275,29.96,0.00059999997,3743.9,2025.0
2011-11-25 00:00:00+05:30,42.54493330598746,2314.95,2213.75,41.50394058227539,1379552,0.0,0.0,ADANIENT.NS,Adani Enterprises Limited,Thermal Coal,Energy,Mr. Gautambhai Shantilal Adani S.Y. B.Com,"Ahmedabad, India",https://www.adanienterprises.com,2308.8,2238.85,2664840298496,77.06275,29.96,0.00059999997,3743.9,2025.0
2011-11-28 00:00:00+05:30,42.10525436032353,2314.95,2213.75,41.06425857543945,1379552,0.0,0.0,ADANIENT.NS,Adani Enterprises Limited,Thermal Coal,Energy,Mr. Gautambhai Shantilal Adani S.Y. B.Com,"Ahmedabad, India",https://www.adanienterprises.com,2308.8,2238.85,2664840298496,77.06275,29.96,0.00059999997,3743.9,2025.0
2011-11-29 00:00:00+05:30,41.38109332702409,2314.95,2213.75,39.53187561035156,1379552,0.0,0.0,ADANIENT.NS,Adani Enterprises Limited,Thermal Coal,Energy,Mr. Gautambhai Shantilal Adani S.Y. B.Com,"Ahmedabad, India",https://www.adanienterprises.com,2308.8,2238.85,2664840298496,77.06275,29.96,0.00059999997,3743.9,2025.0
2011-11-30 00:00:00+05:30,39.312027347911055,2314.95,2213.75,38.975807189941406,1379552,0.0,0.0,ADANIENT.NS,Adani Enterprises Limited,Thermal Coal,Energy,Mr. Gautambhai Shantilal Adani S.Y. B.Com,"Ahmedabad, India",https://www.adanienterprises.com,2308.8,2238.85,2664840298496,77.06275,29.96,0.00059999997,3743.9,2025.0
2011-12-01 00:00:00+05:30,40.21724152497948,2314.95,2213.75,39.990936279296875,1379552,0.0,0.0,ADANIENT.NS,Adani Enterprises Limited,Thermal Coal,Energy,Mr. Gautambhai Shantilal Adani S.Y. B.Com,"Ahmedabad, India",https://www.adanienterprises.com,2308.8,2238.85,2664840298496,77.06275,29.96,0.00059999997,3743.9,2025.0
2011-12-02 00:00:00+05:30,40.68925065265462,2314.95,2213.75,43.79929733276367,1379552,0.0,0.0,ADANIENT.NS,Adani Enterprises Limited,Thermal Coal,Energy,Mr. Gautambhai Shantilal Adani S.Y. B.Com,"Ahmedabad, India",https://www.adanienterprises.com,2308.8,2238.85,2664840298496,77.06275,29.96,0.00059999997,3743.9,2025.0
2011-12-05 00:00:00+05:30,43.773433567810386,2314.95,2213.75,44.45234298706055,1379552,0.0,0.0,ADANIENT.NS,Adani Enterprises Limited,Thermal Coal,Energy,Mr. Gautambhai Shantilal Adani S.Y. B.Com,"Ahmedabad, India",https://www.adanienterprises.com,2308.8,2238.85,2664840298496,77.06275,29.96,0.00059999997,3743.9,2025.0
2011-12-07 00:00:00+05:30,44.484667875860566,2314.95,2213.75,44.09025573730469,1379552,0.0,0.0,ADANIENT.NS,Adani Enterprises Limited,Thermal Coal,Energy,Mr. Gautambhai Shantilal Adani S.Y. B.Com,"Ahmedabad, India",https://www.adanienterprises.com,2308.8,2238.85,2664840298496,77.06275,29.96,0.00059999997,3743.9,2025.0
2011-12-08 00:00:00+05:30,44.10319256191543,2314.95,2213.75,43.29496765136719,1379552,0.0,0.0,ADANIENT.NS,Adani Enterprises Limited,Thermal Coal,Energy,Mr. Gautambhai Shantilal Adani S.Y. B.Com,"Ahmedabad, India",https://www.adanienterprises.com,2308.8,2238.85,2664840298496,77.06275,29.96,0.00059999997,3743.9,2025.0
2011-12-09 00:00:00+05:30,42.60958982932056,2314.95,2213.75,41.98240661621094,1379552,0.0,0.0,ADANIENT.NS,Adani Enterprises Limited,Thermal Coal,Energy,Mr. Gautambhai Shantilal Adani S.Y. B.Com,"Ahmedabad, India",https://www.adanienterprises.com,2308.8,2238.85,2664840298496,77.06275,29.96,0.00059999997,3743.9,2025.0
2011-12-12 00:00:00+05:30,42.195781024078975,2314.95,2213.75,40.618125915527344,1379552,0.0,0.0,ADANIENT.NS,Adani Enterprises Limited,Thermal Coal,Energy,Mr. Gautambhai Shantilal Adani S.Y. B.Com,"Ahmedabad, India",https://www.adanienterprises.com,2308.8,2238.85,2664840298496,77.06275,29.96,0.00059999997,3743.9,2025.0
2011-12-13 00:00:00+05:30,40.20430726311345,2314.95,2213.75,41.5491943359375,1379552,0.0,0.0,ADANIENT.NS,Adani Enterprises Limited,Thermal Coal,Energy,Mr. Gautambhai Shantilal Adani S.Y. B.Com,"Ahmedabad, India",https://www.adanienterprises.com,2308.8,2238.85,2664840298496,77.06275,29.96,0.00059999997,3743.9,2025.0
2011-12-14 00:00:00+05:30,41.54919998409906,2314.95,2213.75,40.7733039855957,1379552,0.0,0.0,ADANIENT.NS,Adani Enterprises Limited,Thermal Coal,Energy,Mr. Gautambhai Shantilal Adani S.Y. B.Com,"Ahmedabad, India",https://www.adanienterprises.com,2308.8,2238.85,2664840298496,77.06275,29.96,0.00059999997,3743.9,2025.0
2011-12-15 00:00:00+05:30,40.21725297949467,2314.95,2213.75,40.67632293701172,1379552,0.0,0.0,ADANIENT.NS,Adani Enterprises Limited,Thermal Coal,Energy,Mr. Gautambhai Shantilal Adani S.Y. B.Com,"Ahmedabad, India",https://www.adanienterprises.com,2308.8,2238.85,2664840298496,77.06275,29.96,0.00059999997,3743.9,2025.0
2011-12-16 00:00:00+05:30,40.86382355710165,2314.95,2213.75,40.715110778808594,1379552,0.0,0.0,ADANIENT.NS,Adani Enterprises Limited,Thermal Coal,Energy,Mr. Gautambhai Shantilal Adani S.Y. B.Com,"Ahmedabad, India",https://www.adanienterprises.com,2308.8,2238.85,2664840298496,77.06275,29.96,0.00059999997,3743.9,2025.0
2011-12-19 00:00:00+05:30,40.21724208640664,2314.95,2213.75,40.01679992675781,1379552,0.0,0.0,ADANIENT.NS,Adani Enterprises Limited,Thermal Coal,Energy,Mr. Gautambhai Shantilal Adani S.Y. B.Com,"Ahmedabad, India",https://www.adanienterprises.com,2308.8,2238.85,2664840298496,77.06275,29.96,0.00059999997,3743.9,2025.0
2011-12-20 00:00:00+05:30,40.06853549056427,2314.95,2213.75,39.919822692871094,1379552,0.0,0.0,ADANIENT.NS,Adani Enterprises Limited,Thermal Coal,Energy,Mr. Gautambhai Shantilal Adani S.Y. B.Com,"Ahmedabad, India",https://www.adanienterprises.com,2308.8,2238.85,2664840298496,77.06275,29.96,0.00059999997,3743.9,2025.0
2011-12-21 00:00:00+05:30,40.34656496983184,2314.95,2213.75,40.33363342285156,1379552,0.0,0.0,ADANIENT.NS,Adani Enterprises Limited,Thermal Coal,Energy,Mr. Gautambhai Shantilal Adani S.Y. B.Com,"Ahmedabad, India",https://www.adanienterprises.com,2308.8,2238.85,2664840298496,77.06275,29.96,0.00059999997,3743.9,2025.0
2011-12-22 00:00:00+05:30,40.2107829355682,2314.95,2213.75,40.268978118896484,1379552,0.0,0.0,ADANIENT.NS,Adani Enterprises Limited,Thermal Coal,Energy,Mr. Gautambhai Shantilal Adani S.Y. B.Com,"Ahmedabad, India",https://www.adanienterprises.com,2308.8,2238.85,2664840298496,77.06275,29.96,0.00059999997,3743.9,2025.0
2011-12-23 00:00:00+05:30,40.437081590518005,2314.95,2213.75,41.52980041503906,1379552,0.0,0.0,ADANIENT.NS,Adani Enterprises Limited,Thermal Coal,Energy,Mr. Gautambhai Shantilal Adani S.Y. B.Com,"Ahmedabad, India",https://www.adanienterprises.com,2308.8,2238.85,2664840298496,77.06275,29.96,0.00059999997,3743.9,2025.0
2011-12-26 00:00:00+05:30,41.814293529814705,2314.95,2213.75,42.16991424560547,1379552,0.0,0.0,ADANIENT.NS,Adani Enterprises Limited,Thermal Coal,Energy,Mr. Gautambhai Shantilal Adani S.Y. B.Com,"Ahmedabad, India",https://www.adanienterprises.com,2308.8,2238.85,2664840298496,77.06275,29.96,0.00059999997,3743.9,2025.0
2011-12-27 00:00:00+05:30,42.266903570601315,2314.95,2213.75,41.61385726928711,1379552,0.0,0.0,ADANIENT.NS,Adani Enterprises Limited,Thermal Coal,Energy,Mr. Gautambhai Shantilal Adani S.Y. B.Com,"Ahmedabad, India",https://www.adanienterprises.com,2308.8,2238.85,2664840298496,77.06275,29.96,0.00059999997,3743.9,2025.0
2011-12-28 00:00:00+05:30,40.97374042227177,2314.95,2213.75,42.047061920166016,1379552,0.0,0.0,ADANIENT.NS,Adani Enterprises Limited,Thermal Coal,Energy,Mr. Gautambhai Shantilal Adani S.Y. B.Com,"Ahmedabad, India",https://www.adanienterprises.com,2308.8,2238.85,2664840298496,77.06275,29.96,0.00059999997,3743.9,2025.0
2011-12-29 00:00:00+05:30,42.247504026906356,2314.95,2213.75,40.47587585449219,1379552,0.0,0.0,ADANIENT.NS,Adani Enterprises Limited,Thermal Coal,Energy,Mr. Gautambhai Shantilal Adani S.Y. B.Com,"Ahmedabad, India",https://www.adanienterprises.com,2308.8,2238.85,2664840298496,77.06275,29.96,0.00059999997,3743.9,2025.0
2011-12-30 00:00:00+05:30,40.15258957424665,2314.95,2213.75,37.9671516418457,1379552,0.0,0.0,ADANIENT.NS,Adani Enterprises Limited,Thermal Coal,Energy,Mr. Gautambhai Shantilal Adani S.Y. B.Com,"Ahmedabad, India",https://www.adanienterprises.com,2308.8,2238.85,2664840298496,77.06275,29.96,0.00059999997,3743.9,2025.0
2012-01-02 00:00:00+05:30,37.88955948029996,2314.95,2213.75,37.32703399658203,1379552,0.0,0.0,ADANIENT.NS,Adani Enterprises Limited,Thermal Coal,Energy,Mr. Gautambhai Shantilal Adani S.Y. B.Com,"Ahmedabad, India",https://www.adanienterprises.com,2308.8,2238.85,2664840298496,77.06275,29.96,0.00059999997,3743.9,2025.0
2012-01-03 00:00:00+05:30,37.501605601074964,2314.95,2213.75,37.15891647338867,1379552,0.0,0.0,ADANIENT.NS,Adani Enterprises Limited,Thermal Coal,Energy,Mr. Gautambhai Shantilal Adani S.Y. B.Com,"Ahmedabad, India",https://www.adanienterprises.com,2308.8,2238.85,2664840298496,77.06275,29.96,0.00059999997,3743.9,2025.0
2012-01-04 00:00:00+05:30,37.15892077383679,2314.95,2213.75,35.969215393066406,1379552,0.0,0.0,ADANIENT.NS,Adani Enterprises Limited,Thermal Coal,Energy,Mr. Gautambhai Shantilal Adani S.Y. B.Com,"Ahmedabad, India",https://www.adanienterprises.com,2308.8,2238.85,2664840298496,77.06275,29.96,0.00059999997,3743.9,2025.0
2012-01-05 00:00:00+05:30,35.704121778555184,2314.95,2213.75,34.540279388427734,1379552,0.0,0.0,ADANIENT.NS,Adani Enterprises Limited,Thermal Coal,Energy,Mr. Gautambhai Shantilal Adani S.Y. B.Com,"Ahmedabad, India",https://www.adanienterprises.com,2308.8,2238.85,2664840298496,77.06275,29.96,0.00059999997,3743.9,2025.0
2012-01-06 00:00:00+05:30,34.01008297257172,2314.95,2213.75,34.727787017822266,1379552,0.0,0.0,ADANIENT.NS,Adani Enterprises Limited,Thermal Coal,Energy,Mr. Gautambhai Shantilal Adani S.Y. B.Com,"Ahmedabad, India",https://www.adanienterprises.com,2308.8,2238.85,2664840298496,77.06275,29.96,0.00059999997,3743.9,2025.0
2012-01-09 00:00:00+05:30,34.83124053449791,2314.95,2213.75,34.63079833984375,1379552,0.0,0.0,ADANIENT.NS,Adani Enterprises Limited,Thermal Coal,Energy,Mr. Gautambhai Shantilal Adani S.Y. B.Com,"Ahmedabad, India",https://www.adanienterprises.com,2308.8,2238.85,2664840298496,77.06275,29.96,0.00059999997,3743.9,2025.0
2012-01-10 00:00:00+05:30,34.74717374246812,2314.95,2213.75,36.64165115356445,1379552,0.0,0.0,ADANIENT.NS,Adani Enterprises Limited,Thermal Coal,Energy,Mr. Gautambhai Shantilal Adani S.Y. B.Com,"Ahmedabad, India",https://www.adanienterprises.com,2308.8,2238.85,2664840298496,77.06275,29.96,0.00059999997,3743.9,2025.0
2012-01-11 00:00:00+05:30,36.71924807492904,2314.95,2213.75,40.60519027709961,1379552,0.0,0.0,ADANIENT.NS,Adani Enterprises Limited,Thermal Coal,Energy,Mr. Gautambhai Shantilal Adani S.Y. B.Com,"Ahmedabad, India",https://www.adanienterprises.com,2308.8,2238.85,2664840298496,77.06275,29.96,0.00059999997,3743.9,2025.0
2012-01-12 00:00:00+05:30,40.566397046863266,2314.95,2213.75,41.52980041503906,1379552,0.0,0.0,ADANIENT.NS,Adani Enterprises Limited,Thermal Coal,Energy,Mr. Gautambhai Shantilal Adani S.Y. B.Com,"Ahmedabad, India",https://www.adanienterprises.com,2308.8,2238.85,2664840298496,77.06275,29.96,0.00059999997,3743.9,2025.0
2012-01-13 00:00:00+05:30,41.27116355331432,2314.95,2213.75,41.756099700927734,1379552,0.0,0.0,ADANIENT.NS,Adani Enterprises Limited,Thermal Coal,Energy,Mr. Gautambhai Shantilal Adani S.Y. B.Com,"Ahmedabad, India",https://www.adanienterprises.com,2308.8,2238.85,2664840298496,77.06275,29.96,0.00059999997,3743.9,2025.0
2012-01-16 00:00:00+05:30,41.63971959895147,2314.95,2213.75,45.907142639160156,1379552,0.0,0.0,ADANIENT.NS,Adani Enterprises Limited,Thermal Coal,Energy,Mr. Gautambhai Shantilal Adani S.Y. B.Com,"Ahmedabad, India",https://www.adanienterprises.com,2308.8,2238.85,2664840298496,77.06275,29.96,0.00059999997,3743.9,2025.0
2012-01-17 00:00:00+05:30,46.41147666075326,2314.95,2213.75,48.15724182128906,1379552,0.0,0.0,ADANIENT.NS,Adani Enterprises Limited,Thermal Coal,Energy,Mr. Gautambhai Shantilal Adani S.Y. B.Com,"Ahmedabad, India",https://www.adanienterprises.com,2308.8,2238.85,2664840298496,77.06275,29.96,0.00059999997,3743.9,2025.0
2012-01-18 00:00:00+05:30,48.364141574370066,2314.95,2213.75,51.70695877075195,1379552,0.0,0.0,ADANIENT.NS,Adani Enterprises Limited,Thermal Coal,Energy,Mr. Gautambhai Shantilal Adani S.Y. B.Com,"Ahmedabad, India",https://www.adanienterprises.com,2308.8,2238.85,2664840298496,77.06275,29.96,0.00059999997,3743.9,2025.0
2012-01-19 00:00:00+05:30,52.987190272785874,2314.95,2213.75,56.963653564453125,1379552,0.0,0.0,ADANIENT.NS,Adani Enterprises Limited,Thermal Coal,Energy,Mr. Gautambhai Shantilal Adani S.Y. B.Com,"Ahmedabad, India",https://www.adanienterprises.com,2308.8,2238.85,2664840298496,77.06275,29.96,0.00059999997,3743.9,2025.0
2012-01-20 00:00:00+05:30,57.54556879475045,2314.95,2213.75,52.47638702392578,1379552,0.0,0.0,ADANIENT.NS,Adani Enterprises Limited,Thermal Coal,Energy,Mr. Gautambhai Shantilal Adani S.Y. B.Com,"Ahmedabad, India",https://www.adanienterprises.com,2308.8,2238.85,2664840298496,77.06275,29.96,0.00059999997,3743.9,2025.0
2012-01-23 00:00:00+05:30,51.72636261042216,2314.95,2213.75,51.65523910522461,1379552,0.0,0.0,ADANIENT.NS,Adani Enterprises Limited,Thermal Coal,Energy,Mr. Gautambhai Shantilal Adani S.Y. B.Com,"Ahmedabad, India",https://www.adanienterprises.com,2308.8,2238.85,2664840298496,77.06275,29.96,0.00059999997,3743.9,2025.0
2012-01-24 00:00:00+05:30,51.597041408998805,2314.95,2213.75,52.450523376464844,1379552,0.0,0.0,ADANIENT.NS,Adani Enterprises Limited,Thermal Coal,Energy,Mr. Gautambhai Shantilal Adani S.Y. B.Com,"Ahmedabad, India",https://www.adanienterprises.com,2308.8,2238.85,2664840298496,77.06275,29.96,0.00059999997,3743.9,2025.0
2012-01-25 00:00:00+05:30,52.56690985807195,2314.95,2213.75,51.71342468261719,1379552,0.0,0.0,ADANIENT.NS,Adani Enterprises Limited,Thermal Coal,Energy,Mr. Gautambhai Shantilal Adani S.Y. B.Com,"Ahmedabad, India",https://www.adanienterprises.com,2308.8,2238.85,2664840298496,77.06275,29.96,0.00059999997,3743.9,2025.0
2012-01-27 00:00:00+05:30,51.22203179714329,2314.95,2213.75,54.758819580078125,1379552,0.0,0.0,ADANIENT.NS,Adani Enterprises Limited,Thermal Coal,Energy,Mr. Gautambhai Shantilal Adani S.Y. B.Com,"Ahmedabad, India",https://www.adanienterprises.com,2308.8,2238.85,2664840298496,77.06275,29.96,0.00059999997,3743.9,2025.0
2012-01-30 00:00:00+05:30,54.209222706094785,2314.95,2213.75,50.86640548706055,1379552,0.0,0.0,ADANIENT.NS,Adani Enterprises Limited,Thermal Coal,Energy,Mr. Gautambhai Shantilal Adani S.Y. B.Com,"Ahmedabad, India",https://www.adanienterprises.com,2308.8,2238.85,2664840298496,77.06275,29.96,0.00059999997,3743.9,2025.0
2012-01-31 00:00:00+05:30,51.00219377718283,2314.95,2213.75,53.78248596191406,1379552,0.0,0.0,ADANIENT.NS,Adani Enterprises Limited,Thermal Coal,Energy,Mr. Gautambhai Shantilal Adani S.Y. B.Com,"Ahmedabad, India",https://www.adanienterprises.com,2308.8,2238.85,2664840298496,77.06275,29.96,0.00059999997,3743.9,2025.0
2012-02-01 00:00:00+05:30,53.666095125083274,2314.95,2213.75,56.41405487060547,1379552,0.0,0.0,ADANIENT.NS,Adani Enterprises Limited,Thermal Coal,Energy,Mr. Gautambhai Shantilal Adani S.Y. B.Com,"Ahmedabad, India",https://www.adanienterprises.com,2308.8,2238.85,2664840298496,77.06275,29.96,0.00059999997,3743.9,2025.0
2012-02-02 00:00:00+05:30,57.27400767493578,2314.95,2213.75,55.612300872802734,1379552,0.0,0.0,ADANIENT.NS,Adani Enterprises Limited,Thermal Coal,Energy,Mr. Gautambhai Shantilal Adani S.Y. B.Com,"Ahmedabad, India",https://www.adanienterprises.com,2308.8,2238.85,2664840298496,77.06275,29.96,0.00059999997,3743.9,2025.0
2012-02-03 00:00:00+05:30,55.61230866555872,2314.95,2213.75,55.26315689086914,1379552,0.0,0.0,ADANIENT.NS,Adani Enterprises Limited,Thermal Coal,Energy,Mr. Gautambhai Shantilal Adani S.Y. B.Com,"Ahmedabad, India",https://www.adanienterprises.com,2308.8,2238.85,2664840298496,77.06275,29.96,0.00059999997,3743.9,2025.0
2012-02-06 00:00:00+05:30,56.09077812426016,2314.95,2213.75,56.258888244628906,1379552,0.0,0.0,ADANIENT.NS,Adani Enterprises Limited,Thermal Coal,Energy,Mr. Gautambhai Shantilal Adani S.Y. B.Com,"Ahmedabad, India",https://www.adanienterprises.com,2308.8,2238.85,2664840298496,77.06275,29.96,0.00059999997,3743.9,2025.0
2012-02-07 00:00:00+05:30,56.89900364387776,2314.95,2213.75,51.92680740356445,1379552,0.0,0.0,ADANIENT.NS,Adani Enterprises Limited,Thermal Coal,Energy,Mr. Gautambhai Shantilal Adani S.Y. B.Com,"Ahmedabad, India",https://www.adanienterprises.com,2308.8,2238.85,2664840298496,77.06275,29.96,0.00059999997,3743.9,2025.0
2012-02-08 00:00:00+05:30,52.11430903232477,2314.95,2213.75,53.051849365234375,1379552,0.0,0.0,ADANIENT.NS,Adani Enterprises Limited,Thermal Coal,Energy,Mr. Gautambhai Shantilal Adani S.Y. B.Com,"Ahmedabad, India",https://www.adanienterprises.com,2308.8,2238.85,2664840298496,77.06275,29.96,0.00059999997,3743.9,2025.0
2012-02-09 00:00:00+05:30,53.28461830166361,2314.95,2213.75,50.66597366333008,1379552,0.0,0.0,ADANIENT.NS,Adani Enterprises Limited,Thermal Coal,Energy,Mr. Gautambhai Shantilal Adani S.Y. B.Com,"Ahmedabad, India",https://www.adanienterprises.com,2308.8,2238.85,2664840298496,77.06275,29.96,0.00059999997,3743.9,2025.0
2012-02-10 00:00:00+05:30,50.885804058321966,2314.95,2213.75,50.924598693847656,1379552,0.0,0.0,ADANIENT.NS,Adani Enterprises Limited,Thermal Coal,Energy,Mr. Gautambhai Shantilal Adani S.Y. B.Com,"Ahmedabad, India",https://www.adanienterprises.com,2308.8,2238.85,2664840298496,77.06275,29.96,0.00059999997,3743.9,2025.0
2012-02-13 00:00:00+05:30,51.07977803026806,2314.95,2213.75,48.20896530151367,1379552,0.0,0.0,ADANIENT.NS,Adani Enterprises Limited,Thermal Coal,Energy,Mr. Gautambhai Shantilal Adani S.Y. B.Com,"Ahmedabad, India",https://www.adanienterprises.com,2308.8,2238.85,2664840298496,77.06275,29.96,0.00059999997,3743.9,2025.0
2012-02-14 00:00:00+05:30,48.1701766572181,2314.95,2213.75,46.04939651489258,1379552,0.0,0.0,ADANIENT.NS,Adani Enterprises Limited,Thermal Coal,Energy,Mr. Gautambhai Shantilal Adani S.Y. B.Com,"Ahmedabad, India",https://www.adanienterprises.com,2308.8,2238.85,2664840298496,77.06275,29.96,0.00059999997,3743.9,2025.0
2012-02-15 00:00:00+05:30,46.165775568252904,2314.95,2213.75,48.933135986328125,1379552,0.0,0.0,ADANIENT.NS,Adani Enterprises Limited,Thermal Coal,Energy,Mr. Gautambhai Shantilal Adani S.Y. B.Com,"Ahmedabad, India",https://www.adanienterprises.com,2308.8,2238.85,2664840298496,77.06275,29.96,0.00059999997,3743.9,2025.0
2012-02-16 00:00:00+05:30,49.16590888663207,2314.95,2213.75,50.71770095825195,1379552,0.0,0.0,ADANIENT.NS,Adani Enterprises Limited,Thermal Coal,Energy,Mr. Gautambhai Shantilal Adani S.Y. B.Com,"Ahmedabad, India",https://www.adanienterprises.com,2308.8,2238.85,2664840298496,77.06275,29.96,0.00059999997,3743.9,2025.0
2012-02-17 00:00:00+05:30,51.306084398270286,2314.95,2213.75,53.569114685058594,1379552,0.0,0.0,ADANIENT.NS,Adani Enterprises Limited,Thermal Coal,Energy,Mr. Gautambhai Shantilal Adani S.Y. B.Com,"Ahmedabad, India",https://www.adanienterprises.com,2308.8,2238.85,2664840298496,77.06275,29.96,0.00059999997,3743.9,2025.0
2012-02-21 00:00:00+05:30,53.56910960452333,2314.95,2213.75,54.54544448852539,1379552,0.0,0.0,ADANIENT.NS,Adani Enterprises Limited,Thermal Coal,Energy,Mr. Gautambhai Shantilal Adani S.Y. B.Com,"Ahmedabad, India",https://www.adanienterprises.com,2308.8,2238.85,2664840298496,77.06275,29.96,0.00059999997,3743.9,2025.0
2012-02-22 00:00:00+05:30,54.66182837614971,2314.95,2213.75,50.077579498291016,1379552,0.0,0.0,ADANIENT.NS,Adani Enterprises Limited,Thermal Coal,Energy,Mr. Gautambhai Shantilal Adani S.Y. B.Com,"Ahmedabad, India",https://www.adanienterprises.com,2308.8,2238.85,2664840298496,77.06275,29.96,0.00059999997,3743.9,2025.0
2012-02-23 00:00:00+05:30,49.91593104327262,2314.95,2213.75,49.70902633666992,1379552,0.0,0.0,ADANIENT.NS,Adani Enterprises Limited,Thermal Coal,Energy,Mr. Gautambhai Shantilal Adani S.Y. B.Com,"Ahmedabad, India",https://www.adanienterprises.com,2308.8,2238.85,2664840298496,77.06275,29.96,0.00059999997,3743.9,2025.0
2012-02-24 00:00:00+05:30,50.29094993657632,2314.95,2213.75,48.713294982910156,1379552,0.0,0.0,ADANIENT.NS,Adani Enterprises Limited,Thermal Coal,Energy,Mr. Gautambhai Shantilal Adani S.Y. B.Com,"Ahmedabad, India",https://www.adanienterprises.com,2308.8,2238.85,2664840298496,77.06275,29.96,0.00059999997,3743.9,2025.0
2012-02-27 00:00:00+05:30,48.71329536487661,2314.95,2213.75,44.9437370300293,1379552,0.0,0.0,ADANIENT.NS,Adani Enterprises Limited,Thermal Coal,Energy,Mr. Gautambhai Shantilal Adani S.Y. B.Com,"Ahmedabad, India",https://www.adanienterprises.com,2308.8,2238.85,2664840298496,77.06275,29.96,0.00059999997,3743.9,2025.0
2012-02-28 00:00:00+05:30,45.39634510506217,2314.95,2213.75,47.5559196472168,1379552,0.0,0.0,ADANIENT.NS,Adani Enterprises Limited,Thermal Coal,Energy,Mr. Gautambhai Shantilal Adani S.Y. B.Com,"Ahmedabad, India",https://www.adanienterprises.com,2308.8,2238.85,2664840298496,77.06275,29.96,0.00059999997,3743.9,2025.0
2012-02-29 00:00:00+05:30,48.22189086040358,2314.95,2213.75,48.461124420166016,1379552,0.0,0.0,ADANIENT.NS,Adani Enterprises Limited,Thermal Coal,Energy,Mr. Gautambhai Shantilal Adani S.Y. B.Com,"Ahmedabad, India",https://www.adanienterprises.com,2308.8,2238.85,2664840298496,77.06275,29.96,0.00059999997,3743.9,2025.0
2012-03-01 00:00:00+05:30,48.49346068914159,2314.95,2213.75,47.413673400878906,1379552,0.0,0.0,ADANIENT.NS,Adani Enterprises Limited,Thermal Coal,Energy,Mr. Gautambhai Shantilal Adani S.Y. B.Com,"Ahmedabad, India",https://www.adanienterprises.com,2308.8,2238.85,2664840298496,77.06275,29.96,0.00059999997,3743.9,2025.0
2012-03-02 00:00:00+05:30,47.71756825742329,2314.95,2213.75,45.67437744140625,1379552,0.0,0.0,ADANIENT.NS,Adani Enterprises Limited,Thermal Coal,Energy,Mr. Gautambhai Shantilal Adani S.Y. B.Com,"Ahmedabad, India",https://www.adanienterprises.com,2308.8,2238.85,2664840298496,77.06275,29.96,0.00059999997,3743.9,2025.0
2012-03-05 00:00:00+05:30,46.42441531272947,2314.95,2213.75,46.41148376464844,1379552,0.0,0.0,ADANIENT.NS,Adani Enterprises Limited,Thermal Coal,Energy,Mr. Gautambhai Shantilal Adani S.Y. B.Com,"Ahmedabad, India",https://www.adanienterprises.com,2308.8,2238.85,2664840298496,77.06275,29.96,0.00059999997,3743.9,2025.0
2012-03-06 00:00:00+05:30,46.55371815322266,2314.95,2213.75,45.325218200683594,1379552,0.0,0.0,ADANIENT.NS,Adani Enterprises Limited,Thermal Coal,Energy,Mr. Gautambhai Shantilal Adani S.Y. B.Com,"Ahmedabad, India",https://www.adanienterprises.com,2308.8,2238.85,2664840298496,77.06275,29.96,0.00059999997,3743.9,2025.0
2012-03-07 00:00:00+05:30,44.61398136331298,2314.95,2213.75,41.25177001953125,1379552,0.0,0.0,ADANIENT.NS,Adani Enterprises Limited,Thermal Coal,Energy,Mr. Gautambhai Shantilal Adani S.Y. B.Com,"Ahmedabad, India",https://www.adanienterprises.com,2308.8,2238.85,2664840298496,77.06275,29.96,0.00059999997,3743.9,2025.0
2012-03-09 00:00:00+05:30,42.4673376118287,2314.95,2213.75,41.06425857543945,1379552,0.0,0.0,ADANIENT.NS,Adani Enterprises Limited,Thermal Coal,Energy,Mr. Gautambhai Shantilal Adani S.Y. B.Com,"Ahmedabad, India",https://www.adanienterprises.com,2308.8,2238.85,2664840298496,77.06275,29.96,0.00059999997,3743.9,2025.0
2012-03-12 00:00:00+05:30,42.24750255440981,2314.95,2213.75,41.97593688964844,1379552,0.0,0.0,ADANIENT.NS,Adani Enterprises Limited,Thermal Coal,Energy,Mr. Gautambhai Shantilal Adani S.Y. B.Com,"Ahmedabad, India",https://www.adanienterprises.com,2308.8,2238.85,2664840298496,77.06275,29.96,0.00059999997,3743.9,2025.0
2012-03-13 00:00:00+05:30,42.415611668545694,2314.95,2213.75,43.11391830444336,1379552,0.0,0.0,ADANIENT.NS,Adani Enterprises Limited,Thermal Coal,Energy,Mr. Gautambhai Shantilal Adani S.Y. B.Com,"Ahmedabad, India",https://www.adanienterprises.com,2308.8,2238.85,2664840298496,77.06275,29.96,0.00059999997,3743.9,2025.0
2012-03-14 00:00:00+05:30,42.64838242905931,2314.95,2213.75,42.06645965576172,1379552,0.0,0.0,ADANIENT.NS,Adani Enterprises Limited,Thermal Coal,Energy,Mr. Gautambhai Shantilal Adani S.Y. B.Com,"Ahmedabad, India",https://www.adanienterprises.com,2308.8,2238.85,2664840298496,77.06275,29.96,0.00059999997,3743.9,2025.0
2012-03-15 00:00:00+05:30,41.84015637646168,2314.95,2213.75,40.97373962402344,1379552,0.0,0.0,ADANIENT.NS,Adani Enterprises Limited,Thermal Coal,Energy,Mr. Gautambhai Shantilal Adani S.Y. B.Com,"Ahmedabad, India",https://www.adanienterprises.com,2308.8,2238.85,2664840298496,77.06275,29.96,0.00059999997,3743.9,2025.0
2012-03-16 00:00:00+05:30,40.779766089942775,2314.95,2213.75,39.7452392578125,1379552,0.0,0.0,ADANIENT.NS,Adani Enterprises Limited,Thermal Coal,Energy,Mr. Gautambhai Shantilal Adani S.Y. B.Com,"Ahmedabad, India",https://www.adanienterprises.com,2308.8,2238.85,2664840298496,77.06275,29.96,0.00059999997,3743.9,2025.0
2012-03-19 00:00:00+05:30,40.113790833051446,2314.95,2213.75,38.1417236328125,1379552,0.0,0.0,ADANIENT.NS,Adani Enterprises Limited,Thermal Coal,Energy,Mr. Gautambhai Shantilal Adani S.Y. B.Com,"Ahmedabad, India",https://www.adanienterprises.com,2308.8,2238.85,2664840298496,77.06275,29.96,0.00059999997,3743.9,2025.0
2012-03-20 00:00:00+05:30,37.92188756043945,2314.95,2213.75,36.7580451965332,1379552,0.0,0.0,ADANIENT.NS,Adani Enterprises Limited,Thermal Coal,Energy,Mr. Gautambhai Shantilal Adani S.Y. B.Com,"Ahmedabad, India",https://www.adanienterprises.com,2308.8,2238.85,2664840298496,77.06275,29.96,0.00059999997,3743.9,2025.0
2012-03-21 00:00:00+05:30,36.84210511084824,2314.95,2213.75,38.717185974121094,1379552,0.0,0.0,ADANIENT.NS,Adani Enterprises Limited,Thermal Coal,Energy,Mr. Gautambhai Shantilal Adani S.Y. B.Com,"Ahmedabad, India",https://www.adanienterprises.com,2308.8,2238.85,2664840298496,77.06275,29.96,0.00059999997,3743.9,2025.0
2012-03-22 00:00:00+05:30,38.53613921674728,2314.95,2213.75,36.7580451965332,1379552,0.0,0.0,ADANIENT.NS,Adani Enterprises Limited,Thermal Coal,Energy,Mr. Gautambhai Shantilal Adani S.Y. B.Com,"Ahmedabad, India",https://www.adanienterprises.com,2308.8,2238.85,2664840298496,77.06275,29.96,0.00059999997,3743.9,2025.0
2012-03-23 00:00:00+05:30,37.016677750814964,2314.95,2213.75,37.339969635009766,1379552,0.0,0.0,ADANIENT.NS,Adani Enterprises Limited,Thermal Coal,Energy,Mr. Gautambhai Shantilal Adani S.Y. B.Com,"Ahmedabad, India",https://www.adanienterprises.com,2308.8,2238.85,2664840298496,77.06275,29.96,0.00059999997,3743.9,2025.0
2012-03-26 00:00:00+05:30,37.074864342100845,2314.95,2213.75,35.72998046875,1379552,0.0,0.0,ADANIENT.NS,Adani Enterprises Limited,Thermal Coal,Energy,Mr. Gautambhai Shantilal Adani S.Y. B.Com,"Ahmedabad, India",https://www.adanienterprises.com,2308.8,2238.85,2664840298496,77.06275,29.96,0.00059999997,3743.9,2025.0
2012-03-27 00:00:00+05:30,36.22784661328542,2314.95,2213.75,36.842098236083984,1379552,0.0,0.0,ADANIENT.NS,Adani Enterprises Limited,Thermal Coal,Energy,Mr. Gautambhai Shantilal Adani S.Y. B.Com,"Ahmedabad, India",https://www.adanienterprises.com,2308.8,2238.85,2664840298496,77.06275,29.96,0.00059999997,3743.9,2025.0
2012-03-28 00:00:00+05:30,36.60932467866784,2314.95,2213.75,36.75157165527344,1379552,0.0,0.0,ADANIENT.NS,Adani Enterprises Limited,Thermal Coal,Energy,Mr. Gautambhai Shantilal Adani S.Y. B.Com,"Ahmedabad, India",https://www.adanienterprises.com,2308.8,2238.85,2664840298496,77.06275,29.96,0.00059999997,3743.9,2025.0
2012-03-29 00:00:00+05:30,36.389498368424995,2314.95,2213.75,38.749515533447266,1379552,0.0,0.0,ADANIENT.NS,Adani Enterprises Limited,Thermal Coal,Energy,Mr. Gautambhai Shantilal Adani S.Y. B.Com,"Ahmedabad, India",https://www.adanienterprises.com,2308.8,2238.85,2664840298496,77.06275,29.96,0.00059999997,3743.9,2025.0
2012-03-30 00:00:00+05:30,38.794768124133434,2314.95,2213.75,39.42195129394531,1379552,0.0,0.0,ADANIENT.NS,Adani Enterprises Limited,Thermal Coal,Energy,Mr. Gautambhai Shantilal Adani S.Y. B.Com,"Ahmedabad, India",https://www.adanienterprises.com,2308.8,2238.85,2664840298496,77.06275,29.96,0.00059999997,3743.9,2025.0
2012-04-02 00:00:00+05:30,39.44781173399623,2314.95,2213.75,39.82929229736328,1379552,0.0,0.0,ADANIENT.NS,Adani Enterprises Limited,Thermal Coal,Energy,Mr. Gautambhai Shantilal Adani S.Y. B.Com,"Ahmedabad, India",https://www.adanienterprises.com,2308.8,2238.85,2664840298496,77.06275,29.96,0.00059999997,3743.9,2025.0
2012-04-03 00:00:00+05:30,40.31423385926837,2314.95,2213.75,41.44574737548828,1379552,0.0,0.0,ADANIENT.NS,Adani Enterprises Limited,Thermal Coal,Energy,Mr. Gautambhai Shantilal Adani S.Y. B.Com,"Ahmedabad, India",https://www.adanienterprises.com,2308.8,2238.85,2664840298496,77.06275,29.96,0.00059999997,3743.9,2025.0
2012-04-04 00:00:00+05:30,41.51040408242134,2314.95,2213.75,41.07072830200195,1379552,0.0,0.0,ADANIENT.NS,Adani Enterprises Limited,Thermal Coal,Energy,Mr. Gautambhai Shantilal Adani S.Y. B.Com,"Ahmedabad, India",https://www.adanienterprises.com,2308.8,2238.85,2664840298496,77.06275,29.96,0.00059999997,3743.9,2025.0
2012-04-09 00:00:00+05:30,40.86382300627888,2314.95,2213.75,40.184913635253906,1379552,0.0,0.0,ADANIENT.NS,Adani Enterprises Limited,Thermal Coal,Energy,Mr. Gautambhai Shantilal Adani S.Y. B.Com,"Ahmedabad, India",https://www.adanienterprises.com,2308.8,2238.85,2664840298496,77.06275,29.96,0.00059999997,3743.9,2025.0
2012-04-10 00:00:00+05:30,40.18491356713755,2314.95,2213.75,40.86382293701172,1379552,0.0,0.0,ADANIENT.NS,Adani Enterprises Limited,Thermal Coal,Energy,Mr. Gautambhai Shantilal Adani S.Y. B.Com,"Ahmedabad, India",https://www.adanienterprises.com,2308.8,2238.85,2664840298496,77.06275,29.96,0.00059999997,3743.9,2025.0
2012-04-11 00:00:00+05:30,40.346559043829345,2314.95,2213.75,39.73230743408203,1379552,0.0,0.0,ADANIENT.NS,Adani Enterprises Limited,Thermal Coal,Energy,Mr. Gautambhai Shantilal Adani S.Y. B.Com,"Ahmedabad, India",https://www.adanienterprises.com,2308.8,2238.85,2664840298496,77.06275,29.96,0.00059999997,3743.9,2025.0
2012-04-12 00:00:00+05:30,39.97154360855009,2314.95,2213.75,40.02973556518555,1379552,0.0,0.0,ADANIENT.NS,Adani Enterprises Limited,Thermal Coal,Energy,Mr. Gautambhai Shantilal Adani S.Y. B.Com,"Ahmedabad, India",https://www.adanienterprises.com,2308.8,2238.85,2664840298496,77.06275,29.96,0.00059999997,3743.9,2025.0
2012-04-13 00:00:00+05:30,40.39182364490776,2314.95,2213.75,39.240909576416016,1379552,0.0,0.0,ADANIENT.NS,Adani Enterprises Limited,Thermal Coal,Energy,Mr. Gautambhai Shantilal Adani S.Y. B.Com,"Ahmedabad, India",https://www.adanienterprises.com,2308.8,2238.85,2664840298496,77.06275,29.96,0.00059999997,3743.9,2025.0
2012-04-16 00:00:00+05:30,39.06633449487822,2314.95,2213.75,39.42842102050781,1379552,0.0,0.0,ADANIENT.NS,Adani Enterprises Limited,Thermal Coal,Energy,Mr. Gautambhai Shantilal Adani S.Y. B.Com,"Ahmedabad, India",https://www.adanienterprises.com,2308.8,2238.85,2664840298496,77.06275,29.96,0.00059999997,3743.9,2025.0
2012-04-17 00:00:00+05:30,39.29263576210969,2314.95,2213.75,39.240909576416016,1379552,0.0,0.0,ADANIENT.NS,Adani Enterprises Limited,Thermal Coal,Energy,Mr. Gautambhai Shantilal Adani S.Y. B.Com,"Ahmedabad, India",https://www.adanienterprises.com,2308.8,2238.85,2664840298496,77.06275,29.96,0.00059999997,3743.9,2025.0
2012-04-18 00:00:00+05:30,39.64178689643982,2314.95,2213.75,39.7452392578125,1379552,0.0,0.0,ADANIENT.NS,Adani Enterprises Limited,Thermal Coal,Energy,Mr. Gautambhai Shantilal Adani S.Y. B.Com,"Ahmedabad, India",https://www.adanienterprises.com,2308.8,2238.85,2664840298496,77.06275,29.96,0.00059999997,3743.9,2025.0
2012-04-19 00:00:00+05:30,40.01033358630598,2314.95,2213.75,38.78183364868164,1379552,0.0,0.0,ADANIENT.NS,Adani Enterprises Limited,Thermal Coal,Energy,Mr. Gautambhai Shantilal Adani S.Y. B.Com,"Ahmedabad, India",https://www.adanienterprises.com,2308.8,2238.85,2664840298496,77.06275,29.96,0.00059999997,3743.9,2025.0
2012-04-20 00:00:00+05:30,38.66544775666619,2314.95,2213.75,37.15891647338867,1379552,0.0,0.0,ADANIENT.NS,Adani Enterprises Limited,Thermal Coal,Energy,Mr. Gautambhai Shantilal Adani S.Y. B.Com,"Ahmedabad, India",https://www.adanienterprises.com,2308.8,2238.85,2664840298496,77.06275,29.96,0.00059999997,3743.9,2025.0
2012-04-23 00:00:00+05:30,37.48220937658282,2314.95,2213.75,36.00154113769531,1379552,0.0,0.0,ADANIENT.NS,Adani Enterprises Limited,Thermal Coal,Energy,Mr. Gautambhai Shantilal Adani S.Y. B.Com,"Ahmedabad, India",https://www.adanienterprises.com,2308.8,2238.85,2664840298496,77.06275,29.96,0.00059999997,3743.9,2025.0
2012-04-24 00:00:00+05:30,36.20845093751505,2314.95,2213.75,36.05973815917969,1379552,0.0,0.0,ADANIENT.NS,Adani Enterprises Limited,Thermal Coal,Energy,Mr. Gautambhai Shantilal Adani S.Y. B.Com,"Ahmedabad, India",https://www.adanienterprises.com,2308.8,2238.85,2664840298496,77.06275,29.96,0.00059999997,3743.9,2025.0
2012-04-25 00:00:00+05:30,36.137322573731836,2314.95,2213.75,35.65885543823242,1379552,0.0,0.0,ADANIENT.NS,Adani Enterprises Limited,Thermal Coal,Energy,Mr. Gautambhai Shantilal Adani S.Y. B.Com,"Ahmedabad, India",https://www.adanienterprises.com,2308.8,2238.85,2664840298496,77.06275,29.96,0.00059999997,3743.9,2025.0
2012-04-26 00:00:00+05:30,35.81403259510131,2314.95,2213.75,35.270904541015625,1379552,0.0,0.0,ADANIENT.NS,Adani Enterprises Limited,Thermal Coal,Energy,Mr. Gautambhai Shantilal Adani S.Y. B.Com,"Ahmedabad, India",https://www.adanienterprises.com,2308.8,2238.85,2664840298496,77.06275,29.96,0.00059999997,3743.9,2025.0
2012-04-27 00:00:00+05:30,35.432556236616854,2314.95,2213.75,35.61359786987305,1379552,0.0,0.0,ADANIENT.NS,Adani Enterprises Limited,Thermal Coal,Energy,Mr. Gautambhai Shantilal Adani S.Y. B.Com,"Ahmedabad, India",https://www.adanienterprises.com,2308.8,2238.85,2664840298496,77.06275,29.96,0.00059999997,3743.9,2025.0
2012-04-30 00:00:00+05:30,35.71704667602959,2314.95,2213.75,36.331295013427734,1379552,0.0,0.0,ADANIENT.NS,Adani Enterprises Limited,Thermal Coal,Energy,Mr. Gautambhai Shantilal Adani S.Y. B.Com,"Ahmedabad, India",https://www.adanienterprises.com,2308.8,2238.85,2664840298496,77.06275,29.96,0.00059999997,3743.9,2025.0
2012-05-02 00:00:00+05:30,36.77097753585096,2314.95,2213.75,36.11146545410156,1379552,0.0,0.0,ADANIENT.NS,Adani Enterprises Limited,Thermal Coal,Energy,Mr. Gautambhai Shantilal Adani S.Y. B.Com,"Ahmedabad, India",https://www.adanienterprises.com,2308.8,2238.85,2664840298496,77.06275,29.96,0.00059999997,3743.9,2025.0
2012-05-03 00:00:00+05:30,35.820505905834565,2314.95,2213.75,35.083404541015625,1379552,0.0,0.0,ADANIENT.NS,Adani Enterprises Limited,Thermal Coal,Energy,Mr. Gautambhai Shantilal Adani S.Y. B.Com,"Ahmedabad, India",https://www.adanienterprises.com,2308.8,2238.85,2664840298496,77.06275,29.96,0.00059999997,3743.9,2025.0
2012-05-04 00:00:00+05:30,34.65666530687957,2314.95,2213.75,34.81184387207031,1379552,0.0,0.0,ADANIENT.NS,Adani Enterprises Limited,Thermal Coal,Energy,Mr. Gautambhai Shantilal Adani S.Y. B.Com,"Ahmedabad, India",https://www.adanienterprises.com,2308.8,2238.85,2664840298496,77.06275,29.96,0.00059999997,3743.9,2025.0
2012-05-07 00:00:00+05:30,33.89370026438315,2314.95,2213.75,35.82697296142578,1379552,0.0,0.0,ADANIENT.NS,Adani Enterprises Limited,Thermal Coal,Energy,Mr. Gautambhai Shantilal Adani S.Y. B.Com,"Ahmedabad, India",https://www.adanienterprises.com,2308.8,2238.85,2664840298496,77.06275,29.96,0.00059999997,3743.9,2025.0
2012-05-08 00:00:00+05:30,35.510141566427954,2314.95,2213.75,34.75364303588867,1379552,0.0,0.0,ADANIENT.NS,Adani Enterprises Limited,Thermal Coal,Energy,Mr. Gautambhai Shantilal Adani S.Y. B.Com,"Ahmedabad, India",https://www.adanienterprises.com,2308.8,2238.85,2664840298496,77.06275,29.96,0.00059999997,3743.9,2025.0
2012-05-09 00:00:00+05:30,34.51441671728762,2314.95,2213.75,33.36996841430664,1379552,0.0,0.0,ADANIENT.NS,Adani Enterprises Limited,Thermal Coal,Energy,Mr. Gautambhai Shantilal Adani S.Y. B.Com,"Ahmedabad, India",https://www.adanienterprises.com,2308.8,2238.85,2664840298496,77.06275,29.96,0.00059999997,3743.9,2025.0
2012-05-10 00:00:00+05:30,33.518679664400416,2314.95,2213.75,33.29884338378906,1379552,0.0,0.0,ADANIENT.NS,Adani Enterprises Limited,Thermal Coal,Energy,Mr. Gautambhai Shantilal Adani S.Y. B.Com,"Ahmedabad, India",https://www.adanienterprises.com,2308.8,2238.85,2664840298496,77.06275,29.96,0.00059999997,3743.9,2025.0
2012-05-11 00:00:00+05:30,33.23417984906749,2314.95,2213.75,32.5294075012207,1379552,0.0,0.0,ADANIENT.NS,Adani Enterprises Limited,Thermal Coal,Energy,Mr. Gautambhai Shantilal Adani S.Y. B.Com,"Ahmedabad, India",https://www.adanienterprises.com,2308.8,2238.85,2664840298496,77.06275,29.96,0.00059999997,3743.9,2025.0
2012-05-14 00:00:00+05:30,32.68459457603973,2314.95,2213.75,31.02935028076172,1379552,0.0,0.0,ADANIENT.NS,Adani Enterprises Limited,Thermal Coal,Energy,Mr. Gautambhai Shantilal Adani S.Y. B.Com,"Ahmedabad, India",https://www.adanienterprises.com,2308.8,2238.85,2664840298496,77.06275,29.96,0.00059999997,3743.9,2025.0
2012-05-15 00:00:00+05:30,30.99055677775736,2314.95,2213.75,30.576744079589844,1379552,0.0,0.0,ADANIENT.NS,Adani Enterprises Limited,Thermal Coal,Energy,Mr. Gautambhai Shantilal Adani S.Y. B.Com,"Ahmedabad, India",https://www.adanienterprises.com,2308.8,2238.85,2664840298496,77.06275,29.96,0.00059999997,3743.9,2025.0
2012-05-16 00:00:00+05:30,30.143540500122253,2314.95,2213.75,29.774988174438477,1379552,0.0,0.0,ADANIENT.NS,Adani Enterprises Limited,Thermal Coal,Energy,Mr. Gautambhai Shantilal Adani S.Y. B.Com,"Ahmedabad, India",https://www.adanienterprises.com,2308.8,2238.85,2664840298496,77.06275,29.96,0.00059999997,3743.9,2025.0
2012-05-17 00:00:00+05:30,29.917233778252434,2314.95,2213.75,29.619808197021484,1379552,0.0,0.0,ADANIENT.NS,Adani Enterprises Limited,Thermal Coal,Energy,Mr. Gautambhai Shantilal Adani S.Y. B.Com,"Ahmedabad, India",https://www.adanienterprises.com,2308.8,2238.85,2664840298496,77.06275,29.96,0.00059999997,3743.9,2025.0
2012-05-18 00:00:00+05:30,28.281389521941534,2314.95,2213.75,30.020689010620117,1379552,0.0,0.0,ADANIENT.NS,Adani Enterprises Limited,Thermal Coal,Energy,Mr. Gautambhai Shantilal Adani S.Y. B.Com,"Ahmedabad, India",https://www.adanienterprises.com,2308.8,2238.85,2664840298496,77.06275,29.96,0.00059999997,3743.9,2025.0
2012-05-21 00:00:00+05:30,29.74265840441625,2314.95,2213.75,30.925901412963867,1379552,0.0,0.0,ADANIENT.NS,Adani Enterprises Limited,Thermal Coal,Energy,Mr. Gautambhai Shantilal Adani S.Y. B.Com,"Ahmedabad, India",https://www.adanienterprises.com,2308.8,2238.85,2664840298496,77.06275,29.96,0.00059999997,3743.9,2025.0
2012-05-22 00:00:00+05:30,31.35264136694124,2314.95,2213.75,31.3203125,1379552,0.0,0.0,ADANIENT.NS,Adani Enterprises Limited,Thermal Coal,Energy,Mr. Gautambhai Shantilal Adani S.Y. B.Com,"Ahmedabad, India",https://www.adanienterprises.com,2308.8,2238.85,2664840298496,77.06275,29.96,0.00059999997,3743.9,2025.0
2012-05-23 00:00:00+05:30,31.03581802665592,2314.95,2213.75,31.21039390563965,1379552,0.0,0.0,ADANIENT.NS,Adani Enterprises Limited,Thermal Coal,Energy,Mr. Gautambhai Shantilal Adani S.Y. B.Com,"Ahmedabad, India",https://www.adanienterprises.com,2308.8,2238.85,2664840298496,77.06275,29.96,0.00059999997,3743.9,2025.0
2012-05-24 00:00:00+05:30,31.152200770931227,2314.95,2213.75,31.333242416381836,1379552,0.0,0.0,ADANIENT.NS,Adani Enterprises Limited,Thermal Coal,Energy,Mr. Gautambhai Shantilal Adani S.Y. B.Com,"Ahmedabad, India",https://www.adanienterprises.com,2308.8,2238.85,2664840298496,77.06275,29.96,0.00059999997,3743.9,2025.0
2012-05-25 00:00:00+05:30,31.326774259097842,2314.95,2213.75,33.557472229003906,1379552,0.0,0.0,ADANIENT.NS,Adani Enterprises Limited,Thermal Coal,Energy,Mr. Gautambhai Shantilal Adani S.Y. B.Com,"Ahmedabad, India",https://www.adanienterprises.com,2308.8,2238.85,2664840298496,77.06275,29.96,0.00059999997,3743.9,2025.0
2012-05-28 00:00:00+05:30,33.89369652696186,2314.95,2213.75,33.926025390625,1379552,0.0,0.0,ADANIENT.NS,Adani Enterprises Limited,Thermal Coal,Energy,Mr. Gautambhai Shantilal Adani S.Y. B.Com,"Ahmedabad, India",https://www.adanienterprises.com,2308.8,2238.85,2664840298496,77.06275,29.96,0.00059999997,3743.9,2025.0
2012-05-29 00:00:00+05:30,33.88076603974969,2314.95,2213.75,34.5079460144043,1379552,0.0,0.0,ADANIENT.NS,Adani Enterprises Limited,Thermal Coal,Energy,Mr. Gautambhai Shantilal Adani S.Y. B.Com,"Ahmedabad, India",https://www.adanienterprises.com,2308.8,2238.85,2664840298496,77.06275,29.96,0.00059999997,3743.9,2025.0
2012-05-30 00:00:00+05:30,34.26871821654237,2314.95,2213.75,33.887237548828125,1379552,0.0,0.0,ADANIENT.NS,Adani Enterprises Limited,Thermal Coal,Energy,Mr. Gautambhai Shantilal Adani S.Y. B.Com,"Ahmedabad, India",https://www.adanienterprises.com,2308.8,2238.85,2664840298496,77.06275,29.96,0.00059999997,3743.9,2025.0
2012-05-31 00:00:00+05:30,33.62213288063551,2314.95,2213.75,33.69325637817383,1379552,0.0,0.0,ADANIENT.NS,Adani Enterprises Limited,Thermal Coal,Energy,Mr. Gautambhai Shantilal Adani S.Y. B.Com,"Ahmedabad, India",https://www.adanienterprises.com,2308.8,2238.85,2664840298496,77.06275,29.96,0.00059999997,3743.9,2025.0
2012-06-01 00:00:00+05:30,33.104873735940785,2314.95,2213.75,31.02288818359375,1379552,0.0,0.0,ADANIENT.NS,Adani Enterprises Limited,Thermal Coal,Energy,Mr. Gautambhai Shantilal Adani S.Y. B.Com,"Ahmedabad, India",https://www.adanienterprises.com,2308.8,2238.85,2664840298496,77.06275,29.96,0.00059999997,3743.9,2025.0
2012-06-04 00:00:00+05:30,30.518552792752217,2314.95,2213.75,29.80731773376465,1379552,0.0,0.0,ADANIENT.NS,Adani Enterprises Limited,Thermal Coal,Energy,Mr. Gautambhai Shantilal Adani S.Y. B.Com,"Ahmedabad, India",https://www.adanienterprises.com,2308.8,2238.85,2664840298496,77.06275,29.96,0.00059999997,3743.9,2025.0
2012-06-05 00:00:00+05:30,30.072413342365472,2314.95,2213.75,29.606874465942383,1379552,0.0,0.0,ADANIENT.NS,Adani Enterprises Limited,Thermal Coal,Energy,Mr. Gautambhai Shantilal Adani S.Y. B.Com,"Ahmedabad, India",https://www.adanienterprises.com,2308.8,2238.85,2664840298496,77.06275,29.96,0.00059999997,3743.9,2025.0
2012-06-06 00:00:00+05:30,29.484024140906392,2314.95,2213.75,29.9043025970459,1379552,0.0,0.0,ADANIENT.NS,Adani Enterprises Limited,Thermal Coal,Energy,Mr. Gautambhai Shantilal Adani S.Y. B.Com,"Ahmedabad, India",https://www.adanienterprises.com,2308.8,2238.85,2664840298496,77.06275,29.96,0.00059999997,3743.9,2025.0
2012-06-07 00:00:00+05:30,30.363370774380726,2314.95,2213.75,29.826711654663086,1379552,0.0,0.0,ADANIENT.NS,Adani Enterprises Limited,Thermal Coal,Energy,Mr. Gautambhai Shantilal Adani S.Y. B.Com,"Ahmedabad, India",https://www.adanienterprises.com,2308.8,2238.85,2664840298496,77.06275,29.96,0.00059999997,3743.9,2025.0
2012-06-08 00:00:00+05:30,29.587475575723687,2314.95,2213.75,29.445228576660156,1379552,0.0,0.0,ADANIENT.NS,Adani Enterprises Limited,Thermal Coal,Energy,Mr. Gautambhai Shantilal Adani S.Y. B.Com,"Ahmedabad, India",https://www.adanienterprises.com,2308.8,2238.85,2664840298496,77.06275,29.96,0.00059999997,3743.9,2025.0
2012-06-11 00:00:00+05:30,29.74265147974146,2314.95,2213.75,29.14780044555664,1379552,0.0,0.0,ADANIENT.NS,Adani Enterprises Limited,Thermal Coal,Energy,Mr. Gautambhai Shantilal Adani S.Y. B.Com,"Ahmedabad, India",https://www.adanienterprises.com,2308.8,2238.85,2664840298496,77.06275,29.96,0.00059999997,3743.9,2025.0
2012-06-12 00:00:00+05:30,28.708127447467223,2314.95,2213.75,29.54221534729004,1379552,0.0,0.0,ADANIENT.NS,Adani Enterprises Limited,Thermal Coal,Energy,Mr. Gautambhai Shantilal Adani S.Y. B.Com,"Ahmedabad, India",https://www.adanienterprises.com,2308.8,2238.85,2664840298496,77.06275,29.96,0.00059999997,3743.9,2025.0
2012-06-13 00:00:00+05:30,29.762054289357064,2314.95,2213.75,28.953832626342773,1379552,0.0,0.0,ADANIENT.NS,Adani Enterprises Limited,Thermal Coal,Energy,Mr. Gautambhai Shantilal Adani S.Y. B.Com,"Ahmedabad, India",https://www.adanienterprises.com,2308.8,2238.85,2664840298496,77.06275,29.96,0.00059999997,3743.9,2025.0
2012-06-14 00:00:00+05:30,28.843913262737317,2314.95,2213.75,28.540021896362305,1379552,0.0,0.0,ADANIENT.NS,Adani Enterprises Limited,Thermal Coal,Energy,Mr. Gautambhai Shantilal Adani S.Y. B.Com,"Ahmedabad, India",https://www.adanienterprises.com,2308.8,2238.85,2664840298496,77.06275,29.96,0.00059999997,3743.9,2025.0
2012-06-15 00:00:00+05:30,28.708129500928074,2314.95,2213.75,28.779253005981445,1379552,0.0,0.0,ADANIENT.NS,Adani Enterprises Limited,Thermal Coal,Energy,Mr. Gautambhai Shantilal Adani S.Y. B.Com,"Ahmedabad, India",https://www.adanienterprises.com,2308.8,2238.85,2664840298496,77.06275,29.96,0.00059999997,3743.9,2025.0
2012-06-18 00:00:00+05:30,28.902102008565894,2314.95,2213.75,26.92357063293457,1379552,0.0,0.0,ADANIENT.NS,Adani Enterprises Limited,Thermal Coal,Energy,Mr. Gautambhai Shantilal Adani S.Y. B.Com,"Ahmedabad, India",https://www.adanienterprises.com,2308.8,2238.85,2664840298496,77.06275,29.96,0.00059999997,3743.9,2025.0
2012-06-19 00:00:00+05:30,27.156338909662356,2314.95,2213.75,27.033489227294922,1379552,0.0,0.0,ADANIENT.NS,Adani Enterprises Limited,Thermal Coal,Energy,Mr. Gautambhai Shantilal Adani S.Y. B.Com,"Ahmedabad, India",https://www.adanienterprises.com,2308.8,2238.85,2664840298496,77.06275,29.96,0.00059999997,3743.9,2025.0
2012-06-20 00:00:00+05:30,27.20159911110641,2314.95,2213.75,27.97102928161621,1379552,0.0,0.0,ADANIENT.NS,Adani Enterprises Limited,Thermal Coal,Energy,Mr. Gautambhai Shantilal Adani S.Y. B.Com,"Ahmedabad, India",https://www.adanienterprises.com,2308.8,2238.85,2664840298496,77.06275,29.96,0.00059999997,3743.9,2025.0
2012-06-21 00:00:00+05:30,27.932235321011262,2314.95,2213.75,28.242595672607422,1379552,0.0,0.0,ADANIENT.NS,Adani Enterprises Limited,Thermal Coal,Energy,Mr. Gautambhai Shantilal Adani S.Y. B.Com,"Ahmedabad, India",https://www.adanienterprises.com,2308.8,2238.85,2664840298496,77.06275,29.96,0.00059999997,3743.9,2025.0
2012-06-22 00:00:00+05:30,27.680071659876642,2314.95,2213.75,28.40424156188965,1379552,0.0,0.0,ADANIENT.NS,Adani Enterprises Limited,Thermal Coal,Energy,Mr. Gautambhai Shantilal Adani S.Y. B.Com,"Ahmedabad, India",https://www.adanienterprises.com,2308.8,2238.85,2664840298496,77.06275,29.96,0.00059999997,3743.9,2025.0
2012-06-25 00:00:00+05:30,28.449495978440783,2314.95,2213.75,27.35677719116211,1379552,0.0,0.0,ADANIENT.NS,Adani Enterprises Limited,Thermal Coal,Energy,Mr. Gautambhai Shantilal Adani S.Y. B.Com,"Ahmedabad, India",https://www.adanienterprises.com,2308.8,2238.85,2664840298496,77.06275,29.96,0.00059999997,3743.9,2025.0
2012-06-26 00:00:00+05:30,27.44729888429754,2314.95,2213.75,27.486093521118164,1379552,0.0,0.0,ADANIENT.NS,Adani Enterprises Limited,Thermal Coal,Energy,Mr. Gautambhai Shantilal Adani S.Y. B.Com,"Ahmedabad, India",https://www.adanienterprises.com,2308.8,2238.85,2664840298496,77.06275,29.96,0.00059999997,3743.9,2025.0
2012-06-27 00:00:00+05:30,27.621873316443768,2314.95,2213.75,28.365440368652344,1379552,0.0,0.0,ADANIENT.NS,Adani Enterprises Limited,Thermal Coal,Energy,Mr. Gautambhai Shantilal Adani S.Y. B.Com,"Ahmedabad, India",https://www.adanienterprises.com,2308.8,2238.85,2664840298496,77.06275,29.96,0.00059999997,3743.9,2025.0
2012-06-28 00:00:00+05:30,28.449496122400824,2314.95,2213.75,28.132673263549805,1379552,0.0,0.0,ADANIENT.NS,Adani Enterprises Limited,Thermal Coal,Energy,Mr. Gautambhai Shantilal Adani S.Y. B.Com,"Ahmedabad, India",https://www.adanienterprises.com,2308.8,2238.85,2664840298496,77.06275,29.96,0.00059999997,3743.9,2025.0
2012-06-29 00:00:00+05:30,28.44949816191516,2314.95,2213.75,28.759855270385742,1379552,0.0,0.0,ADANIENT.NS,Adani Enterprises Limited,Thermal Coal,Energy,Mr. Gautambhai Shantilal Adani S.Y. B.Com,"Ahmedabad, India",https://www.adanienterprises.com,2308.8,2238.85,2664840298496,77.06275,29.96,0.00059999997,3743.9,2025.0
2012-07-02 00:00:00+05:30,28.966764972949374,2314.95,2213.75,30.389238357543945,1379552,0.0,0.0,ADANIENT.NS,Adani Enterprises Limited,Thermal Coal,Energy,Mr. Gautambhai Shantilal Adani S.Y. B.Com,"Ahmedabad, India",https://www.adanienterprises.com,2308.8,2238.85,2664840298496,77.06275,29.96,0.00059999997,3743.9,2025.0
2012-07-03 00:00:00+05:30,30.570274114345754,2314.95,2213.75,30.796579360961914,1379552,0.0,0.0,ADANIENT.NS,Adani Enterprises Limited,Thermal Coal,Energy,Mr. Gautambhai Shantilal Adani S.Y. B.Com,"Ahmedabad, India",https://www.adanienterprises.com,2308.8,2238.85,2664840298496,77.06275,29.96,0.00059999997,3743.9,2025.0
2012-07-04 00:00:00+05:30,30.906498901019233,2314.95,2213.75,30.712522506713867,1379552,0.0,0.0,ADANIENT.NS,Adani Enterprises Limited,Thermal Coal,Energy,Mr. Gautambhai Shantilal Adani S.Y. B.Com,"Ahmedabad, India",https://www.adanienterprises.com,2308.8,2238.85,2664840298496,77.06275,29.96,0.00059999997,3743.9,2025.0
2012-07-05 00:00:00+05:30,30.777182812585764,2314.95,2213.75,30.893569946289062,1379552,0.0,0.0,ADANIENT.NS,Adani Enterprises Limited,Thermal Coal,Energy,Mr. Gautambhai Shantilal Adani S.Y. B.Com,"Ahmedabad, India",https://www.adanienterprises.com,2308.8,2238.85,2664840298496,77.06275,29.96,0.00059999997,3743.9,2025.0
2012-07-06 00:00:00+05:30,30.85477931898108,2314.95,2213.75,30.305185317993164,1379552,0.0,0.0,ADANIENT.NS,Adani Enterprises Limited,Thermal Coal,Energy,Mr. Gautambhai Shantilal Adani S.Y. B.Com,"Ahmedabad, India",https://www.adanienterprises.com,2308.8,2238.85,2664840298496,77.06275,29.96,0.00059999997,3743.9,2025.0
2012-07-09 00:00:00+05:30,30.259920929163613,2314.95,2213.75,28.992626190185547,1379552,0.0,0.0,ADANIENT.NS,Adani Enterprises Limited,Thermal Coal,Energy,Mr. Gautambhai Shantilal Adani S.Y. B.Com,"Ahmedabad, India",https://www.adanienterprises.com,2308.8,2238.85,2664840298496,77.06275,29.96,0.00059999997,3743.9,2025.0
2012-07-10 00:00:00+05:30,28.966762936165715,2314.95,2213.75,29.606874465942383,1379552,0.0,0.0,ADANIENT.NS,Adani Enterprises Limited,Thermal Coal,Energy,Mr. Gautambhai Shantilal Adani S.Y. B.Com,"Ahmedabad, India",https://www.adanienterprises.com,2308.8,2238.85,2664840298496,77.06275,29.96,0.00059999997,3743.9,2025.0
2012-07-11 00:00:00+05:30,29.484028327675663,2314.95,2213.75,29.684467315673828,1379552,0.0,0.0,ADANIENT.NS,Adani Enterprises Limited,Thermal Coal,Energy,Mr. Gautambhai Shantilal Adani S.Y. B.Com,"Ahmedabad, India",https://www.adanienterprises.com,2308.8,2238.85,2664840298496,77.06275,29.96,0.00059999997,3743.9,2025.0
2012-07-12 00:00:00+05:30,29.302982913595894,2314.95,2213.75,29.063749313354492,1379552,0.0,0.0,ADANIENT.NS,Adani Enterprises Limited,Thermal Coal,Energy,Mr. Gautambhai Shantilal Adani S.Y. B.Com,"Ahmedabad, India",https://www.adanienterprises.com,2308.8,2238.85,2664840298496,77.06275,29.96,0.00059999997,3743.9,2025.0
2012-07-13 00:00:00+05:30,29.09608240936825,2314.95,2213.75,28.753393173217773,1379552,0.0,0.0,ADANIENT.NS,Adani Enterprises Limited,Thermal Coal,Energy,Mr. Gautambhai Shantilal Adani S.Y. B.Com,"Ahmedabad, India",https://www.adanienterprises.com,2308.8,2238.85,2664840298496,77.06275,29.96,0.00059999997,3743.9,2025.0
2012-07-16 00:00:00+05:30,28.695197375525645,2314.95,2213.75,27.44729995727539,1379552,0.0,0.0,ADANIENT.NS,Adani Enterprises Limited,Thermal Coal,Energy,Mr. Gautambhai Shantilal Adani S.Y. B.Com,"Ahmedabad, India",https://www.adanienterprises.com,2308.8,2238.85,2664840298496,77.06275,29.96,0.00059999997,3743.9,2025.0
2012-07-17 00:00:00+05:30,27.479625452901402,2314.95,2213.75,25.151939392089844,1379552,0.0,0.0,ADANIENT.NS,Adani Enterprises Limited,Thermal Coal,Energy,Mr. Gautambhai Shantilal Adani S.Y. B.Com,"Ahmedabad, India",https://www.adanienterprises.com,2308.8,2238.85,2664840298496,77.06275,29.96,0.00059999997,3743.9,2025.0
2012-07-18 00:00:00+05:30,25.34591313271464,2314.95,2213.75,25.695066452026367,1379552,0.0,0.0,ADANIENT.NS,Adani Enterprises Limited,Thermal Coal,Energy,Mr. Gautambhai Shantilal Adani S.Y. B.Com,"Ahmedabad, India",https://www.adanienterprises.com,2308.8,2238.85,2664840298496,77.06275,29.96,0.00059999997,3743.9,2025.0
2012-07-19 00:00:00+05:30,25.8631781560792,2314.95,2213.75,25.326519012451172,1379552,0.0,0.0,ADANIENT.NS,Adani Enterprises Limited,Thermal Coal,Energy,Mr. Gautambhai Shantilal Adani S.Y. B.Com,"Ahmedabad, India",https://www.adanienterprises.com,2308.8,2238.85,2664840298496,77.06275,29.96,0.00059999997,3743.9,2025.0
2012-07-20 00:00:00+05:30,25.345915915571602,2314.95,2213.75,25.30712127685547,1379552,0.0,0.0,ADANIENT.NS,Adani Enterprises Limited,Thermal Coal,Energy,Mr. Gautambhai Shantilal Adani S.Y. B.Com,"Ahmedabad, India",https://www.adanienterprises.com,2308.8,2238.85,2664840298496,77.06275,29.96,0.00059999997,3743.9,2025.0
2012-07-23 00:00:00+05:30,25.087279530598025,2314.95,2213.75,24.802783966064453,1379552,0.0,0.0,ADANIENT.NS,Adani Enterprises Limited,Thermal Coal,Energy,Mr. Gautambhai Shantilal Adani S.Y. B.Com,"Ahmedabad, India",https://www.adanienterprises.com,2308.8,2238.85,2664840298496,77.06275,29.96,0.00059999997,3743.9,2025.0
2012-07-24 00:00:00+05:30,24.828648889396632,2314.95,2213.75,24.873910903930664,1379552,0.0,0.0,ADANIENT.NS,Adani Enterprises Limited,Thermal Coal,Energy,Mr. Gautambhai Shantilal Adani S.Y. B.Com,"Ahmedabad, India",https://www.adanienterprises.com,2308.8,2238.85,2664840298496,77.06275,29.96,0.00059999997,3743.9,2025.0
2012-07-25 00:00:00+05:30,25.23600024361222,2314.95,2213.75,24.544160842895508,1379552,0.0,0.0,ADANIENT.NS,Adani Enterprises Limited,Thermal Coal,Energy,Mr. Gautambhai Shantilal Adani S.Y. B.Com,"Ahmedabad, India",https://www.adanienterprises.com,2308.8,2238.85,2664840298496,77.06275,29.96,0.00059999997,3743.9,2025.0
2012-07-26 00:00:00+05:30,24.893311456878614,2314.95,2213.75,23.373849868774414,1379552,0.0,0.0,ADANIENT.NS,Adani Enterprises Limited,Thermal Coal,Energy,Mr. Gautambhai Shantilal Adani S.Y. B.Com,"Ahmedabad, India",https://www.adanienterprises.com,2308.8,2238.85,2664840298496,77.06275,29.96,0.00059999997,3743.9,2025.0
2012-07-27 00:00:00+05:30,23.574286043284086,2314.95,2213.75,22.403976440429688,1379552,0.0,0.0,ADANIENT.NS,Adani Enterprises Limited,Thermal Coal,Energy,Mr. Gautambhai Shantilal Adani S.Y. B.Com,"Ahmedabad, India",https://www.adanienterprises.com,2308.8,2238.85,2664840298496,77.06275,29.96,0.00059999997,3743.9,2025.0
2012-07-30 00:00:00+05:30,22.500967267104688,2314.95,2213.75,23.03116226196289,1379552,0.0,0.0,ADANIENT.NS,Adani Enterprises Limited,Thermal Coal,Energy,Mr. Gautambhai Shantilal Adani S.Y. B.Com,"Ahmedabad, India",https://www.adanienterprises.com,2308.8,2238.85,2664840298496,77.06275,29.96,0.00059999997,3743.9,2025.0
2012-07-31 00:00:00+05:30,23.115219046527738,2314.95,2213.75,23.393245697021484,1379552,0.0,0.0,ADANIENT.NS,Adani Enterprises Limited,Thermal Coal,Energy,Mr. Gautambhai Shantilal Adani S.Y. B.Com,"Ahmedabad, India",https://www.adanienterprises.com,2308.8,2238.85,2664840298496,77.06275,29.96,0.00059999997,3743.9,2025.0
2012-08-01 00:00:00+05:30,23.464370418637436,2314.95,2213.75,23.96870231628418,1379552,0.0,0.0,ADANIENT.NS,Adani Enterprises Limited,Thermal Coal,Energy,Mr. Gautambhai Shantilal Adani S.Y. B.Com,"Ahmedabad, India",https://www.adanienterprises.com,2308.8,2238.85,2664840298496,77.06275,29.96,0.00059999997,3743.9,2025.0
2012-08-02 00:00:00+05:30,24.83646690881037,2314.95,2213.75,24.89678192138672,1379552,1.0,0.0,ADANIENT.NS,Adani Enterprises Limited,Thermal Coal,Energy,Mr. Gautambhai Shantilal Adani S.Y. B.Com,"Ahmedabad, India",https://www.adanienterprises.com,2308.8,2238.85,2664840298496,77.06275,29.96,0.00059999997,3743.9,2025.0
2012-08-03 00:00:00+05:30,24.823063166656375,2314.95,2213.75,24.099281311035156,1379552,0.0,0.0,ADANIENT.NS,Adani Enterprises Limited,Thermal Coal,Energy,Mr. Gautambhai Shantilal Adani S.Y. B.Com,"Ahmedabad, India",https://www.adanienterprises.com,2308.8,2238.85,2664840298496,77.06275,29.96,0.00059999997,3743.9,2025.0
2012-08-06 00:00:00+05:30,24.126087029060148,2314.95,2213.75,24.260120391845703,1379552,0.0,0.0,ADANIENT.NS,Adani Enterprises Limited,Thermal Coal,Energy,Mr. Gautambhai Shantilal Adani S.Y. B.Com,"Ahmedabad, India",https://www.adanienterprises.com,2308.8,2238.85,2664840298496,77.06275,29.96,0.00059999997,3743.9,2025.0
2012-08-07 00:00:00+05:30,24.394152730622366,2314.95,2213.75,24.48797607421875,1379552,0.0,0.0,ADANIENT.NS,Adani Enterprises Limited,Thermal Coal,Energy,Mr. Gautambhai Shantilal Adani S.Y. B.Com,"Ahmedabad, India",https://www.adanienterprises.com,2308.8,2238.85,2664840298496,77.06275,29.96,0.00059999997,3743.9,2025.0
2012-08-08 00:00:00+05:30,24.521487880068186,2314.95,2213.75,24.266822814941406,1379552,0.0,0.0,ADANIENT.NS,Adani Enterprises Limited,Thermal Coal,Energy,Mr. Gautambhai Shantilal Adani S.Y. B.Com,"Ahmedabad, India",https://www.adanienterprises.com,2308.8,2238.85,2664840298496,77.06275,29.96,0.00059999997,3743.9,2025.0
2012-08-09 00:00:00+05:30,24.260122980510868,2314.95,2213.75,23.84461784362793,1379552,0.0,0.0,ADANIENT.NS,Adani Enterprises Limited,Thermal Coal,Energy,Mr. Gautambhai Shantilal Adani S.Y. B.Com,"Ahmedabad, India",https://www.adanienterprises.com,2308.8,2238.85,2664840298496,77.06275,29.96,0.00059999997,3743.9,2025.0
2012-08-10 00:00:00+05:30,23.858016798320325,2314.95,2213.75,23.790998458862305,1379552,0.0,0.0,ADANIENT.NS,Adani Enterprises Limited,Thermal Coal,Energy,Mr. Gautambhai Shantilal Adani S.Y. B.Com,"Ahmedabad, India",https://www.adanienterprises.com,2308.8,2238.85,2664840298496,77.06275,29.96,0.00059999997,3743.9,2025.0
2012-08-13 00:00:00+05:30,23.7373896472844,2314.95,2213.75,24.521488189697266,1379552,0.0,0.0,ADANIENT.NS,Adani Enterprises Limited,Thermal Coal,Energy,Mr. Gautambhai Shantilal Adani S.Y. B.Com,"Ahmedabad, India",https://www.adanienterprises.com,2308.8,2238.85,2664840298496,77.06275,29.96,0.00059999997,3743.9,2025.0
2012-08-14 00:00:00+05:30,24.52818491372346,2314.95,2213.75,25.70768165588379,1379552,0.0,0.0,ADANIENT.NS,Adani Enterprises Limited,Thermal Coal,Energy,Mr. Gautambhai Shantilal Adani S.Y. B.Com,"Ahmedabad, India",https://www.adanienterprises.com,2308.8,2238.85,2664840298496,77.06275,29.96,0.00059999997,3743.9,2025.0
2012-08-16 00:00:00+05:30,25.73448958599406,2314.95,2213.75,25.60045623779297,1379552,0.0,0.0,ADANIENT.NS,Adani Enterprises Limited,Thermal Coal,Energy,Mr. Gautambhai Shantilal Adani S.Y. B.Com,"Ahmedabad, India",https://www.adanienterprises.com,2308.8,2238.85,2664840298496,77.06275,29.96,0.00059999997,3743.9,2025.0
2012-08-17 00:00:00+05:30,25.506634760828636,2314.95,2213.75,24.554994583129883,1379552,0.0,0.0,ADANIENT.NS,Adani Enterprises Limited,Thermal Coal,Energy,Mr. Gautambhai Shantilal Adani S.Y. B.Com,"Ahmedabad, India",https://www.adanienterprises.com,2308.8,2238.85,2664840298496,77.06275,29.96,0.00059999997,3743.9,2025.0
2012-08-21 00:00:00+05:30,24.534884755110152,2314.95,2213.75,24.816354751586914,1379552,0.0,0.0,ADANIENT.NS,Adani Enterprises Limited,Thermal Coal,Energy,Mr. Gautambhai Shantilal Adani S.Y. B.Com,"Ahmedabad, India",https://www.adanienterprises.com,2308.8,2238.85,2664840298496,77.06275,29.96,0.00059999997,3743.9,2025.0
2012-08-22 00:00:00+05:30,24.863273576884833,2314.95,2213.75,24.37405014038086,1379552,0.0,0.0,ADANIENT.NS,Adani Enterprises Limited,Thermal Coal,Energy,Mr. Gautambhai Shantilal Adani S.Y. B.Com,"Ahmedabad, India",https://www.adanienterprises.com,2308.8,2238.85,2664840298496,77.06275,29.96,0.00059999997,3743.9,2025.0
2012-08-23 00:00:00+05:30,24.266824156577318,2314.95,2213.75,23.925037384033203,1379552,0.0,0.0,ADANIENT.NS,Adani Enterprises Limited,Thermal Coal,Energy,Mr. Gautambhai Shantilal Adani S.Y. B.Com,"Ahmedabad, India",https://www.adanienterprises.com,2308.8,2238.85,2664840298496,77.06275,29.96,0.00059999997,3743.9,2025.0
2012-08-24 00:00:00+05:30,23.858019133214288,2314.95,2213.75,23.422409057617188,1379552,0.0,0.0,ADANIENT.NS,Adani Enterprises Limited,Thermal Coal,Energy,Mr. Gautambhai Shantilal Adani S.Y. B.Com,"Ahmedabad, India",https://www.adanienterprises.com,2308.8,2238.85,2664840298496,77.06275,29.96,0.00059999997,3743.9,2025.0
2012-08-27 00:00:00+05:30,23.4559164608747,2314.95,2213.75,21.324779510498047,1379552,0.0,0.0,ADANIENT.NS,Adani Enterprises Limited,Thermal Coal,Energy,Mr. Gautambhai Shantilal Adani S.Y. B.Com,"Ahmedabad, India",https://www.adanienterprises.com,2308.8,2238.85,2664840298496,77.06275,29.96,0.00059999997,3743.9,2025.0
2012-08-28 00:00:00+05:30,21.31137916992875,2314.95,2213.75,20.8958740234375,1379552,0.0,0.0,ADANIENT.NS,Adani Enterprises Limited,Thermal Coal,Energy,Mr. Gautambhai Shantilal Adani S.Y. B.Com,"Ahmedabad, India",https://www.adanienterprises.com,2308.8,2238.85,2664840298496,77.06275,29.96,0.00059999997,3743.9,2025.0
2012-08-29 00:00:00+05:30,20.942785410050522,2314.95,2213.75,20.72163200378418,1379552,0.0,0.0,ADANIENT.NS,Adani Enterprises Limited,Thermal Coal,Energy,Mr. Gautambhai Shantilal Adani S.Y. B.Com,"Ahmedabad, India",https://www.adanienterprises.com,2308.8,2238.85,2664840298496,77.06275,29.96,0.00059999997,3743.9,2025.0
2012-08-30 00:00:00+05:30,20.775241653059624,2314.95,2213.75,20.822154998779297,1379552,0.0,0.0,ADANIENT.NS,Adani Enterprises Limited,Thermal Coal,Energy,Mr. Gautambhai Shantilal Adani S.Y. B.Com,"Ahmedabad, India",https://www.adanienterprises.com,2308.8,2238.85,2664840298496,77.06275,29.96,0.00059999997,3743.9,2025.0
2012-08-31 00:00:00+05:30,20.775242719048272,2314.95,2213.75,20.882471084594727,1379552,0.0,0.0,ADANIENT.NS,Adani Enterprises Limited,Thermal Coal,Energy,Mr. Gautambhai Shantilal Adani S.Y. B.Com,"Ahmedabad, India",https://www.adanienterprises.com,2308.8,2238.85,2664840298496,77.06275,29.96,0.00059999997,3743.9,2025.0
2012-09-03 00:00:00+05:30,21.043308101062294,2314.95,2213.75,21.056713104248047,1379552,0.0,0.0,ADANIENT.NS,Adani Enterprises Limited,Thermal Coal,Energy,Mr. Gautambhai Shantilal Adani S.Y. B.Com,"Ahmedabad, India",https://www.adanienterprises.com,2308.8,2238.85,2664840298496,77.06275,29.96,0.00059999997,3743.9,2025.0
2012-09-04 00:00:00+05:30,21.016501793787466,2314.95,2213.75,21.197446823120117,1379552,0.0,0.0,ADANIENT.NS,Adani Enterprises Limited,Thermal Coal,Energy,Mr. Gautambhai Shantilal Adani S.Y. B.Com,"Ahmedabad, India",https://www.adanienterprises.com,2308.8,2238.85,2664840298496,77.06275,29.96,0.00059999997,3743.9,2025.0
2012-09-05 00:00:00+05:30,21.063417443204692,2314.95,2213.75,20.694822311401367,1379552,0.0,0.0,ADANIENT.NS,Adani Enterprises Limited,Thermal Coal,Energy,Mr. Gautambhai Shantilal Adani S.Y. B.Com,"Ahmedabad, India",https://www.adanienterprises.com,2308.8,2238.85,2664840298496,77.06275,29.96,0.00059999997,3743.9,2025.0
2012-09-06 00:00:00+05:30,20.82215454154192,2314.95,2213.75,20.580894470214844,1379552,0.0,0.0,ADANIENT.NS,Adani Enterprises Limited,Thermal Coal,Energy,Mr. Gautambhai Shantilal Adani S.Y. B.Com,"Ahmedabad, India",https://www.adanienterprises.com,2308.8,2238.85,2664840298496,77.06275,29.96,0.00059999997,3743.9,2025.0
2012-09-07 00:00:00+05:30,20.641206708809747,2314.95,2213.75,20.79534339904785,1379552,0.0,0.0,ADANIENT.NS,Adani Enterprises Limited,Thermal Coal,Energy,Mr. Gautambhai Shantilal Adani S.Y. B.Com,"Ahmedabad, India",https://www.adanienterprises.com,2308.8,2238.85,2664840298496,77.06275,29.96,0.00059999997,3743.9,2025.0
2012-09-10 00:00:00+05:30,20.775243823912948,2314.95,2213.75,22.799156188964844,1379552,0.0,0.0,ADANIENT.NS,Adani Enterprises Limited,Thermal Coal,Energy,Mr. Gautambhai Shantilal Adani S.Y. B.Com,"Ahmedabad, India",https://www.adanienterprises.com,2308.8,2238.85,2664840298496,77.06275,29.96,0.00059999997,3743.9,2025.0
2012-09-11 00:00:00+05:30,22.78574681788357,2314.95,2213.75,24.05906867980957,1379552,0.0,0.0,ADANIENT.NS,Adani Enterprises Limited,Thermal Coal,Energy,Mr. Gautambhai Shantilal Adani S.Y. B.Com,"Ahmedabad, India",https://www.adanienterprises.com,2308.8,2238.85,2664840298496,77.06275,29.96,0.00059999997,3743.9,2025.0
2012-09-12 00:00:00+05:30,24.126084509305777,2314.95,2213.75,23.563142776489258,1379552,0.0,0.0,ADANIENT.NS,Adani Enterprises Limited,Thermal Coal,Energy,Mr. Gautambhai Shantilal Adani S.Y. B.Com,"Ahmedabad, India",https://www.adanienterprises.com,2308.8,2238.85,2664840298496,77.06275,29.96,0.00059999997,3743.9,2025.0
2012-09-13 00:00:00+05:30,23.53634072524975,2314.95,2213.75,23.824512481689453,1379552,0.0,0.0,ADANIENT.NS,Adani Enterprises Limited,Thermal Coal,Energy,Mr. Gautambhai Shantilal Adani S.Y. B.Com,"Ahmedabad, India",https://www.adanienterprises.com,2308.8,2238.85,2664840298496,77.06275,29.96,0.00059999997,3743.9,2025.0
2012-09-14 00:00:00+05:30,24.12608577736785,2314.95,2213.75,25.3256893157959,1379552,0.0,0.0,ADANIENT.NS,Adani Enterprises Limited,Thermal Coal,Energy,Mr. Gautambhai Shantilal Adani S.Y. B.Com,"Ahmedabad, India",https://www.adanienterprises.com,2308.8,2238.85,2664840298496,77.06275,29.96,0.00059999997,3743.9,2025.0
2012-09-17 00:00:00+05:30,25.47982789307974,2314.95,2213.75,25.8015079498291,1379552,0.0,0.0,ADANIENT.NS,Adani Enterprises Limited,Thermal Coal,Energy,Mr. Gautambhai Shantilal Adani S.Y. B.Com,"Ahmedabad, India",https://www.adanienterprises.com,2308.8,2238.85,2664840298496,77.06275,29.96,0.00059999997,3743.9,2025.0
2012-09-18 00:00:00+05:30,25.801508594276672,2314.95,2213.75,26.31083869934082,1379552,0.0,0.0,ADANIENT.NS,Adani Enterprises Limited,Thermal Coal,Energy,Mr. Gautambhai Shantilal Adani S.Y. B.Com,"Ahmedabad, India",https://www.adanienterprises.com,2308.8,2238.85,2664840298496,77.06275,29.96,0.00059999997,3743.9,2025.0
2012-09-20 00:00:00+05:30,26.2706271081515,2314.95,2213.75,26.76655387878418,1379552,0.0,0.0,ADANIENT.NS,Adani Enterprises Limited,Thermal Coal,Energy,Mr. Gautambhai Shantilal Adani S.Y. B.Com,"Ahmedabad, India",https://www.adanienterprises.com,2308.8,2238.85,2664840298496,77.06275,29.96,0.00059999997,3743.9,2025.0
2012-09-21 00:00:00+05:30,26.806766959313162,2314.95,2213.75,27.2155704498291,1379552,0.0,0.0,ADANIENT.NS,Adani Enterprises Limited,Thermal Coal,Energy,Mr. Gautambhai Shantilal Adani S.Y. B.Com,"Ahmedabad, India",https://www.adanienterprises.com,2308.8,2238.85,2664840298496,77.06275,29.96,0.00059999997,3743.9,2025.0
2012-09-24 00:00:00+05:30,27.30268768615322,2314.95,2213.75,26.672727584838867,1379552,0.0,0.0,ADANIENT.NS,Adani Enterprises Limited,Thermal Coal,Energy,Mr. Gautambhai Shantilal Adani S.Y. B.Com,"Ahmedabad, India",https://www.adanienterprises.com,2308.8,2238.85,2664840298496,77.06275,29.96,0.00059999997,3743.9,2025.0
2012-09-25 00:00:00+05:30,26.73974863221395,2314.95,2213.75,26.846975326538086,1379552,0.0,0.0,ADANIENT.NS,Adani Enterprises Limited,Thermal Coal,Energy,Mr. Gautambhai Shantilal Adani S.Y. B.Com,"Ahmedabad, India",https://www.adanienterprises.com,2308.8,2238.85,2664840298496,77.06275,29.96,0.00059999997,3743.9,2025.0
2012-09-26 00:00:00+05:30,26.8536743957638,2314.95,2213.75,26.572202682495117,1379552,0.0,0.0,ADANIENT.NS,Adani Enterprises Limited,Thermal Coal,Energy,Mr. Gautambhai Shantilal Adani S.Y. B.Com,"Ahmedabad, India",https://www.adanienterprises.com,2308.8,2238.85,2664840298496,77.06275,29.96,0.00059999997,3743.9,2025.0
2012-09-27 00:00:00+05:30,26.666027104206492,2314.95,2213.75,26.31083869934082,1379552,0.0,0.0,ADANIENT.NS,Adani Enterprises Limited,Thermal Coal,Energy,Mr. Gautambhai Shantilal Adani S.Y. B.Com,"Ahmedabad, India",https://www.adanienterprises.com,2308.8,2238.85,2664840298496,77.06275,29.96,0.00059999997,3743.9,2025.0
2012-09-28 00:00:00+05:30,26.51859115877309,2314.95,2213.75,26.960901260375977,1379552,0.0,0.0,ADANIENT.NS,Adani Enterprises Limited,Thermal Coal,Energy,Mr. Gautambhai Shantilal Adani S.Y. B.Com,"Ahmedabad, India",https://www.adanienterprises.com,2308.8,2238.85,2664840298496,77.06275,29.96,0.00059999997,3743.9,2025.0
2012-10-01 00:00:00+05:30,26.94079402019206,2314.95,2213.75,26.55209732055664,1379552,0.0,0.0,ADANIENT.NS,Adani Enterprises Limited,Thermal Coal,Energy,Mr. Gautambhai Shantilal Adani S.Y. B.Com,"Ahmedabad, India",https://www.adanienterprises.com,2308.8,2238.85,2664840298496,77.06275,29.96,0.00059999997,3743.9,2025.0
2012-10-03 00:00:00+05:30,26.69953888378728,2314.95,2213.75,27.95945930480957,1379552,0.0,0.0,ADANIENT.NS,Adani Enterprises Limited,Thermal Coal,Energy,Mr. Gautambhai Shantilal Adani S.Y. B.Com,"Ahmedabad, India",https://www.adanienterprises.com,2308.8,2238.85,2664840298496,77.06275,29.96,0.00059999997,3743.9,2025.0
2012-10-04 00:00:00+05:30,28.02646935807676,2314.95,2213.75,30.177711486816406,1379552,0.0,0.0,ADANIENT.NS,Adani Enterprises Limited,Thermal Coal,Energy,Mr. Gautambhai Shantilal Adani S.Y. B.Com,"Ahmedabad, India",https://www.adanienterprises.com,2308.8,2238.85,2664840298496,77.06275,29.96,0.00059999997,3743.9,2025.0
2012-10-05 00:00:00+05:30,30.640124065725093,2314.95,2213.75,31.571659088134766,1379552,0.0,0.0,ADANIENT.NS,Adani Enterprises Limited,Thermal Coal,Energy,Mr. Gautambhai Shantilal Adani S.Y. B.Com,"Ahmedabad, India",https://www.adanienterprises.com,2308.8,2238.85,2664840298496,77.06275,29.96,0.00059999997,3743.9,2025.0
2012-10-08 00:00:00+05:30,31.47114585014498,2314.95,2213.75,30.472597122192383,1379552,0.0,0.0,ADANIENT.NS,Adani Enterprises Limited,Thermal Coal,Energy,Mr. Gautambhai Shantilal Adani S.Y. B.Com,"Ahmedabad, India",https://www.adanienterprises.com,2308.8,2238.85,2664840298496,77.06275,29.96,0.00059999997,3743.9,2025.0
2012-10-09 00:00:00+05:30,30.553011400374512,2314.95,2213.75,29.527652740478516,1379552,0.0,0.0,ADANIENT.NS,Adani Enterprises Limited,Thermal Coal,Energy,Mr. Gautambhai Shantilal Adani S.Y. B.Com,"Ahmedabad, India",https://www.adanienterprises.com,2308.8,2238.85,2664840298496,77.06275,29.96,0.00059999997,3743.9,2025.0
2012-10-10 00:00:00+05:30,29.340002308399583,2314.95,2213.75,28.301237106323242,1379552,0.0,0.0,ADANIENT.NS,Adani Enterprises Limited,Thermal Coal,Energy,Mr. Gautambhai Shantilal Adani S.Y. B.Com,"Ahmedabad, India",https://www.adanienterprises.com,2308.8,2238.85,2664840298496,77.06275,29.96,0.00059999997,3743.9,2025.0
2012-10-11 00:00:00+05:30,28.415169146062407,2314.95,2213.75,30.20452117919922,1379552,0.0,0.0,ADANIENT.NS,Adani Enterprises Limited,Thermal Coal,Energy,Mr. Gautambhai Shantilal Adani S.Y. B.Com,"Ahmedabad, India",https://www.adanienterprises.com,2308.8,2238.85,2664840298496,77.06275,29.96,0.00059999997,3743.9,2025.0
2012-10-12 00:00:00+05:30,30.157606364313413,2314.95,2213.75,29.84262466430664,1379552,0.0,0.0,ADANIENT.NS,Adani Enterprises Limited,Thermal Coal,Energy,Mr. Gautambhai Shantilal Adani S.Y. B.Com,"Ahmedabad, India",https://www.adanienterprises.com,2308.8,2238.85,2664840298496,77.06275,29.96,0.00059999997,3743.9,2025.0
2012-10-15 00:00:00+05:30,29.869433110735844,2314.95,2213.75,29.621471405029297,1379552,0.0,0.0,ADANIENT.NS,Adani Enterprises Limited,Thermal Coal,Energy,Mr. Gautambhai Shantilal Adani S.Y. B.Com,"Ahmedabad, India",https://www.adanienterprises.com,2308.8,2238.85,2664840298496,77.06275,29.96,0.00059999997,3743.9,2025.0
2012-10-16 00:00:00+05:30,29.219370037280648,2314.95,2213.75,28.730148315429688,1379552,0.0,0.0,ADANIENT.NS,Adani Enterprises Limited,Thermal Coal,Energy,Mr. Gautambhai Shantilal Adani S.Y. B.Com,"Ahmedabad, India",https://www.adanienterprises.com,2308.8,2238.85,2664840298496,77.06275,29.96,0.00059999997,3743.9,2025.0
2012-10-17 00:00:00+05:30,28.951303447307712,2314.95,2213.75,28.663131713867188,1379552,0.0,0.0,ADANIENT.NS,Adani Enterprises Limited,Thermal Coal,Energy,Mr. Gautambhai Shantilal Adani S.Y. B.Com,"Ahmedabad, India",https://www.adanienterprises.com,2308.8,2238.85,2664840298496,77.06275,29.96,0.00059999997,3743.9,2025.0
2012-10-18 00:00:00+05:30,28.817266121766437,2314.95,2213.75,29.587961196899414,1379552,0.0,0.0,ADANIENT.NS,Adani Enterprises Limited,Thermal Coal,Energy,Mr. Gautambhai Shantilal Adani S.Y. B.Com,"Ahmedabad, India",https://www.adanienterprises.com,2308.8,2238.85,2664840298496,77.06275,29.96,0.00059999997,3743.9,2025.0
2012-10-19 00:00:00+05:30,29.42042008278299,2314.95,2213.75,28.971405029296875,1379552,0.0,0.0,ADANIENT.NS,Adani Enterprises Limited,Thermal Coal,Energy,Mr. Gautambhai Shantilal Adani S.Y. B.Com,"Ahmedabad, India",https://www.adanienterprises.com,2308.8,2238.85,2664840298496,77.06275,29.96,0.00059999997,3743.9,2025.0
2012-10-22 00:00:00+05:30,28.817265858025202,2314.95,2213.75,29.936450958251953,1379552,0.0,0.0,ADANIENT.NS,Adani Enterprises Limited,Thermal Coal,Energy,Mr. Gautambhai Shantilal Adani S.Y. B.Com,"Ahmedabad, India",https://www.adanienterprises.com,2308.8,2238.85,2664840298496,77.06275,29.96,0.00059999997,3743.9,2025.0
2012-10-23 00:00:00+05:30,30.12410359161662,2314.95,2213.75,30.01017189025879,1379552,0.0,0.0,ADANIENT.NS,Adani Enterprises Limited,Thermal Coal,Energy,Mr. Gautambhai Shantilal Adani S.Y. B.Com,"Ahmedabad, India",https://www.adanienterprises.com,2308.8,2238.85,2664840298496,77.06275,29.96,0.00059999997,3743.9,2025.0
2012-10-25 00:00:00+05:30,30.077186865642165,2314.95,2213.75,29.728696823120117,1379552,0.0,0.0,ADANIENT.NS,Adani Enterprises Limited,Thermal Coal,Energy,Mr. Gautambhai Shantilal Adani S.Y. B.Com,"Ahmedabad, India",https://www.adanienterprises.com,2308.8,2238.85,2664840298496,77.06275,29.96,0.00059999997,3743.9,2025.0
2012-10-29 00:00:00+05:30,29.152356905390338,2314.95,2213.75,28.917795181274414,1379552,0.0,0.0,ADANIENT.NS,Adani Enterprises Limited,Thermal Coal,Energy,Mr. Gautambhai Shantilal Adani S.Y. B.Com,"Ahmedabad, India",https://www.adanienterprises.com,2308.8,2238.85,2664840298496,77.06275,29.96,0.00059999997,3743.9,2025.0
2012-10-30 00:00:00+05:30,28.897691096449503,2314.95,2213.75,28.790464401245117,1379552,0.0,0.0,ADANIENT.NS,Adani Enterprises Limited,Thermal Coal,Energy,Mr. Gautambhai Shantilal Adani S.Y. B.Com,"Ahmedabad, India",https://www.adanienterprises.com,2308.8,2238.85,2664840298496,77.06275,29.96,0.00059999997,3743.9,2025.0
2012-10-31 00:00:00+05:30,28.817270319507045,2314.95,2213.75,28.864185333251953,1379552,0.0,0.0,ADANIENT.NS,Adani Enterprises Limited,Thermal Coal,Energy,Mr. Gautambhai Shantilal Adani S.Y. B.Com,"Ahmedabad, India",https://www.adanienterprises.com,2308.8,2238.85,2664840298496,77.06275,29.96,0.00059999997,3743.9,2025.0
2012-11-01 00:00:00+05:30,28.937900724519015,2314.95,2213.75,30.238027572631836,1379552,0.0,0.0,ADANIENT.NS,Adani Enterprises Limited,Thermal Coal,Energy,Mr. Gautambhai Shantilal Adani S.Y. B.Com,"Ahmedabad, India",https://www.adanienterprises.com,2308.8,2238.85,2664840298496,77.06275,29.96,0.00059999997,3743.9,2025.0
2012-11-02 00:00:00+05:30,30.43908152388524,2314.95,2213.75,30.1710147857666,1379552,0.0,0.0,ADANIENT.NS,Adani Enterprises Limited,Thermal Coal,Energy,Mr. Gautambhai Shantilal Adani S.Y. B.Com,"Ahmedabad, India",https://www.adanienterprises.com,2308.8,2238.85,2664840298496,77.06275,29.96,0.00059999997,3743.9,2025.0
2012-11-05 00:00:00+05:30,30.18441748995191,2314.95,2213.75,30.06378746032715,1379552,0.0,0.0,ADANIENT.NS,Adani Enterprises Limited,Thermal Coal,Energy,Mr. Gautambhai Shantilal Adani S.Y. B.Com,"Ahmedabad, India",https://www.adanienterprises.com,2308.8,2238.85,2664840298496,77.06275,29.96,0.00059999997,3743.9,2025.0
2012-11-06 00:00:00+05:30,30.15091195752897,2314.95,2213.75,30.546310424804688,1379552,0.0,0.0,ADANIENT.NS,Adani Enterprises Limited,Thermal Coal,Energy,Mr. Gautambhai Shantilal Adani S.Y. B.Com,"Ahmedabad, India",https://www.adanienterprises.com,2308.8,2238.85,2664840298496,77.06275,29.96,0.00059999997,3743.9,2025.0
2012-11-07 00:00:00+05:30,30.626722660679253,2314.95,2213.75,30.680335998535156,1379552,0.0,0.0,ADANIENT.NS,Adani Enterprises Limited,Thermal Coal,Energy,Mr. Gautambhai Shantilal Adani S.Y. B.Com,"Ahmedabad, India",https://www.adanienterprises.com,2308.8,2238.85,2664840298496,77.06275,29.96,0.00059999997,3743.9,2025.0
2012-11-08 00:00:00+05:30,30.5597070320591,2314.95,2213.75,30.41897201538086,1379552,0.0,0.0,ADANIENT.NS,Adani Enterprises Limited,Thermal Coal,Energy,Mr. Gautambhai Shantilal Adani S.Y. B.Com,"Ahmedabad, India",https://www.adanienterprises.com,2308.8,2238.85,2664840298496,77.06275,29.96,0.00059999997,3743.9,2025.0
2012-11-09 00:00:00+05:30,30.41897419519956,2314.95,2213.75,30.184415817260742,1379552,0.0,0.0,ADANIENT.NS,Adani Enterprises Limited,Thermal Coal,Energy,Mr. Gautambhai Shantilal Adani S.Y. B.Com,"Ahmedabad, India",https://www.adanienterprises.com,2308.8,2238.85,2664840298496,77.06275,29.96,0.00059999997,3743.9,2025.0
2012-11-12 00:00:00+05:30,30.278241713040185,2314.95,2213.75,30.291645050048828,1379552,0.0,0.0,ADANIENT.NS,Adani Enterprises Limited,Thermal Coal,Energy,Mr. Gautambhai Shantilal Adani S.Y. B.Com,"Ahmedabad, India",https://www.adanienterprises.com,2308.8,2238.85,2664840298496,77.06275,29.96,0.00059999997,3743.9,2025.0
2012-11-15 00:00:00+05:30,30.07718882673139,2314.95,2213.75,31.61187744140625,1379552,0.0,0.0,ADANIENT.NS,Adani Enterprises Limited,Thermal Coal,Energy,Mr. Gautambhai Shantilal Adani S.Y. B.Com,"Ahmedabad, India",https://www.adanienterprises.com,2308.8,2238.85,2664840298496,77.06275,29.96,0.00059999997,3743.9,2025.0
2012-11-16 00:00:00+05:30,31.78611536541781,2314.95,2213.75,30.197816848754883,1379552,0.0,0.0,ADANIENT.NS,Adani Enterprises Limited,Thermal Coal,Energy,Mr. Gautambhai Shantilal Adani S.Y. B.Com,"Ahmedabad, India",https://www.adanienterprises.com,2308.8,2238.85,2664840298496,77.06275,29.96,0.00059999997,3743.9,2025.0
2012-11-19 00:00:00+05:30,30.291647045292418,2314.95,2213.75,30.22463035583496,1379552,0.0,0.0,ADANIENT.NS,Adani Enterprises Limited,Thermal Coal,Energy,Mr. Gautambhai Shantilal Adani S.Y. B.Com,"Ahmedabad, India",https://www.adanienterprises.com,2308.8,2238.85,2664840298496,77.06275,29.96,0.00059999997,3743.9,2025.0
2012-11-20 00:00:00+05:30,30.29164443230168,2314.95,2213.75,29.78231430053711,1379552,0.0,0.0,ADANIENT.NS,Adani Enterprises Limited,Thermal Coal,Energy,Mr. Gautambhai Shantilal Adani S.Y. B.Com,"Ahmedabad, India",https://www.adanienterprises.com,2308.8,2238.85,2664840298496,77.06275,29.96,0.00059999997,3743.9,2025.0
2012-11-21 00:00:00+05:30,29.755508005859685,2314.95,2213.75,30.1710147857666,1379552,0.0,0.0,ADANIENT.NS,Adani Enterprises Limited,Thermal Coal,Energy,Mr. Gautambhai Shantilal Adani S.Y. B.Com,"Ahmedabad, India",https://www.adanienterprises.com,2308.8,2238.85,2664840298496,77.06275,29.96,0.00059999997,3743.9,2025.0
2012-11-22 00:00:00+05:30,30.18441784957906,2314.95,2213.75,30.003469467163086,1379552,0.0,0.0,ADANIENT.NS,Adani Enterprises Limited,Thermal Coal,Energy,Mr. Gautambhai Shantilal Adani S.Y. B.Com,"Ahmedabad, India",https://www.adanienterprises.com,2308.8,2238.85,2664840298496,77.06275,29.96,0.00059999997,3743.9,2025.0
2012-11-23 00:00:00+05:30,30.02357980504159,2314.95,2213.75,30.305049896240234,1379552,0.0,0.0,ADANIENT.NS,Adani Enterprises Limited,Thermal Coal,Energy,Mr. Gautambhai Shantilal Adani S.Y. B.Com,"Ahmedabad, India",https://www.adanienterprises.com,2308.8,2238.85,2664840298496,77.06275,29.96,0.00059999997,3743.9,2025.0
2012-11-26 00:00:00+05:30,30.425673822276245,2314.95,2213.75,30.640127182006836,1379552,0.0,0.0,ADANIENT.NS,Adani Enterprises Limited,Thermal Coal,Energy,Mr. Gautambhai Shantilal Adani S.Y. B.Com,"Ahmedabad, India",https://www.adanienterprises.com,2308.8,2238.85,2664840298496,77.06275,29.96,0.00059999997,3743.9,2025.0
2012-11-27 00:00:00+05:30,30.62672451986866,2314.95,2213.75,31.149457931518555,1379552,0.0,0.0,ADANIENT.NS,Adani Enterprises Limited,Thermal Coal,Energy,Mr. Gautambhai Shantilal Adani S.Y. B.Com,"Ahmedabad, India",https://www.adanienterprises.com,2308.8,2238.85,2664840298496,77.06275,29.96,0.00059999997,3743.9,2025.0
2012-11-29 00:00:00+05:30,31.169558471775314,2314.95,2213.75,30.928295135498047,1379552,0.0,0.0,ADANIENT.NS,Adani Enterprises Limited,Thermal Coal,Energy,Mr. Gautambhai Shantilal Adani S.Y. B.Com,"Ahmedabad, India",https://www.adanienterprises.com,2308.8,2238.85,2664840298496,77.06275,29.96,0.00059999997,3743.9,2025.0
2012-11-30 00:00:00+05:30,31.129359348159678,2314.95,2213.75,32.134613037109375,1379552,0.0,0.0,ADANIENT.NS,Adani Enterprises Limited,Thermal Coal,Energy,Mr. Gautambhai Shantilal Adani S.Y. B.Com,"Ahmedabad, India",https://www.adanienterprises.com,2308.8,2238.85,2664840298496,77.06275,29.96,0.00059999997,3743.9,2025.0
2012-12-03 00:00:00+05:30,32.32896125917905,2314.95,2213.75,34.734867095947266,1379552,0.0,0.0,ADANIENT.NS,Adani Enterprises Limited,Thermal Coal,Energy,Mr. Gautambhai Shantilal Adani S.Y. B.Com,"Ahmedabad, India",https://www.adanienterprises.com,2308.8,2238.85,2664840298496,77.06275,29.96,0.00059999997,3743.9,2025.0
2012-12-04 00:00:00+05:30,34.848795762883995,2314.95,2213.75,34.09820556640625,1379552,0.0,0.0,ADANIENT.NS,Adani Enterprises Limited,Thermal Coal,Energy,Mr. Gautambhai Shantilal Adani S.Y. B.Com,"Ahmedabad, India",https://www.adanienterprises.com,2308.8,2238.85,2664840298496,77.06275,29.96,0.00059999997,3743.9,2025.0
2012-12-05 00:00:00+05:30,33.50845348700396,2314.95,2213.75,33.407928466796875,1379552,0.0,0.0,ADANIENT.NS,Adani Enterprises Limited,Thermal Coal,Energy,Mr. Gautambhai Shantilal Adani S.Y. B.Com,"Ahmedabad, India",https://www.adanienterprises.com,2308.8,2238.85,2664840298496,77.06275,29.96,0.00059999997,3743.9,2025.0
2012-12-06 00:00:00+05:30,33.508453967740806,2314.95,2213.75,35.09675598144531,1379552,0.0,0.0,ADANIENT.NS,Adani Enterprises Limited,Thermal Coal,Energy,Mr. Gautambhai Shantilal Adani S.Y. B.Com,"Ahmedabad, India",https://www.adanienterprises.com,2308.8,2238.85,2664840298496,77.06275,29.96,0.00059999997,3743.9,2025.0
2012-12-07 00:00:00+05:30,35.116855448911565,2314.95,2213.75,35.28439712524414,1379552,0.0,0.0,ADANIENT.NS,Adani Enterprises Limited,Thermal Coal,Energy,Mr. Gautambhai Shantilal Adani S.Y. B.Com,"Ahmedabad, India",https://www.adanienterprises.com,2308.8,2238.85,2664840298496,77.06275,29.96,0.00059999997,3743.9,2025.0
2012-12-10 00:00:00+05:30,35.38493144347639,2314.95,2213.75,35.77362823486328,1379552,0.0,0.0,ADANIENT.NS,Adani Enterprises Limited,Thermal Coal,Energy,Mr. Gautambhai Shantilal Adani S.Y. B.Com,"Ahmedabad, India",https://www.adanienterprises.com,2308.8,2238.85,2664840298496,77.06275,29.96,0.00059999997,3743.9,2025.0
2012-12-11 00:00:00+05:30,35.800434859818715,2314.95,2213.75,36.450496673583984,1379552,0.0,0.0,ADANIENT.NS,Adani Enterprises Limited,Thermal Coal,Energy,Mr. Gautambhai Shantilal Adani S.Y. B.Com,"Ahmedabad, India",https://www.adanienterprises.com,2308.8,2238.85,2664840298496,77.06275,29.96,0.00059999997,3743.9,2025.0
2012-12-12 00:00:00+05:30,36.59792903516624,2314.95,2213.75,36.91960906982422,1379552,0.0,0.0,ADANIENT.NS,Adani Enterprises Limited,Thermal Coal,Energy,Mr. Gautambhai Shantilal Adani S.Y. B.Com,"Ahmedabad, India",https://www.adanienterprises.com,2308.8,2238.85,2664840298496,77.06275,29.96,0.00059999997,3743.9,2025.0
2012-12-13 00:00:00+05:30,36.99333328353555,2314.95,2213.75,35.62618637084961,1379552,0.0,0.0,ADANIENT.NS,Adani Enterprises Limited,Thermal Coal,Energy,Mr. Gautambhai Shantilal Adani S.Y. B.Com,"Ahmedabad, India",https://www.adanienterprises.com,2308.8,2238.85,2664840298496,77.06275,29.96,0.00059999997,3743.9,2025.0
2012-12-14 00:00:00+05:30,35.518953607724164,2314.95,2213.75,36.10870361328125,1379552,0.0,0.0,ADANIENT.NS,Adani Enterprises Limited,Thermal Coal,Energy,Mr. Gautambhai Shantilal Adani S.Y. B.Com,"Ahmedabad, India",https://www.adanienterprises.com,2308.8,2238.85,2664840298496,77.06275,29.96,0.00059999997,3743.9,2025.0
2012-12-17 00:00:00+05:30,36.18912712382565,2314.95,2213.75,37.556270599365234,1379552,0.0,0.0,ADANIENT.NS,Adani Enterprises Limited,Thermal Coal,Energy,Mr. Gautambhai Shantilal Adani S.Y. B.Com,"Ahmedabad, India",https://www.adanienterprises.com,2308.8,2238.85,2664840298496,77.06275,29.96,0.00059999997,3743.9,2025.0
2012-12-18 00:00:00+05:30,37.871252141826325,2314.95,2213.75,37.88465881347656,1379552,0.0,0.0,ADANIENT.NS,Adani Enterprises Limited,Thermal Coal,Energy,Mr. Gautambhai Shantilal Adani S.Y. B.Com,"Ahmedabad, India",https://www.adanienterprises.com,2308.8,2238.85,2664840298496,77.06275,29.96,0.00059999997,3743.9,2025.0
2012-12-19 00:00:00+05:30,37.80423864158831,2314.95,2213.75,39.09766387939453,1379552,0.0,0.0,ADANIENT.NS,Adani Enterprises Limited,Thermal Coal,Energy,Mr. Gautambhai Shantilal Adani S.Y. B.Com,"Ahmedabad, India",https://www.adanienterprises.com,2308.8,2238.85,2664840298496,77.06275,29.96,0.00059999997,3743.9,2025.0
2012-12-20 00:00:00+05:30,39.21829251036175,2314.95,2213.75,36.32316207885742,1379552,0.0,0.0,ADANIENT.NS,Adani Enterprises Limited,Thermal Coal,Energy,Mr. Gautambhai Shantilal Adani S.Y. B.Com,"Ahmedabad, India",https://www.adanienterprises.com,2308.8,2238.85,2664840298496,77.06275,29.96,0.00059999997,3743.9,2025.0
2012-12-21 00:00:00+05:30,37.28149115103442,2314.95,2213.75,36.58451461791992,1379552,0.0,0.0,ADANIENT.NS,Adani Enterprises Limited,Thermal Coal,Energy,Mr. Gautambhai Shantilal Adani S.Y. B.Com,"Ahmedabad, India",https://www.adanienterprises.com,2308.8,2238.85,2664840298496,77.06275,29.96,0.00059999997,3743.9,2025.0
2012-12-24 00:00:00+05:30,36.72526721135533,2314.95,2213.75,36.81238555908203,1379552,0.0,0.0,ADANIENT.NS,Adani Enterprises Limited,Thermal Coal,Energy,Mr. Gautambhai Shantilal Adani S.Y. B.Com,"Ahmedabad, India",https://www.adanienterprises.com,2308.8,2238.85,2664840298496,77.06275,29.96,0.00059999997,3743.9,2025.0
2012-12-26 00:00:00+05:30,36.85929932374441,2314.95,2213.75,36.564422607421875,1379552,0.0,0.0,ADANIENT.NS,Adani Enterprises Limited,Thermal Coal,Energy,Mr. Gautambhai Shantilal Adani S.Y. B.Com,"Ahmedabad, India",https://www.adanienterprises.com,2308.8,2238.85,2664840298496,77.06275,29.96,0.00059999997,3743.9,2025.0
2012-12-27 00:00:00+05:30,36.55102041628217,2314.95,2213.75,36.23604202270508,1379552,0.0,0.0,ADANIENT.NS,Adani Enterprises Limited,Thermal Coal,Energy,Mr. Gautambhai Shantilal Adani S.Y. B.Com,"Ahmedabad, India",https://www.adanienterprises.com,2308.8,2238.85,2664840298496,77.06275,29.96,0.00059999997,3743.9,2025.0
2012-12-28 00:00:00+05:30,36.423685397882366,2314.95,2213.75,36.477298736572266,1379552,0.0,0.0,ADANIENT.NS,Adani Enterprises Limited,Thermal Coal,Energy,Mr. Gautambhai Shantilal Adani S.Y. B.Com,"Ahmedabad, India",https://www.adanienterprises.com,2308.8,2238.85,2664840298496,77.06275,29.96,0.00059999997,3743.9,2025.0
2012-12-31 00:00:00+05:30,36.51081025214446,2314.95,2213.75,36.37007522583008,1379552,0.0,0.0,ADANIENT.NS,Adani Enterprises Limited,Thermal Coal,Energy,Mr. Gautambhai Shantilal Adani S.Y. B.Com,"Ahmedabad, India",https://www.adanienterprises.com,2308.8,2238.85,2664840298496,77.06275,29.96,0.00059999997,3743.9,2025.0
2013-01-01 00:00:00+05:30,36.63144080499181,2314.95,2213.75,36.97993087768555,1379552,0.0,0.0,ADANIENT.NS,Adani Enterprises Limited,Thermal Coal,Energy,Mr. Gautambhai Shantilal Adani S.Y. B.Com,"Ahmedabad, India",https://www.adanienterprises.com,2308.8,2238.85,2664840298496,77.06275,29.96,0.00059999997,3743.9,2025.0
2013-01-02 00:00:00+05:30,37.2882096002126,2314.95,2213.75,38.246551513671875,1379552,0.0,0.0,ADANIENT.NS,Adani Enterprises Limited,Thermal Coal,Energy,Mr. Gautambhai Shantilal Adani S.Y. B.Com,"Ahmedabad, India",https://www.adanienterprises.com,2308.8,2238.85,2664840298496,77.06275,29.96,0.00059999997,3743.9,2025.0
2013-01-03 00:00:00+05:30,38.45430508466364,2314.95,2213.75,37.623294830322266,1379552,0.0,0.0,ADANIENT.NS,Adani Enterprises Limited,Thermal Coal,Energy,Mr. Gautambhai Shantilal Adani S.Y. B.Com,"Ahmedabad, India",https://www.adanienterprises.com,2308.8,2238.85,2664840298496,77.06275,29.96,0.00059999997,3743.9,2025.0
2013-01-04 00:00:00+05:30,38.20633225734546,2314.95,2213.75,37.08715057373047,1379552,0.0,0.0,ADANIENT.NS,Adani Enterprises Limited,Thermal Coal,Energy,Mr. Gautambhai Shantilal Adani S.Y. B.Com,"Ahmedabad, India",https://www.adanienterprises.com,2308.8,2238.85,2664840298496,77.06275,29.96,0.00059999997,3743.9,2025.0
2013-01-07 00:00:00+05:30,37.288207058584284,2314.95,2213.75,37.44904708862305,1379552,0.0,0.0,ADANIENT.NS,Adani Enterprises Limited,Thermal Coal,Energy,Mr. Gautambhai Shantilal Adani S.Y. B.Com,"Ahmedabad, India",https://www.adanienterprises.com,2308.8,2238.85,2664840298496,77.06275,29.96,0.00059999997,3743.9,2025.0
2013-01-08 00:00:00+05:30,37.48926053692841,2314.95,2213.75,37.14077377319336,1379552,0.0,0.0,ADANIENT.NS,Adani Enterprises Limited,Thermal Coal,Energy,Mr. Gautambhai Shantilal Adani S.Y. B.Com,"Ahmedabad, India",https://www.adanienterprises.com,2308.8,2238.85,2664840298496,77.06275,29.96,0.00059999997,3743.9,2025.0
2013-01-09 00:00:00+05:30,37.24799875861045,2314.95,2213.75,36.89280700683594,1379552,0.0,0.0,ADANIENT.NS,Adani Enterprises Limited,Thermal Coal,Energy,Mr. Gautambhai Shantilal Adani S.Y. B.Com,"Ahmedabad, India",https://www.adanienterprises.com,2308.8,2238.85,2664840298496,77.06275,29.96,0.00059999997,3743.9,2025.0
2013-01-10 00:00:00+05:30,36.993337472299686,2314.95,2213.75,36.437095642089844,1379552,0.0,0.0,ADANIENT.NS,Adani Enterprises Limited,Thermal Coal,Energy,Mr. Gautambhai Shantilal Adani S.Y. B.Com,"Ahmedabad, India",https://www.adanienterprises.com,2308.8,2238.85,2664840298496,77.06275,29.96,0.00059999997,3743.9,2025.0
2013-01-11 00:00:00+05:30,36.316461389946916,2314.95,2213.75,35.049842834472656,1379552,0.0,0.0,ADANIENT.NS,Adani Enterprises Limited,Thermal Coal,Energy,Mr. Gautambhai Shantilal Adani S.Y. B.Com,"Ahmedabad, India",https://www.adanienterprises.com,2308.8,2238.85,2664840298496,77.06275,29.96,0.00059999997,3743.9,2025.0
2013-01-14 00:00:00+05:30,35.143669657871804,2314.95,2213.75,36.32986831665039,1379552,0.0,0.0,ADANIENT.NS,Adani Enterprises Limited,Thermal Coal,Energy,Mr. Gautambhai Shantilal Adani S.Y. B.Com,"Ahmedabad, India",https://www.adanienterprises.com,2308.8,2238.85,2664840298496,77.06275,29.96,0.00059999997,3743.9,2025.0
2013-01-15 00:00:00+05:30,36.18913310558135,2314.95,2213.75,35.85404968261719,1379552,0.0,0.0,ADANIENT.NS,Adani Enterprises Limited,Thermal Coal,Energy,Mr. Gautambhai Shantilal Adani S.Y. B.Com,"Ahmedabad, India",https://www.adanienterprises.com,2308.8,2238.85,2664840298496,77.06275,29.96,0.00059999997,3743.9,2025.0
2013-01-16 00:00:00+05:30,35.84063552573049,2314.95,2213.75,35.25088882446289,1379552,0.0,0.0,ADANIENT.NS,Adani Enterprises Limited,Thermal Coal,Energy,Mr. Gautambhai Shantilal Adani S.Y. B.Com,"Ahmedabad, India",https://www.adanienterprises.com,2308.8,2238.85,2664840298496,77.06275,29.96,0.00059999997,3743.9,2025.0
2013-01-17 00:00:00+05:30,35.38493227663083,2314.95,2213.75,35.713314056396484,1379552,0.0,0.0,ADANIENT.NS,Adani Enterprises Limited,Thermal Coal,Energy,Mr. Gautambhai Shantilal Adani S.Y. B.Com,"Ahmedabad, India",https://www.adanienterprises.com,2308.8,2238.85,2664840298496,77.06275,29.96,0.00059999997,3743.9,2025.0
2013-01-18 00:00:00+05:30,35.84063497261437,2314.95,2213.75,35.78702163696289,1379552,0.0,0.0,ADANIENT.NS,Adani Enterprises Limited,Thermal Coal,Energy,Mr. Gautambhai Shantilal Adani S.Y. B.Com,"Ahmedabad, India",https://www.adanienterprises.com,2308.8,2238.85,2664840298496,77.06275,29.96,0.00059999997,3743.9,2025.0
2013-01-21 00:00:00+05:30,35.94787039155255,2314.95,2213.75,36.81238555908203,1379552,0.0,0.0,ADANIENT.NS,Adani Enterprises Limited,Thermal Coal,Energy,Mr. Gautambhai Shantilal Adani S.Y. B.Com,"Ahmedabad, India",https://www.adanienterprises.com,2308.8,2238.85,2664840298496,77.06275,29.96,0.00059999997,3743.9,2025.0
2013-01-22 00:00:00+05:30,36.95983183182166,2314.95,2213.75,36.1556282043457,1379552,0.0,0.0,ADANIENT.NS,Adani Enterprises Limited,Thermal Coal,Energy,Mr. Gautambhai Shantilal Adani S.Y. B.Com,"Ahmedabad, India",https://www.adanienterprises.com,2308.8,2238.85,2664840298496,77.06275,29.96,0.00059999997,3743.9,2025.0
2013-01-23 00:00:00+05:30,35.96127458377088,2314.95,2213.75,36.07520294189453,1379552,0.0,0.0,ADANIENT.NS,Adani Enterprises Limited,Thermal Coal,Energy,Mr. Gautambhai Shantilal Adani S.Y. B.Com,"Ahmedabad, India",https://www.adanienterprises.com,2308.8,2238.85,2664840298496,77.06275,29.96,0.00059999997,3743.9,2025.0
2013-01-24 00:00:00+05:30,36.18913402885956,2314.95,2213.75,33.76982498168945,1379552,0.0,0.0,ADANIENT.NS,Adani Enterprises Limited,Thermal Coal,Energy,Mr. Gautambhai Shantilal Adani S.Y. B.Com,"Ahmedabad, India",https://www.adanienterprises.com,2308.8,2238.85,2664840298496,77.06275,29.96,0.00059999997,3743.9,2025.0
2013-01-25 00:00:00+05:30,33.642488099584575,2314.95,2213.75,34.6678466796875,1379552,0.0,0.0,ADANIENT.NS,Adani Enterprises Limited,Thermal Coal,Energy,Mr. Gautambhai Shantilal Adani S.Y. B.Com,"Ahmedabad, India",https://www.adanienterprises.com,2308.8,2238.85,2664840298496,77.06275,29.96,0.00059999997,3743.9,2025.0
2013-01-28 00:00:00+05:30,34.7214554881039,2314.95,2213.75,33.91725540161133,1379552,0.0,0.0,ADANIENT.NS,Adani Enterprises Limited,Thermal Coal,Energy,Mr. Gautambhai Shantilal Adani S.Y. B.Com,"Ahmedabad, India",https://www.adanienterprises.com,2308.8,2238.85,2664840298496,77.06275,29.96,0.00059999997,3743.9,2025.0
2013-01-29 00:00:00+05:30,33.923962964555386,2314.95,2213.75,33.092952728271484,1379552,0.0,0.0,ADANIENT.NS,Adani Enterprises Limited,Thermal Coal,Energy,Mr. Gautambhai Shantilal Adani S.Y. B.Com,"Ahmedabad, India",https://www.adanienterprises.com,2308.8,2238.85,2664840298496,77.06275,29.96,0.00059999997,3743.9,2025.0
2013-01-30 00:00:00+05:30,33.106351643464116,2314.95,2213.75,32.952213287353516,1379552,0.0,0.0,ADANIENT.NS,Adani Enterprises Limited,Thermal Coal,Energy,Mr. Gautambhai Shantilal Adani S.Y. B.Com,"Ahmedabad, India",https://www.adanienterprises.com,2308.8,2238.85,2664840298496,77.06275,29.96,0.00059999997,3743.9,2025.0
2013-01-31 00:00:00+05:30,32.972320672797224,2314.95,2213.75,33.51515579223633,1379552,0.0,0.0,ADANIENT.NS,Adani Enterprises Limited,Thermal Coal,Energy,Mr. Gautambhai Shantilal Adani S.Y. B.Com,"Ahmedabad, India",https://www.adanienterprises.com,2308.8,2238.85,2664840298496,77.06275,29.96,0.00059999997,3743.9,2025.0
2013-02-01 00:00:00+05:30,33.78992361657682,2314.95,2213.75,32.93880844116211,1379552,0.0,0.0,ADANIENT.NS,Adani Enterprises Limited,Thermal Coal,Energy,Mr. Gautambhai Shantilal Adani S.Y. B.Com,"Ahmedabad, India",https://www.adanienterprises.com,2308.8,2238.85,2664840298496,77.06275,29.96,0.00059999997,3743.9,2025.0
2013-02-04 00:00:00+05:30,33.253784414581894,2314.95,2213.75,33.01922607421875,1379552,0.0,0.0,ADANIENT.NS,Adani Enterprises Limited,Thermal Coal,Energy,Mr. Gautambhai Shantilal Adani S.Y. B.Com,"Ahmedabad, India",https://www.adanienterprises.com,2308.8,2238.85,2664840298496,77.06275,29.96,0.00059999997,3743.9,2025.0
2013-02-05 00:00:00+05:30,32.48979723465066,2314.95,2213.75,32.46969223022461,1379552,0.0,0.0,ADANIENT.NS,Adani Enterprises Limited,Thermal Coal,Energy,Mr. Gautambhai Shantilal Adani S.Y. B.Com,"Ahmedabad, India",https://www.adanienterprises.com,2308.8,2238.85,2664840298496,77.06275,29.96,0.00059999997,3743.9,2025.0
2013-02-06 00:00:00+05:30,32.70424798951391,2314.95,2213.75,33.186771392822266,1379552,0.0,0.0,ADANIENT.NS,Adani Enterprises Limited,Thermal Coal,Energy,Mr. Gautambhai Shantilal Adani S.Y. B.Com,"Ahmedabad, India",https://www.adanienterprises.com,2308.8,2238.85,2664840298496,77.06275,29.96,0.00059999997,3743.9,2025.0
2013-02-07 00:00:00+05:30,33.17337286156559,2314.95,2213.75,32.62383270263672,1379552,0.0,0.0,ADANIENT.NS,Adani Enterprises Limited,Thermal Coal,Energy,Mr. Gautambhai Shantilal Adani S.Y. B.Com,"Ahmedabad, India",https://www.adanienterprises.com,2308.8,2238.85,2664840298496,77.06275,29.96,0.00059999997,3743.9,2025.0
2013-02-08 00:00:00+05:30,32.72435270736451,2314.95,2213.75,31.196369171142578,1379552,0.0,0.0,ADANIENT.NS,Adani Enterprises Limited,Thermal Coal,Energy,Mr. Gautambhai Shantilal Adani S.Y. B.Com,"Ahmedabad, India",https://www.adanienterprises.com,2308.8,2238.85,2664840298496,77.06275,29.96,0.00059999997,3743.9,2025.0
2013-02-11 00:00:00+05:30,31.310299035385327,2314.95,2213.75,31.209774017333984,1379552,0.0,0.0,ADANIENT.NS,Adani Enterprises Limited,Thermal Coal,Energy,Mr. Gautambhai Shantilal Adani S.Y. B.Com,"Ahmedabad, India",https://www.adanienterprises.com,2308.8,2238.85,2664840298496,77.06275,29.96,0.00059999997,3743.9,2025.0
2013-02-12 00:00:00+05:30,31.25668602366095,2314.95,2213.75,30.184415817260742,1379552,0.0,0.0,ADANIENT.NS,Adani Enterprises Limited,Thermal Coal,Energy,Mr. Gautambhai Shantilal Adani S.Y. B.Com,"Ahmedabad, India",https://www.adanienterprises.com,2308.8,2238.85,2664840298496,77.06275,29.96,0.00059999997,3743.9,2025.0
2013-02-13 00:00:00+05:30,30.29834659371864,2314.95,2213.75,30.392169952392578,1379552,0.0,0.0,ADANIENT.NS,Adani Enterprises Limited,Thermal Coal,Energy,Mr. Gautambhai Shantilal Adani S.Y. B.Com,"Ahmedabad, India",https://www.adanienterprises.com,2308.8,2238.85,2664840298496,77.06275,29.96,0.00059999997,3743.9,2025.0
2013-02-14 00:00:00+05:30,30.44578103900899,2314.95,2213.75,28.890987396240234,1379552,0.0,0.0,ADANIENT.NS,Adani Enterprises Limited,Thermal Coal,Energy,Mr. Gautambhai Shantilal Adani S.Y. B.Com,"Ahmedabad, India",https://www.adanienterprises.com,2308.8,2238.85,2664840298496,77.06275,29.96,0.00059999997,3743.9,2025.0
2013-02-15 00:00:00+05:30,28.810566438820935,2314.95,2213.75,29.809118270874023,1379552,0.0,0.0,ADANIENT.NS,Adani Enterprises Limited,Thermal Coal,Energy,Mr. Gautambhai Shantilal Adani S.Y. B.Com,"Ahmedabad, India",https://www.adanienterprises.com,2308.8,2238.85,2664840298496,77.06275,29.96,0.00059999997,3743.9,2025.0
2013-02-18 00:00:00+05:30,29.96326290890519,2314.95,2213.75,30.995323181152344,1379552,0.0,0.0,ADANIENT.NS,Adani Enterprises Limited,Thermal Coal,Energy,Mr. Gautambhai Shantilal Adani S.Y. B.Com,"Ahmedabad, India",https://www.adanienterprises.com,2308.8,2238.85,2664840298496,77.06275,29.96,0.00059999997,3743.9,2025.0
2013-02-19 00:00:00+05:30,31.243281637748705,2314.95,2213.75,31.846431732177734,1379552,0.0,0.0,ADANIENT.NS,Adani Enterprises Limited,Thermal Coal,Energy,Mr. Gautambhai Shantilal Adani S.Y. B.Com,"Ahmedabad, India",https://www.adanienterprises.com,2308.8,2238.85,2664840298496,77.06275,29.96,0.00059999997,3743.9,2025.0
2013-02-20 00:00:00+05:30,31.90004714462663,2314.95,2213.75,31.712400436401367,1379552,0.0,0.0,ADANIENT.NS,Adani Enterprises Limited,Thermal Coal,Energy,Mr. Gautambhai Shantilal Adani S.Y. B.Com,"Ahmedabad, India",https://www.adanienterprises.com,2308.8,2238.85,2664840298496,77.06275,29.96,0.00059999997,3743.9,2025.0
2013-02-21 00:00:00+05:30,31.36391325132899,2314.95,2213.75,30.713848114013672,1379552,0.0,0.0,ADANIENT.NS,Adani Enterprises Limited,Thermal Coal,Energy,Mr. Gautambhai Shantilal Adani S.Y. B.Com,"Ahmedabad, India",https://www.adanienterprises.com,2308.8,2238.85,2664840298496,77.06275,29.96,0.00059999997,3743.9,2025.0
2013-02-22 00:00:00+05:30,30.626725767078174,2314.95,2213.75,31.042232513427734,1379552,0.0,0.0,ADANIENT.NS,Adani Enterprises Limited,Thermal Coal,Energy,Mr. Gautambhai Shantilal Adani S.Y. B.Com,"Ahmedabad, India",https://www.adanienterprises.com,2308.8,2238.85,2664840298496,77.06275,29.96,0.00059999997,3743.9,2025.0
2013-02-25 00:00:00+05:30,31.22987794348692,2314.95,2213.75,30.036977767944336,1379552,0.0,0.0,ADANIENT.NS,Adani Enterprises Limited,Thermal Coal,Energy,Mr. Gautambhai Shantilal Adani S.Y. B.Com,"Ahmedabad, India",https://www.adanienterprises.com,2308.8,2238.85,2664840298496,77.06275,29.96,0.00059999997,3743.9,2025.0
2013-02-26 00:00:00+05:30,30.03697633734132,2314.95,2213.75,29.05182456970215,1379552,0.0,0.0,ADANIENT.NS,Adani Enterprises Limited,Thermal Coal,Energy,Mr. Gautambhai Shantilal Adani S.Y. B.Com,"Ahmedabad, India",https://www.adanienterprises.com,2308.8,2238.85,2664840298496,77.06275,29.96,0.00059999997,3743.9,2025.0
2013-02-27 00:00:00+05:30,29.078632587760715,2314.95,2213.75,30.070486068725586,1379552,0.0,0.0,ADANIENT.NS,Adani Enterprises Limited,Thermal Coal,Energy,Mr. Gautambhai Shantilal Adani S.Y. B.Com,"Ahmedabad, India",https://www.adanienterprises.com,2308.8,2238.85,2664840298496,77.06275,29.96,0.00059999997,3743.9,2025.0
2013-02-28 00:00:00+05:30,30.345257604841912,2314.95,2213.75,28.90439224243164,1379552,0.0,0.0,ADANIENT.NS,Adani Enterprises Limited,Thermal Coal,Energy,Mr. Gautambhai Shantilal Adani S.Y. B.Com,"Ahmedabad, India",https://www.adanienterprises.com,2308.8,2238.85,2664840298496,77.06275,29.96,0.00059999997,3743.9,2025.0
2013-03-01 00:00:00+05:30,28.87088416121438,2314.95,2213.75,28.381662368774414,1379552,0.0,0.0,ADANIENT.NS,Adani Enterprises Limited,Thermal Coal,Energy,Mr. Gautambhai Shantilal Adani S.Y. B.Com,"Ahmedabad, India",https://www.adanienterprises.com,2308.8,2238.85,2664840298496,77.06275,29.96,0.00059999997,3743.9,2025.0
2013-03-04 00:00:00+05:30,28.555899432685962,2314.95,2213.75,28.173904418945312,1379552,0.0,0.0,ADANIENT.NS,Adani Enterprises Limited,Thermal Coal,Energy,Mr. Gautambhai Shantilal Adani S.Y. B.Com,"Ahmedabad, India",https://www.adanienterprises.com,2308.8,2238.85,2664840298496,77.06275,29.96,0.00059999997,3743.9,2025.0
2013-03-05 00:00:00+05:30,28.30794031402631,2314.95,2213.75,29.07193374633789,1379552,0.0,0.0,ADANIENT.NS,Adani Enterprises Limited,Thermal Coal,Energy,Mr. Gautambhai Shantilal Adani S.Y. B.Com,"Ahmedabad, India",https://www.adanienterprises.com,2308.8,2238.85,2664840298496,77.06275,29.96,0.00059999997,3743.9,2025.0
2013-03-06 00:00:00+05:30,29.212670495232246,2314.95,2213.75,29.5611572265625,1379552,0.0,0.0,ADANIENT.NS,Adani Enterprises Limited,Thermal Coal,Energy,Mr. Gautambhai Shantilal Adani S.Y. B.Com,"Ahmedabad, India",https://www.adanienterprises.com,2308.8,2238.85,2664840298496,77.06275,29.96,0.00059999997,3743.9,2025.0
2013-03-07 00:00:00+05:30,29.63487425002285,2314.95,2213.75,30.492691040039062,1379552,0.0,0.0,ADANIENT.NS,Adani Enterprises Limited,Thermal Coal,Energy,Mr. Gautambhai Shantilal Adani S.Y. B.Com,"Ahmedabad, India",https://www.adanienterprises.com,2308.8,2238.85,2664840298496,77.06275,29.96,0.00059999997,3743.9,2025.0
2013-03-08 00:00:00+05:30,30.646834602938252,2314.95,2213.75,31.585071563720703,1379552,0.0,0.0,ADANIENT.NS,Adani Enterprises Limited,Thermal Coal,Energy,Mr. Gautambhai Shantilal Adani S.Y. B.Com,"Ahmedabad, India",https://www.adanienterprises.com,2308.8,2238.85,2664840298496,77.06275,29.96,0.00059999997,3743.9,2025.0
2013-03-11 00:00:00+05:30,31.363914909596282,2314.95,2213.75,32.650638580322266,1379552,0.0,0.0,ADANIENT.NS,Adani Enterprises Limited,Thermal Coal,Energy,Mr. Gautambhai Shantilal Adani S.Y. B.Com,"Ahmedabad, India",https://www.adanienterprises.com,2308.8,2238.85,2664840298496,77.06275,29.96,0.00059999997,3743.9,2025.0
2013-03-12 00:00:00+05:30,32.7042449000111,2314.95,2213.75,32.047481536865234,1379552,0.0,0.0,ADANIENT.NS,Adani Enterprises Limited,Thermal Coal,Energy,Mr. Gautambhai Shantilal Adani S.Y. B.Com,"Ahmedabad, India",https://www.adanienterprises.com,2308.8,2238.85,2664840298496,77.06275,29.96,0.00059999997,3743.9,2025.0
2013-03-13 00:00:00+05:30,32.03408270018545,2314.95,2213.75,31.042232513427734,1379552,0.0,0.0,ADANIENT.NS,Adani Enterprises Limited,Thermal Coal,Energy,Mr. Gautambhai Shantilal Adani S.Y. B.Com,"Ahmedabad, India",https://www.adanienterprises.com,2308.8,2238.85,2664840298496,77.06275,29.96,0.00059999997,3743.9,2025.0
2013-03-14 00:00:00+05:30,30.827775072959717,2314.95,2213.75,32.114501953125,1379552,0.0,0.0,ADANIENT.NS,Adani Enterprises Limited,Thermal Coal,Energy,Mr. Gautambhai Shantilal Adani S.Y. B.Com,"Ahmedabad, India",https://www.adanienterprises.com,2308.8,2238.85,2664840298496,77.06275,29.96,0.00059999997,3743.9,2025.0
2013-03-15 00:00:00+05:30,32.16811915828886,2314.95,2213.75,32.080997467041016,1379552,0.0,0.0,ADANIENT.NS,Adani Enterprises Limited,Thermal Coal,Energy,Mr. Gautambhai Shantilal Adani S.Y. B.Com,"Ahmedabad, India",https://www.adanienterprises.com,2308.8,2238.85,2664840298496,77.06275,29.96,0.00059999997,3743.9,2025.0
2013-03-18 00:00:00+05:30,31.900043452591934,2314.95,2213.75,31.5783634185791,1379552,0.0,0.0,ADANIENT.NS,Adani Enterprises Limited,Thermal Coal,Energy,Mr. Gautambhai Shantilal Adani S.Y. B.Com,"Ahmedabad, India",https://www.adanienterprises.com,2308.8,2238.85,2664840298496,77.06275,29.96,0.00059999997,3743.9,2025.0
2013-03-19 00:00:00+05:30,31.833027037425754,2314.95,2213.75,30.197816848754883,1379552,0.0,0.0,ADANIENT.NS,Adani Enterprises Limited,Thermal Coal,Energy,Mr. Gautambhai Shantilal Adani S.Y. B.Com,"Ahmedabad, India",https://www.adanienterprises.com,2308.8,2238.85,2664840298496,77.06275,29.96,0.00059999997,3743.9,2025.0
2013-03-20 00:00:00+05:30,29.889547951961905,2314.95,2213.75,29.085344314575195,1379552,0.0,0.0,ADANIENT.NS,Adani Enterprises Limited,Thermal Coal,Energy,Mr. Gautambhai Shantilal Adani S.Y. B.Com,"Ahmedabad, India",https://www.adanienterprises.com,2308.8,2238.85,2664840298496,77.06275,29.96,0.00059999997,3743.9,2025.0
2013-03-21 00:00:00+05:30,29.219372983705004,2314.95,2213.75,27.932647705078125,1379552,0.0,0.0,ADANIENT.NS,Adani Enterprises Limited,Thermal Coal,Energy,Mr. Gautambhai Shantilal Adani S.Y. B.Com,"Ahmedabad, India",https://www.adanienterprises.com,2308.8,2238.85,2664840298496,77.06275,29.96,0.00059999997,3743.9,2025.0
2013-03-22 00:00:00+05:30,27.972855199661247,2314.95,2213.75,27.001110076904297,1379552,0.0,0.0,ADANIENT.NS,Adani Enterprises Limited,Thermal Coal,Energy,Mr. Gautambhai Shantilal Adani S.Y. B.Com,"Ahmedabad, India",https://www.adanienterprises.com,2308.8,2238.85,2664840298496,77.06275,29.96,0.00059999997,3743.9,2025.0
2013-03-25 00:00:00+05:30,27.14855065058968,2314.95,2213.75,25.955650329589844,1379552,0.0,0.0,ADANIENT.NS,Adani Enterprises Limited,Thermal Coal,Energy,Mr. Gautambhai Shantilal Adani S.Y. B.Com,"Ahmedabad, India",https://www.adanienterprises.com,2308.8,2238.85,2664840298496,77.06275,29.96,0.00059999997,3743.9,2025.0
2013-03-26 00:00:00+05:30,26.103086884609038,2314.95,2213.75,25.768003463745117,1379552,0.0,0.0,ADANIENT.NS,Adani Enterprises Limited,Thermal Coal,Energy,Mr. Gautambhai Shantilal Adani S.Y. B.Com,"Ahmedabad, India",https://www.adanienterprises.com,2308.8,2238.85,2664840298496,77.06275,29.96,0.00059999997,3743.9,2025.0
2013-03-28 00:00:00+05:30,25.8082099703418,2314.95,2213.75,27.10163688659668,1379552,0.0,0.0,ADANIENT.NS,Adani Enterprises Limited,Thermal Coal,Energy,Mr. Gautambhai Shantilal Adani S.Y. B.Com,"Ahmedabad, India",https://www.adanienterprises.com,2308.8,2238.85,2664840298496,77.06275,29.96,0.00059999997,3743.9,2025.0
2013-04-01 00:00:00+05:30,27.336198203267948,2314.95,2213.75,27.71819496154785,1379552,0.0,0.0,ADANIENT.NS,Adani Enterprises Limited,Thermal Coal,Energy,Mr. Gautambhai Shantilal Adani S.Y. B.Com,"Ahmedabad, India",https://www.adanienterprises.com,2308.8,2238.85,2664840298496,77.06275,29.96,0.00059999997,3743.9,2025.0
2013-04-02 00:00:00+05:30,27.476931039534755,2314.95,2213.75,28.542499542236328,1379552,0.0,0.0,ADANIENT.NS,Adani Enterprises Limited,Thermal Coal,Energy,Mr. Gautambhai Shantilal Adani S.Y. B.Com,"Ahmedabad, India",https://www.adanienterprises.com,2308.8,2238.85,2664840298496,77.06275,29.96,0.00059999997,3743.9,2025.0
2013-04-03 00:00:00+05:30,28.535800820466097,2314.95,2213.75,29.326601028442383,1379552,0.0,0.0,ADANIENT.NS,Adani Enterprises Limited,Thermal Coal,Energy,Mr. Gautambhai Shantilal Adani S.Y. B.Com,"Ahmedabad, India",https://www.adanienterprises.com,2308.8,2238.85,2664840298496,77.06275,29.96,0.00059999997,3743.9,2025.0
2013-04-04 00:00:00+05:30,29.031721051561757,2314.95,2213.75,28.066680908203125,1379552,0.0,0.0,ADANIENT.NS,Adani Enterprises Limited,Thermal Coal,Energy,Mr. Gautambhai Shantilal Adani S.Y. B.Com,"Ahmedabad, India",https://www.adanienterprises.com,2308.8,2238.85,2664840298496,77.06275,29.96,0.00059999997,3743.9,2025.0
2013-04-05 00:00:00+05:30,27.919239564552413,2314.95,2213.75,28.39505958557129,1379552,0.0,0.0,ADANIENT.NS,Adani Enterprises Limited,Thermal Coal,Energy,Mr. Gautambhai Shantilal Adani S.Y. B.Com,"Ahmedabad, India",https://www.adanienterprises.com,2308.8,2238.85,2664840298496,77.06275,29.96,0.00059999997,3743.9,2025.0
2013-04-08 00:00:00+05:30,28.54919776577823,2314.95,2213.75,28.173904418945312,1379552,0.0,0.0,ADANIENT.NS,Adani Enterprises Limited,Thermal Coal,Energy,Mr. Gautambhai Shantilal Adani S.Y. B.Com,"Ahmedabad, India",https://www.adanienterprises.com,2308.8,2238.85,2664840298496,77.06275,29.96,0.00059999997,3743.9,2025.0
2013-04-09 00:00:00+05:30,28.41517229596895,2314.95,2213.75,28.039878845214844,1379552,0.0,0.0,ADANIENT.NS,Adani Enterprises Limited,Thermal Coal,Energy,Mr. Gautambhai Shantilal Adani S.Y. B.Com,"Ahmedabad, India",https://www.adanienterprises.com,2308.8,2238.85,2664840298496,77.06275,29.96,0.00059999997,3743.9,2025.0
2013-04-10 00:00:00+05:30,28.200714753340407,2314.95,2213.75,27.550649642944336,1379552,0.0,0.0,ADANIENT.NS,Adani Enterprises Limited,Thermal Coal,Energy,Mr. Gautambhai Shantilal Adani S.Y. B.Com,"Ahmedabad, India",https://www.adanienterprises.com,2308.8,2238.85,2664840298496,77.06275,29.96,0.00059999997,3743.9,2025.0
2013-04-11 00:00:00+05:30,27.69139022470926,2314.95,2213.75,27.805316925048828,1379552,0.0,0.0,ADANIENT.NS,Adani Enterprises Limited,Thermal Coal,Energy,Mr. Gautambhai Shantilal Adani S.Y. B.Com,"Ahmedabad, India",https://www.adanienterprises.com,2308.8,2238.85,2664840298496,77.06275,29.96,0.00059999997,3743.9,2025.0
2013-04-12 00:00:00+05:30,27.47693028578662,2314.95,2213.75,28.2141170501709,1379552,0.0,0.0,ADANIENT.NS,Adani Enterprises Limited,Thermal Coal,Energy,Mr. Gautambhai Shantilal Adani S.Y. B.Com,"Ahmedabad, India",https://www.adanienterprises.com,2308.8,2238.85,2664840298496,77.06275,29.96,0.00059999997,3743.9,2025.0
2013-04-15 00:00:00+05:30,27.87903245630063,2314.95,2213.75,28.4888858795166,1379552,0.0,0.0,ADANIENT.NS,Adani Enterprises Limited,Thermal Coal,Energy,Mr. Gautambhai Shantilal Adani S.Y. B.Com,"Ahmedabad, India",https://www.adanienterprises.com,2308.8,2238.85,2664840298496,77.06275,29.96,0.00059999997,3743.9,2025.0
2013-04-16 00:00:00+05:30,28.54920141704786,2314.95,2213.75,29.453929901123047,1379552,0.0,0.0,ADANIENT.NS,Adani Enterprises Limited,Thermal Coal,Energy,Mr. Gautambhai Shantilal Adani S.Y. B.Com,"Ahmedabad, India",https://www.adanienterprises.com,2308.8,2238.85,2664840298496,77.06275,29.96,0.00059999997,3743.9,2025.0
2013-04-17 00:00:00+05:30,29.6080692058138,2314.95,2213.75,28.890987396240234,1379552,0.0,0.0,ADANIENT.NS,Adani Enterprises Limited,Thermal Coal,Energy,Mr. Gautambhai Shantilal Adani S.Y. B.Com,"Ahmedabad, India",https://www.adanienterprises.com,2308.8,2238.85,2664840298496,77.06275,29.96,0.00059999997,3743.9,2025.0
2013-04-18 00:00:00+05:30,28.797165298659557,2314.95,2213.75,29.507545471191406,1379552,0.0,0.0,ADANIENT.NS,Adani Enterprises Limited,Thermal Coal,Energy,Mr. Gautambhai Shantilal Adani S.Y. B.Com,"Ahmedabad, India",https://www.adanienterprises.com,2308.8,2238.85,2664840298496,77.06275,29.96,0.00059999997,3743.9,2025.0
2013-04-22 00:00:00+05:30,29.48743913002035,2314.95,2213.75,30.083890914916992,1379552,0.0,0.0,ADANIENT.NS,Adani Enterprises Limited,Thermal Coal,Energy,Mr. Gautambhai Shantilal Adani S.Y. B.Com,"Ahmedabad, India",https://www.adanienterprises.com,2308.8,2238.85,2664840298496,77.06275,29.96,0.00059999997,3743.9,2025.0
2013-04-23 00:00:00+05:30,30.157611635446393,2314.95,2213.75,28.944602966308594,1379552,0.0,0.0,ADANIENT.NS,Adani Enterprises Limited,Thermal Coal,Energy,Mr. Gautambhai Shantilal Adani S.Y. B.Com,"Ahmedabad, India",https://www.adanienterprises.com,2308.8,2238.85,2664840298496,77.06275,29.96,0.00059999997,3743.9,2025.0
2013-04-25 00:00:00+05:30,28.78376292244229,2314.95,2213.75,28.944602966308594,1379552,0.0,0.0,ADANIENT.NS,Adani Enterprises Limited,Thermal Coal,Energy,Mr. Gautambhai Shantilal Adani S.Y. B.Com,"Ahmedabad, India",https://www.adanienterprises.com,2308.8,2238.85,2664840298496,77.06275,29.96,0.00059999997,3743.9,2025.0
2013-04-26 00:00:00+05:30,29.038426692729217,2314.95,2213.75,28.529096603393555,1379552,0.0,0.0,ADANIENT.NS,Adani Enterprises Limited,Thermal Coal,Energy,Mr. Gautambhai Shantilal Adani S.Y. B.Com,"Ahmedabad, India",https://www.adanienterprises.com,2308.8,2238.85,2664840298496,77.06275,29.96,0.00059999997,3743.9,2025.0
2013-04-29 00:00:00+05:30,28.61621916895234,2314.95,2213.75,29.07863426208496,1379552,0.0,0.0,ADANIENT.NS,Adani Enterprises Limited,Thermal Coal,Energy,Mr. Gautambhai Shantilal Adani S.Y. B.Com,"Ahmedabad, India",https://www.adanienterprises.com,2308.8,2238.85,2664840298496,77.06275,29.96,0.00059999997,3743.9,2025.0
2013-04-30 00:00:00+05:30,29.22607306676213,2314.95,2213.75,29.23277473449707,1379552,0.0,0.0,ADANIENT.NS,Adani Enterprises Limited,Thermal Coal,Energy,Mr. Gautambhai Shantilal Adani S.Y. B.Com,"Ahmedabad, India",https://www.adanienterprises.com,2308.8,2238.85,2664840298496,77.06275,29.96,0.00059999997,3743.9,2025.0
2013-05-02 00:00:00+05:30,28.951299359097057,2314.95,2213.75,29.333297729492188,1379552,0.0,0.0,ADANIENT.NS,Adani Enterprises Limited,Thermal Coal,Energy,Mr. Gautambhai Shantilal Adani S.Y. B.Com,"Ahmedabad, India",https://www.adanienterprises.com,2308.8,2238.85,2664840298496,77.06275,29.96,0.00059999997,3743.9,2025.0
2013-05-03 00:00:00+05:30,29.353405606819628,2314.95,2213.75,29.815820693969727,1379552,0.0,0.0,ADANIENT.NS,Adani Enterprises Limited,Thermal Coal,Energy,Mr. Gautambhai Shantilal Adani S.Y. B.Com,"Ahmedabad, India",https://www.adanienterprises.com,2308.8,2238.85,2664840298496,77.06275,29.96,0.00059999997,3743.9,2025.0
2013-05-06 00:00:00+05:30,30.023576420404105,2314.95,2213.75,30.613323211669922,1379552,0.0,0.0,ADANIENT.NS,Adani Enterprises Limited,Thermal Coal,Energy,Mr. Gautambhai Shantilal Adani S.Y. B.Com,"Ahmedabad, India",https://www.adanienterprises.com,2308.8,2238.85,2664840298496,77.06275,29.96,0.00059999997,3743.9,2025.0
2013-05-07 00:00:00+05:30,30.76746224958821,2314.95,2213.75,31.08914566040039,1379552,0.0,0.0,ADANIENT.NS,Adani Enterprises Limited,Thermal Coal,Energy,Mr. Gautambhai Shantilal Adani S.Y. B.Com,"Ahmedabad, India",https://www.adanienterprises.com,2308.8,2238.85,2664840298496,77.06275,29.96,0.00059999997,3743.9,2025.0
2013-05-08 00:00:00+05:30,30.961808670749672,2314.95,2213.75,30.720548629760742,1379552,0.0,0.0,ADANIENT.NS,Adani Enterprises Limited,Thermal Coal,Energy,Mr. Gautambhai Shantilal Adani S.Y. B.Com,"Ahmedabad, India",https://www.adanienterprises.com,2308.8,2238.85,2664840298496,77.06275,29.96,0.00059999997,3743.9,2025.0
2013-05-09 00:00:00+05:30,30.760760148490693,2314.95,2213.75,30.73395347595215,1379552,0.0,0.0,ADANIENT.NS,Adani Enterprises Limited,Thermal Coal,Energy,Mr. Gautambhai Shantilal Adani S.Y. B.Com,"Ahmedabad, India",https://www.adanienterprises.com,2308.8,2238.85,2664840298496,77.06275,29.96,0.00059999997,3743.9,2025.0
2013-05-10 00:00:00+05:30,30.7607590237658,2314.95,2213.75,30.385465621948242,1379552,0.0,0.0,ADANIENT.NS,Adani Enterprises Limited,Thermal Coal,Energy,Mr. Gautambhai Shantilal Adani S.Y. B.Com,"Ahmedabad, India",https://www.adanienterprises.com,2308.8,2238.85,2664840298496,77.06275,29.96,0.00059999997,3743.9,2025.0
2013-05-13 00:00:00+05:30,30.211221305316453,2314.95,2213.75,29.112144470214844,1379552,0.0,0.0,ADANIENT.NS,Adani Enterprises Limited,Thermal Coal,Energy,Mr. Gautambhai Shantilal Adani S.Y. B.Com,"Ahmedabad, India",https://www.adanienterprises.com,2308.8,2238.85,2664840298496,77.06275,29.96,0.00059999997,3743.9,2025.0
2013-05-14 00:00:00+05:30,29.058531787673466,2314.95,2213.75,28.78376007080078,1379552,0.0,0.0,ADANIENT.NS,Adani Enterprises Limited,Thermal Coal,Energy,Mr. Gautambhai Shantilal Adani S.Y. B.Com,"Ahmedabad, India",https://www.adanienterprises.com,2308.8,2238.85,2664840298496,77.06275,29.96,0.00059999997,3743.9,2025.0
2013-05-15 00:00:00+05:30,28.81726839693335,2314.95,2213.75,30.298343658447266,1379552,0.0,0.0,ADANIENT.NS,Adani Enterprises Limited,Thermal Coal,Energy,Mr. Gautambhai Shantilal Adani S.Y. B.Com,"Ahmedabad, India",https://www.adanienterprises.com,2308.8,2238.85,2664840298496,77.06275,29.96,0.00059999997,3743.9,2025.0
2013-05-16 00:00:00+05:30,30.452483059805353,2314.95,2213.75,30.713848114013672,1379552,0.0,0.0,ADANIENT.NS,Adani Enterprises Limited,Thermal Coal,Energy,Mr. Gautambhai Shantilal Adani S.Y. B.Com,"Ahmedabad, India",https://www.adanienterprises.com,2308.8,2238.85,2664840298496,77.06275,29.96,0.00059999997,3743.9,2025.0
2013-05-17 00:00:00+05:30,30.713846883593238,2314.95,2213.75,31.544857025146484,1379552,0.0,0.0,ADANIENT.NS,Adani Enterprises Limited,Thermal Coal,Energy,Mr. Gautambhai Shantilal Adani S.Y. B.Com,"Ahmedabad, India",https://www.adanienterprises.com,2308.8,2238.85,2664840298496,77.06275,29.96,0.00059999997,3743.9,2025.0
2013-05-20 00:00:00+05:30,32.03407469056846,2314.95,2213.75,32.55680465698242,1379552,0.0,0.0,ADANIENT.NS,Adani Enterprises Limited,Thermal Coal,Energy,Mr. Gautambhai Shantilal Adani S.Y. B.Com,"Ahmedabad, India",https://www.adanienterprises.com,2308.8,2238.85,2664840298496,77.06275,29.96,0.00059999997,3743.9,2025.0
2013-05-21 00:00:00+05:30,32.623834875630884,2314.95,2213.75,32.134613037109375,1379552,0.0,0.0,ADANIENT.NS,Adani Enterprises Limited,Thermal Coal,Energy,Mr. Gautambhai Shantilal Adani S.Y. B.Com,"Ahmedabad, India",https://www.adanienterprises.com,2308.8,2238.85,2664840298496,77.06275,29.96,0.00059999997,3743.9,2025.0
2013-05-22 00:00:00+05:30,32.201625386922885,2314.95,2213.75,31.203073501586914,1379552,0.0,0.0,ADANIENT.NS,Adani Enterprises Limited,Thermal Coal,Energy,Mr. Gautambhai Shantilal Adani S.Y. B.Com,"Ahmedabad, India",https://www.adanienterprises.com,2308.8,2238.85,2664840298496,77.06275,29.96,0.00059999997,3743.9,2025.0
2013-05-23 00:00:00+05:30,30.96180537812203,2314.95,2213.75,29.360103607177734,1379552,0.0,0.0,ADANIENT.NS,Adani Enterprises Limited,Thermal Coal,Energy,Mr. Gautambhai Shantilal Adani S.Y. B.Com,"Ahmedabad, India",https://www.adanienterprises.com,2308.8,2238.85,2664840298496,77.06275,29.96,0.00059999997,3743.9,2025.0
2013-05-24 00:00:00+05:30,29.507540759708608,2314.95,2213.75,29.634872436523438,1379552,0.0,0.0,ADANIENT.NS,Adani Enterprises Limited,Thermal Coal,Energy,Mr. Gautambhai Shantilal Adani S.Y. B.Com,"Ahmedabad, India",https://www.adanienterprises.com,2308.8,2238.85,2664840298496,77.06275,29.96,0.00059999997,3743.9,2025.0
2013-05-27 00:00:00+05:30,29.55446016845784,2314.95,2213.75,30.19112205505371,1379552,0.0,0.0,ADANIENT.NS,Adani Enterprises Limited,Thermal Coal,Energy,Mr. Gautambhai Shantilal Adani S.Y. B.Com,"Ahmedabad, India",https://www.adanienterprises.com,2308.8,2238.85,2664840298496,77.06275,29.96,0.00059999997,3743.9,2025.0
2013-05-28 00:00:00+05:30,30.284939325799094,2314.95,2213.75,29.73539924621582,1379552,0.0,0.0,ADANIENT.NS,Adani Enterprises Limited,Thermal Coal,Energy,Mr. Gautambhai Shantilal Adani S.Y. B.Com,"Ahmedabad, India",https://www.adanienterprises.com,2308.8,2238.85,2664840298496,77.06275,29.96,0.00059999997,3743.9,2025.0
2013-05-29 00:00:00+05:30,29.48744094620514,2314.95,2213.75,29.427125930786133,1379552,0.0,0.0,ADANIENT.NS,Adani Enterprises Limited,Thermal Coal,Energy,Mr. Gautambhai Shantilal Adani S.Y. B.Com,"Ahmedabad, India",https://www.adanienterprises.com,2308.8,2238.85,2664840298496,77.06275,29.96,0.00059999997,3743.9,2025.0
2013-05-30 00:00:00+05:30,30.023571166884413,2314.95,2213.75,29.775606155395508,1379552,0.0,0.0,ADANIENT.NS,Adani Enterprises Limited,Thermal Coal,Energy,Mr. Gautambhai Shantilal Adani S.Y. B.Com,"Ahmedabad, India",https://www.adanienterprises.com,2308.8,2238.85,2664840298496,77.06275,29.96,0.00059999997,3743.9,2025.0
2013-05-31 00:00:00+05:30,29.50084354100677,2314.95,2213.75,28.37495994567871,1379552,0.0,0.0,ADANIENT.NS,Adani Enterprises Limited,Thermal Coal,Energy,Mr. Gautambhai Shantilal Adani S.Y. B.Com,"Ahmedabad, India",https://www.adanienterprises.com,2308.8,2238.85,2664840298496,77.06275,29.96,0.00059999997,3743.9,2025.0
2013-06-03 00:00:00+05:30,28.415170326744068,2314.95,2213.75,27.872333526611328,1379552,0.0,0.0,ADANIENT.NS,Adani Enterprises Limited,Thermal Coal,Energy,Mr. Gautambhai Shantilal Adani S.Y. B.Com,"Ahmedabad, India",https://www.adanienterprises.com,2308.8,2238.85,2664840298496,77.06275,29.96,0.00059999997,3743.9,2025.0
2013-06-04 00:00:00+05:30,27.879032517011918,2314.95,2213.75,27.66457748413086,1379552,0.0,0.0,ADANIENT.NS,Adani Enterprises Limited,Thermal Coal,Energy,Mr. Gautambhai Shantilal Adani S.Y. B.Com,"Ahmedabad, India",https://www.adanienterprises.com,2308.8,2238.85,2664840298496,77.06275,29.96,0.00059999997,3743.9,2025.0
2013-06-05 00:00:00+05:30,27.718194944373355,2314.95,2213.75,28.562606811523438,1379552,0.0,0.0,ADANIENT.NS,Adani Enterprises Limited,Thermal Coal,Energy,Mr. Gautambhai Shantilal Adani S.Y. B.Com,"Ahmedabad, India",https://www.adanienterprises.com,2308.8,2238.85,2664840298496,77.06275,29.96,0.00059999997,3743.9,2025.0
2013-06-06 00:00:00+05:30,28.535796516470622,2314.95,2213.75,28.830673217773438,1379552,0.0,0.0,ADANIENT.NS,Adani Enterprises Limited,Thermal Coal,Energy,Mr. Gautambhai Shantilal Adani S.Y. B.Com,"Ahmedabad, India",https://www.adanienterprises.com,2308.8,2238.85,2664840298496,77.06275,29.96,0.00059999997,3743.9,2025.0
2013-06-07 00:00:00+05:30,28.86418078876789,2314.95,2213.75,28.100187301635742,1379552,0.0,0.0,ADANIENT.NS,Adani Enterprises Limited,Thermal Coal,Energy,Mr. Gautambhai Shantilal Adani S.Y. B.Com,"Ahmedabad, India",https://www.adanienterprises.com,2308.8,2238.85,2664840298496,77.06275,29.96,0.00059999997,3743.9,2025.0
2013-06-10 00:00:00+05:30,28.294538024151077,2314.95,2213.75,27.617666244506836,1379552,0.0,0.0,ADANIENT.NS,Adani Enterprises Limited,Thermal Coal,Energy,Mr. Gautambhai Shantilal Adani S.Y. B.Com,"Ahmedabad, India",https://www.adanienterprises.com,2308.8,2238.85,2664840298496,77.06275,29.96,0.00059999997,3743.9,2025.0
2013-06-11 00:00:00+05:30,27.34289753105358,2314.95,2213.75,26.397960662841797,1379552,0.0,0.0,ADANIENT.NS,Adani Enterprises Limited,Thermal Coal,Energy,Mr. Gautambhai Shantilal Adani S.Y. B.Com,"Ahmedabad, India",https://www.adanienterprises.com,2308.8,2238.85,2664840298496,77.06275,29.96,0.00059999997,3743.9,2025.0
2013-06-12 00:00:00+05:30,26.27062580161072,2314.95,2213.75,24.51478385925293,1379552,0.0,0.0,ADANIENT.NS,Adani Enterprises Limited,Thermal Coal,Energy,Mr. Gautambhai Shantilal Adani S.Y. B.Com,"Ahmedabad, India",https://www.adanienterprises.com,2308.8,2238.85,2664840298496,77.06275,29.96,0.00059999997,3743.9,2025.0
2013-06-13 00:00:00+05:30,24.12608683009703,2314.95,2213.75,23.7843017578125,1379552,0.0,0.0,ADANIENT.NS,Adani Enterprises Limited,Thermal Coal,Energy,Mr. Gautambhai Shantilal Adani S.Y. B.Com,"Ahmedabad, India",https://www.adanienterprises.com,2308.8,2238.85,2664840298496,77.06275,29.96,0.00059999997,3743.9,2025.0
2013-06-14 00:00:00+05:30,24.08587538819495,2314.95,2213.75,24.02556037902832,1379552,0.0,0.0,ADANIENT.NS,Adani Enterprises Limited,Thermal Coal,Energy,Mr. Gautambhai Shantilal Adani S.Y. B.Com,"Ahmedabad, India",https://www.adanienterprises.com,2308.8,2238.85,2664840298496,77.06275,29.96,0.00059999997,3743.9,2025.0
2013-06-17 00:00:00+05:30,24.119387574795148,2314.95,2213.75,23.824512481689453,1379552,0.0,0.0,ADANIENT.NS,Adani Enterprises Limited,Thermal Coal,Energy,Mr. Gautambhai Shantilal Adani S.Y. B.Com,"Ahmedabad, India",https://www.adanienterprises.com,2308.8,2238.85,2664840298496,77.06275,29.96,0.00059999997,3743.9,2025.0
2013-06-18 00:00:00+05:30,23.951842369001582,2314.95,2213.75,24.970500946044922,1379552,0.0,0.0,ADANIENT.NS,Adani Enterprises Limited,Thermal Coal,Energy,Mr. Gautambhai Shantilal Adani S.Y. B.Com,"Ahmedabad, India",https://www.adanienterprises.com,2308.8,2238.85,2664840298496,77.06275,29.96,0.00059999997,3743.9,2025.0
2013-06-19 00:00:00+05:30,25.064322893457433,2314.95,2213.75,25.7344913482666,1379552,0.0,0.0,ADANIENT.NS,Adani Enterprises Limited,Thermal Coal,Energy,Mr. Gautambhai Shantilal Adani S.Y. B.Com,"Ahmedabad, India",https://www.adanienterprises.com,2308.8,2238.85,2664840298496,77.06275,29.96,0.00059999997,3743.9,2025.0
2013-06-20 00:00:00+05:30,25.45302302470617,2314.95,2213.75,24.53489112854004,1379552,0.0,0.0,ADANIENT.NS,Adani Enterprises Limited,Thermal Coal,Energy,Mr. Gautambhai Shantilal Adani S.Y. B.Com,"Ahmedabad, India",https://www.adanienterprises.com,2308.8,2238.85,2664840298496,77.06275,29.96,0.00059999997,3743.9,2025.0
2013-06-21 00:00:00+05:30,24.260117322658502,2314.95,2213.75,24.501379013061523,1379552,0.0,0.0,ADANIENT.NS,Adani Enterprises Limited,Thermal Coal,Energy,Mr. Gautambhai Shantilal Adani S.Y. B.Com,"Ahmedabad, India",https://www.adanienterprises.com,2308.8,2238.85,2664840298496,77.06275,29.96,0.00059999997,3743.9,2025.0
2013-06-24 00:00:00+05:30,24.246713463550346,2314.95,2213.75,24.414255142211914,1379552,0.0,0.0,ADANIENT.NS,Adani Enterprises Limited,Thermal Coal,Energy,Mr. Gautambhai Shantilal Adani S.Y. B.Com,"Ahmedabad, India",https://www.adanienterprises.com,2308.8,2238.85,2664840298496,77.06275,29.96,0.00059999997,3743.9,2025.0
2013-06-25 00:00:00+05:30,24.414256568800134,2314.95,2213.75,25.285476684570312,1379552,0.0,0.0,ADANIENT.NS,Adani Enterprises Limited,Thermal Coal,Energy,Mr. Gautambhai Shantilal Adani S.Y. B.Com,"Ahmedabad, India",https://www.adanienterprises.com,2308.8,2238.85,2664840298496,77.06275,29.96,0.00059999997,3743.9,2025.0
2013-06-26 00:00:00+05:30,25.647368485756907,2314.95,2213.75,24.863271713256836,1379552,0.0,0.0,ADANIENT.NS,Adani Enterprises Limited,Thermal Coal,Energy,Mr. Gautambhai Shantilal Adani S.Y. B.Com,"Ahmedabad, India",https://www.adanienterprises.com,2308.8,2238.85,2664840298496,77.06275,29.96,0.00059999997,3743.9,2025.0
2013-06-27 00:00:00+05:30,25.231864473518627,2314.95,2213.75,25.714387893676758,1379552,0.0,0.0,ADANIENT.NS,Adani Enterprises Limited,Thermal Coal,Energy,Mr. Gautambhai Shantilal Adani S.Y. B.Com,"Ahmedabad, India",https://www.adanienterprises.com,2308.8,2238.85,2664840298496,77.06275,29.96,0.00059999997,3743.9,2025.0
2013-06-28 00:00:00+05:30,25.92213929733861,2314.95,2213.75,27.617666244506836,1379552,0.0,0.0,ADANIENT.NS,Adani Enterprises Limited,Thermal Coal,Energy,Mr. Gautambhai Shantilal Adani S.Y. B.Com,"Ahmedabad, India",https://www.adanienterprises.com,2308.8,2238.85,2664840298496,77.06275,29.96,0.00059999997,3743.9,2025.0
2013-07-01 00:00:00+05:30,27.86562823579615,2314.95,2213.75,28.971405029296875,1379552,0.0,0.0,ADANIENT.NS,Adani Enterprises Limited,Thermal Coal,Energy,Mr. Gautambhai Shantilal Adani S.Y. B.Com,"Ahmedabad, India",https://www.adanienterprises.com,2308.8,2238.85,2664840298496,77.06275,29.96,0.00059999997,3743.9,2025.0
2013-07-02 00:00:00+05:30,29.085337874827665,2314.95,2213.75,29.045127868652344,1379552,0.0,0.0,ADANIENT.NS,Adani Enterprises Limited,Thermal Coal,Energy,Mr. Gautambhai Shantilal Adani S.Y. B.Com,"Ahmedabad, India",https://www.adanienterprises.com,2308.8,2238.85,2664840298496,77.06275,29.96,0.00059999997,3743.9,2025.0
2013-07-03 00:00:00+05:30,28.549202794482923,2314.95,2213.75,27.56405258178711,1379552,0.0,0.0,ADANIENT.NS,Adani Enterprises Limited,Thermal Coal,Energy,Mr. Gautambhai Shantilal Adani S.Y. B.Com,"Ahmedabad, India",https://www.adanienterprises.com,2308.8,2238.85,2664840298496,77.06275,29.96,0.00059999997,3743.9,2025.0
2013-07-04 00:00:00+05:30,27.65117880184256,2314.95,2213.75,27.604267120361328,1379552,0.0,0.0,ADANIENT.NS,Adani Enterprises Limited,Thermal Coal,Energy,Mr. Gautambhai Shantilal Adani S.Y. B.Com,"Ahmedabad, India",https://www.adanienterprises.com,2308.8,2238.85,2664840298496,77.06275,29.96,0.00059999997,3743.9,2025.0
2013-07-05 00:00:00+05:30,27.677981562178868,2314.95,2213.75,27.349599838256836,1379552,0.0,0.0,ADANIENT.NS,Adani Enterprises Limited,Thermal Coal,Energy,Mr. Gautambhai Shantilal Adani S.Y. B.Com,"Ahmedabad, India",https://www.adanienterprises.com,2308.8,2238.85,2664840298496,77.06275,29.96,0.00059999997,3743.9,2025.0
2013-07-08 00:00:00+05:30,26.779958081489006,2314.95,2213.75,27.363006591796875,1379552,0.0,0.0,ADANIENT.NS,Adani Enterprises Limited,Thermal Coal,Energy,Mr. Gautambhai Shantilal Adani S.Y. B.Com,"Ahmedabad, India",https://www.adanienterprises.com,2308.8,2238.85,2664840298496,77.06275,29.96,0.00059999997,3743.9,2025.0
2013-07-09 00:00:00+05:30,27.476929502617406,2314.95,2213.75,27.450122833251953,1379552,0.0,0.0,ADANIENT.NS,Adani Enterprises Limited,Thermal Coal,Energy,Mr. Gautambhai Shantilal Adani S.Y. B.Com,"Ahmedabad, India",https://www.adanienterprises.com,2308.8,2238.85,2664840298496,77.06275,29.96,0.00059999997,3743.9,2025.0
2013-07-10 00:00:00+05:30,27.450124060314742,2314.95,2213.75,26.820165634155273,1379552,0.0,0.0,ADANIENT.NS,Adani Enterprises Limited,Thermal Coal,Energy,Mr. Gautambhai Shantilal Adani S.Y. B.Com,"Ahmedabad, India",https://www.adanienterprises.com,2308.8,2238.85,2664840298496,77.06275,29.96,0.00059999997,3743.9,2025.0
2013-07-11 00:00:00+05:30,27.316091976381678,2314.95,2213.75,27.269180297851562,1379552,0.0,0.0,ADANIENT.NS,Adani Enterprises Limited,Thermal Coal,Energy,Mr. Gautambhai Shantilal Adani S.Y. B.Com,"Ahmedabad, India",https://www.adanienterprises.com,2308.8,2238.85,2664840298496,77.06275,29.96,0.00059999997,3743.9,2025.0
2013-07-12 00:00:00+05:30,27.416614838179946,2314.95,2213.75,26.91398811340332,1379552,0.0,0.0,ADANIENT.NS,Adani Enterprises Limited,Thermal Coal,Energy,Mr. Gautambhai Shantilal Adani S.Y. B.Com,"Ahmedabad, India",https://www.adanienterprises.com,2308.8,2238.85,2664840298496,77.06275,29.96,0.00059999997,3743.9,2025.0
2013-07-15 00:00:00+05:30,26.940794638306677,2314.95,2213.75,27.04802131652832,1379552,0.0,0.0,ADANIENT.NS,Adani Enterprises Limited,Thermal Coal,Energy,Mr. Gautambhai Shantilal Adani S.Y. B.Com,"Ahmedabad, India",https://www.adanienterprises.com,2308.8,2238.85,2664840298496,77.06275,29.96,0.00059999997,3743.9,2025.0
2013-07-16 00:00:00+05:30,26.806763015558023,2314.95,2213.75,26.739748001098633,1379552,0.0,0.0,ADANIENT.NS,Adani Enterprises Limited,Thermal Coal,Energy,Mr. Gautambhai Shantilal Adani S.Y. B.Com,"Ahmedabad, India",https://www.adanienterprises.com,2308.8,2238.85,2664840298496,77.06275,29.96,0.00059999997,3743.9,2025.0
2013-07-17 00:00:00+05:30,26.746447563744567,2314.95,2213.75,26.585607528686523,1379552,0.0,0.0,ADANIENT.NS,Adani Enterprises Limited,Thermal Coal,Energy,Mr. Gautambhai Shantilal Adani S.Y. B.Com,"Ahmedabad, India",https://www.adanienterprises.com,2308.8,2238.85,2664840298496,77.06275,29.96,0.00059999997,3743.9,2025.0
2013-07-18 00:00:00+05:30,26.80676281429191,2314.95,2213.75,26.907289505004883,1379552,0.0,0.0,ADANIENT.NS,Adani Enterprises Limited,Thermal Coal,Energy,Mr. Gautambhai Shantilal Adani S.Y. B.Com,"Ahmedabad, India",https://www.adanienterprises.com,2308.8,2238.85,2664840298496,77.06275,29.96,0.00059999997,3743.9,2025.0
2013-07-19 00:00:00+05:30,26.907288267883942,2314.95,2213.75,26.77995491027832,1379552,0.0,0.0,ADANIENT.NS,Adani Enterprises Limited,Thermal Coal,Energy,Mr. Gautambhai Shantilal Adani S.Y. B.Com,"Ahmedabad, India",https://www.adanienterprises.com,2308.8,2238.85,2664840298496,77.06275,29.96,0.00059999997,3743.9,2025.0
2013-07-22 00:00:00+05:30,26.53869423047893,2314.95,2213.75,26.672727584838867,1379552,0.0,0.0,ADANIENT.NS,Adani Enterprises Limited,Thermal Coal,Energy,Mr. Gautambhai Shantilal Adani S.Y. B.Com,"Ahmedabad, India",https://www.adanienterprises.com,2308.8,2238.85,2664840298496,77.06275,29.96,0.00059999997,3743.9,2025.0
2013-07-23 00:00:00+05:30,26.94079599226971,2314.95,2213.75,27.195459365844727,1379552,0.0,0.0,ADANIENT.NS,Adani Enterprises Limited,Thermal Coal,Energy,Mr. Gautambhai Shantilal Adani S.Y. B.Com,"Ahmedabad, India",https://www.adanienterprises.com,2308.8,2238.85,2664840298496,77.06275,29.96,0.00059999997,3743.9,2025.0
2013-07-24 00:00:00+05:30,26.940799010283797,2314.95,2213.75,26.69953727722168,1379552,0.0,0.0,ADANIENT.NS,Adani Enterprises Limited,Thermal Coal,Energy,Mr. Gautambhai Shantilal Adani S.Y. B.Com,"Ahmedabad, India",https://www.adanienterprises.com,2308.8,2238.85,2664840298496,77.06275,29.96,0.00059999997,3743.9,2025.0
2013-07-25 00:00:00+05:30,26.485084445879952,2314.95,2213.75,26.062877655029297,1379552,0.0,0.0,ADANIENT.NS,Adani Enterprises Limited,Thermal Coal,Energy,Mr. Gautambhai Shantilal Adani S.Y. B.Com,"Ahmedabad, India",https://www.adanienterprises.com,2308.8,2238.85,2664840298496,77.06275,29.96,0.00059999997,3743.9,2025.0
2013-07-26 00:00:00+05:30,26.149995656434207,2314.95,2213.75,25.7277889251709,1379552,0.0,0.0,ADANIENT.NS,Adani Enterprises Limited,Thermal Coal,Energy,Mr. Gautambhai Shantilal Adani S.Y. B.Com,"Ahmedabad, India",https://www.adanienterprises.com,2308.8,2238.85,2664840298496,77.06275,29.96,0.00059999997,3743.9,2025.0
2013-07-29 00:00:00+05:30,25.466427618235535,2314.95,2213.75,24.293630599975586,1379552,0.0,0.0,ADANIENT.NS,Adani Enterprises Limited,Thermal Coal,Energy,Mr. Gautambhai Shantilal Adani S.Y. B.Com,"Ahmedabad, India",https://www.adanienterprises.com,2308.8,2238.85,2664840298496,77.06275,29.96,0.00059999997,3743.9,2025.0
2013-07-30 00:00:00+05:30,25.272326449889647,2314.95,2213.75,24.884172439575195,1379552,1.4,0.0,ADANIENT.NS,Adani Enterprises Limited,Thermal Coal,Energy,Mr. Gautambhai Shantilal Adani S.Y. B.Com,"Ahmedabad, India",https://www.adanienterprises.com,2308.8,2238.85,2664840298496,77.06275,29.96,0.00059999997,3743.9,2025.0
2013-07-31 00:00:00+05:30,24.912401092498737,2314.95,2213.75,24.700681686401367,1379552,0.0,0.0,ADANIENT.NS,Adani Enterprises Limited,Thermal Coal,Energy,Mr. Gautambhai Shantilal Adani S.Y. B.Com,"Ahmedabad, India",https://www.adanienterprises.com,2308.8,2238.85,2664840298496,77.06275,29.96,0.00059999997,3743.9,2025.0
2013-08-01 00:00:00+05:30,24.84182996561776,2314.95,2213.75,24.912403106689453,1379552,0.0,0.0,ADANIENT.NS,Adani Enterprises Limited,Thermal Coal,Energy,Mr. Gautambhai Shantilal Adani S.Y. B.Com,"Ahmedabad, India",https://www.adanienterprises.com,2308.8,2238.85,2664840298496,77.06275,29.96,0.00059999997,3743.9,2025.0
2013-08-02 00:00:00+05:30,24.84182347989755,2314.95,2213.75,22.272953033447266,1379552,0.0,0.0,ADANIENT.NS,Adani Enterprises Limited,Thermal Coal,Energy,Mr. Gautambhai Shantilal Adani S.Y. B.Com,"Ahmedabad, India",https://www.adanienterprises.com,2308.8,2238.85,2664840298496,77.06275,29.96,0.00059999997,3743.9,2025.0
2013-08-05 00:00:00+05:30,23.006919732211585,2314.95,2213.75,23.684425354003906,1379552,0.0,0.0,ADANIENT.NS,Adani Enterprises Limited,Thermal Coal,Energy,Mr. Gautambhai Shantilal Adani S.Y. B.Com,"Ahmedabad, India",https://www.adanienterprises.com,2308.8,2238.85,2664840298496,77.06275,29.96,0.00059999997,3743.9,2025.0
2013-08-06 00:00:00+05:30,23.43035976618455,2314.95,2213.75,23.162181854248047,1379552,0.0,0.0,ADANIENT.NS,Adani Enterprises Limited,Thermal Coal,Energy,Mr. Gautambhai Shantilal Adani S.Y. B.Com,"Ahmedabad, India",https://www.adanienterprises.com,2308.8,2238.85,2664840298496,77.06275,29.96,0.00059999997,3743.9,2025.0
2013-08-07 00:00:00+05:30,22.865771174547454,2314.95,2213.75,23.592676162719727,1379552,0.0,0.0,ADANIENT.NS,Adani Enterprises Limited,Thermal Coal,Energy,Mr. Gautambhai Shantilal Adani S.Y. B.Com,"Ahmedabad, India",https://www.adanienterprises.com,2308.8,2238.85,2664840298496,77.06275,29.96,0.00059999997,3743.9,2025.0
2013-08-08 00:00:00+05:30,23.571506075405715,2314.95,2213.75,23.486818313598633,1379552,0.0,0.0,ADANIENT.NS,Adani Enterprises Limited,Thermal Coal,Energy,Mr. Gautambhai Shantilal Adani S.Y. B.Com,"Ahmedabad, India",https://www.adanienterprises.com,2308.8,2238.85,2664840298496,77.06275,29.96,0.00059999997,3743.9,2025.0
2013-08-12 00:00:00+05:30,23.57150492199233,2314.95,2213.75,23.88908576965332,1379552,0.0,0.0,ADANIENT.NS,Adani Enterprises Limited,Thermal Coal,Energy,Mr. Gautambhai Shantilal Adani S.Y. B.Com,"Ahmedabad, India",https://www.adanienterprises.com,2308.8,2238.85,2664840298496,77.06275,29.96,0.00059999997,3743.9,2025.0
2013-08-13 00:00:00+05:30,23.712655982980653,2314.95,2213.75,24.157268524169922,1379552,0.0,0.0,ADANIENT.NS,Adani Enterprises Limited,Thermal Coal,Energy,Mr. Gautambhai Shantilal Adani S.Y. B.Com,"Ahmedabad, India",https://www.adanienterprises.com,2308.8,2238.85,2664840298496,77.06275,29.96,0.00059999997,3743.9,2025.0
2013-08-14 00:00:00+05:30,23.811456433246626,2314.95,2213.75,23.825571060180664,1379552,0.0,0.0,ADANIENT.NS,Adani Enterprises Limited,Thermal Coal,Energy,Mr. Gautambhai Shantilal Adani S.Y. B.Com,"Ahmedabad, India",https://www.adanienterprises.com,2308.8,2238.85,2664840298496,77.06275,29.96,0.00059999997,3743.9,2025.0
2013-08-16 00:00:00+05:30,23.43036379407914,2314.95,2213.75,22.604656219482422,1379552,0.0,0.0,ADANIENT.NS,Adani Enterprises Limited,Thermal Coal,Energy,Mr. Gautambhai Shantilal Adani S.Y. B.Com,"Ahmedabad, India",https://www.adanienterprises.com,2308.8,2238.85,2664840298496,77.06275,29.96,0.00059999997,3743.9,2025.0
2013-08-19 00:00:00+05:30,22.428218238369926,2314.95,2213.75,22.915176391601562,1379552,0.0,0.0,ADANIENT.NS,Adani Enterprises Limited,Thermal Coal,Energy,Mr. Gautambhai Shantilal Adani S.Y. B.Com,"Ahmedabad, India",https://www.adanienterprises.com,2308.8,2238.85,2664840298496,77.06275,29.96,0.00059999997,3743.9,2025.0
2013-08-20 00:00:00+05:30,22.230615318079018,2314.95,2213.75,22.689342498779297,1379552,0.0,0.0,ADANIENT.NS,Adani Enterprises Limited,Thermal Coal,Energy,Mr. Gautambhai Shantilal Adani S.Y. B.Com,"Ahmedabad, India",https://www.adanienterprises.com,2308.8,2238.85,2664840298496,77.06275,29.96,0.00059999997,3743.9,2025.0
2013-08-21 00:00:00+05:30,22.802259404544635,2314.95,2213.75,22.14592742919922,1379552,0.0,0.0,ADANIENT.NS,Adani Enterprises Limited,Thermal Coal,Energy,Mr. Gautambhai Shantilal Adani S.Y. B.Com,"Ahmedabad, India",https://www.adanienterprises.com,2308.8,2238.85,2664840298496,77.06275,29.96,0.00059999997,3743.9,2025.0
2013-08-22 00:00:00+05:30,21.68719800489985,2314.95,2213.75,23.27509880065918,1379552,0.0,0.0,ADANIENT.NS,Adani Enterprises Limited,Thermal Coal,Energy,Mr. Gautambhai Shantilal Adani S.Y. B.Com,"Ahmedabad, India",https://www.adanienterprises.com,2308.8,2238.85,2664840298496,77.06275,29.96,0.00059999997,3743.9,2025.0
2013-08-23 00:00:00+05:30,23.522109131195723,2314.95,2213.75,23.24687385559082,1379552,0.0,0.0,ADANIENT.NS,Adani Enterprises Limited,Thermal Coal,Energy,Mr. Gautambhai Shantilal Adani S.Y. B.Com,"Ahmedabad, India",https://www.adanienterprises.com,2308.8,2238.85,2664840298496,77.06275,29.96,0.00059999997,3743.9,2025.0
2013-08-26 00:00:00+05:30,23.14806657101467,2314.95,2213.75,22.082406997680664,1379552,0.0,0.0,ADANIENT.NS,Adani Enterprises Limited,Thermal Coal,Energy,Mr. Gautambhai Shantilal Adani S.Y. B.Com,"Ahmedabad, India",https://www.adanienterprises.com,2308.8,2238.85,2664840298496,77.06275,29.96,0.00059999997,3743.9,2025.0
2013-08-27 00:00:00+05:30,21.800115869103767,2314.95,2213.75,20.89677619934082,1379552,0.0,0.0,ADANIENT.NS,Adani Enterprises Limited,Thermal Coal,Energy,Mr. Gautambhai Shantilal Adani S.Y. B.Com,"Ahmedabad, India",https://www.adanienterprises.com,2308.8,2238.85,2664840298496,77.06275,29.96,0.00059999997,3743.9,2025.0
2013-08-28 00:00:00+05:30,20.466278573243905,2314.95,2213.75,20.66388511657715,1379552,0.0,0.0,ADANIENT.NS,Adani Enterprises Limited,Thermal Coal,Energy,Mr. Gautambhai Shantilal Adani S.Y. B.Com,"Ahmedabad, India",https://www.adanienterprises.com,2308.8,2238.85,2664840298496,77.06275,29.96,0.00059999997,3743.9,2025.0
2013-08-29 00:00:00+05:30,20.903836341030917,2314.95,2213.75,21.28493309020996,1379552,0.0,0.0,ADANIENT.NS,Adani Enterprises Limited,Thermal Coal,Energy,Mr. Gautambhai Shantilal Adani S.Y. B.Com,"Ahmedabad, India",https://www.adanienterprises.com,2308.8,2238.85,2664840298496,77.06275,29.96,0.00059999997,3743.9,2025.0
2013-08-30 00:00:00+05:30,21.080264777787626,2314.95,2213.75,19.972261428833008,1379552,0.0,0.0,ADANIENT.NS,Adani Enterprises Limited,Thermal Coal,Energy,Mr. Gautambhai Shantilal Adani S.Y. B.Com,"Ahmedabad, India",https://www.adanienterprises.com,2308.8,2238.85,2664840298496,77.06275,29.96,0.00059999997,3743.9,2025.0
2013-09-02 00:00:00+05:30,19.873460873418043,2314.95,2213.75,19.640567779541016,1379552,0.0,0.0,ADANIENT.NS,Adani Enterprises Limited,Thermal Coal,Energy,Mr. Gautambhai Shantilal Adani S.Y. B.Com,"Ahmedabad, India",https://www.adanienterprises.com,2308.8,2238.85,2664840298496,77.06275,29.96,0.00059999997,3743.9,2025.0
2013-09-03 00:00:00+05:30,19.718203410913695,2314.95,2213.75,18.9066104888916,1379552,0.0,0.0,ADANIENT.NS,Adani Enterprises Limited,Thermal Coal,Energy,Mr. Gautambhai Shantilal Adani S.Y. B.Com,"Ahmedabad, India",https://www.adanienterprises.com,2308.8,2238.85,2664840298496,77.06275,29.96,0.00059999997,3743.9,2025.0
2013-09-04 00:00:00+05:30,18.878377580640105,2314.95,2213.75,18.779573440551758,1379552,0.0,0.0,ADANIENT.NS,Adani Enterprises Limited,Thermal Coal,Energy,Mr. Gautambhai Shantilal Adani S.Y. B.Com,"Ahmedabad, India",https://www.adanienterprises.com,2308.8,2238.85,2664840298496,77.06275,29.96,0.00059999997,3743.9,2025.0
2013-09-05 00:00:00+05:30,19.10421193055037,2314.95,2213.75,19.09715461730957,1379552,0.0,0.0,ADANIENT.NS,Adani Enterprises Limited,Thermal Coal,Energy,Mr. Gautambhai Shantilal Adani S.Y. B.Com,"Ahmedabad, India",https://www.adanienterprises.com,2308.8,2238.85,2664840298496,77.06275,29.96,0.00059999997,3743.9,2025.0
2013-09-06 00:00:00+05:30,19.287703027741003,2314.95,2213.75,19.25241470336914,1379552,0.0,0.0,ADANIENT.NS,Adani Enterprises Limited,Thermal Coal,Energy,Mr. Gautambhai Shantilal Adani S.Y. B.Com,"Ahmedabad, India",https://www.adanienterprises.com,2308.8,2238.85,2664840298496,77.06275,29.96,0.00059999997,3743.9,2025.0
2013-09-10 00:00:00+05:30,19.499423598675087,2314.95,2213.75,19.73937225341797,1379552,0.0,0.0,ADANIENT.NS,Adani Enterprises Limited,Thermal Coal,Energy,Mr. Gautambhai Shantilal Adani S.Y. B.Com,"Ahmedabad, India",https://www.adanienterprises.com,2308.8,2238.85,2664840298496,77.06275,29.96,0.00059999997,3743.9,2025.0
2013-09-11 00:00:00+05:30,19.428848870799555,2314.95,2213.75,20.05695152282715,1379552,0.0,0.0,ADANIENT.NS,Adani Enterprises Limited,Thermal Coal,Energy,Mr. Gautambhai Shantilal Adani S.Y. B.Com,"Ahmedabad, India",https://www.adanienterprises.com,2308.8,2238.85,2664840298496,77.06275,29.96,0.00059999997,3743.9,2025.0
2013-09-12 00:00:00+05:30,20.176929819276303,2314.95,2213.75,19.273590087890625,1379552,0.0,0.0,ADANIENT.NS,Adani Enterprises Limited,Thermal Coal,Energy,Mr. Gautambhai Shantilal Adani S.Y. B.Com,"Ahmedabad, India",https://www.adanienterprises.com,2308.8,2238.85,2664840298496,77.06275,29.96,0.00059999997,3743.9,2025.0
2013-09-13 00:00:00+05:30,19.534713021435053,2314.95,2213.75,19.90875244140625,1379552,0.0,0.0,ADANIENT.NS,Adani Enterprises Limited,Thermal Coal,Energy,Mr. Gautambhai Shantilal Adani S.Y. B.Com,"Ahmedabad, India",https://www.adanienterprises.com,2308.8,2238.85,2664840298496,77.06275,29.96,0.00059999997,3743.9,2025.0
2013-09-16 00:00:00+05:30,20.367472740971493,2314.95,2213.75,19.083038330078125,1379552,0.0,0.0,ADANIENT.NS,Adani Enterprises Limited,Thermal Coal,Energy,Mr. Gautambhai Shantilal Adani S.Y. B.Com,"Ahmedabad, India",https://www.adanienterprises.com,2308.8,2238.85,2664840298496,77.06275,29.96,0.00059999997,3743.9,2025.0
2013-09-17 00:00:00+05:30,18.9842396248443,2314.95,2213.75,19.090099334716797,1379552,0.0,0.0,ADANIENT.NS,Adani Enterprises Limited,Thermal Coal,Energy,Mr. Gautambhai Shantilal Adani S.Y. B.Com,"Ahmedabad, India",https://www.adanienterprises.com,2308.8,2238.85,2664840298496,77.06275,29.96,0.00059999997,3743.9,2025.0
2013-09-18 00:00:00+05:30,18.92778037657361,2314.95,2213.75,19.132442474365234,1379552,0.0,0.0,ADANIENT.NS,Adani Enterprises Limited,Thermal Coal,Energy,Mr. Gautambhai Shantilal Adani S.Y. B.Com,"Ahmedabad, India",https://www.adanienterprises.com,2308.8,2238.85,2664840298496,77.06275,29.96,0.00059999997,3743.9,2025.0
2013-09-19 00:00:00+05:30,19.80994707490089,2314.95,2213.75,21.08026885986328,1379552,0.0,0.0,ADANIENT.NS,Adani Enterprises Limited,Thermal Coal,Energy,Mr. Gautambhai Shantilal Adani S.Y. B.Com,"Ahmedabad, India",https://www.adanienterprises.com,2308.8,2238.85,2664840298496,77.06275,29.96,0.00059999997,3743.9,2025.0
2013-09-20 00:00:00+05:30,21.27787134595097,2314.95,2213.75,21.320215225219727,1379552,0.0,0.0,ADANIENT.NS,Adani Enterprises Limited,Thermal Coal,Energy,Mr. Gautambhai Shantilal Adani S.Y. B.Com,"Ahmedabad, India",https://www.adanienterprises.com,2308.8,2238.85,2664840298496,77.06275,29.96,0.00059999997,3743.9,2025.0
2013-09-23 00:00:00+05:30,21.14378433921607,2314.95,2213.75,20.430992126464844,1379552,0.0,0.0,ADANIENT.NS,Adani Enterprises Limited,Thermal Coal,Energy,Mr. Gautambhai Shantilal Adani S.Y. B.Com,"Ahmedabad, India",https://www.adanienterprises.com,2308.8,2238.85,2664840298496,77.06275,29.96,0.00059999997,3743.9,2025.0
2013-09-24 00:00:00+05:30,20.16987414154794,2314.95,2213.75,20.720346450805664,1379552,0.0,0.0,ADANIENT.NS,Adani Enterprises Limited,Thermal Coal,Energy,Mr. Gautambhai Shantilal Adani S.Y. B.Com,"Ahmedabad, India",https://www.adanienterprises.com,2308.8,2238.85,2664840298496,77.06275,29.96,0.00059999997,3743.9,2025.0
2013-09-25 00:00:00+05:30,20.6285977609164,2314.95,2213.75,20.1557559967041,1379552,0.0,0.0,ADANIENT.NS,Adani Enterprises Limited,Thermal Coal,Energy,Mr. Gautambhai Shantilal Adani S.Y. B.Com,"Ahmedabad, India",https://www.adanienterprises.com,2308.8,2238.85,2664840298496,77.06275,29.96,0.00059999997,3743.9,2025.0
2013-09-26 00:00:00+05:30,20.198100374162816,2314.95,2213.75,20.127527236938477,1379552,0.0,0.0,ADANIENT.NS,Adani Enterprises Limited,Thermal Coal,Energy,Mr. Gautambhai Shantilal Adani S.Y. B.Com,"Ahmedabad, India",https://www.adanienterprises.com,2308.8,2238.85,2664840298496,77.06275,29.96,0.00059999997,3743.9,2025.0
2013-09-27 00:00:00+05:30,20.042837929796214,2314.95,2213.75,20.543907165527344,1379552,0.0,0.0,ADANIENT.NS,Adani Enterprises Limited,Thermal Coal,Energy,Mr. Gautambhai Shantilal Adani S.Y. B.Com,"Ahmedabad, India",https://www.adanienterprises.com,2308.8,2238.85,2664840298496,77.06275,29.96,0.00059999997,3743.9,2025.0
2013-09-30 00:00:00+05:30,20.332191915635967,2314.95,2213.75,19.86640739440918,1379552,0.0,0.0,ADANIENT.NS,Adani Enterprises Limited,Thermal Coal,Energy,Mr. Gautambhai Shantilal Adani S.Y. B.Com,"Ahmedabad, India",https://www.adanienterprises.com,2308.8,2238.85,2664840298496,77.06275,29.96,0.00059999997,3743.9,2025.0
2013-10-01 00:00:00+05:30,19.901692475083134,2314.95,2213.75,19.951093673706055,1379552,0.0,0.0,ADANIENT.NS,Adani Enterprises Limited,Thermal Coal,Energy,Mr. Gautambhai Shantilal Adani S.Y. B.Com,"Ahmedabad, India",https://www.adanienterprises.com,2308.8,2238.85,2664840298496,77.06275,29.96,0.00059999997,3743.9,2025.0
2013-10-03 00:00:00+05:30,20.056950820983687,2314.95,2213.75,20.769742965698242,1379552,0.0,0.0,ADANIENT.NS,Adani Enterprises Limited,Thermal Coal,Energy,Mr. Gautambhai Shantilal Adani S.Y. B.Com,"Ahmedabad, India",https://www.adanienterprises.com,2308.8,2238.85,2664840298496,77.06275,29.96,0.00059999997,3743.9,2025.0
2013-10-04 00:00:00+05:30,20.480396097805496,2314.95,2213.75,20.932065963745117,1379552,0.0,0.0,ADANIENT.NS,Adani Enterprises Limited,Thermal Coal,Energy,Mr. Gautambhai Shantilal Adani S.Y. B.Com,"Ahmedabad, India",https://www.adanienterprises.com,2308.8,2238.85,2664840298496,77.06275,29.96,0.00059999997,3743.9,2025.0
2013-10-07 00:00:00+05:30,20.889719672259236,2314.95,2213.75,21.186128616333008,1379552,0.0,0.0,ADANIENT.NS,Adani Enterprises Limited,Thermal Coal,Energy,Mr. Gautambhai Shantilal Adani S.Y. B.Com,"Ahmedabad, India",https://www.adanienterprises.com,2308.8,2238.85,2664840298496,77.06275,29.96,0.00059999997,3743.9,2025.0
2013-10-08 00:00:00+05:30,21.524881413323484,2314.95,2213.75,21.404905319213867,1379552,0.0,0.0,ADANIENT.NS,Adani Enterprises Limited,Thermal Coal,Energy,Mr. Gautambhai Shantilal Adani S.Y. B.Com,"Ahmedabad, India",https://www.adanienterprises.com,2308.8,2238.85,2664840298496,77.06275,29.96,0.00059999997,3743.9,2025.0
2013-10-09 00:00:00+05:30,21.426078031590727,2314.95,2213.75,22.24472999572754,1379552,0.0,0.0,ADANIENT.NS,Adani Enterprises Limited,Thermal Coal,Energy,Mr. Gautambhai Shantilal Adani S.Y. B.Com,"Ahmedabad, India",https://www.adanienterprises.com,2308.8,2238.85,2664840298496,77.06275,29.96,0.00059999997,3743.9,2025.0
2013-10-10 00:00:00+05:30,22.350586992616275,2314.95,2213.75,22.181211471557617,1379552,0.0,0.0,ADANIENT.NS,Adani Enterprises Limited,Thermal Coal,Energy,Mr. Gautambhai Shantilal Adani S.Y. B.Com,"Ahmedabad, India",https://www.adanienterprises.com,2308.8,2238.85,2664840298496,77.06275,29.96,0.00059999997,3743.9,2025.0
2013-10-11 00:00:00+05:30,22.45644651571409,2314.95,2213.75,23.190410614013672,1379552,0.0,0.0,ADANIENT.NS,Adani Enterprises Limited,Thermal Coal,Energy,Mr. Gautambhai Shantilal Adani S.Y. B.Com,"Ahmedabad, India",https://www.adanienterprises.com,2308.8,2238.85,2664840298496,77.06275,29.96,0.00059999997,3743.9,2025.0
2013-10-14 00:00:00+05:30,23.529164164313965,2314.95,2213.75,23.91025733947754,1379552,0.0,0.0,ADANIENT.NS,Adani Enterprises Limited,Thermal Coal,Energy,Mr. Gautambhai Shantilal Adani S.Y. B.Com,"Ahmedabad, India",https://www.adanienterprises.com,2308.8,2238.85,2664840298496,77.06275,29.96,0.00059999997,3743.9,2025.0
2013-10-15 00:00:00+05:30,24.1149192931343,2314.95,2213.75,23.698537826538086,1379552,0.0,0.0,ADANIENT.NS,Adani Enterprises Limited,Thermal Coal,Energy,Mr. Gautambhai Shantilal Adani S.Y. B.Com,"Ahmedabad, India",https://www.adanienterprises.com,2308.8,2238.85,2664840298496,77.06275,29.96,0.00059999997,3743.9,2025.0
2013-10-17 00:00:00+05:30,23.606796734928313,2314.95,2213.75,23.571508407592773,1379552,0.0,0.0,ADANIENT.NS,Adani Enterprises Limited,Thermal Coal,Energy,Mr. Gautambhai Shantilal Adani S.Y. B.Com,"Ahmedabad, India",https://www.adanienterprises.com,2308.8,2238.85,2664840298496,77.06275,29.96,0.00059999997,3743.9,2025.0
2013-10-18 00:00:00+05:30,23.642082138591984,2314.95,2213.75,24.750083923339844,1379552,0.0,0.0,ADANIENT.NS,Adani Enterprises Limited,Thermal Coal,Energy,Mr. Gautambhai Shantilal Adani S.Y. B.Com,"Ahmedabad, India",https://www.adanienterprises.com,2308.8,2238.85,2664840298496,77.06275,29.96,0.00059999997,3743.9,2025.0
2013-10-21 00:00:00+05:30,24.83477007920193,2314.95,2213.75,27.94705581665039,1379552,0.0,0.0,ADANIENT.NS,Adani Enterprises Limited,Thermal Coal,Energy,Mr. Gautambhai Shantilal Adani S.Y. B.Com,"Ahmedabad, India",https://www.adanienterprises.com,2308.8,2238.85,2664840298496,77.06275,29.96,0.00059999997,3743.9,2025.0
2013-10-22 00:00:00+05:30,28.010572207683616,2314.95,2213.75,27.361297607421875,1379552,0.0,0.0,ADANIENT.NS,Adani Enterprises Limited,Thermal Coal,Energy,Mr. Gautambhai Shantilal Adani S.Y. B.Com,"Ahmedabad, India",https://www.adanienterprises.com,2308.8,2238.85,2664840298496,77.06275,29.96,0.00059999997,3743.9,2025.0
2013-10-23 00:00:00+05:30,27.502444828971935,2314.95,2213.75,27.968229293823242,1379552,0.0,0.0,ADANIENT.NS,Adani Enterprises Limited,Thermal Coal,Energy,Mr. Gautambhai Shantilal Adani S.Y. B.Com,"Ahmedabad, India",https://www.adanienterprises.com,2308.8,2238.85,2664840298496,77.06275,29.96,0.00059999997,3743.9,2025.0
2013-10-24 00:00:00+05:30,27.67887890403557,2314.95,2213.75,29.33029556274414,1379552,0.0,0.0,ADANIENT.NS,Adani Enterprises Limited,Thermal Coal,Energy,Mr. Gautambhai Shantilal Adani S.Y. B.Com,"Ahmedabad, India",https://www.adanienterprises.com,2308.8,2238.85,2664840298496,77.06275,29.96,0.00059999997,3743.9,2025.0
2013-10-25 00:00:00+05:30,29.23149066629755,2314.95,2213.75,27.36835289001465,1379552,0.0,0.0,ADANIENT.NS,Adani Enterprises Limited,Thermal Coal,Energy,Mr. Gautambhai Shantilal Adani S.Y. B.Com,"Ahmedabad, India",https://www.adanienterprises.com,2308.8,2238.85,2664840298496,77.06275,29.96,0.00059999997,3743.9,2025.0
2013-10-28 00:00:00+05:30,27.114289654085663,2314.95,2213.75,29.252662658691406,1379552,0.0,0.0,ADANIENT.NS,Adani Enterprises Limited,Thermal Coal,Energy,Mr. Gautambhai Shantilal Adani S.Y. B.Com,"Ahmedabad, India",https://www.adanienterprises.com,2308.8,2238.85,2664840298496,77.06275,29.96,0.00059999997,3743.9,2025.0
2013-10-29 00:00:00+05:30,29.400870294365493,2314.95,2213.75,30.007801055908203,1379552,0.0,0.0,ADANIENT.NS,Adani Enterprises Limited,Thermal Coal,Energy,Mr. Gautambhai Shantilal Adani S.Y. B.Com,"Ahmedabad, India",https://www.adanienterprises.com,2308.8,2238.85,2664840298496,77.06275,29.96,0.00059999997,3743.9,2025.0
2013-10-30 00:00:00+05:30,30.12071618340289,2314.95,2213.75,29.78902244567871,1379552,0.0,0.0,ADANIENT.NS,Adani Enterprises Limited,Thermal Coal,Energy,Mr. Gautambhai Shantilal Adani S.Y. B.Com,"Ahmedabad, India",https://www.adanienterprises.com,2308.8,2238.85,2664840298496,77.06275,29.96,0.00059999997,3743.9,2025.0
2013-10-31 00:00:00+05:30,29.640817412590216,2314.95,2213.75,29.309120178222656,1379552,0.0,0.0,ADANIENT.NS,Adani Enterprises Limited,Thermal Coal,Energy,Mr. Gautambhai Shantilal Adani S.Y. B.Com,"Ahmedabad, India",https://www.adanienterprises.com,2308.8,2238.85,2664840298496,77.06275,29.96,0.00059999997,3743.9,2025.0
2013-11-01 00:00:00+05:30,29.076232375206693,2314.95,2213.75,28.77276611328125,1379552,0.0,0.0,ADANIENT.NS,Adani Enterprises Limited,Thermal Coal,Energy,Mr. Gautambhai Shantilal Adani S.Y. B.Com,"Ahmedabad, India",https://www.adanienterprises.com,2308.8,2238.85,2664840298496,77.06275,29.96,0.00059999997,3743.9,2025.0
2013-11-05 00:00:00+05:30,28.53987824570453,2314.95,2213.75,29.676111221313477,1379552,0.0,0.0,ADANIENT.NS,Adani Enterprises Limited,Thermal Coal,Energy,Mr. Gautambhai Shantilal Adani S.Y. B.Com,"Ahmedabad, India",https://www.adanienterprises.com,2308.8,2238.85,2664840298496,77.06275,29.96,0.00059999997,3743.9,2025.0
2013-11-06 00:00:00+05:30,29.781967321057454,2314.95,2213.75,29.556133270263672,1379552,0.0,0.0,ADANIENT.NS,Adani Enterprises Limited,Thermal Coal,Energy,Mr. Gautambhai Shantilal Adani S.Y. B.Com,"Ahmedabad, India",https://www.adanienterprises.com,2308.8,2238.85,2664840298496,77.06275,29.96,0.00059999997,3743.9,2025.0
2013-11-07 00:00:00+05:30,29.372646093784454,2314.95,2213.75,29.824316024780273,1379552,0.0,0.0,ADANIENT.NS,Adani Enterprises Limited,Thermal Coal,Energy,Mr. Gautambhai Shantilal Adani S.Y. B.Com,"Ahmedabad, India",https://www.adanienterprises.com,2308.8,2238.85,2664840298496,77.06275,29.96,0.00059999997,3743.9,2025.0
2013-11-08 00:00:00+05:30,29.781967639532308,2314.95,2213.75,30.621788024902344,1379552,0.0,0.0,ADANIENT.NS,Adani Enterprises Limited,Thermal Coal,Energy,Mr. Gautambhai Shantilal Adani S.Y. B.Com,"Ahmedabad, India",https://www.adanienterprises.com,2308.8,2238.85,2664840298496,77.06275,29.96,0.00059999997,3743.9,2025.0
2013-11-11 00:00:00+05:30,30.48769634548281,2314.95,2213.75,33.00716781616211,1379552,0.0,0.0,ADANIENT.NS,Adani Enterprises Limited,Thermal Coal,Energy,Mr. Gautambhai Shantilal Adani S.Y. B.Com,"Ahmedabad, India",https://www.adanienterprises.com,2308.8,2238.85,2664840298496,77.06275,29.96,0.00059999997,3743.9,2025.0
2013-11-12 00:00:00+05:30,32.88719261401902,2314.95,2213.75,32.16734313964844,1379552,0.0,0.0,ADANIENT.NS,Adani Enterprises Limited,Thermal Coal,Energy,Mr. Gautambhai Shantilal Adani S.Y. B.Com,"Ahmedabad, India",https://www.adanienterprises.com,2308.8,2238.85,2664840298496,77.06275,29.96,0.00059999997,3743.9,2025.0
2013-11-13 00:00:00+05:30,31.758026804340513,2314.95,2213.75,32.36495590209961,1379552,0.0,0.0,ADANIENT.NS,Adani Enterprises Limited,Thermal Coal,Energy,Mr. Gautambhai Shantilal Adani S.Y. B.Com,"Ahmedabad, India",https://www.adanienterprises.com,2308.8,2238.85,2664840298496,77.06275,29.96,0.00059999997,3743.9,2025.0
2013-11-14 00:00:00+05:30,32.746048447476305,2314.95,2213.75,34.475093841552734,1379552,0.0,0.0,ADANIENT.NS,Adani Enterprises Limited,Thermal Coal,Energy,Mr. Gautambhai Shantilal Adani S.Y. B.Com,"Ahmedabad, India",https://www.adanienterprises.com,2308.8,2238.85,2664840298496,77.06275,29.96,0.00059999997,3743.9,2025.0
2013-11-18 00:00:00+05:30,35.00439682656116,2314.95,2213.75,35.307861328125,1379552,0.0,0.0,ADANIENT.NS,Adani Enterprises Limited,Thermal Coal,Energy,Mr. Gautambhai Shantilal Adani S.Y. B.Com,"Ahmedabad, India",https://www.adanienterprises.com,2308.8,2238.85,2664840298496,77.06275,29.96,0.00059999997,3743.9,2025.0
2013-11-19 00:00:00+05:30,35.145551049763405,2314.95,2213.75,34.199867248535156,1379552,0.0,0.0,ADANIENT.NS,Adani Enterprises Limited,Thermal Coal,Energy,Mr. Gautambhai Shantilal Adani S.Y. B.Com,"Ahmedabad, India",https://www.adanienterprises.com,2308.8,2238.85,2664840298496,77.06275,29.96,0.00059999997,3743.9,2025.0
2013-11-20 00:00:00+05:30,34.03048626342297,2314.95,2213.75,35.17377471923828,1379552,0.0,0.0,ADANIENT.NS,Adani Enterprises Limited,Thermal Coal,Energy,Mr. Gautambhai Shantilal Adani S.Y. B.Com,"Ahmedabad, India",https://www.adanienterprises.com,2308.8,2238.85,2664840298496,77.06275,29.96,0.00059999997,3743.9,2025.0
2013-11-21 00:00:00+05:30,35.11731741236448,2314.95,2213.75,34.009315490722656,1379552,0.0,0.0,ADANIENT.NS,Adani Enterprises Limited,Thermal Coal,Energy,Mr. Gautambhai Shantilal Adani S.Y. B.Com,"Ahmedabad, India",https://www.adanienterprises.com,2308.8,2238.85,2664840298496,77.06275,29.96,0.00059999997,3743.9,2025.0
2013-11-22 00:00:00+05:30,34.270434586579285,2314.95,2213.75,34.31277847290039,1379552,0.0,0.0,ADANIENT.NS,Adani Enterprises Limited,Thermal Coal,Energy,Mr. Gautambhai Shantilal Adani S.Y. B.Com,"Ahmedabad, India",https://www.adanienterprises.com,2308.8,2238.85,2664840298496,77.06275,29.96,0.00059999997,3743.9,2025.0
2013-11-25 00:00:00+05:30,34.602134724924035,2314.95,2213.75,36.13357925415039,1379552,0.0,0.0,ADANIENT.NS,Adani Enterprises Limited,Thermal Coal,Energy,Mr. Gautambhai Shantilal Adani S.Y. B.Com,"Ahmedabad, India",https://www.adanienterprises.com,2308.8,2238.85,2664840298496,77.06275,29.96,0.00059999997,3743.9,2025.0
2013-11-26 00:00:00+05:30,36.246483403705895,2314.95,2213.75,34.21397018432617,1379552,0.0,0.0,ADANIENT.NS,Adani Enterprises Limited,Thermal Coal,Energy,Mr. Gautambhai Shantilal Adani S.Y. B.Com,"Ahmedabad, India",https://www.adanienterprises.com,2308.8,2238.85,2664840298496,77.06275,29.96,0.00059999997,3743.9,2025.0
2013-11-27 00:00:00+05:30,34.249262353316574,2314.95,2213.75,33.89639663696289,1379552,0.0,0.0,ADANIENT.NS,Adani Enterprises Limited,Thermal Coal,Energy,Mr. Gautambhai Shantilal Adani S.Y. B.Com,"Ahmedabad, India",https://www.adanienterprises.com,2308.8,2238.85,2664840298496,77.06275,29.96,0.00059999997,3743.9,2025.0
2013-11-28 00:00:00+05:30,34.31983329456334,2314.95,2213.75,36.8957633972168,1379552,0.0,0.0,ADANIENT.NS,Adani Enterprises Limited,Thermal Coal,Energy,Mr. Gautambhai Shantilal Adani S.Y. B.Com,"Ahmedabad, India",https://www.adanienterprises.com,2308.8,2238.85,2664840298496,77.06275,29.96,0.00059999997,3743.9,2025.0
2013-11-29 00:00:00+05:30,37.08631034966408,2314.95,2213.75,37.14276885986328,1379552,0.0,0.0,ADANIENT.NS,Adani Enterprises Limited,Thermal Coal,Energy,Mr. Gautambhai Shantilal Adani S.Y. B.Com,"Ahmedabad, India",https://www.adanienterprises.com,2308.8,2238.85,2664840298496,77.06275,29.96,0.00059999997,3743.9,2025.0
2013-12-02 00:00:00+05:30,37.333312371920705,2314.95,2213.75,37.58737564086914,1379552,0.0,0.0,ADANIENT.NS,Adani Enterprises Limited,Thermal Coal,Energy,Mr. Gautambhai Shantilal Adani S.Y. B.Com,"Ahmedabad, India",https://www.adanienterprises.com,2308.8,2238.85,2664840298496,77.06275,29.96,0.00059999997,3743.9,2025.0
2013-12-03 00:00:00+05:30,37.403890871474694,2314.95,2213.75,37.714412689208984,1379552,0.0,0.0,ADANIENT.NS,Adani Enterprises Limited,Thermal Coal,Energy,Mr. Gautambhai Shantilal Adani S.Y. B.Com,"Ahmedabad, India",https://www.adanienterprises.com,2308.8,2238.85,2664840298496,77.06275,29.96,0.00059999997,3743.9,2025.0
2013-12-04 00:00:00+05:30,37.83438870026994,2314.95,2213.75,37.60149383544922,1379552,0.0,0.0,ADANIENT.NS,Adani Enterprises Limited,Thermal Coal,Energy,Mr. Gautambhai Shantilal Adani S.Y. B.Com,"Ahmedabad, India",https://www.adanienterprises.com,2308.8,2238.85,2664840298496,77.06275,29.96,0.00059999997,3743.9,2025.0
2013-12-05 00:00:00+05:30,38.773007922482385,2314.95,2213.75,38.03199005126953,1379552,0.0,0.0,ADANIENT.NS,Adani Enterprises Limited,Thermal Coal,Energy,Mr. Gautambhai Shantilal Adani S.Y. B.Com,"Ahmedabad, India",https://www.adanienterprises.com,2308.8,2238.85,2664840298496,77.06275,29.96,0.00059999997,3743.9,2025.0
2013-12-06 00:00:00+05:30,37.96847422798581,2314.95,2213.75,38.68832015991211,1379552,0.0,0.0,ADANIENT.NS,Adani Enterprises Limited,Thermal Coal,Energy,Mr. Gautambhai Shantilal Adani S.Y. B.Com,"Ahmedabad, India",https://www.adanienterprises.com,2308.8,2238.85,2664840298496,77.06275,29.96,0.00059999997,3743.9,2025.0
2013-12-09 00:00:00+05:30,40.08568636774579,2314.95,2213.75,39.38700866699219,1379552,0.0,0.0,ADANIENT.NS,Adani Enterprises Limited,Thermal Coal,Energy,Mr. Gautambhai Shantilal Adani S.Y. B.Com,"Ahmedabad, India",https://www.adanienterprises.com,2308.8,2238.85,2664840298496,77.06275,29.96,0.00059999997,3743.9,2025.0
2013-12-10 00:00:00+05:30,39.097652063660135,2314.95,2213.75,39.11882400512695,1379552,0.0,0.0,ADANIENT.NS,Adani Enterprises Limited,Thermal Coal,Energy,Mr. Gautambhai Shantilal Adani S.Y. B.Com,"Ahmedabad, India",https://www.adanienterprises.com,2308.8,2238.85,2664840298496,77.06275,29.96,0.00059999997,3743.9,2025.0
2013-12-11 00:00:00+05:30,39.01297060814533,2314.95,2213.75,37.650901794433594,1379552,0.0,0.0,ADANIENT.NS,Adani Enterprises Limited,Thermal Coal,Energy,Mr. Gautambhai Shantilal Adani S.Y. B.Com,"Ahmedabad, India",https://www.adanienterprises.com,2308.8,2238.85,2664840298496,77.06275,29.96,0.00059999997,3743.9,2025.0
2013-12-12 00:00:00+05:30,37.26274351700892,2314.95,2213.75,35.5689811706543,1379552,0.0,0.0,ADANIENT.NS,Adani Enterprises Limited,Thermal Coal,Energy,Mr. Gautambhai Shantilal Adani S.Y. B.Com,"Ahmedabad, India",https://www.adanienterprises.com,2308.8,2238.85,2664840298496,77.06275,29.96,0.00059999997,3743.9,2025.0
2013-12-13 00:00:00+05:30,35.16671237012202,2314.95,2213.75,35.02556610107422,1379552,0.0,0.0,ADANIENT.NS,Adani Enterprises Limited,Thermal Coal,Energy,Mr. Gautambhai Shantilal Adani S.Y. B.Com,"Ahmedabad, India",https://www.adanienterprises.com,2308.8,2238.85,2664840298496,77.06275,29.96,0.00059999997,3743.9,2025.0
2013-12-16 00:00:00+05:30,35.02557066562333,2314.95,2213.75,36.51466751098633,1379552,0.0,0.0,ADANIENT.NS,Adani Enterprises Limited,Thermal Coal,Energy,Mr. Gautambhai Shantilal Adani S.Y. B.Com,"Ahmedabad, India",https://www.adanienterprises.com,2308.8,2238.85,2664840298496,77.06275,29.96,0.00059999997,3743.9,2025.0
2013-12-17 00:00:00+05:30,36.93811208960459,2314.95,2213.75,36.17591857910156,1379552,0.0,0.0,ADANIENT.NS,Adani Enterprises Limited,Thermal Coal,Energy,Mr. Gautambhai Shantilal Adani S.Y. B.Com,"Ahmedabad, India",https://www.adanienterprises.com,2308.8,2238.85,2664840298496,77.06275,29.96,0.00059999997,3743.9,2025.0
2013-12-18 00:00:00+05:30,36.00653870421364,2314.95,2213.75,36.42292022705078,1379552,0.0,0.0,ADANIENT.NS,Adani Enterprises Limited,Thermal Coal,Energy,Mr. Gautambhai Shantilal Adani S.Y. B.Com,"Ahmedabad, India",https://www.adanienterprises.com,2308.8,2238.85,2664840298496,77.06275,29.96,0.00059999997,3743.9,2025.0
2013-12-19 00:00:00+05:30,36.69815641320383,2314.95,2213.75,35.914791107177734,1379552,0.0,0.0,ADANIENT.NS,Adani Enterprises Limited,Thermal Coal,Energy,Mr. Gautambhai Shantilal Adani S.Y. B.Com,"Ahmedabad, India",https://www.adanienterprises.com,2308.8,2238.85,2664840298496,77.06275,29.96,0.00059999997,3743.9,2025.0
2013-12-20 00:00:00+05:30,35.56897823447838,2314.95,2213.75,36.62757873535156,1379552,0.0,0.0,ADANIENT.NS,Adani Enterprises Limited,Thermal Coal,Energy,Mr. Gautambhai Shantilal Adani S.Y. B.Com,"Ahmedabad, India",https://www.adanienterprises.com,2308.8,2238.85,2664840298496,77.06275,29.96,0.00059999997,3743.9,2025.0
2013-12-23 00:00:00+05:30,36.71227161119815,2314.95,2213.75,38.321346282958984,1379552,0.0,0.0,ADANIENT.NS,Adani Enterprises Limited,Thermal Coal,Energy,Mr. Gautambhai Shantilal Adani S.Y. B.Com,"Ahmedabad, India",https://www.adanienterprises.com,2308.8,2238.85,2664840298496,77.06275,29.96,0.00059999997,3743.9,2025.0
2013-12-24 00:00:00+05:30,38.51895478434308,2314.95,2213.75,37.897911071777344,1379552,0.0,0.0,ADANIENT.NS,Adani Enterprises Limited,Thermal Coal,Energy,Mr. Gautambhai Shantilal Adani S.Y. B.Com,"Ahmedabad, India",https://www.adanienterprises.com,2308.8,2238.85,2664840298496,77.06275,29.96,0.00059999997,3743.9,2025.0
2013-12-26 00:00:00+05:30,37.96848068028739,2314.95,2213.75,38.08139419555664,1379552,0.0,0.0,ADANIENT.NS,Adani Enterprises Limited,Thermal Coal,Energy,Mr. Gautambhai Shantilal Adani S.Y. B.Com,"Ahmedabad, India",https://www.adanienterprises.com,2308.8,2238.85,2664840298496,77.06275,29.96,0.00059999997,3743.9,2025.0
2013-12-27 00:00:00+05:30,38.34957306129134,2314.95,2213.75,38.46249008178711,1379552,0.0,0.0,ADANIENT.NS,Adani Enterprises Limited,Thermal Coal,Energy,Mr. Gautambhai Shantilal Adani S.Y. B.Com,"Ahmedabad, India",https://www.adanienterprises.com,2308.8,2238.85,2664840298496,77.06275,29.96,0.00059999997,3743.9,2025.0
2013-12-30 00:00:00+05:30,38.63186552958312,2314.95,2213.75,37.580322265625,1379552,0.0,0.0,ADANIENT.NS,Adani Enterprises Limited,Thermal Coal,Energy,Mr. Gautambhai Shantilal Adani S.Y. B.Com,"Ahmedabad, India",https://www.adanienterprises.com,2308.8,2238.85,2664840298496,77.06275,29.96,0.00059999997,3743.9,2025.0
2013-12-31 00:00:00+05:30,37.700297917429914,2314.95,2213.75,37.051021575927734,1379552,0.0,0.0,ADANIENT.NS,Adani Enterprises Limited,Thermal Coal,Energy,Mr. Gautambhai Shantilal Adani S.Y. B.Com,"Ahmedabad, India",https://www.adanienterprises.com,2308.8,2238.85,2664840298496,77.06275,29.96,0.00059999997,3743.9,2025.0
2014-01-01 00:00:00+05:30,37.2345155990718,2314.95,2213.75,37.93319320678711,1379552,0.0,0.0,ADANIENT.NS,Adani Enterprises Limited,Thermal Coal,Energy,Mr. Gautambhai Shantilal Adani S.Y. B.Com,"Ahmedabad, India",https://www.adanienterprises.com,2308.8,2238.85,2664840298496,77.06275,29.96,0.00059999997,3743.9,2025.0
2014-01-02 00:00:00+05:30,37.262747078706,2314.95,2213.75,36.04182815551758,1379552,0.0,0.0,ADANIENT.NS,Adani Enterprises Limited,Thermal Coal,Energy,Mr. Gautambhai Shantilal Adani S.Y. B.Com,"Ahmedabad, India",https://www.adanienterprises.com,2308.8,2238.85,2664840298496,77.06275,29.96,0.00059999997,3743.9,2025.0
2014-01-03 00:00:00+05:30,35.710128888783665,2314.95,2213.75,35.05379867553711,1379552,0.0,0.0,ADANIENT.NS,Adani Enterprises Limited,Thermal Coal,Energy,Mr. Gautambhai Shantilal Adani S.Y. B.Com,"Ahmedabad, India",https://www.adanienterprises.com,2308.8,2238.85,2664840298496,77.06275,29.96,0.00059999997,3743.9,2025.0
2014-01-06 00:00:00+05:30,34.990277562353405,2314.95,2213.75,35.57603454589844,1379552,0.0,0.0,ADANIENT.NS,Adani Enterprises Limited,Thermal Coal,Energy,Mr. Gautambhai Shantilal Adani S.Y. B.Com,"Ahmedabad, India",https://www.adanienterprises.com,2308.8,2238.85,2664840298496,77.06275,29.96,0.00059999997,3743.9,2025.0
2014-01-07 00:00:00+05:30,35.759529956139545,2314.95,2213.75,34.150455474853516,1379552,0.0,0.0,ADANIENT.NS,Adani Enterprises Limited,Thermal Coal,Energy,Mr. Gautambhai Shantilal Adani S.Y. B.Com,"Ahmedabad, India",https://www.adanienterprises.com,2308.8,2238.85,2664840298496,77.06275,29.96,0.00059999997,3743.9,2025.0
2014-01-08 00:00:00+05:30,34.242205038989496,2314.95,2213.75,33.89639663696289,1379552,0.0,0.0,ADANIENT.NS,Adani Enterprises Limited,Thermal Coal,Energy,Mr. Gautambhai Shantilal Adani S.Y. B.Com,"Ahmedabad, India",https://www.adanienterprises.com,2308.8,2238.85,2664840298496,77.06275,29.96,0.00059999997,3743.9,2025.0
2014-01-09 00:00:00+05:30,34.023426341750906,2314.95,2213.75,34.65858459472656,1379552,0.0,0.0,ADANIENT.NS,Adani Enterprises Limited,Thermal Coal,Energy,Mr. Gautambhai Shantilal Adani S.Y. B.Com,"Ahmedabad, India",https://www.adanienterprises.com,2308.8,2238.85,2664840298496,77.06275,29.96,0.00059999997,3743.9,2025.0
2014-01-10 00:00:00+05:30,34.66564927120074,2314.95,2213.75,34.009315490722656,1379552,0.0,0.0,ADANIENT.NS,Adani Enterprises Limited,Thermal Coal,Energy,Mr. Gautambhai Shantilal Adani S.Y. B.Com,"Ahmedabad, India",https://www.adanienterprises.com,2308.8,2238.85,2664840298496,77.06275,29.96,0.00059999997,3743.9,2025.0
2014-01-13 00:00:00+05:30,33.755242920890886,2314.95,2213.75,33.21182632446289,1379552,0.0,0.0,ADANIENT.NS,Adani Enterprises Limited,Thermal Coal,Energy,Mr. Gautambhai Shantilal Adani S.Y. B.Com,"Ahmedabad, India",https://www.adanienterprises.com,2308.8,2238.85,2664840298496,77.06275,29.96,0.00059999997,3743.9,2025.0
2014-01-14 00:00:00+05:30,32.76016307507816,2314.95,2213.75,34.475093841552734,1379552,0.0,0.0,ADANIENT.NS,Adani Enterprises Limited,Thermal Coal,Energy,Mr. Gautambhai Shantilal Adani S.Y. B.Com,"Ahmedabad, India",https://www.adanienterprises.com,2308.8,2238.85,2664840298496,77.06275,29.96,0.00059999997,3743.9,2025.0
2014-01-15 00:00:00+05:30,34.72209918363262,2314.95,2213.75,35.166709899902344,1379552,0.0,0.0,ADANIENT.NS,Adani Enterprises Limited,Thermal Coal,Energy,Mr. Gautambhai Shantilal Adani S.Y. B.Com,"Ahmedabad, India",https://www.adanienterprises.com,2308.8,2238.85,2664840298496,77.06275,29.96,0.00059999997,3743.9,2025.0
2014-01-16 00:00:00+05:30,35.343147804174286,2314.95,2213.75,35.09614181518555,1379552,0.0,0.0,ADANIENT.NS,Adani Enterprises Limited,Thermal Coal,Energy,Mr. Gautambhai Shantilal Adani S.Y. B.Com,"Ahmedabad, India",https://www.adanienterprises.com,2308.8,2238.85,2664840298496,77.06275,29.96,0.00059999997,3743.9,2025.0
2014-01-17 00:00:00+05:30,35.237286678202395,2314.95,2213.75,33.85404968261719,1379552,0.0,0.0,ADANIENT.NS,Adani Enterprises Limited,Thermal Coal,Energy,Mr. Gautambhai Shantilal Adani S.Y. B.Com,"Ahmedabad, India",https://www.adanienterprises.com,2308.8,2238.85,2664840298496,77.06275,29.96,0.00059999997,3743.9,2025.0
2014-01-20 00:00:00+05:30,34.023427577772466,2314.95,2213.75,34.82090759277344,1379552,0.0,0.0,ADANIENT.NS,Adani Enterprises Limited,Thermal Coal,Energy,Mr. Gautambhai Shantilal Adani S.Y. B.Com,"Ahmedabad, India",https://www.adanienterprises.com,2308.8,2238.85,2664840298496,77.06275,29.96,0.00059999997,3743.9,2025.0
2014-01-21 00:00:00+05:30,35.19494834270233,2314.95,2213.75,34.86325454711914,1379552,0.0,0.0,ADANIENT.NS,Adani Enterprises Limited,Thermal Coal,Energy,Mr. Gautambhai Shantilal Adani S.Y. B.Com,"Ahmedabad, India",https://www.adanienterprises.com,2308.8,2238.85,2664840298496,77.06275,29.96,0.00059999997,3743.9,2025.0
2014-01-22 00:00:00+05:30,34.891474939412326,2314.95,2213.75,34.71504211425781,1379552,0.0,0.0,ADANIENT.NS,Adani Enterprises Limited,Thermal Coal,Energy,Mr. Gautambhai Shantilal Adani S.Y. B.Com,"Ahmedabad, India",https://www.adanienterprises.com,2308.8,2238.85,2664840298496,77.06275,29.96,0.00059999997,3743.9,2025.0
2014-01-23 00:00:00+05:30,34.43980601161737,2314.95,2213.75,36.32411575317383,1379552,0.0,0.0,ADANIENT.NS,Adani Enterprises Limited,Thermal Coal,Energy,Mr. Gautambhai Shantilal Adani S.Y. B.Com,"Ahmedabad, India",https://www.adanienterprises.com,2308.8,2238.85,2664840298496,77.06275,29.96,0.00059999997,3743.9,2025.0
2014-01-24 00:00:00+05:30,36.415856154386205,2314.95,2213.75,35.258453369140625,1379552,0.0,0.0,ADANIENT.NS,Adani Enterprises Limited,Thermal Coal,Energy,Mr. Gautambhai Shantilal Adani S.Y. B.Com,"Ahmedabad, India",https://www.adanienterprises.com,2308.8,2238.85,2664840298496,77.06275,29.96,0.00059999997,3743.9,2025.0
2014-01-27 00:00:00+05:30,34.75033099364819,2314.95,2213.75,33.45883560180664,1379552,0.0,0.0,ADANIENT.NS,Adani Enterprises Limited,Thermal Coal,Energy,Mr. Gautambhai Shantilal Adani S.Y. B.Com,"Ahmedabad, India",https://www.adanienterprises.com,2308.8,2238.85,2664840298496,77.06275,29.96,0.00059999997,3743.9,2025.0
2014-01-28 00:00:00+05:30,34.01636746988231,2314.95,2213.75,33.86110305786133,1379552,0.0,0.0,ADANIENT.NS,Adani Enterprises Limited,Thermal Coal,Energy,Mr. Gautambhai Shantilal Adani S.Y. B.Com,"Ahmedabad, India",https://www.adanienterprises.com,2308.8,2238.85,2664840298496,77.06275,29.96,0.00059999997,3743.9,2025.0
2014-01-29 00:00:00+05:30,34.01636676287934,2314.95,2213.75,35.914791107177734,1379552,0.0,0.0,ADANIENT.NS,Adani Enterprises Limited,Thermal Coal,Energy,Mr. Gautambhai Shantilal Adani S.Y. B.Com,"Ahmedabad, India",https://www.adanienterprises.com,2308.8,2238.85,2664840298496,77.06275,29.96,0.00059999997,3743.9,2025.0
2014-01-30 00:00:00+05:30,34.72915176526154,2314.95,2213.75,33.88227081298828,1379552,0.0,0.0,ADANIENT.NS,Adani Enterprises Limited,Thermal Coal,Energy,Mr. Gautambhai Shantilal Adani S.Y. B.Com,"Ahmedabad, India",https://www.adanienterprises.com,2308.8,2238.85,2664840298496,77.06275,29.96,0.00059999997,3743.9,2025.0
2014-01-31 00:00:00+05:30,34.00225961365324,2314.95,2213.75,33.71290969848633,1379552,0.0,0.0,ADANIENT.NS,Adani Enterprises Limited,Thermal Coal,Energy,Mr. Gautambhai Shantilal Adani S.Y. B.Com,"Ahmedabad, India",https://www.adanienterprises.com,2308.8,2238.85,2664840298496,77.06275,29.96,0.00059999997,3743.9,2025.0
2014-02-03 00:00:00+05:30,33.66350634582692,2314.95,2213.75,33.169490814208984,1379552,0.0,0.0,ADANIENT.NS,Adani Enterprises Limited,Thermal Coal,Energy,Mr. Gautambhai Shantilal Adani S.Y. B.Com,"Ahmedabad, India",https://www.adanienterprises.com,2308.8,2238.85,2664840298496,77.06275,29.96,0.00059999997,3743.9,2025.0
2014-02-04 00:00:00+05:30,32.851905583968836,2314.95,2213.75,32.64724349975586,1379552,0.0,0.0,ADANIENT.NS,Adani Enterprises Limited,Thermal Coal,Energy,Mr. Gautambhai Shantilal Adani S.Y. B.Com,"Ahmedabad, India",https://www.adanienterprises.com,2308.8,2238.85,2664840298496,77.06275,29.96,0.00059999997,3743.9,2025.0
2014-02-05 00:00:00+05:30,32.46375218171926,2314.95,2213.75,32.51315689086914,1379552,0.0,0.0,ADANIENT.NS,Adani Enterprises Limited,Thermal Coal,Energy,Mr. Gautambhai Shantilal Adani S.Y. B.Com,"Ahmedabad, India",https://www.adanienterprises.com,2308.8,2238.85,2664840298496,77.06275,29.96,0.00059999997,3743.9,2025.0
2014-02-06 00:00:00+05:30,32.654299847909044,2314.95,2213.75,31.941511154174805,1379552,0.0,0.0,ADANIENT.NS,Adani Enterprises Limited,Thermal Coal,Energy,Mr. Gautambhai Shantilal Adani S.Y. B.Com,"Ahmedabad, India",https://www.adanienterprises.com,2308.8,2238.85,2664840298496,77.06275,29.96,0.00059999997,3743.9,2025.0
2014-02-07 00:00:00+05:30,32.3226095426025,2314.95,2213.75,31.856826782226562,1379552,0.0,0.0,ADANIENT.NS,Adani Enterprises Limited,Thermal Coal,Energy,Mr. Gautambhai Shantilal Adani S.Y. B.Com,"Ahmedabad, India",https://www.adanienterprises.com,2308.8,2238.85,2664840298496,77.06275,29.96,0.00059999997,3743.9,2025.0
2014-02-10 00:00:00+05:30,31.616870510481288,2314.95,2213.75,31.2922306060791,1379552,0.0,0.0,ADANIENT.NS,Adani Enterprises Limited,Thermal Coal,Energy,Mr. Gautambhai Shantilal Adani S.Y. B.Com,"Ahmedabad, India",https://www.adanienterprises.com,2308.8,2238.85,2664840298496,77.06275,29.96,0.00059999997,3743.9,2025.0
2014-02-11 00:00:00+05:30,31.292236283760428,2314.95,2213.75,31.186376571655273,1379552,0.0,0.0,ADANIENT.NS,Adani Enterprises Limited,Thermal Coal,Energy,Mr. Gautambhai Shantilal Adani S.Y. B.Com,"Ahmedabad, India",https://www.adanienterprises.com,2308.8,2238.85,2664840298496,77.06275,29.96,0.00059999997,3743.9,2025.0
2014-02-12 00:00:00+05:30,31.461614214014556,2314.95,2213.75,31.052289962768555,1379552,0.0,0.0,ADANIENT.NS,Adani Enterprises Limited,Thermal Coal,Energy,Mr. Gautambhai Shantilal Adani S.Y. B.Com,"Ahmedabad, India",https://www.adanienterprises.com,2308.8,2238.85,2664840298496,77.06275,29.96,0.00059999997,3743.9,2025.0
2014-02-13 00:00:00+05:30,31.221663466753963,2314.95,2213.75,30.734708786010742,1379552,0.0,0.0,ADANIENT.NS,Adani Enterprises Limited,Thermal Coal,Energy,Mr. Gautambhai Shantilal Adani S.Y. B.Com,"Ahmedabad, India",https://www.adanienterprises.com,2308.8,2238.85,2664840298496,77.06275,29.96,0.00059999997,3743.9,2025.0
2014-02-14 00:00:00+05:30,30.501817732264396,2314.95,2213.75,30.37478256225586,1379552,0.0,0.0,ADANIENT.NS,Adani Enterprises Limited,Thermal Coal,Energy,Mr. Gautambhai Shantilal Adani S.Y. B.Com,"Ahmedabad, India",https://www.adanienterprises.com,2308.8,2238.85,2664840298496,77.06275,29.96,0.00059999997,3743.9,2025.0
2014-02-17 00:00:00+05:30,30.21952109921938,2314.95,2213.75,31.07345962524414,1379552,0.0,0.0,ADANIENT.NS,Adani Enterprises Limited,Thermal Coal,Energy,Mr. Gautambhai Shantilal Adani S.Y. B.Com,"Ahmedabad, India",https://www.adanienterprises.com,2308.8,2238.85,2664840298496,77.06275,29.96,0.00059999997,3743.9,2025.0
2014-02-18 00:00:00+05:30,31.087578420697984,2314.95,2213.75,32.14617919921875,1379552,0.0,0.0,ADANIENT.NS,Adani Enterprises Limited,Thermal Coal,Energy,Mr. Gautambhai Shantilal Adani S.Y. B.Com,"Ahmedabad, India",https://www.adanienterprises.com,2308.8,2238.85,2664840298496,77.06275,29.96,0.00059999997,3743.9,2025.0
2014-02-19 00:00:00+05:30,32.5907844034461,2314.95,2213.75,34.446861267089844,1379552,0.0,0.0,ADANIENT.NS,Adani Enterprises Limited,Thermal Coal,Energy,Mr. Gautambhai Shantilal Adani S.Y. B.Com,"Ahmedabad, India",https://www.adanienterprises.com,2308.8,2238.85,2664840298496,77.06275,29.96,0.00059999997,3743.9,2025.0
2014-02-20 00:00:00+05:30,34.29866622525506,2314.95,2213.75,34.609188079833984,1379552,0.0,0.0,ADANIENT.NS,Adani Enterprises Limited,Thermal Coal,Energy,Mr. Gautambhai Shantilal Adani S.Y. B.Com,"Ahmedabad, India",https://www.adanienterprises.com,2308.8,2238.85,2664840298496,77.06275,29.96,0.00059999997,3743.9,2025.0
2014-02-21 00:00:00+05:30,34.785617673632736,2314.95,2213.75,35.230228424072266,1379552,0.0,0.0,ADANIENT.NS,Adani Enterprises Limited,Thermal Coal,Energy,Mr. Gautambhai Shantilal Adani S.Y. B.Com,"Ahmedabad, India",https://www.adanienterprises.com,2308.8,2238.85,2664840298496,77.06275,29.96,0.00059999997,3743.9,2025.0
2014-02-24 00:00:00+05:30,35.40666497043015,2314.95,2213.75,35.23728942871094,1379552,0.0,0.0,ADANIENT.NS,Adani Enterprises Limited,Thermal Coal,Energy,Mr. Gautambhai Shantilal Adani S.Y. B.Com,"Ahmedabad, India",https://www.adanienterprises.com,2308.8,2238.85,2664840298496,77.06275,29.96,0.00059999997,3743.9,2025.0
2014-02-25 00:00:00+05:30,35.392539583576614,2314.95,2213.75,35.1949348449707,1379552,0.0,0.0,ADANIENT.NS,Adani Enterprises Limited,Thermal Coal,Energy,Mr. Gautambhai Shantilal Adani S.Y. B.Com,"Ahmedabad, India",https://www.adanienterprises.com,2308.8,2238.85,2664840298496,77.06275,29.96,0.00059999997,3743.9,2025.0
2014-02-26 00:00:00+05:30,35.2584609099738,2314.95,2213.75,35.0467414855957,1379552,0.0,0.0,ADANIENT.NS,Adani Enterprises Limited,Thermal Coal,Energy,Mr. Gautambhai Shantilal Adani S.Y. B.Com,"Ahmedabad, India",https://www.adanienterprises.com,2308.8,2238.85,2664840298496,77.06275,29.96,0.00059999997,3743.9,2025.0
2014-02-28 00:00:00+05:30,35.18082747964283,2314.95,2213.75,35.88656234741211,1379552,0.0,0.0,ADANIENT.NS,Adani Enterprises Limited,Thermal Coal,Energy,Mr. Gautambhai Shantilal Adani S.Y. B.Com,"Ahmedabad, India",https://www.adanienterprises.com,2308.8,2238.85,2664840298496,77.06275,29.96,0.00059999997,3743.9,2025.0
2014-03-03 00:00:00+05:30,35.99242140684721,2314.95,2213.75,37.248626708984375,1379552,0.0,0.0,ADANIENT.NS,Adani Enterprises Limited,Thermal Coal,Energy,Mr. Gautambhai Shantilal Adani S.Y. B.Com,"Ahmedabad, India",https://www.adanienterprises.com,2308.8,2238.85,2664840298496,77.06275,29.96,0.00059999997,3743.9,2025.0
2014-03-04 00:00:00+05:30,37.54503242862273,2314.95,2213.75,37.78498458862305,1379552,0.0,0.0,ADANIENT.NS,Adani Enterprises Limited,Thermal Coal,Energy,Mr. Gautambhai Shantilal Adani S.Y. B.Com,"Ahmedabad, India",https://www.adanienterprises.com,2308.8,2238.85,2664840298496,77.06275,29.96,0.00059999997,3743.9,2025.0
2014-03-05 00:00:00+05:30,38.10962775643624,2314.95,2213.75,37.820274353027344,1379552,0.0,0.0,ADANIENT.NS,Adani Enterprises Limited,Thermal Coal,Energy,Mr. Gautambhai Shantilal Adani S.Y. B.Com,"Ahmedabad, India",https://www.adanienterprises.com,2308.8,2238.85,2664840298496,77.06275,29.96,0.00059999997,3743.9,2025.0
2014-03-06 00:00:00+05:30,37.96847392036893,2314.95,2213.75,38.723609924316406,1379552,0.0,0.0,ADANIENT.NS,Adani Enterprises Limited,Thermal Coal,Energy,Mr. Gautambhai Shantilal Adani S.Y. B.Com,"Ahmedabad, India",https://www.adanienterprises.com,2308.8,2238.85,2664840298496,77.06275,29.96,0.00059999997,3743.9,2025.0
2014-03-07 00:00:00+05:30,38.88593078418953,2314.95,2213.75,42.78158187866211,1379552,0.0,0.0,ADANIENT.NS,Adani Enterprises Limited,Thermal Coal,Energy,Mr. Gautambhai Shantilal Adani S.Y. B.Com,"Ahmedabad, India",https://www.adanienterprises.com,2308.8,2238.85,2664840298496,77.06275,29.96,0.00059999997,3743.9,2025.0
2014-03-10 00:00:00+05:30,42.8874425975105,2314.95,2213.75,44.70823669433594,1379552,0.0,0.0,ADANIENT.NS,Adani Enterprises Limited,Thermal Coal,Energy,Mr. Gautambhai Shantilal Adani S.Y. B.Com,"Ahmedabad, India",https://www.adanienterprises.com,2308.8,2238.85,2664840298496,77.06275,29.96,0.00059999997,3743.9,2025.0
2014-03-11 00:00:00+05:30,44.94112451171049,2314.95,2213.75,44.9270133972168,1379552,0.0,0.0,ADANIENT.NS,Adani Enterprises Limited,Thermal Coal,Energy,Mr. Gautambhai Shantilal Adani S.Y. B.Com,"Ahmedabad, India",https://www.adanienterprises.com,2308.8,2238.85,2664840298496,77.06275,29.96,0.00059999997,3743.9,2025.0
2014-03-12 00:00:00+05:30,45.02581630101634,2314.95,2213.75,44.228336334228516,1379552,0.0,0.0,ADANIENT.NS,Adani Enterprises Limited,Thermal Coal,Energy,Mr. Gautambhai Shantilal Adani S.Y. B.Com,"Ahmedabad, India",https://www.adanienterprises.com,2308.8,2238.85,2664840298496,77.06275,29.96,0.00059999997,3743.9,2025.0
2014-03-13 00:00:00+05:30,44.390653558725376,2314.95,2213.75,43.61434555053711,1379552,0.0,0.0,ADANIENT.NS,Adani Enterprises Limited,Thermal Coal,Energy,Mr. Gautambhai Shantilal Adani S.Y. B.Com,"Ahmedabad, India",https://www.adanienterprises.com,2308.8,2238.85,2664840298496,77.06275,29.96,0.00059999997,3743.9,2025.0
2014-03-14 00:00:00+05:30,43.06387096508975,2314.95,2213.75,45.20224380493164,1379552,0.0,0.0,ADANIENT.NS,Adani Enterprises Limited,Thermal Coal,Energy,Mr. Gautambhai Shantilal Adani S.Y. B.Com,"Ahmedabad, India",https://www.adanienterprises.com,2308.8,2238.85,2664840298496,77.06275,29.96,0.00059999997,3743.9,2025.0
2014-03-18 00:00:00+05:30,45.63980189129816,2314.95,2213.75,45.59040069580078,1379552,0.0,0.0,ADANIENT.NS,Adani Enterprises Limited,Thermal Coal,Energy,Mr. Gautambhai Shantilal Adani S.Y. B.Com,"Ahmedabad, India",https://www.adanienterprises.com,2308.8,2238.85,2664840298496,77.06275,29.96,0.00059999997,3743.9,2025.0
2014-03-19 00:00:00+05:30,45.788010514896825,2314.95,2213.75,45.738609313964844,1379552,0.0,0.0,ADANIENT.NS,Adani Enterprises Limited,Thermal Coal,Energy,Mr. Gautambhai Shantilal Adani S.Y. B.Com,"Ahmedabad, India",https://www.adanienterprises.com,2308.8,2238.85,2664840298496,77.06275,29.96,0.00059999997,3743.9,2025.0
2014-03-20 00:00:00+05:30,45.57629206699732,2314.95,2213.75,44.36948776245117,1379552,0.0,0.0,ADANIENT.NS,Adani Enterprises Limited,Thermal Coal,Energy,Mr. Gautambhai Shantilal Adani S.Y. B.Com,"Ahmedabad, India",https://www.adanienterprises.com,2308.8,2238.85,2664840298496,77.06275,29.96,0.00059999997,3743.9,2025.0
2014-03-21 00:00:00+05:30,44.60237335405514,2314.95,2213.75,46.020896911621094,1379552,0.0,0.0,ADANIENT.NS,Adani Enterprises Limited,Thermal Coal,Energy,Mr. Gautambhai Shantilal Adani S.Y. B.Com,"Ahmedabad, India",https://www.adanienterprises.com,2308.8,2238.85,2664840298496,77.06275,29.96,0.00059999997,3743.9,2025.0
2014-03-24 00:00:00+05:30,46.154992122797275,2314.95,2213.75,45.865638732910156,1379552,0.0,0.0,ADANIENT.NS,Adani Enterprises Limited,Thermal Coal,Energy,Mr. Gautambhai Shantilal Adani S.Y. B.Com,"Ahmedabad, India",https://www.adanienterprises.com,2308.8,2238.85,2664840298496,77.06275,29.96,0.00059999997,3743.9,2025.0
2014-03-25 00:00:00+05:30,45.830345691820376,2314.95,2213.75,46.691341400146484,1379552,0.0,0.0,ADANIENT.NS,Adani Enterprises Limited,Thermal Coal,Energy,Mr. Gautambhai Shantilal Adani S.Y. B.Com,"Ahmedabad, India",https://www.adanienterprises.com,2308.8,2238.85,2664840298496,77.06275,29.96,0.00059999997,3743.9,2025.0
2014-03-26 00:00:00+05:30,46.917176292313,2314.95,2213.75,46.42316436767578,1379552,0.0,0.0,ADANIENT.NS,Adani Enterprises Limited,Thermal Coal,Energy,Mr. Gautambhai Shantilal Adani S.Y. B.Com,"Ahmedabad, India",https://www.adanienterprises.com,2308.8,2238.85,2664840298496,77.06275,29.96,0.00059999997,3743.9,2025.0
2014-03-27 00:00:00+05:30,46.50785848830415,2314.95,2213.75,46.712520599365234,1379552,0.0,0.0,ADANIENT.NS,Adani Enterprises Limited,Thermal Coal,Energy,Mr. Gautambhai Shantilal Adani S.Y. B.Com,"Ahmedabad, India",https://www.adanienterprises.com,2308.8,2238.85,2664840298496,77.06275,29.96,0.00059999997,3743.9,2025.0
2014-03-28 00:00:00+05:30,46.846606475419385,2314.95,2213.75,50.22001647949219,1379552,0.0,0.0,ADANIENT.NS,Adani Enterprises Limited,Thermal Coal,Energy,Mr. Gautambhai Shantilal Adani S.Y. B.Com,"Ahmedabad, India",https://www.adanienterprises.com,2308.8,2238.85,2664840298496,77.06275,29.96,0.00059999997,3743.9,2025.0
2014-03-31 00:00:00+05:30,50.67873503186742,2314.95,2213.75,51.94199752807617,1379552,0.0,0.0,ADANIENT.NS,Adani Enterprises Limited,Thermal Coal,Energy,Mr. Gautambhai Shantilal Adani S.Y. B.Com,"Ahmedabad, India",https://www.adanienterprises.com,2308.8,2238.85,2664840298496,77.06275,29.96,0.00059999997,3743.9,2025.0
2014-04-01 00:00:00+05:30,52.2242971318968,2314.95,2213.75,49.78246307373047,1379552,0.0,0.0,ADANIENT.NS,Adani Enterprises Limited,Thermal Coal,Energy,Mr. Gautambhai Shantilal Adani S.Y. B.Com,"Ahmedabad, India",https://www.adanienterprises.com,2308.8,2238.85,2664840298496,77.06275,29.96,0.00059999997,3743.9,2025.0
2014-04-02 00:00:00+05:30,50.0859287183783,2314.95,2213.75,50.60111618041992,1379552,0.0,0.0,ADANIENT.NS,Adani Enterprises Limited,Thermal Coal,Energy,Mr. Gautambhai Shantilal Adani S.Y. B.Com,"Ahmedabad, India",https://www.adanienterprises.com,2308.8,2238.85,2664840298496,77.06275,29.96,0.00059999997,3743.9,2025.0
2014-04-03 00:00:00+05:30,50.6434576910399,2314.95,2213.75,49.63425827026367,1379552,0.0,0.0,ADANIENT.NS,Adani Enterprises Limited,Thermal Coal,Energy,Mr. Gautambhai Shantilal Adani S.Y. B.Com,"Ahmedabad, India",https://www.adanienterprises.com,2308.8,2238.85,2664840298496,77.06275,29.96,0.00059999997,3743.9,2025.0
2014-04-04 00:00:00+05:30,49.85303273086344,2314.95,2213.75,52.40778732299805,1379552,0.0,0.0,ADANIENT.NS,Adani Enterprises Limited,Thermal Coal,Energy,Mr. Gautambhai Shantilal Adani S.Y. B.Com,"Ahmedabad, India",https://www.adanienterprises.com,2308.8,2238.85,2664840298496,77.06275,29.96,0.00059999997,3743.9,2025.0
2014-04-07 00:00:00+05:30,52.64067940463296,2314.95,2213.75,53.473445892333984,1379552,0.0,0.0,ADANIENT.NS,Adani Enterprises Limited,Thermal Coal,Energy,Mr. Gautambhai Shantilal Adani S.Y. B.Com,"Ahmedabad, India",https://www.adanienterprises.com,2308.8,2238.85,2664840298496,77.06275,29.96,0.00059999997,3743.9,2025.0
2014-04-09 00:00:00+05:30,53.76985614910003,2314.95,2213.75,53.967464447021484,1379552,0.0,0.0,ADANIENT.NS,Adani Enterprises Limited,Thermal Coal,Energy,Mr. Gautambhai Shantilal Adani S.Y. B.Com,"Ahmedabad, India",https://www.adanienterprises.com,2308.8,2238.85,2664840298496,77.06275,29.96,0.00059999997,3743.9,2025.0
2014-04-10 00:00:00+05:30,54.19329232739419,2314.95,2213.75,66.31780242919922,1379552,0.0,0.0,ADANIENT.NS,Adani Enterprises Limited,Thermal Coal,Energy,Mr. Gautambhai Shantilal Adani S.Y. B.Com,"Ahmedabad, India",https://www.adanienterprises.com,2308.8,2238.85,2664840298496,77.06275,29.96,0.00059999997,3743.9,2025.0
2014-04-11 00:00:00+05:30,63.657178508605206,2314.95,2213.75,61.77992630004883,1379552,0.0,0.0,ADANIENT.NS,Adani Enterprises Limited,Thermal Coal,Energy,Mr. Gautambhai Shantilal Adani S.Y. B.Com,"Ahmedabad, India",https://www.adanienterprises.com,2308.8,2238.85,2664840298496,77.06275,29.96,0.00059999997,3743.9,2025.0
2014-04-15 00:00:00+05:30,62.07634058580894,2314.95,2213.75,58.94288635253906,1379552,0.0,0.0,ADANIENT.NS,Adani Enterprises Limited,Thermal Coal,Energy,Mr. Gautambhai Shantilal Adani S.Y. B.Com,"Ahmedabad, India",https://www.adanienterprises.com,2308.8,2238.85,2664840298496,77.06275,29.96,0.00059999997,3743.9,2025.0
2014-04-16 00:00:00+05:30,59.281628623644565,2314.95,2213.75,60.76366424560547,1379552,0.0,0.0,ADANIENT.NS,Adani Enterprises Limited,Thermal Coal,Energy,Mr. Gautambhai Shantilal Adani S.Y. B.Com,"Ahmedabad, India",https://www.adanienterprises.com,2308.8,2238.85,2664840298496,77.06275,29.96,0.00059999997,3743.9,2025.0
2014-04-17 00:00:00+05:30,61.39883391449737,2314.95,2213.75,61.87167739868164,1379552,0.0,0.0,ADANIENT.NS,Adani Enterprises Limited,Thermal Coal,Energy,Mr. Gautambhai Shantilal Adani S.Y. B.Com,"Ahmedabad, India",https://www.adanienterprises.com,2308.8,2238.85,2664840298496,77.06275,29.96,0.00059999997,3743.9,2025.0
2014-04-21 00:00:00+05:30,62.386864798216514,2314.95,2213.75,62.5421257019043,1379552,0.0,0.0,ADANIENT.NS,Adani Enterprises Limited,Thermal Coal,Energy,Mr. Gautambhai Shantilal Adani S.Y. B.Com,"Ahmedabad, India",https://www.adanienterprises.com,2308.8,2238.85,2664840298496,77.06275,29.96,0.00059999997,3743.9,2025.0
2014-04-22 00:00:00+05:30,62.95851389156219,2314.95,2213.75,62.14691925048828,1379552,0.0,0.0,ADANIENT.NS,Adani Enterprises Limited,Thermal Coal,Energy,Mr. Gautambhai Shantilal Adani S.Y. B.Com,"Ahmedabad, India",https://www.adanienterprises.com,2308.8,2238.85,2664840298496,77.06275,29.96,0.00059999997,3743.9,2025.0
2014-04-23 00:00:00+05:30,62.457430821180196,2314.95,2213.75,60.94715881347656,1379552,0.0,0.0,ADANIENT.NS,Adani Enterprises Limited,Thermal Coal,Energy,Mr. Gautambhai Shantilal Adani S.Y. B.Com,"Ahmedabad, India",https://www.adanienterprises.com,2308.8,2238.85,2664840298496,77.06275,29.96,0.00059999997,3743.9,2025.0
2014-04-24 00:00:00+05:30,60.94715881347656,2314.95,2213.75,60.94715881347656,1379552,0.0,0.0,ADANIENT.NS,Adani Enterprises Limited,Thermal Coal,Energy,Mr. Gautambhai Shantilal Adani S.Y. B.Com,"Ahmedabad, India",https://www.adanienterprises.com,2308.8,2238.85,2664840298496,77.06275,29.96,0.00059999997,3743.9,2025.0
2014-04-25 00:00:00+05:30,61.22241171385703,2314.95,2213.75,61.045982360839844,1379552,0.0,0.0,ADANIENT.NS,Adani Enterprises Limited,Thermal Coal,Energy,Mr. Gautambhai Shantilal Adani S.Y. B.Com,"Ahmedabad, India",https://www.adanienterprises.com,2308.8,2238.85,2664840298496,77.06275,29.96,0.00059999997,3743.9,2025.0
2014-04-28 00:00:00+05:30,61.116547133829336,2314.95,2213.75,60.417869567871094,1379552,0.0,0.0,ADANIENT.NS,Adani Enterprises Limited,Thermal Coal,Energy,Mr. Gautambhai Shantilal Adani S.Y. B.Com,"Ahmedabad, India",https://www.adanienterprises.com,2308.8,2238.85,2664840298496,77.06275,29.96,0.00059999997,3743.9,2025.0
2014-04-29 00:00:00+05:30,59.98737520733484,2314.95,2213.75,61.215354919433594,1379552,0.0,0.0,ADANIENT.NS,Adani Enterprises Limited,Thermal Coal,Energy,Mr. Gautambhai Shantilal Adani S.Y. B.Com,"Ahmedabad, India",https://www.adanienterprises.com,2308.8,2238.85,2664840298496,77.06275,29.96,0.00059999997,3743.9,2025.0
2014-04-30 00:00:00+05:30,61.52586917089788,2314.95,2213.75,58.97816848754883,1379552,0.0,0.0,ADANIENT.NS,Adani Enterprises Limited,Thermal Coal,Energy,Mr. Gautambhai Shantilal Adani S.Y. B.Com,"Ahmedabad, India",https://www.adanienterprises.com,2308.8,2238.85,2664840298496,77.06275,29.96,0.00059999997,3743.9,2025.0
2014-05-02 00:00:00+05:30,59.78977119560343,2314.95,2213.75,59.38750076293945,1379552,0.0,0.0,ADANIENT.NS,Adani Enterprises Limited,Thermal Coal,Energy,Mr. Gautambhai Shantilal Adani S.Y. B.Com,"Ahmedabad, India",https://www.adanienterprises.com,2308.8,2238.85,2664840298496,77.06275,29.96,0.00059999997,3743.9,2025.0
2014-05-05 00:00:00+05:30,59.70507800915353,2314.95,2213.75,60.1638069152832,1379552,0.0,0.0,ADANIENT.NS,Adani Enterprises Limited,Thermal Coal,Energy,Mr. Gautambhai Shantilal Adani S.Y. B.Com,"Ahmedabad, India",https://www.adanienterprises.com,2308.8,2238.85,2664840298496,77.06275,29.96,0.00059999997,3743.9,2025.0
2014-05-06 00:00:00+05:30,60.763682749754174,2314.95,2213.75,61.045982360839844,1379552,0.0,0.0,ADANIENT.NS,Adani Enterprises Limited,Thermal Coal,Energy,Mr. Gautambhai Shantilal Adani S.Y. B.Com,"Ahmedabad, India",https://www.adanienterprises.com,2308.8,2238.85,2664840298496,77.06275,29.96,0.00059999997,3743.9,2025.0
2014-05-07 00:00:00+05:30,61.3141456719411,2314.95,2213.75,60.33317565917969,1379552,0.0,0.0,ADANIENT.NS,Adani Enterprises Limited,Thermal Coal,Energy,Mr. Gautambhai Shantilal Adani S.Y. B.Com,"Ahmedabad, India",https://www.adanienterprises.com,2308.8,2238.85,2664840298496,77.06275,29.96,0.00059999997,3743.9,2025.0
2014-05-08 00:00:00+05:30,60.76368364136601,2314.95,2213.75,59.68391799926758,1379552,0.0,0.0,ADANIENT.NS,Adani Enterprises Limited,Thermal Coal,Energy,Mr. Gautambhai Shantilal Adani S.Y. B.Com,"Ahmedabad, India",https://www.adanienterprises.com,2308.8,2238.85,2664840298496,77.06275,29.96,0.00059999997,3743.9,2025.0
2014-05-09 00:00:00+05:30,59.86034329324738,2314.95,2213.75,60.99657440185547,1379552,0.0,0.0,ADANIENT.NS,Adani Enterprises Limited,Thermal Coal,Energy,Mr. Gautambhai Shantilal Adani S.Y. B.Com,"Ahmedabad, India",https://www.adanienterprises.com,2308.8,2238.85,2664840298496,77.06275,29.96,0.00059999997,3743.9,2025.0
2014-05-12 00:00:00+05:30,61.64583299659573,2314.95,2213.75,60.71426773071289,1379552,0.0,0.0,ADANIENT.NS,Adani Enterprises Limited,Thermal Coal,Energy,Mr. Gautambhai Shantilal Adani S.Y. B.Com,"Ahmedabad, India",https://www.adanienterprises.com,2308.8,2238.85,2664840298496,77.06275,29.96,0.00059999997,3743.9,2025.0
2014-05-13 00:00:00+05:30,61.71641816854165,2314.95,2213.75,67.53872680664062,1379552,0.0,0.0,ADANIENT.NS,Adani Enterprises Limited,Thermal Coal,Energy,Mr. Gautambhai Shantilal Adani S.Y. B.Com,"Ahmedabad, India",https://www.adanienterprises.com,2308.8,2238.85,2664840298496,77.06275,29.96,0.00059999997,3743.9,2025.0
2014-05-14 00:00:00+05:30,68.03273988832966,2314.95,2213.75,70.312255859375,1379552,0.0,0.0,ADANIENT.NS,Adani Enterprises Limited,Thermal Coal,Energy,Mr. Gautambhai Shantilal Adani S.Y. B.Com,"Ahmedabad, India",https://www.adanienterprises.com,2308.8,2238.85,2664840298496,77.06275,29.96,0.00059999997,3743.9,2025.0
2014-05-15 00:00:00+05:30,70.84862868757969,2314.95,2213.75,70.6510238647461,1379552,0.0,0.0,ADANIENT.NS,Adani Enterprises Limited,Thermal Coal,Energy,Mr. Gautambhai Shantilal Adani S.Y. B.Com,"Ahmedabad, India",https://www.adanienterprises.com,2308.8,2238.85,2664840298496,77.06275,29.96,0.00059999997,3743.9,2025.0
2014-05-16 00:00:00+05:30,76.92497928309852,2314.95,2213.75,74.76543426513672,1379552,0.0,0.0,ADANIENT.NS,Adani Enterprises Limited,Thermal Coal,Energy,Mr. Gautambhai Shantilal Adani S.Y. B.Com,"Ahmedabad, India",https://www.adanienterprises.com,2308.8,2238.85,2664840298496,77.06275,29.96,0.00059999997,3743.9,2025.0
2014-05-19 00:00:00+05:30,76.92497601610224,2314.95,2213.75,76.2898178100586,1379552,0.0,0.0,ADANIENT.NS,Adani Enterprises Limited,Thermal Coal,Energy,Mr. Gautambhai Shantilal Adani S.Y. B.Com,"Ahmedabad, India",https://www.adanienterprises.com,2308.8,2238.85,2664840298496,77.06275,29.96,0.00059999997,3743.9,2025.0
2014-05-20 00:00:00+05:30,77.27784826099825,2314.95,2213.75,75.25239562988281,1379552,0.0,0.0,ADANIENT.NS,Adani Enterprises Limited,Thermal Coal,Energy,Mr. Gautambhai Shantilal Adani S.Y. B.Com,"Ahmedabad, India",https://www.adanienterprises.com,2308.8,2238.85,2664840298496,77.06275,29.96,0.00059999997,3743.9,2025.0
2014-05-21 00:00:00+05:30,75.43589492260189,2314.95,2213.75,72.7470474243164,1379552,0.0,0.0,ADANIENT.NS,Adani Enterprises Limited,Thermal Coal,Energy,Mr. Gautambhai Shantilal Adani S.Y. B.Com,"Ahmedabad, India",https://www.adanienterprises.com,2308.8,2238.85,2664840298496,77.06275,29.96,0.00059999997,3743.9,2025.0
2014-05-22 00:00:00+05:30,73.36809760536198,2314.95,2213.75,70.82039642333984,1379552,0.0,0.0,ADANIENT.NS,Adani Enterprises Limited,Thermal Coal,Energy,Mr. Gautambhai Shantilal Adani S.Y. B.Com,"Ahmedabad, India",https://www.adanienterprises.com,2308.8,2238.85,2664840298496,77.06275,29.96,0.00059999997,3743.9,2025.0
2014-05-23 00:00:00+05:30,70.9968099603742,2314.95,2213.75,71.72371673583984,1379552,0.0,0.0,ADANIENT.NS,Adani Enterprises Limited,Thermal Coal,Energy,Mr. Gautambhai Shantilal Adani S.Y. B.Com,"Ahmedabad, India",https://www.adanienterprises.com,2308.8,2238.85,2664840298496,77.06275,29.96,0.00059999997,3743.9,2025.0
2014-05-26 00:00:00+05:30,72.54943492857416,2314.95,2213.75,69.01371002197266,1379552,0.0,0.0,ADANIENT.NS,Adani Enterprises Limited,Thermal Coal,Energy,Mr. Gautambhai Shantilal Adani S.Y. B.Com,"Ahmedabad, India",https://www.adanienterprises.com,2308.8,2238.85,2664840298496,77.06275,29.96,0.00059999997,3743.9,2025.0
2014-05-27 00:00:00+05:30,68.61142872637714,2314.95,2213.75,66.98118591308594,1379552,0.0,0.0,ADANIENT.NS,Adani Enterprises Limited,Thermal Coal,Energy,Mr. Gautambhai Shantilal Adani S.Y. B.Com,"Ahmedabad, India",https://www.adanienterprises.com,2308.8,2238.85,2664840298496,77.06275,29.96,0.00059999997,3743.9,2025.0
2014-05-28 00:00:00+05:30,66.31074834646314,2314.95,2213.75,67.23526000976562,1379552,0.0,0.0,ADANIENT.NS,Adani Enterprises Limited,Thermal Coal,Energy,Mr. Gautambhai Shantilal Adani S.Y. B.Com,"Ahmedabad, India",https://www.adanienterprises.com,2308.8,2238.85,2664840298496,77.06275,29.96,0.00059999997,3743.9,2025.0
2014-05-29 00:00:00+05:30,66.64244062691134,2314.95,2213.75,63.770103454589844,1379552,0.0,0.0,ADANIENT.NS,Adani Enterprises Limited,Thermal Coal,Energy,Mr. Gautambhai Shantilal Adani S.Y. B.Com,"Ahmedabad, India",https://www.adanienterprises.com,2308.8,2238.85,2664840298496,77.06275,29.96,0.00059999997,3743.9,2025.0
2014-05-30 00:00:00+05:30,63.55838672732391,2314.95,2213.75,67.59518432617188,1379552,0.0,0.0,ADANIENT.NS,Adani Enterprises Limited,Thermal Coal,Energy,Mr. Gautambhai Shantilal Adani S.Y. B.Com,"Ahmedabad, India",https://www.adanienterprises.com,2308.8,2238.85,2664840298496,77.06275,29.96,0.00059999997,3743.9,2025.0
2014-06-02 00:00:00+05:30,68.45617906478991,2314.95,2213.75,67.89159393310547,1379552,0.0,0.0,ADANIENT.NS,Adani Enterprises Limited,Thermal Coal,Energy,Mr. Gautambhai Shantilal Adani S.Y. B.Com,"Ahmedabad, India",https://www.adanienterprises.com,2308.8,2238.85,2664840298496,77.06275,29.96,0.00059999997,3743.9,2025.0
2014-06-03 00:00:00+05:30,67.79280276552214,2314.95,2213.75,68.11743927001953,1379552,0.0,0.0,ADANIENT.NS,Adani Enterprises Limited,Thermal Coal,Energy,Mr. Gautambhai Shantilal Adani S.Y. B.Com,"Ahmedabad, India",https://www.adanienterprises.com,2308.8,2238.85,2664840298496,77.06275,29.96,0.00059999997,3743.9,2025.0
2014-06-04 00:00:00+05:30,67.77867123767793,2314.95,2213.75,70.22756958007812,1379552,0.0,0.0,ADANIENT.NS,Adani Enterprises Limited,Thermal Coal,Energy,Mr. Gautambhai Shantilal Adani S.Y. B.Com,"Ahmedabad, India",https://www.adanienterprises.com,2308.8,2238.85,2664840298496,77.06275,29.96,0.00059999997,3743.9,2025.0
2014-06-05 00:00:00+05:30,70.55926597196323,2314.95,2213.75,70.31226348876953,1379552,0.0,0.0,ADANIENT.NS,Adani Enterprises Limited,Thermal Coal,Energy,Mr. Gautambhai Shantilal Adani S.Y. B.Com,"Ahmedabad, India",https://www.adanienterprises.com,2308.8,2238.85,2664840298496,77.06275,29.96,0.00059999997,3743.9,2025.0
2014-06-06 00:00:00+05:30,70.88388763905516,2314.95,2213.75,71.39202117919922,1379552,0.0,0.0,ADANIENT.NS,Adani Enterprises Limited,Thermal Coal,Energy,Mr. Gautambhai Shantilal Adani S.Y. B.Com,"Ahmedabad, India",https://www.adanienterprises.com,2308.8,2238.85,2664840298496,77.06275,29.96,0.00059999997,3743.9,2025.0
2014-06-09 00:00:00+05:30,71.84369587613048,2314.95,2213.75,71.448486328125,1379552,0.0,0.0,ADANIENT.NS,Adani Enterprises Limited,Thermal Coal,Energy,Mr. Gautambhai Shantilal Adani S.Y. B.Com,"Ahmedabad, India",https://www.adanienterprises.com,2308.8,2238.85,2664840298496,77.06275,29.96,0.00059999997,3743.9,2025.0
2014-06-10 00:00:00+05:30,71.56138971652729,2314.95,2213.75,69.99465942382812,1379552,0.0,0.0,ADANIENT.NS,Adani Enterprises Limited,Thermal Coal,Energy,Mr. Gautambhai Shantilal Adani S.Y. B.Com,"Ahmedabad, India",https://www.adanienterprises.com,2308.8,2238.85,2664840298496,77.06275,29.96,0.00059999997,3743.9,2025.0
2014-06-11 00:00:00+05:30,69.9946914920822,2314.95,2213.75,68.81611633300781,1379552,0.0,0.0,ADANIENT.NS,Adani Enterprises Limited,Thermal Coal,Energy,Mr. Gautambhai Shantilal Adani S.Y. B.Com,"Ahmedabad, India",https://www.adanienterprises.com,2308.8,2238.85,2664840298496,77.06275,29.96,0.00059999997,3743.9,2025.0
2014-06-12 00:00:00+05:30,68.21623287206938,2314.95,2213.75,69.04899597167969,1379552,0.0,0.0,ADANIENT.NS,Adani Enterprises Limited,Thermal Coal,Energy,Mr. Gautambhai Shantilal Adani S.Y. B.Com,"Ahmedabad, India",https://www.adanienterprises.com,2308.8,2238.85,2664840298496,77.06275,29.96,0.00059999997,3743.9,2025.0
2014-06-13 00:00:00+05:30,68.6820094435333,2314.95,2213.75,66.32485961914062,1379552,0.0,0.0,ADANIENT.NS,Adani Enterprises Limited,Thermal Coal,Energy,Mr. Gautambhai Shantilal Adani S.Y. B.Com,"Ahmedabad, India",https://www.adanienterprises.com,2308.8,2238.85,2664840298496,77.06275,29.96,0.00059999997,3743.9,2025.0
2014-06-16 00:00:00+05:30,65.91553147442784,2314.95,2213.75,66.98824310302734,1379552,0.0,0.0,ADANIENT.NS,Adani Enterprises Limited,Thermal Coal,Energy,Mr. Gautambhai Shantilal Adani S.Y. B.Com,"Ahmedabad, India",https://www.adanienterprises.com,2308.8,2238.85,2664840298496,77.06275,29.96,0.00059999997,3743.9,2025.0
2014-06-17 00:00:00+05:30,66.62832633255896,2314.95,2213.75,68.17388153076172,1379552,0.0,0.0,ADANIENT.NS,Adani Enterprises Limited,Thermal Coal,Energy,Mr. Gautambhai Shantilal Adani S.Y. B.Com,"Ahmedabad, India",https://www.adanienterprises.com,2308.8,2238.85,2664840298496,77.06275,29.96,0.00059999997,3743.9,2025.0
2014-06-18 00:00:00+05:30,68.31502331858577,2314.95,2213.75,67.75749206542969,1379552,0.0,0.0,ADANIENT.NS,Adani Enterprises Limited,Thermal Coal,Energy,Mr. Gautambhai Shantilal Adani S.Y. B.Com,"Ahmedabad, India",https://www.adanienterprises.com,2308.8,2238.85,2664840298496,77.06275,29.96,0.00059999997,3743.9,2025.0
2014-06-19 00:00:00+05:30,67.7433948292094,2314.95,2213.75,65.0192642211914,1379552,0.0,0.0,ADANIENT.NS,Adani Enterprises Limited,Thermal Coal,Energy,Mr. Gautambhai Shantilal Adani S.Y. B.Com,"Ahmedabad, India",https://www.adanienterprises.com,2308.8,2238.85,2664840298496,77.06275,29.96,0.00059999997,3743.9,2025.0
2014-06-20 00:00:00+05:30,65.06864327311376,2314.95,2213.75,63.381935119628906,1379552,0.0,0.0,ADANIENT.NS,Adani Enterprises Limited,Thermal Coal,Energy,Mr. Gautambhai Shantilal Adani S.Y. B.Com,"Ahmedabad, India",https://www.adanienterprises.com,2308.8,2238.85,2664840298496,77.06275,29.96,0.00059999997,3743.9,2025.0
2014-06-23 00:00:00+05:30,63.727761749529805,2314.95,2213.75,64.08062744140625,1379552,0.0,0.0,ADANIENT.NS,Adani Enterprises Limited,Thermal Coal,Energy,Mr. Gautambhai Shantilal Adani S.Y. B.Com,"Ahmedabad, India",https://www.adanienterprises.com,2308.8,2238.85,2664840298496,77.06275,29.96,0.00059999997,3743.9,2025.0
2014-06-24 00:00:00+05:30,64.42642542764449,2314.95,2213.75,65.55559539794922,1379552,0.0,0.0,ADANIENT.NS,Adani Enterprises Limited,Thermal Coal,Energy,Mr. Gautambhai Shantilal Adani S.Y. B.Com,"Ahmedabad, India",https://www.adanienterprises.com,2308.8,2238.85,2664840298496,77.06275,29.96,0.00059999997,3743.9,2025.0
2014-06-25 00:00:00+05:30,65.63323803545045,2314.95,2213.75,65.29448699951172,1379552,0.0,0.0,ADANIENT.NS,Adani Enterprises Limited,Thermal Coal,Energy,Mr. Gautambhai Shantilal Adani S.Y. B.Com,"Ahmedabad, India",https://www.adanienterprises.com,2308.8,2238.85,2664840298496,77.06275,29.96,0.00059999997,3743.9,2025.0
2014-06-26 00:00:00+05:30,65.49914064342913,2314.95,2213.75,63.55131530761719,1379552,0.0,0.0,ADANIENT.NS,Adani Enterprises Limited,Thermal Coal,Energy,Mr. Gautambhai Shantilal Adani S.Y. B.Com,"Ahmedabad, India",https://www.adanienterprises.com,2308.8,2238.85,2664840298496,77.06275,29.96,0.00059999997,3743.9,2025.0
2014-06-27 00:00:00+05:30,63.26903849633189,2314.95,2213.75,61.758766174316406,1379552,0.0,0.0,ADANIENT.NS,Adani Enterprises Limited,Thermal Coal,Energy,Mr. Gautambhai Shantilal Adani S.Y. B.Com,"Ahmedabad, India",https://www.adanienterprises.com,2308.8,2238.85,2664840298496,77.06275,29.96,0.00059999997,3743.9,2025.0
2014-06-30 00:00:00+05:30,61.75169363533161,2314.95,2213.75,64.22882080078125,1379552,0.0,0.0,ADANIENT.NS,Adani Enterprises Limited,Thermal Coal,Energy,Mr. Gautambhai Shantilal Adani S.Y. B.Com,"Ahmedabad, India",https://www.adanienterprises.com,2308.8,2238.85,2664840298496,77.06275,29.96,0.00059999997,3743.9,2025.0
2014-07-01 00:00:00+05:30,64.58876550239478,2314.95,2213.75,64.72991180419922,1379552,0.0,0.0,ADANIENT.NS,Adani Enterprises Limited,Thermal Coal,Energy,Mr. Gautambhai Shantilal Adani S.Y. B.Com,"Ahmedabad, India",https://www.adanienterprises.com,2308.8,2238.85,2664840298496,77.06275,29.96,0.00059999997,3743.9,2025.0
2014-07-02 00:00:00+05:30,65.22392408980659,2314.95,2213.75,69.54301452636719,1379552,0.0,0.0,ADANIENT.NS,Adani Enterprises Limited,Thermal Coal,Energy,Mr. Gautambhai Shantilal Adani S.Y. B.Com,"Ahmedabad, India",https://www.adanienterprises.com,2308.8,2238.85,2664840298496,77.06275,29.96,0.00059999997,3743.9,2025.0
2014-07-03 00:00:00+05:30,69.91705297296159,2314.95,2213.75,69.93116760253906,1379552,0.0,0.0,ADANIENT.NS,Adani Enterprises Limited,Thermal Coal,Energy,Mr. Gautambhai Shantilal Adani S.Y. B.Com,"Ahmedabad, India",https://www.adanienterprises.com,2308.8,2238.85,2664840298496,77.06275,29.96,0.00059999997,3743.9,2025.0
2014-07-04 00:00:00+05:30,70.00880157126838,2314.95,2213.75,70.39695739746094,1379552,0.0,0.0,ADANIENT.NS,Adani Enterprises Limited,Thermal Coal,Energy,Mr. Gautambhai Shantilal Adani S.Y. B.Com,"Ahmedabad, India",https://www.adanienterprises.com,2308.8,2238.85,2664840298496,77.06275,29.96,0.00059999997,3743.9,2025.0
2014-07-07 00:00:00+05:30,70.57338060030854,2314.95,2213.75,70.31226348876953,1379552,0.0,0.0,ADANIENT.NS,Adani Enterprises Limited,Thermal Coal,Energy,Mr. Gautambhai Shantilal Adani S.Y. B.Com,"Ahmedabad, India",https://www.adanienterprises.com,2308.8,2238.85,2664840298496,77.06275,29.96,0.00059999997,3743.9,2025.0
2014-07-08 00:00:00+05:30,70.29815279385595,2314.95,2213.75,63.904197692871094,1379552,0.0,0.0,ADANIENT.NS,Adani Enterprises Limited,Thermal Coal,Energy,Mr. Gautambhai Shantilal Adani S.Y. B.Com,"Ahmedabad, India",https://www.adanienterprises.com,2308.8,2238.85,2664840298496,77.06275,29.96,0.00059999997,3743.9,2025.0
2014-07-09 00:00:00+05:30,63.657201722592866,2314.95,2213.75,62.676231384277344,1379552,0.0,0.0,ADANIENT.NS,Adani Enterprises Limited,Thermal Coal,Energy,Mr. Gautambhai Shantilal Adani S.Y. B.Com,"Ahmedabad, India",https://www.adanienterprises.com,2308.8,2238.85,2664840298496,77.06275,29.96,0.00059999997,3743.9,2025.0
2014-07-10 00:00:00+05:30,62.683287745326034,2314.95,2213.75,62.74680709838867,1379552,0.0,0.0,ADANIENT.NS,Adani Enterprises Limited,Thermal Coal,Energy,Mr. Gautambhai Shantilal Adani S.Y. B.Com,"Ahmedabad, India",https://www.adanienterprises.com,2308.8,2238.85,2664840298496,77.06275,29.96,0.00059999997,3743.9,2025.0
2014-07-11 00:00:00+05:30,62.54918574174846,2314.95,2213.75,59.50747299194336,1379552,0.0,0.0,ADANIENT.NS,Adani Enterprises Limited,Thermal Coal,Energy,Mr. Gautambhai Shantilal Adani S.Y. B.Com,"Ahmedabad, India",https://www.adanienterprises.com,2308.8,2238.85,2664840298496,77.06275,29.96,0.00059999997,3743.9,2025.0
2014-07-14 00:00:00+05:30,59.175771786450376,2314.95,2213.75,58.844078063964844,1379552,0.0,0.0,ADANIENT.NS,Adani Enterprises Limited,Thermal Coal,Energy,Mr. Gautambhai Shantilal Adani S.Y. B.Com,"Ahmedabad, India",https://www.adanienterprises.com,2308.8,2238.85,2664840298496,77.06275,29.96,0.00059999997,3743.9,2025.0
2014-07-15 00:00:00+05:30,59.35220630284186,2314.95,2213.75,61.18711471557617,1379552,0.0,0.0,ADANIENT.NS,Adani Enterprises Limited,Thermal Coal,Energy,Mr. Gautambhai Shantilal Adani S.Y. B.Com,"Ahmedabad, India",https://www.adanienterprises.com,2308.8,2238.85,2664840298496,77.06275,29.96,0.00059999997,3743.9,2025.0
2014-07-16 00:00:00+05:30,61.539985949470406,2314.95,2213.75,63.51604080200195,1379552,0.0,0.0,ADANIENT.NS,Adani Enterprises Limited,Thermal Coal,Energy,Mr. Gautambhai Shantilal Adani S.Y. B.Com,"Ahmedabad, India",https://www.adanienterprises.com,2308.8,2238.85,2664840298496,77.06275,29.96,0.00059999997,3743.9,2025.0
2014-07-17 00:00:00+05:30,63.283145794643275,2314.95,2213.75,63.74187469482422,1379552,0.0,0.0,ADANIENT.NS,Adani Enterprises Limited,Thermal Coal,Energy,Mr. Gautambhai Shantilal Adani S.Y. B.Com,"Ahmedabad, India",https://www.adanienterprises.com,2308.8,2238.85,2664840298496,77.06275,29.96,0.00059999997,3743.9,2025.0
2014-07-18 00:00:00+05:30,63.48073866838402,2314.95,2213.75,64.22882080078125,1379552,0.0,0.0,ADANIENT.NS,Adani Enterprises Limited,Thermal Coal,Energy,Mr. Gautambhai Shantilal Adani S.Y. B.Com,"Ahmedabad, India",https://www.adanienterprises.com,2308.8,2238.85,2664840298496,77.06275,29.96,0.00059999997,3743.9,2025.0
2014-07-21 00:00:00+05:30,64.84987757872663,2314.95,2213.75,63.226688385009766,1379552,0.0,0.0,ADANIENT.NS,Adani Enterprises Limited,Thermal Coal,Energy,Mr. Gautambhai Shantilal Adani S.Y. B.Com,"Ahmedabad, India",https://www.adanienterprises.com,2308.8,2238.85,2664840298496,77.06275,29.96,0.00059999997,3743.9,2025.0
2014-07-22 00:00:00+05:30,63.30432381444037,2314.95,2213.75,62.90910720825195,1379552,0.0,0.0,ADANIENT.NS,Adani Enterprises Limited,Thermal Coal,Energy,Mr. Gautambhai Shantilal Adani S.Y. B.Com,"Ahmedabad, India",https://www.adanienterprises.com,2308.8,2238.85,2664840298496,77.06275,29.96,0.00059999997,3743.9,2025.0
2014-07-23 00:00:00+05:30,63.09966571026759,2314.95,2213.75,62.48567581176758,1379552,0.0,0.0,ADANIENT.NS,Adani Enterprises Limited,Thermal Coal,Energy,Mr. Gautambhai Shantilal Adani S.Y. B.Com,"Ahmedabad, India",https://www.adanienterprises.com,2308.8,2238.85,2664840298496,77.06275,29.96,0.00059999997,3743.9,2025.0
2014-07-24 00:00:00+05:30,62.61270350062207,2314.95,2213.75,62.295127868652344,1379552,0.0,0.0,ADANIENT.NS,Adani Enterprises Limited,Thermal Coal,Energy,Mr. Gautambhai Shantilal Adani S.Y. B.Com,"Ahmedabad, India",https://www.adanienterprises.com,2308.8,2238.85,2664840298496,77.06275,29.96,0.00059999997,3743.9,2025.0
2014-07-25 00:00:00+05:30,62.19631045094574,2314.95,2213.75,60.25553894042969,1379552,0.0,0.0,ADANIENT.NS,Adani Enterprises Limited,Thermal Coal,Energy,Mr. Gautambhai Shantilal Adani S.Y. B.Com,"Ahmedabad, India",https://www.adanienterprises.com,2308.8,2238.85,2664840298496,77.06275,29.96,0.00059999997,3743.9,2025.0
2014-07-28 00:00:00+05:30,60.79897258745698,2314.95,2213.75,61.060096740722656,1379552,0.0,0.0,ADANIENT.NS,Adani Enterprises Limited,Thermal Coal,Energy,Mr. Gautambhai Shantilal Adani S.Y. B.Com,"Ahmedabad, India",https://www.adanienterprises.com,2308.8,2238.85,2664840298496,77.06275,29.96,0.00059999997,3743.9,2025.0
2014-07-30 00:00:00+05:30,61.12360240762663,2314.95,2213.75,62.090457916259766,1379552,0.0,0.0,ADANIENT.NS,Adani Enterprises Limited,Thermal Coal,Energy,Mr. Gautambhai Shantilal Adani S.Y. B.Com,"Ahmedabad, India",https://www.adanienterprises.com,2308.8,2238.85,2664840298496,77.06275,29.96,0.00059999997,3743.9,2025.0
2014-07-31 00:00:00+05:30,63.082695372465864,2314.95,2213.75,62.52776336669922,1379552,1.4,0.0,ADANIENT.NS,Adani Enterprises Limited,Thermal Coal,Energy,Mr. Gautambhai Shantilal Adani S.Y. B.Com,"Ahmedabad, India",https://www.adanienterprises.com,2308.8,2238.85,2664840298496,77.06275,29.96,0.00059999997,3743.9,2025.0
2014-08-01 00:00:00+05:30,61.88635277793258,2314.95,2213.75,60.6107177734375,1379552,0.0,0.0,ADANIENT.NS,Adani Enterprises Limited,Thermal Coal,Energy,Mr. Gautambhai Shantilal Adani S.Y. B.Com,"Ahmedabad, India",https://www.adanienterprises.com,2308.8,2238.85,2664840298496,77.06275,29.96,0.00059999997,3743.9,2025.0
2014-08-04 00:00:00+05:30,60.68997921666876,2314.95,2213.75,62.24668884277344,1379552,0.0,0.0,ADANIENT.NS,Adani Enterprises Limited,Thermal Coal,Energy,Mr. Gautambhai Shantilal Adani S.Y. B.Com,"Ahmedabad, India",https://www.adanienterprises.com,2308.8,2238.85,2664840298496,77.06275,29.96,0.00059999997,3743.9,2025.0
2014-08-05 00:00:00+05:30,62.253886831773265,2314.95,2213.75,63.47907638549805,1379552,0.0,0.0,ADANIENT.NS,Adani Enterprises Limited,Thermal Coal,Energy,Mr. Gautambhai Shantilal Adani S.Y. B.Com,"Ahmedabad, India",https://www.adanienterprises.com,2308.8,2238.85,2664840298496,77.06275,29.96,0.00059999997,3743.9,2025.0
2014-08-06 00:00:00+05:30,63.66647124571024,2314.95,2213.75,65.51145935058594,1379552,0.0,0.0,ADANIENT.NS,Adani Enterprises Limited,Thermal Coal,Energy,Mr. Gautambhai Shantilal Adani S.Y. B.Com,"Ahmedabad, India",https://www.adanienterprises.com,2308.8,2238.85,2664840298496,77.06275,29.96,0.00059999997,3743.9,2025.0
2014-08-07 00:00:00+05:30,65.6411782431336,2314.95,2213.75,66.88798522949219,1379552,0.0,0.0,ADANIENT.NS,Adani Enterprises Limited,Thermal Coal,Energy,Mr. Gautambhai Shantilal Adani S.Y. B.Com,"Ahmedabad, India",https://www.adanienterprises.com,2308.8,2238.85,2664840298496,77.06275,29.96,0.00059999997,3743.9,2025.0
2014-08-08 00:00:00+05:30,66.08800988103063,2314.95,2213.75,65.55469512939453,1379552,0.0,0.0,ADANIENT.NS,Adani Enterprises Limited,Thermal Coal,Energy,Mr. Gautambhai Shantilal Adani S.Y. B.Com,"Ahmedabad, India",https://www.adanienterprises.com,2308.8,2238.85,2664840298496,77.06275,29.96,0.00059999997,3743.9,2025.0
2014-08-11 00:00:00+05:30,68.78342295902397,2314.95,2213.75,69.17980194091797,1379552,0.0,0.0,ADANIENT.NS,Adani Enterprises Limited,Thermal Coal,Energy,Mr. Gautambhai Shantilal Adani S.Y. B.Com,"Ahmedabad, India",https://www.adanienterprises.com,2308.8,2238.85,2664840298496,77.06275,29.96,0.00059999997,3743.9,2025.0
2014-08-12 00:00:00+05:30,69.43204471501852,2314.95,2213.75,68.76900482177734,1379552,0.0,0.0,ADANIENT.NS,Adani Enterprises Limited,Thermal Coal,Energy,Mr. Gautambhai Shantilal Adani S.Y. B.Com,"Ahmedabad, India",https://www.adanienterprises.com,2308.8,2238.85,2664840298496,77.06275,29.96,0.00059999997,3743.9,2025.0
2014-08-13 00:00:00+05:30,68.7690022177865,2314.95,2213.75,69.39600372314453,1379552,0.0,0.0,ADANIENT.NS,Adani Enterprises Limited,Thermal Coal,Energy,Mr. Gautambhai Shantilal Adani S.Y. B.Com,"Ahmedabad, India",https://www.adanienterprises.com,2308.8,2238.85,2664840298496,77.06275,29.96,0.00059999997,3743.9,2025.0
2014-08-14 00:00:00+05:30,69.65547732179493,2314.95,2213.75,70.16716766357422,1379552,0.0,0.0,ADANIENT.NS,Adani Enterprises Limited,Thermal Coal,Energy,Mr. Gautambhai Shantilal Adani S.Y. B.Com,"Ahmedabad, India",https://www.adanienterprises.com,2308.8,2238.85,2664840298496,77.06275,29.96,0.00059999997,3743.9,2025.0
2014-08-18 00:00:00+05:30,70.31129298834522,2314.95,2213.75,71.0464096069336,1379552,0.0,0.0,ADANIENT.NS,Adani Enterprises Limited,Thermal Coal,Energy,Mr. Gautambhai Shantilal Adani S.Y. B.Com,"Ahmedabad, India",https://www.adanienterprises.com,2308.8,2238.85,2664840298496,77.06275,29.96,0.00059999997,3743.9,2025.0
2014-08-19 00:00:00+05:30,71.34910459295922,2314.95,2213.75,71.57972717285156,1379552,0.0,0.0,ADANIENT.NS,Adani Enterprises Limited,Thermal Coal,Energy,Mr. Gautambhai Shantilal Adani S.Y. B.Com,"Ahmedabad, India",https://www.adanienterprises.com,2308.8,2238.85,2664840298496,77.06275,29.96,0.00059999997,3743.9,2025.0
2014-08-20 00:00:00+05:30,71.49324642238213,2314.95,2213.75,71.78152465820312,1379552,0.0,0.0,ADANIENT.NS,Adani Enterprises Limited,Thermal Coal,Energy,Mr. Gautambhai Shantilal Adani S.Y. B.Com,"Ahmedabad, India",https://www.adanienterprises.com,2308.8,2238.85,2664840298496,77.06275,29.96,0.00059999997,3743.9,2025.0
2014-08-21 00:00:00+05:30,71.9256527657555,2314.95,2213.75,71.69503021240234,1379552,0.0,0.0,ADANIENT.NS,Adani Enterprises Limited,Thermal Coal,Energy,Mr. Gautambhai Shantilal Adani S.Y. B.Com,"Ahmedabad, India",https://www.adanienterprises.com,2308.8,2238.85,2664840298496,77.06275,29.96,0.00059999997,3743.9,2025.0
2014-08-22 00:00:00+05:30,71.51487303690963,2314.95,2213.75,72.71123504638672,1379552,0.0,0.0,ADANIENT.NS,Adani Enterprises Limited,Thermal Coal,Energy,Mr. Gautambhai Shantilal Adani S.Y. B.Com,"Ahmedabad, India",https://www.adanienterprises.com,2308.8,2238.85,2664840298496,77.06275,29.96,0.00059999997,3743.9,2025.0
2014-08-25 00:00:00+05:30,72.79049699533562,2314.95,2213.75,71.73106384277344,1379552,0.0,0.0,ADANIENT.NS,Adani Enterprises Limited,Thermal Coal,Energy,Mr. Gautambhai Shantilal Adani S.Y. B.Com,"Ahmedabad, India",https://www.adanienterprises.com,2308.8,2238.85,2664840298496,77.06275,29.96,0.00059999997,3743.9,2025.0
2014-08-26 00:00:00+05:30,71.19055702894575,2314.95,2213.75,70.70768737792969,1379552,0.0,0.0,ADANIENT.NS,Adani Enterprises Limited,Thermal Coal,Energy,Mr. Gautambhai Shantilal Adani S.Y. B.Com,"Ahmedabad, India",https://www.adanienterprises.com,2308.8,2238.85,2664840298496,77.06275,29.96,0.00059999997,3743.9,2025.0
2014-08-27 00:00:00+05:30,70.7725550169671,2314.95,2213.75,69.53295135498047,1379552,0.0,0.0,ADANIENT.NS,Adani Enterprises Limited,Thermal Coal,Energy,Mr. Gautambhai Shantilal Adani S.Y. B.Com,"Ahmedabad, India",https://www.adanienterprises.com,2308.8,2238.85,2664840298496,77.06275,29.96,0.00059999997,3743.9,2025.0
2014-08-28 00:00:00+05:30,69.42483661307473,2314.95,2213.75,69.02845764160156,1379552,0.0,0.0,ADANIENT.NS,Adani Enterprises Limited,Thermal Coal,Energy,Mr. Gautambhai Shantilal Adani S.Y. B.Com,"Ahmedabad, India",https://www.adanienterprises.com,2308.8,2238.85,2664840298496,77.06275,29.96,0.00059999997,3743.9,2025.0
2014-09-01 00:00:00+05:30,69.29510857911505,2314.95,2213.75,70.49147033691406,1379552,0.0,0.0,ADANIENT.NS,Adani Enterprises Limited,Thermal Coal,Energy,Mr. Gautambhai Shantilal Adani S.Y. B.Com,"Ahmedabad, India",https://www.adanienterprises.com,2308.8,2238.85,2664840298496,77.06275,29.96,0.00059999997,3743.9,2025.0
2014-09-02 00:00:00+05:30,70.13112870991223,2314.95,2213.75,71.11127471923828,1379552,0.0,0.0,ADANIENT.NS,Adani Enterprises Limited,Thermal Coal,Energy,Mr. Gautambhai Shantilal Adani S.Y. B.Com,"Ahmedabad, India",https://www.adanienterprises.com,2308.8,2238.85,2664840298496,77.06275,29.96,0.00059999997,3743.9,2025.0
2014-09-03 00:00:00+05:30,71.49324506579924,2314.95,2213.75,71.68062591552734,1379552,0.0,0.0,ADANIENT.NS,Adani Enterprises Limited,Thermal Coal,Energy,Mr. Gautambhai Shantilal Adani S.Y. B.Com,"Ahmedabad, India",https://www.adanienterprises.com,2308.8,2238.85,2664840298496,77.06275,29.96,0.00059999997,3743.9,2025.0
2014-09-04 00:00:00+05:30,71.62296897085218,2314.95,2213.75,74.13099670410156,1379552,0.0,0.0,ADANIENT.NS,Adani Enterprises Limited,Thermal Coal,Energy,Mr. Gautambhai Shantilal Adani S.Y. B.Com,"Ahmedabad, India",https://www.adanienterprises.com,2308.8,2238.85,2664840298496,77.06275,29.96,0.00059999997,3743.9,2025.0
2014-09-05 00:00:00+05:30,74.52017206118651,2314.95,2213.75,73.46795654296875,1379552,0.0,0.0,ADANIENT.NS,Adani Enterprises Limited,Thermal Coal,Energy,Mr. Gautambhai Shantilal Adani S.Y. B.Com,"Ahmedabad, India",https://www.adanienterprises.com,2308.8,2238.85,2664840298496,77.06275,29.96,0.00059999997,3743.9,2025.0
2014-09-08 00:00:00+05:30,73.52561479127121,2314.95,2213.75,74.6138687133789,1379552,0.0,0.0,ADANIENT.NS,Adani Enterprises Limited,Thermal Coal,Energy,Mr. Gautambhai Shantilal Adani S.Y. B.Com,"Ahmedabad, India",https://www.adanienterprises.com,2308.8,2238.85,2664840298496,77.06275,29.96,0.00059999997,3743.9,2025.0
2014-09-09 00:00:00+05:30,74.66430840635874,2314.95,2213.75,73.04273986816406,1379552,0.0,0.0,ADANIENT.NS,Adani Enterprises Limited,Thermal Coal,Energy,Mr. Gautambhai Shantilal Adani S.Y. B.Com,"Ahmedabad, India",https://www.adanienterprises.com,2308.8,2238.85,2664840298496,77.06275,29.96,0.00059999997,3743.9,2025.0
2014-09-10 00:00:00+05:30,72.05538339963907,2314.95,2213.75,73.04273986816406,1379552,0.0,0.0,ADANIENT.NS,Adani Enterprises Limited,Thermal Coal,Energy,Mr. Gautambhai Shantilal Adani S.Y. B.Com,"Ahmedabad, India",https://www.adanienterprises.com,2308.8,2238.85,2664840298496,77.06275,29.96,0.00059999997,3743.9,2025.0
2014-09-11 00:00:00+05:30,73.3094164357592,2314.95,2213.75,72.43016052246094,1379552,0.0,0.0,ADANIENT.NS,Adani Enterprises Limited,Thermal Coal,Energy,Mr. Gautambhai Shantilal Adani S.Y. B.Com,"Ahmedabad, India",https://www.adanienterprises.com,2308.8,2238.85,2664840298496,77.06275,29.96,0.00059999997,3743.9,2025.0
2014-09-12 00:00:00+05:30,72.76167327207892,2314.95,2213.75,71.8752212524414,1379552,0.0,0.0,ADANIENT.NS,Adani Enterprises Limited,Thermal Coal,Energy,Mr. Gautambhai Shantilal Adani S.Y. B.Com,"Ahmedabad, India",https://www.adanienterprises.com,2308.8,2238.85,2664840298496,77.06275,29.96,0.00059999997,3743.9,2025.0
2014-09-15 00:00:00+05:30,71.66621674119683,2314.95,2213.75,71.64459228515625,1379552,0.0,0.0,ADANIENT.NS,Adani Enterprises Limited,Thermal Coal,Energy,Mr. Gautambhai Shantilal Adani S.Y. B.Com,"Ahmedabad, India",https://www.adanienterprises.com,2308.8,2238.85,2664840298496,77.06275,29.96,0.00059999997,3743.9,2025.0
2014-09-16 00:00:00+05:30,71.1256903029601,2314.95,2213.75,71.1545181274414,1379552,0.0,0.0,ADANIENT.NS,Adani Enterprises Limited,Thermal Coal,Energy,Mr. Gautambhai Shantilal Adani S.Y. B.Com,"Ahmedabad, India",https://www.adanienterprises.com,2308.8,2238.85,2664840298496,77.06275,29.96,0.00059999997,3743.9,2025.0
2014-09-17 00:00:00+05:30,71.13290112256591,2314.95,2213.75,71.32028198242188,1379552,0.0,0.0,ADANIENT.NS,Adani Enterprises Limited,Thermal Coal,Energy,Mr. Gautambhai Shantilal Adani S.Y. B.Com,"Ahmedabad, India",https://www.adanienterprises.com,2308.8,2238.85,2664840298496,77.06275,29.96,0.00059999997,3743.9,2025.0
2014-09-18 00:00:00+05:30,70.6716416387382,2314.95,2213.75,73.4247055053711,1379552,0.0,0.0,ADANIENT.NS,Adani Enterprises Limited,Thermal Coal,Energy,Mr. Gautambhai Shantilal Adani S.Y. B.Com,"Ahmedabad, India",https://www.adanienterprises.com,2308.8,2238.85,2664840298496,77.06275,29.96,0.00059999997,3743.9,2025.0
2014-09-19 00:00:00+05:30,73.87155163359238,2314.95,2213.75,71.32028198242188,1379552,0.0,0.0,ADANIENT.NS,Adani Enterprises Limited,Thermal Coal,Energy,Mr. Gautambhai Shantilal Adani S.Y. B.Com,"Ahmedabad, India",https://www.adanienterprises.com,2308.8,2238.85,2664840298496,77.06275,29.96,0.00059999997,3743.9,2025.0
2014-09-22 00:00:00+05:30,70.84461904750968,2314.95,2213.75,71.68062591552734,1379552,0.0,0.0,ADANIENT.NS,Adani Enterprises Limited,Thermal Coal,Energy,Mr. Gautambhai Shantilal Adani S.Y. B.Com,"Ahmedabad, India",https://www.adanienterprises.com,2308.8,2238.85,2664840298496,77.06275,29.96,0.00059999997,3743.9,2025.0
2014-09-23 00:00:00+05:30,72.05538310193332,2314.95,2213.75,69.93653106689453,1379552,0.0,0.0,ADANIENT.NS,Adani Enterprises Limited,Thermal Coal,Energy,Mr. Gautambhai Shantilal Adani S.Y. B.Com,"Ahmedabad, India",https://www.adanienterprises.com,2308.8,2238.85,2664840298496,77.06275,29.96,0.00059999997,3743.9,2025.0
2014-09-24 00:00:00+05:30,69.92212958199607,2314.95,2213.75,69.62664794921875,1379552,0.0,0.0,ADANIENT.NS,Adani Enterprises Limited,Thermal Coal,Energy,Mr. Gautambhai Shantilal Adani S.Y. B.Com,"Ahmedabad, India",https://www.adanienterprises.com,2308.8,2238.85,2664840298496,77.06275,29.96,0.00059999997,3743.9,2025.0
2014-09-25 00:00:00+05:30,69.90769612622275,2314.95,2213.75,67.9329833984375,1379552,0.0,0.0,ADANIENT.NS,Adani Enterprises Limited,Thermal Coal,Energy,Mr. Gautambhai Shantilal Adani S.Y. B.Com,"Ahmedabad, India",https://www.adanienterprises.com,2308.8,2238.85,2664840298496,77.06275,29.96,0.00059999997,3743.9,2025.0
2014-09-26 00:00:00+05:30,67.32762120026445,2314.95,2213.75,68.27173614501953,1379552,0.0,0.0,ADANIENT.NS,Adani Enterprises Limited,Thermal Coal,Energy,Mr. Gautambhai Shantilal Adani S.Y. B.Com,"Ahmedabad, India",https://www.adanienterprises.com,2308.8,2238.85,2664840298496,77.06275,29.96,0.00059999997,3743.9,2025.0
2014-09-29 00:00:00+05:30,68.46632269287457,2314.95,2213.75,68.75460815429688,1379552,0.0,0.0,ADANIENT.NS,Adani Enterprises Limited,Thermal Coal,Energy,Mr. Gautambhai Shantilal Adani S.Y. B.Com,"Ahmedabad, India",https://www.adanienterprises.com,2308.8,2238.85,2664840298496,77.06275,29.96,0.00059999997,3743.9,2025.0
2014-09-30 00:00:00+05:30,68.11317279413156,2314.95,2213.75,67.84651184082031,1379552,0.0,0.0,ADANIENT.NS,Adani Enterprises Limited,Thermal Coal,Energy,Mr. Gautambhai Shantilal Adani S.Y. B.Com,"Ahmedabad, India",https://www.adanienterprises.com,2308.8,2238.85,2664840298496,77.06275,29.96,0.00059999997,3743.9,2025.0
2014-10-01 00:00:00+05:30,67.60147870057634,2314.95,2213.75,66.88078308105469,1379552,0.0,0.0,ADANIENT.NS,Adani Enterprises Limited,Thermal Coal,Energy,Mr. Gautambhai Shantilal Adani S.Y. B.Com,"Ahmedabad, India",https://www.adanienterprises.com,2308.8,2238.85,2664840298496,77.06275,29.96,0.00059999997,3743.9,2025.0
2014-10-07 00:00:00+05:30,66.23216146680188,2314.95,2213.75,65.18714904785156,1379552,0.0,0.0,ADANIENT.NS,Adani Enterprises Limited,Thermal Coal,Energy,Mr. Gautambhai Shantilal Adani S.Y. B.Com,"Ahmedabad, India",https://www.adanienterprises.com,2308.8,2238.85,2664840298496,77.06275,29.96,0.00059999997,3743.9,2025.0
2014-10-08 00:00:00+05:30,64.65381727811246,2314.95,2213.75,66.53484344482422,1379552,0.0,0.0,ADANIENT.NS,Adani Enterprises Limited,Thermal Coal,Energy,Mr. Gautambhai Shantilal Adani S.Y. B.Com,"Ahmedabad, India",https://www.adanienterprises.com,2308.8,2238.85,2664840298496,77.06275,29.96,0.00059999997,3743.9,2025.0
2014-10-09 00:00:00+05:30,66.88076875302792,2314.95,2213.75,67.205078125,1379552,0.0,0.0,ADANIENT.NS,Adani Enterprises Limited,Thermal Coal,Energy,Mr. Gautambhai Shantilal Adani S.Y. B.Com,"Ahmedabad, India",https://www.adanienterprises.com,2308.8,2238.85,2664840298496,77.06275,29.96,0.00059999997,3743.9,2025.0
2014-10-10 00:00:00+05:30,66.54925797741494,2314.95,2213.75,66.4195327758789,1379552,0.0,0.0,ADANIENT.NS,Adani Enterprises Limited,Thermal Coal,Energy,Mr. Gautambhai Shantilal Adani S.Y. B.Com,"Ahmedabad, India",https://www.adanienterprises.com,2308.8,2238.85,2664840298496,77.06275,29.96,0.00059999997,3743.9,2025.0
2014-10-13 00:00:00+05:30,65.82133841702024,2314.95,2213.75,66.46276092529297,1379552,0.0,0.0,ADANIENT.NS,Adani Enterprises Limited,Thermal Coal,Energy,Mr. Gautambhai Shantilal Adani S.Y. B.Com,"Ahmedabad, India",https://www.adanienterprises.com,2308.8,2238.85,2664840298496,77.06275,29.96,0.00059999997,3743.9,2025.0
2014-10-14 00:00:00+05:30,66.81590577170533,2314.95,2213.75,65.29523468017578,1379552,0.0,0.0,ADANIENT.NS,Adani Enterprises Limited,Thermal Coal,Energy,Mr. Gautambhai Shantilal Adani S.Y. B.Com,"Ahmedabad, India",https://www.adanienterprises.com,2308.8,2238.85,2664840298496,77.06275,29.96,0.00059999997,3743.9,2025.0
2014-10-15 00:00:00+05:30,65.29523468017578,2314.95,2213.75,65.29523468017578,1379552,0.0,0.0,ADANIENT.NS,Adani Enterprises Limited,Thermal Coal,Energy,Mr. Gautambhai Shantilal Adani S.Y. B.Com,"Ahmedabad, India",https://www.adanienterprises.com,2308.8,2238.85,2664840298496,77.06275,29.96,0.00059999997,3743.9,2025.0
2014-10-16 00:00:00+05:30,64.74029957491673,2314.95,2213.75,64.098876953125,1379552,0.0,0.0,ADANIENT.NS,Adani Enterprises Limited,Thermal Coal,Energy,Mr. Gautambhai Shantilal Adani S.Y. B.Com,"Ahmedabad, India",https://www.adanienterprises.com,2308.8,2238.85,2664840298496,77.06275,29.96,0.00059999997,3743.9,2025.0
2014-10-17 00:00:00+05:30,64.28626330705973,2314.95,2213.75,63.55835723876953,1379552,0.0,0.0,ADANIENT.NS,Adani Enterprises Limited,Thermal Coal,Energy,Mr. Gautambhai Shantilal Adani S.Y. B.Com,"Ahmedabad, India",https://www.adanienterprises.com,2308.8,2238.85,2664840298496,77.06275,29.96,0.00059999997,3743.9,2025.0
2014-10-20 00:00:00+05:30,64.51689127806362,2314.95,2213.75,64.90606689453125,1379552,0.0,0.0,ADANIENT.NS,Adani Enterprises Limited,Thermal Coal,Energy,Mr. Gautambhai Shantilal Adani S.Y. B.Com,"Ahmedabad, India",https://www.adanienterprises.com,2308.8,2238.85,2664840298496,77.06275,29.96,0.00059999997,3743.9,2025.0
2014-10-21 00:00:00+05:30,65.36730991387093,2314.95,2213.75,66.58528900146484,1379552,0.0,0.0,ADANIENT.NS,Adani Enterprises Limited,Thermal Coal,Energy,Mr. Gautambhai Shantilal Adani S.Y. B.Com,"Ahmedabad, India",https://www.adanienterprises.com,2308.8,2238.85,2664840298496,77.06275,29.96,0.00059999997,3743.9,2025.0
2014-10-22 00:00:00+05:30,67.0825734072702,2314.95,2213.75,68.40865325927734,1379552,0.0,0.0,ADANIENT.NS,Adani Enterprises Limited,Thermal Coal,Energy,Mr. Gautambhai Shantilal Adani S.Y. B.Com,"Ahmedabad, India",https://www.adanienterprises.com,2308.8,2238.85,2664840298496,77.06275,29.96,0.00059999997,3743.9,2025.0
2014-10-27 00:00:00+05:30,68.73297143742818,2314.95,2213.75,66.84474182128906,1379552,0.0,0.0,ADANIENT.NS,Adani Enterprises Limited,Thermal Coal,Energy,Mr. Gautambhai Shantilal Adani S.Y. B.Com,"Ahmedabad, India",https://www.adanienterprises.com,2308.8,2238.85,2664840298496,77.06275,29.96,0.00059999997,3743.9,2025.0
2014-10-28 00:00:00+05:30,66.75824737548828,2314.95,2213.75,66.75824737548828,1379552,0.0,0.0,ADANIENT.NS,Adani Enterprises Limited,Thermal Coal,Energy,Mr. Gautambhai Shantilal Adani S.Y. B.Com,"Ahmedabad, India",https://www.adanienterprises.com,2308.8,2238.85,2664840298496,77.06275,29.96,0.00059999997,3743.9,2025.0
2014-10-29 00:00:00+05:30,67.01050197926853,2314.95,2213.75,67.47895050048828,1379552,0.0,0.0,ADANIENT.NS,Adani Enterprises Limited,Thermal Coal,Energy,Mr. Gautambhai Shantilal Adani S.Y. B.Com,"Ahmedabad, India",https://www.adanienterprises.com,2308.8,2238.85,2664840298496,77.06275,29.96,0.00059999997,3743.9,2025.0
2014-10-30 00:00:00+05:30,67.12581625710047,2314.95,2213.75,67.84651184082031,1379552,0.0,0.0,ADANIENT.NS,Adani Enterprises Limited,Thermal Coal,Energy,Mr. Gautambhai Shantilal Adani S.Y. B.Com,"Ahmedabad, India",https://www.adanienterprises.com,2308.8,2238.85,2664840298496,77.06275,29.96,0.00059999997,3743.9,2025.0
2014-10-31 00:00:00+05:30,68.36542632184386,2314.95,2213.75,69.79962158203125,1379552,0.0,0.0,ADANIENT.NS,Adani Enterprises Limited,Thermal Coal,Energy,Mr. Gautambhai Shantilal Adani S.Y. B.Com,"Ahmedabad, India",https://www.adanienterprises.com,2308.8,2238.85,2664840298496,77.06275,29.96,0.00059999997,3743.9,2025.0
2014-11-03 00:00:00+05:30,69.61944124180452,2314.95,2213.75,70.09510040283203,1379552,0.0,0.0,ADANIENT.NS,Adani Enterprises Limited,Thermal Coal,Energy,Mr. Gautambhai Shantilal Adani S.Y. B.Com,"Ahmedabad, India",https://www.adanienterprises.com,2308.8,2238.85,2664840298496,77.06275,29.96,0.00059999997,3743.9,2025.0
2014-11-05 00:00:00+05:30,70.39778436095598,2314.95,2213.75,68.93476867675781,1379552,0.0,0.0,ADANIENT.NS,Adani Enterprises Limited,Thermal Coal,Energy,Mr. Gautambhai Shantilal Adani S.Y. B.Com,"Ahmedabad, India",https://www.adanienterprises.com,2308.8,2238.85,2664840298496,77.06275,29.96,0.00059999997,3743.9,2025.0
2014-11-07 00:00:00+05:30,69.14377698736357,2314.95,2213.75,68.52397155761719,1379552,0.0,0.0,ADANIENT.NS,Adani Enterprises Limited,Thermal Coal,Energy,Mr. Gautambhai Shantilal Adani S.Y. B.Com,"Ahmedabad, India",https://www.adanienterprises.com,2308.8,2238.85,2664840298496,77.06275,29.96,0.00059999997,3743.9,2025.0
2014-11-10 00:00:00+05:30,68.53839037461253,2314.95,2213.75,67.5438232421875,1379552,0.0,0.0,ADANIENT.NS,Adani Enterprises Limited,Thermal Coal,Energy,Mr. Gautambhai Shantilal Adani S.Y. B.Com,"Ahmedabad, India",https://www.adanienterprises.com,2308.8,2238.85,2664840298496,77.06275,29.96,0.00059999997,3743.9,2025.0
2014-11-11 00:00:00+05:30,67.74560489593077,2314.95,2213.75,69.97256469726562,1379552,0.0,0.0,ADANIENT.NS,Adani Enterprises Limited,Thermal Coal,Energy,Mr. Gautambhai Shantilal Adani S.Y. B.Com,"Ahmedabad, India",https://www.adanienterprises.com,2308.8,2238.85,2664840298496,77.06275,29.96,0.00059999997,3743.9,2025.0
2014-11-12 00:00:00+05:30,70.1959844511814,2314.95,2213.75,69.02845764160156,1379552,0.0,0.0,ADANIENT.NS,Adani Enterprises Limited,Thermal Coal,Energy,Mr. Gautambhai Shantilal Adani S.Y. B.Com,"Ahmedabad, India",https://www.adanienterprises.com,2308.8,2238.85,2664840298496,77.06275,29.96,0.00059999997,3743.9,2025.0
2014-11-13 00:00:00+05:30,69.374410547706,2314.95,2213.75,69.38882446289062,1379552,0.0,0.0,ADANIENT.NS,Adani Enterprises Limited,Thermal Coal,Energy,Mr. Gautambhai Shantilal Adani S.Y. B.Com,"Ahmedabad, India",https://www.adanienterprises.com,2308.8,2238.85,2664840298496,77.06275,29.96,0.00059999997,3743.9,2025.0
2014-11-14 00:00:00+05:30,69.61223306198586,2314.95,2213.75,70.62841033935547,1379552,0.0,0.0,ADANIENT.NS,Adani Enterprises Limited,Thermal Coal,Energy,Mr. Gautambhai Shantilal Adani S.Y. B.Com,"Ahmedabad, India",https://www.adanienterprises.com,2308.8,2238.85,2664840298496,77.06275,29.96,0.00059999997,3743.9,2025.0
2014-11-17 00:00:00+05:30,70.77254347122445,2314.95,2213.75,71.39234161376953,1379552,0.0,0.0,ADANIENT.NS,Adani Enterprises Limited,Thermal Coal,Energy,Mr. Gautambhai Shantilal Adani S.Y. B.Com,"Ahmedabad, India",https://www.adanienterprises.com,2308.8,2238.85,2664840298496,77.06275,29.96,0.00059999997,3743.9,2025.0
2014-11-18 00:00:00+05:30,72.02656686916507,2314.95,2213.75,71.57252502441406,1379552,0.0,0.0,ADANIENT.NS,Adani Enterprises Limited,Thermal Coal,Energy,Mr. Gautambhai Shantilal Adani S.Y. B.Com,"Ahmedabad, India",https://www.adanienterprises.com,2308.8,2238.85,2664840298496,77.06275,29.96,0.00059999997,3743.9,2025.0
2014-11-19 00:00:00+05:30,71.7815111028397,2314.95,2213.75,69.54734802246094,1379552,0.0,0.0,ADANIENT.NS,Adani Enterprises Limited,Thermal Coal,Energy,Mr. Gautambhai Shantilal Adani S.Y. B.Com,"Ahmedabad, India",https://www.adanienterprises.com,2308.8,2238.85,2664840298496,77.06275,29.96,0.00059999997,3743.9,2025.0
2014-11-20 00:00:00+05:30,69.69150739711577,2314.95,2213.75,69.12215423583984,1379552,0.0,0.0,ADANIENT.NS,Adani Enterprises Limited,Thermal Coal,Energy,Mr. Gautambhai Shantilal Adani S.Y. B.Com,"Ahmedabad, India",https://www.adanienterprises.com,2308.8,2238.85,2664840298496,77.06275,29.96,0.00059999997,3743.9,2025.0
2014-11-21 00:00:00+05:30,69.0717061044146,2314.95,2213.75,68.97801208496094,1379552,0.0,0.0,ADANIENT.NS,Adani Enterprises Limited,Thermal Coal,Energy,Mr. Gautambhai Shantilal Adani S.Y. B.Com,"Ahmedabad, India",https://www.adanienterprises.com,2308.8,2238.85,2664840298496,77.06275,29.96,0.00059999997,3743.9,2025.0
2014-11-24 00:00:00+05:30,69.97977573852734,2314.95,2213.75,69.5257339477539,1379552,0.0,0.0,ADANIENT.NS,Adani Enterprises Limited,Thermal Coal,Energy,Mr. Gautambhai Shantilal Adani S.Y. B.Com,"Ahmedabad, India",https://www.adanienterprises.com,2308.8,2238.85,2664840298496,77.06275,29.96,0.00059999997,3743.9,2025.0
2014-11-25 00:00:00+05:30,69.57618886312915,2314.95,2213.75,66.84474182128906,1379552,0.0,0.0,ADANIENT.NS,Adani Enterprises Limited,Thermal Coal,Energy,Mr. Gautambhai Shantilal Adani S.Y. B.Com,"Ahmedabad, India",https://www.adanienterprises.com,2308.8,2238.85,2664840298496,77.06275,29.96,0.00059999997,3743.9,2025.0
2014-11-26 00:00:00+05:30,66.33305250538994,2314.95,2213.75,65.3961410522461,1379552,0.0,0.0,ADANIENT.NS,Adani Enterprises Limited,Thermal Coal,Energy,Mr. Gautambhai Shantilal Adani S.Y. B.Com,"Ahmedabad, India",https://www.adanienterprises.com,2308.8,2238.85,2664840298496,77.06275,29.96,0.00059999997,3743.9,2025.0
2014-11-27 00:00:00+05:30,65.54027889081769,2314.95,2213.75,65.85018157958984,1379552,0.0,0.0,ADANIENT.NS,Adani Enterprises Limited,Thermal Coal,Energy,Mr. Gautambhai Shantilal Adani S.Y. B.Com,"Ahmedabad, India",https://www.adanienterprises.com,2308.8,2238.85,2664840298496,77.06275,29.96,0.00059999997,3743.9,2025.0
2014-11-28 00:00:00+05:30,65.99431715808157,2314.95,2213.75,66.15287017822266,1379552,0.0,0.0,ADANIENT.NS,Adani Enterprises Limited,Thermal Coal,Energy,Mr. Gautambhai Shantilal Adani S.Y. B.Com,"Ahmedabad, India",https://www.adanienterprises.com,2308.8,2238.85,2664840298496,77.06275,29.96,0.00059999997,3743.9,2025.0
2014-12-01 00:00:00+05:30,65.88619897101148,2314.95,2213.75,65.11505126953125,1379552,0.0,0.0,ADANIENT.NS,Adani Enterprises Limited,Thermal Coal,Energy,Mr. Gautambhai Shantilal Adani S.Y. B.Com,"Ahmedabad, India",https://www.adanienterprises.com,2308.8,2238.85,2664840298496,77.06275,29.96,0.00059999997,3743.9,2025.0
2014-12-02 00:00:00+05:30,65.13668758789164,2314.95,2213.75,65.47541809082031,1379552,0.0,0.0,ADANIENT.NS,Adani Enterprises Limited,Thermal Coal,Energy,Mr. Gautambhai Shantilal Adani S.Y. B.Com,"Ahmedabad, India",https://www.adanienterprises.com,2308.8,2238.85,2664840298496,77.06275,29.96,0.00059999997,3743.9,2025.0
2014-12-03 00:00:00+05:30,65.56911390128742,2314.95,2213.75,66.9600601196289,1379552,0.0,0.0,ADANIENT.NS,Adani Enterprises Limited,Thermal Coal,Energy,Mr. Gautambhai Shantilal Adani S.Y. B.Com,"Ahmedabad, India",https://www.adanienterprises.com,2308.8,2238.85,2664840298496,77.06275,29.96,0.00059999997,3743.9,2025.0
2014-12-04 00:00:00+05:30,67.03933066967672,2314.95,2213.75,66.25376892089844,1379552,0.0,0.0,ADANIENT.NS,Adani Enterprises Limited,Thermal Coal,Energy,Mr. Gautambhai Shantilal Adani S.Y. B.Com,"Ahmedabad, India",https://www.adanienterprises.com,2308.8,2238.85,2664840298496,77.06275,29.96,0.00059999997,3743.9,2025.0
2014-12-05 00:00:00+05:30,66.0519863117737,2314.95,2213.75,65.77812194824219,1379552,0.0,0.0,ADANIENT.NS,Adani Enterprises Limited,Thermal Coal,Energy,Mr. Gautambhai Shantilal Adani S.Y. B.Com,"Ahmedabad, India",https://www.adanienterprises.com,2308.8,2238.85,2664840298496,77.06275,29.96,0.00059999997,3743.9,2025.0
2014-12-08 00:00:00+05:30,65.87180724642907,2314.95,2213.75,65.28804016113281,1379552,0.0,0.0,ADANIENT.NS,Adani Enterprises Limited,Thermal Coal,Energy,Mr. Gautambhai Shantilal Adani S.Y. B.Com,"Ahmedabad, India",https://www.adanienterprises.com,2308.8,2238.85,2664840298496,77.06275,29.96,0.00059999997,3743.9,2025.0
2014-12-09 00:00:00+05:30,65.28802914554326,2314.95,2213.75,63.78898239135742,1379552,0.0,0.0,ADANIENT.NS,Adani Enterprises Limited,Thermal Coal,Energy,Mr. Gautambhai Shantilal Adani S.Y. B.Com,"Ahmedabad, India",https://www.adanienterprises.com,2308.8,2238.85,2664840298496,77.06275,29.96,0.00059999997,3743.9,2025.0
2014-12-10 00:00:00+05:30,63.28450264356204,2314.95,2213.75,64.43041229248047,1379552,0.0,0.0,ADANIENT.NS,Adani Enterprises Limited,Thermal Coal,Energy,Mr. Gautambhai Shantilal Adani S.Y. B.Com,"Ahmedabad, India",https://www.adanienterprises.com,2308.8,2238.85,2664840298496,77.06275,29.96,0.00059999997,3743.9,2025.0
2014-12-11 00:00:00+05:30,64.14212225034551,2314.95,2213.75,63.65925979614258,1379552,0.0,0.0,ADANIENT.NS,Adani Enterprises Limited,Thermal Coal,Energy,Mr. Gautambhai Shantilal Adani S.Y. B.Com,"Ahmedabad, India",https://www.adanienterprises.com,2308.8,2238.85,2664840298496,77.06275,29.96,0.00059999997,3743.9,2025.0
2014-12-12 00:00:00+05:30,63.85384199249515,2314.95,2213.75,64.03401947021484,1379552,0.0,0.0,ADANIENT.NS,Adani Enterprises Limited,Thermal Coal,Energy,Mr. Gautambhai Shantilal Adani S.Y. B.Com,"Ahmedabad, India",https://www.adanienterprises.com,2308.8,2238.85,2664840298496,77.06275,29.96,0.00059999997,3743.9,2025.0
2014-12-15 00:00:00+05:30,63.42142707050224,2314.95,2213.75,64.07005310058594,1379552,0.0,0.0,ADANIENT.NS,Adani Enterprises Limited,Thermal Coal,Energy,Mr. Gautambhai Shantilal Adani S.Y. B.Com,"Ahmedabad, India",https://www.adanienterprises.com,2308.8,2238.85,2664840298496,77.06275,29.96,0.00059999997,3743.9,2025.0
2014-12-16 00:00:00+05:30,63.43583953013572,2314.95,2213.75,63.50070571899414,1379552,0.0,0.0,ADANIENT.NS,Adani Enterprises Limited,Thermal Coal,Energy,Mr. Gautambhai Shantilal Adani S.Y. B.Com,"Ahmedabad, India",https://www.adanienterprises.com,2308.8,2238.85,2664840298496,77.06275,29.96,0.00059999997,3743.9,2025.0
2014-12-17 00:00:00+05:30,63.14755142256207,2314.95,2213.75,63.12592697143555,1379552,0.0,0.0,ADANIENT.NS,Adani Enterprises Limited,Thermal Coal,Energy,Mr. Gautambhai Shantilal Adani S.Y. B.Com,"Ahmedabad, India",https://www.adanienterprises.com,2308.8,2238.85,2664840298496,77.06275,29.96,0.00059999997,3743.9,2025.0
2014-12-18 00:00:00+05:30,63.85384349163559,2314.95,2213.75,64.2430191040039,1379552,0.0,0.0,ADANIENT.NS,Adani Enterprises Limited,Thermal Coal,Energy,Mr. Gautambhai Shantilal Adani S.Y. B.Com,"Ahmedabad, India",https://www.adanienterprises.com,2308.8,2238.85,2664840298496,77.06275,29.96,0.00059999997,3743.9,2025.0
2014-12-19 00:00:00+05:30,64.50968115390872,2314.95,2213.75,65.179931640625,1379552,0.0,0.0,ADANIENT.NS,Adani Enterprises Limited,Thermal Coal,Energy,Mr. Gautambhai Shantilal Adani S.Y. B.Com,"Ahmedabad, India",https://www.adanienterprises.com,2308.8,2238.85,2664840298496,77.06275,29.96,0.00059999997,3743.9,2025.0
2014-12-22 00:00:00+05:30,65.37452658763317,2314.95,2213.75,65.65560150146484,1379552,0.0,0.0,ADANIENT.NS,Adani Enterprises Limited,Thermal Coal,Energy,Mr. Gautambhai Shantilal Adani S.Y. B.Com,"Ahmedabad, India",https://www.adanienterprises.com,2308.8,2238.85,2664840298496,77.06275,29.96,0.00059999997,3743.9,2025.0
2014-12-23 00:00:00+05:30,65.73487007722161,2314.95,2213.75,63.825016021728516,1379552,0.0,0.0,ADANIENT.NS,Adani Enterprises Limited,Thermal Coal,Energy,Mr. Gautambhai Shantilal Adani S.Y. B.Com,"Ahmedabad, India",https://www.adanienterprises.com,2308.8,2238.85,2664840298496,77.06275,29.96,0.00059999997,3743.9,2025.0
2014-12-24 00:00:00+05:30,63.9115004318087,2314.95,2213.75,63.65205001831055,1379552,0.0,0.0,ADANIENT.NS,Adani Enterprises Limited,Thermal Coal,Energy,Mr. Gautambhai Shantilal Adani S.Y. B.Com,"Ahmedabad, India",https://www.adanienterprises.com,2308.8,2238.85,2664840298496,77.06275,29.96,0.00059999997,3743.9,2025.0
2014-12-26 00:00:00+05:30,64.21417870265311,2314.95,2213.75,65.28081512451172,1379552,0.0,0.0,ADANIENT.NS,Adani Enterprises Limited,Thermal Coal,Energy,Mr. Gautambhai Shantilal Adani S.Y. B.Com,"Ahmedabad, India",https://www.adanienterprises.com,2308.8,2238.85,2664840298496,77.06275,29.96,0.00059999997,3743.9,2025.0
2014-12-29 00:00:00+05:30,65.18713790865603,2314.95,2213.75,66.04476928710938,1379552,0.0,0.0,ADANIENT.NS,Adani Enterprises Limited,Thermal Coal,Energy,Mr. Gautambhai Shantilal Adani S.Y. B.Com,"Ahmedabad, India",https://www.adanienterprises.com,2308.8,2238.85,2664840298496,77.06275,29.96,0.00059999997,3743.9,2025.0
2014-12-30 00:00:00+05:30,66.43392372832135,2314.95,2213.75,69.20140838623047,1379552,0.0,0.0,ADANIENT.NS,Adani Enterprises Limited,Thermal Coal,Energy,Mr. Gautambhai Shantilal Adani S.Y. B.Com,"Ahmedabad, India",https://www.adanienterprises.com,2308.8,2238.85,2664840298496,77.06275,29.96,0.00059999997,3743.9,2025.0
2014-12-31 00:00:00+05:30,69.3311629623939,2314.95,2213.75,70.09510040283203,1379552,0.0,0.0,ADANIENT.NS,Adani Enterprises Limited,Thermal Coal,Energy,Mr. Gautambhai Shantilal Adani S.Y. B.Com,"Ahmedabad, India",https://www.adanienterprises.com,2308.8,2238.85,2664840298496,77.06275,29.96,0.00059999997,3743.9,2025.0
2015-01-01 00:00:00+05:30,69.96537034252678,2314.95,2213.75,70.62841033935547,1379552,0.0,0.0,ADANIENT.NS,Adani Enterprises Limited,Thermal Coal,Energy,Mr. Gautambhai Shantilal Adani S.Y. B.Com,"Ahmedabad, India",https://www.adanienterprises.com,2308.8,2238.85,2664840298496,77.06275,29.96,0.00059999997,3743.9,2025.0
2015-01-02 00:00:00+05:30,70.81578932375402,2314.95,2213.75,70.9743423461914,1379552,0.0,0.0,ADANIENT.NS,Adani Enterprises Limited,Thermal Coal,Energy,Mr. Gautambhai Shantilal Adani S.Y. B.Com,"Ahmedabad, India",https://www.adanienterprises.com,2308.8,2238.85,2664840298496,77.06275,29.96,0.00059999997,3743.9,2025.0
2015-01-05 00:00:00+05:30,70.786975175622,2314.95,2213.75,72.14909362792969,1379552,0.0,0.0,ADANIENT.NS,Adani Enterprises Limited,Thermal Coal,Energy,Mr. Gautambhai Shantilal Adani S.Y. B.Com,"Ahmedabad, India",https://www.adanienterprises.com,2308.8,2238.85,2664840298496,77.06275,29.96,0.00059999997,3743.9,2025.0
2015-01-06 00:00:00+05:30,71.43558486301491,2314.95,2213.75,71.6013412475586,1379552,0.0,0.0,ADANIENT.NS,Adani Enterprises Limited,Thermal Coal,Energy,Mr. Gautambhai Shantilal Adani S.Y. B.Com,"Ahmedabad, India",https://www.adanienterprises.com,2308.8,2238.85,2664840298496,77.06275,29.96,0.00059999997,3743.9,2025.0
2015-01-07 00:00:00+05:30,72.06981586495387,2314.95,2213.75,70.96714782714844,1379552,0.0,0.0,ADANIENT.NS,Adani Enterprises Limited,Thermal Coal,Energy,Mr. Gautambhai Shantilal Adani S.Y. B.Com,"Ahmedabad, India",https://www.adanienterprises.com,2308.8,2238.85,2664840298496,77.06275,29.96,0.00059999997,3743.9,2025.0
2015-01-08 00:00:00+05:30,71.9689152296407,2314.95,2213.75,73.76345825195312,1379552,0.0,0.0,ADANIENT.NS,Adani Enterprises Limited,Thermal Coal,Energy,Mr. Gautambhai Shantilal Adani S.Y. B.Com,"Ahmedabad, India",https://www.adanienterprises.com,2308.8,2238.85,2664840298496,77.06275,29.96,0.00059999997,3743.9,2025.0
2015-01-09 00:00:00+05:30,74.37604775428159,2314.95,2213.75,73.0283432006836,1379552,0.0,0.0,ADANIENT.NS,Adani Enterprises Limited,Thermal Coal,Energy,Mr. Gautambhai Shantilal Adani S.Y. B.Com,"Ahmedabad, India",https://www.adanienterprises.com,2308.8,2238.85,2664840298496,77.06275,29.96,0.00059999997,3743.9,2025.0
2015-01-12 00:00:00+05:30,73.60489579983573,2314.95,2213.75,74.16704559326172,1379552,0.0,0.0,ADANIENT.NS,Adani Enterprises Limited,Thermal Coal,Energy,Mr. Gautambhai Shantilal Adani S.Y. B.Com,"Ahmedabad, India",https://www.adanienterprises.com,2308.8,2238.85,2664840298496,77.06275,29.96,0.00059999997,3743.9,2025.0
2015-01-13 00:00:00+05:30,74.65712182699495,2314.95,2213.75,71.59415435791016,1379552,0.0,0.0,ADANIENT.NS,Adani Enterprises Limited,Thermal Coal,Energy,Mr. Gautambhai Shantilal Adani S.Y. B.Com,"Ahmedabad, India",https://www.adanienterprises.com,2308.8,2238.85,2664840298496,77.06275,29.96,0.00059999997,3743.9,2025.0
2015-01-14 00:00:00+05:30,71.8535963579758,2314.95,2213.75,70.822998046875,1379552,0.0,0.0,ADANIENT.NS,Adani Enterprises Limited,Thermal Coal,Energy,Mr. Gautambhai Shantilal Adani S.Y. B.Com,"Ahmedabad, India",https://www.adanienterprises.com,2308.8,2238.85,2664840298496,77.06275,29.96,0.00059999997,3743.9,2025.0
2015-01-15 00:00:00+05:30,72.06981395853482,2314.95,2213.75,72.19953918457031,1379552,0.0,0.0,ADANIENT.NS,Adani Enterprises Limited,Thermal Coal,Energy,Mr. Gautambhai Shantilal Adani S.Y. B.Com,"Ahmedabad, India",https://www.adanienterprises.com,2308.8,2238.85,2664840298496,77.06275,29.96,0.00059999997,3743.9,2025.0
2015-01-16 00:00:00+05:30,71.85359432613713,2314.95,2213.75,72.11304473876953,1379552,0.0,0.0,ADANIENT.NS,Adani Enterprises Limited,Thermal Coal,Energy,Mr. Gautambhai Shantilal Adani S.Y. B.Com,"Ahmedabad, India",https://www.adanienterprises.com,2308.8,2238.85,2664840298496,77.06275,29.96,0.00059999997,3743.9,2025.0
2015-01-19 00:00:00+05:30,72.35809973240653,2314.95,2213.75,72.9779052734375,1379552,0.0,0.0,ADANIENT.NS,Adani Enterprises Limited,Thermal Coal,Energy,Mr. Gautambhai Shantilal Adani S.Y. B.Com,"Ahmedabad, India",https://www.adanienterprises.com,2308.8,2238.85,2664840298496,77.06275,29.96,0.00059999997,3743.9,2025.0
2015-01-20 00:00:00+05:30,73.32381992455815,2314.95,2213.75,73.0067138671875,1379552,0.0,0.0,ADANIENT.NS,Adani Enterprises Limited,Thermal Coal,Energy,Mr. Gautambhai Shantilal Adani S.Y. B.Com,"Ahmedabad, India",https://www.adanienterprises.com,2308.8,2238.85,2664840298496,77.06275,29.96,0.00059999997,3743.9,2025.0
2015-01-21 00:00:00+05:30,73.07880544302317,2314.95,2213.75,72.95628356933594,1379552,0.0,0.0,ADANIENT.NS,Adani Enterprises Limited,Thermal Coal,Energy,Mr. Gautambhai Shantilal Adani S.Y. B.Com,"Ahmedabad, India",https://www.adanienterprises.com,2308.8,2238.85,2664840298496,77.06275,29.96,0.00059999997,3743.9,2025.0
2015-01-22 00:00:00+05:30,73.0787872420632,2314.95,2213.75,74.75080108642578,1379552,0.0,0.0,ADANIENT.NS,Adani Enterprises Limited,Thermal Coal,Energy,Mr. Gautambhai Shantilal Adani S.Y. B.Com,"Ahmedabad, India",https://www.adanienterprises.com,2308.8,2238.85,2664840298496,77.06275,29.96,0.00059999997,3743.9,2025.0
2015-01-23 00:00:00+05:30,75.6733015563037,2314.95,2213.75,81.27312469482422,1379552,0.0,0.0,ADANIENT.NS,Adani Enterprises Limited,Thermal Coal,Energy,Mr. Gautambhai Shantilal Adani S.Y. B.Com,"Ahmedabad, India",https://www.adanienterprises.com,2308.8,2238.85,2664840298496,77.06275,29.96,0.00059999997,3743.9,2025.0
2015-01-27 00:00:00+05:30,81.28752795697596,2314.95,2213.75,80.90555572509766,1379552,0.0,0.0,ADANIENT.NS,Adani Enterprises Limited,Thermal Coal,Energy,Mr. Gautambhai Shantilal Adani S.Y. B.Com,"Ahmedabad, India",https://www.adanienterprises.com,2308.8,2238.85,2664840298496,77.06275,29.96,0.00059999997,3743.9,2025.0
2015-01-28 00:00:00+05:30,79.85333768364588,2314.95,2213.75,80.31458282470703,1379552,0.0,0.0,ADANIENT.NS,Adani Enterprises Limited,Thermal Coal,Energy,Mr. Gautambhai Shantilal Adani S.Y. B.Com,"Ahmedabad, India",https://www.adanienterprises.com,2308.8,2238.85,2664840298496,77.06275,29.96,0.00059999997,3743.9,2025.0
2015-01-29 00:00:00+05:30,80.42989391720462,2314.95,2213.75,84.0910415649414,1379552,0.0,0.0,ADANIENT.NS,Adani Enterprises Limited,Thermal Coal,Energy,Mr. Gautambhai Shantilal Adani S.Y. B.Com,"Ahmedabad, India",https://www.adanienterprises.com,2308.8,2238.85,2664840298496,77.06275,29.96,0.00059999997,3743.9,2025.0
2015-01-30 00:00:00+05:30,85.53243256946844,2314.95,2213.75,90.41876220703125,1379552,0.0,0.0,ADANIENT.NS,Adani Enterprises Limited,Thermal Coal,Energy,Mr. Gautambhai Shantilal Adani S.Y. B.Com,"Ahmedabad, India",https://www.adanienterprises.com,2308.8,2238.85,2664840298496,77.06275,29.96,0.00059999997,3743.9,2025.0
2015-02-02 00:00:00+05:30,93.83490067609736,2314.95,2213.75,94.38262939453125,1379552,0.0,0.0,ADANIENT.NS,Adani Enterprises Limited,Thermal Coal,Energy,Mr. Gautambhai Shantilal Adani S.Y. B.Com,"Ahmedabad, India",https://www.adanienterprises.com,2308.8,2238.85,2664840298496,77.06275,29.96,0.00059999997,3743.9,2025.0
2015-02-03 00:00:00+05:30,94.4546937025391,2314.95,2213.75,92.47998046875,1379552,0.0,0.0,ADANIENT.NS,Adani Enterprises Limited,Thermal Coal,Energy,Mr. Gautambhai Shantilal Adani S.Y. B.Com,"Ahmedabad, India",https://www.adanienterprises.com,2308.8,2238.85,2664840298496,77.06275,29.96,0.00059999997,3743.9,2025.0
2015-02-04 00:00:00+05:30,92.53042976379594,2314.95,2213.75,93.44571685791016,1379552,0.0,0.0,ADANIENT.NS,Adani Enterprises Limited,Thermal Coal,Energy,Mr. Gautambhai Shantilal Adani S.Y. B.Com,"Ahmedabad, India",https://www.adanienterprises.com,2308.8,2238.85,2664840298496,77.06275,29.96,0.00059999997,3743.9,2025.0
2015-02-05 00:00:00+05:30,93.97904841583066,2314.95,2213.75,89.77737426757812,1379552,0.0,0.0,ADANIENT.NS,Adani Enterprises Limited,Thermal Coal,Energy,Mr. Gautambhai Shantilal Adani S.Y. B.Com,"Ahmedabad, India",https://www.adanienterprises.com,2308.8,2238.85,2664840298496,77.06275,29.96,0.00059999997,3743.9,2025.0
2015-02-06 00:00:00+05:30,90.08724867717223,2314.95,2213.75,90.42597198486328,1379552,0.0,0.0,ADANIENT.NS,Adani Enterprises Limited,Thermal Coal,Energy,Mr. Gautambhai Shantilal Adani S.Y. B.Com,"Ahmedabad, India",https://www.adanienterprises.com,2308.8,2238.85,2664840298496,77.06275,29.96,0.00059999997,3743.9,2025.0
2015-02-09 00:00:00+05:30,87.92516389525716,2314.95,2213.75,87.80985260009766,1379552,0.0,0.0,ADANIENT.NS,Adani Enterprises Limited,Thermal Coal,Energy,Mr. Gautambhai Shantilal Adani S.Y. B.Com,"Ahmedabad, India",https://www.adanienterprises.com,2308.8,2238.85,2664840298496,77.06275,29.96,0.00059999997,3743.9,2025.0
2015-02-10 00:00:00+05:30,87.34860805409397,2314.95,2213.75,91.52145385742188,1379552,0.0,0.0,ADANIENT.NS,Adani Enterprises Limited,Thermal Coal,Energy,Mr. Gautambhai Shantilal Adani S.Y. B.Com,"Ahmedabad, India",https://www.adanienterprises.com,2308.8,2238.85,2664840298496,77.06275,29.96,0.00059999997,3743.9,2025.0
2015-02-11 00:00:00+05:30,92.24934489580323,2314.95,2213.75,95.34834289550781,1379552,0.0,0.0,ADANIENT.NS,Adani Enterprises Limited,Thermal Coal,Energy,Mr. Gautambhai Shantilal Adani S.Y. B.Com,"Ahmedabad, India",https://www.adanienterprises.com,2308.8,2238.85,2664840298496,77.06275,29.96,0.00059999997,3743.9,2025.0
2015-02-12 00:00:00+05:30,95.83122474261378,2314.95,2213.75,98.6419448852539,1379552,0.0,0.0,ADANIENT.NS,Adani Enterprises Limited,Thermal Coal,Energy,Mr. Gautambhai Shantilal Adani S.Y. B.Com,"Ahmedabad, India",https://www.adanienterprises.com,2308.8,2238.85,2664840298496,77.06275,29.96,0.00059999997,3743.9,2025.0
2015-02-13 00:00:00+05:30,99.08157581352198,2314.95,2213.75,96.847412109375,1379552,0.0,0.0,ADANIENT.NS,Adani Enterprises Limited,Thermal Coal,Energy,Mr. Gautambhai Shantilal Adani S.Y. B.Com,"Ahmedabad, India",https://www.adanienterprises.com,2308.8,2238.85,2664840298496,77.06275,29.96,0.00059999997,3743.9,2025.0
2015-02-16 00:00:00+05:30,97.17893302219385,2314.95,2213.75,95.56456756591797,1379552,0.0,0.0,ADANIENT.NS,Adani Enterprises Limited,Thermal Coal,Energy,Mr. Gautambhai Shantilal Adani S.Y. B.Com,"Ahmedabad, India",https://www.adanienterprises.com,2308.8,2238.85,2664840298496,77.06275,29.96,0.00059999997,3743.9,2025.0
2015-02-18 00:00:00+05:30,95.91050765035422,2314.95,2213.75,95.96095275878906,1379552,0.0,0.0,ADANIENT.NS,Adani Enterprises Limited,Thermal Coal,Energy,Mr. Gautambhai Shantilal Adani S.Y. B.Com,"Ahmedabad, India",https://www.adanienterprises.com,2308.8,2238.85,2664840298496,77.06275,29.96,0.00059999997,3743.9,2025.0
2015-02-19 00:00:00+05:30,96.71047704679697,2314.95,2213.75,99.78065490722656,1379552,0.0,0.0,ADANIENT.NS,Adani Enterprises Limited,Thermal Coal,Energy,Mr. Gautambhai Shantilal Adani S.Y. B.Com,"Ahmedabad, India",https://www.adanienterprises.com,2308.8,2238.85,2664840298496,77.06275,29.96,0.00059999997,3743.9,2025.0
2015-02-20 00:00:00+05:30,100.75358678241872,2314.95,2213.75,99.0815658569336,1379552,0.0,0.0,ADANIENT.NS,Adani Enterprises Limited,Thermal Coal,Energy,Mr. Gautambhai Shantilal Adani S.Y. B.Com,"Ahmedabad, India",https://www.adanienterprises.com,2308.8,2238.85,2664840298496,77.06275,29.96,0.00059999997,3743.9,2025.0
2015-02-23 00:00:00+05:30,99.45632459670837,2314.95,2213.75,97.9933090209961,1379552,0.0,0.0,ADANIENT.NS,Adani Enterprises Limited,Thermal Coal,Energy,Mr. Gautambhai Shantilal Adani S.Y. B.Com,"Ahmedabad, India",https://www.adanienterprises.com,2308.8,2238.85,2664840298496,77.06275,29.96,0.00059999997,3743.9,2025.0
2015-02-24 00:00:00+05:30,97.95006716895645,2314.95,2213.75,102.6562271118164,1379552,0.0,0.0,ADANIENT.NS,Adani Enterprises Limited,Thermal Coal,Energy,Mr. Gautambhai Shantilal Adani S.Y. B.Com,"Ahmedabad, India",https://www.adanienterprises.com,2308.8,2238.85,2664840298496,77.06275,29.96,0.00059999997,3743.9,2025.0
2015-02-25 00:00:00+05:30,103.34808972314215,2314.95,2213.75,100.30674743652344,1379552,0.0,0.0,ADANIENT.NS,Adani Enterprises Limited,Thermal Coal,Energy,Mr. Gautambhai Shantilal Adani S.Y. B.Com,"Ahmedabad, India",https://www.adanienterprises.com,2308.8,2238.85,2664840298496,77.06275,29.96,0.00059999997,3743.9,2025.0
2015-02-26 00:00:00+05:30,100.3355859561255,2314.95,2213.75,99.17526245117188,1379552,0.0,0.0,ADANIENT.NS,Adani Enterprises Limited,Thermal Coal,Energy,Mr. Gautambhai Shantilal Adani S.Y. B.Com,"Ahmedabad, India",https://www.adanienterprises.com,2308.8,2238.85,2664840298496,77.06275,29.96,0.00059999997,3743.9,2025.0
2015-02-27 00:00:00+05:30,99.77343929529596,2314.95,2213.75,102.5337142944336,1379552,0.0,0.0,ADANIENT.NS,Adani Enterprises Limited,Thermal Coal,Energy,Mr. Gautambhai Shantilal Adani S.Y. B.Com,"Ahmedabad, India",https://www.adanienterprises.com,2308.8,2238.85,2664840298496,77.06275,29.96,0.00059999997,3743.9,2025.0
2015-03-02 00:00:00+05:30,101.18601596228164,2314.95,2213.75,102.32472229003906,1379552,0.0,0.0,ADANIENT.NS,Adani Enterprises Limited,Thermal Coal,Energy,Mr. Gautambhai Shantilal Adani S.Y. B.Com,"Ahmedabad, India",https://www.adanienterprises.com,2308.8,2238.85,2664840298496,77.06275,29.96,0.00059999997,3743.9,2025.0
2015-03-03 00:00:00+05:30,102.84360813702119,2314.95,2213.75,104.03996276855469,1379552,0.0,0.0,ADANIENT.NS,Adani Enterprises Limited,Thermal Coal,Energy,Mr. Gautambhai Shantilal Adani S.Y. B.Com,"Ahmedabad, India",https://www.adanienterprises.com,2308.8,2238.85,2664840298496,77.06275,29.96,0.00059999997,3743.9,2025.0
2015-03-04 00:00:00+05:30,104.92641772049772,2314.95,2213.75,101.51751708984375,1379552,0.0,0.0,ADANIENT.NS,Adani Enterprises Limited,Thermal Coal,Energy,Mr. Gautambhai Shantilal Adani S.Y. B.Com,"Ahmedabad, India",https://www.adanienterprises.com,2308.8,2238.85,2664840298496,77.06275,29.96,0.00059999997,3743.9,2025.0
2015-03-05 00:00:00+05:30,101.65445732769372,2314.95,2213.75,100.81844329833984,1379552,0.0,0.0,ADANIENT.NS,Adani Enterprises Limited,Thermal Coal,Energy,Mr. Gautambhai Shantilal Adani S.Y. B.Com,"Ahmedabad, India",https://www.adanienterprises.com,2308.8,2238.85,2664840298496,77.06275,29.96,0.00059999997,3743.9,2025.0
2015-03-09 00:00:00+05:30,100.16262635746135,2314.95,2213.75,95.96095275878906,1379552,0.0,0.0,ADANIENT.NS,Adani Enterprises Limited,Thermal Coal,Energy,Mr. Gautambhai Shantilal Adani S.Y. B.Com,"Ahmedabad, India",https://www.adanienterprises.com,2308.8,2238.85,2664840298496,77.06275,29.96,0.00059999997,3743.9,2025.0
2015-03-10 00:00:00+05:30,95.99698323156338,2314.95,2213.75,93.46733093261719,1379552,0.0,0.0,ADANIENT.NS,Adani Enterprises Limited,Thermal Coal,Energy,Mr. Gautambhai Shantilal Adani S.Y. B.Com,"Ahmedabad, India",https://www.adanienterprises.com,2308.8,2238.85,2664840298496,77.06275,29.96,0.00059999997,3743.9,2025.0
2015-03-11 00:00:00+05:30,93.5898404001405,2314.95,2213.75,93.50335693359375,1379552,0.0,0.0,ADANIENT.NS,Adani Enterprises Limited,Thermal Coal,Energy,Mr. Gautambhai Shantilal Adani S.Y. B.Com,"Ahmedabad, India",https://www.adanienterprises.com,2308.8,2238.85,2664840298496,77.06275,29.96,0.00059999997,3743.9,2025.0
2015-03-12 00:00:00+05:30,94.26730024539899,2314.95,2213.75,94.51233673095703,1379552,0.0,0.0,ADANIENT.NS,Adani Enterprises Limited,Thermal Coal,Energy,Mr. Gautambhai Shantilal Adani S.Y. B.Com,"Ahmedabad, India",https://www.adanienterprises.com,2308.8,2238.85,2664840298496,77.06275,29.96,0.00059999997,3743.9,2025.0
2015-03-13 00:00:00+05:30,95.09610425962741,2314.95,2213.75,91.39891815185547,1379552,0.0,0.0,ADANIENT.NS,Adani Enterprises Limited,Thermal Coal,Energy,Mr. Gautambhai Shantilal Adani S.Y. B.Com,"Ahmedabad, India",https://www.adanienterprises.com,2308.8,2238.85,2664840298496,77.06275,29.96,0.00059999997,3743.9,2025.0
2015-03-16 00:00:00+05:30,91.52864873448252,2314.95,2213.75,92.24935150146484,1379552,0.0,0.0,ADANIENT.NS,Adani Enterprises Limited,Thermal Coal,Energy,Mr. Gautambhai Shantilal Adani S.Y. B.Com,"Ahmedabad, India",https://www.adanienterprises.com,2308.8,2238.85,2664840298496,77.06275,29.96,0.00059999997,3743.9,2025.0
2015-03-17 00:00:00+05:30,92.71778792951115,2314.95,2213.75,92.94841766357422,1379552,0.0,0.0,ADANIENT.NS,Adani Enterprises Limited,Thermal Coal,Energy,Mr. Gautambhai Shantilal Adani S.Y. B.Com,"Ahmedabad, India",https://www.adanienterprises.com,2308.8,2238.85,2664840298496,77.06275,29.96,0.00059999997,3743.9,2025.0
2015-03-18 00:00:00+05:30,92.98446352422214,2314.95,2213.75,92.84032440185547,1379552,0.0,0.0,ADANIENT.NS,Adani Enterprises Limited,Thermal Coal,Energy,Mr. Gautambhai Shantilal Adani S.Y. B.Com,"Ahmedabad, India",https://www.adanienterprises.com,2308.8,2238.85,2664840298496,77.06275,29.96,0.00059999997,3743.9,2025.0
2015-03-19 00:00:00+05:30,93.69795494838587,2314.95,2213.75,89.18638610839844,1379552,0.0,0.0,ADANIENT.NS,Adani Enterprises Limited,Thermal Coal,Energy,Mr. Gautambhai Shantilal Adani S.Y. B.Com,"Ahmedabad, India",https://www.adanienterprises.com,2308.8,2238.85,2664840298496,77.06275,29.96,0.00059999997,3743.9,2025.0
2015-03-20 00:00:00+05:30,88.93413987767671,2314.95,2213.75,87.9035415649414,1379552,0.0,0.0,ADANIENT.NS,Adani Enterprises Limited,Thermal Coal,Energy,Mr. Gautambhai Shantilal Adani S.Y. B.Com,"Ahmedabad, India",https://www.adanienterprises.com,2308.8,2238.85,2664840298496,77.06275,29.96,0.00059999997,3743.9,2025.0
2015-03-23 00:00:00+05:30,88.24947030357362,2314.95,2213.75,85.9432373046875,1379552,0.0,0.0,ADANIENT.NS,Adani Enterprises Limited,Thermal Coal,Energy,Mr. Gautambhai Shantilal Adani S.Y. B.Com,"Ahmedabad, India",https://www.adanienterprises.com,2308.8,2238.85,2664840298496,77.06275,29.96,0.00059999997,3743.9,2025.0
2015-03-24 00:00:00+05:30,85.5540731001838,2314.95,2213.75,85.25138092041016,1379552,0.0,0.0,ADANIENT.NS,Adani Enterprises Limited,Thermal Coal,Energy,Mr. Gautambhai Shantilal Adani S.Y. B.Com,"Ahmedabad, India",https://www.adanienterprises.com,2308.8,2238.85,2664840298496,77.06275,29.96,0.00059999997,3743.9,2025.0
2015-03-25 00:00:00+05:30,85.80632689862423,2314.95,2213.75,87.75221252441406,1379552,0.0,0.0,ADANIENT.NS,Adani Enterprises Limited,Thermal Coal,Energy,Mr. Gautambhai Shantilal Adani S.Y. B.Com,"Ahmedabad, India",https://www.adanienterprises.com,2308.8,2238.85,2664840298496,77.06275,29.96,0.00059999997,3743.9,2025.0
2015-03-26 00:00:00+05:30,87.17562548052015,2314.95,2213.75,86.69996643066406,1379552,0.0,0.0,ADANIENT.NS,Adani Enterprises Limited,Thermal Coal,Energy,Mr. Gautambhai Shantilal Adani S.Y. B.Com,"Ahmedabad, India",https://www.adanienterprises.com,2308.8,2238.85,2664840298496,77.06275,29.96,0.00059999997,3743.9,2025.0
2015-03-27 00:00:00+05:30,86.48376719874994,2314.95,2213.75,85.79910278320312,1379552,0.0,0.0,ADANIENT.NS,Adani Enterprises Limited,Thermal Coal,Energy,Mr. Gautambhai Shantilal Adani S.Y. B.Com,"Ahmedabad, India",https://www.adanienterprises.com,2308.8,2238.85,2664840298496,77.06275,29.96,0.00059999997,3743.9,2025.0
2015-03-30 00:00:00+05:30,86.91618418895901,2314.95,2213.75,89.18638610839844,1379552,0.0,0.0,ADANIENT.NS,Adani Enterprises Limited,Thermal Coal,Energy,Mr. Gautambhai Shantilal Adani S.Y. B.Com,"Ahmedabad, India",https://www.adanienterprises.com,2308.8,2238.85,2664840298496,77.06275,29.96,0.00059999997,3743.9,2025.0
2015-03-31 00:00:00+05:30,89.66926230600431,2314.95,2213.75,88.69631958007812,1379552,0.0,0.0,ADANIENT.NS,Adani Enterprises Limited,Thermal Coal,Energy,Mr. Gautambhai Shantilal Adani S.Y. B.Com,"Ahmedabad, India",https://www.adanienterprises.com,2308.8,2238.85,2664840298496,77.06275,29.96,0.00059999997,3743.9,2025.0
2015-04-01 00:00:00+05:30,87.75219446238593,2314.95,2213.75,88.2710952758789,1379552,0.0,0.0,ADANIENT.NS,Adani Enterprises Limited,Thermal Coal,Energy,Mr. Gautambhai Shantilal Adani S.Y. B.Com,"Ahmedabad, India",https://www.adanienterprises.com,2308.8,2238.85,2664840298496,77.06275,29.96,0.00059999997,3743.9,2025.0
2015-04-06 00:00:00+05:30,88.64586342972898,2314.95,2213.75,90.663818359375,1379552,0.0,0.0,ADANIENT.NS,Adani Enterprises Limited,Thermal Coal,Energy,Mr. Gautambhai Shantilal Adani S.Y. B.Com,"Ahmedabad, India",https://www.adanienterprises.com,2308.8,2238.85,2664840298496,77.06275,29.96,0.00059999997,3743.9,2025.0
2015-04-07 00:00:00+05:30,91.52864493849916,2314.95,2213.75,92.38627624511719,1379552,0.0,0.0,ADANIENT.NS,Adani Enterprises Limited,Thermal Coal,Energy,Mr. Gautambhai Shantilal Adani S.Y. B.Com,"Ahmedabad, India",https://www.adanienterprises.com,2308.8,2238.85,2664840298496,77.06275,29.96,0.00059999997,3743.9,2025.0
2015-04-08 00:00:00+05:30,92.81148193159949,2314.95,2213.75,92.94841766357422,1379552,0.0,0.0,ADANIENT.NS,Adani Enterprises Limited,Thermal Coal,Energy,Mr. Gautambhai Shantilal Adani S.Y. B.Com,"Ahmedabad, India",https://www.adanienterprises.com,2308.8,2238.85,2664840298496,77.06275,29.96,0.00059999997,3743.9,2025.0
2015-04-09 00:00:00+05:30,93.24391141885597,2314.95,2213.75,92.24935150146484,1379552,0.0,0.0,ADANIENT.NS,Adani Enterprises Limited,Thermal Coal,Energy,Mr. Gautambhai Shantilal Adani S.Y. B.Com,"Ahmedabad, India",https://www.adanienterprises.com,2308.8,2238.85,2664840298496,77.06275,29.96,0.00059999997,3743.9,2025.0
2015-04-10 00:00:00+05:30,90.81516402552093,2314.95,2213.75,91.96827697753906,1379552,0.0,0.0,ADANIENT.NS,Adani Enterprises Limited,Thermal Coal,Energy,Mr. Gautambhai Shantilal Adani S.Y. B.Com,"Ahmedabad, India",https://www.adanienterprises.com,2308.8,2238.85,2664840298496,77.06275,29.96,0.00059999997,3743.9,2025.0
2015-04-13 00:00:00+05:30,91.88900608893898,2314.95,2213.75,95.39159393310547,1379552,0.0,0.0,ADANIENT.NS,Adani Enterprises Limited,Thermal Coal,Energy,Mr. Gautambhai Shantilal Adani S.Y. B.Com,"Ahmedabad, India",https://www.adanienterprises.com,2308.8,2238.85,2664840298496,77.06275,29.96,0.00059999997,3743.9,2025.0
2015-04-15 00:00:00+05:30,95.67987712114878,2314.95,2213.75,93.0277099609375,1379552,0.0,0.0,ADANIENT.NS,Adani Enterprises Limited,Thermal Coal,Energy,Mr. Gautambhai Shantilal Adani S.Y. B.Com,"Ahmedabad, India",https://www.adanienterprises.com,2308.8,2238.85,2664840298496,77.06275,29.96,0.00059999997,3743.9,2025.0
2015-04-16 00:00:00+05:30,92.99886737565997,2314.95,2213.75,92.3574447631836,1379552,0.0,0.0,ADANIENT.NS,Adani Enterprises Limited,Thermal Coal,Energy,Mr. Gautambhai Shantilal Adani S.Y. B.Com,"Ahmedabad, India",https://www.adanienterprises.com,2308.8,2238.85,2664840298496,77.06275,29.96,0.00059999997,3743.9,2025.0
2015-04-17 00:00:00+05:30,92.24935525315365,2314.95,2213.75,92.60970306396484,1379552,0.0,0.0,ADANIENT.NS,Adani Enterprises Limited,Thermal Coal,Energy,Mr. Gautambhai Shantilal Adani S.Y. B.Com,"Ahmedabad, India",https://www.adanienterprises.com,2308.8,2238.85,2664840298496,77.06275,29.96,0.00059999997,3743.9,2025.0
2015-04-20 00:00:00+05:30,92.60970247334603,2314.95,2213.75,92.50159454345703,1379552,0.0,0.0,ADANIENT.NS,Adani Enterprises Limited,Thermal Coal,Energy,Mr. Gautambhai Shantilal Adani S.Y. B.Com,"Ahmedabad, India",https://www.adanienterprises.com,2308.8,2238.85,2664840298496,77.06275,29.96,0.00059999997,3743.9,2025.0
2015-04-21 00:00:00+05:30,92.24935833386596,2314.95,2213.75,93.86372375488281,1379552,0.0,0.0,ADANIENT.NS,Adani Enterprises Limited,Thermal Coal,Energy,Mr. Gautambhai Shantilal Adani S.Y. B.Com,"Ahmedabad, India",https://www.adanienterprises.com,2308.8,2238.85,2664840298496,77.06275,29.96,0.00059999997,3743.9,2025.0
2015-04-22 00:00:00+05:30,94.53396381801684,2314.95,2213.75,95.16097259521484,1379552,0.0,0.0,ADANIENT.NS,Adani Enterprises Limited,Thermal Coal,Energy,Mr. Gautambhai Shantilal Adani S.Y. B.Com,"Ahmedabad, India",https://www.adanienterprises.com,2308.8,2238.85,2664840298496,77.06275,29.96,0.00059999997,3743.9,2025.0
2015-04-23 00:00:00+05:30,95.87446121580291,2314.95,2213.75,96.96271514892578,1379552,0.0,0.0,ADANIENT.NS,Adani Enterprises Limited,Thermal Coal,Energy,Mr. Gautambhai Shantilal Adani S.Y. B.Com,"Ahmedabad, India",https://www.adanienterprises.com,2308.8,2238.85,2664840298496,77.06275,29.96,0.00059999997,3743.9,2025.0
2015-04-24 00:00:00+05:30,96.854602346932,2314.95,2213.75,95.16817474365234,1379552,0.0,0.0,ADANIENT.NS,Adani Enterprises Limited,Thermal Coal,Energy,Mr. Gautambhai Shantilal Adani S.Y. B.Com,"Ahmedabad, India",https://www.adanienterprises.com,2308.8,2238.85,2664840298496,77.06275,29.96,0.00059999997,3743.9,2025.0
2015-04-27 00:00:00+05:30,95.41321301104755,2314.95,2213.75,94.26730346679688,1379552,0.0,0.0,ADANIENT.NS,Adani Enterprises Limited,Thermal Coal,Energy,Mr. Gautambhai Shantilal Adani S.Y. B.Com,"Ahmedabad, India",https://www.adanienterprises.com,2308.8,2238.85,2664840298496,77.06275,29.96,0.00059999997,3743.9,2025.0
2015-04-28 00:00:00+05:30,93.00609091420598,2314.95,2213.75,94.26010131835938,1379552,0.0,0.0,ADANIENT.NS,Adani Enterprises Limited,Thermal Coal,Energy,Mr. Gautambhai Shantilal Adani S.Y. B.Com,"Ahmedabad, India",https://www.adanienterprises.com,2308.8,2238.85,2664840298496,77.06275,29.96,0.00059999997,3743.9,2025.0
2015-04-29 00:00:00+05:30,94.54837051320727,2314.95,2213.75,97.65457916259766,1379552,0.0,0.0,ADANIENT.NS,Adani Enterprises Limited,Thermal Coal,Energy,Mr. Gautambhai Shantilal Adani S.Y. B.Com,"Ahmedabad, India",https://www.adanienterprises.com,2308.8,2238.85,2664840298496,77.06275,29.96,0.00059999997,3743.9,2025.0
2015-04-30 00:00:00+05:30,97.72665321554209,2314.95,2213.75,97.17892456054688,1379552,0.0,0.0,ADANIENT.NS,Adani Enterprises Limited,Thermal Coal,Energy,Mr. Gautambhai Shantilal Adani S.Y. B.Com,"Ahmedabad, India",https://www.adanienterprises.com,2308.8,2238.85,2664840298496,77.06275,29.96,0.00059999997,3743.9,2025.0
2015-05-04 00:00:00+05:30,97.72664728661975,2314.95,2213.75,101.99317932128906,1379552,0.0,0.0,ADANIENT.NS,Adani Enterprises Limited,Thermal Coal,Energy,Mr. Gautambhai Shantilal Adani S.Y. B.Com,"Ahmedabad, India",https://www.adanienterprises.com,2308.8,2238.85,2664840298496,77.06275,29.96,0.00059999997,3743.9,2025.0
2015-05-05 00:00:00+05:30,102.33912496255289,2314.95,2213.75,103.12467956542969,1379552,0.0,0.0,ADANIENT.NS,Adani Enterprises Limited,Thermal Coal,Energy,Mr. Gautambhai Shantilal Adani S.Y. B.Com,"Ahmedabad, India",https://www.adanienterprises.com,2308.8,2238.85,2664840298496,77.06275,29.96,0.00059999997,3743.9,2025.0
2015-05-06 00:00:00+05:30,102.21660830178223,2314.95,2213.75,97.82035064697266,1379552,0.0,0.0,ADANIENT.NS,Adani Enterprises Limited,Thermal Coal,Energy,Mr. Gautambhai Shantilal Adani S.Y. B.Com,"Ahmedabad, India",https://www.adanienterprises.com,2308.8,2238.85,2664840298496,77.06275,29.96,0.00059999997,3743.9,2025.0
2015-05-07 00:00:00+05:30,97.01316663413112,2314.95,2213.75,93.64029693603516,1379552,0.0,0.0,ADANIENT.NS,Adani Enterprises Limited,Thermal Coal,Energy,Mr. Gautambhai Shantilal Adani S.Y. B.Com,"Ahmedabad, India",https://www.adanienterprises.com,2308.8,2238.85,2664840298496,77.06275,29.96,0.00059999997,3743.9,2025.0
2015-05-08 00:00:00+05:30,95.16818859441534,2314.95,2213.75,98.61312103271484,1379552,0.0,0.0,ADANIENT.NS,Adani Enterprises Limited,Thermal Coal,Energy,Mr. Gautambhai Shantilal Adani S.Y. B.Com,"Ahmedabad, India",https://www.adanienterprises.com,2308.8,2238.85,2664840298496,77.06275,29.96,0.00059999997,3743.9,2025.0
2015-05-11 00:00:00+05:30,99.74460351209026,2314.95,2213.75,101.9283218383789,1379552,0.0,0.0,ADANIENT.NS,Adani Enterprises Limited,Thermal Coal,Energy,Mr. Gautambhai Shantilal Adani S.Y. B.Com,"Ahmedabad, India",https://www.adanienterprises.com,2308.8,2238.85,2664840298496,77.06275,29.96,0.00059999997,3743.9,2025.0
2015-05-12 00:00:00+05:30,101.90669772368537,2314.95,2213.75,97.09964752197266,1379552,0.0,0.0,ADANIENT.NS,Adani Enterprises Limited,Thermal Coal,Energy,Mr. Gautambhai Shantilal Adani S.Y. B.Com,"Ahmedabad, India",https://www.adanienterprises.com,2308.8,2238.85,2664840298496,77.06275,29.96,0.00059999997,3743.9,2025.0
2015-05-13 00:00:00+05:30,98.15908673570726,2314.95,2213.75,104.0976333618164,1379552,0.0,0.0,ADANIENT.NS,Adani Enterprises Limited,Thermal Coal,Energy,Mr. Gautambhai Shantilal Adani S.Y. B.Com,"Ahmedabad, India",https://www.adanienterprises.com,2308.8,2238.85,2664840298496,77.06275,29.96,0.00059999997,3743.9,2025.0
2015-05-14 00:00:00+05:30,102.77153395223435,2314.95,2213.75,106.29574584960938,1379552,0.0,0.0,ADANIENT.NS,Adani Enterprises Limited,Thermal Coal,Energy,Mr. Gautambhai Shantilal Adani S.Y. B.Com,"Ahmedabad, India",https://www.adanienterprises.com,2308.8,2238.85,2664840298496,77.06275,29.96,0.00059999997,3743.9,2025.0
2015-05-15 00:00:00+05:30,106.37503142631125,2314.95,2213.75,106.47592163085938,1379552,0.0,0.0,ADANIENT.NS,Adani Enterprises Limited,Thermal Coal,Energy,Mr. Gautambhai Shantilal Adani S.Y. B.Com,"Ahmedabad, India",https://www.adanienterprises.com,2308.8,2238.85,2664840298496,77.06275,29.96,0.00059999997,3743.9,2025.0
2015-05-18 00:00:00+05:30,105.95703091515493,2314.95,2213.75,111.61450958251953,1379552,0.0,0.0,ADANIENT.NS,Adani Enterprises Limited,Thermal Coal,Energy,Mr. Gautambhai Shantilal Adani S.Y. B.Com,"Ahmedabad, India",https://www.adanienterprises.com,2308.8,2238.85,2664840298496,77.06275,29.96,0.00059999997,3743.9,2025.0
2015-05-19 00:00:00+05:30,110.84336271265654,2314.95,2213.75,110.99470520019531,1379552,0.0,0.0,ADANIENT.NS,Adani Enterprises Limited,Thermal Coal,Energy,Mr. Gautambhai Shantilal Adani S.Y. B.Com,"Ahmedabad, India",https://www.adanienterprises.com,2308.8,2238.85,2664840298496,77.06275,29.96,0.00059999997,3743.9,2025.0
2015-05-20 00:00:00+05:30,111.70819737017838,2314.95,2213.75,112.49375915527344,1379552,0.0,0.0,ADANIENT.NS,Adani Enterprises Limited,Thermal Coal,Energy,Mr. Gautambhai Shantilal Adani S.Y. B.Com,"Ahmedabad, India",https://www.adanienterprises.com,2308.8,2238.85,2664840298496,77.06275,29.96,0.00059999997,3743.9,2025.0
2015-05-21 00:00:00+05:30,112.81086521675456,2314.95,2213.75,112.49375915527344,1379552,0.0,0.0,ADANIENT.NS,Adani Enterprises Limited,Thermal Coal,Energy,Mr. Gautambhai Shantilal Adani S.Y. B.Com,"Ahmedabad, India",https://www.adanienterprises.com,2308.8,2238.85,2664840298496,77.06275,29.96,0.00059999997,3743.9,2025.0
2015-05-22 00:00:00+05:30,113.27931220854065,2314.95,2213.75,114.55494689941406,1379552,0.0,0.0,ADANIENT.NS,Adani Enterprises Limited,Thermal Coal,Energy,Mr. Gautambhai Shantilal Adani S.Y. B.Com,"Ahmedabad, India",https://www.adanienterprises.com,2308.8,2238.85,2664840298496,77.06275,29.96,0.00059999997,3743.9,2025.0
2015-05-25 00:00:00+05:30,113.87029749570264,2314.95,2213.75,113.33698272705078,1379552,0.0,0.0,ADANIENT.NS,Adani Enterprises Limited,Thermal Coal,Energy,Mr. Gautambhai Shantilal Adani S.Y. B.Com,"Ahmedabad, India",https://www.adanienterprises.com,2308.8,2238.85,2664840298496,77.06275,29.96,0.00059999997,3743.9,2025.0
2015-05-26 00:00:00+05:30,113.84145641162563,2314.95,2213.75,114.37477111816406,1379552,0.0,0.0,ADANIENT.NS,Adani Enterprises Limited,Thermal Coal,Energy,Mr. Gautambhai Shantilal Adani S.Y. B.Com,"Ahmedabad, India",https://www.adanienterprises.com,2308.8,2238.85,2664840298496,77.06275,29.96,0.00059999997,3743.9,2025.0
2015-05-27 00:00:00+05:30,112.6018664952581,2314.95,2213.75,113.94236755371094,1379552,0.0,0.0,ADANIENT.NS,Adani Enterprises Limited,Thermal Coal,Energy,Mr. Gautambhai Shantilal Adani S.Y. B.Com,"Ahmedabad, India",https://www.adanienterprises.com,2308.8,2238.85,2664840298496,77.06275,29.96,0.00059999997,3743.9,2025.0
2015-05-28 00:00:00+05:30,113.72615532513302,2314.95,2213.75,105.87054443359375,1379552,0.0,0.0,ADANIENT.NS,Adani Enterprises Limited,Thermal Coal,Energy,Mr. Gautambhai Shantilal Adani S.Y. B.Com,"Ahmedabad, India",https://www.adanienterprises.com,2308.8,2238.85,2664840298496,77.06275,29.96,0.00059999997,3743.9,2025.0
2015-05-29 00:00:00+05:30,105.7984850869098,2314.95,2213.75,101.80581665039062,1379552,0.0,0.0,ADANIENT.NS,Adani Enterprises Limited,Thermal Coal,Energy,Mr. Gautambhai Shantilal Adani S.Y. B.Com,"Ahmedabad, India",https://www.adanienterprises.com,2308.8,2238.85,2664840298496,77.06275,29.96,0.00059999997,3743.9,2025.0
2015-06-01 00:00:00+05:30,102.19497986809672,2314.95,2213.75,91.2475814819336,1379552,0.0,0.0,ADANIENT.NS,Adani Enterprises Limited,Thermal Coal,Energy,Mr. Gautambhai Shantilal Adani S.Y. B.Com,"Ahmedabad, India",https://www.adanienterprises.com,2308.8,2238.85,2664840298496,77.06275,29.96,0.00059999997,3743.9,2025.0
2015-06-02 00:00:00+05:30,91.96108707712393,2314.95,2213.75,91.81694793701172,1379552,0.0,0.0,ADANIENT.NS,Adani Enterprises Limited,Thermal Coal,Energy,Mr. Gautambhai Shantilal Adani S.Y. B.Com,"Ahmedabad, India",https://www.adanienterprises.com,2308.8,2238.85,2664840298496,77.06275,29.96,0.00059999997,3743.9,2025.0
2015-06-03 00:00:00+05:30,293.7727953348228,2314.95,2213.75,56.238555908203125,1379552,0.0,0.0,ADANIENT.NS,Adani Enterprises Limited,Thermal Coal,Energy,Mr. Gautambhai Shantilal Adani S.Y. B.Com,"Ahmedabad, India",https://www.adanienterprises.com,2308.8,2238.85,2664840298496,77.06275,29.96,0.00059999997,3743.9,2025.0
2015-06-04 00:00:00+05:30,57.39151429611199,2314.95,2213.75,59.723045349121094,1379552,0.0,0.0,ADANIENT.NS,Adani Enterprises Limited,Thermal Coal,Energy,Mr. Gautambhai Shantilal Adani S.Y. B.Com,"Ahmedabad, India",https://www.adanienterprises.com,2308.8,2238.85,2664840298496,77.06275,29.96,0.00059999997,3743.9,2025.0
2015-06-05 00:00:00+05:30,59.95363649999032,2314.95,2213.75,59.05689239501953,1379552,0.0,0.0,ADANIENT.NS,Adani Enterprises Limited,Thermal Coal,Energy,Mr. Gautambhai Shantilal Adani S.Y. B.Com,"Ahmedabad, India",https://www.adanienterprises.com,2308.8,2238.85,2664840298496,77.06275,29.96,0.00059999997,3743.9,2025.0
2015-06-08 00:00:00+05:30,59.77428077118265,2314.95,2213.75,51.11431121826172,1379552,0.0,0.0,ADANIENT.NS,Adani Enterprises Limited,Thermal Coal,Energy,Mr. Gautambhai Shantilal Adani S.Y. B.Com,"Ahmedabad, India",https://www.adanienterprises.com,2308.8,2238.85,2664840298496,77.06275,29.96,0.00059999997,3743.9,2025.0
2015-06-09 00:00:00+05:30,51.57549491747871,2314.95,2213.75,51.37052536010742,1379552,0.0,0.0,ADANIENT.NS,Adani Enterprises Limited,Thermal Coal,Energy,Mr. Gautambhai Shantilal Adani S.Y. B.Com,"Ahmedabad, India",https://www.adanienterprises.com,2308.8,2238.85,2664840298496,77.06275,29.96,0.00059999997,3743.9,2025.0
2015-06-10 00:00:00+05:30,51.49863186035597,2314.95,2213.75,51.54987335205078,1379552,0.0,0.0,ADANIENT.NS,Adani Enterprises Limited,Thermal Coal,Energy,Mr. Gautambhai Shantilal Adani S.Y. B.Com,"Ahmedabad, India",https://www.adanienterprises.com,2308.8,2238.85,2664840298496,77.06275,29.96,0.00059999997,3743.9,2025.0
2015-06-11 00:00:00+05:30,52.11354100598541,2314.95,2213.75,50.16632843017578,1379552,0.0,0.0,ADANIENT.NS,Adani Enterprises Limited,Thermal Coal,Energy,Mr. Gautambhai Shantilal Adani S.Y. B.Com,"Ahmedabad, India",https://www.adanienterprises.com,2308.8,2238.85,2664840298496,77.06275,29.96,0.00059999997,3743.9,2025.0
2015-06-12 00:00:00+05:30,49.70515203256341,2314.95,2213.75,48.14225769042969,1379552,0.0,0.0,ADANIENT.NS,Adani Enterprises Limited,Thermal Coal,Energy,Mr. Gautambhai Shantilal Adani S.Y. B.Com,"Ahmedabad, India",https://www.adanienterprises.com,2308.8,2238.85,2664840298496,77.06275,29.96,0.00059999997,3743.9,2025.0
2015-06-15 00:00:00+05:30,48.14225307830954,2314.95,2213.75,51.4730110168457,1379552,0.0,0.0,ADANIENT.NS,Adani Enterprises Limited,Thermal Coal,Energy,Mr. Gautambhai Shantilal Adani S.Y. B.Com,"Ahmedabad, India",https://www.adanienterprises.com,2308.8,2238.85,2664840298496,77.06275,29.96,0.00059999997,3743.9,2025.0
2015-06-16 00:00:00+05:30,51.4730114657862,2314.95,2213.75,49.6026611328125,1379552,0.0,0.0,ADANIENT.NS,Adani Enterprises Limited,Thermal Coal,Energy,Mr. Gautambhai Shantilal Adani S.Y. B.Com,"Ahmedabad, India",https://www.adanienterprises.com,2308.8,2238.85,2664840298496,77.06275,29.96,0.00059999997,3743.9,2025.0
2015-06-17 00:00:00+05:30,50.166326425127295,2314.95,2213.75,50.85810089111328,1379552,0.0,0.0,ADANIENT.NS,Adani Enterprises Limited,Thermal Coal,Energy,Mr. Gautambhai Shantilal Adani S.Y. B.Com,"Ahmedabad, India",https://www.adanienterprises.com,2308.8,2238.85,2664840298496,77.06275,29.96,0.00059999997,3743.9,2025.0
2015-06-18 00:00:00+05:30,51.31928325139381,2314.95,2213.75,51.063072204589844,1379552,0.0,0.0,ADANIENT.NS,Adani Enterprises Limited,Thermal Coal,Energy,Mr. Gautambhai Shantilal Adani S.Y. B.Com,"Ahmedabad, India",https://www.adanienterprises.com,2308.8,2238.85,2664840298496,77.06275,29.96,0.00059999997,3743.9,2025.0
2015-06-19 00:00:00+05:30,51.06307396282435,2314.95,2213.75,49.653907775878906,1379552,0.0,0.0,ADANIENT.NS,Adani Enterprises Limited,Thermal Coal,Energy,Mr. Gautambhai Shantilal Adani S.Y. B.Com,"Ahmedabad, India",https://www.adanienterprises.com,2308.8,2238.85,2664840298496,77.06275,29.96,0.00059999997,3743.9,2025.0
2015-06-22 00:00:00+05:30,49.935739362258964,2314.95,2213.75,50.140708923339844,1379552,0.0,0.0,ADANIENT.NS,Adani Enterprises Limited,Thermal Coal,Energy,Mr. Gautambhai Shantilal Adani S.Y. B.Com,"Ahmedabad, India",https://www.adanienterprises.com,2308.8,2238.85,2664840298496,77.06275,29.96,0.00059999997,3743.9,2025.0
2015-06-23 00:00:00+05:30,50.21756805589373,2314.95,2213.75,51.42176818847656,1379552,0.0,0.0,ADANIENT.NS,Adani Enterprises Limited,Thermal Coal,Energy,Mr. Gautambhai Shantilal Adani S.Y. B.Com,"Ahmedabad, India",https://www.adanienterprises.com,2308.8,2238.85,2664840298496,77.06275,29.96,0.00059999997,3743.9,2025.0
2015-06-24 00:00:00+05:30,51.26804106832149,2314.95,2213.75,49.78200912475586,1379552,0.0,0.0,ADANIENT.NS,Adani Enterprises Limited,Thermal Coal,Energy,Mr. Gautambhai Shantilal Adani S.Y. B.Com,"Ahmedabad, India",https://www.adanienterprises.com,2308.8,2238.85,2664840298496,77.06275,29.96,0.00059999997,3743.9,2025.0
2015-06-25 00:00:00+05:30,48.42409133911133,2314.95,2213.75,48.42409133911133,1379552,0.0,0.0,ADANIENT.NS,Adani Enterprises Limited,Thermal Coal,Energy,Mr. Gautambhai Shantilal Adani S.Y. B.Com,"Ahmedabad, India",https://www.adanienterprises.com,2308.8,2238.85,2664840298496,77.06275,29.96,0.00059999997,3743.9,2025.0
2015-06-26 00:00:00+05:30,48.52657017777325,2314.95,2213.75,48.34722137451172,1379552,0.0,0.0,ADANIENT.NS,Adani Enterprises Limited,Thermal Coal,Energy,Mr. Gautambhai Shantilal Adani S.Y. B.Com,"Ahmedabad, India",https://www.adanienterprises.com,2308.8,2238.85,2664840298496,77.06275,29.96,0.00059999997,3743.9,2025.0
2015-06-29 00:00:00+05:30,47.604205415966476,2314.95,2213.75,46.8099479675293,1379552,0.0,0.0,ADANIENT.NS,Adani Enterprises Limited,Thermal Coal,Energy,Mr. Gautambhai Shantilal Adani S.Y. B.Com,"Ahmedabad, India",https://www.adanienterprises.com,2308.8,2238.85,2664840298496,77.06275,29.96,0.00059999997,3743.9,2025.0
2015-06-30 00:00:00+05:30,46.502503770330215,2314.95,2213.75,46.55374526977539,1379552,0.0,0.0,ADANIENT.NS,Adani Enterprises Limited,Thermal Coal,Energy,Mr. Gautambhai Shantilal Adani S.Y. B.Com,"Ahmedabad, India",https://www.adanienterprises.com,2308.8,2238.85,2664840298496,77.06275,29.96,0.00059999997,3743.9,2025.0
2015-07-01 00:00:00+05:30,46.78432764774598,2314.95,2213.75,46.96367645263672,1379552,0.0,0.0,ADANIENT.NS,Adani Enterprises Limited,Thermal Coal,Energy,Mr. Gautambhai Shantilal Adani S.Y. B.Com,"Ahmedabad, India",https://www.adanienterprises.com,2308.8,2238.85,2664840298496,77.06275,29.96,0.00059999997,3743.9,2025.0
2015-07-02 00:00:00+05:30,47.39924098698155,2314.95,2213.75,46.784332275390625,1379552,0.0,0.0,ADANIENT.NS,Adani Enterprises Limited,Thermal Coal,Energy,Mr. Gautambhai Shantilal Adani S.Y. B.Com,"Ahmedabad, India",https://www.adanienterprises.com,2308.8,2238.85,2664840298496,77.06275,29.96,0.00059999997,3743.9,2025.0
2015-07-03 00:00:00+05:30,46.93805225734197,2314.95,2213.75,46.63059616088867,1379552,0.0,0.0,ADANIENT.NS,Adani Enterprises Limited,Thermal Coal,Energy,Mr. Gautambhai Shantilal Adani S.Y. B.Com,"Ahmedabad, India",https://www.adanienterprises.com,2308.8,2238.85,2664840298496,77.06275,29.96,0.00059999997,3743.9,2025.0
2015-07-06 00:00:00+05:30,46.11818403187936,2314.95,2213.75,46.50250244140625,1379552,0.0,0.0,ADANIENT.NS,Adani Enterprises Limited,Thermal Coal,Energy,Mr. Gautambhai Shantilal Adani S.Y. B.Com,"Ahmedabad, India",https://www.adanienterprises.com,2308.8,2238.85,2664840298496,77.06275,29.96,0.00059999997,3743.9,2025.0
2015-07-07 00:00:00+05:30,46.83556710148598,2314.95,2213.75,47.168643951416016,1379552,0.0,0.0,ADANIENT.NS,Adani Enterprises Limited,Thermal Coal,Energy,Mr. Gautambhai Shantilal Adani S.Y. B.Com,"Ahmedabad, India",https://www.adanienterprises.com,2308.8,2238.85,2664840298496,77.06275,29.96,0.00059999997,3743.9,2025.0
2015-07-08 00:00:00+05:30,46.78433126100644,2314.95,2213.75,45.83634567260742,1379552,0.0,0.0,ADANIENT.NS,Adani Enterprises Limited,Thermal Coal,Energy,Mr. Gautambhai Shantilal Adani S.Y. B.Com,"Ahmedabad, India",https://www.adanienterprises.com,2308.8,2238.85,2664840298496,77.06275,29.96,0.00059999997,3743.9,2025.0
2015-07-09 00:00:00+05:30,46.118177950618254,2314.95,2213.75,45.58013153076172,1379552,0.0,0.0,ADANIENT.NS,Adani Enterprises Limited,Thermal Coal,Energy,Mr. Gautambhai Shantilal Adani S.Y. B.Com,"Ahmedabad, India",https://www.adanienterprises.com,2308.8,2238.85,2664840298496,77.06275,29.96,0.00059999997,3743.9,2025.0
2015-07-10 00:00:00+05:30,45.8107176327193,2314.95,2213.75,45.913204193115234,1379552,0.0,0.0,ADANIENT.NS,Adani Enterprises Limited,Thermal Coal,Energy,Mr. Gautambhai Shantilal Adani S.Y. B.Com,"Ahmedabad, India",https://www.adanienterprises.com,2308.8,2238.85,2664840298496,77.06275,29.96,0.00059999997,3743.9,2025.0
2015-07-13 00:00:00+05:30,46.11818248529879,2314.95,2213.75,46.451255798339844,1379552,0.0,0.0,ADANIENT.NS,Adani Enterprises Limited,Thermal Coal,Energy,Mr. Gautambhai Shantilal Adani S.Y. B.Com,"Ahmedabad, India",https://www.adanienterprises.com,2308.8,2238.85,2664840298496,77.06275,29.96,0.00059999997,3743.9,2025.0
2015-07-14 00:00:00+05:30,46.6818459483928,2314.95,2213.75,45.810726165771484,1379552,0.0,0.0,ADANIENT.NS,Adani Enterprises Limited,Thermal Coal,Energy,Mr. Gautambhai Shantilal Adani S.Y. B.Com,"Ahmedabad, India",https://www.adanienterprises.com,2308.8,2238.85,2664840298496,77.06275,29.96,0.00059999997,3743.9,2025.0
2015-07-15 00:00:00+05:30,45.861967250461966,2314.95,2213.75,45.65699768066406,1379552,0.0,0.0,ADANIENT.NS,Adani Enterprises Limited,Thermal Coal,Energy,Mr. Gautambhai Shantilal Adani S.Y. B.Com,"Ahmedabad, India",https://www.adanienterprises.com,2308.8,2238.85,2664840298496,77.06275,29.96,0.00059999997,3743.9,2025.0
2015-07-16 00:00:00+05:30,45.99007707969543,2314.95,2213.75,45.60575866699219,1379552,0.0,0.0,ADANIENT.NS,Adani Enterprises Limited,Thermal Coal,Energy,Mr. Gautambhai Shantilal Adani S.Y. B.Com,"Ahmedabad, India",https://www.adanienterprises.com,2308.8,2238.85,2664840298496,77.06275,29.96,0.00059999997,3743.9,2025.0
2015-07-17 00:00:00+05:30,45.8619641427795,2314.95,2213.75,45.40078353881836,1379552,0.0,0.0,ADANIENT.NS,Adani Enterprises Limited,Thermal Coal,Energy,Mr. Gautambhai Shantilal Adani S.Y. B.Com,"Ahmedabad, India",https://www.adanienterprises.com,2308.8,2238.85,2664840298496,77.06275,29.96,0.00059999997,3743.9,2025.0
2015-07-20 00:00:00+05:30,45.58013683773396,2314.95,2213.75,45.06771469116211,1379552,0.0,0.0,ADANIENT.NS,Adani Enterprises Limited,Thermal Coal,Energy,Mr. Gautambhai Shantilal Adani S.Y. B.Com,"Ahmedabad, India",https://www.adanienterprises.com,2308.8,2238.85,2664840298496,77.06275,29.96,0.00059999997,3743.9,2025.0
2015-07-21 00:00:00+05:30,45.09332601643035,2314.95,2213.75,43.40232467651367,1379552,0.0,0.0,ADANIENT.NS,Adani Enterprises Limited,Thermal Coal,Energy,Mr. Gautambhai Shantilal Adani S.Y. B.Com,"Ahmedabad, India",https://www.adanienterprises.com,2308.8,2238.85,2664840298496,77.06275,29.96,0.00059999997,3743.9,2025.0
2015-07-22 00:00:00+05:30,43.22297219913437,2314.95,2213.75,43.479183197021484,1379552,0.0,0.0,ADANIENT.NS,Adani Enterprises Limited,Thermal Coal,Energy,Mr. Gautambhai Shantilal Adani S.Y. B.Com,"Ahmedabad, India",https://www.adanienterprises.com,2308.8,2238.85,2664840298496,77.06275,29.96,0.00059999997,3743.9,2025.0
2015-07-23 00:00:00+05:30,43.78665060379891,2314.95,2213.75,43.325469970703125,1379552,0.0,0.0,ADANIENT.NS,Adani Enterprises Limited,Thermal Coal,Energy,Mr. Gautambhai Shantilal Adani S.Y. B.Com,"Ahmedabad, India",https://www.adanienterprises.com,2308.8,2238.85,2664840298496,77.06275,29.96,0.00059999997,3743.9,2025.0
2015-07-24 00:00:00+05:30,43.29984153675314,2314.95,2213.75,43.73540496826172,1379552,0.0,0.0,ADANIENT.NS,Adani Enterprises Limited,Thermal Coal,Energy,Mr. Gautambhai Shantilal Adani S.Y. B.Com,"Ahmedabad, India",https://www.adanienterprises.com,2308.8,2238.85,2664840298496,77.06275,29.96,0.00059999997,3743.9,2025.0
2015-07-27 00:00:00+05:30,43.55606122084236,2314.95,2213.75,41.531986236572266,1379552,0.0,0.0,ADANIENT.NS,Adani Enterprises Limited,Thermal Coal,Energy,Mr. Gautambhai Shantilal Adani S.Y. B.Com,"Ahmedabad, India",https://www.adanienterprises.com,2308.8,2238.85,2664840298496,77.06275,29.96,0.00059999997,3743.9,2025.0
2015-07-28 00:00:00+05:30,41.81381587255563,2314.95,2213.75,41.17328643798828,1379552,0.0,0.0,ADANIENT.NS,Adani Enterprises Limited,Thermal Coal,Energy,Mr. Gautambhai Shantilal Adani S.Y. B.Com,"Ahmedabad, India",https://www.adanienterprises.com,2308.8,2238.85,2664840298496,77.06275,29.96,0.00059999997,3743.9,2025.0
2015-07-29 00:00:00+05:30,41.4038694958101,2314.95,2213.75,41.89067077636719,1379552,0.0,0.0,ADANIENT.NS,Adani Enterprises Limited,Thermal Coal,Energy,Mr. Gautambhai Shantilal Adani S.Y. B.Com,"Ahmedabad, India",https://www.adanienterprises.com,2308.8,2238.85,2664840298496,77.06275,29.96,0.00059999997,3743.9,2025.0
2015-07-30 00:00:00+05:30,42.04440720244504,2314.95,2213.75,45.42640686035156,1379552,0.0,0.0,ADANIENT.NS,Adani Enterprises Limited,Thermal Coal,Energy,Mr. Gautambhai Shantilal Adani S.Y. B.Com,"Ahmedabad, India",https://www.adanienterprises.com,2308.8,2238.85,2664840298496,77.06275,29.96,0.00059999997,3743.9,2025.0
2015-07-31 00:00:00+05:30,46.43924452633882,2314.95,2213.75,45.99068069458008,1379552,1.4,0.0,ADANIENT.NS,Adani Enterprises Limited,Thermal Coal,Energy,Mr. Gautambhai Shantilal Adani S.Y. B.Com,"Ahmedabad, India",https://www.adanienterprises.com,2308.8,2238.85,2664840298496,77.06275,29.96,0.00059999997,3743.9,2025.0
2015-08-03 00:00:00+05:30,46.333694625583895,2314.95,2213.75,44.75053787231445,1379552,0.0,0.0,ADANIENT.NS,Adani Enterprises Limited,Thermal Coal,Energy,Mr. Gautambhai Shantilal Adani S.Y. B.Com,"Ahmedabad, India",https://www.adanienterprises.com,2308.8,2238.85,2664840298496,77.06275,29.96,0.00059999997,3743.9,2025.0
2015-08-04 00:00:00+05:30,45.06717295041459,2314.95,2213.75,49.84302520751953,1379552,0.0,0.0,ADANIENT.NS,Adani Enterprises Limited,Thermal Coal,Energy,Mr. Gautambhai Shantilal Adani S.Y. B.Com,"Ahmedabad, India",https://www.adanienterprises.com,2308.8,2238.85,2664840298496,77.06275,29.96,0.00059999997,3743.9,2025.0
2015-08-05 00:00:00+05:30,50.71376809900028,2314.95,2213.75,52.19137954711914,1379552,0.0,0.0,ADANIENT.NS,Adani Enterprises Limited,Thermal Coal,Energy,Mr. Gautambhai Shantilal Adani S.Y. B.Com,"Ahmedabad, India",https://www.adanienterprises.com,2308.8,2238.85,2664840298496,77.06275,29.96,0.00059999997,3743.9,2025.0
2015-08-06 00:00:00+05:30,51.452563673292666,2314.95,2213.75,50.212425231933594,1379552,0.0,0.0,ADANIENT.NS,Adani Enterprises Limited,Thermal Coal,Energy,Mr. Gautambhai Shantilal Adani S.Y. B.Com,"Ahmedabad, India",https://www.adanienterprises.com,2308.8,2238.85,2664840298496,77.06275,29.96,0.00059999997,3743.9,2025.0
2015-08-07 00:00:00+05:30,49.790258715318956,2314.95,2213.75,47.65299606323242,1379552,0.0,0.0,ADANIENT.NS,Adani Enterprises Limited,Thermal Coal,Energy,Mr. Gautambhai Shantilal Adani S.Y. B.Com,"Ahmedabad, India",https://www.adanienterprises.com,2308.8,2238.85,2664840298496,77.06275,29.96,0.00059999997,3743.9,2025.0
2015-08-10 00:00:00+05:30,48.28625453721333,2314.95,2213.75,48.15432357788086,1379552,0.0,0.0,ADANIENT.NS,Adani Enterprises Limited,Thermal Coal,Energy,Mr. Gautambhai Shantilal Adani S.Y. B.Com,"Ahmedabad, India",https://www.adanienterprises.com,2308.8,2238.85,2664840298496,77.06275,29.96,0.00059999997,3743.9,2025.0
2015-08-11 00:00:00+05:30,48.89313936587507,2314.95,2213.75,48.787593841552734,1379552,0.0,0.0,ADANIENT.NS,Adani Enterprises Limited,Thermal Coal,Energy,Mr. Gautambhai Shantilal Adani S.Y. B.Com,"Ahmedabad, India",https://www.adanienterprises.com,2308.8,2238.85,2664840298496,77.06275,29.96,0.00059999997,3743.9,2025.0
2015-08-12 00:00:00+05:30,49.07784110110824,2314.95,2213.75,46.57117462158203,1379552,0.0,0.0,ADANIENT.NS,Adani Enterprises Limited,Thermal Coal,Energy,Mr. Gautambhai Shantilal Adani S.Y. B.Com,"Ahmedabad, India",https://www.adanienterprises.com,2308.8,2238.85,2664840298496,77.06275,29.96,0.00059999997,3743.9,2025.0
2015-08-13 00:00:00+05:30,47.30998352329332,2314.95,2213.75,45.38380813598633,1379552,0.0,0.0,ADANIENT.NS,Adani Enterprises Limited,Thermal Coal,Energy,Mr. Gautambhai Shantilal Adani S.Y. B.Com,"Ahmedabad, India",https://www.adanienterprises.com,2308.8,2238.85,2664840298496,77.06275,29.96,0.00059999997,3743.9,2025.0
2015-08-14 00:00:00+05:30,45.80597678669379,2314.95,2213.75,46.782257080078125,1379552,0.0,0.0,ADANIENT.NS,Adani Enterprises Limited,Thermal Coal,Energy,Mr. Gautambhai Shantilal Adani S.Y. B.Com,"Ahmedabad, India",https://www.adanienterprises.com,2308.8,2238.85,2664840298496,77.06275,29.96,0.00059999997,3743.9,2025.0
2015-08-17 00:00:00+05:30,47.12527375272609,2314.95,2213.75,46.72948455810547,1379552,0.0,0.0,ADANIENT.NS,Adani Enterprises Limited,Thermal Coal,Energy,Mr. Gautambhai Shantilal Adani S.Y. B.Com,"Ahmedabad, India",https://www.adanienterprises.com,2308.8,2238.85,2664840298496,77.06275,29.96,0.00059999997,3743.9,2025.0
2015-08-18 00:00:00+05:30,46.99334177800082,2314.95,2213.75,45.59489059448242,1379552,0.0,0.0,ADANIENT.NS,Adani Enterprises Limited,Thermal Coal,Energy,Mr. Gautambhai Shantilal Adani S.Y. B.Com,"Ahmedabad, India",https://www.adanienterprises.com,2308.8,2238.85,2664840298496,77.06275,29.96,0.00059999997,3743.9,2025.0
2015-08-19 00:00:00+05:30,45.59489595591586,2314.95,2213.75,45.278263092041016,1379552,0.0,0.0,ADANIENT.NS,Adani Enterprises Limited,Thermal Coal,Energy,Mr. Gautambhai Shantilal Adani S.Y. B.Com,"Ahmedabad, India",https://www.adanienterprises.com,2308.8,2238.85,2664840298496,77.06275,29.96,0.00059999997,3743.9,2025.0
2015-08-20 00:00:00+05:30,45.70044099545058,2314.95,2213.75,43.90619659423828,1379552,0.0,0.0,ADANIENT.NS,Adani Enterprises Limited,Thermal Coal,Energy,Mr. Gautambhai Shantilal Adani S.Y. B.Com,"Ahmedabad, India",https://www.adanienterprises.com,2308.8,2238.85,2664840298496,77.06275,29.96,0.00059999997,3743.9,2025.0
2015-08-21 00:00:00+05:30,43.5895684582489,2314.95,2213.75,43.325706481933594,1379552,0.0,0.0,ADANIENT.NS,Adani Enterprises Limited,Thermal Coal,Energy,Mr. Gautambhai Shantilal Adani S.Y. B.Com,"Ahmedabad, India",https://www.adanienterprises.com,2308.8,2238.85,2664840298496,77.06275,29.96,0.00059999997,3743.9,2025.0
2015-08-24 00:00:00+05:30,42.21749404718372,2314.95,2213.75,37.65272521972656,1379552,0.0,0.0,ADANIENT.NS,Adani Enterprises Limited,Thermal Coal,Energy,Mr. Gautambhai Shantilal Adani S.Y. B.Com,"Ahmedabad, India",https://www.adanienterprises.com,2308.8,2238.85,2664840298496,77.06275,29.96,0.00059999997,3743.9,2025.0
2015-08-25 00:00:00+05:30,40.10662540053693,2314.95,2213.75,38.28599548339844,1379552,0.0,0.0,ADANIENT.NS,Adani Enterprises Limited,Thermal Coal,Energy,Mr. Gautambhai Shantilal Adani S.Y. B.Com,"Ahmedabad, India",https://www.adanienterprises.com,2308.8,2238.85,2664840298496,77.06275,29.96,0.00059999997,3743.9,2025.0
2015-08-26 00:00:00+05:30,38.391532016229625,2314.95,2213.75,37.99574279785156,1379552,0.0,0.0,ADANIENT.NS,Adani Enterprises Limited,Thermal Coal,Energy,Mr. Gautambhai Shantilal Adani S.Y. B.Com,"Ahmedabad, India",https://www.adanienterprises.com,2308.8,2238.85,2664840298496,77.06275,29.96,0.00059999997,3743.9,2025.0
2015-08-27 00:00:00+05:30,38.523468495908276,2314.95,2213.75,42.11195373535156,1379552,0.0,0.0,ADANIENT.NS,Adani Enterprises Limited,Thermal Coal,Energy,Mr. Gautambhai Shantilal Adani S.Y. B.Com,"Ahmedabad, India",https://www.adanienterprises.com,2308.8,2238.85,2664840298496,77.06275,29.96,0.00059999997,3743.9,2025.0
2015-08-28 00:00:00+05:30,42.850755050037044,2314.95,2213.75,40.68710708618164,1379552,0.0,0.0,ADANIENT.NS,Adani Enterprises Limited,Thermal Coal,Energy,Mr. Gautambhai Shantilal Adani S.Y. B.Com,"Ahmedabad, India",https://www.adanienterprises.com,2308.8,2238.85,2664840298496,77.06275,29.96,0.00059999997,3743.9,2025.0
2015-08-31 00:00:00+05:30,40.84542981429728,2314.95,2213.75,39.65806198120117,1379552,0.0,0.0,ADANIENT.NS,Adani Enterprises Limited,Thermal Coal,Energy,Mr. Gautambhai Shantilal Adani S.Y. B.Com,"Ahmedabad, India",https://www.adanienterprises.com,2308.8,2238.85,2664840298496,77.06275,29.96,0.00059999997,3743.9,2025.0
2015-09-01 00:00:00+05:30,39.05117948205737,2314.95,2213.75,37.99574279785156,1379552,0.0,0.0,ADANIENT.NS,Adani Enterprises Limited,Thermal Coal,Energy,Mr. Gautambhai Shantilal Adani S.Y. B.Com,"Ahmedabad, India",https://www.adanienterprises.com,2308.8,2238.85,2664840298496,77.06275,29.96,0.00059999997,3743.9,2025.0
2015-09-02 00:00:00+05:30,38.62899998342469,2314.95,2213.75,37.59994888305664,1379552,0.0,0.0,ADANIENT.NS,Adani Enterprises Limited,Thermal Coal,Energy,Mr. Gautambhai Shantilal Adani S.Y. B.Com,"Ahmedabad, India",https://www.adanienterprises.com,2308.8,2238.85,2664840298496,77.06275,29.96,0.00059999997,3743.9,2025.0
2015-09-03 00:00:00+05:30,37.99574399692063,2314.95,2213.75,38.52346420288086,1379552,0.0,0.0,ADANIENT.NS,Adani Enterprises Limited,Thermal Coal,Energy,Mr. Gautambhai Shantilal Adani S.Y. B.Com,"Ahmedabad, India",https://www.adanienterprises.com,2308.8,2238.85,2664840298496,77.06275,29.96,0.00059999997,3743.9,2025.0
2015-09-04 00:00:00+05:30,38.391527330211666,2314.95,2213.75,36.62367248535156,1379552,0.0,0.0,ADANIENT.NS,Adani Enterprises Limited,Thermal Coal,Energy,Mr. Gautambhai Shantilal Adani S.Y. B.Com,"Ahmedabad, India",https://www.adanienterprises.com,2308.8,2238.85,2664840298496,77.06275,29.96,0.00059999997,3743.9,2025.0
2015-09-07 00:00:00+05:30,36.808382134033494,2314.95,2213.75,35.515472412109375,1379552,0.0,0.0,ADANIENT.NS,Adani Enterprises Limited,Thermal Coal,Energy,Mr. Gautambhai Shantilal Adani S.Y. B.Com,"Ahmedabad, India",https://www.adanienterprises.com,2308.8,2238.85,2664840298496,77.06275,29.96,0.00059999997,3743.9,2025.0
2015-09-08 00:00:00+05:30,35.88487515389963,2314.95,2213.75,36.09596252441406,1379552,0.0,0.0,ADANIENT.NS,Adani Enterprises Limited,Thermal Coal,Energy,Mr. Gautambhai Shantilal Adani S.Y. B.Com,"Ahmedabad, India",https://www.adanienterprises.com,2308.8,2238.85,2664840298496,77.06275,29.96,0.00059999997,3743.9,2025.0
2015-09-09 00:00:00+05:30,36.80837637591716,2314.95,2213.75,37.17778015136719,1379552,0.0,0.0,ADANIENT.NS,Adani Enterprises Limited,Thermal Coal,Energy,Mr. Gautambhai Shantilal Adani S.Y. B.Com,"Ahmedabad, India",https://www.adanienterprises.com,2308.8,2238.85,2664840298496,77.06275,29.96,0.00059999997,3743.9,2025.0
2015-09-10 00:00:00+05:30,36.808376101980954,2314.95,2213.75,36.676448822021484,1379552,0.0,0.0,ADANIENT.NS,Adani Enterprises Limited,Thermal Coal,Energy,Mr. Gautambhai Shantilal Adani S.Y. B.Com,"Ahmedabad, India",https://www.adanienterprises.com,2308.8,2238.85,2664840298496,77.06275,29.96,0.00059999997,3743.9,2025.0
2015-09-11 00:00:00+05:30,37.07223255958751,2314.95,2213.75,36.62367248535156,1379552,0.0,0.0,ADANIENT.NS,Adani Enterprises Limited,Thermal Coal,Energy,Mr. Gautambhai Shantilal Adani S.Y. B.Com,"Ahmedabad, India",https://www.adanienterprises.com,2308.8,2238.85,2664840298496,77.06275,29.96,0.00059999997,3743.9,2025.0
2015-09-14 00:00:00+05:30,37.41525153241452,2314.95,2213.75,40.68710708618164,1379552,0.0,0.0,ADANIENT.NS,Adani Enterprises Limited,Thermal Coal,Energy,Mr. Gautambhai Shantilal Adani S.Y. B.Com,"Ahmedabad, India",https://www.adanienterprises.com,2308.8,2238.85,2664840298496,77.06275,29.96,0.00059999997,3743.9,2025.0
2015-09-15 00:00:00+05:30,39.73721316869792,2314.95,2213.75,38.76093292236328,1379552,0.0,0.0,ADANIENT.NS,Adani Enterprises Limited,Thermal Coal,Energy,Mr. Gautambhai Shantilal Adani S.Y. B.Com,"Ahmedabad, India",https://www.adanienterprises.com,2308.8,2238.85,2664840298496,77.06275,29.96,0.00059999997,3743.9,2025.0
2015-09-16 00:00:00+05:30,39.36781391497436,2314.95,2213.75,39.39419937133789,1379552,0.0,0.0,ADANIENT.NS,Adani Enterprises Limited,Thermal Coal,Energy,Mr. Gautambhai Shantilal Adani S.Y. B.Com,"Ahmedabad, India",https://www.adanienterprises.com,2308.8,2238.85,2664840298496,77.06275,29.96,0.00059999997,3743.9,2025.0
2015-09-18 00:00:00+05:30,39.76359653019539,2314.95,2213.75,41.13566589355469,1379552,0.0,0.0,ADANIENT.NS,Adani Enterprises Limited,Thermal Coal,Energy,Mr. Gautambhai Shantilal Adani S.Y. B.Com,"Ahmedabad, India",https://www.adanienterprises.com,2308.8,2238.85,2664840298496,77.06275,29.96,0.00059999997,3743.9,2025.0
2015-09-21 00:00:00+05:30,40.528803225088154,2314.95,2213.75,42.824378967285156,1379552,0.0,0.0,ADANIENT.NS,Adani Enterprises Limited,Thermal Coal,Energy,Mr. Gautambhai Shantilal Adani S.Y. B.Com,"Ahmedabad, India",https://www.adanienterprises.com,2308.8,2238.85,2664840298496,77.06275,29.96,0.00059999997,3743.9,2025.0
2015-09-22 00:00:00+05:30,43.114611778768996,2314.95,2213.75,41.37314224243164,1379552,0.0,0.0,ADANIENT.NS,Adani Enterprises Limited,Thermal Coal,Energy,Mr. Gautambhai Shantilal Adani S.Y. B.Com,"Ahmedabad, India",https://www.adanienterprises.com,2308.8,2238.85,2664840298496,77.06275,29.96,0.00059999997,3743.9,2025.0
2015-09-23 00:00:00+05:30,40.13301059214776,2314.95,2213.75,42.217498779296875,1379552,0.0,0.0,ADANIENT.NS,Adani Enterprises Limited,Thermal Coal,Energy,Mr. Gautambhai Shantilal Adani S.Y. B.Com,"Ahmedabad, India",https://www.adanienterprises.com,2308.8,2238.85,2664840298496,77.06275,29.96,0.00059999997,3743.9,2025.0
2015-09-24 00:00:00+05:30,42.21748849265211,2314.95,2213.75,42.37580490112305,1379552,0.0,0.0,ADANIENT.NS,Adani Enterprises Limited,Thermal Coal,Energy,Mr. Gautambhai Shantilal Adani S.Y. B.Com,"Ahmedabad, India",https://www.adanienterprises.com,2308.8,2238.85,2664840298496,77.06275,29.96,0.00059999997,3743.9,2025.0
2015-09-28 00:00:00+05:30,42.74520958908663,2314.95,2213.75,42.40219497680664,1379552,0.0,0.0,ADANIENT.NS,Adani Enterprises Limited,Thermal Coal,Energy,Mr. Gautambhai Shantilal Adani S.Y. B.Com,"Ahmedabad, India",https://www.adanienterprises.com,2308.8,2238.85,2664840298496,77.06275,29.96,0.00059999997,3743.9,2025.0
2015-09-29 00:00:00+05:30,41.45229789368378,2314.95,2213.75,41.71615982055664,1379552,0.0,0.0,ADANIENT.NS,Adani Enterprises Limited,Thermal Coal,Energy,Mr. Gautambhai Shantilal Adani S.Y. B.Com,"Ahmedabad, India",https://www.adanienterprises.com,2308.8,2238.85,2664840298496,77.06275,29.96,0.00059999997,3743.9,2025.0
2015-09-30 00:00:00+05:30,42.217497413226866,2314.95,2213.75,42.66605758666992,1379552,0.0,0.0,ADANIENT.NS,Adani Enterprises Limited,Thermal Coal,Energy,Mr. Gautambhai Shantilal Adani S.Y. B.Com,"Ahmedabad, India",https://www.adanienterprises.com,2308.8,2238.85,2664840298496,77.06275,29.96,0.00059999997,3743.9,2025.0
2015-10-01 00:00:00+05:30,43.114612750912045,2314.95,2213.75,42.50773620605469,1379552,0.0,0.0,ADANIENT.NS,Adani Enterprises Limited,Thermal Coal,Energy,Mr. Gautambhai Shantilal Adani S.Y. B.Com,"Ahmedabad, India",https://www.adanienterprises.com,2308.8,2238.85,2664840298496,77.06275,29.96,0.00059999997,3743.9,2025.0
2015-10-05 00:00:00+05:30,42.903522939019204,2314.95,2213.75,43.40485763549805,1379552,0.0,0.0,ADANIENT.NS,Adani Enterprises Limited,Thermal Coal,Energy,Mr. Gautambhai Shantilal Adani S.Y. B.Com,"Ahmedabad, India",https://www.adanienterprises.com,2308.8,2238.85,2664840298496,77.06275,29.96,0.00059999997,3743.9,2025.0
2015-10-06 00:00:00+05:30,43.80065135106665,2314.95,2213.75,44.407527923583984,1379552,0.0,0.0,ADANIENT.NS,Adani Enterprises Limited,Thermal Coal,Energy,Mr. Gautambhai Shantilal Adani S.Y. B.Com,"Ahmedabad, India",https://www.adanienterprises.com,2308.8,2238.85,2664840298496,77.06275,29.96,0.00059999997,3743.9,2025.0
2015-10-07 00:00:00+05:30,44.61860380822348,2314.95,2213.75,44.77691650390625,1379552,0.0,0.0,ADANIENT.NS,Adani Enterprises Limited,Thermal Coal,Energy,Mr. Gautambhai Shantilal Adani S.Y. B.Com,"Ahmedabad, India",https://www.adanienterprises.com,2308.8,2238.85,2664840298496,77.06275,29.96,0.00059999997,3743.9,2025.0
2015-10-08 00:00:00+05:30,45.01440449610133,2314.95,2213.75,44.407527923583984,1379552,0.0,0.0,ADANIENT.NS,Adani Enterprises Limited,Thermal Coal,Energy,Mr. Gautambhai Shantilal Adani S.Y. B.Com,"Ahmedabad, India",https://www.adanienterprises.com,2308.8,2238.85,2664840298496,77.06275,29.96,0.00059999997,3743.9,2025.0
2015-10-09 00:00:00+05:30,44.856084683571,2314.95,2213.75,44.301979064941406,1379552,0.0,0.0,ADANIENT.NS,Adani Enterprises Limited,Thermal Coal,Energy,Mr. Gautambhai Shantilal Adani S.Y. B.Com,"Ahmedabad, India",https://www.adanienterprises.com,2308.8,2238.85,2664840298496,77.06275,29.96,0.00059999997,3743.9,2025.0
2015-10-12 00:00:00+05:30,44.565842107775374,2314.95,2213.75,45.436580657958984,1379552,0.0,0.0,ADANIENT.NS,Adani Enterprises Limited,Thermal Coal,Energy,Mr. Gautambhai Shantilal Adani S.Y. B.Com,"Ahmedabad, India",https://www.adanienterprises.com,2308.8,2238.85,2664840298496,77.06275,29.96,0.00059999997,3743.9,2025.0
2015-10-13 00:00:00+05:30,45.38380018260715,2314.95,2213.75,44.882469177246094,1379552,0.0,0.0,ADANIENT.NS,Adani Enterprises Limited,Thermal Coal,Energy,Mr. Gautambhai Shantilal Adani S.Y. B.Com,"Ahmedabad, India",https://www.adanienterprises.com,2308.8,2238.85,2664840298496,77.06275,29.96,0.00059999997,3743.9,2025.0
2015-10-14 00:00:00+05:30,44.829697926621996,2314.95,2213.75,44.75053787231445,1379552,0.0,0.0,ADANIENT.NS,Adani Enterprises Limited,Thermal Coal,Energy,Mr. Gautambhai Shantilal Adani S.Y. B.Com,"Ahmedabad, India",https://www.adanienterprises.com,2308.8,2238.85,2664840298496,77.06275,29.96,0.00059999997,3743.9,2025.0
2015-10-15 00:00:00+05:30,45.09356484989236,2314.95,2213.75,51.056785583496094,1379552,0.0,0.0,ADANIENT.NS,Adani Enterprises Limited,Thermal Coal,Energy,Mr. Gautambhai Shantilal Adani S.Y. B.Com,"Ahmedabad, India",https://www.adanienterprises.com,2308.8,2238.85,2664840298496,77.06275,29.96,0.00059999997,3743.9,2025.0
2015-10-16 00:00:00+05:30,51.71642625382032,2314.95,2213.75,50.71376419067383,1379552,0.0,0.0,ADANIENT.NS,Adani Enterprises Limited,Thermal Coal,Energy,Mr. Gautambhai Shantilal Adani S.Y. B.Com,"Ahmedabad, India",https://www.adanienterprises.com,2308.8,2238.85,2664840298496,77.06275,29.96,0.00059999997,3743.9,2025.0
2015-10-19 00:00:00+05:30,50.39713864479756,2314.95,2213.75,49.4736328125,1379552,0.0,0.0,ADANIENT.NS,Adani Enterprises Limited,Thermal Coal,Energy,Mr. Gautambhai Shantilal Adani S.Y. B.Com,"Ahmedabad, India",https://www.adanienterprises.com,2308.8,2238.85,2664840298496,77.06275,29.96,0.00059999997,3743.9,2025.0
2015-10-20 00:00:00+05:30,49.60554748755552,2314.95,2213.75,50.66098403930664,1379552,0.0,0.0,ADANIENT.NS,Adani Enterprises Limited,Thermal Coal,Energy,Mr. Gautambhai Shantilal Adani S.Y. B.Com,"Ahmedabad, India",https://www.adanienterprises.com,2308.8,2238.85,2664840298496,77.06275,29.96,0.00059999997,3743.9,2025.0
2015-10-21 00:00:00+05:30,50.6609881643669,2314.95,2213.75,49.447235107421875,1379552,0.0,0.0,ADANIENT.NS,Adani Enterprises Limited,Thermal Coal,Energy,Mr. Gautambhai Shantilal Adani S.Y. B.Com,"Ahmedabad, India",https://www.adanienterprises.com,2308.8,2238.85,2664840298496,77.06275,29.96,0.00059999997,3743.9,2025.0
2015-10-23 00:00:00+05:30,49.86941925270912,2314.95,2213.75,49.63194274902344,1379552,0.0,0.0,ADANIENT.NS,Adani Enterprises Limited,Thermal Coal,Energy,Mr. Gautambhai Shantilal Adani S.Y. B.Com,"Ahmedabad, India",https://www.adanienterprises.com,2308.8,2238.85,2664840298496,77.06275,29.96,0.00059999997,3743.9,2025.0
2015-10-26 00:00:00+05:30,49.71109770592049,2314.95,2213.75,48.365413665771484,1379552,0.0,0.0,ADANIENT.NS,Adani Enterprises Limited,Thermal Coal,Energy,Mr. Gautambhai Shantilal Adani S.Y. B.Com,"Ahmedabad, India",https://www.adanienterprises.com,2308.8,2238.85,2664840298496,77.06275,29.96,0.00059999997,3743.9,2025.0
2015-10-27 00:00:00+05:30,48.12794328455707,2314.95,2213.75,48.44457244873047,1379552,0.0,0.0,ADANIENT.NS,Adani Enterprises Limited,Thermal Coal,Energy,Mr. Gautambhai Shantilal Adani S.Y. B.Com,"Ahmedabad, India",https://www.adanienterprises.com,2308.8,2238.85,2664840298496,77.06275,29.96,0.00059999997,3743.9,2025.0
2015-10-28 00:00:00+05:30,48.23348503868251,2314.95,2213.75,48.07516860961914,1379552,0.0,0.0,ADANIENT.NS,Adani Enterprises Limited,Thermal Coal,Energy,Mr. Gautambhai Shantilal Adani S.Y. B.Com,"Ahmedabad, India",https://www.adanienterprises.com,2308.8,2238.85,2664840298496,77.06275,29.96,0.00059999997,3743.9,2025.0
2015-10-29 00:00:00+05:30,48.18070741220433,2314.95,2213.75,48.1015510559082,1379552,0.0,0.0,ADANIENT.NS,Adani Enterprises Limited,Thermal Coal,Energy,Mr. Gautambhai Shantilal Adani S.Y. B.Com,"Ahmedabad, India",https://www.adanienterprises.com,2308.8,2238.85,2664840298496,77.06275,29.96,0.00059999997,3743.9,2025.0
2015-10-30 00:00:00+05:30,48.18071267309342,2314.95,2213.75,48.76120376586914,1379552,0.0,0.0,ADANIENT.NS,Adani Enterprises Limited,Thermal Coal,Energy,Mr. Gautambhai Shantilal Adani S.Y. B.Com,"Ahmedabad, India",https://www.adanienterprises.com,2308.8,2238.85,2664840298496,77.06275,29.96,0.00059999997,3743.9,2025.0
2015-11-02 00:00:00+05:30,48.813973803592816,2314.95,2213.75,46.65032958984375,1379552,0.0,0.0,ADANIENT.NS,Adani Enterprises Limited,Thermal Coal,Energy,Mr. Gautambhai Shantilal Adani S.Y. B.Com,"Ahmedabad, India",https://www.adanienterprises.com,2308.8,2238.85,2664840298496,77.06275,29.96,0.00059999997,3743.9,2025.0
2015-11-03 00:00:00+05:30,47.07250425079025,2314.95,2213.75,46.65032958984375,1379552,0.0,0.0,ADANIENT.NS,Adani Enterprises Limited,Thermal Coal,Energy,Mr. Gautambhai Shantilal Adani S.Y. B.Com,"Ahmedabad, India",https://www.adanienterprises.com,2308.8,2238.85,2664840298496,77.06275,29.96,0.00059999997,3743.9,2025.0
2015-11-04 00:00:00+05:30,46.96696346334303,2314.95,2213.75,44.961631774902344,1379552,0.0,0.0,ADANIENT.NS,Adani Enterprises Limited,Thermal Coal,Energy,Mr. Gautambhai Shantilal Adani S.Y. B.Com,"Ahmedabad, India",https://www.adanienterprises.com,2308.8,2238.85,2664840298496,77.06275,29.96,0.00059999997,3743.9,2025.0
2015-11-05 00:00:00+05:30,44.882476731491614,2314.95,2213.75,43.03546142578125,1379552,0.0,0.0,ADANIENT.NS,Adani Enterprises Limited,Thermal Coal,Energy,Mr. Gautambhai Shantilal Adani S.Y. B.Com,"Ahmedabad, India",https://www.adanienterprises.com,2308.8,2238.85,2664840298496,77.06275,29.96,0.00059999997,3743.9,2025.0
2015-11-06 00:00:00+05:30,43.22015654834177,2314.95,2213.75,41.71615982055664,1379552,0.0,0.0,ADANIENT.NS,Adani Enterprises Limited,Thermal Coal,Energy,Mr. Gautambhai Shantilal Adani S.Y. B.Com,"Ahmedabad, India",https://www.adanienterprises.com,2308.8,2238.85,2664840298496,77.06275,29.96,0.00059999997,3743.9,2025.0
2015-11-09 00:00:00+05:30,39.94830004926287,2314.95,2213.75,41.927242279052734,1379552,0.0,0.0,ADANIENT.NS,Adani Enterprises Limited,Thermal Coal,Energy,Mr. Gautambhai Shantilal Adani S.Y. B.Com,"Ahmedabad, India",https://www.adanienterprises.com,2308.8,2238.85,2664840298496,77.06275,29.96,0.00059999997,3743.9,2025.0
2015-11-10 00:00:00+05:30,41.848091489872054,2314.95,2213.75,40.26493453979492,1379552,0.0,0.0,ADANIENT.NS,Adani Enterprises Limited,Thermal Coal,Energy,Mr. Gautambhai Shantilal Adani S.Y. B.Com,"Ahmedabad, India",https://www.adanienterprises.com,2308.8,2238.85,2664840298496,77.06275,29.96,0.00059999997,3743.9,2025.0
2015-11-13 00:00:00+05:30,40.845423132520395,2314.95,2213.75,39.81637191772461,1379552,0.0,0.0,ADANIENT.NS,Adani Enterprises Limited,Thermal Coal,Energy,Mr. Gautambhai Shantilal Adani S.Y. B.Com,"Ahmedabad, India",https://www.adanienterprises.com,2308.8,2238.85,2664840298496,77.06275,29.96,0.00059999997,3743.9,2025.0
2015-11-16 00:00:00+05:30,39.73721592180219,2314.95,2213.75,40.68710708618164,1379552,0.0,0.0,ADANIENT.NS,Adani Enterprises Limited,Thermal Coal,Energy,Mr. Gautambhai Shantilal Adani S.Y. B.Com,"Ahmedabad, India",https://www.adanienterprises.com,2308.8,2238.85,2664840298496,77.06275,29.96,0.00059999997,3743.9,2025.0
2015-11-17 00:00:00+05:30,40.95096953515225,2314.95,2213.75,42.29664993286133,1379552,0.0,0.0,ADANIENT.NS,Adani Enterprises Limited,Thermal Coal,Energy,Mr. Gautambhai Shantilal Adani S.Y. B.Com,"Ahmedabad, India",https://www.adanienterprises.com,2308.8,2238.85,2664840298496,77.06275,29.96,0.00059999997,3743.9,2025.0
2015-11-18 00:00:00+05:30,42.296644252329536,2314.95,2213.75,41.13566589355469,1379552,0.0,0.0,ADANIENT.NS,Adani Enterprises Limited,Thermal Coal,Energy,Mr. Gautambhai Shantilal Adani S.Y. B.Com,"Ahmedabad, India",https://www.adanienterprises.com,2308.8,2238.85,2664840298496,77.06275,29.96,0.00059999997,3743.9,2025.0
2015-11-19 00:00:00+05:30,41.37313865570394,2314.95,2213.75,41.13566589355469,1379552,0.0,0.0,ADANIENT.NS,Adani Enterprises Limited,Thermal Coal,Energy,Mr. Gautambhai Shantilal Adani S.Y. B.Com,"Ahmedabad, India",https://www.adanienterprises.com,2308.8,2238.85,2664840298496,77.06275,29.96,0.00059999997,3743.9,2025.0
2015-11-20 00:00:00+05:30,41.32037562158439,2314.95,2213.75,41.267601013183594,1379552,0.0,0.0,ADANIENT.NS,Adani Enterprises Limited,Thermal Coal,Energy,Mr. Gautambhai Shantilal Adani S.Y. B.Com,"Ahmedabad, India",https://www.adanienterprises.com,2308.8,2238.85,2664840298496,77.06275,29.96,0.00059999997,3743.9,2025.0
2015-11-23 00:00:00+05:30,41.425915638043776,2314.95,2213.75,41.82170486450195,1379552,0.0,0.0,ADANIENT.NS,Adani Enterprises Limited,Thermal Coal,Energy,Mr. Gautambhai Shantilal Adani S.Y. B.Com,"Ahmedabad, India",https://www.adanienterprises.com,2308.8,2238.85,2664840298496,77.06275,29.96,0.00059999997,3743.9,2025.0
2015-11-24 00:00:00+05:30,42.059175786041735,2314.95,2213.75,42.006404876708984,1379552,0.0,0.0,ADANIENT.NS,Adani Enterprises Limited,Thermal Coal,Energy,Mr. Gautambhai Shantilal Adani S.Y. B.Com,"Ahmedabad, India",https://www.adanienterprises.com,2308.8,2238.85,2664840298496,77.06275,29.96,0.00059999997,3743.9,2025.0
2015-11-26 00:00:00+05:30,42.21749196675685,2314.95,2213.75,43.589561462402344,1379552,0.0,0.0,ADANIENT.NS,Adani Enterprises Limited,Thermal Coal,Energy,Mr. Gautambhai Shantilal Adani S.Y. B.Com,"Ahmedabad, India",https://www.adanienterprises.com,2308.8,2238.85,2664840298496,77.06275,29.96,0.00059999997,3743.9,2025.0
2015-11-27 00:00:00+05:30,43.800646824252524,2314.95,2213.75,43.40485763549805,1379552,0.0,0.0,ADANIENT.NS,Adani Enterprises Limited,Thermal Coal,Energy,Mr. Gautambhai Shantilal Adani S.Y. B.Com,"Ahmedabad, India",https://www.adanienterprises.com,2308.8,2238.85,2664840298496,77.06275,29.96,0.00059999997,3743.9,2025.0
2015-11-30 00:00:00+05:30,43.40486005405819,2314.95,2213.75,43.48401641845703,1379552,0.0,0.0,ADANIENT.NS,Adani Enterprises Limited,Thermal Coal,Energy,Mr. Gautambhai Shantilal Adani S.Y. B.Com,"Ahmedabad, India",https://www.adanienterprises.com,2308.8,2238.85,2664840298496,77.06275,29.96,0.00059999997,3743.9,2025.0
2015-12-01 00:00:00+05:30,43.66871881108276,2314.95,2213.75,43.009071350097656,1379552,0.0,0.0,ADANIENT.NS,Adani Enterprises Limited,Thermal Coal,Energy,Mr. Gautambhai Shantilal Adani S.Y. B.Com,"Ahmedabad, India",https://www.adanienterprises.com,2308.8,2238.85,2664840298496,77.06275,29.96,0.00059999997,3743.9,2025.0
2015-12-02 00:00:00+05:30,43.16739051473934,2314.95,2213.75,43.95896530151367,1379552,0.0,0.0,ADANIENT.NS,Adani Enterprises Limited,Thermal Coal,Energy,Mr. Gautambhai Shantilal Adani S.Y. B.Com,"Ahmedabad, India",https://www.adanienterprises.com,2308.8,2238.85,2664840298496,77.06275,29.96,0.00059999997,3743.9,2025.0
2015-12-03 00:00:00+05:30,43.80064826784909,2314.95,2213.75,42.71882247924805,1379552,0.0,0.0,ADANIENT.NS,Adani Enterprises Limited,Thermal Coal,Energy,Mr. Gautambhai Shantilal Adani S.Y. B.Com,"Ahmedabad, India",https://www.adanienterprises.com,2308.8,2238.85,2664840298496,77.06275,29.96,0.00059999997,3743.9,2025.0
2015-12-04 00:00:00+05:30,42.32303557798941,2314.95,2213.75,41.68977355957031,1379552,0.0,0.0,ADANIENT.NS,Adani Enterprises Limited,Thermal Coal,Energy,Mr. Gautambhai Shantilal Adani S.Y. B.Com,"Ahmedabad, India",https://www.adanienterprises.com,2308.8,2238.85,2664840298496,77.06275,29.96,0.00059999997,3743.9,2025.0
2015-12-07 00:00:00+05:30,41.92724367262717,2314.95,2213.75,41.848087310791016,1379552,0.0,0.0,ADANIENT.NS,Adani Enterprises Limited,Thermal Coal,Energy,Mr. Gautambhai Shantilal Adani S.Y. B.Com,"Ahmedabad, India",https://www.adanienterprises.com,2308.8,2238.85,2664840298496,77.06275,29.96,0.00059999997,3743.9,2025.0
2015-12-08 00:00:00+05:30,41.63700331045983,2314.95,2213.75,40.238548278808594,1379552,0.0,0.0,ADANIENT.NS,Adani Enterprises Limited,Thermal Coal,Energy,Mr. Gautambhai Shantilal Adani S.Y. B.Com,"Ahmedabad, India",https://www.adanienterprises.com,2308.8,2238.85,2664840298496,77.06275,29.96,0.00059999997,3743.9,2025.0
2015-12-09 00:00:00+05:30,39.94830045586799,2314.95,2213.75,39.737213134765625,1379552,0.0,0.0,ADANIENT.NS,Adani Enterprises Limited,Thermal Coal,Energy,Mr. Gautambhai Shantilal Adani S.Y. B.Com,"Ahmedabad, India",https://www.adanienterprises.com,2308.8,2238.85,2664840298496,77.06275,29.96,0.00059999997,3743.9,2025.0
2015-12-10 00:00:00+05:30,39.94830288684454,2314.95,2213.75,39.81637191772461,1379552,0.0,0.0,ADANIENT.NS,Adani Enterprises Limited,Thermal Coal,Energy,Mr. Gautambhai Shantilal Adani S.Y. B.Com,"Ahmedabad, India",https://www.adanienterprises.com,2308.8,2238.85,2664840298496,77.06275,29.96,0.00059999997,3743.9,2025.0
2015-12-11 00:00:00+05:30,40.0802253560817,2314.95,2213.75,38.444297790527344,1379552,0.0,0.0,ADANIENT.NS,Adani Enterprises Limited,Thermal Coal,Energy,Mr. Gautambhai Shantilal Adani S.Y. B.Com,"Ahmedabad, India",https://www.adanienterprises.com,2308.8,2238.85,2664840298496,77.06275,29.96,0.00059999997,3743.9,2025.0
2015-12-14 00:00:00+05:30,38.41791797387151,2314.95,2213.75,39.60528564453125,1379552,0.0,0.0,ADANIENT.NS,Adani Enterprises Limited,Thermal Coal,Energy,Mr. Gautambhai Shantilal Adani S.Y. B.Com,"Ahmedabad, India",https://www.adanienterprises.com,2308.8,2238.85,2664840298496,77.06275,29.96,0.00059999997,3743.9,2025.0
2015-12-15 00:00:00+05:30,41.9008573068169,2314.95,2213.75,41.45229721069336,1379552,0.0,0.0,ADANIENT.NS,Adani Enterprises Limited,Thermal Coal,Energy,Mr. Gautambhai Shantilal Adani S.Y. B.Com,"Ahmedabad, India",https://www.adanienterprises.com,2308.8,2238.85,2664840298496,77.06275,29.96,0.00059999997,3743.9,2025.0
2015-12-16 00:00:00+05:30,41.66338889982194,2314.95,2213.75,40.97735595703125,1379552,0.0,0.0,ADANIENT.NS,Adani Enterprises Limited,Thermal Coal,Energy,Mr. Gautambhai Shantilal Adani S.Y. B.Com,"Ahmedabad, India",https://www.adanienterprises.com,2308.8,2238.85,2664840298496,77.06275,29.96,0.00059999997,3743.9,2025.0
2015-12-17 00:00:00+05:30,41.34676091364609,2314.95,2213.75,42.24388122558594,1379552,0.0,0.0,ADANIENT.NS,Adani Enterprises Limited,Thermal Coal,Energy,Mr. Gautambhai Shantilal Adani S.Y. B.Com,"Ahmedabad, India",https://www.adanienterprises.com,2308.8,2238.85,2664840298496,77.06275,29.96,0.00059999997,3743.9,2025.0
2015-12-18 00:00:00+05:30,41.76893263782824,2314.95,2213.75,42.270263671875,1379552,0.0,0.0,ADANIENT.NS,Adani Enterprises Limited,Thermal Coal,Energy,Mr. Gautambhai Shantilal Adani S.Y. B.Com,"Ahmedabad, India",https://www.adanienterprises.com,2308.8,2238.85,2664840298496,77.06275,29.96,0.00059999997,3743.9,2025.0
2015-12-21 00:00:00+05:30,42.45496868143545,2314.95,2213.75,42.982688903808594,1379552,0.0,0.0,ADANIENT.NS,Adani Enterprises Limited,Thermal Coal,Energy,Mr. Gautambhai Shantilal Adani S.Y. B.Com,"Ahmedabad, India",https://www.adanienterprises.com,2308.8,2238.85,2664840298496,77.06275,29.96,0.00059999997,3743.9,2025.0
2015-12-22 00:00:00+05:30,42.903526306152344,2314.95,2213.75,42.903526306152344,1379552,0.0,0.0,ADANIENT.NS,Adani Enterprises Limited,Thermal Coal,Energy,Mr. Gautambhai Shantilal Adani S.Y. B.Com,"Ahmedabad, India",https://www.adanienterprises.com,2308.8,2238.85,2664840298496,77.06275,29.96,0.00059999997,3743.9,2025.0
2015-12-23 00:00:00+05:30,43.27292828289281,2314.95,2213.75,43.4576301574707,1379552,0.0,0.0,ADANIENT.NS,Adani Enterprises Limited,Thermal Coal,Energy,Mr. Gautambhai Shantilal Adani S.Y. B.Com,"Ahmedabad, India",https://www.adanienterprises.com,2308.8,2238.85,2664840298496,77.06275,29.96,0.00059999997,3743.9,2025.0
2015-12-24 00:00:00+05:30,43.536790978109586,2314.95,2213.75,44.46030044555664,1379552,0.0,0.0,ADANIENT.NS,Adani Enterprises Limited,Thermal Coal,Energy,Mr. Gautambhai Shantilal Adani S.Y. B.Com,"Ahmedabad, India",https://www.adanienterprises.com,2308.8,2238.85,2664840298496,77.06275,29.96,0.00059999997,3743.9,2025.0
2015-12-28 00:00:00+05:30,44.328365325927734,2314.95,2213.75,44.328365325927734,1379552,0.0,0.0,ADANIENT.NS,Adani Enterprises Limited,Thermal Coal,Energy,Mr. Gautambhai Shantilal Adani S.Y. B.Com,"Ahmedabad, India",https://www.adanienterprises.com,2308.8,2238.85,2664840298496,77.06275,29.96,0.00059999997,3743.9,2025.0
2015-12-29 00:00:00+05:30,44.46029688517573,2314.95,2213.75,44.22282409667969,1379552,0.0,0.0,ADANIENT.NS,Adani Enterprises Limited,Thermal Coal,Energy,Mr. Gautambhai Shantilal Adani S.Y. B.Com,"Ahmedabad, India",https://www.adanienterprises.com,2308.8,2238.85,2664840298496,77.06275,29.96,0.00059999997,3743.9,2025.0
2015-12-30 00:00:00+05:30,44.222825162169464,2314.95,2213.75,44.01173782348633,1379552,0.0,0.0,ADANIENT.NS,Adani Enterprises Limited,Thermal Coal,Energy,Mr. Gautambhai Shantilal Adani S.Y. B.Com,"Ahmedabad, India",https://www.adanienterprises.com,2308.8,2238.85,2664840298496,77.06275,29.96,0.00059999997,3743.9,2025.0
2015-12-31 00:00:00+05:30,44.11727964562434,2314.95,2213.75,44.01173782348633,1379552,0.0,0.0,ADANIENT.NS,Adani Enterprises Limited,Thermal Coal,Energy,Mr. Gautambhai Shantilal Adani S.Y. B.Com,"Ahmedabad, India",https://www.adanienterprises.com,2308.8,2238.85,2664840298496,77.06275,29.96,0.00059999997,3743.9,2025.0
2016-01-01 00:00:00+05:30,44.11727904182687,2314.95,2213.75,47.54745101928711,1379552,0.0,0.0,ADANIENT.NS,Adani Enterprises Limited,Thermal Coal,Energy,Mr. Gautambhai Shantilal Adani S.Y. B.Com,"Ahmedabad, India",https://www.adanienterprises.com,2308.8,2238.85,2664840298496,77.06275,29.96,0.00059999997,3743.9,2025.0
2016-01-04 00:00:00+05:30,47.2308200386089,2314.95,2213.75,44.90885925292969,1379552,0.0,0.0,ADANIENT.NS,Adani Enterprises Limited,Thermal Coal,Energy,Mr. Gautambhai Shantilal Adani S.Y. B.Com,"Ahmedabad, India",https://www.adanienterprises.com,2308.8,2238.85,2664840298496,77.06275,29.96,0.00059999997,3743.9,2025.0
2016-01-05 00:00:00+05:30,45.19910684954258,2314.95,2213.75,46.75587463378906,1379552,0.0,0.0,ADANIENT.NS,Adani Enterprises Limited,Thermal Coal,Energy,Mr. Gautambhai Shantilal Adani S.Y. B.Com,"Ahmedabad, India",https://www.adanienterprises.com,2308.8,2238.85,2664840298496,77.06275,29.96,0.00059999997,3743.9,2025.0
2016-01-06 00:00:00+05:30,46.43924116967819,2314.95,2213.75,45.51573181152344,1379552,0.0,0.0,ADANIENT.NS,Adani Enterprises Limited,Thermal Coal,Energy,Mr. Gautambhai Shantilal Adani S.Y. B.Com,"Ahmedabad, India",https://www.adanienterprises.com,2308.8,2238.85,2664840298496,77.06275,29.96,0.00059999997,3743.9,2025.0
2016-01-07 00:00:00+05:30,44.803316863596656,2314.95,2213.75,42.19110870361328,1379552,0.0,0.0,ADANIENT.NS,Adani Enterprises Limited,Thermal Coal,Energy,Mr. Gautambhai Shantilal Adani S.Y. B.Com,"Ahmedabad, India",https://www.adanienterprises.com,2308.8,2238.85,2664840298496,77.06275,29.96,0.00059999997,3743.9,2025.0
2016-01-08 00:00:00+05:30,43.27293014526367,2314.95,2213.75,43.27293014526367,1379552,0.0,0.0,ADANIENT.NS,Adani Enterprises Limited,Thermal Coal,Energy,Mr. Gautambhai Shantilal Adani S.Y. B.Com,"Ahmedabad, India",https://www.adanienterprises.com,2308.8,2238.85,2664840298496,77.06275,29.96,0.00059999997,3743.9,2025.0
2016-01-11 00:00:00+05:30,42.745208113469296,2314.95,2213.75,43.4576301574707,1379552,0.0,0.0,ADANIENT.NS,Adani Enterprises Limited,Thermal Coal,Energy,Mr. Gautambhai Shantilal Adani S.Y. B.Com,"Ahmedabad, India",https://www.adanienterprises.com,2308.8,2238.85,2664840298496,77.06275,29.96,0.00059999997,3743.9,2025.0
2016-01-12 00:00:00+05:30,43.45763528340642,2314.95,2213.75,42.639671325683594,1379552,0.0,0.0,ADANIENT.NS,Adani Enterprises Limited,Thermal Coal,Energy,Mr. Gautambhai Shantilal Adani S.Y. B.Com,"Ahmedabad, India",https://www.adanienterprises.com,2308.8,2238.85,2664840298496,77.06275,29.96,0.00059999997,3743.9,2025.0
2016-01-13 00:00:00+05:30,43.16739237035902,2314.95,2213.75,42.66605758666992,1379552,0.0,0.0,ADANIENT.NS,Adani Enterprises Limited,Thermal Coal,Energy,Mr. Gautambhai Shantilal Adani S.Y. B.Com,"Ahmedabad, India",https://www.adanienterprises.com,2308.8,2238.85,2664840298496,77.06275,29.96,0.00059999997,3743.9,2025.0
2016-01-14 00:00:00+05:30,41.6633952211439,2314.95,2213.75,41.0565185546875,1379552,0.0,0.0,ADANIENT.NS,Adani Enterprises Limited,Thermal Coal,Energy,Mr. Gautambhai Shantilal Adani S.Y. B.Com,"Ahmedabad, India",https://www.adanienterprises.com,2308.8,2238.85,2664840298496,77.06275,29.96,0.00059999997,3743.9,2025.0
2016-01-15 00:00:00+05:30,41.373141176506564,2314.95,2213.75,39.262264251708984,1379552,0.0,0.0,ADANIENT.NS,Adani Enterprises Limited,Thermal Coal,Energy,Mr. Gautambhai Shantilal Adani S.Y. B.Com,"Ahmedabad, India",https://www.adanienterprises.com,2308.8,2238.85,2664840298496,77.06275,29.96,0.00059999997,3743.9,2025.0
2016-01-18 00:00:00+05:30,38.9456409401565,2314.95,2213.75,36.993080139160156,1379552,0.0,0.0,ADANIENT.NS,Adani Enterprises Limited,Thermal Coal,Energy,Mr. Gautambhai Shantilal Adani S.Y. B.Com,"Ahmedabad, India",https://www.adanienterprises.com,2308.8,2238.85,2664840298496,77.06275,29.96,0.00059999997,3743.9,2025.0
2016-01-19 00:00:00+05:30,37.75827442967082,2314.95,2213.75,38.25960922241211,1379552,0.0,0.0,ADANIENT.NS,Adani Enterprises Limited,Thermal Coal,Energy,Mr. Gautambhai Shantilal Adani S.Y. B.Com,"Ahmedabad, India",https://www.adanienterprises.com,2308.8,2238.85,2664840298496,77.06275,29.96,0.00059999997,3743.9,2025.0
2016-01-20 00:00:00+05:30,37.230554630293746,2314.95,2213.75,36.30704879760742,1379552,0.0,0.0,ADANIENT.NS,Adani Enterprises Limited,Thermal Coal,Energy,Mr. Gautambhai Shantilal Adani S.Y. B.Com,"Ahmedabad, India",https://www.adanienterprises.com,2308.8,2238.85,2664840298496,77.06275,29.96,0.00059999997,3743.9,2025.0
2016-01-21 00:00:00+05:30,37.15139218864004,2314.95,2213.75,36.729217529296875,1379552,0.0,0.0,ADANIENT.NS,Adani Enterprises Limited,Thermal Coal,Energy,Mr. Gautambhai Shantilal Adani S.Y. B.Com,"Ahmedabad, India",https://www.adanienterprises.com,2308.8,2238.85,2664840298496,77.06275,29.96,0.00059999997,3743.9,2025.0
2016-01-22 00:00:00+05:30,37.28332643069407,2314.95,2213.75,38.919254302978516,1379552,0.0,0.0,ADANIENT.NS,Adani Enterprises Limited,Thermal Coal,Energy,Mr. Gautambhai Shantilal Adani S.Y. B.Com,"Ahmedabad, India",https://www.adanienterprises.com,2308.8,2238.85,2664840298496,77.06275,29.96,0.00059999997,3743.9,2025.0
2016-01-25 00:00:00+05:30,39.288660030515345,2314.95,2213.75,39.10395812988281,1379552,0.0,0.0,ADANIENT.NS,Adani Enterprises Limited,Thermal Coal,Energy,Mr. Gautambhai Shantilal Adani S.Y. B.Com,"Ahmedabad, India",https://www.adanienterprises.com,2308.8,2238.85,2664840298496,77.06275,29.96,0.00059999997,3743.9,2025.0
2016-01-27 00:00:00+05:30,39.473355738258505,2314.95,2213.75,38.6553955078125,1379552,0.0,0.0,ADANIENT.NS,Adani Enterprises Limited,Thermal Coal,Energy,Mr. Gautambhai Shantilal Adani S.Y. B.Com,"Ahmedabad, India",https://www.adanienterprises.com,2308.8,2238.85,2664840298496,77.06275,29.96,0.00059999997,3743.9,2025.0
2016-01-28 00:00:00+05:30,38.866478424094154,2314.95,2213.75,38.02212905883789,1379552,0.0,0.0,ADANIENT.NS,Adani Enterprises Limited,Thermal Coal,Energy,Mr. Gautambhai Shantilal Adani S.Y. B.Com,"Ahmedabad, India",https://www.adanienterprises.com,2308.8,2238.85,2664840298496,77.06275,29.96,0.00059999997,3743.9,2025.0
2016-01-29 00:00:00+05:30,38.02212317324923,2314.95,2213.75,38.444297790527344,1379552,0.0,0.0,ADANIENT.NS,Adani Enterprises Limited,Thermal Coal,Energy,Mr. Gautambhai Shantilal Adani S.Y. B.Com,"Ahmedabad, India",https://www.adanienterprises.com,2308.8,2238.85,2664840298496,77.06275,29.96,0.00059999997,3743.9,2025.0
2016-02-01 00:00:00+05:30,38.81370666045924,2314.95,2213.75,39.341426849365234,1379552,0.0,0.0,ADANIENT.NS,Adani Enterprises Limited,Thermal Coal,Energy,Mr. Gautambhai Shantilal Adani S.Y. B.Com,"Ahmedabad, India",https://www.adanienterprises.com,2308.8,2238.85,2664840298496,77.06275,29.96,0.00059999997,3743.9,2025.0
2016-02-02 00:00:00+05:30,39.15672582740546,2314.95,2213.75,38.02212905883789,1379552,0.0,0.0,ADANIENT.NS,Adani Enterprises Limited,Thermal Coal,Energy,Mr. Gautambhai Shantilal Adani S.Y. B.Com,"Ahmedabad, India",https://www.adanienterprises.com,2308.8,2238.85,2664840298496,77.06275,29.96,0.00059999997,3743.9,2025.0
2016-02-03 00:00:00+05:30,39.13033871205996,2314.95,2213.75,37.969356536865234,1379552,0.0,0.0,ADANIENT.NS,Adani Enterprises Limited,Thermal Coal,Energy,Mr. Gautambhai Shantilal Adani S.Y. B.Com,"Ahmedabad, India",https://www.adanienterprises.com,2308.8,2238.85,2664840298496,77.06275,29.96,0.00059999997,3743.9,2025.0
2016-02-04 00:00:00+05:30,38.36514689700891,2314.95,2213.75,38.1276741027832,1379552,0.0,0.0,ADANIENT.NS,Adani Enterprises Limited,Thermal Coal,Energy,Mr. Gautambhai Shantilal Adani S.Y. B.Com,"Ahmedabad, India",https://www.adanienterprises.com,2308.8,2238.85,2664840298496,77.06275,29.96,0.00059999997,3743.9,2025.0
2016-02-05 00:00:00+05:30,38.154060491306346,2314.95,2213.75,38.89286804199219,1379552,0.0,0.0,ADANIENT.NS,Adani Enterprises Limited,Thermal Coal,Energy,Mr. Gautambhai Shantilal Adani S.Y. B.Com,"Ahmedabad, India",https://www.adanienterprises.com,2308.8,2238.85,2664840298496,77.06275,29.96,0.00059999997,3743.9,2025.0
2016-02-08 00:00:00+05:30,39.28865998653829,2314.95,2213.75,39.8427619934082,1379552,0.0,0.0,ADANIENT.NS,Adani Enterprises Limited,Thermal Coal,Energy,Mr. Gautambhai Shantilal Adani S.Y. B.Com,"Ahmedabad, India",https://www.adanienterprises.com,2308.8,2238.85,2664840298496,77.06275,29.96,0.00059999997,3743.9,2025.0
2016-02-09 00:00:00+05:30,39.288655682901634,2314.95,2213.75,39.57889938354492,1379552,0.0,0.0,ADANIENT.NS,Adani Enterprises Limited,Thermal Coal,Energy,Mr. Gautambhai Shantilal Adani S.Y. B.Com,"Ahmedabad, India",https://www.adanienterprises.com,2308.8,2238.85,2664840298496,77.06275,29.96,0.00059999997,3743.9,2025.0
2016-02-10 00:00:00+05:30,39.05117366840157,2314.95,2213.75,38.18043899536133,1379552,0.0,0.0,ADANIENT.NS,Adani Enterprises Limited,Thermal Coal,Energy,Mr. Gautambhai Shantilal Adani S.Y. B.Com,"Ahmedabad, India",https://www.adanienterprises.com,2308.8,2238.85,2664840298496,77.06275,29.96,0.00059999997,3743.9,2025.0
2016-02-11 00:00:00+05:30,38.25960622998305,2314.95,2213.75,35.83209991455078,1379552,0.0,0.0,ADANIENT.NS,Adani Enterprises Limited,Thermal Coal,Energy,Mr. Gautambhai Shantilal Adani S.Y. B.Com,"Ahmedabad, India",https://www.adanienterprises.com,2308.8,2238.85,2664840298496,77.06275,29.96,0.00059999997,3743.9,2025.0
2016-02-12 00:00:00+05:30,36.35982083288088,2314.95,2213.75,33.87954330444336,1379552,0.0,0.0,ADANIENT.NS,Adani Enterprises Limited,Thermal Coal,Energy,Mr. Gautambhai Shantilal Adani S.Y. B.Com,"Ahmedabad, India",https://www.adanienterprises.com,2308.8,2238.85,2664840298496,77.06275,29.96,0.00059999997,3743.9,2025.0
2016-02-15 00:00:00+05:30,34.723884824033796,2314.95,2213.75,34.486412048339844,1379552,0.0,0.0,ADANIENT.NS,Adani Enterprises Limited,Thermal Coal,Energy,Mr. Gautambhai Shantilal Adani S.Y. B.Com,"Ahmedabad, India",https://www.adanienterprises.com,2308.8,2238.85,2664840298496,77.06275,29.96,0.00059999997,3743.9,2025.0
2016-02-16 00:00:00+05:30,35.04051794919945,2314.95,2213.75,33.27265930175781,1379552,0.0,0.0,ADANIENT.NS,Adani Enterprises Limited,Thermal Coal,Energy,Mr. Gautambhai Shantilal Adani S.Y. B.Com,"Ahmedabad, India",https://www.adanienterprises.com,2308.8,2238.85,2664840298496,77.06275,29.96,0.00059999997,3743.9,2025.0
2016-02-17 00:00:00+05:30,33.325430209154234,2314.95,2213.75,33.27265930175781,1379552,0.0,0.0,ADANIENT.NS,Adani Enterprises Limited,Thermal Coal,Energy,Mr. Gautambhai Shantilal Adani S.Y. B.Com,"Ahmedabad, India",https://www.adanienterprises.com,2308.8,2238.85,2664840298496,77.06275,29.96,0.00059999997,3743.9,2025.0
2016-02-18 00:00:00+05:30,33.77399055979444,2314.95,2213.75,33.035186767578125,1379552,0.0,0.0,ADANIENT.NS,Adani Enterprises Limited,Thermal Coal,Energy,Mr. Gautambhai Shantilal Adani S.Y. B.Com,"Ahmedabad, India",https://www.adanienterprises.com,2308.8,2238.85,2664840298496,77.06275,29.96,0.00059999997,3743.9,2025.0
2016-02-19 00:00:00+05:30,33.03518112498023,2314.95,2213.75,33.21988296508789,1379552,0.0,0.0,ADANIENT.NS,Adani Enterprises Limited,Thermal Coal,Energy,Mr. Gautambhai Shantilal Adani S.Y. B.Com,"Ahmedabad, India",https://www.adanienterprises.com,2308.8,2238.85,2664840298496,77.06275,29.96,0.00059999997,3743.9,2025.0
2016-02-22 00:00:00+05:30,33.668443661880595,2314.95,2213.75,32.87686538696289,1379552,0.0,0.0,ADANIENT.NS,Adani Enterprises Limited,Thermal Coal,Energy,Mr. Gautambhai Shantilal Adani S.Y. B.Com,"Ahmedabad, India",https://www.adanienterprises.com,2308.8,2238.85,2664840298496,77.06275,29.96,0.00059999997,3743.9,2025.0
2016-02-23 00:00:00+05:30,33.140735069017715,2314.95,2213.75,32.13806915283203,1379552,0.0,0.0,ADANIENT.NS,Adani Enterprises Limited,Thermal Coal,Energy,Mr. Gautambhai Shantilal Adani S.Y. B.Com,"Ahmedabad, India",https://www.adanienterprises.com,2308.8,2238.85,2664840298496,77.06275,29.96,0.00059999997,3743.9,2025.0
2016-02-24 00:00:00+05:30,32.03252683310377,2314.95,2213.75,32.243614196777344,1379552,0.0,0.0,ADANIENT.NS,Adani Enterprises Limited,Thermal Coal,Energy,Mr. Gautambhai Shantilal Adani S.Y. B.Com,"Ahmedabad, India",https://www.adanienterprises.com,2308.8,2238.85,2664840298496,77.06275,29.96,0.00059999997,3743.9,2025.0
2016-02-25 00:00:00+05:30,32.58662726991808,2314.95,2213.75,31.76866340637207,1379552,0.0,0.0,ADANIENT.NS,Adani Enterprises Limited,Thermal Coal,Energy,Mr. Gautambhai Shantilal Adani S.Y. B.Com,"Ahmedabad, India",https://www.adanienterprises.com,2308.8,2238.85,2664840298496,77.06275,29.96,0.00059999997,3743.9,2025.0
2016-02-26 00:00:00+05:30,32.21722647864147,2314.95,2213.75,31.926979064941406,1379552,0.0,0.0,ADANIENT.NS,Adani Enterprises Limited,Thermal Coal,Energy,Mr. Gautambhai Shantilal Adani S.Y. B.Com,"Ahmedabad, India",https://www.adanienterprises.com,2308.8,2238.85,2664840298496,77.06275,29.96,0.00059999997,3743.9,2025.0
2016-02-29 00:00:00+05:30,32.032524568829686,2314.95,2213.75,31.00347328186035,1379552,0.0,0.0,ADANIENT.NS,Adani Enterprises Limited,Thermal Coal,Energy,Mr. Gautambhai Shantilal Adani S.Y. B.Com,"Ahmedabad, India",https://www.adanienterprises.com,2308.8,2238.85,2664840298496,77.06275,29.96,0.00059999997,3743.9,2025.0
2016-03-01 00:00:00+05:30,31.135397184948754,2314.95,2213.75,32.058902740478516,1379552,0.0,0.0,ADANIENT.NS,Adani Enterprises Limited,Thermal Coal,Energy,Mr. Gautambhai Shantilal Adani S.Y. B.Com,"Ahmedabad, India",https://www.adanienterprises.com,2308.8,2238.85,2664840298496,77.06275,29.96,0.00059999997,3743.9,2025.0
2016-03-02 00:00:00+05:30,32.71855519600411,2314.95,2213.75,32.95602798461914,1379552,0.0,0.0,ADANIENT.NS,Adani Enterprises Limited,Thermal Coal,Energy,Mr. Gautambhai Shantilal Adani S.Y. B.Com,"Ahmedabad, India",https://www.adanienterprises.com,2308.8,2238.85,2664840298496,77.06275,29.96,0.00059999997,3743.9,2025.0
2016-03-03 00:00:00+05:30,33.246272466025935,2314.95,2213.75,32.98241424560547,1379552,0.0,0.0,ADANIENT.NS,Adani Enterprises Limited,Thermal Coal,Energy,Mr. Gautambhai Shantilal Adani S.Y. B.Com,"Ahmedabad, India",https://www.adanienterprises.com,2308.8,2238.85,2664840298496,77.06275,29.96,0.00059999997,3743.9,2025.0
2016-03-04 00:00:00+05:30,33.24627626225997,2314.95,2213.75,33.3518180847168,1379552,0.0,0.0,ADANIENT.NS,Adani Enterprises Limited,Thermal Coal,Energy,Mr. Gautambhai Shantilal Adani S.Y. B.Com,"Ahmedabad, India",https://www.adanienterprises.com,2308.8,2238.85,2664840298496,77.06275,29.96,0.00059999997,3743.9,2025.0
2016-03-08 00:00:00+05:30,33.51013331657774,2314.95,2213.75,33.80038070678711,1379552,0.0,0.0,ADANIENT.NS,Adani Enterprises Limited,Thermal Coal,Energy,Mr. Gautambhai Shantilal Adani S.Y. B.Com,"Ahmedabad, India",https://www.adanienterprises.com,2308.8,2238.85,2664840298496,77.06275,29.96,0.00059999997,3743.9,2025.0
2016-03-09 00:00:00+05:30,33.510137415603126,2314.95,2213.75,35.040523529052734,1379552,0.0,0.0,ADANIENT.NS,Adani Enterprises Limited,Thermal Coal,Energy,Mr. Gautambhai Shantilal Adani S.Y. B.Com,"Ahmedabad, India",https://www.adanienterprises.com,2308.8,2238.85,2664840298496,77.06275,29.96,0.00059999997,3743.9,2025.0
2016-03-10 00:00:00+05:30,35.38353759876791,2314.95,2213.75,34.40726089477539,1379552,0.0,0.0,ADANIENT.NS,Adani Enterprises Limited,Thermal Coal,Energy,Mr. Gautambhai Shantilal Adani S.Y. B.Com,"Ahmedabad, India",https://www.adanienterprises.com,2308.8,2238.85,2664840298496,77.06275,29.96,0.00059999997,3743.9,2025.0
2016-03-11 00:00:00+05:30,34.40726489701495,2314.95,2213.75,34.53919219970703,1379552,0.0,0.0,ADANIENT.NS,Adani Enterprises Limited,Thermal Coal,Energy,Mr. Gautambhai Shantilal Adani S.Y. B.Com,"Ahmedabad, India",https://www.adanienterprises.com,2308.8,2238.85,2664840298496,77.06275,29.96,0.00059999997,3743.9,2025.0
2016-03-14 00:00:00+05:30,34.855822396217306,2314.95,2213.75,34.697505950927734,1379552,0.0,0.0,ADANIENT.NS,Adani Enterprises Limited,Thermal Coal,Energy,Mr. Gautambhai Shantilal Adani S.Y. B.Com,"Ahmedabad, India",https://www.adanienterprises.com,2308.8,2238.85,2664840298496,77.06275,29.96,0.00059999997,3743.9,2025.0
2016-03-15 00:00:00+05:30,34.98775211672153,2314.95,2213.75,35.14606857299805,1379552,0.0,0.0,ADANIENT.NS,Adani Enterprises Limited,Thermal Coal,Energy,Mr. Gautambhai Shantilal Adani S.Y. B.Com,"Ahmedabad, India",https://www.adanienterprises.com,2308.8,2238.85,2664840298496,77.06275,29.96,0.00059999997,3743.9,2025.0
2016-03-16 00:00:00+05:30,35.83209305180015,2314.95,2213.75,34.882198333740234,1379552,0.0,0.0,ADANIENT.NS,Adani Enterprises Limited,Thermal Coal,Energy,Mr. Gautambhai Shantilal Adani S.Y. B.Com,"Ahmedabad, India",https://www.adanienterprises.com,2308.8,2238.85,2664840298496,77.06275,29.96,0.00059999997,3743.9,2025.0
2016-03-17 00:00:00+05:30,35.35715295744272,2314.95,2213.75,35.54185485839844,1379552,0.0,0.0,ADANIENT.NS,Adani Enterprises Limited,Thermal Coal,Energy,Mr. Gautambhai Shantilal Adani S.Y. B.Com,"Ahmedabad, India",https://www.adanienterprises.com,2308.8,2238.85,2664840298496,77.06275,29.96,0.00059999997,3743.9,2025.0
2016-03-18 00:00:00+05:30,35.647399079635996,2314.95,2213.75,36.35981750488281,1379552,0.0,0.0,ADANIENT.NS,Adani Enterprises Limited,Thermal Coal,Energy,Mr. Gautambhai Shantilal Adani S.Y. B.Com,"Ahmedabad, India",https://www.adanienterprises.com,2308.8,2238.85,2664840298496,77.06275,29.96,0.00059999997,3743.9,2025.0
2016-03-21 00:00:00+05:30,35.93764168166486,2314.95,2213.75,36.201499938964844,1379552,0.0,0.0,ADANIENT.NS,Adani Enterprises Limited,Thermal Coal,Energy,Mr. Gautambhai Shantilal Adani S.Y. B.Com,"Ahmedabad, India",https://www.adanienterprises.com,2308.8,2238.85,2664840298496,77.06275,29.96,0.00059999997,3743.9,2025.0
2016-03-22 00:00:00+05:30,36.7264297798363,2314.95,2213.75,36.539730072021484,1379552,0.4,0.0,ADANIENT.NS,Adani Enterprises Limited,Thermal Coal,Energy,Mr. Gautambhai Shantilal Adani S.Y. B.Com,"Ahmedabad, India",https://www.adanienterprises.com,2308.8,2238.85,2664840298496,77.06275,29.96,0.00059999997,3743.9,2025.0
2016-03-23 00:00:00+05:30,36.56640284128003,2314.95,2213.75,37.979984283447266,1379552,0.0,0.0,ADANIENT.NS,Adani Enterprises Limited,Thermal Coal,Energy,Mr. Gautambhai Shantilal Adani S.Y. B.Com,"Ahmedabad, India",https://www.adanienterprises.com,2308.8,2238.85,2664840298496,77.06275,29.96,0.00059999997,3743.9,2025.0
2016-03-28 00:00:00+05:30,38.1133371400679,2314.95,2213.75,36.486385345458984,1379552,0.0,0.0,ADANIENT.NS,Adani Enterprises Limited,Thermal Coal,Energy,Mr. Gautambhai Shantilal Adani S.Y. B.Com,"Ahmedabad, India",https://www.adanienterprises.com,2308.8,2238.85,2664840298496,77.06275,29.96,0.00059999997,3743.9,2025.0
2016-03-29 00:00:00+05:30,36.4597222485629,2314.95,2213.75,36.08632278442383,1379552,0.0,0.0,ADANIENT.NS,Adani Enterprises Limited,Thermal Coal,Energy,Mr. Gautambhai Shantilal Adani S.Y. B.Com,"Ahmedabad, India",https://www.adanienterprises.com,2308.8,2238.85,2664840298496,77.06275,29.96,0.00059999997,3743.9,2025.0
2016-03-30 00:00:00+05:30,36.299688289423216,2314.95,2213.75,38.673439025878906,1379552,0.0,0.0,ADANIENT.NS,Adani Enterprises Limited,Thermal Coal,Energy,Mr. Gautambhai Shantilal Adani S.Y. B.Com,"Ahmedabad, India",https://www.adanienterprises.com,2308.8,2238.85,2664840298496,77.06275,29.96,0.00059999997,3743.9,2025.0
2016-03-31 00:00:00+05:30,38.833469248213824,2314.95,2213.75,39.36689758300781,1379552,0.0,0.0,ADANIENT.NS,Adani Enterprises Limited,Thermal Coal,Energy,Mr. Gautambhai Shantilal Adani S.Y. B.Com,"Ahmedabad, India",https://www.adanienterprises.com,2308.8,2238.85,2664840298496,77.06275,29.96,0.00059999997,3743.9,2025.0
2016-04-01 00:00:00+05:30,39.2335406534796,2314.95,2213.75,40.593780517578125,1379552,0.0,0.0,ADANIENT.NS,Adani Enterprises Limited,Thermal Coal,Energy,Mr. Gautambhai Shantilal Adani S.Y. B.Com,"Ahmedabad, India",https://www.adanienterprises.com,2308.8,2238.85,2664840298496,77.06275,29.96,0.00059999997,3743.9,2025.0
2016-04-04 00:00:00+05:30,42.354088355340444,2314.95,2213.75,42.967529296875,1379552,0.0,0.0,ADANIENT.NS,Adani Enterprises Limited,Thermal Coal,Energy,Mr. Gautambhai Shantilal Adani S.Y. B.Com,"Ahmedabad, India",https://www.adanienterprises.com,2308.8,2238.85,2664840298496,77.06275,29.96,0.00059999997,3743.9,2025.0
2016-04-05 00:00:00+05:30,43.367597759939066,2314.95,2213.75,39.713626861572266,1379552,0.0,0.0,ADANIENT.NS,Adani Enterprises Limited,Thermal Coal,Energy,Mr. Gautambhai Shantilal Adani S.Y. B.Com,"Ahmedabad, India",https://www.adanienterprises.com,2308.8,2238.85,2664840298496,77.06275,29.96,0.00059999997,3743.9,2025.0
2016-04-06 00:00:00+05:30,39.84697485890724,2314.95,2213.75,40.27371597290039,1379552,0.0,0.0,ADANIENT.NS,Adani Enterprises Limited,Thermal Coal,Energy,Mr. Gautambhai Shantilal Adani S.Y. B.Com,"Ahmedabad, India",https://www.adanienterprises.com,2308.8,2238.85,2664840298496,77.06275,29.96,0.00059999997,3743.9,2025.0
2016-04-07 00:00:00+05:30,40.80714961013025,2314.95,2213.75,40.43375015258789,1379552,0.0,0.0,ADANIENT.NS,Adani Enterprises Limited,Thermal Coal,Energy,Mr. Gautambhai Shantilal Adani S.Y. B.Com,"Ahmedabad, India",https://www.adanienterprises.com,2308.8,2238.85,2664840298496,77.06275,29.96,0.00059999997,3743.9,2025.0
2016-04-08 00:00:00+05:30,40.06034880241925,2314.95,2213.75,41.74064254760742,1379552,0.0,0.0,ADANIENT.NS,Adani Enterprises Limited,Thermal Coal,Energy,Mr. Gautambhai Shantilal Adani S.Y. B.Com,"Ahmedabad, India",https://www.adanienterprises.com,2308.8,2238.85,2664840298496,77.06275,29.96,0.00059999997,3743.9,2025.0
2016-04-11 00:00:00+05:30,41.767317706537966,2314.95,2213.75,42.62080001831055,1379552,0.0,0.0,ADANIENT.NS,Adani Enterprises Limited,Thermal Coal,Energy,Mr. Gautambhai Shantilal Adani S.Y. B.Com,"Ahmedabad, India",https://www.adanienterprises.com,2308.8,2238.85,2664840298496,77.06275,29.96,0.00059999997,3743.9,2025.0
2016-04-12 00:00:00+05:30,42.674137984731836,2314.95,2213.75,42.220726013183594,1379552,0.0,0.0,ADANIENT.NS,Adani Enterprises Limited,Thermal Coal,Energy,Mr. Gautambhai Shantilal Adani S.Y. B.Com,"Ahmedabad, India",https://www.adanienterprises.com,2308.8,2238.85,2664840298496,77.06275,29.96,0.00059999997,3743.9,2025.0
2016-04-13 00:00:00+05:30,42.91418758048981,2314.95,2213.75,42.967529296875,1379552,0.0,0.0,ADANIENT.NS,Adani Enterprises Limited,Thermal Coal,Energy,Mr. Gautambhai Shantilal Adani S.Y. B.Com,"Ahmedabad, India",https://www.adanienterprises.com,2308.8,2238.85,2664840298496,77.06275,29.96,0.00059999997,3743.9,2025.0
2016-04-18 00:00:00+05:30,43.34092902222745,2314.95,2213.75,44.24775314331055,1379552,0.0,0.0,ADANIENT.NS,Adani Enterprises Limited,Thermal Coal,Energy,Mr. Gautambhai Shantilal Adani S.Y. B.Com,"Ahmedabad, India",https://www.adanienterprises.com,2308.8,2238.85,2664840298496,77.06275,29.96,0.00059999997,3743.9,2025.0
2016-04-20 00:00:00+05:30,44.46111972628165,2314.95,2213.75,44.91453170776367,1379552,0.0,0.0,ADANIENT.NS,Adani Enterprises Limited,Thermal Coal,Energy,Mr. Gautambhai Shantilal Adani S.Y. B.Com,"Ahmedabad, India",https://www.adanienterprises.com,2308.8,2238.85,2664840298496,77.06275,29.96,0.00059999997,3743.9,2025.0
2016-04-21 00:00:00+05:30,45.3412768193998,2314.95,2213.75,44.381107330322266,1379552,0.0,0.0,ADANIENT.NS,Adani Enterprises Limited,Thermal Coal,Energy,Mr. Gautambhai Shantilal Adani S.Y. B.Com,"Ahmedabad, India",https://www.adanienterprises.com,2308.8,2238.85,2664840298496,77.06275,29.96,0.00059999997,3743.9,2025.0
2016-04-22 00:00:00+05:30,44.007707298558806,2314.95,2213.75,43.76766586303711,1379552,0.0,0.0,ADANIENT.NS,Adani Enterprises Limited,Thermal Coal,Energy,Mr. Gautambhai Shantilal Adani S.Y. B.Com,"Ahmedabad, India",https://www.adanienterprises.com,2308.8,2238.85,2664840298496,77.06275,29.96,0.00059999997,3743.9,2025.0
2016-04-25 00:00:00+05:30,43.76766724361136,2314.95,2213.75,44.19440841674805,1379552,0.0,0.0,ADANIENT.NS,Adani Enterprises Limited,Thermal Coal,Energy,Mr. Gautambhai Shantilal Adani S.Y. B.Com,"Ahmedabad, India",https://www.adanienterprises.com,2308.8,2238.85,2664840298496,77.06275,29.96,0.00059999997,3743.9,2025.0
2016-04-26 00:00:00+05:30,43.7409969212503,2314.95,2213.75,44.94120788574219,1379552,0.0,0.0,ADANIENT.NS,Adani Enterprises Limited,Thermal Coal,Energy,Mr. Gautambhai Shantilal Adani S.Y. B.Com,"Ahmedabad, India",https://www.adanienterprises.com,2308.8,2238.85,2664840298496,77.06275,29.96,0.00059999997,3743.9,2025.0
2016-04-27 00:00:00+05:30,44.91453677149454,2314.95,2213.75,45.74134826660156,1379552,0.0,0.0,ADANIENT.NS,Adani Enterprises Limited,Thermal Coal,Energy,Mr. Gautambhai Shantilal Adani S.Y. B.Com,"Ahmedabad, India",https://www.adanienterprises.com,2308.8,2238.85,2664840298496,77.06275,29.96,0.00059999997,3743.9,2025.0
2016-04-28 00:00:00+05:30,45.98138926780697,2314.95,2213.75,44.72783660888672,1379552,0.0,0.0,ADANIENT.NS,Adani Enterprises Limited,Thermal Coal,Energy,Mr. Gautambhai Shantilal Adani S.Y. B.Com,"Ahmedabad, India",https://www.adanienterprises.com,2308.8,2238.85,2664840298496,77.06275,29.96,0.00059999997,3743.9,2025.0
2016-04-29 00:00:00+05:30,44.807844236531054,2314.95,2213.75,46.24809646606445,1379552,0.0,0.0,ADANIENT.NS,Adani Enterprises Limited,Thermal Coal,Energy,Mr. Gautambhai Shantilal Adani S.Y. B.Com,"Ahmedabad, India",https://www.adanienterprises.com,2308.8,2238.85,2664840298496,77.06275,29.96,0.00059999997,3743.9,2025.0
2016-05-02 00:00:00+05:30,46.03473267892815,2314.95,2213.75,46.4348030090332,1379552,0.0,0.0,ADANIENT.NS,Adani Enterprises Limited,Thermal Coal,Energy,Mr. Gautambhai Shantilal Adani S.Y. B.Com,"Ahmedabad, India",https://www.adanienterprises.com,2308.8,2238.85,2664840298496,77.06275,29.96,0.00059999997,3743.9,2025.0
2016-05-03 00:00:00+05:30,46.40813160123457,2314.95,2213.75,45.82136154174805,1379552,0.0,0.0,ADANIENT.NS,Adani Enterprises Limited,Thermal Coal,Energy,Mr. Gautambhai Shantilal Adani S.Y. B.Com,"Ahmedabad, India",https://www.adanienterprises.com,2308.8,2238.85,2664840298496,77.06275,29.96,0.00059999997,3743.9,2025.0
2016-05-04 00:00:00+05:30,45.928041813624624,2314.95,2213.75,42.220726013183594,1379552,0.0,0.0,ADANIENT.NS,Adani Enterprises Limited,Thermal Coal,Energy,Mr. Gautambhai Shantilal Adani S.Y. B.Com,"Ahmedabad, India",https://www.adanienterprises.com,2308.8,2238.85,2664840298496,77.06275,29.96,0.00059999997,3743.9,2025.0
2016-05-05 00:00:00+05:30,41.87399984385903,2314.95,2213.75,41.66062927246094,1379552,0.0,0.0,ADANIENT.NS,Adani Enterprises Limited,Thermal Coal,Energy,Mr. Gautambhai Shantilal Adani S.Y. B.Com,"Ahmedabad, India",https://www.adanienterprises.com,2308.8,2238.85,2664840298496,77.06275,29.96,0.00059999997,3743.9,2025.0
2016-05-06 00:00:00+05:30,41.55394699328811,2314.95,2213.75,40.94050979614258,1379552,0.0,0.0,ADANIENT.NS,Adani Enterprises Limited,Thermal Coal,Energy,Mr. Gautambhai Shantilal Adani S.Y. B.Com,"Ahmedabad, India",https://www.adanienterprises.com,2308.8,2238.85,2664840298496,77.06275,29.96,0.00059999997,3743.9,2025.0
2016-05-09 00:00:00+05:30,41.207211263703876,2314.95,2213.75,41.28722381591797,1379552,0.0,0.0,ADANIENT.NS,Adani Enterprises Limited,Thermal Coal,Energy,Mr. Gautambhai Shantilal Adani S.Y. B.Com,"Ahmedabad, India",https://www.adanienterprises.com,2308.8,2238.85,2664840298496,77.06275,29.96,0.00059999997,3743.9,2025.0
2016-05-10 00:00:00+05:30,41.340567197937155,2314.95,2213.75,40.113685607910156,1379552,0.0,0.0,ADANIENT.NS,Adani Enterprises Limited,Thermal Coal,Energy,Mr. Gautambhai Shantilal Adani S.Y. B.Com,"Ahmedabad, India",https://www.adanienterprises.com,2308.8,2238.85,2664840298496,77.06275,29.96,0.00059999997,3743.9,2025.0
2016-05-11 00:00:00+05:30,39.44690624506663,2314.95,2213.75,39.63360595703125,1379552,0.0,0.0,ADANIENT.NS,Adani Enterprises Limited,Thermal Coal,Energy,Mr. Gautambhai Shantilal Adani S.Y. B.Com,"Ahmedabad, India",https://www.adanienterprises.com,2308.8,2238.85,2664840298496,77.06275,29.96,0.00059999997,3743.9,2025.0
2016-05-12 00:00:00+05:30,39.8469771358687,2314.95,2213.75,40.38040542602539,1379552,0.0,0.0,ADANIENT.NS,Adani Enterprises Limited,Thermal Coal,Energy,Mr. Gautambhai Shantilal Adani S.Y. B.Com,"Ahmedabad, India",https://www.adanienterprises.com,2308.8,2238.85,2664840298496,77.06275,29.96,0.00059999997,3743.9,2025.0
2016-05-13 00:00:00+05:30,40.16703987922313,2314.95,2213.75,39.12685775756836,1379552,0.0,0.0,ADANIENT.NS,Adani Enterprises Limited,Thermal Coal,Energy,Mr. Gautambhai Shantilal Adani S.Y. B.Com,"Ahmedabad, India",https://www.adanienterprises.com,2308.8,2238.85,2664840298496,77.06275,29.96,0.00059999997,3743.9,2025.0
2016-05-16 00:00:00+05:30,39.42023814859169,2314.95,2213.75,40.62044906616211,1379552,0.0,0.0,ADANIENT.NS,Adani Enterprises Limited,Thermal Coal,Energy,Mr. Gautambhai Shantilal Adani S.Y. B.Com,"Ahmedabad, India",https://www.adanienterprises.com,2308.8,2238.85,2664840298496,77.06275,29.96,0.00059999997,3743.9,2025.0
2016-05-17 00:00:00+05:30,40.700463391314415,2314.95,2213.75,39.98033905029297,1379552,0.0,0.0,ADANIENT.NS,Adani Enterprises Limited,Thermal Coal,Energy,Mr. Gautambhai Shantilal Adani S.Y. B.Com,"Ahmedabad, India",https://www.adanienterprises.com,2308.8,2238.85,2664840298496,77.06275,29.96,0.00059999997,3743.9,2025.0
2016-05-18 00:00:00+05:30,39.47358156495068,2314.95,2213.75,39.98033905029297,1379552,0.0,0.0,ADANIENT.NS,Adani Enterprises Limited,Thermal Coal,Energy,Mr. Gautambhai Shantilal Adani S.Y. B.Com,"Ahmedabad, India",https://www.adanienterprises.com,2308.8,2238.85,2664840298496,77.06275,29.96,0.00059999997,3743.9,2025.0
2016-05-19 00:00:00+05:30,39.98033730777374,2314.95,2213.75,38.1400146484375,1379552,0.0,0.0,ADANIENT.NS,Adani Enterprises Limited,Thermal Coal,Energy,Mr. Gautambhai Shantilal Adani S.Y. B.Com,"Ahmedabad, India",https://www.adanienterprises.com,2308.8,2238.85,2664840298496,77.06275,29.96,0.00059999997,3743.9,2025.0
2016-05-20 00:00:00+05:30,38.56675702421625,2314.95,2213.75,36.75310516357422,1379552,0.0,0.0,ADANIENT.NS,Adani Enterprises Limited,Thermal Coal,Energy,Mr. Gautambhai Shantilal Adani S.Y. B.Com,"Ahmedabad, India",https://www.adanienterprises.com,2308.8,2238.85,2664840298496,77.06275,29.96,0.00059999997,3743.9,2025.0
2016-05-23 00:00:00+05:30,37.07316048302869,2314.95,2213.75,37.17984390258789,1379552,0.0,0.0,ADANIENT.NS,Adani Enterprises Limited,Thermal Coal,Energy,Mr. Gautambhai Shantilal Adani S.Y. B.Com,"Ahmedabad, India",https://www.adanienterprises.com,2308.8,2238.85,2664840298496,77.06275,29.96,0.00059999997,3743.9,2025.0
2016-05-24 00:00:00+05:30,37.126508832014466,2314.95,2213.75,37.633262634277344,1379552,0.0,0.0,ADANIENT.NS,Adani Enterprises Limited,Thermal Coal,Energy,Mr. Gautambhai Shantilal Adani S.Y. B.Com,"Ahmedabad, India",https://www.adanienterprises.com,2308.8,2238.85,2664840298496,77.06275,29.96,0.00059999997,3743.9,2025.0
2016-05-25 00:00:00+05:30,37.9266471862793,2314.95,2213.75,37.9266471862793,1379552,0.0,0.0,ADANIENT.NS,Adani Enterprises Limited,Thermal Coal,Energy,Mr. Gautambhai Shantilal Adani S.Y. B.Com,"Ahmedabad, India",https://www.adanienterprises.com,2308.8,2238.85,2664840298496,77.06275,29.96,0.00059999997,3743.9,2025.0
2016-05-26 00:00:00+05:30,38.1400135318601,2314.95,2213.75,39.52692413330078,1379552,0.0,0.0,ADANIENT.NS,Adani Enterprises Limited,Thermal Coal,Energy,Mr. Gautambhai Shantilal Adani S.Y. B.Com,"Ahmedabad, India",https://www.adanienterprises.com,2308.8,2238.85,2664840298496,77.06275,29.96,0.00059999997,3743.9,2025.0
2016-05-27 00:00:00+05:30,39.58026980699281,2314.95,2213.75,39.12685775756836,1379552,0.0,0.0,ADANIENT.NS,Adani Enterprises Limited,Thermal Coal,Energy,Mr. Gautambhai Shantilal Adani S.Y. B.Com,"Ahmedabad, India",https://www.adanienterprises.com,2308.8,2238.85,2664840298496,77.06275,29.96,0.00059999997,3743.9,2025.0
2016-05-30 00:00:00+05:30,39.420238377126566,2314.95,2213.75,39.820308685302734,1379552,0.0,0.0,ADANIENT.NS,Adani Enterprises Limited,Thermal Coal,Energy,Mr. Gautambhai Shantilal Adani S.Y. B.Com,"Ahmedabad, India",https://www.adanienterprises.com,2308.8,2238.85,2664840298496,77.06275,29.96,0.00059999997,3743.9,2025.0
2016-05-31 00:00:00+05:30,40.19371078055239,2314.95,2213.75,38.86014175415039,1379552,0.0,0.0,ADANIENT.NS,Adani Enterprises Limited,Thermal Coal,Energy,Mr. Gautambhai Shantilal Adani S.Y. B.Com,"Ahmedabad, India",https://www.adanienterprises.com,2308.8,2238.85,2664840298496,77.06275,29.96,0.00059999997,3743.9,2025.0
2016-06-01 00:00:00+05:30,38.94015539880007,2314.95,2213.75,40.08702087402344,1379552,0.0,0.0,ADANIENT.NS,Adani Enterprises Limited,Thermal Coal,Energy,Mr. Gautambhai Shantilal Adani S.Y. B.Com,"Ahmedabad, India",https://www.adanienterprises.com,2308.8,2238.85,2664840298496,77.06275,29.96,0.00059999997,3743.9,2025.0
2016-06-02 00:00:00+05:30,40.593775197027725,2314.95,2213.75,40.30038833618164,1379552,0.0,0.0,ADANIENT.NS,Adani Enterprises Limited,Thermal Coal,Energy,Mr. Gautambhai Shantilal Adani S.Y. B.Com,"Ahmedabad, India",https://www.adanienterprises.com,2308.8,2238.85,2664840298496,77.06275,29.96,0.00059999997,3743.9,2025.0
2016-06-03 00:00:00+05:30,40.540437963450266,2314.95,2213.75,38.43339920043945,1379552,0.0,0.0,ADANIENT.NS,Adani Enterprises Limited,Thermal Coal,Energy,Mr. Gautambhai Shantilal Adani S.Y. B.Com,"Ahmedabad, India",https://www.adanienterprises.com,2308.8,2238.85,2664840298496,77.06275,29.96,0.00059999997,3743.9,2025.0
2016-06-06 00:00:00+05:30,38.43339158096588,2314.95,2213.75,38.566749572753906,1379552,0.0,0.0,ADANIENT.NS,Adani Enterprises Limited,Thermal Coal,Energy,Mr. Gautambhai Shantilal Adani S.Y. B.Com,"Ahmedabad, India",https://www.adanienterprises.com,2308.8,2238.85,2664840298496,77.06275,29.96,0.00059999997,3743.9,2025.0
2016-06-07 00:00:00+05:30,38.8868034643598,2314.95,2213.75,38.83346176147461,1379552,0.0,0.0,ADANIENT.NS,Adani Enterprises Limited,Thermal Coal,Energy,Mr. Gautambhai Shantilal Adani S.Y. B.Com,"Ahmedabad, India",https://www.adanienterprises.com,2308.8,2238.85,2664840298496,77.06275,29.96,0.00059999997,3743.9,2025.0
2016-06-08 00:00:00+05:30,38.94015177097712,2314.95,2213.75,39.95366287231445,1379552,0.0,0.0,ADANIENT.NS,Adani Enterprises Limited,Thermal Coal,Energy,Mr. Gautambhai Shantilal Adani S.Y. B.Com,"Ahmedabad, India",https://www.adanienterprises.com,2308.8,2238.85,2664840298496,77.06275,29.96,0.00059999997,3743.9,2025.0
2016-06-09 00:00:00+05:30,40.06034780360071,2314.95,2213.75,39.84697723388672,1379552,0.0,0.0,ADANIENT.NS,Adani Enterprises Limited,Thermal Coal,Energy,Mr. Gautambhai Shantilal Adani S.Y. B.Com,"Ahmedabad, India",https://www.adanienterprises.com,2308.8,2238.85,2664840298496,77.06275,29.96,0.00059999997,3743.9,2025.0
2016-06-10 00:00:00+05:30,39.76696697337737,2314.95,2213.75,39.820308685302734,1379552,0.0,0.0,ADANIENT.NS,Adani Enterprises Limited,Thermal Coal,Energy,Mr. Gautambhai Shantilal Adani S.Y. B.Com,"Ahmedabad, India",https://www.adanienterprises.com,2308.8,2238.85,2664840298496,77.06275,29.96,0.00059999997,3743.9,2025.0
2016-06-13 00:00:00+05:30,39.046832307382694,2314.95,2213.75,38.83346176147461,1379552,0.0,0.0,ADANIENT.NS,Adani Enterprises Limited,Thermal Coal,Energy,Mr. Gautambhai Shantilal Adani S.Y. B.Com,"Ahmedabad, India",https://www.adanienterprises.com,2308.8,2238.85,2664840298496,77.06275,29.96,0.00059999997,3743.9,2025.0
2016-06-14 00:00:00+05:30,39.1001823248255,2314.95,2213.75,42.060699462890625,1379552,0.0,0.0,ADANIENT.NS,Adani Enterprises Limited,Thermal Coal,Energy,Mr. Gautambhai Shantilal Adani S.Y. B.Com,"Ahmedabad, India",https://www.adanienterprises.com,2308.8,2238.85,2664840298496,77.06275,29.96,0.00059999997,3743.9,2025.0
2016-06-15 00:00:00+05:30,42.19405886242426,2314.95,2213.75,42.62080001831055,1379552,0.0,0.0,ADANIENT.NS,Adani Enterprises Limited,Thermal Coal,Energy,Mr. Gautambhai Shantilal Adani S.Y. B.Com,"Ahmedabad, India",https://www.adanienterprises.com,2308.8,2238.85,2664840298496,77.06275,29.96,0.00059999997,3743.9,2025.0
2016-06-16 00:00:00+05:30,42.140711231797304,2314.95,2213.75,41.980682373046875,1379552,0.0,0.0,ADANIENT.NS,Adani Enterprises Limited,Thermal Coal,Energy,Mr. Gautambhai Shantilal Adani S.Y. B.Com,"Ahmedabad, India",https://www.adanienterprises.com,2308.8,2238.85,2664840298496,77.06275,29.96,0.00059999997,3743.9,2025.0
2016-06-17 00:00:00+05:30,42.300739370072264,2314.95,2213.75,42.034027099609375,1379552,0.0,0.0,ADANIENT.NS,Adani Enterprises Limited,Thermal Coal,Energy,Mr. Gautambhai Shantilal Adani S.Y. B.Com,"Ahmedabad, India",https://www.adanienterprises.com,2308.8,2238.85,2664840298496,77.06275,29.96,0.00059999997,3743.9,2025.0
2016-06-20 00:00:00+05:30,41.6072880676699,2314.95,2213.75,42.5407829284668,1379552,0.0,0.0,ADANIENT.NS,Adani Enterprises Limited,Thermal Coal,Energy,Mr. Gautambhai Shantilal Adani S.Y. B.Com,"Ahmedabad, India",https://www.adanienterprises.com,2308.8,2238.85,2664840298496,77.06275,29.96,0.00059999997,3743.9,2025.0
2016-06-21 00:00:00+05:30,42.64747488344977,2314.95,2213.75,41.954017639160156,1379552,0.0,0.0,ADANIENT.NS,Adani Enterprises Limited,Thermal Coal,Energy,Mr. Gautambhai Shantilal Adani S.Y. B.Com,"Ahmedabad, India",https://www.adanienterprises.com,2308.8,2238.85,2664840298496,77.06275,29.96,0.00059999997,3743.9,2025.0
2016-06-22 00:00:00+05:30,42.30074651701024,2314.95,2213.75,41.42059326171875,1379552,0.0,0.0,ADANIENT.NS,Adani Enterprises Limited,Thermal Coal,Energy,Mr. Gautambhai Shantilal Adani S.Y. B.Com,"Ahmedabad, India",https://www.adanienterprises.com,2308.8,2238.85,2664840298496,77.06275,29.96,0.00059999997,3743.9,2025.0
2016-06-23 00:00:00+05:30,41.580615119512174,2314.95,2213.75,42.034027099609375,1379552,0.0,0.0,ADANIENT.NS,Adani Enterprises Limited,Thermal Coal,Energy,Mr. Gautambhai Shantilal Adani S.Y. B.Com,"Ahmedabad, India",https://www.adanienterprises.com,2308.8,2238.85,2664840298496,77.06275,29.96,0.00059999997,3743.9,2025.0
2016-06-24 00:00:00+05:30,40.00700618556252,2314.95,2213.75,39.580265045166016,1379552,0.0,0.0,ADANIENT.NS,Adani Enterprises Limited,Thermal Coal,Energy,Mr. Gautambhai Shantilal Adani S.Y. B.Com,"Ahmedabad, India",https://www.adanienterprises.com,2308.8,2238.85,2664840298496,77.06275,29.96,0.00059999997,3743.9,2025.0
2016-06-27 00:00:00+05:30,39.79363464470954,2314.95,2213.75,40.30038833618164,1379552,0.0,0.0,ADANIENT.NS,Adani Enterprises Limited,Thermal Coal,Energy,Mr. Gautambhai Shantilal Adani S.Y. B.Com,"Ahmedabad, India",https://www.adanienterprises.com,2308.8,2238.85,2664840298496,77.06275,29.96,0.00059999997,3743.9,2025.0
2016-06-28 00:00:00+05:30,40.380408279624625,2314.95,2213.75,43.44761276245117,1379552,0.0,0.0,ADANIENT.NS,Adani Enterprises Limited,Thermal Coal,Energy,Mr. Gautambhai Shantilal Adani S.Y. B.Com,"Ahmedabad, India",https://www.adanienterprises.com,2308.8,2238.85,2664840298496,77.06275,29.96,0.00059999997,3743.9,2025.0
2016-06-29 00:00:00+05:30,43.87435280681613,2314.95,2213.75,44.4344482421875,1379552,0.0,0.0,ADANIENT.NS,Adani Enterprises Limited,Thermal Coal,Energy,Mr. Gautambhai Shantilal Adani S.Y. B.Com,"Ahmedabad, India",https://www.adanienterprises.com,2308.8,2238.85,2664840298496,77.06275,29.96,0.00059999997,3743.9,2025.0
2016-06-30 00:00:00+05:30,44.59448248149114,2314.95,2213.75,46.274776458740234,1379552,0.0,0.0,ADANIENT.NS,Adani Enterprises Limited,Thermal Coal,Energy,Mr. Gautambhai Shantilal Adani S.Y. B.Com,"Ahmedabad, India",https://www.adanienterprises.com,2308.8,2238.85,2664840298496,77.06275,29.96,0.00059999997,3743.9,2025.0
2016-07-01 00:00:00+05:30,46.43480271713892,2314.95,2213.75,45.154579162597656,1379552,0.0,0.0,ADANIENT.NS,Adani Enterprises Limited,Thermal Coal,Energy,Mr. Gautambhai Shantilal Adani S.Y. B.Com,"Ahmedabad, India",https://www.adanienterprises.com,2308.8,2238.85,2664840298496,77.06275,29.96,0.00059999997,3743.9,2025.0
2016-07-04 00:00:00+05:30,45.34127785204107,2314.95,2213.75,45.87470245361328,1379552,0.0,0.0,ADANIENT.NS,Adani Enterprises Limited,Thermal Coal,Energy,Mr. Gautambhai Shantilal Adani S.Y. B.Com,"Ahmedabad, India",https://www.adanienterprises.com,2308.8,2238.85,2664840298496,77.06275,29.96,0.00059999997,3743.9,2025.0
2016-07-05 00:00:00+05:30,45.6613275356015,2314.95,2213.75,45.12790298461914,1379552,0.0,0.0,ADANIENT.NS,Adani Enterprises Limited,Thermal Coal,Energy,Mr. Gautambhai Shantilal Adani S.Y. B.Com,"Ahmedabad, India",https://www.adanienterprises.com,2308.8,2238.85,2664840298496,77.06275,29.96,0.00059999997,3743.9,2025.0
2016-07-07 00:00:00+05:30,45.10123375012737,2314.95,2213.75,44.62114715576172,1379552,0.0,0.0,ADANIENT.NS,Adani Enterprises Limited,Thermal Coal,Energy,Mr. Gautambhai Shantilal Adani S.Y. B.Com,"Ahmedabad, India",https://www.adanienterprises.com,2308.8,2238.85,2664840298496,77.06275,29.96,0.00059999997,3743.9,2025.0
2016-07-08 00:00:00+05:30,44.64781985464782,2314.95,2213.75,43.714324951171875,1379552,0.0,0.0,ADANIENT.NS,Adani Enterprises Limited,Thermal Coal,Energy,Mr. Gautambhai Shantilal Adani S.Y. B.Com,"Ahmedabad, India",https://www.adanienterprises.com,2308.8,2238.85,2664840298496,77.06275,29.96,0.00059999997,3743.9,2025.0
2016-07-11 00:00:00+05:30,44.27442001828565,2314.95,2213.75,44.6478157043457,1379552,0.0,0.0,ADANIENT.NS,Adani Enterprises Limited,Thermal Coal,Energy,Mr. Gautambhai Shantilal Adani S.Y. B.Com,"Ahmedabad, India",https://www.adanienterprises.com,2308.8,2238.85,2664840298496,77.06275,29.96,0.00059999997,3743.9,2025.0
2016-07-12 00:00:00+05:30,44.96787724686519,2314.95,2213.75,44.78117752075195,1379552,0.0,0.0,ADANIENT.NS,Adani Enterprises Limited,Thermal Coal,Energy,Mr. Gautambhai Shantilal Adani S.Y. B.Com,"Ahmedabad, India",https://www.adanienterprises.com,2308.8,2238.85,2664840298496,77.06275,29.96,0.00059999997,3743.9,2025.0
2016-07-13 00:00:00+05:30,45.02121611049547,2314.95,2213.75,43.92769241333008,1379552,0.0,0.0,ADANIENT.NS,Adani Enterprises Limited,Thermal Coal,Energy,Mr. Gautambhai Shantilal Adani S.Y. B.Com,"Ahmedabad, India",https://www.adanienterprises.com,2308.8,2238.85,2664840298496,77.06275,29.96,0.00059999997,3743.9,2025.0
2016-07-14 00:00:00+05:30,43.95436639108375,2314.95,2213.75,43.714324951171875,1379552,0.0,0.0,ADANIENT.NS,Adani Enterprises Limited,Thermal Coal,Energy,Mr. Gautambhai Shantilal Adani S.Y. B.Com,"Ahmedabad, India",https://www.adanienterprises.com,2308.8,2238.85,2664840298496,77.06275,29.96,0.00059999997,3743.9,2025.0
2016-07-15 00:00:00+05:30,43.92769413759497,2314.95,2213.75,43.15422439575195,1379552,0.0,0.0,ADANIENT.NS,Adani Enterprises Limited,Thermal Coal,Energy,Mr. Gautambhai Shantilal Adani S.Y. B.Com,"Ahmedabad, India",https://www.adanienterprises.com,2308.8,2238.85,2664840298496,77.06275,29.96,0.00059999997,3743.9,2025.0
2016-07-18 00:00:00+05:30,43.47428060364955,2314.95,2213.75,43.26091003417969,1379552,0.0,0.0,ADANIENT.NS,Adani Enterprises Limited,Thermal Coal,Energy,Mr. Gautambhai Shantilal Adani S.Y. B.Com,"Ahmedabad, India",https://www.adanienterprises.com,2308.8,2238.85,2664840298496,77.06275,29.96,0.00059999997,3743.9,2025.0
2016-07-19 00:00:00+05:30,43.10088975230758,2314.95,2213.75,42.8075065612793,1379552,0.0,0.0,ADANIENT.NS,Adani Enterprises Limited,Thermal Coal,Energy,Mr. Gautambhai Shantilal Adani S.Y. B.Com,"Ahmedabad, India",https://www.adanienterprises.com,2308.8,2238.85,2664840298496,77.06275,29.96,0.00059999997,3743.9,2025.0
2016-07-20 00:00:00+05:30,43.02087498776154,2314.95,2213.75,44.24775314331055,1379552,0.0,0.0,ADANIENT.NS,Adani Enterprises Limited,Thermal Coal,Energy,Mr. Gautambhai Shantilal Adani S.Y. B.Com,"Ahmedabad, India",https://www.adanienterprises.com,2308.8,2238.85,2664840298496,77.06275,29.96,0.00059999997,3743.9,2025.0
2016-07-21 00:00:00+05:30,44.3811045903045,2314.95,2213.75,43.26091003417969,1379552,0.0,0.0,ADANIENT.NS,Adani Enterprises Limited,Thermal Coal,Energy,Mr. Gautambhai Shantilal Adani S.Y. B.Com,"Ahmedabad, India",https://www.adanienterprises.com,2308.8,2238.85,2664840298496,77.06275,29.96,0.00059999997,3743.9,2025.0
2016-07-22 00:00:00+05:30,42.88751051580736,2314.95,2213.75,43.52762222290039,1379552,0.0,0.0,ADANIENT.NS,Adani Enterprises Limited,Thermal Coal,Energy,Mr. Gautambhai Shantilal Adani S.Y. B.Com,"Ahmedabad, India",https://www.adanienterprises.com,2308.8,2238.85,2664840298496,77.06275,29.96,0.00059999997,3743.9,2025.0
2016-07-25 00:00:00+05:30,43.47428829901595,2314.95,2213.75,43.127559661865234,1379552,0.0,0.0,ADANIENT.NS,Adani Enterprises Limited,Thermal Coal,Energy,Mr. Gautambhai Shantilal Adani S.Y. B.Com,"Ahmedabad, India",https://www.adanienterprises.com,2308.8,2238.85,2664840298496,77.06275,29.96,0.00059999997,3743.9,2025.0
2016-07-26 00:00:00+05:30,43.3142566898074,2314.95,2213.75,44.2210807800293,1379552,0.0,0.0,ADANIENT.NS,Adani Enterprises Limited,Thermal Coal,Energy,Mr. Gautambhai Shantilal Adani S.Y. B.Com,"Ahmedabad, India",https://www.adanienterprises.com,2308.8,2238.85,2664840298496,77.06275,29.96,0.00059999997,3743.9,2025.0
2016-07-27 00:00:00+05:30,44.327766433741274,2314.95,2213.75,44.19440841674805,1379552,0.0,0.0,ADANIENT.NS,Adani Enterprises Limited,Thermal Coal,Energy,Mr. Gautambhai Shantilal Adani S.Y. B.Com,"Ahmedabad, India",https://www.adanienterprises.com,2308.8,2238.85,2664840298496,77.06275,29.96,0.00059999997,3743.9,2025.0
2016-07-28 00:00:00+05:30,44.32776117253616,2314.95,2213.75,43.90102005004883,1379552,0.0,0.0,ADANIENT.NS,Adani Enterprises Limited,Thermal Coal,Energy,Mr. Gautambhai Shantilal Adani S.Y. B.Com,"Ahmedabad, India",https://www.adanienterprises.com,2308.8,2238.85,2664840298496,77.06275,29.96,0.00059999997,3743.9,2025.0
2016-07-29 00:00:00+05:30,43.047541064118946,2314.95,2213.75,43.020870208740234,1379552,0.0,0.0,ADANIENT.NS,Adani Enterprises Limited,Thermal Coal,Energy,Mr. Gautambhai Shantilal Adani S.Y. B.Com,"Ahmedabad, India",https://www.adanienterprises.com,2308.8,2238.85,2664840298496,77.06275,29.96,0.00059999997,3743.9,2025.0
2016-08-01 00:00:00+05:30,43.260919221053875,2314.95,2213.75,41.47393798828125,1379552,0.0,0.0,ADANIENT.NS,Adani Enterprises Limited,Thermal Coal,Energy,Mr. Gautambhai Shantilal Adani S.Y. B.Com,"Ahmedabad, India",https://www.adanienterprises.com,2308.8,2238.85,2664840298496,77.06275,29.96,0.00059999997,3743.9,2025.0
2016-08-02 00:00:00+05:30,41.34057005112527,2314.95,2213.75,41.5005989074707,1379552,0.0,0.0,ADANIENT.NS,Adani Enterprises Limited,Thermal Coal,Energy,Mr. Gautambhai Shantilal Adani S.Y. B.Com,"Ahmedabad, India",https://www.adanienterprises.com,2308.8,2238.85,2664840298496,77.06275,29.96,0.00059999997,3743.9,2025.0
2016-08-03 00:00:00+05:30,41.34057350718532,2314.95,2213.75,40.08702087402344,1379552,0.0,0.0,ADANIENT.NS,Adani Enterprises Limited,Thermal Coal,Energy,Mr. Gautambhai Shantilal Adani S.Y. B.Com,"Ahmedabad, India",https://www.adanienterprises.com,2308.8,2238.85,2664840298496,77.06275,29.96,0.00059999997,3743.9,2025.0
2016-08-04 00:00:00+05:30,40.407079174078795,2314.95,2213.75,40.83382034301758,1379552,0.0,0.0,ADANIENT.NS,Adani Enterprises Limited,Thermal Coal,Energy,Mr. Gautambhai Shantilal Adani S.Y. B.Com,"Ahmedabad, India",https://www.adanienterprises.com,2308.8,2238.85,2664840298496,77.06275,29.96,0.00059999997,3743.9,2025.0
2016-08-05 00:00:00+05:30,41.12720567746358,2314.95,2213.75,41.20722198486328,1379552,0.0,0.0,ADANIENT.NS,Adani Enterprises Limited,Thermal Coal,Energy,Mr. Gautambhai Shantilal Adani S.Y. B.Com,"Ahmedabad, India",https://www.adanienterprises.com,2308.8,2238.85,2664840298496,77.06275,29.96,0.00059999997,3743.9,2025.0
2016-08-08 00:00:00+05:30,41.44725782303569,2314.95,2213.75,41.980682373046875,1379552,0.0,0.0,ADANIENT.NS,Adani Enterprises Limited,Thermal Coal,Energy,Mr. Gautambhai Shantilal Adani S.Y. B.Com,"Ahmedabad, India",https://www.adanienterprises.com,2308.8,2238.85,2664840298496,77.06275,29.96,0.00059999997,3743.9,2025.0
2016-08-09 00:00:00+05:30,41.90067079154829,2314.95,2213.75,41.393917083740234,1379552,0.0,0.0,ADANIENT.NS,Adani Enterprises Limited,Thermal Coal,Energy,Mr. Gautambhai Shantilal Adani S.Y. B.Com,"Ahmedabad, India",https://www.adanienterprises.com,2308.8,2238.85,2664840298496,77.06275,29.96,0.00059999997,3743.9,2025.0
2016-08-10 00:00:00+05:30,41.500601683333116,2314.95,2213.75,42.62080001831055,1379552,0.0,0.0,ADANIENT.NS,Adani Enterprises Limited,Thermal Coal,Energy,Mr. Gautambhai Shantilal Adani S.Y. B.Com,"Ahmedabad, India",https://www.adanienterprises.com,2308.8,2238.85,2664840298496,77.06275,29.96,0.00059999997,3743.9,2025.0
2016-08-11 00:00:00+05:30,42.674142319393496,2314.95,2213.75,40.487091064453125,1379552,0.0,0.0,ADANIENT.NS,Adani Enterprises Limited,Thermal Coal,Energy,Mr. Gautambhai Shantilal Adani S.Y. B.Com,"Ahmedabad, India",https://www.adanienterprises.com,2308.8,2238.85,2664840298496,77.06275,29.96,0.00059999997,3743.9,2025.0
2016-08-12 00:00:00+05:30,40.593777621242715,2314.95,2213.75,40.00700759887695,1379552,0.0,0.0,ADANIENT.NS,Adani Enterprises Limited,Thermal Coal,Energy,Mr. Gautambhai Shantilal Adani S.Y. B.Com,"Ahmedabad, India",https://www.adanienterprises.com,2308.8,2238.85,2664840298496,77.06275,29.96,0.00059999997,3743.9,2025.0
2016-08-16 00:00:00+05:30,40.11369195507802,2314.95,2213.75,39.42023849487305,1379552,0.0,0.0,ADANIENT.NS,Adani Enterprises Limited,Thermal Coal,Energy,Mr. Gautambhai Shantilal Adani S.Y. B.Com,"Ahmedabad, India",https://www.adanienterprises.com,2308.8,2238.85,2664840298496,77.06275,29.96,0.00059999997,3743.9,2025.0
2016-08-17 00:00:00+05:30,39.473580101457266,2314.95,2213.75,39.68695068359375,1379552,0.0,0.0,ADANIENT.NS,Adani Enterprises Limited,Thermal Coal,Energy,Mr. Gautambhai Shantilal Adani S.Y. B.Com,"Ahmedabad, India",https://www.adanienterprises.com,2308.8,2238.85,2664840298496,77.06275,29.96,0.00059999997,3743.9,2025.0
2016-08-18 00:00:00+05:30,39.846978741740436,2314.95,2213.75,39.87364959716797,1379552,0.0,0.0,ADANIENT.NS,Adani Enterprises Limited,Thermal Coal,Energy,Mr. Gautambhai Shantilal Adani S.Y. B.Com,"Ahmedabad, India",https://www.adanienterprises.com,2308.8,2238.85,2664840298496,77.06275,29.96,0.00059999997,3743.9,2025.0
2016-08-19 00:00:00+05:30,39.953667822817806,2314.95,2213.75,41.04719161987305,1379552,0.0,0.0,ADANIENT.NS,Adani Enterprises Limited,Thermal Coal,Energy,Mr. Gautambhai Shantilal Adani S.Y. B.Com,"Ahmedabad, India",https://www.adanienterprises.com,2308.8,2238.85,2664840298496,77.06275,29.96,0.00059999997,3743.9,2025.0
2016-08-22 00:00:00+05:30,41.04718963213557,2314.95,2213.75,40.00700759887695,1379552,0.0,0.0,ADANIENT.NS,Adani Enterprises Limited,Thermal Coal,Energy,Mr. Gautambhai Shantilal Adani S.Y. B.Com,"Ahmedabad, India",https://www.adanienterprises.com,2308.8,2238.85,2664840298496,77.06275,29.96,0.00059999997,3743.9,2025.0
2016-08-23 00:00:00+05:30,39.953668309276,2314.95,2213.75,39.713626861572266,1379552,0.0,0.0,ADANIENT.NS,Adani Enterprises Limited,Thermal Coal,Energy,Mr. Gautambhai Shantilal Adani S.Y. B.Com,"Ahmedabad, India",https://www.adanienterprises.com,2308.8,2238.85,2664840298496,77.06275,29.96,0.00059999997,3743.9,2025.0
2016-08-24 00:00:00+05:30,39.580261879475216,2314.95,2213.75,39.92698669433594,1379552,0.0,0.0,ADANIENT.NS,Adani Enterprises Limited,Thermal Coal,Energy,Mr. Gautambhai Shantilal Adani S.Y. B.Com,"Ahmedabad, India",https://www.adanienterprises.com,2308.8,2238.85,2664840298496,77.06275,29.96,0.00059999997,3743.9,2025.0
2016-08-25 00:00:00+05:30,40.007011821436,2314.95,2213.75,39.073516845703125,1379552,0.0,0.0,ADANIENT.NS,Adani Enterprises Limited,Thermal Coal,Energy,Mr. Gautambhai Shantilal Adani S.Y. B.Com,"Ahmedabad, India",https://www.adanienterprises.com,2308.8,2238.85,2664840298496,77.06275,29.96,0.00059999997,3743.9,2025.0
2016-08-26 00:00:00+05:30,39.12685874053595,2314.95,2213.75,38.54008865356445,1379552,0.0,0.0,ADANIENT.NS,Adani Enterprises Limited,Thermal Coal,Energy,Mr. Gautambhai Shantilal Adani S.Y. B.Com,"Ahmedabad, India",https://www.adanienterprises.com,2308.8,2238.85,2664840298496,77.06275,29.96,0.00059999997,3743.9,2025.0
2016-08-29 00:00:00+05:30,37.65993153051872,2314.95,2213.75,38.806800842285156,1379552,0.0,0.0,ADANIENT.NS,Adani Enterprises Limited,Thermal Coal,Energy,Mr. Gautambhai Shantilal Adani S.Y. B.Com,"Ahmedabad, India",https://www.adanienterprises.com,2308.8,2238.85,2664840298496,77.06275,29.96,0.00059999997,3743.9,2025.0
2016-08-30 00:00:00+05:30,38.94015801938743,2314.95,2213.75,39.12685775756836,1379552,0.0,0.0,ADANIENT.NS,Adani Enterprises Limited,Thermal Coal,Energy,Mr. Gautambhai Shantilal Adani S.Y. B.Com,"Ahmedabad, India",https://www.adanienterprises.com,2308.8,2238.85,2664840298496,77.06275,29.96,0.00059999997,3743.9,2025.0
2016-08-31 00:00:00+05:30,39.28687370473337,2314.95,2213.75,38.83346176147461,1379552,0.0,0.0,ADANIENT.NS,Adani Enterprises Limited,Thermal Coal,Energy,Mr. Gautambhai Shantilal Adani S.Y. B.Com,"Ahmedabad, India",https://www.adanienterprises.com,2308.8,2238.85,2664840298496,77.06275,29.96,0.00059999997,3743.9,2025.0
2016-09-01 00:00:00+05:30,38.88681388966429,2314.95,2213.75,37.606590270996094,1379552,0.0,0.0,ADANIENT.NS,Adani Enterprises Limited,Thermal Coal,Energy,Mr. Gautambhai Shantilal Adani S.Y. B.Com,"Ahmedabad, India",https://www.adanienterprises.com,2308.8,2238.85,2664840298496,77.06275,29.96,0.00059999997,3743.9,2025.0
2016-09-02 00:00:00+05:30,37.79328916195845,2314.95,2213.75,37.9266471862793,1379552,0.0,0.0,ADANIENT.NS,Adani Enterprises Limited,Thermal Coal,Energy,Mr. Gautambhai Shantilal Adani S.Y. B.Com,"Ahmedabad, India",https://www.adanienterprises.com,2308.8,2238.85,2664840298496,77.06275,29.96,0.00059999997,3743.9,2025.0
2016-09-06 00:00:00+05:30,38.16668082217664,2314.95,2213.75,38.46006393432617,1379552,0.0,0.0,ADANIENT.NS,Adani Enterprises Limited,Thermal Coal,Energy,Mr. Gautambhai Shantilal Adani S.Y. B.Com,"Ahmedabad, India",https://www.adanienterprises.com,2308.8,2238.85,2664840298496,77.06275,29.96,0.00059999997,3743.9,2025.0
2016-09-07 00:00:00+05:30,38.62009580798356,2314.95,2213.75,38.646766662597656,1379552,0.0,0.0,ADANIENT.NS,Adani Enterprises Limited,Thermal Coal,Energy,Mr. Gautambhai Shantilal Adani S.Y. B.Com,"Ahmedabad, India",https://www.adanienterprises.com,2308.8,2238.85,2664840298496,77.06275,29.96,0.00059999997,3743.9,2025.0
2016-09-08 00:00:00+05:30,38.8067990504638,2314.95,2213.75,39.713626861572266,1379552,0.0,0.0,ADANIENT.NS,Adani Enterprises Limited,Thermal Coal,Energy,Mr. Gautambhai Shantilal Adani S.Y. B.Com,"Ahmedabad, India",https://www.adanienterprises.com,2308.8,2238.85,2664840298496,77.06275,29.96,0.00059999997,3743.9,2025.0
2016-09-09 00:00:00+05:30,39.87365604040656,2314.95,2213.75,39.18020248413086,1379552,0.0,0.0,ADANIENT.NS,Adani Enterprises Limited,Thermal Coal,Energy,Mr. Gautambhai Shantilal Adani S.Y. B.Com,"Ahmedabad, India",https://www.adanienterprises.com,2308.8,2238.85,2664840298496,77.06275,29.96,0.00059999997,3743.9,2025.0
2016-09-12 00:00:00+05:30,38.67343373647082,2314.95,2213.75,37.313194274902344,1379552,0.0,0.0,ADANIENT.NS,Adani Enterprises Limited,Thermal Coal,Energy,Mr. Gautambhai Shantilal Adani S.Y. B.Com,"Ahmedabad, India",https://www.adanienterprises.com,2308.8,2238.85,2664840298496,77.06275,29.96,0.00059999997,3743.9,2025.0
2016-09-14 00:00:00+05:30,37.36653888969721,2314.95,2213.75,38.033321380615234,1379552,0.0,0.0,ADANIENT.NS,Adani Enterprises Limited,Thermal Coal,Energy,Mr. Gautambhai Shantilal Adani S.Y. B.Com,"Ahmedabad, India",https://www.adanienterprises.com,2308.8,2238.85,2664840298496,77.06275,29.96,0.00059999997,3743.9,2025.0
2016-09-15 00:00:00+05:30,38.14001546380476,2314.95,2213.75,37.95331573486328,1379552,0.0,0.0,ADANIENT.NS,Adani Enterprises Limited,Thermal Coal,Energy,Mr. Gautambhai Shantilal Adani S.Y. B.Com,"Ahmedabad, India",https://www.adanienterprises.com,2308.8,2238.85,2664840298496,77.06275,29.96,0.00059999997,3743.9,2025.0
2016-09-16 00:00:00+05:30,38.1400063795358,2314.95,2213.75,36.85978317260742,1379552,0.0,0.0,ADANIENT.NS,Adani Enterprises Limited,Thermal Coal,Energy,Mr. Gautambhai Shantilal Adani S.Y. B.Com,"Ahmedabad, India",https://www.adanienterprises.com,2308.8,2238.85,2664840298496,77.06275,29.96,0.00059999997,3743.9,2025.0
2016-09-19 00:00:00+05:30,37.073161973588896,2314.95,2213.75,37.339874267578125,1379552,0.0,0.0,ADANIENT.NS,Adani Enterprises Limited,Thermal Coal,Energy,Mr. Gautambhai Shantilal Adani S.Y. B.Com,"Ahmedabad, India",https://www.adanienterprises.com,2308.8,2238.85,2664840298496,77.06275,29.96,0.00059999997,3743.9,2025.0
2016-09-20 00:00:00+05:30,37.446565119438816,2314.95,2213.75,37.606590270996094,1379552,0.0,0.0,ADANIENT.NS,Adani Enterprises Limited,Thermal Coal,Energy,Mr. Gautambhai Shantilal Adani S.Y. B.Com,"Ahmedabad, India",https://www.adanienterprises.com,2308.8,2238.85,2664840298496,77.06275,29.96,0.00059999997,3743.9,2025.0
2016-09-21 00:00:00+05:30,37.8199555072596,2314.95,2213.75,37.84663009643555,1379552,0.0,0.0,ADANIENT.NS,Adani Enterprises Limited,Thermal Coal,Energy,Mr. Gautambhai Shantilal Adani S.Y. B.Com,"Ahmedabad, India",https://www.adanienterprises.com,2308.8,2238.85,2664840298496,77.06275,29.96,0.00059999997,3743.9,2025.0
2016-09-22 00:00:00+05:30,38.19335935290367,2314.95,2213.75,38.326717376708984,1379552,0.0,0.0,ADANIENT.NS,Adani Enterprises Limited,Thermal Coal,Energy,Mr. Gautambhai Shantilal Adani S.Y. B.Com,"Ahmedabad, India",https://www.adanienterprises.com,2308.8,2238.85,2664840298496,77.06275,29.96,0.00059999997,3743.9,2025.0
2016-09-23 00:00:00+05:30,38.62009671286246,2314.95,2213.75,38.193355560302734,1379552,0.0,0.0,ADANIENT.NS,Adani Enterprises Limited,Thermal Coal,Energy,Mr. Gautambhai Shantilal Adani S.Y. B.Com,"Ahmedabad, India",https://www.adanienterprises.com,2308.8,2238.85,2664840298496,77.06275,29.96,0.00059999997,3743.9,2025.0
2016-09-26 00:00:00+05:30,38.08667703646005,2314.95,2213.75,37.473236083984375,1379552,0.0,0.0,ADANIENT.NS,Adani Enterprises Limited,Thermal Coal,Energy,Mr. Gautambhai Shantilal Adani S.Y. B.Com,"Ahmedabad, India",https://www.adanienterprises.com,2308.8,2238.85,2664840298496,77.06275,29.96,0.00059999997,3743.9,2025.0
2016-09-27 00:00:00+05:30,37.68660658114306,2314.95,2213.75,37.606590270996094,1379552,0.0,0.0,ADANIENT.NS,Adani Enterprises Limited,Thermal Coal,Energy,Mr. Gautambhai Shantilal Adani S.Y. B.Com,"Ahmedabad, India",https://www.adanienterprises.com,2308.8,2238.85,2664840298496,77.06275,29.96,0.00059999997,3743.9,2025.0
2016-09-28 00:00:00+05:30,37.60658713334796,2314.95,2213.75,37.95331573486328,1379552,0.0,0.0,ADANIENT.NS,Adani Enterprises Limited,Thermal Coal,Energy,Mr. Gautambhai Shantilal Adani S.Y. B.Com,"Ahmedabad, India",https://www.adanienterprises.com,2308.8,2238.85,2664840298496,77.06275,29.96,0.00059999997,3743.9,2025.0
2016-09-29 00:00:00+05:30,38.2466996083726,2314.95,2213.75,34.6193962097168,1379552,0.0,0.0,ADANIENT.NS,Adani Enterprises Limited,Thermal Coal,Energy,Mr. Gautambhai Shantilal Adani S.Y. B.Com,"Ahmedabad, India",https://www.adanienterprises.com,2308.8,2238.85,2664840298496,77.06275,29.96,0.00059999997,3743.9,2025.0
2016-09-30 00:00:00+05:30,34.56605213607415,2314.95,2213.75,35.04613494873047,1379552,0.0,0.0,ADANIENT.NS,Adani Enterprises Limited,Thermal Coal,Energy,Mr. Gautambhai Shantilal Adani S.Y. B.Com,"Ahmedabad, India",https://www.adanienterprises.com,2308.8,2238.85,2664840298496,77.06275,29.96,0.00059999997,3743.9,2025.0
2016-10-03 00:00:00+05:30,35.206172668613526,2314.95,2213.75,35.73959732055664,1379552,0.0,0.0,ADANIENT.NS,Adani Enterprises Limited,Thermal Coal,Energy,Mr. Gautambhai Shantilal Adani S.Y. B.Com,"Ahmedabad, India",https://www.adanienterprises.com,2308.8,2238.85,2664840298496,77.06275,29.96,0.00059999997,3743.9,2025.0
2016-10-04 00:00:00+05:30,36.00630188048762,2314.95,2213.75,36.27301788330078,1379552,0.0,0.0,ADANIENT.NS,Adani Enterprises Limited,Thermal Coal,Energy,Mr. Gautambhai Shantilal Adani S.Y. B.Com,"Ahmedabad, India",https://www.adanienterprises.com,2308.8,2238.85,2664840298496,77.06275,29.96,0.00059999997,3743.9,2025.0
2016-10-05 00:00:00+05:30,36.486393105377395,2314.95,2213.75,36.08632278442383,1379552,0.0,0.0,ADANIENT.NS,Adani Enterprises Limited,Thermal Coal,Energy,Mr. Gautambhai Shantilal Adani S.Y. B.Com,"Ahmedabad, India",https://www.adanienterprises.com,2308.8,2238.85,2664840298496,77.06275,29.96,0.00059999997,3743.9,2025.0
2016-10-06 00:00:00+05:30,36.27301415929494,2314.95,2213.75,35.606231689453125,1379552,0.0,0.0,ADANIENT.NS,Adani Enterprises Limited,Thermal Coal,Energy,Mr. Gautambhai Shantilal Adani S.Y. B.Com,"Ahmedabad, India",https://www.adanienterprises.com,2308.8,2238.85,2664840298496,77.06275,29.96,0.00059999997,3743.9,2025.0
2016-10-07 00:00:00+05:30,35.81961267026839,2314.95,2213.75,36.19300842285156,1379552,0.0,0.0,ADANIENT.NS,Adani Enterprises Limited,Thermal Coal,Energy,Mr. Gautambhai Shantilal Adani S.Y. B.Com,"Ahmedabad, India",https://www.adanienterprises.com,2308.8,2238.85,2664840298496,77.06275,29.96,0.00059999997,3743.9,2025.0
2016-10-10 00:00:00+05:30,36.45972648030831,2314.95,2213.75,36.83312225341797,1379552,0.0,0.0,ADANIENT.NS,Adani Enterprises Limited,Thermal Coal,Energy,Mr. Gautambhai Shantilal Adani S.Y. B.Com,"Ahmedabad, India",https://www.adanienterprises.com,2308.8,2238.85,2664840298496,77.06275,29.96,0.00059999997,3743.9,2025.0
2016-10-13 00:00:00+05:30,36.77977237939726,2314.95,2213.75,35.95296096801758,1379552,0.0,0.0,ADANIENT.NS,Adani Enterprises Limited,Thermal Coal,Energy,Mr. Gautambhai Shantilal Adani S.Y. B.Com,"Ahmedabad, India",https://www.adanienterprises.com,2308.8,2238.85,2664840298496,77.06275,29.96,0.00059999997,3743.9,2025.0
2016-10-14 00:00:00+05:30,36.16633001796048,2314.95,2213.75,36.05964660644531,1379552,0.0,0.0,ADANIENT.NS,Adani Enterprises Limited,Thermal Coal,Energy,Mr. Gautambhai Shantilal Adani S.Y. B.Com,"Ahmedabad, India",https://www.adanienterprises.com,2308.8,2238.85,2664840298496,77.06275,29.96,0.00059999997,3743.9,2025.0
2016-10-17 00:00:00+05:30,36.219676976723576,2314.95,2213.75,35.95296096801758,1379552,0.0,0.0,ADANIENT.NS,Adani Enterprises Limited,Thermal Coal,Energy,Mr. Gautambhai Shantilal Adani S.Y. B.Com,"Ahmedabad, India",https://www.adanienterprises.com,2308.8,2238.85,2664840298496,77.06275,29.96,0.00059999997,3743.9,2025.0
2016-10-18 00:00:00+05:30,36.24635222883239,2314.95,2213.75,36.56640625,1379552,0.0,0.0,ADANIENT.NS,Adani Enterprises Limited,Thermal Coal,Energy,Mr. Gautambhai Shantilal Adani S.Y. B.Com,"Ahmedabad, India",https://www.adanienterprises.com,2308.8,2238.85,2664840298496,77.06275,29.96,0.00059999997,3743.9,2025.0
2016-10-19 00:00:00+05:30,36.75310514778644,2314.95,2213.75,36.8864631652832,1379552,0.0,0.0,ADANIENT.NS,Adani Enterprises Limited,Thermal Coal,Energy,Mr. Gautambhai Shantilal Adani S.Y. B.Com,"Ahmedabad, India",https://www.adanienterprises.com,2308.8,2238.85,2664840298496,77.06275,29.96,0.00059999997,3743.9,2025.0
2016-10-20 00:00:00+05:30,37.07316253725917,2314.95,2213.75,37.95331573486328,1379552,0.0,0.0,ADANIENT.NS,Adani Enterprises Limited,Thermal Coal,Energy,Mr. Gautambhai Shantilal Adani S.Y. B.Com,"Ahmedabad, India",https://www.adanienterprises.com,2308.8,2238.85,2664840298496,77.06275,29.96,0.00059999997,3743.9,2025.0
2016-10-21 00:00:00+05:30,38.14001926932712,2314.95,2213.75,38.08667755126953,1379552,0.0,0.0,ADANIENT.NS,Adani Enterprises Limited,Thermal Coal,Energy,Mr. Gautambhai Shantilal Adani S.Y. B.Com,"Ahmedabad, India",https://www.adanienterprises.com,2308.8,2238.85,2664840298496,77.06275,29.96,0.00059999997,3743.9,2025.0
2016-10-24 00:00:00+05:30,38.353389875925856,2314.95,2213.75,38.08667755126953,1379552,0.0,0.0,ADANIENT.NS,Adani Enterprises Limited,Thermal Coal,Energy,Mr. Gautambhai Shantilal Adani S.Y. B.Com,"Ahmedabad, India",https://www.adanienterprises.com,2308.8,2238.85,2664840298496,77.06275,29.96,0.00059999997,3743.9,2025.0
2016-10-25 00:00:00+05:30,37.33987464680601,2314.95,2213.75,36.00630569458008,1379552,0.0,0.0,ADANIENT.NS,Adani Enterprises Limited,Thermal Coal,Energy,Mr. Gautambhai Shantilal Adani S.Y. B.Com,"Ahmedabad, India",https://www.adanienterprises.com,2308.8,2238.85,2664840298496,77.06275,29.96,0.00059999997,3743.9,2025.0
2016-10-26 00:00:00+05:30,36.00630730053992,2314.95,2213.75,35.89962387084961,1379552,0.0,0.0,ADANIENT.NS,Adani Enterprises Limited,Thermal Coal,Energy,Mr. Gautambhai Shantilal Adani S.Y. B.Com,"Ahmedabad, India",https://www.adanienterprises.com,2308.8,2238.85,2664840298496,77.06275,29.96,0.00059999997,3743.9,2025.0
2016-10-27 00:00:00+05:30,35.979641115200124,2314.95,2213.75,35.712928771972656,1379552,0.0,0.0,ADANIENT.NS,Adani Enterprises Limited,Thermal Coal,Energy,Mr. Gautambhai Shantilal Adani S.Y. B.Com,"Ahmedabad, India",https://www.adanienterprises.com,2308.8,2238.85,2664840298496,77.06275,29.96,0.00059999997,3743.9,2025.0
2016-10-28 00:00:00+05:30,35.819602955017196,2314.95,2213.75,35.68624496459961,1379552,0.0,0.0,ADANIENT.NS,Adani Enterprises Limited,Thermal Coal,Energy,Mr. Gautambhai Shantilal Adani S.Y. B.Com,"Ahmedabad, India",https://www.adanienterprises.com,2308.8,2238.85,2664840298496,77.06275,29.96,0.00059999997,3743.9,2025.0
2016-11-01 00:00:00+05:30,35.89961478118601,2314.95,2213.75,35.606231689453125,1379552,0.0,0.0,ADANIENT.NS,Adani Enterprises Limited,Thermal Coal,Energy,Mr. Gautambhai Shantilal Adani S.Y. B.Com,"Ahmedabad, India",https://www.adanienterprises.com,2308.8,2238.85,2664840298496,77.06275,29.96,0.00059999997,3743.9,2025.0
2016-11-02 00:00:00+05:30,35.31286051364615,2314.95,2213.75,34.539390563964844,1379552,0.0,0.0,ADANIENT.NS,Adani Enterprises Limited,Thermal Coal,Energy,Mr. Gautambhai Shantilal Adani S.Y. B.Com,"Ahmedabad, India",https://www.adanienterprises.com,2308.8,2238.85,2664840298496,77.06275,29.96,0.00059999997,3743.9,2025.0
2016-11-03 00:00:00+05:30,34.459366640293055,2314.95,2213.75,34.40602493286133,1379552,0.0,0.0,ADANIENT.NS,Adani Enterprises Limited,Thermal Coal,Energy,Mr. Gautambhai Shantilal Adani S.Y. B.Com,"Ahmedabad, India",https://www.adanienterprises.com,2308.8,2238.85,2664840298496,77.06275,29.96,0.00059999997,3743.9,2025.0
2016-11-04 00:00:00+05:30,34.51271330476804,2314.95,2213.75,33.285831451416016,1379552,0.0,0.0,ADANIENT.NS,Adani Enterprises Limited,Thermal Coal,Energy,Mr. Gautambhai Shantilal Adani S.Y. B.Com,"Ahmedabad, India",https://www.adanienterprises.com,2308.8,2238.85,2664840298496,77.06275,29.96,0.00059999997,3743.9,2025.0
2016-11-07 00:00:00+05:30,33.71256717030451,2314.95,2213.75,33.65922546386719,1379552,0.0,0.0,ADANIENT.NS,Adani Enterprises Limited,Thermal Coal,Energy,Mr. Gautambhai Shantilal Adani S.Y. B.Com,"Ahmedabad, India",https://www.adanienterprises.com,2308.8,2238.85,2664840298496,77.06275,29.96,0.00059999997,3743.9,2025.0
2016-11-08 00:00:00+05:30,33.87259813350876,2314.95,2213.75,34.56605529785156,1379552,0.0,0.0,ADANIENT.NS,Adani Enterprises Limited,Thermal Coal,Energy,Mr. Gautambhai Shantilal Adani S.Y. B.Com,"Ahmedabad, India",https://www.adanienterprises.com,2308.8,2238.85,2664840298496,77.06275,29.96,0.00059999997,3743.9,2025.0
2016-11-09 00:00:00+05:30,31.898920884507735,2314.95,2213.75,33.01911544799805,1379552,0.0,0.0,ADANIENT.NS,Adani Enterprises Limited,Thermal Coal,Energy,Mr. Gautambhai Shantilal Adani S.Y. B.Com,"Ahmedabad, India",https://www.adanienterprises.com,2308.8,2238.85,2664840298496,77.06275,29.96,0.00059999997,3743.9,2025.0
2016-11-10 00:00:00+05:30,33.659226780480765,2314.95,2213.75,34.75275421142578,1379552,0.0,0.0,ADANIENT.NS,Adani Enterprises Limited,Thermal Coal,Energy,Mr. Gautambhai Shantilal Adani S.Y. B.Com,"Ahmedabad, India",https://www.adanienterprises.com,2308.8,2238.85,2664840298496,77.06275,29.96,0.00059999997,3743.9,2025.0
2016-11-11 00:00:00+05:30,34.13931505405921,2314.95,2213.75,34.11264419555664,1379552,0.0,0.0,ADANIENT.NS,Adani Enterprises Limited,Thermal Coal,Energy,Mr. Gautambhai Shantilal Adani S.Y. B.Com,"Ahmedabad, India",https://www.adanienterprises.com,2308.8,2238.85,2664840298496,77.06275,29.96,0.00059999997,3743.9,2025.0
2016-11-15 00:00:00+05:30,34.29933730475356,2314.95,2213.75,32.9924430847168,1379552,0.0,0.0,ADANIENT.NS,Adani Enterprises Limited,Thermal Coal,Energy,Mr. Gautambhai Shantilal Adani S.Y. B.Com,"Ahmedabad, India",https://www.adanienterprises.com,2308.8,2238.85,2664840298496,77.06275,29.96,0.00059999997,3743.9,2025.0
2016-11-16 00:00:00+05:30,33.419194976548894,2314.95,2213.75,33.04579544067383,1379552,0.0,0.0,ADANIENT.NS,Adani Enterprises Limited,Thermal Coal,Energy,Mr. Gautambhai Shantilal Adani S.Y. B.Com,"Ahmedabad, India",https://www.adanienterprises.com,2308.8,2238.85,2664840298496,77.06275,29.96,0.00059999997,3743.9,2025.0
2016-11-17 00:00:00+05:30,33.179141930230124,2314.95,2213.75,33.5792121887207,1379552,0.0,0.0,ADANIENT.NS,Adani Enterprises Limited,Thermal Coal,Energy,Mr. Gautambhai Shantilal Adani S.Y. B.Com,"Ahmedabad, India",https://www.adanienterprises.com,2308.8,2238.85,2664840298496,77.06275,29.96,0.00059999997,3743.9,2025.0
2016-11-18 00:00:00+05:30,33.552545707313286,2314.95,2213.75,34.32601547241211,1379552,0.0,0.0,ADANIENT.NS,Adani Enterprises Limited,Thermal Coal,Energy,Mr. Gautambhai Shantilal Adani S.Y. B.Com,"Ahmedabad, India",https://www.adanienterprises.com,2308.8,2238.85,2664840298496,77.06275,29.96,0.00059999997,3743.9,2025.0
2016-11-21 00:00:00+05:30,34.8594346922348,2314.95,2213.75,33.49919509887695,1379552,0.0,0.0,ADANIENT.NS,Adani Enterprises Limited,Thermal Coal,Energy,Mr. Gautambhai Shantilal Adani S.Y. B.Com,"Ahmedabad, India",https://www.adanienterprises.com,2308.8,2238.85,2664840298496,77.06275,29.96,0.00059999997,3743.9,2025.0
2016-11-22 00:00:00+05:30,33.68590257369615,2314.95,2213.75,33.365848541259766,1379552,0.0,0.0,ADANIENT.NS,Adani Enterprises Limited,Thermal Coal,Energy,Mr. Gautambhai Shantilal Adani S.Y. B.Com,"Ahmedabad, India",https://www.adanienterprises.com,2308.8,2238.85,2664840298496,77.06275,29.96,0.00059999997,3743.9,2025.0
2016-11-23 00:00:00+05:30,33.63255461189071,2314.95,2213.75,33.79258346557617,1379552,0.0,0.0,ADANIENT.NS,Adani Enterprises Limited,Thermal Coal,Energy,Mr. Gautambhai Shantilal Adani S.Y. B.Com,"Ahmedabad, India",https://www.adanienterprises.com,2308.8,2238.85,2664840298496,77.06275,29.96,0.00059999997,3743.9,2025.0
2016-11-24 00:00:00+05:30,33.552543747949386,2314.95,2213.75,32.88575744628906,1379552,0.0,0.0,ADANIENT.NS,Adani Enterprises Limited,Thermal Coal,Energy,Mr. Gautambhai Shantilal Adani S.Y. B.Com,"Ahmedabad, India",https://www.adanienterprises.com,2308.8,2238.85,2664840298496,77.06275,29.96,0.00059999997,3743.9,2025.0
2016-11-25 00:00:00+05:30,33.25915738160512,2314.95,2213.75,33.899269104003906,1379552,0.0,0.0,ADANIENT.NS,Adani Enterprises Limited,Thermal Coal,Energy,Mr. Gautambhai Shantilal Adani S.Y. B.Com,"Ahmedabad, India",https://www.adanienterprises.com,2308.8,2238.85,2664840298496,77.06275,29.96,0.00059999997,3743.9,2025.0
2016-11-28 00:00:00+05:30,33.84592863941922,2314.95,2213.75,34.9927978515625,1379552,0.0,0.0,ADANIENT.NS,Adani Enterprises Limited,Thermal Coal,Energy,Mr. Gautambhai Shantilal Adani S.Y. B.Com,"Ahmedabad, India",https://www.adanienterprises.com,2308.8,2238.85,2664840298496,77.06275,29.96,0.00059999997,3743.9,2025.0
2016-11-29 00:00:00+05:30,35.046138656198615,2314.95,2213.75,35.44620895385742,1379552,0.0,0.0,ADANIENT.NS,Adani Enterprises Limited,Thermal Coal,Energy,Mr. Gautambhai Shantilal Adani S.Y. B.Com,"Ahmedabad, India",https://www.adanienterprises.com,2308.8,2238.85,2664840298496,77.06275,29.96,0.00059999997,3743.9,2025.0
2016-11-30 00:00:00+05:30,35.472886274695995,2314.95,2213.75,36.29969787597656,1379552,0.0,0.0,ADANIENT.NS,Adani Enterprises Limited,Thermal Coal,Energy,Mr. Gautambhai Shantilal Adani S.Y. B.Com,"Ahmedabad, India",https://www.adanienterprises.com,2308.8,2238.85,2664840298496,77.06275,29.96,0.00059999997,3743.9,2025.0
2016-12-01 00:00:00+05:30,36.433047773121416,2314.95,2213.75,35.819610595703125,1379552,0.0,0.0,ADANIENT.NS,Adani Enterprises Limited,Thermal Coal,Energy,Mr. Gautambhai Shantilal Adani S.Y. B.Com,"Ahmedabad, India",https://www.adanienterprises.com,2308.8,2238.85,2664840298496,77.06275,29.96,0.00059999997,3743.9,2025.0
2016-12-02 00:00:00+05:30,35.63291516980126,2314.95,2213.75,36.29969787597656,1379552,0.0,0.0,ADANIENT.NS,Adani Enterprises Limited,Thermal Coal,Energy,Mr. Gautambhai Shantilal Adani S.Y. B.Com,"Ahmedabad, India",https://www.adanienterprises.com,2308.8,2238.85,2664840298496,77.06275,29.96,0.00059999997,3743.9,2025.0
2016-12-05 00:00:00+05:30,36.27301842620555,2314.95,2213.75,37.15317153930664,1379552,0.0,0.0,ADANIENT.NS,Adani Enterprises Limited,Thermal Coal,Energy,Mr. Gautambhai Shantilal Adani S.Y. B.Com,"Ahmedabad, India",https://www.adanienterprises.com,2308.8,2238.85,2664840298496,77.06275,29.96,0.00059999997,3743.9,2025.0
2016-12-06 00:00:00+05:30,37.87330025556178,2314.95,2213.75,37.233184814453125,1379552,0.0,0.0,ADANIENT.NS,Adani Enterprises Limited,Thermal Coal,Energy,Mr. Gautambhai Shantilal Adani S.Y. B.Com,"Ahmedabad, India",https://www.adanienterprises.com,2308.8,2238.85,2664840298496,77.06275,29.96,0.00059999997,3743.9,2025.0
2016-12-07 00:00:00+05:30,37.87329799351833,2314.95,2213.75,37.259857177734375,1379552,0.0,0.0,ADANIENT.NS,Adani Enterprises Limited,Thermal Coal,Energy,Mr. Gautambhai Shantilal Adani S.Y. B.Com,"Ahmedabad, India",https://www.adanienterprises.com,2308.8,2238.85,2664840298496,77.06275,29.96,0.00059999997,3743.9,2025.0
2016-12-08 00:00:00+05:30,37.65992665073299,2314.95,2213.75,37.71327209472656,1379552,0.0,0.0,ADANIENT.NS,Adani Enterprises Limited,Thermal Coal,Energy,Mr. Gautambhai Shantilal Adani S.Y. B.Com,"Ahmedabad, India",https://www.adanienterprises.com,2308.8,2238.85,2664840298496,77.06275,29.96,0.00059999997,3743.9,2025.0
2016-12-09 00:00:00+05:30,37.87330694467079,2314.95,2213.75,38.08667755126953,1379552,0.0,0.0,ADANIENT.NS,Adani Enterprises Limited,Thermal Coal,Energy,Mr. Gautambhai Shantilal Adani S.Y. B.Com,"Ahmedabad, India",https://www.adanienterprises.com,2308.8,2238.85,2664840298496,77.06275,29.96,0.00059999997,3743.9,2025.0
2016-12-12 00:00:00+05:30,37.926644878495644,2314.95,2213.75,37.95331573486328,1379552,0.0,0.0,ADANIENT.NS,Adani Enterprises Limited,Thermal Coal,Energy,Mr. Gautambhai Shantilal Adani S.Y. B.Com,"Ahmedabad, India",https://www.adanienterprises.com,2308.8,2238.85,2664840298496,77.06275,29.96,0.00059999997,3743.9,2025.0
2016-12-13 00:00:00+05:30,38.0333283185452,2314.95,2213.75,37.8199577331543,1379552,0.0,0.0,ADANIENT.NS,Adani Enterprises Limited,Thermal Coal,Energy,Mr. Gautambhai Shantilal Adani S.Y. B.Com,"Ahmedabad, India",https://www.adanienterprises.com,2308.8,2238.85,2664840298496,77.06275,29.96,0.00059999997,3743.9,2025.0
2016-12-14 00:00:00+05:30,37.8199555072596,2314.95,2213.75,37.84663009643555,1379552,0.0,0.0,ADANIENT.NS,Adani Enterprises Limited,Thermal Coal,Energy,Mr. Gautambhai Shantilal Adani S.Y. B.Com,"Ahmedabad, India",https://www.adanienterprises.com,2308.8,2238.85,2664840298496,77.06275,29.96,0.00059999997,3743.9,2025.0
2016-12-15 00:00:00+05:30,37.553241406010926,2314.95,2213.75,38.88680648803711,1379552,0.0,0.0,ADANIENT.NS,Adani Enterprises Limited,Thermal Coal,Energy,Mr. Gautambhai Shantilal Adani S.Y. B.Com,"Ahmedabad, India",https://www.adanienterprises.com,2308.8,2238.85,2664840298496,77.06275,29.96,0.00059999997,3743.9,2025.0
2016-12-16 00:00:00+05:30,39.153527011513575,2314.95,2213.75,39.23353958129883,1379552,0.0,0.0,ADANIENT.NS,Adani Enterprises Limited,Thermal Coal,Energy,Mr. Gautambhai Shantilal Adani S.Y. B.Com,"Ahmedabad, India",https://www.adanienterprises.com,2308.8,2238.85,2664840298496,77.06275,29.96,0.00059999997,3743.9,2025.0
2016-12-19 00:00:00+05:30,38.99349363622985,2314.95,2213.75,39.020164489746094,1379552,0.0,0.0,ADANIENT.NS,Adani Enterprises Limited,Thermal Coal,Energy,Mr. Gautambhai Shantilal Adani S.Y. B.Com,"Ahmedabad, India",https://www.adanienterprises.com,2308.8,2238.85,2664840298496,77.06275,29.96,0.00059999997,3743.9,2025.0
2016-12-20 00:00:00+05:30,38.940158997664646,2314.95,2213.75,38.54008865356445,1379552,0.0,0.0,ADANIENT.NS,Adani Enterprises Limited,Thermal Coal,Energy,Mr. Gautambhai Shantilal Adani S.Y. B.Com,"Ahmedabad, India",https://www.adanienterprises.com,2308.8,2238.85,2664840298496,77.06275,29.96,0.00059999997,3743.9,2025.0
2016-12-21 00:00:00+05:30,38.67344936591826,2314.95,2213.75,39.260215759277344,1379552,0.0,0.0,ADANIENT.NS,Adani Enterprises Limited,Thermal Coal,Energy,Mr. Gautambhai Shantilal Adani S.Y. B.Com,"Ahmedabad, India",https://www.adanienterprises.com,2308.8,2238.85,2664840298496,77.06275,29.96,0.00059999997,3743.9,2025.0
2016-12-22 00:00:00+05:30,39.10018647577901,2314.95,2213.75,38.2467041015625,1379552,0.0,0.0,ADANIENT.NS,Adani Enterprises Limited,Thermal Coal,Energy,Mr. Gautambhai Shantilal Adani S.Y. B.Com,"Ahmedabad, India",https://www.adanienterprises.com,2308.8,2238.85,2664840298496,77.06275,29.96,0.00059999997,3743.9,2025.0
2016-12-23 00:00:00+05:30,38.22003025516956,2314.95,2213.75,38.060001373291016,1379552,0.0,0.0,ADANIENT.NS,Adani Enterprises Limited,Thermal Coal,Energy,Mr. Gautambhai Shantilal Adani S.Y. B.Com,"Ahmedabad, India",https://www.adanienterprises.com,2308.8,2238.85,2664840298496,77.06275,29.96,0.00059999997,3743.9,2025.0
2016-12-26 00:00:00+05:30,37.713272203487335,2314.95,2213.75,37.17984390258789,1379552,0.0,0.0,ADANIENT.NS,Adani Enterprises Limited,Thermal Coal,Energy,Mr. Gautambhai Shantilal Adani S.Y. B.Com,"Ahmedabad, India",https://www.adanienterprises.com,2308.8,2238.85,2664840298496,77.06275,29.96,0.00059999997,3743.9,2025.0
2016-12-27 00:00:00+05:30,37.28653313686104,2314.95,2213.75,37.8199577331543,1379552,0.0,0.0,ADANIENT.NS,Adani Enterprises Limited,Thermal Coal,Energy,Mr. Gautambhai Shantilal Adani S.Y. B.Com,"Ahmedabad, India",https://www.adanienterprises.com,2308.8,2238.85,2664840298496,77.06275,29.96,0.00059999997,3743.9,2025.0
2016-12-28 00:00:00+05:30,38.033325283454566,2314.95,2213.75,37.7666130065918,1379552,0.0,0.0,ADANIENT.NS,Adani Enterprises Limited,Thermal Coal,Energy,Mr. Gautambhai Shantilal Adani S.Y. B.Com,"Ahmedabad, India",https://www.adanienterprises.com,2308.8,2238.85,2664840298496,77.06275,29.96,0.00059999997,3743.9,2025.0
2016-12-29 00:00:00+05:30,37.60658756175684,2314.95,2213.75,38.966827392578125,1379552,0.0,0.0,ADANIENT.NS,Adani Enterprises Limited,Thermal Coal,Energy,Mr. Gautambhai Shantilal Adani S.Y. B.Com,"Ahmedabad, India",https://www.adanienterprises.com,2308.8,2238.85,2664840298496,77.06275,29.96,0.00059999997,3743.9,2025.0
2016-12-30 00:00:00+05:30,39.126855667262454,2314.95,2213.75,40.83382034301758,1379552,0.0,0.0,ADANIENT.NS,Adani Enterprises Limited,Thermal Coal,Energy,Mr. Gautambhai Shantilal Adani S.Y. B.Com,"Ahmedabad, India",https://www.adanienterprises.com,2308.8,2238.85,2664840298496,77.06275,29.96,0.00059999997,3743.9,2025.0
2017-01-02 00:00:00+05:30,41.500603652722674,2314.95,2213.75,41.04719161987305,1379552,0.0,0.0,ADANIENT.NS,Adani Enterprises Limited,Thermal Coal,Energy,Mr. Gautambhai Shantilal Adani S.Y. B.Com,"Ahmedabad, India",https://www.adanienterprises.com,2308.8,2238.85,2664840298496,77.06275,29.96,0.00059999997,3743.9,2025.0
2017-01-03 00:00:00+05:30,41.12720349627499,2314.95,2213.75,40.83382034301758,1379552,0.0,0.0,ADANIENT.NS,Adani Enterprises Limited,Thermal Coal,Energy,Mr. Gautambhai Shantilal Adani S.Y. B.Com,"Ahmedabad, India",https://www.adanienterprises.com,2308.8,2238.85,2664840298496,77.06275,29.96,0.00059999997,3743.9,2025.0
2017-01-04 00:00:00+05:30,41.073857780127966,2314.95,2213.75,41.5005989074707,1379552,0.0,0.0,ADANIENT.NS,Adani Enterprises Limited,Thermal Coal,Energy,Mr. Gautambhai Shantilal Adani S.Y. B.Com,"Ahmedabad, India",https://www.adanienterprises.com,2308.8,2238.85,2664840298496,77.06275,29.96,0.00059999997,3743.9,2025.0
2017-01-05 00:00:00+05:30,41.873997454061964,2314.95,2213.75,42.220726013183594,1379552,0.0,0.0,ADANIENT.NS,Adani Enterprises Limited,Thermal Coal,Energy,Mr. Gautambhai Shantilal Adani S.Y. B.Com,"Ahmedabad, India",https://www.adanienterprises.com,2308.8,2238.85,2664840298496,77.06275,29.96,0.00059999997,3743.9,2025.0
2017-01-06 00:00:00+05:30,42.24740454539599,2314.95,2213.75,41.954017639160156,1379552,0.0,0.0,ADANIENT.NS,Adani Enterprises Limited,Thermal Coal,Energy,Mr. Gautambhai Shantilal Adani S.Y. B.Com,"Ahmedabad, India",https://www.adanienterprises.com,2308.8,2238.85,2664840298496,77.06275,29.96,0.00059999997,3743.9,2025.0
2017-01-09 00:00:00+05:30,41.90066378634756,2314.95,2213.75,42.00735092163086,1379552,0.0,0.0,ADANIENT.NS,Adani Enterprises Limited,Thermal Coal,Energy,Mr. Gautambhai Shantilal Adani S.Y. B.Com,"Ahmedabad, India",https://www.adanienterprises.com,2308.8,2238.85,2664840298496,77.06275,29.96,0.00059999997,3743.9,2025.0
2017-01-10 00:00:00+05:30,41.90066963600331,2314.95,2213.75,42.78082275390625,1379552,0.0,0.0,ADANIENT.NS,Adani Enterprises Limited,Thermal Coal,Energy,Mr. Gautambhai Shantilal Adani S.Y. B.Com,"Ahmedabad, India",https://www.adanienterprises.com,2308.8,2238.85,2664840298496,77.06275,29.96,0.00059999997,3743.9,2025.0
2017-01-11 00:00:00+05:30,42.967530772844256,2314.95,2213.75,43.127559661865234,1379552,0.0,0.0,ADANIENT.NS,Adani Enterprises Limited,Thermal Coal,Energy,Mr. Gautambhai Shantilal Adani S.Y. B.Com,"Ahmedabad, India",https://www.adanienterprises.com,2308.8,2238.85,2664840298496,77.06275,29.96,0.00059999997,3743.9,2025.0
2017-01-12 00:00:00+05:30,42.99419937257365,2314.95,2213.75,42.754154205322266,1379552,0.0,0.0,ADANIENT.NS,Adani Enterprises Limited,Thermal Coal,Energy,Mr. Gautambhai Shantilal Adani S.Y. B.Com,"Ahmedabad, India",https://www.adanienterprises.com,2308.8,2238.85,2664840298496,77.06275,29.96,0.00059999997,3743.9,2025.0
2017-01-13 00:00:00+05:30,42.70081199420942,2314.95,2213.75,41.874000549316406,1379552,0.0,0.0,ADANIENT.NS,Adani Enterprises Limited,Thermal Coal,Energy,Mr. Gautambhai Shantilal Adani S.Y. B.Com,"Ahmedabad, India",https://www.adanienterprises.com,2308.8,2238.85,2664840298496,77.06275,29.96,0.00059999997,3743.9,2025.0
2017-01-16 00:00:00+05:30,41.82066387129522,2314.95,2213.75,42.56745910644531,1379552,0.0,0.0,ADANIENT.NS,Adani Enterprises Limited,Thermal Coal,Energy,Mr. Gautambhai Shantilal Adani S.Y. B.Com,"Ahmedabad, India",https://www.adanienterprises.com,2308.8,2238.85,2664840298496,77.06275,29.96,0.00059999997,3743.9,2025.0
2017-01-17 00:00:00+05:30,42.62079780503512,2314.95,2213.75,42.11404037475586,1379552,0.0,0.0,ADANIENT.NS,Adani Enterprises Limited,Thermal Coal,Energy,Mr. Gautambhai Shantilal Adani S.Y. B.Com,"Ahmedabad, India",https://www.adanienterprises.com,2308.8,2238.85,2664840298496,77.06275,29.96,0.00059999997,3743.9,2025.0
2017-01-18 00:00:00+05:30,42.194060478225595,2314.95,2213.75,42.24740219116211,1379552,0.0,0.0,ADANIENT.NS,Adani Enterprises Limited,Thermal Coal,Energy,Mr. Gautambhai Shantilal Adani S.Y. B.Com,"Ahmedabad, India",https://www.adanienterprises.com,2308.8,2238.85,2664840298496,77.06275,29.96,0.00059999997,3743.9,2025.0
2017-01-19 00:00:00+05:30,42.40742784460314,2314.95,2213.75,42.994197845458984,1379552,0.0,0.0,ADANIENT.NS,Adani Enterprises Limited,Thermal Coal,Energy,Mr. Gautambhai Shantilal Adani S.Y. B.Com,"Ahmedabad, India",https://www.adanienterprises.com,2308.8,2238.85,2664840298496,77.06275,29.96,0.00059999997,3743.9,2025.0
2017-01-20 00:00:00+05:30,43.180894971887696,2314.95,2213.75,41.340572357177734,1379552,0.0,0.0,ADANIENT.NS,Adani Enterprises Limited,Thermal Coal,Energy,Mr. Gautambhai Shantilal Adani S.Y. B.Com,"Ahmedabad, India",https://www.adanienterprises.com,2308.8,2238.85,2664840298496,77.06275,29.96,0.00059999997,3743.9,2025.0
2017-01-23 00:00:00+05:30,41.28722904968744,2314.95,2213.75,41.71397018432617,1379552,0.0,0.0,ADANIENT.NS,Adani Enterprises Limited,Thermal Coal,Energy,Mr. Gautambhai Shantilal Adani S.Y. B.Com,"Ahmedabad, India",https://www.adanienterprises.com,2308.8,2238.85,2664840298496,77.06275,29.96,0.00059999997,3743.9,2025.0
2017-01-24 00:00:00+05:30,41.76731771626372,2314.95,2213.75,42.48744201660156,1379552,0.0,0.0,ADANIENT.NS,Adani Enterprises Limited,Thermal Coal,Energy,Mr. Gautambhai Shantilal Adani S.Y. B.Com,"Ahmedabad, India",https://www.adanienterprises.com,2308.8,2238.85,2664840298496,77.06275,29.96,0.00059999997,3743.9,2025.0
2017-01-25 00:00:00+05:30,42.594135980422884,2314.95,2213.75,42.67414855957031,1379552,0.0,0.0,ADANIENT.NS,Adani Enterprises Limited,Thermal Coal,Energy,Mr. Gautambhai Shantilal Adani S.Y. B.Com,"Ahmedabad, India",https://www.adanienterprises.com,2308.8,2238.85,2664840298496,77.06275,29.96,0.00059999997,3743.9,2025.0
2017-01-27 00:00:00+05:30,42.727483678875174,2314.95,2213.75,49.39531707763672,1379552,0.0,0.0,ADANIENT.NS,Adani Enterprises Limited,Thermal Coal,Energy,Mr. Gautambhai Shantilal Adani S.Y. B.Com,"Ahmedabad, India",https://www.adanienterprises.com,2308.8,2238.85,2664840298496,77.06275,29.96,0.00059999997,3743.9,2025.0
2017-01-30 00:00:00+05:30,49.02192525155942,2314.95,2213.75,49.261966705322266,1379552,0.0,0.0,ADANIENT.NS,Adani Enterprises Limited,Thermal Coal,Energy,Mr. Gautambhai Shantilal Adani S.Y. B.Com,"Ahmedabad, India",https://www.adanienterprises.com,2308.8,2238.85,2664840298496,77.06275,29.96,0.00059999997,3743.9,2025.0
2017-01-31 00:00:00+05:30,49.07526559318194,2314.95,2213.75,46.48814392089844,1379552,0.0,0.0,ADANIENT.NS,Adani Enterprises Limited,Thermal Coal,Energy,Mr. Gautambhai Shantilal Adani S.Y. B.Com,"Ahmedabad, India",https://www.adanienterprises.com,2308.8,2238.85,2664840298496,77.06275,29.96,0.00059999997,3743.9,2025.0
2017-02-01 00:00:00+05:30,46.941557590324834,2314.95,2213.75,48.461822509765625,1379552,0.0,0.0,ADANIENT.NS,Adani Enterprises Limited,Thermal Coal,Energy,Mr. Gautambhai Shantilal Adani S.Y. B.Com,"Ahmedabad, India",https://www.adanienterprises.com,2308.8,2238.85,2664840298496,77.06275,29.96,0.00059999997,3743.9,2025.0
2017-02-02 00:00:00+05:30,48.2217798619744,2314.95,2213.75,50.11544418334961,1379552,0.0,0.0,ADANIENT.NS,Adani Enterprises Limited,Thermal Coal,Energy,Mr. Gautambhai Shantilal Adani S.Y. B.Com,"Ahmedabad, India",https://www.adanienterprises.com,2308.8,2238.85,2664840298496,77.06275,29.96,0.00059999997,3743.9,2025.0
2017-02-03 00:00:00+05:30,50.38215565492762,2314.95,2213.75,50.43550109863281,1379552,0.0,0.0,ADANIENT.NS,Adani Enterprises Limited,Thermal Coal,Energy,Mr. Gautambhai Shantilal Adani S.Y. B.Com,"Ahmedabad, India",https://www.adanienterprises.com,2308.8,2238.85,2664840298496,77.06275,29.96,0.00059999997,3743.9,2025.0
2017-02-06 00:00:00+05:30,50.72888455703016,2314.95,2213.75,51.84907913208008,1379552,0.0,0.0,ADANIENT.NS,Adani Enterprises Limited,Thermal Coal,Energy,Mr. Gautambhai Shantilal Adani S.Y. B.Com,"Ahmedabad, India",https://www.adanienterprises.com,2308.8,2238.85,2664840298496,77.06275,29.96,0.00059999997,3743.9,2025.0
2017-02-07 00:00:00+05:30,52.222480171597404,2314.95,2213.75,48.99524688720703,1379552,0.0,0.0,ADANIENT.NS,Adani Enterprises Limited,Thermal Coal,Energy,Mr. Gautambhai Shantilal Adani S.Y. B.Com,"Ahmedabad, India",https://www.adanienterprises.com,2308.8,2238.85,2664840298496,77.06275,29.96,0.00059999997,3743.9,2025.0
2017-02-08 00:00:00+05:30,49.3153084420357,2314.95,2213.75,49.12860870361328,1379552,0.0,0.0,ADANIENT.NS,Adani Enterprises Limited,Thermal Coal,Energy,Mr. Gautambhai Shantilal Adani S.Y. B.Com,"Ahmedabad, India",https://www.adanienterprises.com,2308.8,2238.85,2664840298496,77.06275,29.96,0.00059999997,3743.9,2025.0
2017-02-09 00:00:00+05:30,49.34197296638727,2314.95,2213.75,49.955413818359375,1379552,0.0,0.0,ADANIENT.NS,Adani Enterprises Limited,Thermal Coal,Energy,Mr. Gautambhai Shantilal Adani S.Y. B.Com,"Ahmedabad, India",https://www.adanienterprises.com,2308.8,2238.85,2664840298496,77.06275,29.96,0.00059999997,3743.9,2025.0
2017-02-10 00:00:00+05:30,50.1421159610246,2314.95,2213.75,49.5286750793457,1379552,0.0,0.0,ADANIENT.NS,Adani Enterprises Limited,Thermal Coal,Energy,Mr. Gautambhai Shantilal Adani S.Y. B.Com,"Ahmedabad, India",https://www.adanienterprises.com,2308.8,2238.85,2664840298496,77.06275,29.96,0.00059999997,3743.9,2025.0
2017-02-13 00:00:00+05:30,49.90207003726723,2314.95,2213.75,48.91522979736328,1379552,0.0,0.0,ADANIENT.NS,Adani Enterprises Limited,Thermal Coal,Energy,Mr. Gautambhai Shantilal Adani S.Y. B.Com,"Ahmedabad, India",https://www.adanienterprises.com,2308.8,2238.85,2664840298496,77.06275,29.96,0.00059999997,3743.9,2025.0
2017-02-14 00:00:00+05:30,49.02193021991339,2314.95,2213.75,48.40848922729492,1379552,0.0,0.0,ADANIENT.NS,Adani Enterprises Limited,Thermal Coal,Energy,Mr. Gautambhai Shantilal Adani S.Y. B.Com,"Ahmedabad, India",https://www.adanienterprises.com,2308.8,2238.85,2664840298496,77.06275,29.96,0.00059999997,3743.9,2025.0
2017-02-15 00:00:00+05:30,48.808555452529916,2314.95,2213.75,49.20862579345703,1379552,0.0,0.0,ADANIENT.NS,Adani Enterprises Limited,Thermal Coal,Energy,Mr. Gautambhai Shantilal Adani S.Y. B.Com,"Ahmedabad, India",https://www.adanienterprises.com,2308.8,2238.85,2664840298496,77.06275,29.96,0.00059999997,3743.9,2025.0
2017-02-16 00:00:00+05:30,49.448664559925064,2314.95,2213.75,50.302146911621094,1379552,0.0,0.0,ADANIENT.NS,Adani Enterprises Limited,Thermal Coal,Energy,Mr. Gautambhai Shantilal Adani S.Y. B.Com,"Ahmedabad, India",https://www.adanienterprises.com,2308.8,2238.85,2664840298496,77.06275,29.96,0.00059999997,3743.9,2025.0
2017-02-17 00:00:00+05:30,50.62220104023573,2314.95,2213.75,50.03543472290039,1379552,0.0,0.0,ADANIENT.NS,Adani Enterprises Limited,Thermal Coal,Energy,Mr. Gautambhai Shantilal Adani S.Y. B.Com,"Ahmedabad, India",https://www.adanienterprises.com,2308.8,2238.85,2664840298496,77.06275,29.96,0.00059999997,3743.9,2025.0
2017-02-20 00:00:00+05:30,50.142116766620035,2314.95,2213.75,51.95576858520508,1379552,0.0,0.0,ADANIENT.NS,Adani Enterprises Limited,Thermal Coal,Energy,Mr. Gautambhai Shantilal Adani S.Y. B.Com,"Ahmedabad, India",https://www.adanienterprises.com,2308.8,2238.85,2664840298496,77.06275,29.96,0.00059999997,3743.9,2025.0
2017-02-21 00:00:00+05:30,52.22247472935788,2314.95,2213.75,51.9824333190918,1379552,0.0,0.0,ADANIENT.NS,Adani Enterprises Limited,Thermal Coal,Energy,Mr. Gautambhai Shantilal Adani S.Y. B.Com,"Ahmedabad, India",https://www.adanienterprises.com,2308.8,2238.85,2664840298496,77.06275,29.96,0.00059999997,3743.9,2025.0
2017-02-22 00:00:00+05:30,52.06244937399846,2314.95,2213.75,50.43550109863281,1379552,0.0,0.0,ADANIENT.NS,Adani Enterprises Limited,Thermal Coal,Energy,Mr. Gautambhai Shantilal Adani S.Y. B.Com,"Ahmedabad, India",https://www.adanienterprises.com,2308.8,2238.85,2664840298496,77.06275,29.96,0.00059999997,3743.9,2025.0
2017-02-23 00:00:00+05:30,50.4088277052872,2314.95,2213.75,51.529022216796875,1379552,0.0,0.0,ADANIENT.NS,Adani Enterprises Limited,Thermal Coal,Energy,Mr. Gautambhai Shantilal Adani S.Y. B.Com,"Ahmedabad, India",https://www.adanienterprises.com,2308.8,2238.85,2664840298496,77.06275,29.96,0.00059999997,3743.9,2025.0
2017-02-27 00:00:00+05:30,51.63571572132251,2314.95,2213.75,51.23564910888672,1379552,0.0,0.0,ADANIENT.NS,Adani Enterprises Limited,Thermal Coal,Energy,Mr. Gautambhai Shantilal Adani S.Y. B.Com,"Ahmedabad, India",https://www.adanienterprises.com,2308.8,2238.85,2664840298496,77.06275,29.96,0.00059999997,3743.9,2025.0
2017-02-28 00:00:00+05:30,51.20896877133941,2314.95,2213.75,52.542537689208984,1379552,0.0,0.0,ADANIENT.NS,Adani Enterprises Limited,Thermal Coal,Energy,Mr. Gautambhai Shantilal Adani S.Y. B.Com,"Ahmedabad, India",https://www.adanienterprises.com,2308.8,2238.85,2664840298496,77.06275,29.96,0.00059999997,3743.9,2025.0
2017-03-01 00:00:00+05:30,52.809250000024434,2314.95,2213.75,52.275821685791016,1379552,0.0,0.0,ADANIENT.NS,Adani Enterprises Limited,Thermal Coal,Energy,Mr. Gautambhai Shantilal Adani S.Y. B.Com,"Ahmedabad, India",https://www.adanienterprises.com,2308.8,2238.85,2664840298496,77.06275,29.96,0.00059999997,3743.9,2025.0
2017-03-02 00:00:00+05:30,52.46252135756981,2314.95,2213.75,49.92874526977539,1379552,0.0,0.0,ADANIENT.NS,Adani Enterprises Limited,Thermal Coal,Energy,Mr. Gautambhai Shantilal Adani S.Y. B.Com,"Ahmedabad, India",https://www.adanienterprises.com,2308.8,2238.85,2664840298496,77.06275,29.96,0.00059999997,3743.9,2025.0
2017-03-03 00:00:00+05:30,49.71537753925719,2314.95,2213.75,50.51551818847656,1379552,0.0,0.0,ADANIENT.NS,Adani Enterprises Limited,Thermal Coal,Energy,Mr. Gautambhai Shantilal Adani S.Y. B.Com,"Ahmedabad, India",https://www.adanienterprises.com,2308.8,2238.85,2664840298496,77.06275,29.96,0.00059999997,3743.9,2025.0
2017-03-06 00:00:00+05:30,50.70221248716551,2314.95,2213.75,50.888912200927734,1379552,0.0,0.0,ADANIENT.NS,Adani Enterprises Limited,Thermal Coal,Energy,Mr. Gautambhai Shantilal Adani S.Y. B.Com,"Ahmedabad, India",https://www.adanienterprises.com,2308.8,2238.85,2664840298496,77.06275,29.96,0.00059999997,3743.9,2025.0
2017-03-07 00:00:00+05:30,51.022268375880735,2314.95,2213.75,52.19580841064453,1379552,0.0,0.0,ADANIENT.NS,Adani Enterprises Limited,Thermal Coal,Energy,Mr. Gautambhai Shantilal Adani S.Y. B.Com,"Ahmedabad, India",https://www.adanienterprises.com,2308.8,2238.85,2664840298496,77.06275,29.96,0.00059999997,3743.9,2025.0
2017-03-08 00:00:00+05:30,52.27582306973116,2314.95,2213.75,50.48884582519531,1379552,0.0,0.0,ADANIENT.NS,Adani Enterprises Limited,Thermal Coal,Energy,Mr. Gautambhai Shantilal Adani S.Y. B.Com,"Ahmedabad, India",https://www.adanienterprises.com,2308.8,2238.85,2664840298496,77.06275,29.96,0.00059999997,3743.9,2025.0
2017-03-09 00:00:00+05:30,50.32881557146587,2314.95,2213.75,49.92874526977539,1379552,0.0,0.0,ADANIENT.NS,Adani Enterprises Limited,Thermal Coal,Energy,Mr. Gautambhai Shantilal Adani S.Y. B.Com,"Ahmedabad, India",https://www.adanienterprises.com,2308.8,2238.85,2664840298496,77.06275,29.96,0.00059999997,3743.9,2025.0
2017-03-10 00:00:00+05:30,50.142114240539755,2314.95,2213.75,50.168785095214844,1379552,0.0,0.0,ADANIENT.NS,Adani Enterprises Limited,Thermal Coal,Energy,Mr. Gautambhai Shantilal Adani S.Y. B.Com,"Ahmedabad, India",https://www.adanienterprises.com,2308.8,2238.85,2664840298496,77.06275,29.96,0.00059999997,3743.9,2025.0
2017-03-14 00:00:00+05:30,51.769065767027286,2314.95,2213.75,52.0357780456543,1379552,0.0,0.0,ADANIENT.NS,Adani Enterprises Limited,Thermal Coal,Energy,Mr. Gautambhai Shantilal Adani S.Y. B.Com,"Ahmedabad, India",https://www.adanienterprises.com,2308.8,2238.85,2664840298496,77.06275,29.96,0.00059999997,3743.9,2025.0
2017-03-15 00:00:00+05:30,52.08912748191984,2314.95,2213.75,53.982791900634766,1379552,0.0,0.0,ADANIENT.NS,Adani Enterprises Limited,Thermal Coal,Energy,Mr. Gautambhai Shantilal Adani S.Y. B.Com,"Ahmedabad, India",https://www.adanienterprises.com,2308.8,2238.85,2664840298496,77.06275,29.96,0.00059999997,3743.9,2025.0
2017-03-16 00:00:00+05:30,54.64957576791718,2314.95,2213.75,54.80960464477539,1379552,0.0,0.0,ADANIENT.NS,Adani Enterprises Limited,Thermal Coal,Energy,Mr. Gautambhai Shantilal Adani S.Y. B.Com,"Ahmedabad, India",https://www.adanienterprises.com,2308.8,2238.85,2664840298496,77.06275,29.96,0.00059999997,3743.9,2025.0
2017-03-17 00:00:00+05:30,55.20966942662269,2314.95,2213.75,55.31635284423828,1379552,0.0,0.0,ADANIENT.NS,Adani Enterprises Limited,Thermal Coal,Energy,Mr. Gautambhai Shantilal Adani S.Y. B.Com,"Ahmedabad, India",https://www.adanienterprises.com,2308.8,2238.85,2664840298496,77.06275,29.96,0.00059999997,3743.9,2025.0
2017-03-20 00:00:00+05:30,55.26301807767159,2314.95,2213.75,55.102989196777344,1379552,0.0,0.0,ADANIENT.NS,Adani Enterprises Limited,Thermal Coal,Energy,Mr. Gautambhai Shantilal Adani S.Y. B.Com,"Ahmedabad, India",https://www.adanienterprises.com,2308.8,2238.85,2664840298496,77.06275,29.96,0.00059999997,3743.9,2025.0
2017-03-21 00:00:00+05:30,55.049645159665836,2314.95,2213.75,55.26301574707031,1379552,0.0,0.0,ADANIENT.NS,Adani Enterprises Limited,Thermal Coal,Energy,Mr. Gautambhai Shantilal Adani S.Y. B.Com,"Ahmedabad, India",https://www.adanienterprises.com,2308.8,2238.85,2664840298496,77.06275,29.96,0.00059999997,3743.9,2025.0
2017-03-22 00:00:00+05:30,54.62290506440966,2314.95,2213.75,54.27617645263672,1379552,0.0,0.0,ADANIENT.NS,Adani Enterprises Limited,Thermal Coal,Energy,Mr. Gautambhai Shantilal Adani S.Y. B.Com,"Ahmedabad, India",https://www.adanienterprises.com,2308.8,2238.85,2664840298496,77.06275,29.96,0.00059999997,3743.9,2025.0
2017-03-23 00:00:00+05:30,54.35618999751924,2314.95,2213.75,55.76976776123047,1379552,0.0,0.0,ADANIENT.NS,Adani Enterprises Limited,Thermal Coal,Energy,Mr. Gautambhai Shantilal Adani S.Y. B.Com,"Ahmedabad, India",https://www.adanienterprises.com,2308.8,2238.85,2664840298496,77.06275,29.96,0.00059999997,3743.9,2025.0
2017-03-24 00:00:00+05:30,56.116498432746795,2314.95,2213.75,56.409881591796875,1379552,0.0,0.0,ADANIENT.NS,Adani Enterprises Limited,Thermal Coal,Energy,Mr. Gautambhai Shantilal Adani S.Y. B.Com,"Ahmedabad, India",https://www.adanienterprises.com,2308.8,2238.85,2664840298496,77.06275,29.96,0.00059999997,3743.9,2025.0
2017-03-27 00:00:00+05:30,56.48989365211983,2314.95,2213.75,55.39636993408203,1379552,0.0,0.0,ADANIENT.NS,Adani Enterprises Limited,Thermal Coal,Energy,Mr. Gautambhai Shantilal Adani S.Y. B.Com,"Ahmedabad, India",https://www.adanienterprises.com,2308.8,2238.85,2664840298496,77.06275,29.96,0.00059999997,3743.9,2025.0
2017-03-28 00:00:00+05:30,56.009812932183934,2314.95,2213.75,55.76976776123047,1379552,0.0,0.0,ADANIENT.NS,Adani Enterprises Limited,Thermal Coal,Energy,Mr. Gautambhai Shantilal Adani S.Y. B.Com,"Ahmedabad, India",https://www.adanienterprises.com,2308.8,2238.85,2664840298496,77.06275,29.96,0.00059999997,3743.9,2025.0
2017-03-29 00:00:00+05:30,55.98314297853911,2314.95,2213.75,55.7164306640625,1379552,0.0,0.0,ADANIENT.NS,Adani Enterprises Limited,Thermal Coal,Energy,Mr. Gautambhai Shantilal Adani S.Y. B.Com,"Ahmedabad, India",https://www.adanienterprises.com,2308.8,2238.85,2664840298496,77.06275,29.96,0.00059999997,3743.9,2025.0
2017-03-30 00:00:00+05:30,55.82311307003667,2314.95,2213.75,56.436553955078125,1379552,0.0,0.0,ADANIENT.NS,Adani Enterprises Limited,Thermal Coal,Energy,Mr. Gautambhai Shantilal Adani S.Y. B.Com,"Ahmedabad, India",https://www.adanienterprises.com,2308.8,2238.85,2664840298496,77.06275,29.96,0.00059999997,3743.9,2025.0
2017-03-31 00:00:00+05:30,56.72994040290249,2314.95,2213.75,57.903480529785156,1379552,0.0,0.0,ADANIENT.NS,Adani Enterprises Limited,Thermal Coal,Energy,Mr. Gautambhai Shantilal Adani S.Y. B.Com,"Ahmedabad, India",https://www.adanienterprises.com,2308.8,2238.85,2664840298496,77.06275,29.96,0.00059999997,3743.9,2025.0
2017-04-03 00:00:00+05:30,58.06349761264352,2314.95,2213.75,59.637107849121094,1379552,0.0,0.0,ADANIENT.NS,Adani Enterprises Limited,Thermal Coal,Energy,Mr. Gautambhai Shantilal Adani S.Y. B.Com,"Ahmedabad, India",https://www.adanienterprises.com,2308.8,2238.85,2664840298496,77.06275,29.96,0.00059999997,3743.9,2025.0
2017-04-05 00:00:00+05:30,59.743803609254215,2314.95,2213.75,61.13071060180664,1379552,0.0,0.0,ADANIENT.NS,Adani Enterprises Limited,Thermal Coal,Energy,Mr. Gautambhai Shantilal Adani S.Y. B.Com,"Ahmedabad, India",https://www.adanienterprises.com,2308.8,2238.85,2664840298496,77.06275,29.96,0.00059999997,3743.9,2025.0
2017-04-06 00:00:00+05:30,60.9173330167939,2314.95,2213.75,61.744144439697266,1379552,0.0,0.0,ADANIENT.NS,Adani Enterprises Limited,Thermal Coal,Energy,Mr. Gautambhai Shantilal Adani S.Y. B.Com,"Ahmedabad, India",https://www.adanienterprises.com,2308.8,2238.85,2664840298496,77.06275,29.96,0.00059999997,3743.9,2025.0
2017-04-07 00:00:00+05:30,61.07736618759868,2314.95,2213.75,62.624305725097656,1379552,0.0,0.0,ADANIENT.NS,Adani Enterprises Limited,Thermal Coal,Energy,Mr. Gautambhai Shantilal Adani S.Y. B.Com,"Ahmedabad, India",https://www.adanienterprises.com,2308.8,2238.85,2664840298496,77.06275,29.96,0.00059999997,3743.9,2025.0
2017-04-10 00:00:00+05:30,62.917690611853565,2314.95,2213.75,64.06455993652344,1379552,0.0,0.0,ADANIENT.NS,Adani Enterprises Limited,Thermal Coal,Energy,Mr. Gautambhai Shantilal Adani S.Y. B.Com,"Ahmedabad, India",https://www.adanienterprises.com,2308.8,2238.85,2664840298496,77.06275,29.96,0.00059999997,3743.9,2025.0
2017-04-11 00:00:00+05:30,63.931188875204164,2314.95,2213.75,64.70465850830078,1379552,0.0,0.0,ADANIENT.NS,Adani Enterprises Limited,Thermal Coal,Energy,Mr. Gautambhai Shantilal Adani S.Y. B.Com,"Ahmedabad, India",https://www.adanienterprises.com,2308.8,2238.85,2664840298496,77.06275,29.96,0.00059999997,3743.9,2025.0
2017-04-12 00:00:00+05:30,63.21107097563389,2314.95,2213.75,60.997352600097656,1379552,0.0,0.0,ADANIENT.NS,Adani Enterprises Limited,Thermal Coal,Energy,Mr. Gautambhai Shantilal Adani S.Y. B.Com,"Ahmedabad, India",https://www.adanienterprises.com,2308.8,2238.85,2664840298496,77.06275,29.96,0.00059999997,3743.9,2025.0
2017-04-13 00:00:00+05:30,61.290735317456495,2314.95,2213.75,62.33091735839844,1379552,0.0,0.0,ADANIENT.NS,Adani Enterprises Limited,Thermal Coal,Energy,Mr. Gautambhai Shantilal Adani S.Y. B.Com,"Ahmedabad, India",https://www.adanienterprises.com,2308.8,2238.85,2664840298496,77.06275,29.96,0.00059999997,3743.9,2025.0
2017-04-17 00:00:00+05:30,61.370743642591165,2314.95,2213.75,65.79818725585938,1379552,0.0,0.0,ADANIENT.NS,Adani Enterprises Limited,Thermal Coal,Energy,Mr. Gautambhai Shantilal Adani S.Y. B.Com,"Ahmedabad, India",https://www.adanienterprises.com,2308.8,2238.85,2664840298496,77.06275,29.96,0.00059999997,3743.9,2025.0
2017-04-18 00:00:00+05:30,66.14491444064373,2314.95,2213.75,77.29353332519531,1379552,0.0,0.0,ADANIENT.NS,Adani Enterprises Limited,Thermal Coal,Energy,Mr. Gautambhai Shantilal Adani S.Y. B.Com,"Ahmedabad, India",https://www.adanienterprises.com,2308.8,2238.85,2664840298496,77.06275,29.96,0.00059999997,3743.9,2025.0
2017-04-19 00:00:00+05:30,76.22668427660425,2314.95,2213.75,77.42689514160156,1379552,0.0,0.0,ADANIENT.NS,Adani Enterprises Limited,Thermal Coal,Energy,Mr. Gautambhai Shantilal Adani S.Y. B.Com,"Ahmedabad, India",https://www.adanienterprises.com,2308.8,2238.85,2664840298496,77.06275,29.96,0.00059999997,3743.9,2025.0
2017-04-20 00:00:00+05:30,77.77361893921008,2314.95,2213.75,78.01365661621094,1379552,0.0,0.0,ADANIENT.NS,Adani Enterprises Limited,Thermal Coal,Energy,Mr. Gautambhai Shantilal Adani S.Y. B.Com,"Ahmedabad, India",https://www.adanienterprises.com,2308.8,2238.85,2664840298496,77.06275,29.96,0.00059999997,3743.9,2025.0
2017-04-21 00:00:00+05:30,78.14702457040205,2314.95,2213.75,77.8536376953125,1379552,0.0,0.0,ADANIENT.NS,Adani Enterprises Limited,Thermal Coal,Energy,Mr. Gautambhai Shantilal Adani S.Y. B.Com,"Ahmedabad, India",https://www.adanienterprises.com,2308.8,2238.85,2664840298496,77.06275,29.96,0.00059999997,3743.9,2025.0
2017-04-24 00:00:00+05:30,77.8269765940946,2314.95,2213.75,80.04069519042969,1379552,0.0,0.0,ADANIENT.NS,Adani Enterprises Limited,Thermal Coal,Energy,Mr. Gautambhai Shantilal Adani S.Y. B.Com,"Ahmedabad, India",https://www.adanienterprises.com,2308.8,2238.85,2664840298496,77.06275,29.96,0.00059999997,3743.9,2025.0
2017-04-25 00:00:00+05:30,80.33407141714522,2314.95,2213.75,79.98734283447266,1379552,0.0,0.0,ADANIENT.NS,Adani Enterprises Limited,Thermal Coal,Energy,Mr. Gautambhai Shantilal Adani S.Y. B.Com,"Ahmedabad, India",https://www.adanienterprises.com,2308.8,2238.85,2664840298496,77.06275,29.96,0.00059999997,3743.9,2025.0
2017-04-26 00:00:00+05:30,80.12069690042138,2314.95,2213.75,63.23773956298828,1379552,0.0,0.0,ADANIENT.NS,Adani Enterprises Limited,Thermal Coal,Energy,Mr. Gautambhai Shantilal Adani S.Y. B.Com,"Ahmedabad, India",https://www.adanienterprises.com,2308.8,2238.85,2664840298496,77.06275,29.96,0.00059999997,3743.9,2025.0
2017-04-27 00:00:00+05:30,64.9180331747656,2314.95,2213.75,60.890663146972656,1379552,0.0,0.0,ADANIENT.NS,Adani Enterprises Limited,Thermal Coal,Energy,Mr. Gautambhai Shantilal Adani S.Y. B.Com,"Ahmedabad, India",https://www.adanienterprises.com,2308.8,2238.85,2664840298496,77.06275,29.96,0.00059999997,3743.9,2025.0
2017-04-28 00:00:00+05:30,62.30424704797078,2314.95,2213.75,58.11684799194336,1379552,0.0,0.0,ADANIENT.NS,Adani Enterprises Limited,Thermal Coal,Energy,Mr. Gautambhai Shantilal Adani S.Y. B.Com,"Ahmedabad, India",https://www.adanienterprises.com,2308.8,2238.85,2664840298496,77.06275,29.96,0.00059999997,3743.9,2025.0
2017-05-02 00:00:00+05:30,58.596935485785345,2314.95,2213.75,60.14387512207031,1379552,0.0,0.0,ADANIENT.NS,Adani Enterprises Limited,Thermal Coal,Energy,Mr. Gautambhai Shantilal Adani S.Y. B.Com,"Ahmedabad, India",https://www.adanienterprises.com,2308.8,2238.85,2664840298496,77.06275,29.96,0.00059999997,3743.9,2025.0
2017-05-03 00:00:00+05:30,60.73063834188762,2314.95,2213.75,60.09052658081055,1379552,0.0,0.0,ADANIENT.NS,Adani Enterprises Limited,Thermal Coal,Energy,Mr. Gautambhai Shantilal Adani S.Y. B.Com,"Ahmedabad, India",https://www.adanienterprises.com,2308.8,2238.85,2664840298496,77.06275,29.96,0.00059999997,3743.9,2025.0
2017-05-04 00:00:00+05:30,60.25055152857684,2314.95,2213.75,60.49059295654297,1379552,0.0,0.0,ADANIENT.NS,Adani Enterprises Limited,Thermal Coal,Energy,Mr. Gautambhai Shantilal Adani S.Y. B.Com,"Ahmedabad, India",https://www.adanienterprises.com,2308.8,2238.85,2664840298496,77.06275,29.96,0.00059999997,3743.9,2025.0
2017-05-05 00:00:00+05:30,60.59727779918181,2314.95,2213.75,60.65061950683594,1379552,0.0,0.0,ADANIENT.NS,Adani Enterprises Limited,Thermal Coal,Energy,Mr. Gautambhai Shantilal Adani S.Y. B.Com,"Ahmedabad, India",https://www.adanienterprises.com,2308.8,2238.85,2664840298496,77.06275,29.96,0.00059999997,3743.9,2025.0
2017-05-08 00:00:00+05:30,60.863989193782515,2314.95,2213.75,61.10403060913086,1379552,0.0,0.0,ADANIENT.NS,Adani Enterprises Limited,Thermal Coal,Energy,Mr. Gautambhai Shantilal Adani S.Y. B.Com,"Ahmedabad, India",https://www.adanienterprises.com,2308.8,2238.85,2664840298496,77.06275,29.96,0.00059999997,3743.9,2025.0
2017-05-09 00:00:00+05:30,61.29073441007214,2314.95,2213.75,63.05104446411133,1379552,0.0,0.0,ADANIENT.NS,Adani Enterprises Limited,Thermal Coal,Energy,Mr. Gautambhai Shantilal Adani S.Y. B.Com,"Ahmedabad, India",https://www.adanienterprises.com,2308.8,2238.85,2664840298496,77.06275,29.96,0.00059999997,3743.9,2025.0
2017-05-10 00:00:00+05:30,63.71782933543018,2314.95,2213.75,65.50481414794922,1379552,0.0,0.0,ADANIENT.NS,Adani Enterprises Limited,Thermal Coal,Energy,Mr. Gautambhai Shantilal Adani S.Y. B.Com,"Ahmedabad, India",https://www.adanienterprises.com,2308.8,2238.85,2664840298496,77.06275,29.96,0.00059999997,3743.9,2025.0
2017-05-11 00:00:00+05:30,66.91837972375514,2314.95,2213.75,64.09121704101562,1379552,0.0,0.0,ADANIENT.NS,Adani Enterprises Limited,Thermal Coal,Energy,Mr. Gautambhai Shantilal Adani S.Y. B.Com,"Ahmedabad, India",https://www.adanienterprises.com,2308.8,2238.85,2664840298496,77.06275,29.96,0.00059999997,3743.9,2025.0
2017-05-12 00:00:00+05:30,64.33127418676902,2314.95,2213.75,64.83802795410156,1379552,0.0,0.0,ADANIENT.NS,Adani Enterprises Limited,Thermal Coal,Energy,Mr. Gautambhai Shantilal Adani S.Y. B.Com,"Ahmedabad, India",https://www.adanienterprises.com,2308.8,2238.85,2664840298496,77.06275,29.96,0.00059999997,3743.9,2025.0
2017-05-15 00:00:00+05:30,65.34477713908218,2314.95,2213.75,65.02472686767578,1379552,0.0,0.0,ADANIENT.NS,Adani Enterprises Limited,Thermal Coal,Energy,Mr. Gautambhai Shantilal Adani S.Y. B.Com,"Ahmedabad, India",https://www.adanienterprises.com,2308.8,2238.85,2664840298496,77.06275,29.96,0.00059999997,3743.9,2025.0
2017-05-16 00:00:00+05:30,65.0514020975676,2314.95,2213.75,65.50481414794922,1379552,0.0,0.0,ADANIENT.NS,Adani Enterprises Limited,Thermal Coal,Energy,Mr. Gautambhai Shantilal Adani S.Y. B.Com,"Ahmedabad, India",https://www.adanienterprises.com,2308.8,2238.85,2664840298496,77.06275,29.96,0.00059999997,3743.9,2025.0
2017-05-17 00:00:00+05:30,65.34478020358313,2314.95,2213.75,64.81135559082031,1379552,0.0,0.0,ADANIENT.NS,Adani Enterprises Limited,Thermal Coal,Energy,Mr. Gautambhai Shantilal Adani S.Y. B.Com,"Ahmedabad, India",https://www.adanienterprises.com,2308.8,2238.85,2664840298496,77.06275,29.96,0.00059999997,3743.9,2025.0
2017-05-18 00:00:00+05:30,63.95786135513425,2314.95,2213.75,64.19790649414062,1379552,0.0,0.0,ADANIENT.NS,Adani Enterprises Limited,Thermal Coal,Energy,Mr. Gautambhai Shantilal Adani S.Y. B.Com,"Ahmedabad, India",https://www.adanienterprises.com,2308.8,2238.85,2664840298496,77.06275,29.96,0.00059999997,3743.9,2025.0
2017-05-19 00:00:00+05:30,65.71817659112557,2314.95,2213.75,65.02472686767578,1379552,0.0,0.0,ADANIENT.NS,Adani Enterprises Limited,Thermal Coal,Energy,Mr. Gautambhai Shantilal Adani S.Y. B.Com,"Ahmedabad, India",https://www.adanienterprises.com,2308.8,2238.85,2664840298496,77.06275,29.96,0.00059999997,3743.9,2025.0
2017-05-22 00:00:00+05:30,65.37144649786524,2314.95,2213.75,64.73133850097656,1379552,0.0,0.0,ADANIENT.NS,Adani Enterprises Limited,Thermal Coal,Energy,Mr. Gautambhai Shantilal Adani S.Y. B.Com,"Ahmedabad, India",https://www.adanienterprises.com,2308.8,2238.85,2664840298496,77.06275,29.96,0.00059999997,3743.9,2025.0
2017-05-23 00:00:00+05:30,63.21106878877174,2314.95,2213.75,60.35723876953125,1379552,0.0,0.0,ADANIENT.NS,Adani Enterprises Limited,Thermal Coal,Energy,Mr. Gautambhai Shantilal Adani S.Y. B.Com,"Ahmedabad, India",https://www.adanienterprises.com,2308.8,2238.85,2664840298496,77.06275,29.96,0.00059999997,3743.9,2025.0
2017-05-24 00:00:00+05:30,60.863994702598816,2314.95,2213.75,60.59728240966797,1379552,0.0,0.0,ADANIENT.NS,Adani Enterprises Limited,Thermal Coal,Energy,Mr. Gautambhai Shantilal Adani S.Y. B.Com,"Ahmedabad, India",https://www.adanienterprises.com,2308.8,2238.85,2664840298496,77.06275,29.96,0.00059999997,3743.9,2025.0
2017-05-25 00:00:00+05:30,63.477783573759694,2314.95,2213.75,62.010860443115234,1379552,0.0,0.0,ADANIENT.NS,Adani Enterprises Limited,Thermal Coal,Energy,Mr. Gautambhai Shantilal Adani S.Y. B.Com,"Ahmedabad, India",https://www.adanienterprises.com,2308.8,2238.85,2664840298496,77.06275,29.96,0.00059999997,3743.9,2025.0
2017-05-26 00:00:00+05:30,62.410929209267806,2314.95,2213.75,61.850830078125,1379552,0.0,0.0,ADANIENT.NS,Adani Enterprises Limited,Thermal Coal,Energy,Mr. Gautambhai Shantilal Adani S.Y. B.Com,"Ahmedabad, India",https://www.adanienterprises.com,2308.8,2238.85,2664840298496,77.06275,29.96,0.00059999997,3743.9,2025.0
2017-05-29 00:00:00+05:30,61.85084094330311,2314.95,2213.75,59.42374801635742,1379552,0.0,0.0,ADANIENT.NS,Adani Enterprises Limited,Thermal Coal,Energy,Mr. Gautambhai Shantilal Adani S.Y. B.Com,"Ahmedabad, India",https://www.adanienterprises.com,2308.8,2238.85,2664840298496,77.06275,29.96,0.00059999997,3743.9,2025.0
2017-05-30 00:00:00+05:30,59.743804413590425,2314.95,2213.75,62.89101791381836,1379552,0.0,0.0,ADANIENT.NS,Adani Enterprises Limited,Thermal Coal,Energy,Mr. Gautambhai Shantilal Adani S.Y. B.Com,"Ahmedabad, India",https://www.adanienterprises.com,2308.8,2238.85,2664840298496,77.06275,29.96,0.00059999997,3743.9,2025.0
2017-05-31 00:00:00+05:30,63.10439330914183,2314.95,2213.75,62.30425262451172,1379552,0.0,0.0,ADANIENT.NS,Adani Enterprises Limited,Thermal Coal,Energy,Mr. Gautambhai Shantilal Adani S.Y. B.Com,"Ahmedabad, India",https://www.adanienterprises.com,2308.8,2238.85,2664840298496,77.06275,29.96,0.00059999997,3743.9,2025.0
2017-06-01 00:00:00+05:30,62.517614055143724,2314.95,2213.75,62.27757263183594,1379552,0.0,0.0,ADANIENT.NS,Adani Enterprises Limited,Thermal Coal,Energy,Mr. Gautambhai Shantilal Adani S.Y. B.Com,"Ahmedabad, India",https://www.adanienterprises.com,2308.8,2238.85,2664840298496,77.06275,29.96,0.00059999997,3743.9,2025.0
2017-06-02 00:00:00+05:30,62.51762157209095,2314.95,2213.75,62.677650451660156,1379552,0.0,0.0,ADANIENT.NS,Adani Enterprises Limited,Thermal Coal,Energy,Mr. Gautambhai Shantilal Adani S.Y. B.Com,"Ahmedabad, India",https://www.adanienterprises.com,2308.8,2238.85,2664840298496,77.06275,29.96,0.00059999997,3743.9,2025.0
2017-06-05 00:00:00+05:30,62.677650451660156,2314.95,2213.75,62.677650451660156,1379552,0.0,0.0,ADANIENT.NS,Adani Enterprises Limited,Thermal Coal,Energy,Mr. Gautambhai Shantilal Adani S.Y. B.Com,"Ahmedabad, India",https://www.adanienterprises.com,2308.8,2238.85,2664840298496,77.06275,29.96,0.00059999997,3743.9,2025.0
2017-06-06 00:00:00+05:30,63.53112529451354,2314.95,2213.75,68.3052978515625,1379552,0.0,0.0,ADANIENT.NS,Adani Enterprises Limited,Thermal Coal,Energy,Mr. Gautambhai Shantilal Adani S.Y. B.Com,"Ahmedabad, India",https://www.adanienterprises.com,2308.8,2238.85,2664840298496,77.06275,29.96,0.00059999997,3743.9,2025.0
2017-06-07 00:00:00+05:30,69.74555353285156,2314.95,2213.75,70.0389404296875,1379552,0.0,0.0,ADANIENT.NS,Adani Enterprises Limited,Thermal Coal,Energy,Mr. Gautambhai Shantilal Adani S.Y. B.Com,"Ahmedabad, India",https://www.adanienterprises.com,2308.8,2238.85,2664840298496,77.06275,29.96,0.00059999997,3743.9,2025.0
2017-06-08 00:00:00+05:30,69.87890039052847,2314.95,2213.75,69.2387924194336,1379552,0.0,0.0,ADANIENT.NS,Adani Enterprises Limited,Thermal Coal,Energy,Mr. Gautambhai Shantilal Adani S.Y. B.Com,"Ahmedabad, India",https://www.adanienterprises.com,2308.8,2238.85,2664840298496,77.06275,29.96,0.00059999997,3743.9,2025.0
2017-06-09 00:00:00+05:30,69.34548149773431,2314.95,2213.75,70.54569244384766,1379552,0.0,0.0,ADANIENT.NS,Adani Enterprises Limited,Thermal Coal,Energy,Mr. Gautambhai Shantilal Adani S.Y. B.Com,"Ahmedabad, India",https://www.adanienterprises.com,2308.8,2238.85,2664840298496,77.06275,29.96,0.00059999997,3743.9,2025.0
2017-06-12 00:00:00+05:30,70.14560703347713,2314.95,2213.75,69.74553680419922,1379552,0.0,0.0,ADANIENT.NS,Adani Enterprises Limited,Thermal Coal,Energy,Mr. Gautambhai Shantilal Adani S.Y. B.Com,"Ahmedabad, India",https://www.adanienterprises.com,2308.8,2238.85,2664840298496,77.06275,29.96,0.00059999997,3743.9,2025.0
2017-06-13 00:00:00+05:30,68.81204643763498,2314.95,2213.75,70.62569427490234,1379552,0.0,0.0,ADANIENT.NS,Adani Enterprises Limited,Thermal Coal,Energy,Mr. Gautambhai Shantilal Adani S.Y. B.Com,"Ahmedabad, India",https://www.adanienterprises.com,2308.8,2238.85,2664840298496,77.06275,29.96,0.00059999997,3743.9,2025.0
2017-06-14 00:00:00+05:30,70.83907955619058,2314.95,2213.75,70.01226806640625,1379552,0.0,0.0,ADANIENT.NS,Adani Enterprises Limited,Thermal Coal,Energy,Mr. Gautambhai Shantilal Adani S.Y. B.Com,"Ahmedabad, India",https://www.adanienterprises.com,2308.8,2238.85,2664840298496,77.06275,29.96,0.00059999997,3743.9,2025.0
2017-06-15 00:00:00+05:30,69.87889845817091,2314.95,2213.75,70.67903900146484,1379552,0.0,0.0,ADANIENT.NS,Adani Enterprises Limited,Thermal Coal,Energy,Mr. Gautambhai Shantilal Adani S.Y. B.Com,"Ahmedabad, India",https://www.adanienterprises.com,2308.8,2238.85,2664840298496,77.06275,29.96,0.00059999997,3743.9,2025.0
2017-06-16 00:00:00+05:30,70.65237297676842,2314.95,2213.75,69.8255615234375,1379552,0.0,0.0,ADANIENT.NS,Adani Enterprises Limited,Thermal Coal,Energy,Mr. Gautambhai Shantilal Adani S.Y. B.Com,"Ahmedabad, India",https://www.adanienterprises.com,2308.8,2238.85,2664840298496,77.06275,29.96,0.00059999997,3743.9,2025.0
2017-06-19 00:00:00+05:30,70.54568338225896,2314.95,2213.75,70.38565826416016,1379552,0.0,0.0,ADANIENT.NS,Adani Enterprises Limited,Thermal Coal,Energy,Mr. Gautambhai Shantilal Adani S.Y. B.Com,"Ahmedabad, India",https://www.adanienterprises.com,2308.8,2238.85,2664840298496,77.06275,29.96,0.00059999997,3743.9,2025.0
2017-06-20 00:00:00+05:30,70.62570212141812,2314.95,2213.75,69.8255615234375,1379552,0.0,0.0,ADANIENT.NS,Adani Enterprises Limited,Thermal Coal,Energy,Mr. Gautambhai Shantilal Adani S.Y. B.Com,"Ahmedabad, India",https://www.adanienterprises.com,2308.8,2238.85,2664840298496,77.06275,29.96,0.00059999997,3743.9,2025.0
2017-06-21 00:00:00+05:30,69.77222584810933,2314.95,2213.75,70.33232879638672,1379552,0.0,0.0,ADANIENT.NS,Adani Enterprises Limited,Thermal Coal,Energy,Mr. Gautambhai Shantilal Adani S.Y. B.Com,"Ahmedabad, India",https://www.adanienterprises.com,2308.8,2238.85,2664840298496,77.06275,29.96,0.00059999997,3743.9,2025.0
2017-06-22 00:00:00+05:30,70.67905775637303,2314.95,2213.75,69.79890441894531,1379552,0.0,0.0,ADANIENT.NS,Adani Enterprises Limited,Thermal Coal,Energy,Mr. Gautambhai Shantilal Adani S.Y. B.Com,"Ahmedabad, India",https://www.adanienterprises.com,2308.8,2238.85,2664840298496,77.06275,29.96,0.00059999997,3743.9,2025.0
2017-06-23 00:00:00+05:30,69.82556063602436,2314.95,2213.75,67.39846801757812,1379552,0.0,0.0,ADANIENT.NS,Adani Enterprises Limited,Thermal Coal,Energy,Mr. Gautambhai Shantilal Adani S.Y. B.Com,"Ahmedabad, India",https://www.adanienterprises.com,2308.8,2238.85,2664840298496,77.06275,29.96,0.00059999997,3743.9,2025.0
2017-06-27 00:00:00+05:30,67.69185867320685,2314.95,2213.75,69.87890625,1379552,0.0,0.0,ADANIENT.NS,Adani Enterprises Limited,Thermal Coal,Energy,Mr. Gautambhai Shantilal Adani S.Y. B.Com,"Ahmedabad, India",https://www.adanienterprises.com,2308.8,2238.85,2664840298496,77.06275,29.96,0.00059999997,3743.9,2025.0
2017-06-28 00:00:00+05:30,70.57236747491835,2314.95,2213.75,71.69256591796875,1379552,0.0,0.0,ADANIENT.NS,Adani Enterprises Limited,Thermal Coal,Energy,Mr. Gautambhai Shantilal Adani S.Y. B.Com,"Ahmedabad, India",https://www.adanienterprises.com,2308.8,2238.85,2664840298496,77.06275,29.96,0.00059999997,3743.9,2025.0
2017-06-29 00:00:00+05:30,72.0126269296814,2314.95,2213.75,71.0791244506836,1379552,0.0,0.0,ADANIENT.NS,Adani Enterprises Limited,Thermal Coal,Energy,Mr. Gautambhai Shantilal Adani S.Y. B.Com,"Ahmedabad, India",https://www.adanienterprises.com,2308.8,2238.85,2664840298496,77.06275,29.96,0.00059999997,3743.9,2025.0
2017-06-30 00:00:00+05:30,70.94575803409094,2314.95,2213.75,70.73238372802734,1379552,0.0,0.0,ADANIENT.NS,Adani Enterprises Limited,Thermal Coal,Energy,Mr. Gautambhai Shantilal Adani S.Y. B.Com,"Ahmedabad, India",https://www.adanienterprises.com,2308.8,2238.85,2664840298496,77.06275,29.96,0.00059999997,3743.9,2025.0
2017-07-03 00:00:00+05:30,70.62569697815086,2314.95,2213.75,72.81275177001953,1379552,0.0,0.0,ADANIENT.NS,Adani Enterprises Limited,Thermal Coal,Energy,Mr. Gautambhai Shantilal Adani S.Y. B.Com,"Ahmedabad, India",https://www.adanienterprises.com,2308.8,2238.85,2664840298496,77.06275,29.96,0.00059999997,3743.9,2025.0
2017-07-04 00:00:00+05:30,72.81276143588663,2314.95,2213.75,71.23915100097656,1379552,0.0,0.0,ADANIENT.NS,Adani Enterprises Limited,Thermal Coal,Energy,Mr. Gautambhai Shantilal Adani S.Y. B.Com,"Ahmedabad, India",https://www.adanienterprises.com,2308.8,2238.85,2664840298496,77.06275,29.96,0.00059999997,3743.9,2025.0
2017-07-05 00:00:00+05:30,71.47920197941933,2314.95,2213.75,72.14598846435547,1379552,0.0,0.0,ADANIENT.NS,Adani Enterprises Limited,Thermal Coal,Energy,Mr. Gautambhai Shantilal Adani S.Y. B.Com,"Ahmedabad, India",https://www.adanienterprises.com,2308.8,2238.85,2664840298496,77.06275,29.96,0.00059999997,3743.9,2025.0
2017-07-06 00:00:00+05:30,72.01260980137545,2314.95,2213.75,72.11929321289062,1379552,0.0,0.0,ADANIENT.NS,Adani Enterprises Limited,Thermal Coal,Energy,Mr. Gautambhai Shantilal Adani S.Y. B.Com,"Ahmedabad, India",https://www.adanienterprises.com,2308.8,2238.85,2664840298496,77.06275,29.96,0.00059999997,3743.9,2025.0
2017-07-07 00:00:00+05:30,71.71923074372752,2314.95,2213.75,71.58587646484375,1379552,0.0,0.0,ADANIENT.NS,Adani Enterprises Limited,Thermal Coal,Energy,Mr. Gautambhai Shantilal Adani S.Y. B.Com,"Ahmedabad, India",https://www.adanienterprises.com,2308.8,2238.85,2664840298496,77.06275,29.96,0.00059999997,3743.9,2025.0
2017-07-10 00:00:00+05:30,72.01261433172193,2314.95,2213.75,71.9325942993164,1379552,0.0,0.0,ADANIENT.NS,Adani Enterprises Limited,Thermal Coal,Energy,Mr. Gautambhai Shantilal Adani S.Y. B.Com,"Ahmedabad, India",https://www.adanienterprises.com,2308.8,2238.85,2664840298496,77.06275,29.96,0.00059999997,3743.9,2025.0
2017-07-11 00:00:00+05:30,72.01261605417265,2314.95,2213.75,71.15912628173828,1379552,0.0,0.0,ADANIENT.NS,Adani Enterprises Limited,Thermal Coal,Energy,Mr. Gautambhai Shantilal Adani S.Y. B.Com,"Ahmedabad, India",https://www.adanienterprises.com,2308.8,2238.85,2664840298496,77.06275,29.96,0.00059999997,3743.9,2025.0
2017-07-12 00:00:00+05:30,71.31916222528369,2314.95,2213.75,75.37320709228516,1379552,0.0,0.0,ADANIENT.NS,Adani Enterprises Limited,Thermal Coal,Energy,Mr. Gautambhai Shantilal Adani S.Y. B.Com,"Ahmedabad, India",https://www.adanienterprises.com,2308.8,2238.85,2664840298496,77.06275,29.96,0.00059999997,3743.9,2025.0
2017-07-13 00:00:00+05:30,76.01332286733957,2314.95,2213.75,75.10649871826172,1379552,0.0,0.0,ADANIENT.NS,Adani Enterprises Limited,Thermal Coal,Energy,Mr. Gautambhai Shantilal Adani S.Y. B.Com,"Ahmedabad, India",https://www.adanienterprises.com,2308.8,2238.85,2664840298496,77.06275,29.96,0.00059999997,3743.9,2025.0
2017-07-14 00:00:00+05:30,75.21317009912065,2314.95,2213.75,74.35968780517578,1379552,0.0,0.0,ADANIENT.NS,Adani Enterprises Limited,Thermal Coal,Energy,Mr. Gautambhai Shantilal Adani S.Y. B.Com,"Ahmedabad, India",https://www.adanienterprises.com,2308.8,2238.85,2664840298496,77.06275,29.96,0.00059999997,3743.9,2025.0
2017-07-17 00:00:00+05:30,74.41302951495538,2314.95,2213.75,74.35968780517578,1379552,0.0,0.0,ADANIENT.NS,Adani Enterprises Limited,Thermal Coal,Energy,Mr. Gautambhai Shantilal Adani S.Y. B.Com,"Ahmedabad, India",https://www.adanienterprises.com,2308.8,2238.85,2664840298496,77.06275,29.96,0.00059999997,3743.9,2025.0
2017-07-18 00:00:00+05:30,74.11964879566776,2314.95,2213.75,73.53287506103516,1379552,0.0,0.0,ADANIENT.NS,Adani Enterprises Limited,Thermal Coal,Energy,Mr. Gautambhai Shantilal Adani S.Y. B.Com,"Ahmedabad, India",https://www.adanienterprises.com,2308.8,2238.85,2664840298496,77.06275,29.96,0.00059999997,3743.9,2025.0
2017-07-19 00:00:00+05:30,73.61288436777649,2314.95,2213.75,74.41302490234375,1379552,0.0,0.0,ADANIENT.NS,Adani Enterprises Limited,Thermal Coal,Energy,Mr. Gautambhai Shantilal Adani S.Y. B.Com,"Ahmedabad, India",https://www.adanienterprises.com,2308.8,2238.85,2664840298496,77.06275,29.96,0.00059999997,3743.9,2025.0
2017-07-20 00:00:00+05:30,74.6797531118967,2314.95,2213.75,74.89312744140625,1379552,0.0,0.0,ADANIENT.NS,Adani Enterprises Limited,Thermal Coal,Energy,Mr. Gautambhai Shantilal Adani S.Y. B.Com,"Ahmedabad, India",https://www.adanienterprises.com,2308.8,2238.85,2664840298496,77.06275,29.96,0.00059999997,3743.9,2025.0
2017-07-21 00:00:00+05:30,75.13315890934187,2314.95,2213.75,75.31986236572266,1379552,0.0,0.0,ADANIENT.NS,Adani Enterprises Limited,Thermal Coal,Energy,Mr. Gautambhai Shantilal Adani S.Y. B.Com,"Ahmedabad, India",https://www.adanienterprises.com,2308.8,2238.85,2664840298496,77.06275,29.96,0.00059999997,3743.9,2025.0
2017-07-24 00:00:00+05:30,75.4265473460078,2314.95,2213.75,74.81310272216797,1379552,0.0,0.0,ADANIENT.NS,Adani Enterprises Limited,Thermal Coal,Energy,Mr. Gautambhai Shantilal Adani S.Y. B.Com,"Ahmedabad, India",https://www.adanienterprises.com,2308.8,2238.85,2664840298496,77.06275,29.96,0.00059999997,3743.9,2025.0
2017-07-25 00:00:00+05:30,75.18649619171437,2314.95,2213.75,74.30634307861328,1379552,0.0,0.0,ADANIENT.NS,Adani Enterprises Limited,Thermal Coal,Energy,Mr. Gautambhai Shantilal Adani S.Y. B.Com,"Ahmedabad, India",https://www.adanienterprises.com,2308.8,2238.85,2664840298496,77.06275,29.96,0.00059999997,3743.9,2025.0
2017-07-26 00:00:00+05:30,74.41302482846893,2314.95,2213.75,75.0798110961914,1379552,0.0,0.0,ADANIENT.NS,Adani Enterprises Limited,Thermal Coal,Energy,Mr. Gautambhai Shantilal Adani S.Y. B.Com,"Ahmedabad, India",https://www.adanienterprises.com,2308.8,2238.85,2664840298496,77.06275,29.96,0.00059999997,3743.9,2025.0
2017-07-27 00:00:00+05:30,75.07981132928792,2314.95,2213.75,73.87960052490234,1379552,0.0,0.0,ADANIENT.NS,Adani Enterprises Limited,Thermal Coal,Energy,Mr. Gautambhai Shantilal Adani S.Y. B.Com,"Ahmedabad, India",https://www.adanienterprises.com,2308.8,2238.85,2664840298496,77.06275,29.96,0.00059999997,3743.9,2025.0
2017-07-28 00:00:00+05:30,73.66623971238499,2314.95,2213.75,73.98628997802734,1379552,0.0,0.0,ADANIENT.NS,Adani Enterprises Limited,Thermal Coal,Energy,Mr. Gautambhai Shantilal Adani S.Y. B.Com,"Ahmedabad, India",https://www.adanienterprises.com,2308.8,2238.85,2664840298496,77.06275,29.96,0.00059999997,3743.9,2025.0
2017-07-31 00:00:00+05:30,74.37994707154967,2314.95,2213.75,73.95093536376953,1379552,0.4,0.0,ADANIENT.NS,Adani Enterprises Limited,Thermal Coal,Energy,Mr. Gautambhai Shantilal Adani S.Y. B.Com,"Ahmedabad, India",https://www.adanienterprises.com,2308.8,2238.85,2664840298496,77.06275,29.96,0.00059999997,3743.9,2025.0
2017-08-01 00:00:00+05:30,73.95093939440541,2314.95,2213.75,75.1843490600586,1379552,0.0,0.0,ADANIENT.NS,Adani Enterprises Limited,Thermal Coal,Energy,Mr. Gautambhai Shantilal Adani S.Y. B.Com,"Ahmedabad, India",https://www.adanienterprises.com,2308.8,2238.85,2664840298496,77.06275,29.96,0.00059999997,3743.9,2025.0
2017-08-02 00:00:00+05:30,75.45248388116511,2314.95,2213.75,76.12281799316406,1379552,0.0,0.0,ADANIENT.NS,Adani Enterprises Limited,Thermal Coal,Energy,Mr. Gautambhai Shantilal Adani S.Y. B.Com,"Ahmedabad, India",https://www.adanienterprises.com,2308.8,2238.85,2664840298496,77.06275,29.96,0.00059999997,3743.9,2025.0
2017-08-03 00:00:00+05:30,76.20324622139577,2314.95,2213.75,73.87049102783203,1379552,0.0,0.0,ADANIENT.NS,Adani Enterprises Limited,Thermal Coal,Energy,Mr. Gautambhai Shantilal Adani S.Y. B.Com,"Ahmedabad, India",https://www.adanienterprises.com,2308.8,2238.85,2664840298496,77.06275,29.96,0.00059999997,3743.9,2025.0
2017-08-04 00:00:00+05:30,73.7900602739603,2314.95,2213.75,74.00456237792969,1379552,0.0,0.0,ADANIENT.NS,Adani Enterprises Limited,Thermal Coal,Energy,Mr. Gautambhai Shantilal Adani S.Y. B.Com,"Ahmedabad, India",https://www.adanienterprises.com,2308.8,2238.85,2664840298496,77.06275,29.96,0.00059999997,3743.9,2025.0
2017-08-07 00:00:00+05:30,74.24588583715915,2314.95,2213.75,75.13072204589844,1379552,0.0,0.0,ADANIENT.NS,Adani Enterprises Limited,Thermal Coal,Energy,Mr. Gautambhai Shantilal Adani S.Y. B.Com,"Ahmedabad, India",https://www.adanienterprises.com,2308.8,2238.85,2664840298496,77.06275,29.96,0.00059999997,3743.9,2025.0
2017-08-08 00:00:00+05:30,75.15754330421942,2314.95,2213.75,73.656005859375,1379552,0.0,0.0,ADANIENT.NS,Adani Enterprises Limited,Thermal Coal,Energy,Mr. Gautambhai Shantilal Adani S.Y. B.Com,"Ahmedabad, India",https://www.adanienterprises.com,2308.8,2238.85,2664840298496,77.06275,29.96,0.00059999997,3743.9,2025.0
2017-08-09 00:00:00+05:30,73.46831147260922,2314.95,2213.75,66.63093566894531,1379552,0.0,0.0,ADANIENT.NS,Adani Enterprises Limited,Thermal Coal,Energy,Mr. Gautambhai Shantilal Adani S.Y. B.Com,"Ahmedabad, India",https://www.adanienterprises.com,2308.8,2238.85,2664840298496,77.06275,29.96,0.00059999997,3743.9,2025.0
2017-08-10 00:00:00+05:30,65.6924504444677,2314.95,2213.75,62.12629318237305,1379552,0.0,0.0,ADANIENT.NS,Adani Enterprises Limited,Thermal Coal,Energy,Mr. Gautambhai Shantilal Adani S.Y. B.Com,"Ahmedabad, India",https://www.adanienterprises.com,2308.8,2238.85,2664840298496,77.06275,29.96,0.00059999997,3743.9,2025.0
2017-08-11 00:00:00+05:30,61.134207971143276,2314.95,2213.75,60.97332763671875,1379552,0.0,0.0,ADANIENT.NS,Adani Enterprises Limited,Thermal Coal,Energy,Mr. Gautambhai Shantilal Adani S.Y. B.Com,"Ahmedabad, India",https://www.adanienterprises.com,2308.8,2238.85,2664840298496,77.06275,29.96,0.00059999997,3743.9,2025.0
2017-08-14 00:00:00+05:30,61.670469346929906,2314.95,2213.75,62.55530548095703,1379552,0.0,0.0,ADANIENT.NS,Adani Enterprises Limited,Thermal Coal,Energy,Mr. Gautambhai Shantilal Adani S.Y. B.Com,"Ahmedabad, India",https://www.adanienterprises.com,2308.8,2238.85,2664840298496,77.06275,29.96,0.00059999997,3743.9,2025.0
2017-08-16 00:00:00+05:30,61.13420008983242,2314.95,2213.75,61.77771759033203,1379552,0.0,0.0,ADANIENT.NS,Adani Enterprises Limited,Thermal Coal,Energy,Mr. Gautambhai Shantilal Adani S.Y. B.Com,"Ahmedabad, India",https://www.adanienterprises.com,2308.8,2238.85,2664840298496,77.06275,29.96,0.00059999997,3743.9,2025.0
2017-08-17 00:00:00+05:30,61.93860516786042,2314.95,2213.75,60.81244659423828,1379552,0.0,0.0,ADANIENT.NS,Adani Enterprises Limited,Thermal Coal,Energy,Mr. Gautambhai Shantilal Adani S.Y. B.Com,"Ahmedabad, India",https://www.adanienterprises.com,2308.8,2238.85,2664840298496,77.06275,29.96,0.00059999997,3743.9,2025.0
2017-08-18 00:00:00+05:30,60.19573974609375,2314.95,2213.75,60.19573974609375,1379552,0.0,0.0,ADANIENT.NS,Adani Enterprises Limited,Thermal Coal,Energy,Mr. Gautambhai Shantilal Adani S.Y. B.Com,"Ahmedabad, India",https://www.adanienterprises.com,2308.8,2238.85,2664840298496,77.06275,29.96,0.00059999997,3743.9,2025.0
2017-08-21 00:00:00+05:30,60.59794373198682,2314.95,2213.75,57.64848709106445,1379552,0.0,0.0,ADANIENT.NS,Adani Enterprises Limited,Thermal Coal,Energy,Mr. Gautambhai Shantilal Adani S.Y. B.Com,"Ahmedabad, India",https://www.adanienterprises.com,2308.8,2238.85,2664840298496,77.06275,29.96,0.00059999997,3743.9,2025.0
2017-08-22 00:00:00+05:30,58.21155970468714,2314.95,2213.75,57.00496292114258,1379552,0.0,0.0,ADANIENT.NS,Adani Enterprises Limited,Thermal Coal,Energy,Mr. Gautambhai Shantilal Adani S.Y. B.Com,"Ahmedabad, India",https://www.adanienterprises.com,2308.8,2238.85,2664840298496,77.06275,29.96,0.00059999997,3743.9,2025.0
2017-08-23 00:00:00+05:30,57.62167075251795,2314.95,2213.75,59.015960693359375,1379552,0.0,0.0,ADANIENT.NS,Adani Enterprises Limited,Thermal Coal,Energy,Mr. Gautambhai Shantilal Adani S.Y. B.Com,"Ahmedabad, India",https://www.adanienterprises.com,2308.8,2238.85,2664840298496,77.06275,29.96,0.00059999997,3743.9,2025.0
2017-08-24 00:00:00+05:30,59.3645320655702,2314.95,2213.75,58.533321380615234,1379552,0.0,0.0,ADANIENT.NS,Adani Enterprises Limited,Thermal Coal,Energy,Mr. Gautambhai Shantilal Adani S.Y. B.Com,"Ahmedabad, India",https://www.adanienterprises.com,2308.8,2238.85,2664840298496,77.06275,29.96,0.00059999997,3743.9,2025.0
2017-08-28 00:00:00+05:30,62.79662808779454,2314.95,2213.75,63.92278289794922,1379552,0.0,0.0,ADANIENT.NS,Adani Enterprises Limited,Thermal Coal,Energy,Mr. Gautambhai Shantilal Adani S.Y. B.Com,"Ahmedabad, India",https://www.adanienterprises.com,2308.8,2238.85,2664840298496,77.06275,29.96,0.00059999997,3743.9,2025.0
2017-08-29 00:00:00+05:30,62.95751227625835,2314.95,2213.75,63.78872299194336,1379552,0.0,0.0,ADANIENT.NS,Adani Enterprises Limited,Thermal Coal,Energy,Mr. Gautambhai Shantilal Adani S.Y. B.Com,"Ahmedabad, India",https://www.adanienterprises.com,2308.8,2238.85,2664840298496,77.06275,29.96,0.00059999997,3743.9,2025.0
2017-08-30 00:00:00+05:30,64.56631247785032,2314.95,2213.75,68.72236633300781,1379552,0.0,0.0,ADANIENT.NS,Adani Enterprises Limited,Thermal Coal,Energy,Mr. Gautambhai Shantilal Adani S.Y. B.Com,"Ahmedabad, India",https://www.adanienterprises.com,2308.8,2238.85,2664840298496,77.06275,29.96,0.00059999997,3743.9,2025.0
2017-08-31 00:00:00+05:30,71.32324683356174,2314.95,2213.75,71.08192443847656,1379552,0.0,0.0,ADANIENT.NS,Adani Enterprises Limited,Thermal Coal,Energy,Mr. Gautambhai Shantilal Adani S.Y. B.Com,"Ahmedabad, India",https://www.adanienterprises.com,2308.8,2238.85,2664840298496,77.06275,29.96,0.00059999997,3743.9,2025.0
2017-09-01 00:00:00+05:30,71.18917909091968,2314.95,2213.75,73.25379943847656,1379552,0.0,0.0,ADANIENT.NS,Adani Enterprises Limited,Thermal Coal,Energy,Mr. Gautambhai Shantilal Adani S.Y. B.Com,"Ahmedabad, India",https://www.adanienterprises.com,2308.8,2238.85,2664840298496,77.06275,29.96,0.00059999997,3743.9,2025.0
2017-09-04 00:00:00+05:30,73.03927846508738,2314.95,2213.75,70.14344787597656,1379552,0.0,0.0,ADANIENT.NS,Adani Enterprises Limited,Thermal Coal,Energy,Mr. Gautambhai Shantilal Adani S.Y. B.Com,"Ahmedabad, India",https://www.adanienterprises.com,2308.8,2238.85,2664840298496,77.06275,29.96,0.00059999997,3743.9,2025.0
2017-09-05 00:00:00+05:30,70.46521267706781,2314.95,2213.75,71.37686157226562,1379552,0.0,0.0,ADANIENT.NS,Adani Enterprises Limited,Thermal Coal,Energy,Mr. Gautambhai Shantilal Adani S.Y. B.Com,"Ahmedabad, India",https://www.adanienterprises.com,2308.8,2238.85,2664840298496,77.06275,29.96,0.00059999997,3743.9,2025.0
2017-09-06 00:00:00+05:30,69.76806173401093,2314.95,2213.75,70.14344787597656,1379552,0.0,0.0,ADANIENT.NS,Adani Enterprises Limited,Thermal Coal,Energy,Mr. Gautambhai Shantilal Adani S.Y. B.Com,"Ahmedabad, India",https://www.adanienterprises.com,2308.8,2238.85,2664840298496,77.06275,29.96,0.00059999997,3743.9,2025.0
2017-09-07 00:00:00+05:30,70.49203061154752,2314.95,2213.75,69.928955078125,1379552,0.0,0.0,ADANIENT.NS,Adani Enterprises Limited,Thermal Coal,Energy,Mr. Gautambhai Shantilal Adani S.Y. B.Com,"Ahmedabad, India",https://www.adanienterprises.com,2308.8,2238.85,2664840298496,77.06275,29.96,0.00059999997,3743.9,2025.0
2017-09-08 00:00:00+05:30,70.19708643231384,2314.95,2213.75,68.42741394042969,1379552,0.0,0.0,ADANIENT.NS,Adani Enterprises Limited,Thermal Coal,Energy,Mr. Gautambhai Shantilal Adani S.Y. B.Com,"Ahmedabad, India",https://www.adanienterprises.com,2308.8,2238.85,2664840298496,77.06275,29.96,0.00059999997,3743.9,2025.0
2017-09-11 00:00:00+05:30,68.91005496581869,2314.95,2213.75,70.06302642822266,1379552,0.0,0.0,ADANIENT.NS,Adani Enterprises Limited,Thermal Coal,Energy,Mr. Gautambhai Shantilal Adani S.Y. B.Com,"Ahmedabad, India",https://www.adanienterprises.com,2308.8,2238.85,2664840298496,77.06275,29.96,0.00059999997,3743.9,2025.0
2017-09-12 00:00:00+05:30,70.67972360927158,2314.95,2213.75,71.83269500732422,1379552,0.0,0.0,ADANIENT.NS,Adani Enterprises Limited,Thermal Coal,Energy,Mr. Gautambhai Shantilal Adani S.Y. B.Com,"Ahmedabad, India",https://www.adanienterprises.com,2308.8,2238.85,2664840298496,77.06275,29.96,0.00059999997,3743.9,2025.0
2017-09-13 00:00:00+05:30,71.80587995529554,2314.95,2213.75,70.11664581298828,1379552,0.0,0.0,ADANIENT.NS,Adani Enterprises Limited,Thermal Coal,Energy,Mr. Gautambhai Shantilal Adani S.Y. B.Com,"Ahmedabad, India",https://www.adanienterprises.com,2308.8,2238.85,2664840298496,77.06275,29.96,0.00059999997,3743.9,2025.0
2017-09-14 00:00:00+05:30,70.25070791074326,2314.95,2213.75,70.73335266113281,1379552,0.0,0.0,ADANIENT.NS,Adani Enterprises Limited,Thermal Coal,Energy,Mr. Gautambhai Shantilal Adani S.Y. B.Com,"Ahmedabad, India",https://www.adanienterprises.com,2308.8,2238.85,2664840298496,77.06275,29.96,0.00059999997,3743.9,2025.0
2017-09-15 00:00:00+05:30,69.74126572803252,2314.95,2213.75,70.06302642822266,1379552,0.0,0.0,ADANIENT.NS,Adani Enterprises Limited,Thermal Coal,Energy,Mr. Gautambhai Shantilal Adani S.Y. B.Com,"Ahmedabad, India",https://www.adanienterprises.com,2308.8,2238.85,2664840298496,77.06275,29.96,0.00059999997,3743.9,2025.0
2017-09-18 00:00:00+05:30,70.5992845627224,2314.95,2213.75,70.17027282714844,1379552,0.0,0.0,ADANIENT.NS,Adani Enterprises Limited,Thermal Coal,Energy,Mr. Gautambhai Shantilal Adani S.Y. B.Com,"Ahmedabad, India",https://www.adanienterprises.com,2308.8,2238.85,2664840298496,77.06275,29.96,0.00059999997,3743.9,2025.0
2017-09-19 00:00:00+05:30,70.22388914362047,2314.95,2213.75,70.25070190429688,1379552,0.0,0.0,ADANIENT.NS,Adani Enterprises Limited,Thermal Coal,Energy,Mr. Gautambhai Shantilal Adani S.Y. B.Com,"Ahmedabad, India",https://www.adanienterprises.com,2308.8,2238.85,2664840298496,77.06275,29.96,0.00059999997,3743.9,2025.0
2017-09-20 00:00:00+05:30,70.65289956184868,2314.95,2213.75,69.3926773071289,1379552,0.0,0.0,ADANIENT.NS,Adani Enterprises Limited,Thermal Coal,Energy,Mr. Gautambhai Shantilal Adani S.Y. B.Com,"Ahmedabad, India",https://www.adanienterprises.com,2308.8,2238.85,2664840298496,77.06275,29.96,0.00059999997,3743.9,2025.0
2017-09-21 00:00:00+05:30,69.39268225385722,2314.95,2213.75,68.48103332519531,1379552,0.0,0.0,ADANIENT.NS,Adani Enterprises Limited,Thermal Coal,Energy,Mr. Gautambhai Shantilal Adani S.Y. B.Com,"Ahmedabad, India",https://www.adanienterprises.com,2308.8,2238.85,2664840298496,77.06275,29.96,0.00059999997,3743.9,2025.0
2017-09-22 00:00:00+05:30,68.02522279918644,2314.95,2213.75,65.29026794433594,1379552,0.0,0.0,ADANIENT.NS,Adani Enterprises Limited,Thermal Coal,Energy,Mr. Gautambhai Shantilal Adani S.Y. B.Com,"Ahmedabad, India",https://www.adanienterprises.com,2308.8,2238.85,2664840298496,77.06275,29.96,0.00059999997,3743.9,2025.0
2017-09-25 00:00:00+05:30,65.37069795825414,2314.95,2213.75,62.55530548095703,1379552,0.0,0.0,ADANIENT.NS,Adani Enterprises Limited,Thermal Coal,Energy,Mr. Gautambhai Shantilal Adani S.Y. B.Com,"Ahmedabad, India",https://www.adanienterprises.com,2308.8,2238.85,2664840298496,77.06275,29.96,0.00059999997,3743.9,2025.0
2017-09-26 00:00:00+05:30,62.528495306724075,2314.95,2213.75,63.60102081298828,1379552,0.0,0.0,ADANIENT.NS,Adani Enterprises Limited,Thermal Coal,Energy,Mr. Gautambhai Shantilal Adani S.Y. B.Com,"Ahmedabad, India",https://www.adanienterprises.com,2308.8,2238.85,2664840298496,77.06275,29.96,0.00059999997,3743.9,2025.0
2017-09-27 00:00:00+05:30,64.08366496810609,2314.95,2213.75,61.268272399902344,1379552,0.0,0.0,ADANIENT.NS,Adani Enterprises Limited,Thermal Coal,Energy,Mr. Gautambhai Shantilal Adani S.Y. B.Com,"Ahmedabad, India",https://www.adanienterprises.com,2308.8,2238.85,2664840298496,77.06275,29.96,0.00059999997,3743.9,2025.0
2017-09-28 00:00:00+05:30,61.5632170428512,2314.95,2213.75,61.83134841918945,1379552,0.0,0.0,ADANIENT.NS,Adani Enterprises Limited,Thermal Coal,Energy,Mr. Gautambhai Shantilal Adani S.Y. B.Com,"Ahmedabad, India",https://www.adanienterprises.com,2308.8,2238.85,2664840298496,77.06275,29.96,0.00059999997,3743.9,2025.0
2017-09-29 00:00:00+05:30,62.20673441906026,2314.95,2213.75,62.36761474609375,1379552,0.0,0.0,ADANIENT.NS,Adani Enterprises Limited,Thermal Coal,Energy,Mr. Gautambhai Shantilal Adani S.Y. B.Com,"Ahmedabad, India",https://www.adanienterprises.com,2308.8,2238.85,2664840298496,77.06275,29.96,0.00059999997,3743.9,2025.0
2017-10-03 00:00:00+05:30,62.50167926596417,2314.95,2213.75,59.95441818237305,1379552,0.0,0.0,ADANIENT.NS,Adani Enterprises Limited,Thermal Coal,Energy,Mr. Gautambhai Shantilal Adani S.Y. B.Com,"Ahmedabad, India",https://www.adanienterprises.com,2308.8,2238.85,2664840298496,77.06275,29.96,0.00059999997,3743.9,2025.0
2017-10-04 00:00:00+05:30,60.168927128265295,2314.95,2213.75,61.83134841918945,1379552,0.0,0.0,ADANIENT.NS,Adani Enterprises Limited,Thermal Coal,Energy,Mr. Gautambhai Shantilal Adani S.Y. B.Com,"Ahmedabad, India",https://www.adanienterprises.com,2308.8,2238.85,2664840298496,77.06275,29.96,0.00059999997,3743.9,2025.0
2017-10-05 00:00:00+05:30,62.528502045302524,2314.95,2213.75,65.20982360839844,1379552,0.0,0.0,ADANIENT.NS,Adani Enterprises Limited,Thermal Coal,Energy,Mr. Gautambhai Shantilal Adani S.Y. B.Com,"Ahmedabad, India",https://www.adanienterprises.com,2308.8,2238.85,2664840298496,77.06275,29.96,0.00059999997,3743.9,2025.0
2017-10-06 00:00:00+05:30,65.90697162588627,2314.95,2213.75,66.20191955566406,1379552,0.0,0.0,ADANIENT.NS,Adani Enterprises Limited,Thermal Coal,Energy,Mr. Gautambhai Shantilal Adani S.Y. B.Com,"Ahmedabad, India",https://www.adanienterprises.com,2308.8,2238.85,2664840298496,77.06275,29.96,0.00059999997,3743.9,2025.0
2017-10-09 00:00:00+05:30,64.35179227189361,2314.95,2213.75,63.97640609741211,1379552,0.0,0.0,ADANIENT.NS,Adani Enterprises Limited,Thermal Coal,Energy,Mr. Gautambhai Shantilal Adani S.Y. B.Com,"Ahmedabad, India",https://www.adanienterprises.com,2308.8,2238.85,2664840298496,77.06275,29.96,0.00059999997,3743.9,2025.0
2017-10-10 00:00:00+05:30,64.08367126258874,2314.95,2213.75,64.4858627319336,1379552,0.0,0.0,ADANIENT.NS,Adani Enterprises Limited,Thermal Coal,Energy,Mr. Gautambhai Shantilal Adani S.Y. B.Com,"Ahmedabad, India",https://www.adanienterprises.com,2308.8,2238.85,2664840298496,77.06275,29.96,0.00059999997,3743.9,2025.0
2017-10-11 00:00:00+05:30,64.96850715428258,2314.95,2213.75,63.78872299194336,1379552,0.0,0.0,ADANIENT.NS,Adani Enterprises Limited,Thermal Coal,Energy,Mr. Gautambhai Shantilal Adani S.Y. B.Com,"Ahmedabad, India",https://www.adanienterprises.com,2308.8,2238.85,2664840298496,77.06275,29.96,0.00059999997,3743.9,2025.0
2017-10-12 00:00:00+05:30,64.351800494823,2314.95,2213.75,64.40542602539062,1379552,0.0,0.0,ADANIENT.NS,Adani Enterprises Limited,Thermal Coal,Energy,Mr. Gautambhai Shantilal Adani S.Y. B.Com,"Ahmedabad, India",https://www.adanienterprises.com,2308.8,2238.85,2664840298496,77.06275,29.96,0.00059999997,3743.9,2025.0
2017-10-13 00:00:00+05:30,64.78081235439322,2314.95,2213.75,64.2713623046875,1379552,0.0,0.0,ADANIENT.NS,Adani Enterprises Limited,Thermal Coal,Energy,Mr. Gautambhai Shantilal Adani S.Y. B.Com,"Ahmedabad, India",https://www.adanienterprises.com,2308.8,2238.85,2664840298496,77.06275,29.96,0.00059999997,3743.9,2025.0
2017-10-16 00:00:00+05:30,64.70036377568691,2314.95,2213.75,62.95750427246094,1379552,0.0,0.0,ADANIENT.NS,Adani Enterprises Limited,Thermal Coal,Energy,Mr. Gautambhai Shantilal Adani S.Y. B.Com,"Ahmedabad, India",https://www.adanienterprises.com,2308.8,2238.85,2664840298496,77.06275,29.96,0.00059999997,3743.9,2025.0
2017-10-17 00:00:00+05:30,63.19882585818199,2314.95,2213.75,63.3328971862793,1379552,0.0,0.0,ADANIENT.NS,Adani Enterprises Limited,Thermal Coal,Energy,Mr. Gautambhai Shantilal Adani S.Y. B.Com,"Ahmedabad, India",https://www.adanienterprises.com,2308.8,2238.85,2664840298496,77.06275,29.96,0.00059999997,3743.9,2025.0
2017-10-18 00:00:00+05:30,63.27926697141805,2314.95,2213.75,65.74608612060547,1379552,0.0,0.0,ADANIENT.NS,Adani Enterprises Limited,Thermal Coal,Energy,Mr. Gautambhai Shantilal Adani S.Y. B.Com,"Ahmedabad, India",https://www.adanienterprises.com,2308.8,2238.85,2664840298496,77.06275,29.96,0.00059999997,3743.9,2025.0
2017-10-19 00:00:00+05:30,66.09465133388713,2314.95,2213.75,67.35487365722656,1379552,0.0,0.0,ADANIENT.NS,Adani Enterprises Limited,Thermal Coal,Energy,Mr. Gautambhai Shantilal Adani S.Y. B.Com,"Ahmedabad, India",https://www.adanienterprises.com,2308.8,2238.85,2664840298496,77.06275,29.96,0.00059999997,3743.9,2025.0
2017-10-23 00:00:00+05:30,67.78390174618772,2314.95,2213.75,68.07884216308594,1379552,0.0,0.0,ADANIENT.NS,Adani Enterprises Limited,Thermal Coal,Energy,Mr. Gautambhai Shantilal Adani S.Y. B.Com,"Ahmedabad, India",https://www.adanienterprises.com,2308.8,2238.85,2664840298496,77.06275,29.96,0.00059999997,3743.9,2025.0
2017-10-24 00:00:00+05:30,68.10563360089716,2314.95,2213.75,67.7302474975586,1379552,0.0,0.0,ADANIENT.NS,Adani Enterprises Limited,Thermal Coal,Energy,Mr. Gautambhai Shantilal Adani S.Y. B.Com,"Ahmedabad, India",https://www.adanienterprises.com,2308.8,2238.85,2664840298496,77.06275,29.96,0.00059999997,3743.9,2025.0
2017-10-25 00:00:00+05:30,68.02520886086437,2314.95,2213.75,68.48103332519531,1379552,0.0,0.0,ADANIENT.NS,Adani Enterprises Limited,Thermal Coal,Energy,Mr. Gautambhai Shantilal Adani S.Y. B.Com,"Ahmedabad, India",https://www.adanienterprises.com,2308.8,2238.85,2664840298496,77.06275,29.96,0.00059999997,3743.9,2025.0
2017-10-26 00:00:00+05:30,68.37377862305226,2314.95,2213.75,70.25070190429688,1379552,0.0,0.0,ADANIENT.NS,Adani Enterprises Limited,Thermal Coal,Energy,Mr. Gautambhai Shantilal Adani S.Y. B.Com,"Ahmedabad, India",https://www.adanienterprises.com,2308.8,2238.85,2664840298496,77.06275,29.96,0.00059999997,3743.9,2025.0
2017-10-27 00:00:00+05:30,70.73335768457927,2314.95,2213.75,69.68763732910156,1379552,0.0,0.0,ADANIENT.NS,Adani Enterprises Limited,Thermal Coal,Energy,Mr. Gautambhai Shantilal Adani S.Y. B.Com,"Ahmedabad, India",https://www.adanienterprises.com,2308.8,2238.85,2664840298496,77.06275,29.96,0.00059999997,3743.9,2025.0
2017-10-30 00:00:00+05:30,70.0630076813319,2314.95,2213.75,71.96675109863281,1379552,0.0,0.0,ADANIENT.NS,Adani Enterprises Limited,Thermal Coal,Energy,Mr. Gautambhai Shantilal Adani S.Y. B.Com,"Ahmedabad, India",https://www.adanienterprises.com,2308.8,2238.85,2664840298496,77.06275,29.96,0.00059999997,3743.9,2025.0
2017-10-31 00:00:00+05:30,72.2348804381013,2314.95,2213.75,70.94784545898438,1379552,0.0,0.0,ADANIENT.NS,Adani Enterprises Limited,Thermal Coal,Energy,Mr. Gautambhai Shantilal Adani S.Y. B.Com,"Ahmedabad, India",https://www.adanienterprises.com,2308.8,2238.85,2664840298496,77.06275,29.96,0.00059999997,3743.9,2025.0
2017-11-01 00:00:00+05:30,71.2159850055157,2314.95,2213.75,71.37686157226562,1379552,0.0,0.0,ADANIENT.NS,Adani Enterprises Limited,Thermal Coal,Energy,Mr. Gautambhai Shantilal Adani S.Y. B.Com,"Ahmedabad, India",https://www.adanienterprises.com,2308.8,2238.85,2664840298496,77.06275,29.96,0.00059999997,3743.9,2025.0
2017-11-02 00:00:00+05:30,71.48411253187561,2314.95,2213.75,71.51092529296875,1379552,0.0,0.0,ADANIENT.NS,Adani Enterprises Limited,Thermal Coal,Energy,Mr. Gautambhai Shantilal Adani S.Y. B.Com,"Ahmedabad, India",https://www.adanienterprises.com,2308.8,2238.85,2664840298496,77.06275,29.96,0.00059999997,3743.9,2025.0
2017-11-03 00:00:00+05:30,71.85949608157117,2314.95,2213.75,75.34522247314453,1379552,0.0,0.0,ADANIENT.NS,Adani Enterprises Limited,Thermal Coal,Energy,Mr. Gautambhai Shantilal Adani S.Y. B.Com,"Ahmedabad, India",https://www.adanienterprises.com,2308.8,2238.85,2664840298496,77.06275,29.96,0.00059999997,3743.9,2025.0
2017-11-06 00:00:00+05:30,76.79314283819645,2314.95,2213.75,80.27886962890625,1379552,0.0,0.0,ADANIENT.NS,Adani Enterprises Limited,Thermal Coal,Energy,Mr. Gautambhai Shantilal Adani S.Y. B.Com,"Ahmedabad, India",https://www.adanienterprises.com,2308.8,2238.85,2664840298496,77.06275,29.96,0.00059999997,3743.9,2025.0
2017-11-07 00:00:00+05:30,80.30568112682536,2314.95,2213.75,79.5549087524414,1379552,0.0,0.0,ADANIENT.NS,Adani Enterprises Limited,Thermal Coal,Energy,Mr. Gautambhai Shantilal Adani S.Y. B.Com,"Ahmedabad, India",https://www.adanienterprises.com,2308.8,2238.85,2664840298496,77.06275,29.96,0.00059999997,3743.9,2025.0
2017-11-08 00:00:00+05:30,79.39402995791475,2314.95,2213.75,81.24414825439453,1379552,0.0,0.0,ADANIENT.NS,Adani Enterprises Limited,Thermal Coal,Energy,Mr. Gautambhai Shantilal Adani S.Y. B.Com,"Ahmedabad, India",https://www.adanienterprises.com,2308.8,2238.85,2664840298496,77.06275,29.96,0.00059999997,3743.9,2025.0
2017-11-09 00:00:00+05:30,81.4318279135601,2314.95,2213.75,82.79930877685547,1379552,0.0,0.0,ADANIENT.NS,Adani Enterprises Limited,Thermal Coal,Energy,Mr. Gautambhai Shantilal Adani S.Y. B.Com,"Ahmedabad, India",https://www.adanienterprises.com,2308.8,2238.85,2664840298496,77.06275,29.96,0.00059999997,3743.9,2025.0
2017-11-10 00:00:00+05:30,82.77249557438864,2314.95,2213.75,83.87183380126953,1379552,0.0,0.0,ADANIENT.NS,Adani Enterprises Limited,Thermal Coal,Energy,Mr. Gautambhai Shantilal Adani S.Y. B.Com,"Ahmedabad, India",https://www.adanienterprises.com,2308.8,2238.85,2664840298496,77.06275,29.96,0.00059999997,3743.9,2025.0
2017-11-13 00:00:00+05:30,84.24723485303606,2314.95,2213.75,81.94129943847656,1379552,0.0,0.0,ADANIENT.NS,Adani Enterprises Limited,Thermal Coal,Energy,Mr. Gautambhai Shantilal Adani S.Y. B.Com,"Ahmedabad, India",https://www.adanienterprises.com,2308.8,2238.85,2664840298496,77.06275,29.96,0.00059999997,3743.9,2025.0
2017-11-14 00:00:00+05:30,81.51228395512433,2314.95,2213.75,83.30876922607422,1379552,0.0,0.0,ADANIENT.NS,Adani Enterprises Limited,Thermal Coal,Energy,Mr. Gautambhai Shantilal Adani S.Y. B.Com,"Ahmedabad, India",https://www.adanienterprises.com,2308.8,2238.85,2664840298496,77.06275,29.96,0.00059999997,3743.9,2025.0
2017-11-15 00:00:00+05:30,83.01381065328177,2314.95,2213.75,78.85775756835938,1379552,0.0,0.0,ADANIENT.NS,Adani Enterprises Limited,Thermal Coal,Energy,Mr. Gautambhai Shantilal Adani S.Y. B.Com,"Ahmedabad, India",https://www.adanienterprises.com,2308.8,2238.85,2664840298496,77.06275,29.96,0.00059999997,3743.9,2025.0
2017-11-16 00:00:00+05:30,77.75842282240349,2314.95,2213.75,77.62435150146484,1379552,0.0,0.0,ADANIENT.NS,Adani Enterprises Limited,Thermal Coal,Energy,Mr. Gautambhai Shantilal Adani S.Y. B.Com,"Ahmedabad, India",https://www.adanienterprises.com,2308.8,2238.85,2664840298496,77.06275,29.96,0.00059999997,3743.9,2025.0
2017-11-17 00:00:00+05:30,78.56282701992592,2314.95,2213.75,83.9791030883789,1379552,0.0,0.0,ADANIENT.NS,Adani Enterprises Limited,Thermal Coal,Energy,Mr. Gautambhai Shantilal Adani S.Y. B.Com,"Ahmedabad, India",https://www.adanienterprises.com,2308.8,2238.85,2664840298496,77.06275,29.96,0.00059999997,3743.9,2025.0
2017-11-20 00:00:00+05:30,84.16678105626282,2314.95,2213.75,86.01689910888672,1379552,0.0,0.0,ADANIENT.NS,Adani Enterprises Limited,Thermal Coal,Energy,Mr. Gautambhai Shantilal Adani S.Y. B.Com,"Ahmedabad, India",https://www.adanienterprises.com,2308.8,2238.85,2664840298496,77.06275,29.96,0.00059999997,3743.9,2025.0
2017-11-21 00:00:00+05:30,86.33865023190015,2314.95,2213.75,82.28984832763672,1379552,0.0,0.0,ADANIENT.NS,Adani Enterprises Limited,Thermal Coal,Energy,Mr. Gautambhai Shantilal Adani S.Y. B.Com,"Ahmedabad, India",https://www.adanienterprises.com,2308.8,2238.85,2664840298496,77.06275,29.96,0.00059999997,3743.9,2025.0
2017-11-22 00:00:00+05:30,82.74568109005531,2314.95,2213.75,84.62260437011719,1379552,0.0,0.0,ADANIENT.NS,Adani Enterprises Limited,Thermal Coal,Energy,Mr. Gautambhai Shantilal Adani S.Y. B.Com,"Ahmedabad, India",https://www.adanienterprises.com,2308.8,2238.85,2664840298496,77.06275,29.96,0.00059999997,3743.9,2025.0
2017-11-23 00:00:00+05:30,84.72985951175818,2314.95,2213.75,81.78040313720703,1379552,0.0,0.0,ADANIENT.NS,Adani Enterprises Limited,Thermal Coal,Energy,Mr. Gautambhai Shantilal Adani S.Y. B.Com,"Ahmedabad, India",https://www.adanienterprises.com,2308.8,2238.85,2664840298496,77.06275,29.96,0.00059999997,3743.9,2025.0
2017-11-24 00:00:00+05:30,81.83403611245568,2314.95,2213.75,82.18260955810547,1379552,0.0,0.0,ADANIENT.NS,Adani Enterprises Limited,Thermal Coal,Energy,Mr. Gautambhai Shantilal Adani S.Y. B.Com,"Ahmedabad, India",https://www.adanienterprises.com,2308.8,2238.85,2664840298496,77.06275,29.96,0.00059999997,3743.9,2025.0
2017-11-27 00:00:00+05:30,80.43975040209186,2314.95,2213.75,81.1100845336914,1379552,0.0,0.0,ADANIENT.NS,Adani Enterprises Limited,Thermal Coal,Energy,Mr. Gautambhai Shantilal Adani S.Y. B.Com,"Ahmedabad, India",https://www.adanienterprises.com,2308.8,2238.85,2664840298496,77.06275,29.96,0.00059999997,3743.9,2025.0
2017-11-28 00:00:00+05:30,81.0832738246312,2314.95,2213.75,79.82304382324219,1379552,0.0,0.0,ADANIENT.NS,Adani Enterprises Limited,Thermal Coal,Energy,Mr. Gautambhai Shantilal Adani S.Y. B.Com,"Ahmedabad, India",https://www.adanienterprises.com,2308.8,2238.85,2664840298496,77.06275,29.96,0.00059999997,3743.9,2025.0
2017-11-29 00:00:00+05:30,79.82303043499348,2314.95,2213.75,79.072265625,1379552,0.0,0.0,ADANIENT.NS,Adani Enterprises Limited,Thermal Coal,Energy,Mr. Gautambhai Shantilal Adani S.Y. B.Com,"Ahmedabad, India",https://www.adanienterprises.com,2308.8,2238.85,2664840298496,77.06275,29.96,0.00059999997,3743.9,2025.0
2017-11-30 00:00:00+05:30,78.56282192291972,2314.95,2213.75,78.61644744873047,1379552,0.0,0.0,ADANIENT.NS,Adani Enterprises Limited,Thermal Coal,Energy,Mr. Gautambhai Shantilal Adani S.Y. B.Com,"Ahmedabad, India",https://www.adanienterprises.com,2308.8,2238.85,2664840298496,77.06275,29.96,0.00059999997,3743.9,2025.0
2017-12-01 00:00:00+05:30,78.83095832847611,2314.95,2213.75,76.33732604980469,1379552,0.0,0.0,ADANIENT.NS,Adani Enterprises Limited,Thermal Coal,Energy,Mr. Gautambhai Shantilal Adani S.Y. B.Com,"Ahmedabad, India",https://www.adanienterprises.com,2308.8,2238.85,2664840298496,77.06275,29.96,0.00059999997,3743.9,2025.0
2017-12-04 00:00:00+05:30,76.57864070229733,2314.95,2213.75,76.47138214111328,1379552,0.0,0.0,ADANIENT.NS,Adani Enterprises Limited,Thermal Coal,Energy,Mr. Gautambhai Shantilal Adani S.Y. B.Com,"Ahmedabad, India",https://www.adanienterprises.com,2308.8,2238.85,2664840298496,77.06275,29.96,0.00059999997,3743.9,2025.0
2017-12-05 00:00:00+05:30,76.49820780439885,2314.95,2213.75,78.16062927246094,1379552,0.0,0.0,ADANIENT.NS,Adani Enterprises Limited,Thermal Coal,Energy,Mr. Gautambhai Shantilal Adani S.Y. B.Com,"Ahmedabad, India",https://www.adanienterprises.com,2308.8,2238.85,2664840298496,77.06275,29.96,0.00059999997,3743.9,2025.0
2017-12-06 00:00:00+05:30,77.06127654114675,2314.95,2213.75,76.28369140625,1379552,0.0,0.0,ADANIENT.NS,Adani Enterprises Limited,Thermal Coal,Energy,Mr. Gautambhai Shantilal Adani S.Y. B.Com,"Ahmedabad, India",https://www.adanienterprises.com,2308.8,2238.85,2664840298496,77.06275,29.96,0.00059999997,3743.9,2025.0
2017-12-07 00:00:00+05:30,76.52502450193343,2314.95,2213.75,79.12590789794922,1379552,0.0,0.0,ADANIENT.NS,Adani Enterprises Limited,Thermal Coal,Energy,Mr. Gautambhai Shantilal Adani S.Y. B.Com,"Ahmedabad, India",https://www.adanienterprises.com,2308.8,2238.85,2664840298496,77.06275,29.96,0.00059999997,3743.9,2025.0
2017-12-08 00:00:00+05:30,80.01073560720127,2314.95,2213.75,81.00282287597656,1379552,0.0,0.0,ADANIENT.NS,Adani Enterprises Limited,Thermal Coal,Energy,Mr. Gautambhai Shantilal Adani S.Y. B.Com,"Ahmedabad, India",https://www.adanienterprises.com,2308.8,2238.85,2664840298496,77.06275,29.96,0.00059999997,3743.9,2025.0
2017-12-11 00:00:00+05:30,81.7267744162798,2314.95,2213.75,82.20941162109375,1379552,0.0,0.0,ADANIENT.NS,Adani Enterprises Limited,Thermal Coal,Energy,Mr. Gautambhai Shantilal Adani S.Y. B.Com,"Ahmedabad, India",https://www.adanienterprises.com,2308.8,2238.85,2664840298496,77.06275,29.96,0.00059999997,3743.9,2025.0
2017-12-12 00:00:00+05:30,82.53118778602641,2314.95,2213.75,81.8072280883789,1379552,0.0,0.0,ADANIENT.NS,Adani Enterprises Limited,Thermal Coal,Energy,Mr. Gautambhai Shantilal Adani S.Y. B.Com,"Ahmedabad, India",https://www.adanienterprises.com,2308.8,2238.85,2664840298496,77.06275,29.96,0.00059999997,3743.9,2025.0
2017-12-13 00:00:00+05:30,80.43974358793217,2314.95,2213.75,79.09908294677734,1379552,0.0,0.0,ADANIENT.NS,Adani Enterprises Limited,Thermal Coal,Energy,Mr. Gautambhai Shantilal Adani S.Y. B.Com,"Ahmedabad, India",https://www.adanienterprises.com,2308.8,2238.85,2664840298496,77.06275,29.96,0.00059999997,3743.9,2025.0
2017-12-14 00:00:00+05:30,78.83095208701589,2314.95,2213.75,79.66216278076172,1379552,0.0,0.0,ADANIENT.NS,Adani Enterprises Limited,Thermal Coal,Energy,Mr. Gautambhai Shantilal Adani S.Y. B.Com,"Ahmedabad, India",https://www.adanienterprises.com,2308.8,2238.85,2664840298496,77.06275,29.96,0.00059999997,3743.9,2025.0
2017-12-15 00:00:00+05:30,83.09424595062929,2314.95,2213.75,83.22831726074219,1379552,0.0,0.0,ADANIENT.NS,Adani Enterprises Limited,Thermal Coal,Energy,Mr. Gautambhai Shantilal Adani S.Y. B.Com,"Ahmedabad, India",https://www.adanienterprises.com,2308.8,2238.85,2664840298496,77.06275,29.96,0.00059999997,3743.9,2025.0
2017-12-18 00:00:00+05:30,79.36721805601816,2314.95,2213.75,85.77558898925781,1379552,0.0,0.0,ADANIENT.NS,Adani Enterprises Limited,Thermal Coal,Energy,Mr. Gautambhai Shantilal Adani S.Y. B.Com,"Ahmedabad, India",https://www.adanienterprises.com,2308.8,2238.85,2664840298496,77.06275,29.96,0.00059999997,3743.9,2025.0
2017-12-19 00:00:00+05:30,85.74876399023097,2314.95,2213.75,86.01689910888672,1379552,0.0,0.0,ADANIENT.NS,Adani Enterprises Limited,Thermal Coal,Energy,Mr. Gautambhai Shantilal Adani S.Y. B.Com,"Ahmedabad, India",https://www.adanienterprises.com,2308.8,2238.85,2664840298496,77.06275,29.96,0.00059999997,3743.9,2025.0
2017-12-20 00:00:00+05:30,85.80240146269021,2314.95,2213.75,86.31185150146484,1379552,0.0,0.0,ADANIENT.NS,Adani Enterprises Limited,Thermal Coal,Energy,Mr. Gautambhai Shantilal Adani S.Y. B.Com,"Ahmedabad, India",https://www.adanienterprises.com,2308.8,2238.85,2664840298496,77.06275,29.96,0.00059999997,3743.9,2025.0
2017-12-21 00:00:00+05:30,86.33865476698966,2314.95,2213.75,87.1966781616211,1379552,0.0,0.0,ADANIENT.NS,Adani Enterprises Limited,Thermal Coal,Energy,Mr. Gautambhai Shantilal Adani S.Y. B.Com,"Ahmedabad, India",https://www.adanienterprises.com,2308.8,2238.85,2664840298496,77.06275,29.96,0.00059999997,3743.9,2025.0
2017-12-22 00:00:00+05:30,87.38437196497206,2314.95,2213.75,87.35755920410156,1379552,0.0,0.0,ADANIENT.NS,Adani Enterprises Limited,Thermal Coal,Energy,Mr. Gautambhai Shantilal Adani S.Y. B.Com,"Ahmedabad, India",https://www.adanienterprises.com,2308.8,2238.85,2664840298496,77.06275,29.96,0.00059999997,3743.9,2025.0
2017-12-26 00:00:00+05:30,87.41118919761331,2314.95,2213.75,87.51844024658203,1379552,0.0,0.0,ADANIENT.NS,Adani Enterprises Limited,Thermal Coal,Energy,Mr. Gautambhai Shantilal Adani S.Y. B.Com,"Ahmedabad, India",https://www.adanienterprises.com,2308.8,2238.85,2664840298496,77.06275,29.96,0.00059999997,3743.9,2025.0
2017-12-27 00:00:00+05:30,87.41118869480802,2314.95,2213.75,88.99317169189453,1379552,0.0,0.0,ADANIENT.NS,Adani Enterprises Limited,Thermal Coal,Energy,Mr. Gautambhai Shantilal Adani S.Y. B.Com,"Ahmedabad, India",https://www.adanienterprises.com,2308.8,2238.85,2664840298496,77.06275,29.96,0.00059999997,3743.9,2025.0
2017-12-28 00:00:00+05:30,89.01998918332913,2314.95,2213.75,88.61779022216797,1379552,0.0,0.0,ADANIENT.NS,Adani Enterprises Limited,Thermal Coal,Energy,Mr. Gautambhai Shantilal Adani S.Y. B.Com,"Ahmedabad, India",https://www.adanienterprises.com,2308.8,2238.85,2664840298496,77.06275,29.96,0.00059999997,3743.9,2025.0
2017-12-29 00:00:00+05:30,88.48372767432288,2314.95,2213.75,89.20768737792969,1379552,0.0,0.0,ADANIENT.NS,Adani Enterprises Limited,Thermal Coal,Energy,Mr. Gautambhai Shantilal Adani S.Y. B.Com,"Ahmedabad, India",https://www.adanienterprises.com,2308.8,2238.85,2664840298496,77.06275,29.96,0.00059999997,3743.9,2025.0
2018-01-01 00:00:00+05:30,88.9127350028047,2314.95,2213.75,89.04680633544922,1379552,0.0,0.0,ADANIENT.NS,Adani Enterprises Limited,Thermal Coal,Energy,Mr. Gautambhai Shantilal Adani S.Y. B.Com,"Ahmedabad, India",https://www.adanienterprises.com,2308.8,2238.85,2664840298496,77.06275,29.96,0.00059999997,3743.9,2025.0
2018-01-02 00:00:00+05:30,89.07360571716444,2314.95,2213.75,87.8938217163086,1379552,0.0,0.0,ADANIENT.NS,Adani Enterprises Limited,Thermal Coal,Energy,Mr. Gautambhai Shantilal Adani S.Y. B.Com,"Ahmedabad, India",https://www.adanienterprises.com,2308.8,2238.85,2664840298496,77.06275,29.96,0.00059999997,3743.9,2025.0
2018-01-03 00:00:00+05:30,87.89383105753522,2314.95,2213.75,94.4898910522461,1379552,0.0,0.0,ADANIENT.NS,Adani Enterprises Limited,Thermal Coal,Energy,Mr. Gautambhai Shantilal Adani S.Y. B.Com,"Ahmedabad, India",https://www.adanienterprises.com,2308.8,2238.85,2664840298496,77.06275,29.96,0.00059999997,3743.9,2025.0
2018-01-04 00:00:00+05:30,94.3826325214475,2314.95,2213.75,98.29736328125,1379552,0.0,0.0,ADANIENT.NS,Adani Enterprises Limited,Thermal Coal,Energy,Mr. Gautambhai Shantilal Adani S.Y. B.Com,"Ahmedabad, India",https://www.adanienterprises.com,2308.8,2238.85,2664840298496,77.06275,29.96,0.00059999997,3743.9,2025.0
2018-01-05 00:00:00+05:30,99.10177542938204,2314.95,2213.75,103.57958984375,1379552,0.0,0.0,ADANIENT.NS,Adani Enterprises Limited,Thermal Coal,Energy,Mr. Gautambhai Shantilal Adani S.Y. B.Com,"Ahmedabad, India",https://www.adanienterprises.com,2308.8,2238.85,2664840298496,77.06275,29.96,0.00059999997,3743.9,2025.0
2018-01-08 00:00:00+05:30,103.28463054292675,2314.95,2213.75,105.34925079345703,1379552,0.0,0.0,ADANIENT.NS,Adani Enterprises Limited,Thermal Coal,Energy,Mr. Gautambhai Shantilal Adani S.Y. B.Com,"Ahmedabad, India",https://www.adanienterprises.com,2308.8,2238.85,2664840298496,77.06275,29.96,0.00059999997,3743.9,2025.0
2018-01-09 00:00:00+05:30,106.18045690072469,2314.95,2213.75,105.0542984008789,1379552,0.0,0.0,ADANIENT.NS,Adani Enterprises Limited,Thermal Coal,Energy,Mr. Gautambhai Shantilal Adani S.Y. B.Com,"Ahmedabad, India",https://www.adanienterprises.com,2308.8,2238.85,2664840298496,77.06275,29.96,0.00059999997,3743.9,2025.0
2018-01-10 00:00:00+05:30,105.16155494500718,2314.95,2213.75,106.60946655273438,1379552,0.0,0.0,ADANIENT.NS,Adani Enterprises Limited,Thermal Coal,Energy,Mr. Gautambhai Shantilal Adani S.Y. B.Com,"Ahmedabad, India",https://www.adanienterprises.com,2308.8,2238.85,2664840298496,77.06275,29.96,0.00059999997,3743.9,2025.0
2018-01-11 00:00:00+05:30,106.18045290107142,2314.95,2213.75,108.16463470458984,1379552,0.0,0.0,ADANIENT.NS,Adani Enterprises Limited,Thermal Coal,Energy,Mr. Gautambhai Shantilal Adani S.Y. B.Com,"Ahmedabad, India",https://www.adanienterprises.com,2308.8,2238.85,2664840298496,77.06275,29.96,0.00059999997,3743.9,2025.0
2018-01-12 00:00:00+05:30,108.3255193004734,2314.95,2213.75,107.22618103027344,1379552,0.0,0.0,ADANIENT.NS,Adani Enterprises Limited,Thermal Coal,Energy,Mr. Gautambhai Shantilal Adani S.Y. B.Com,"Ahmedabad, India",https://www.adanienterprises.com,2308.8,2238.85,2664840298496,77.06275,29.96,0.00059999997,3743.9,2025.0
2018-01-15 00:00:00+05:30,107.78925682227458,2314.95,2213.75,106.28771209716797,1379552,0.0,0.0,ADANIENT.NS,Adani Enterprises Limited,Thermal Coal,Energy,Mr. Gautambhai Shantilal Adani S.Y. B.Com,"Ahmedabad, India",https://www.adanienterprises.com,2308.8,2238.85,2664840298496,77.06275,29.96,0.00059999997,3743.9,2025.0
2018-01-16 00:00:00+05:30,106.55584651535851,2314.95,2213.75,104.35716247558594,1379552,0.0,0.0,ADANIENT.NS,Adani Enterprises Limited,Thermal Coal,Energy,Mr. Gautambhai Shantilal Adani S.Y. B.Com,"Ahmedabad, India",https://www.adanienterprises.com,2308.8,2238.85,2664840298496,77.06275,29.96,0.00059999997,3743.9,2025.0
2018-01-17 00:00:00+05:30,104.14266109786223,2314.95,2213.75,109.69300842285156,1379552,0.0,0.0,ADANIENT.NS,Adani Enterprises Limited,Thermal Coal,Energy,Mr. Gautambhai Shantilal Adani S.Y. B.Com,"Ahmedabad, India",https://www.adanienterprises.com,2308.8,2238.85,2664840298496,77.06275,29.96,0.00059999997,3743.9,2025.0
2018-01-18 00:00:00+05:30,110.47059119590432,2314.95,2213.75,104.70574188232422,1379552,0.0,0.0,ADANIENT.NS,Adani Enterprises Limited,Thermal Coal,Energy,Mr. Gautambhai Shantilal Adani S.Y. B.Com,"Ahmedabad, India",https://www.adanienterprises.com,2308.8,2238.85,2664840298496,77.06275,29.96,0.00059999997,3743.9,2025.0
2018-01-19 00:00:00+05:30,104.70573629605457,2314.95,2213.75,107.09210968017578,1379552,0.0,0.0,ADANIENT.NS,Adani Enterprises Limited,Thermal Coal,Energy,Mr. Gautambhai Shantilal Adani S.Y. B.Com,"Ahmedabad, India",https://www.adanienterprises.com,2308.8,2238.85,2664840298496,77.06275,29.96,0.00059999997,3743.9,2025.0
2018-01-22 00:00:00+05:30,106.18046395243748,2314.95,2213.75,106.66310119628906,1379552,0.0,0.0,ADANIENT.NS,Adani Enterprises Limited,Thermal Coal,Energy,Mr. Gautambhai Shantilal Adani S.Y. B.Com,"Ahmedabad, India",https://www.adanienterprises.com,2308.8,2238.85,2664840298496,77.06275,29.96,0.00059999997,3743.9,2025.0
2018-01-23 00:00:00+05:30,106.93122768650342,2314.95,2213.75,109.612548828125,1379552,0.0,0.0,ADANIENT.NS,Adani Enterprises Limited,Thermal Coal,Energy,Mr. Gautambhai Shantilal Adani S.Y. B.Com,"Ahmedabad, India",https://www.adanienterprises.com,2308.8,2238.85,2664840298496,77.06275,29.96,0.00059999997,3743.9,2025.0
2018-01-24 00:00:00+05:30,109.55893228182667,2314.95,2213.75,110.20245361328125,1379552,0.0,0.0,ADANIENT.NS,Adani Enterprises Limited,Thermal Coal,Energy,Mr. Gautambhai Shantilal Adani S.Y. B.Com,"Ahmedabad, India",https://www.adanienterprises.com,2308.8,2238.85,2664840298496,77.06275,29.96,0.00059999997,3743.9,2025.0
2018-01-25 00:00:00+05:30,109.93432235392797,2314.95,2213.75,114.97521209716797,1379552,0.0,0.0,ADANIENT.NS,Adani Enterprises Limited,Thermal Coal,Energy,Mr. Gautambhai Shantilal Adani S.Y. B.Com,"Ahmedabad, India",https://www.adanienterprises.com,2308.8,2238.85,2664840298496,77.06275,29.96,0.00059999997,3743.9,2025.0
2018-01-29 00:00:00+05:30,115.61872141589573,2314.95,2213.75,114.41212463378906,1379552,0.0,0.0,ADANIENT.NS,Adani Enterprises Limited,Thermal Coal,Energy,Mr. Gautambhai Shantilal Adani S.Y. B.Com,"Ahmedabad, India",https://www.adanienterprises.com,2308.8,2238.85,2664840298496,77.06275,29.96,0.00059999997,3743.9,2025.0
2018-01-30 00:00:00+05:30,113.15190571522554,2314.95,2213.75,113.31278228759766,1379552,0.0,0.0,ADANIENT.NS,Adani Enterprises Limited,Thermal Coal,Energy,Mr. Gautambhai Shantilal Adani S.Y. B.Com,"Ahmedabad, India",https://www.adanienterprises.com,2308.8,2238.85,2664840298496,77.06275,29.96,0.00059999997,3743.9,2025.0
2018-01-31 00:00:00+05:30,112.58882838742907,2314.95,2213.75,114.3316879272461,1379552,0.0,0.0,ADANIENT.NS,Adani Enterprises Limited,Thermal Coal,Energy,Mr. Gautambhai Shantilal Adani S.Y. B.Com,"Ahmedabad, India",https://www.adanienterprises.com,2308.8,2238.85,2664840298496,77.06275,29.96,0.00059999997,3743.9,2025.0
2018-02-01 00:00:00+05:30,114.22443377033956,2314.95,2213.75,114.76070404052734,1379552,0.0,0.0,ADANIENT.NS,Adani Enterprises Limited,Thermal Coal,Energy,Mr. Gautambhai Shantilal Adani S.Y. B.Com,"Ahmedabad, India",https://www.adanienterprises.com,2308.8,2238.85,2664840298496,77.06275,29.96,0.00059999997,3743.9,2025.0
2018-02-02 00:00:00+05:30,114.22443267432226,2314.95,2213.75,105.75144958496094,1379552,0.0,0.0,ADANIENT.NS,Adani Enterprises Limited,Thermal Coal,Energy,Mr. Gautambhai Shantilal Adani S.Y. B.Com,"Ahmedabad, India",https://www.adanienterprises.com,2308.8,2238.85,2664840298496,77.06275,29.96,0.00059999997,3743.9,2025.0
2018-02-05 00:00:00+05:30,99.26264052135369,2314.95,2213.75,106.95804595947266,1379552,0.0,0.0,ADANIENT.NS,Adani Enterprises Limited,Thermal Coal,Energy,Mr. Gautambhai Shantilal Adani S.Y. B.Com,"Ahmedabad, India",https://www.adanienterprises.com,2308.8,2238.85,2664840298496,77.06275,29.96,0.00059999997,3743.9,2025.0
2018-02-06 00:00:00+05:30,99.20901006935784,2314.95,2213.75,104.7325439453125,1379552,0.0,0.0,ADANIENT.NS,Adani Enterprises Limited,Thermal Coal,Energy,Mr. Gautambhai Shantilal Adani S.Y. B.Com,"Ahmedabad, India",https://www.adanienterprises.com,2308.8,2238.85,2664840298496,77.06275,29.96,0.00059999997,3743.9,2025.0
2018-02-07 00:00:00+05:30,107.01167663026033,2314.95,2213.75,105.5101318359375,1379552,0.0,0.0,ADANIENT.NS,Adani Enterprises Limited,Thermal Coal,Energy,Mr. Gautambhai Shantilal Adani S.Y. B.Com,"Ahmedabad, India",https://www.adanienterprises.com,2308.8,2238.85,2664840298496,77.06275,29.96,0.00059999997,3743.9,2025.0
2018-02-08 00:00:00+05:30,106.31452812885819,2314.95,2213.75,109.66619110107422,1379552,0.0,0.0,ADANIENT.NS,Adani Enterprises Limited,Thermal Coal,Energy,Mr. Gautambhai Shantilal Adani S.Y. B.Com,"Ahmedabad, India",https://www.adanienterprises.com,2308.8,2238.85,2664840298496,77.06275,29.96,0.00059999997,3743.9,2025.0
2018-02-09 00:00:00+05:30,107.25299759484872,2314.95,2213.75,112.66927337646484,1379552,0.0,0.0,ADANIENT.NS,Adani Enterprises Limited,Thermal Coal,Energy,Mr. Gautambhai Shantilal Adani S.Y. B.Com,"Ahmedabad, India",https://www.adanienterprises.com,2308.8,2238.85,2664840298496,77.06275,29.96,0.00059999997,3743.9,2025.0
2018-02-12 00:00:00+05:30,113.25915118048175,2314.95,2213.75,116.50355529785156,1379552,0.0,0.0,ADANIENT.NS,Adani Enterprises Limited,Thermal Coal,Energy,Mr. Gautambhai Shantilal Adani S.Y. B.Com,"Ahmedabad, India",https://www.adanienterprises.com,2308.8,2238.85,2664840298496,77.06275,29.96,0.00059999997,3743.9,2025.0
2018-02-14 00:00:00+05:30,117.1738996021879,2314.95,2213.75,117.683349609375,1379552,0.0,0.0,ADANIENT.NS,Adani Enterprises Limited,Thermal Coal,Energy,Mr. Gautambhai Shantilal Adani S.Y. B.Com,"Ahmedabad, India",https://www.adanienterprises.com,2308.8,2238.85,2664840298496,77.06275,29.96,0.00059999997,3743.9,2025.0
2018-02-15 00:00:00+05:30,118.56819160824386,2314.95,2213.75,115.16291046142578,1379552,0.0,0.0,ADANIENT.NS,Adani Enterprises Limited,Thermal Coal,Energy,Mr. Gautambhai Shantilal Adani S.Y. B.Com,"Ahmedabad, India",https://www.adanienterprises.com,2308.8,2238.85,2664840298496,77.06275,29.96,0.00059999997,3743.9,2025.0
2018-02-16 00:00:00+05:30,115.72597672451793,2314.95,2213.75,111.43585968017578,1379552,0.0,0.0,ADANIENT.NS,Adani Enterprises Limited,Thermal Coal,Energy,Mr. Gautambhai Shantilal Adani S.Y. B.Com,"Ahmedabad, India",https://www.adanienterprises.com,2308.8,2238.85,2664840298496,77.06275,29.96,0.00059999997,3743.9,2025.0
2018-02-19 00:00:00+05:30,109.93432514808565,2314.95,2213.75,108.80816650390625,1379552,0.0,0.0,ADANIENT.NS,Adani Enterprises Limited,Thermal Coal,Energy,Mr. Gautambhai Shantilal Adani S.Y. B.Com,"Ahmedabad, India",https://www.adanienterprises.com,2308.8,2238.85,2664840298496,77.06275,29.96,0.00059999997,3743.9,2025.0
2018-02-20 00:00:00+05:30,108.32552432200393,2314.95,2213.75,106.18046569824219,1379552,0.0,0.0,ADANIENT.NS,Adani Enterprises Limited,Thermal Coal,Energy,Mr. Gautambhai Shantilal Adani S.Y. B.Com,"Ahmedabad, India",https://www.adanienterprises.com,2308.8,2238.85,2664840298496,77.06275,29.96,0.00059999997,3743.9,2025.0
2018-02-21 00:00:00+05:30,106.87761884158088,2314.95,2213.75,105.85871124267578,1379552,0.0,0.0,ADANIENT.NS,Adani Enterprises Limited,Thermal Coal,Energy,Mr. Gautambhai Shantilal Adani S.Y. B.Com,"Ahmedabad, India",https://www.adanienterprises.com,2308.8,2238.85,2664840298496,77.06275,29.96,0.00059999997,3743.9,2025.0
2018-02-22 00:00:00+05:30,105.10792852581108,2314.95,2213.75,109.02266693115234,1379552,0.0,0.0,ADANIENT.NS,Adani Enterprises Limited,Thermal Coal,Energy,Mr. Gautambhai Shantilal Adani S.Y. B.Com,"Ahmedabad, India",https://www.adanienterprises.com,2308.8,2238.85,2664840298496,77.06275,29.96,0.00059999997,3743.9,2025.0
2018-02-23 00:00:00+05:30,109.66619256418734,2314.95,2213.75,109.58574676513672,1379552,0.0,0.0,ADANIENT.NS,Adani Enterprises Limited,Thermal Coal,Energy,Mr. Gautambhai Shantilal Adani S.Y. B.Com,"Ahmedabad, India",https://www.adanienterprises.com,2308.8,2238.85,2664840298496,77.06275,29.96,0.00059999997,3743.9,2025.0
2018-02-26 00:00:00+05:30,109.93431235024218,2314.95,2213.75,110.25607299804688,1379552,0.0,0.0,ADANIENT.NS,Adani Enterprises Limited,Thermal Coal,Energy,Mr. Gautambhai Shantilal Adani S.Y. B.Com,"Ahmedabad, India",https://www.adanienterprises.com,2308.8,2238.85,2664840298496,77.06275,29.96,0.00059999997,3743.9,2025.0
2018-02-27 00:00:00+05:30,110.47058537223609,2314.95,2213.75,111.03366088867188,1379552,0.0,0.0,ADANIENT.NS,Adani Enterprises Limited,Thermal Coal,Energy,Mr. Gautambhai Shantilal Adani S.Y. B.Com,"Ahmedabad, India",https://www.adanienterprises.com,2308.8,2238.85,2664840298496,77.06275,29.96,0.00059999997,3743.9,2025.0
2018-02-28 00:00:00+05:30,109.90750301732957,2314.95,2213.75,109.15673065185547,1379552,0.0,0.0,ADANIENT.NS,Adani Enterprises Limited,Thermal Coal,Energy,Mr. Gautambhai Shantilal Adani S.Y. B.Com,"Ahmedabad, India",https://www.adanienterprises.com,2308.8,2238.85,2664840298496,77.06275,29.96,0.00059999997,3743.9,2025.0
2018-03-01 00:00:00+05:30,109.15674103802864,2314.95,2213.75,106.79718017578125,1379552,0.0,0.0,ADANIENT.NS,Adani Enterprises Limited,Thermal Coal,Energy,Mr. Gautambhai Shantilal Adani S.Y. B.Com,"Ahmedabad, India",https://www.adanienterprises.com,2308.8,2238.85,2664840298496,77.06275,29.96,0.00059999997,3743.9,2025.0
2018-03-05 00:00:00+05:30,106.71672633149944,2314.95,2213.75,107.73563385009766,1379552,0.0,0.0,ADANIENT.NS,Adani Enterprises Limited,Thermal Coal,Energy,Mr. Gautambhai Shantilal Adani S.Y. B.Com,"Ahmedabad, India",https://www.adanienterprises.com,2308.8,2238.85,2664840298496,77.06275,29.96,0.00059999997,3743.9,2025.0
2018-03-06 00:00:00+05:30,108.59365748793157,2314.95,2213.75,99.8525390625,1379552,0.0,0.0,ADANIENT.NS,Adani Enterprises Limited,Thermal Coal,Energy,Mr. Gautambhai Shantilal Adani S.Y. B.Com,"Ahmedabad, India",https://www.adanienterprises.com,2308.8,2238.85,2664840298496,77.06275,29.96,0.00059999997,3743.9,2025.0
2018-03-07 00:00:00+05:30,98.08286997426374,2314.95,2213.75,92.34483337402344,1379552,0.0,0.0,ADANIENT.NS,Adani Enterprises Limited,Thermal Coal,Energy,Mr. Gautambhai Shantilal Adani S.Y. B.Com,"Ahmedabad, India",https://www.adanienterprises.com,2308.8,2238.85,2664840298496,77.06275,29.96,0.00059999997,3743.9,2025.0
2018-03-08 00:00:00+05:30,93.3101087193501,2314.95,2213.75,90.60197448730469,1379552,0.0,0.0,ADANIENT.NS,Adani Enterprises Limited,Thermal Coal,Energy,Mr. Gautambhai Shantilal Adani S.Y. B.Com,"Ahmedabad, India",https://www.adanienterprises.com,2308.8,2238.85,2664840298496,77.06275,29.96,0.00059999997,3743.9,2025.0
2018-03-09 00:00:00+05:30,90.60196792488877,2314.95,2213.75,83.7109603881836,1379552,0.0,0.0,ADANIENT.NS,Adani Enterprises Limited,Thermal Coal,Energy,Mr. Gautambhai Shantilal Adani S.Y. B.Com,"Ahmedabad, India",https://www.adanienterprises.com,2308.8,2238.85,2664840298496,77.06275,29.96,0.00059999997,3743.9,2025.0
2018-03-12 00:00:00+05:30,84.9711874709402,2314.95,2213.75,87.00899505615234,1379552,0.0,0.0,ADANIENT.NS,Adani Enterprises Limited,Thermal Coal,Energy,Mr. Gautambhai Shantilal Adani S.Y. B.Com,"Ahmedabad, India",https://www.adanienterprises.com,2308.8,2238.85,2664840298496,77.06275,29.96,0.00059999997,3743.9,2025.0
2018-03-13 00:00:00+05:30,86.90174462642639,2314.95,2213.75,85.6683349609375,1379552,0.0,0.0,ADANIENT.NS,Adani Enterprises Limited,Thermal Coal,Energy,Mr. Gautambhai Shantilal Adani S.Y. B.Com,"Ahmedabad, India",https://www.adanienterprises.com,2308.8,2238.85,2664840298496,77.06275,29.96,0.00059999997,3743.9,2025.0
2018-03-14 00:00:00+05:30,84.0863509202586,2314.95,2213.75,87.81339263916016,1379552,0.0,0.0,ADANIENT.NS,Adani Enterprises Limited,Thermal Coal,Energy,Mr. Gautambhai Shantilal Adani S.Y. B.Com,"Ahmedabad, India",https://www.adanienterprises.com,2308.8,2238.85,2664840298496,77.06275,29.96,0.00059999997,3743.9,2025.0
2018-03-15 00:00:00+05:30,87.67931754103986,2314.95,2213.75,89.58306121826172,1379552,0.0,0.0,ADANIENT.NS,Adani Enterprises Limited,Thermal Coal,Energy,Mr. Gautambhai Shantilal Adani S.Y. B.Com,"Ahmedabad, India",https://www.adanienterprises.com,2308.8,2238.85,2664840298496,77.06275,29.96,0.00059999997,3743.9,2025.0
2018-03-16 00:00:00+05:30,89.8243882690746,2314.95,2213.75,86.0705337524414,1379552,0.0,0.0,ADANIENT.NS,Adani Enterprises Limited,Thermal Coal,Energy,Mr. Gautambhai Shantilal Adani S.Y. B.Com,"Ahmedabad, India",https://www.adanienterprises.com,2308.8,2238.85,2664840298496,77.06275,29.96,0.00059999997,3743.9,2025.0
2018-03-19 00:00:00+05:30,85.80239248536577,2314.95,2213.75,86.12415313720703,1379552,0.0,0.0,ADANIENT.NS,Adani Enterprises Limited,Thermal Coal,Energy,Mr. Gautambhai Shantilal Adani S.Y. B.Com,"Ahmedabad, India",https://www.adanienterprises.com,2308.8,2238.85,2664840298496,77.06275,29.96,0.00059999997,3743.9,2025.0
2018-03-20 00:00:00+05:30,85.23932589441037,2314.95,2213.75,86.31185150146484,1379552,0.0,0.0,ADANIENT.NS,Adani Enterprises Limited,Thermal Coal,Energy,Mr. Gautambhai Shantilal Adani S.Y. B.Com,"Ahmedabad, India",https://www.adanienterprises.com,2308.8,2238.85,2664840298496,77.06275,29.96,0.00059999997,3743.9,2025.0
2018-03-21 00:00:00+05:30,86.74084775682438,2314.95,2213.75,86.98217010498047,1379552,0.0,0.0,ADANIENT.NS,Adani Enterprises Limited,Thermal Coal,Energy,Mr. Gautambhai Shantilal Adani S.Y. B.Com,"Ahmedabad, India",https://www.adanienterprises.com,2308.8,2238.85,2664840298496,77.06275,29.96,0.00059999997,3743.9,2025.0
2018-03-22 00:00:00+05:30,87.08942153863367,2314.95,2213.75,85.50743865966797,1379552,0.0,0.0,ADANIENT.NS,Adani Enterprises Limited,Thermal Coal,Energy,Mr. Gautambhai Shantilal Adani S.Y. B.Com,"Ahmedabad, India",https://www.adanienterprises.com,2308.8,2238.85,2664840298496,77.06275,29.96,0.00059999997,3743.9,2025.0
2018-03-23 00:00:00+05:30,83.12105912437045,2314.95,2213.75,81.75358581542969,1379552,0.0,0.0,ADANIENT.NS,Adani Enterprises Limited,Thermal Coal,Energy,Mr. Gautambhai Shantilal Adani S.Y. B.Com,"Ahmedabad, India",https://www.adanienterprises.com,2308.8,2238.85,2664840298496,77.06275,29.96,0.00059999997,3743.9,2025.0
2018-03-26 00:00:00+05:30,81.78040819843109,2314.95,2213.75,87.81339263916016,1379552,0.0,0.0,ADANIENT.NS,Adani Enterprises Limited,Thermal Coal,Energy,Mr. Gautambhai Shantilal Adani S.Y. B.Com,"Ahmedabad, India",https://www.adanienterprises.com,2308.8,2238.85,2664840298496,77.06275,29.96,0.00059999997,3743.9,2025.0
2018-03-27 00:00:00+05:30,88.96636334553016,2314.95,2213.75,85.74877166748047,1379552,0.0,0.0,ADANIENT.NS,Adani Enterprises Limited,Thermal Coal,Energy,Mr. Gautambhai Shantilal Adani S.Y. B.Com,"Ahmedabad, India",https://www.adanienterprises.com,2308.8,2238.85,2664840298496,77.06275,29.96,0.00059999997,3743.9,2025.0
2018-03-28 00:00:00+05:30,85.21250189605954,2314.95,2213.75,83.87183380126953,1379552,0.0,0.0,ADANIENT.NS,Adani Enterprises Limited,Thermal Coal,Energy,Mr. Gautambhai Shantilal Adani S.Y. B.Com,"Ahmedabad, India",https://www.adanienterprises.com,2308.8,2238.85,2664840298496,77.06275,29.96,0.00059999997,3743.9,2025.0
2018-04-02 00:00:00+05:30,84.3544776770839,2314.95,2213.75,86.2850341796875,1379552,0.0,0.0,ADANIENT.NS,Adani Enterprises Limited,Thermal Coal,Energy,Mr. Gautambhai Shantilal Adani S.Y. B.Com,"Ahmedabad, India",https://www.adanienterprises.com,2308.8,2238.85,2664840298496,77.06275,29.96,0.00059999997,3743.9,2025.0
2018-04-03 00:00:00+05:30,84.86393487192598,2314.95,2213.75,87.08943176269531,1379552,0.0,0.0,ADANIENT.NS,Adani Enterprises Limited,Thermal Coal,Energy,Mr. Gautambhai Shantilal Adani S.Y. B.Com,"Ahmedabad, India",https://www.adanienterprises.com,2308.8,2238.85,2664840298496,77.06275,29.96,0.00059999997,3743.9,2025.0
2018-04-04 00:00:00+05:30,87.11625210529041,2314.95,2213.75,81.21733856201172,1379552,0.0,0.0,ADANIENT.NS,Adani Enterprises Limited,Thermal Coal,Energy,Mr. Gautambhai Shantilal Adani S.Y. B.Com,"Ahmedabad, India",https://www.adanienterprises.com,2308.8,2238.85,2664840298496,77.06275,29.96,0.00059999997,3743.9,2025.0
2018-04-05 00:00:00+05:30,83.98311951445764,2314.95,2213.75,93.36018371582031,1379552,0.0,0.0,ADANIENT.NS,Adani Enterprises Limited,Thermal Coal,Energy,Mr. Gautambhai Shantilal Adani S.Y. B.Com,"Ahmedabad, India",https://www.adanienterprises.com,2308.8,2238.85,2664840298496,77.06275,29.96,0.00059999997,3743.9,2025.0
2018-04-06 00:00:00+05:30,93.61275745019968,2314.95,2213.75,94.5599365234375,1379552,0.0,0.0,ADANIENT.NS,Adani Enterprises Limited,Thermal Coal,Energy,Mr. Gautambhai Shantilal Adani S.Y. B.Com,"Ahmedabad, India",https://www.adanienterprises.com,2308.8,2238.85,2664840298496,77.06275,29.96,0.00059999997,3743.9,2025.0
2018-04-09 00:00:00+05:30,94.84409068512598,2314.95,2213.75,92.91815948486328,1379552,0.0,0.0,ADANIENT.NS,Adani Enterprises Limited,Thermal Coal,Energy,Mr. Gautambhai Shantilal Adani S.Y. B.Com,"Ahmedabad, India",https://www.adanienterprises.com,2308.8,2238.85,2664840298496,77.06275,29.96,0.00059999997,3743.9,2025.0
2018-04-10 00:00:00+05:30,93.77063243026008,2314.95,2213.75,93.29704284667969,1379552,0.0,0.0,ADANIENT.NS,Adani Enterprises Limited,Thermal Coal,Energy,Mr. Gautambhai Shantilal Adani S.Y. B.Com,"Ahmedabad, India",https://www.adanienterprises.com,2308.8,2238.85,2664840298496,77.06275,29.96,0.00059999997,3743.9,2025.0
2018-04-11 00:00:00+05:30,93.48646425481333,2314.95,2213.75,91.27638244628906,1379552,0.0,0.0,ADANIENT.NS,Adani Enterprises Limited,Thermal Coal,Energy,Mr. Gautambhai Shantilal Adani S.Y. B.Com,"Ahmedabad, India",https://www.adanienterprises.com,2308.8,2238.85,2664840298496,77.06275,29.96,0.00059999997,3743.9,2025.0
2018-04-12 00:00:00+05:30,91.30797160116158,2314.95,2213.75,85.94062805175781,1379552,0.0,0.0,ADANIENT.NS,Adani Enterprises Limited,Thermal Coal,Energy,Mr. Gautambhai Shantilal Adani S.Y. B.Com,"Ahmedabad, India",https://www.adanienterprises.com,2308.8,2238.85,2664840298496,77.06275,29.96,0.00059999997,3743.9,2025.0
2018-04-13 00:00:00+05:30,88.65586931047429,2314.95,2213.75,88.0244140625,1379552,0.0,0.0,ADANIENT.NS,Adani Enterprises Limited,Thermal Coal,Energy,Mr. Gautambhai Shantilal Adani S.Y. B.Com,"Ahmedabad, India",https://www.adanienterprises.com,2308.8,2238.85,2664840298496,77.06275,29.96,0.00059999997,3743.9,2025.0
2018-04-16 00:00:00+05:30,87.58239314285404,2314.95,2213.75,88.87686920166016,1379552,0.0,0.0,ADANIENT.NS,Adani Enterprises Limited,Thermal Coal,Energy,Mr. Gautambhai Shantilal Adani S.Y. B.Com,"Ahmedabad, India",https://www.adanienterprises.com,2308.8,2238.85,2664840298496,77.06275,29.96,0.00059999997,3743.9,2025.0
2018-04-17 00:00:00+05:30,89.31888470571694,2314.95,2213.75,88.08755493164062,1379552,0.0,0.0,ADANIENT.NS,Adani Enterprises Limited,Thermal Coal,Energy,Mr. Gautambhai Shantilal Adani S.Y. B.Com,"Ahmedabad, India",https://www.adanienterprises.com,2308.8,2238.85,2664840298496,77.06275,29.96,0.00059999997,3743.9,2025.0
2018-04-18 00:00:00+05:30,89.03473821604418,2314.95,2213.75,86.35106658935547,1379552,0.0,0.0,ADANIENT.NS,Adani Enterprises Limited,Thermal Coal,Energy,Mr. Gautambhai Shantilal Adani S.Y. B.Com,"Ahmedabad, India",https://www.adanienterprises.com,2308.8,2238.85,2664840298496,77.06275,29.96,0.00059999997,3743.9,2025.0
2018-04-19 00:00:00+05:30,85.56174712359747,2314.95,2213.75,89.44517517089844,1379552,0.0,0.0,ADANIENT.NS,Adani Enterprises Limited,Thermal Coal,Energy,Mr. Gautambhai Shantilal Adani S.Y. B.Com,"Ahmedabad, India",https://www.adanienterprises.com,2308.8,2238.85,2664840298496,77.06275,29.96,0.00059999997,3743.9,2025.0
2018-04-20 00:00:00+05:30,89.034724445449,2314.95,2213.75,86.950927734375,1379552,0.0,0.0,ADANIENT.NS,Adani Enterprises Limited,Thermal Coal,Energy,Mr. Gautambhai Shantilal Adani S.Y. B.Com,"Ahmedabad, India",https://www.adanienterprises.com,2308.8,2238.85,2664840298496,77.06275,29.96,0.00059999997,3743.9,2025.0
2018-04-23 00:00:00+05:30,87.77183282408288,2314.95,2213.75,88.24542236328125,1379552,0.0,0.0,ADANIENT.NS,Adani Enterprises Limited,Thermal Coal,Energy,Mr. Gautambhai Shantilal Adani S.Y. B.Com,"Ahmedabad, India",https://www.adanienterprises.com,2308.8,2238.85,2664840298496,77.06275,29.96,0.00059999997,3743.9,2025.0
2018-04-24 00:00:00+05:30,88.75057858187533,2314.95,2213.75,87.07723236083984,1379552,0.0,0.0,ADANIENT.NS,Adani Enterprises Limited,Thermal Coal,Energy,Mr. Gautambhai Shantilal Adani S.Y. B.Com,"Ahmedabad, India",https://www.adanienterprises.com,2308.8,2238.85,2664840298496,77.06275,29.96,0.00059999997,3743.9,2025.0
2018-04-25 00:00:00+05:30,87.1403671166009,2314.95,2213.75,86.85621643066406,1379552,0.0,0.0,ADANIENT.NS,Adani Enterprises Limited,Thermal Coal,Energy,Mr. Gautambhai Shantilal Adani S.Y. B.Com,"Ahmedabad, India",https://www.adanienterprises.com,2308.8,2238.85,2664840298496,77.06275,29.96,0.00059999997,3743.9,2025.0
2018-04-26 00:00:00+05:30,87.14037986400304,2314.95,2213.75,88.75057983398438,1379552,0.0,0.0,ADANIENT.NS,Adani Enterprises Limited,Thermal Coal,Energy,Mr. Gautambhai Shantilal Adani S.Y. B.Com,"Ahmedabad, India",https://www.adanienterprises.com,2308.8,2238.85,2664840298496,77.06275,29.96,0.00059999997,3743.9,2025.0
2018-04-27 00:00:00+05:30,89.00315831774306,2314.95,2213.75,89.5398941040039,1379552,0.0,0.0,ADANIENT.NS,Adani Enterprises Limited,Thermal Coal,Energy,Mr. Gautambhai Shantilal Adani S.Y. B.Com,"Ahmedabad, India",https://www.adanienterprises.com,2308.8,2238.85,2664840298496,77.06275,29.96,0.00059999997,3743.9,2025.0
2018-04-30 00:00:00+05:30,89.88718383970269,2314.95,2213.75,88.46641540527344,1379552,0.0,0.0,ADANIENT.NS,Adani Enterprises Limited,Thermal Coal,Energy,Mr. Gautambhai Shantilal Adani S.Y. B.Com,"Ahmedabad, India",https://www.adanienterprises.com,2308.8,2238.85,2664840298496,77.06275,29.96,0.00059999997,3743.9,2025.0
2018-05-02 00:00:00+05:30,88.62428860947536,2314.95,2213.75,81.70988464355469,1379552,0.0,0.0,ADANIENT.NS,Adani Enterprises Limited,Thermal Coal,Energy,Mr. Gautambhai Shantilal Adani S.Y. B.Com,"Ahmedabad, India",https://www.adanienterprises.com,2308.8,2238.85,2664840298496,77.06275,29.96,0.00059999997,3743.9,2025.0
2018-05-03 00:00:00+05:30,82.08874939965372,2314.95,2213.75,79.8155288696289,1379552,0.0,0.0,ADANIENT.NS,Adani Enterprises Limited,Thermal Coal,Energy,Mr. Gautambhai Shantilal Adani S.Y. B.Com,"Ahmedabad, India",https://www.adanienterprises.com,2308.8,2238.85,2664840298496,77.06275,29.96,0.00059999997,3743.9,2025.0
2018-05-04 00:00:00+05:30,80.00495687145016,2314.95,2213.75,79.94181060791016,1379552,0.0,0.0,ADANIENT.NS,Adani Enterprises Limited,Thermal Coal,Energy,Mr. Gautambhai Shantilal Adani S.Y. B.Com,"Ahmedabad, India",https://www.adanienterprises.com,2308.8,2238.85,2664840298496,77.06275,29.96,0.00059999997,3743.9,2025.0
2018-05-07 00:00:00+05:30,80.2575488685391,2314.95,2213.75,80.57327270507812,1379552,0.0,0.0,ADANIENT.NS,Adani Enterprises Limited,Thermal Coal,Energy,Mr. Gautambhai Shantilal Adani S.Y. B.Com,"Ahmedabad, India",https://www.adanienterprises.com,2308.8,2238.85,2664840298496,77.06275,29.96,0.00059999997,3743.9,2025.0
2018-05-08 00:00:00+05:30,80.98372826983588,2314.95,2213.75,83.0043716430664,1379552,0.0,0.0,ADANIENT.NS,Adani Enterprises Limited,Thermal Coal,Energy,Mr. Gautambhai Shantilal Adani S.Y. B.Com,"Ahmedabad, India",https://www.adanienterprises.com,2308.8,2238.85,2664840298496,77.06275,29.96,0.00059999997,3743.9,2025.0
2018-05-09 00:00:00+05:30,82.34135906148452,2314.95,2213.75,81.48889923095703,1379552,0.0,0.0,ADANIENT.NS,Adani Enterprises Limited,Thermal Coal,Energy,Mr. Gautambhai Shantilal Adani S.Y. B.Com,"Ahmedabad, India",https://www.adanienterprises.com,2308.8,2238.85,2664840298496,77.06275,29.96,0.00059999997,3743.9,2025.0
2018-05-10 00:00:00+05:30,82.02562015477207,2314.95,2213.75,79.97339630126953,1379552,0.0,0.0,ADANIENT.NS,Adani Enterprises Limited,Thermal Coal,Energy,Mr. Gautambhai Shantilal Adani S.Y. B.Com,"Ahmedabad, India",https://www.adanienterprises.com,2308.8,2238.85,2664840298496,77.06275,29.96,0.00059999997,3743.9,2025.0
2018-05-11 00:00:00+05:30,80.54170402091889,2314.95,2213.75,80.69956970214844,1379552,0.0,0.0,ADANIENT.NS,Adani Enterprises Limited,Thermal Coal,Energy,Mr. Gautambhai Shantilal Adani S.Y. B.Com,"Ahmedabad, India",https://www.adanienterprises.com,2308.8,2238.85,2664840298496,77.06275,29.96,0.00059999997,3743.9,2025.0
2018-05-14 00:00:00+05:30,80.73115064104587,2314.95,2213.75,78.30005645751953,1379552,0.0,0.0,ADANIENT.NS,Adani Enterprises Limited,Thermal Coal,Energy,Mr. Gautambhai Shantilal Adani S.Y. B.Com,"Ahmedabad, India",https://www.adanienterprises.com,2308.8,2238.85,2664840298496,77.06275,29.96,0.00059999997,3743.9,2025.0
2018-05-15 00:00:00+05:30,78.30004862403003,2314.95,2213.75,77.8580322265625,1379552,0.0,0.0,ADANIENT.NS,Adani Enterprises Limited,Thermal Coal,Energy,Mr. Gautambhai Shantilal Adani S.Y. B.Com,"Ahmedabad, India",https://www.adanienterprises.com,2308.8,2238.85,2664840298496,77.06275,29.96,0.00059999997,3743.9,2025.0
2018-05-16 00:00:00+05:30,77.6686040925035,2314.95,2213.75,77.73174285888672,1379552,0.0,0.0,ADANIENT.NS,Adani Enterprises Limited,Thermal Coal,Energy,Mr. Gautambhai Shantilal Adani S.Y. B.Com,"Ahmedabad, India",https://www.adanienterprises.com,2308.8,2238.85,2664840298496,77.06275,29.96,0.00059999997,3743.9,2025.0
2018-05-17 00:00:00+05:30,78.55262844896373,2314.95,2213.75,77.92118072509766,1379552,0.0,0.0,ADANIENT.NS,Adani Enterprises Limited,Thermal Coal,Energy,Mr. Gautambhai Shantilal Adani S.Y. B.Com,"Ahmedabad, India",https://www.adanienterprises.com,2308.8,2238.85,2664840298496,77.06275,29.96,0.00059999997,3743.9,2025.0
2018-05-18 00:00:00+05:30,78.1737671998096,2314.95,2213.75,74.89022064208984,1379552,0.0,0.0,ADANIENT.NS,Adani Enterprises Limited,Thermal Coal,Energy,Mr. Gautambhai Shantilal Adani S.Y. B.Com,"Ahmedabad, India",https://www.adanienterprises.com,2308.8,2238.85,2664840298496,77.06275,29.96,0.00059999997,3743.9,2025.0
2018-05-21 00:00:00+05:30,75.14278932952648,2314.95,2213.75,74.63762664794922,1379552,0.0,0.0,ADANIENT.NS,Adani Enterprises Limited,Thermal Coal,Energy,Mr. Gautambhai Shantilal Adani S.Y. B.Com,"Ahmedabad, India",https://www.adanienterprises.com,2308.8,2238.85,2664840298496,77.06275,29.96,0.00059999997,3743.9,2025.0
2018-05-22 00:00:00+05:30,75.71109252917493,2314.95,2213.75,77.19500732421875,1379552,0.0,0.0,ADANIENT.NS,Adani Enterprises Limited,Thermal Coal,Energy,Mr. Gautambhai Shantilal Adani S.Y. B.Com,"Ahmedabad, India",https://www.adanienterprises.com,2308.8,2238.85,2664840298496,77.06275,29.96,0.00059999997,3743.9,2025.0
2018-05-23 00:00:00+05:30,77.03713706670673,2314.95,2213.75,74.13245391845703,1379552,0.0,0.0,ADANIENT.NS,Adani Enterprises Limited,Thermal Coal,Energy,Mr. Gautambhai Shantilal Adani S.Y. B.Com,"Ahmedabad, India",https://www.adanienterprises.com,2308.8,2238.85,2664840298496,77.06275,29.96,0.00059999997,3743.9,2025.0
2018-05-24 00:00:00+05:30,74.51132841965199,2314.95,2213.75,75.23749542236328,1379552,0.0,0.0,ADANIENT.NS,Adani Enterprises Limited,Thermal Coal,Energy,Mr. Gautambhai Shantilal Adani S.Y. B.Com,"Ahmedabad, India",https://www.adanienterprises.com,2308.8,2238.85,2664840298496,77.06275,29.96,0.00059999997,3743.9,2025.0
2018-05-25 00:00:00+05:30,75.17436321868739,2314.95,2213.75,78.80521392822266,1379552,0.0,0.0,ADANIENT.NS,Adani Enterprises Limited,Thermal Coal,Energy,Mr. Gautambhai Shantilal Adani S.Y. B.Com,"Ahmedabad, India",https://www.adanienterprises.com,2308.8,2238.85,2664840298496,77.06275,29.96,0.00059999997,3743.9,2025.0
2018-05-28 00:00:00+05:30,78.23690152538911,2314.95,2213.75,81.86775207519531,1379552,0.0,0.0,ADANIENT.NS,Adani Enterprises Limited,Thermal Coal,Energy,Mr. Gautambhai Shantilal Adani S.Y. B.Com,"Ahmedabad, India",https://www.adanienterprises.com,2308.8,2238.85,2664840298496,77.06275,29.96,0.00059999997,3743.9,2025.0
2018-05-29 00:00:00+05:30,80.82584788965623,2314.95,2213.75,78.11061096191406,1379552,0.0,0.0,ADANIENT.NS,Adani Enterprises Limited,Thermal Coal,Energy,Mr. Gautambhai Shantilal Adani S.Y. B.Com,"Ahmedabad, India",https://www.adanienterprises.com,2308.8,2238.85,2664840298496,77.06275,29.96,0.00059999997,3743.9,2025.0
2018-05-30 00:00:00+05:30,77.10029417898681,2314.95,2213.75,77.92118072509766,1379552,0.0,0.0,ADANIENT.NS,Adani Enterprises Limited,Thermal Coal,Energy,Mr. Gautambhai Shantilal Adani S.Y. B.Com,"Ahmedabad, India",https://www.adanienterprises.com,2308.8,2238.85,2664840298496,77.06275,29.96,0.00059999997,3743.9,2025.0
2018-05-31 00:00:00+05:30,78.30004343365601,2314.95,2213.75,76.40568542480469,1379552,0.0,0.0,ADANIENT.NS,Adani Enterprises Limited,Thermal Coal,Energy,Mr. Gautambhai Shantilal Adani S.Y. B.Com,"Ahmedabad, India",https://www.adanienterprises.com,2308.8,2238.85,2664840298496,77.06275,29.96,0.00059999997,3743.9,2025.0
2018-06-01 00:00:00+05:30,76.40568768456907,2314.95,2213.75,75.49008178710938,1379552,0.0,0.0,ADANIENT.NS,Adani Enterprises Limited,Thermal Coal,Energy,Mr. Gautambhai Shantilal Adani S.Y. B.Com,"Ahmedabad, India",https://www.adanienterprises.com,2308.8,2238.85,2664840298496,77.06275,29.96,0.00059999997,3743.9,2025.0
2018-06-04 00:00:00+05:30,75.74267032928591,2314.95,2213.75,73.40629577636719,1379552,0.0,0.0,ADANIENT.NS,Adani Enterprises Limited,Thermal Coal,Energy,Mr. Gautambhai Shantilal Adani S.Y. B.Com,"Ahmedabad, India",https://www.adanienterprises.com,2308.8,2238.85,2664840298496,77.06275,29.96,0.00059999997,3743.9,2025.0
2018-06-05 00:00:00+05:30,73.24843037173417,2314.95,2213.75,72.86956024169922,1379552,0.0,0.0,ADANIENT.NS,Adani Enterprises Limited,Thermal Coal,Energy,Mr. Gautambhai Shantilal Adani S.Y. B.Com,"Ahmedabad, India",https://www.adanienterprises.com,2308.8,2238.85,2664840298496,77.06275,29.96,0.00059999997,3743.9,2025.0
2018-06-06 00:00:00+05:30,72.93270465095917,2314.95,2213.75,74.66919708251953,1379552,0.0,0.0,ADANIENT.NS,Adani Enterprises Limited,Thermal Coal,Energy,Mr. Gautambhai Shantilal Adani S.Y. B.Com,"Ahmedabad, India",https://www.adanienterprises.com,2308.8,2238.85,2664840298496,77.06275,29.96,0.00059999997,3743.9,2025.0
2018-06-07 00:00:00+05:30,74.66920580763257,2314.95,2213.75,79.18408966064453,1379552,0.0,0.0,ADANIENT.NS,Adani Enterprises Limited,Thermal Coal,Energy,Mr. Gautambhai Shantilal Adani S.Y. B.Com,"Ahmedabad, India",https://www.adanienterprises.com,2308.8,2238.85,2664840298496,77.06275,29.96,0.00059999997,3743.9,2025.0
2018-06-08 00:00:00+05:30,78.77365089763329,2314.95,2213.75,79.75240325927734,1379552,0.0,0.0,ADANIENT.NS,Adani Enterprises Limited,Thermal Coal,Energy,Mr. Gautambhai Shantilal Adani S.Y. B.Com,"Ahmedabad, India",https://www.adanienterprises.com,2308.8,2238.85,2664840298496,77.06275,29.96,0.00059999997,3743.9,2025.0
2018-06-11 00:00:00+05:30,80.6364218884778,2314.95,2213.75,80.98371887207031,1379552,0.0,0.0,ADANIENT.NS,Adani Enterprises Limited,Thermal Coal,Energy,Mr. Gautambhai Shantilal Adani S.Y. B.Com,"Ahmedabad, India",https://www.adanienterprises.com,2308.8,2238.85,2664840298496,77.06275,29.96,0.00059999997,3743.9,2025.0
2018-06-12 00:00:00+05:30,80.38383881401745,2314.95,2213.75,80.60485076904297,1379552,0.0,0.0,ADANIENT.NS,Adani Enterprises Limited,Thermal Coal,Energy,Mr. Gautambhai Shantilal Adani S.Y. B.Com,"Ahmedabad, India",https://www.adanienterprises.com,2308.8,2238.85,2664840298496,77.06275,29.96,0.00059999997,3743.9,2025.0
2018-06-13 00:00:00+05:30,81.17316232979321,2314.95,2213.75,81.55203247070312,1379552,0.0,0.0,ADANIENT.NS,Adani Enterprises Limited,Thermal Coal,Energy,Mr. Gautambhai Shantilal Adani S.Y. B.Com,"Ahmedabad, India",https://www.adanienterprises.com,2308.8,2238.85,2664840298496,77.06275,29.96,0.00059999997,3743.9,2025.0
2018-06-14 00:00:00+05:30,81.14160294451845,2314.95,2213.75,84.58301544189453,1379552,0.0,0.0,ADANIENT.NS,Adani Enterprises Limited,Thermal Coal,Energy,Mr. Gautambhai Shantilal Adani S.Y. B.Com,"Ahmedabad, India",https://www.adanienterprises.com,2308.8,2238.85,2664840298496,77.06275,29.96,0.00059999997,3743.9,2025.0
2018-06-15 00:00:00+05:30,85.24601838969122,2314.95,2213.75,83.63581848144531,1379552,0.0,0.0,ADANIENT.NS,Adani Enterprises Limited,Thermal Coal,Energy,Mr. Gautambhai Shantilal Adani S.Y. B.Com,"Ahmedabad, India",https://www.adanienterprises.com,2308.8,2238.85,2664840298496,77.06275,29.96,0.00059999997,3743.9,2025.0
2018-06-18 00:00:00+05:30,83.91996539995687,2314.95,2213.75,84.8355712890625,1379552,0.0,0.0,ADANIENT.NS,Adani Enterprises Limited,Thermal Coal,Energy,Mr. Gautambhai Shantilal Adani S.Y. B.Com,"Ahmedabad, India",https://www.adanienterprises.com,2308.8,2238.85,2664840298496,77.06275,29.96,0.00059999997,3743.9,2025.0
2018-06-19 00:00:00+05:30,83.730523266903,2314.95,2213.75,82.02560424804688,1379552,0.0,0.0,ADANIENT.NS,Adani Enterprises Limited,Thermal Coal,Energy,Mr. Gautambhai Shantilal Adani S.Y. B.Com,"Ahmedabad, India",https://www.adanienterprises.com,2308.8,2238.85,2664840298496,77.06275,29.96,0.00059999997,3743.9,2025.0
2018-06-20 00:00:00+05:30,81.4573169015676,2314.95,2213.75,83.19380950927734,1379552,0.0,0.0,ADANIENT.NS,Adani Enterprises Limited,Thermal Coal,Energy,Mr. Gautambhai Shantilal Adani S.Y. B.Com,"Ahmedabad, India",https://www.adanienterprises.com,2308.8,2238.85,2664840298496,77.06275,29.96,0.00059999997,3743.9,2025.0
2018-06-21 00:00:00+05:30,83.16222489699875,2314.95,2213.75,81.9940414428711,1379552,0.0,0.0,ADANIENT.NS,Adani Enterprises Limited,Thermal Coal,Energy,Mr. Gautambhai Shantilal Adani S.Y. B.Com,"Ahmedabad, India",https://www.adanienterprises.com,2308.8,2238.85,2664840298496,77.06275,29.96,0.00059999997,3743.9,2025.0
2018-06-22 00:00:00+05:30,81.96247169049389,2314.95,2213.75,82.30976867675781,1379552,0.0,0.0,ADANIENT.NS,Adani Enterprises Limited,Thermal Coal,Energy,Mr. Gautambhai Shantilal Adani S.Y. B.Com,"Ahmedabad, India",https://www.adanienterprises.com,2308.8,2238.85,2664840298496,77.06275,29.96,0.00059999997,3743.9,2025.0
2018-06-25 00:00:00+05:30,82.08875517706257,2314.95,2213.75,80.19440460205078,1379552,0.0,0.0,ADANIENT.NS,Adani Enterprises Limited,Thermal Coal,Energy,Mr. Gautambhai Shantilal Adani S.Y. B.Com,"Ahmedabad, India",https://www.adanienterprises.com,2308.8,2238.85,2664840298496,77.06275,29.96,0.00059999997,3743.9,2025.0
2018-06-26 00:00:00+05:30,79.05779215462742,2314.95,2213.75,81.55203247070312,1379552,0.0,0.0,ADANIENT.NS,Adani Enterprises Limited,Thermal Coal,Energy,Mr. Gautambhai Shantilal Adani S.Y. B.Com,"Ahmedabad, India",https://www.adanienterprises.com,2308.8,2238.85,2664840298496,77.06275,29.96,0.00059999997,3743.9,2025.0
2018-06-27 00:00:00+05:30,80.82584820771758,2314.95,2213.75,72.68012237548828,1379552,0.0,0.0,ADANIENT.NS,Adani Enterprises Limited,Thermal Coal,Energy,Mr. Gautambhai Shantilal Adani S.Y. B.Com,"Ahmedabad, India",https://www.adanienterprises.com,2308.8,2238.85,2664840298496,77.06275,29.96,0.00059999997,3743.9,2025.0
2018-06-28 00:00:00+05:30,71.66979562110632,2314.95,2213.75,69.04927062988281,1379552,0.0,0.0,ADANIENT.NS,Adani Enterprises Limited,Thermal Coal,Energy,Mr. Gautambhai Shantilal Adani S.Y. B.Com,"Ahmedabad, India",https://www.adanienterprises.com,2308.8,2238.85,2664840298496,77.06275,29.96,0.00059999997,3743.9,2025.0
2018-06-29 00:00:00+05:30,69.52286783805178,2314.95,2213.75,71.44879913330078,1379552,0.0,0.0,ADANIENT.NS,Adani Enterprises Limited,Thermal Coal,Energy,Mr. Gautambhai Shantilal Adani S.Y. B.Com,"Ahmedabad, India",https://www.adanienterprises.com,2308.8,2238.85,2664840298496,77.06275,29.96,0.00059999997,3743.9,2025.0
2018-07-02 00:00:00+05:30,71.22778346747374,2314.95,2213.75,66.33403015136719,1379552,0.0,0.0,ADANIENT.NS,Adani Enterprises Limited,Thermal Coal,Energy,Mr. Gautambhai Shantilal Adani S.Y. B.Com,"Ahmedabad, India",https://www.adanienterprises.com,2308.8,2238.85,2664840298496,77.06275,29.96,0.00059999997,3743.9,2025.0
2018-07-03 00:00:00+05:30,66.04987549352597,2314.95,2213.75,67.09176635742188,1379552,0.0,0.0,ADANIENT.NS,Adani Enterprises Limited,Thermal Coal,Energy,Mr. Gautambhai Shantilal Adani S.Y. B.Com,"Ahmedabad, India",https://www.adanienterprises.com,2308.8,2238.85,2664840298496,77.06275,29.96,0.00059999997,3743.9,2025.0
2018-07-04 00:00:00+05:30,67.12334484664717,2314.95,2213.75,68.00737762451172,1379552,0.0,0.0,ADANIENT.NS,Adani Enterprises Limited,Thermal Coal,Energy,Mr. Gautambhai Shantilal Adani S.Y. B.Com,"Ahmedabad, India",https://www.adanienterprises.com,2308.8,2238.85,2664840298496,77.06275,29.96,0.00059999997,3743.9,2025.0
2018-07-05 00:00:00+05:30,68.22838795618505,2314.95,2213.75,66.87076568603516,1379552,0.0,0.0,ADANIENT.NS,Adani Enterprises Limited,Thermal Coal,Energy,Mr. Gautambhai Shantilal Adani S.Y. B.Com,"Ahmedabad, India",https://www.adanienterprises.com,2308.8,2238.85,2664840298496,77.06275,29.96,0.00059999997,3743.9,2025.0
2018-07-06 00:00:00+05:30,66.14459963259374,2314.95,2213.75,70.05960083007812,1379552,0.0,0.0,ADANIENT.NS,Adani Enterprises Limited,Thermal Coal,Energy,Mr. Gautambhai Shantilal Adani S.Y. B.Com,"Ahmedabad, India",https://www.adanienterprises.com,2308.8,2238.85,2664840298496,77.06275,29.96,0.00059999997,3743.9,2025.0
2018-07-09 00:00:00+05:30,70.40689802553348,2314.95,2213.75,70.50161743164062,1379552,0.0,0.0,ADANIENT.NS,Adani Enterprises Limited,Thermal Coal,Energy,Mr. Gautambhai Shantilal Adani S.Y. B.Com,"Ahmedabad, India",https://www.adanienterprises.com,2308.8,2238.85,2664840298496,77.06275,29.96,0.00059999997,3743.9,2025.0
2018-07-10 00:00:00+05:30,71.35407397665351,2314.95,2213.75,72.04866790771484,1379552,0.0,0.0,ADANIENT.NS,Adani Enterprises Limited,Thermal Coal,Energy,Mr. Gautambhai Shantilal Adani S.Y. B.Com,"Ahmedabad, India",https://www.adanienterprises.com,2308.8,2238.85,2664840298496,77.06275,29.96,0.00059999997,3743.9,2025.0
2018-07-11 00:00:00+05:30,72.30125307945711,2314.95,2213.75,78.36318969726562,1379552,0.0,0.0,ADANIENT.NS,Adani Enterprises Limited,Thermal Coal,Energy,Mr. Gautambhai Shantilal Adani S.Y. B.Com,"Ahmedabad, India",https://www.adanienterprises.com,2308.8,2238.85,2664840298496,77.06275,29.96,0.00059999997,3743.9,2025.0
2018-07-12 00:00:00+05:30,78.58419095477582,2314.95,2213.75,78.4894790649414,1379552,0.0,0.0,ADANIENT.NS,Adani Enterprises Limited,Thermal Coal,Energy,Mr. Gautambhai Shantilal Adani S.Y. B.Com,"Ahmedabad, India",https://www.adanienterprises.com,2308.8,2238.85,2664840298496,77.06275,29.96,0.00059999997,3743.9,2025.0
2018-07-13 00:00:00+05:30,78.71049676219712,2314.95,2213.75,83.13066101074219,1379552,0.0,0.0,ADANIENT.NS,Adani Enterprises Limited,Thermal Coal,Energy,Mr. Gautambhai Shantilal Adani S.Y. B.Com,"Ahmedabad, India",https://www.adanienterprises.com,2308.8,2238.85,2664840298496,77.06275,29.96,0.00059999997,3743.9,2025.0
2018-07-16 00:00:00+05:30,82.72021871560507,2314.95,2213.75,84.36199188232422,1379552,0.0,0.0,ADANIENT.NS,Adani Enterprises Limited,Thermal Coal,Energy,Mr. Gautambhai Shantilal Adani S.Y. B.Com,"Ahmedabad, India",https://www.adanienterprises.com,2308.8,2238.85,2664840298496,77.06275,29.96,0.00059999997,3743.9,2025.0
2018-07-17 00:00:00+05:30,85.2775873819809,2314.95,2213.75,87.3298110961914,1379552,0.0,0.0,ADANIENT.NS,Adani Enterprises Limited,Thermal Coal,Energy,Mr. Gautambhai Shantilal Adani S.Y. B.Com,"Ahmedabad, India",https://www.adanienterprises.com,2308.8,2238.85,2664840298496,77.06275,29.96,0.00059999997,3743.9,2025.0
2018-07-18 00:00:00+05:30,87.29824761156742,2314.95,2213.75,89.79248046875,1379552,0.0,0.0,ADANIENT.NS,Adani Enterprises Limited,Thermal Coal,Energy,Mr. Gautambhai Shantilal Adani S.Y. B.Com,"Ahmedabad, India",https://www.adanienterprises.com,2308.8,2238.85,2664840298496,77.06275,29.96,0.00059999997,3743.9,2025.0
2018-07-19 00:00:00+05:30,90.55020681063543,2314.95,2213.75,95.38081359863281,1379552,0.0,0.0,ADANIENT.NS,Adani Enterprises Limited,Thermal Coal,Energy,Mr. Gautambhai Shantilal Adani S.Y. B.Com,"Ahmedabad, India",https://www.adanienterprises.com,2308.8,2238.85,2664840298496,77.06275,29.96,0.00059999997,3743.9,2025.0
2018-07-20 00:00:00+05:30,96.04385301092839,2314.95,2213.75,102.89511108398438,1379552,0.0,0.0,ADANIENT.NS,Adani Enterprises Limited,Thermal Coal,Energy,Mr. Gautambhai Shantilal Adani S.Y. B.Com,"Ahmedabad, India",https://www.adanienterprises.com,2308.8,2238.85,2664840298496,77.06275,29.96,0.00059999997,3743.9,2025.0
2018-07-23 00:00:00+05:30,101.88478117366171,2314.95,2213.75,108.10458374023438,1379552,0.0,0.0,ADANIENT.NS,Adani Enterprises Limited,Thermal Coal,Energy,Mr. Gautambhai Shantilal Adani S.Y. B.Com,"Ahmedabad, India",https://www.adanienterprises.com,2308.8,2238.85,2664840298496,77.06275,29.96,0.00059999997,3743.9,2025.0
2018-07-24 00:00:00+05:30,107.97829488666432,2314.95,2213.75,117.48165130615234,1379552,0.0,0.0,ADANIENT.NS,Adani Enterprises Limited,Thermal Coal,Energy,Mr. Gautambhai Shantilal Adani S.Y. B.Com,"Ahmedabad, India",https://www.adanienterprises.com,2308.8,2238.85,2664840298496,77.06275,29.96,0.00059999997,3743.9,2025.0
2018-07-25 00:00:00+05:30,116.81861076392153,2314.95,2213.75,126.16409301757812,1379552,0.0,0.0,ADANIENT.NS,Adani Enterprises Limited,Thermal Coal,Energy,Mr. Gautambhai Shantilal Adani S.Y. B.Com,"Ahmedabad, India",https://www.adanienterprises.com,2308.8,2238.85,2664840298496,77.06275,29.96,0.00059999997,3743.9,2025.0
2018-07-26 00:00:00+05:30,122.69113517206787,2314.95,2213.75,124.86964416503906,1379552,0.0,0.0,ADANIENT.NS,Adani Enterprises Limited,Thermal Coal,Energy,Mr. Gautambhai Shantilal Adani S.Y. B.Com,"Ahmedabad, India",https://www.adanienterprises.com,2308.8,2238.85,2664840298496,77.06275,29.96,0.00059999997,3743.9,2025.0
2018-07-27 00:00:00+05:30,125.45456718214515,2314.95,2213.75,124.0926513671875,1379552,0.4,0.0,ADANIENT.NS,Adani Enterprises Limited,Thermal Coal,Energy,Mr. Gautambhai Shantilal Adani S.Y. B.Com,"Ahmedabad, India",https://www.adanienterprises.com,2308.8,2238.85,2664840298496,77.06275,29.96,0.00059999997,3743.9,2025.0
2018-07-30 00:00:00+05:30,124.91614776843845,2314.95,2213.75,122.60405731201172,1379552,0.0,0.0,ADANIENT.NS,Adani Enterprises Limited,Thermal Coal,Energy,Mr. Gautambhai Shantilal Adani S.Y. B.Com,"Ahmedabad, India",https://www.adanienterprises.com,2308.8,2238.85,2664840298496,77.06275,29.96,0.00059999997,3743.9,2025.0
2018-07-31 00:00:00+05:30,122.54070507366373,2314.95,2213.75,123.80760192871094,1379552,0.0,0.0,ADANIENT.NS,Adani Enterprises Limited,Thermal Coal,Energy,Mr. Gautambhai Shantilal Adani S.Y. B.Com,"Ahmedabad, India",https://www.adanienterprises.com,2308.8,2238.85,2664840298496,77.06275,29.96,0.00059999997,3743.9,2025.0
2018-08-01 00:00:00+05:30,124.15600089201006,2314.95,2213.75,122.41401672363281,1379552,0.0,0.0,ADANIENT.NS,Adani Enterprises Limited,Thermal Coal,Energy,Mr. Gautambhai Shantilal Adani S.Y. B.Com,"Ahmedabad, India",https://www.adanienterprises.com,2308.8,2238.85,2664840298496,77.06275,29.96,0.00059999997,3743.9,2025.0
2018-08-02 00:00:00+05:30,122.25566106774552,2314.95,2213.75,124.47273254394531,1379552,0.0,0.0,ADANIENT.NS,Adani Enterprises Limited,Thermal Coal,Energy,Mr. Gautambhai Shantilal Adani S.Y. B.Com,"Ahmedabad, India",https://www.adanienterprises.com,2308.8,2238.85,2664840298496,77.06275,29.96,0.00059999997,3743.9,2025.0
2018-08-03 00:00:00+05:30,123.2058234661176,2314.95,2213.75,125.51791381835938,1379552,0.0,0.0,ADANIENT.NS,Adani Enterprises Limited,Thermal Coal,Energy,Mr. Gautambhai Shantilal Adani S.Y. B.Com,"Ahmedabad, India",https://www.adanienterprises.com,2308.8,2238.85,2664840298496,77.06275,29.96,0.00059999997,3743.9,2025.0
2018-08-06 00:00:00+05:30,126.68979601990631,2314.95,2213.75,125.54959106445312,1379552,0.0,0.0,ADANIENT.NS,Adani Enterprises Limited,Thermal Coal,Energy,Mr. Gautambhai Shantilal Adani S.Y. B.Com,"Ahmedabad, India",https://www.adanienterprises.com,2308.8,2238.85,2664840298496,77.06275,29.96,0.00059999997,3743.9,2025.0
2018-08-07 00:00:00+05:30,124.7894487895085,2314.95,2213.75,120.45032501220703,1379552,0.0,0.0,ADANIENT.NS,Adani Enterprises Limited,Thermal Coal,Energy,Mr. Gautambhai Shantilal Adani S.Y. B.Com,"Ahmedabad, India",https://www.adanienterprises.com,2308.8,2238.85,2664840298496,77.06275,29.96,0.00059999997,3743.9,2025.0
2018-08-08 00:00:00+05:30,115.31938349139331,2314.95,2213.75,126.46808624267578,1379552,0.0,0.0,ADANIENT.NS,Adani Enterprises Limited,Thermal Coal,Energy,Mr. Gautambhai Shantilal Adani S.Y. B.Com,"Ahmedabad, India",https://www.adanienterprises.com,2308.8,2238.85,2664840298496,77.06275,29.96,0.00059999997,3743.9,2025.0
2018-08-09 00:00:00+05:30,129.22359741352756,2314.95,2213.75,126.9115219116211,1379552,0.0,0.0,ADANIENT.NS,Adani Enterprises Limited,Thermal Coal,Energy,Mr. Gautambhai Shantilal Adani S.Y. B.Com,"Ahmedabad, India",https://www.adanienterprises.com,2308.8,2238.85,2664840298496,77.06275,29.96,0.00059999997,3743.9,2025.0
2018-08-10 00:00:00+05:30,126.46808187451362,2314.95,2213.75,126.15135955810547,1379552,0.0,0.0,ADANIENT.NS,Adani Enterprises Limited,Thermal Coal,Energy,Mr. Gautambhai Shantilal Adani S.Y. B.Com,"Ahmedabad, India",https://www.adanienterprises.com,2308.8,2238.85,2664840298496,77.06275,29.96,0.00059999997,3743.9,2025.0
2018-08-13 00:00:00+05:30,124.15599186364167,2314.95,2213.75,123.1424789428711,1379552,0.0,0.0,ADANIENT.NS,Adani Enterprises Limited,Thermal Coal,Energy,Mr. Gautambhai Shantilal Adani S.Y. B.Com,"Ahmedabad, India",https://www.adanienterprises.com,2308.8,2238.85,2664840298496,77.06275,29.96,0.00059999997,3743.9,2025.0
2018-08-14 00:00:00+05:30,123.3325100996051,2314.95,2213.75,128.146728515625,1379552,0.0,0.0,ADANIENT.NS,Adani Enterprises Limited,Thermal Coal,Energy,Mr. Gautambhai Shantilal Adani S.Y. B.Com,"Ahmedabad, India",https://www.adanienterprises.com,2308.8,2238.85,2664840298496,77.06275,29.96,0.00059999997,3743.9,2025.0
2018-08-16 00:00:00+05:30,125.73960942877275,2314.95,2213.75,128.5267791748047,1379552,0.0,0.0,ADANIENT.NS,Adani Enterprises Limited,Thermal Coal,Energy,Mr. Gautambhai Shantilal Adani S.Y. B.Com,"Ahmedabad, India",https://www.adanienterprises.com,2308.8,2238.85,2664840298496,77.06275,29.96,0.00059999997,3743.9,2025.0
2018-08-17 00:00:00+05:30,127.95670096273726,2314.95,2213.75,128.621826171875,1379552,0.0,0.0,ADANIENT.NS,Adani Enterprises Limited,Thermal Coal,Energy,Mr. Gautambhai Shantilal Adani S.Y. B.Com,"Ahmedabad, India",https://www.adanienterprises.com,2308.8,2238.85,2664840298496,77.06275,29.96,0.00059999997,3743.9,2025.0
2018-08-20 00:00:00+05:30,128.68515975429776,2314.95,2213.75,134.60789489746094,1379552,0.0,0.0,ADANIENT.NS,Adani Enterprises Limited,Thermal Coal,Energy,Mr. Gautambhai Shantilal Adani S.Y. B.Com,"Ahmedabad, India",https://www.adanienterprises.com,2308.8,2238.85,2664840298496,77.06275,29.96,0.00059999997,3743.9,2025.0
2018-08-21 00:00:00+05:30,135.55809185255595,2314.95,2213.75,135.11468505859375,1379552,0.0,0.0,ADANIENT.NS,Adani Enterprises Limited,Thermal Coal,Energy,Mr. Gautambhai Shantilal Adani S.Y. B.Com,"Ahmedabad, India",https://www.adanienterprises.com,2308.8,2238.85,2664840298496,77.06275,29.96,0.00059999997,3743.9,2025.0
2018-08-23 00:00:00+05:30,135.8748039201998,2314.95,2213.75,133.56271362304688,1379552,0.0,0.0,ADANIENT.NS,Adani Enterprises Limited,Thermal Coal,Energy,Mr. Gautambhai Shantilal Adani S.Y. B.Com,"Ahmedabad, India",https://www.adanienterprises.com,2308.8,2238.85,2664840298496,77.06275,29.96,0.00059999997,3743.9,2025.0
2018-08-24 00:00:00+05:30,133.02426615032536,2314.95,2213.75,132.26412963867188,1379552,0.0,0.0,ADANIENT.NS,Adani Enterprises Limited,Thermal Coal,Energy,Mr. Gautambhai Shantilal Adani S.Y. B.Com,"Ahmedabad, India",https://www.adanienterprises.com,2308.8,2238.85,2664840298496,77.06275,29.96,0.00059999997,3743.9,2025.0
2018-08-27 00:00:00+05:30,133.21434211459012,2314.95,2213.75,134.19618225097656,1379552,0.0,0.0,ADANIENT.NS,Adani Enterprises Limited,Thermal Coal,Energy,Mr. Gautambhai Shantilal Adani S.Y. B.Com,"Ahmedabad, India",https://www.adanienterprises.com,2308.8,2238.85,2664840298496,77.06275,29.96,0.00059999997,3743.9,2025.0
2018-08-28 00:00:00+05:30,134.70294849388196,2314.95,2213.75,145.5032501220703,1379552,0.0,0.0,ADANIENT.NS,Adani Enterprises Limited,Thermal Coal,Energy,Mr. Gautambhai Shantilal Adani S.Y. B.Com,"Ahmedabad, India",https://www.adanienterprises.com,2308.8,2238.85,2664840298496,77.06275,29.96,0.00059999997,3743.9,2025.0
2018-08-29 00:00:00+05:30,146.7701447143756,2314.95,2213.75,141.4491729736328,1379552,0.0,0.0,ADANIENT.NS,Adani Enterprises Limited,Thermal Coal,Energy,Mr. Gautambhai Shantilal Adani S.Y. B.Com,"Ahmedabad, India",https://www.adanienterprises.com,2308.8,2238.85,2664840298496,77.06275,29.96,0.00059999997,3743.9,2025.0
2018-08-30 00:00:00+05:30,140.94237322151943,2314.95,2213.75,141.89254760742188,1379552,0.0,0.0,ADANIENT.NS,Adani Enterprises Limited,Thermal Coal,Energy,Mr. Gautambhai Shantilal Adani S.Y. B.Com,"Ahmedabad, India",https://www.adanienterprises.com,2308.8,2238.85,2664840298496,77.06275,29.96,0.00059999997,3743.9,2025.0
2018-08-31 00:00:00+05:30,142.52602980578905,2314.95,2213.75,142.68438720703125,1379552,0.0,0.0,ADANIENT.NS,Adani Enterprises Limited,Thermal Coal,Energy,Mr. Gautambhai Shantilal Adani S.Y. B.Com,"Ahmedabad, India",https://www.adanienterprises.com,2308.8,2238.85,2664840298496,77.06275,29.96,0.00059999997,3743.9,2025.0
2018-09-03 00:00:00+05:30,143.15947916417795,2314.95,2213.75,133.3410186767578,1379552,0.0,0.0,ADANIENT.NS,Adani Enterprises Limited,Thermal Coal,Energy,Mr. Gautambhai Shantilal Adani S.Y. B.Com,"Ahmedabad, India",https://www.adanienterprises.com,2308.8,2238.85,2664840298496,77.06275,29.96,0.00059999997,3743.9,2025.0
2018-09-04 00:00:00+05:30,133.65772494860136,2314.95,2213.75,133.2776641845703,1379552,0.0,0.0,ADANIENT.NS,Adani Enterprises Limited,Thermal Coal,Energy,Mr. Gautambhai Shantilal Adani S.Y. B.Com,"Ahmedabad, India",https://www.adanienterprises.com,2308.8,2238.85,2664840298496,77.06275,29.96,0.00059999997,3743.9,2025.0
2018-09-05 00:00:00+05:30,131.88407638569328,2314.95,2213.75,133.62606811523438,1379552,0.0,0.0,ADANIENT.NS,Adani Enterprises Limited,Thermal Coal,Energy,Mr. Gautambhai Shantilal Adani S.Y. B.Com,"Ahmedabad, India",https://www.adanienterprises.com,2308.8,2238.85,2664840298496,77.06275,29.96,0.00059999997,3743.9,2025.0
2018-09-06 00:00:00+05:30,148.08950076913806,2314.95,2213.75,161.61500549316406,1379552,0.0,0.0,ADANIENT.NS,Adani Enterprises Limited,Thermal Coal,Energy,Mr. Gautambhai Shantilal Adani S.Y. B.Com,"Ahmedabad, India",https://www.adanienterprises.com,2308.8,2238.85,2664840298496,77.06275,29.96,0.00059999997,3743.9,2025.0
2018-09-07 00:00:00+05:30,163.14524424728643,2314.95,2213.75,155.3458709716797,1379552,0.0,0.0,ADANIENT.NS,Adani Enterprises Limited,Thermal Coal,Energy,Mr. Gautambhai Shantilal Adani S.Y. B.Com,"Ahmedabad, India",https://www.adanienterprises.com,2308.8,2238.85,2664840298496,77.06275,29.96,0.00059999997,3743.9,2025.0
2018-09-10 00:00:00+05:30,155.98758364751762,2314.95,2213.75,148.82992553710938,1379552,0.0,0.0,ADANIENT.NS,Adani Enterprises Limited,Thermal Coal,Energy,Mr. Gautambhai Shantilal Adani S.Y. B.Com,"Ahmedabad, India",https://www.adanienterprises.com,2308.8,2238.85,2664840298496,77.06275,29.96,0.00059999997,3743.9,2025.0
2018-09-11 00:00:00+05:30,149.07674445269683,2314.95,2213.75,146.3617706298828,1379552,0.0,0.0,ADANIENT.NS,Adani Enterprises Limited,Thermal Coal,Energy,Mr. Gautambhai Shantilal Adani S.Y. B.Com,"Ahmedabad, India",https://www.adanienterprises.com,2308.8,2238.85,2664840298496,77.06275,29.96,0.00059999997,3743.9,2025.0
2018-09-12 00:00:00+05:30,146.60856454652497,2314.95,2213.75,147.0034637451172,1379552,0.0,0.0,ADANIENT.NS,Adani Enterprises Limited,Thermal Coal,Energy,Mr. Gautambhai Shantilal Adani S.Y. B.Com,"Ahmedabad, India",https://www.adanienterprises.com,2308.8,2238.85,2664840298496,77.06275,29.96,0.00059999997,3743.9,2025.0
2018-09-14 00:00:00+05:30,147.84265927145668,2314.95,2213.75,148.6818389892578,1379552,0.0,0.0,ADANIENT.NS,Adani Enterprises Limited,Thermal Coal,Energy,Mr. Gautambhai Shantilal Adani S.Y. B.Com,"Ahmedabad, India",https://www.adanienterprises.com,2308.8,2238.85,2664840298496,77.06275,29.96,0.00059999997,3743.9,2025.0
2018-09-17 00:00:00+05:30,148.28692985416146,2314.95,2213.75,150.11337280273438,1379552,0.0,0.0,ADANIENT.NS,Adani Enterprises Limited,Thermal Coal,Energy,Mr. Gautambhai Shantilal Adani S.Y. B.Com,"Ahmedabad, India",https://www.adanienterprises.com,2308.8,2238.85,2664840298496,77.06275,29.96,0.00059999997,3743.9,2025.0
2018-09-18 00:00:00+05:30,150.01465618675329,2314.95,2213.75,146.55923461914062,1379552,0.0,0.0,ADANIENT.NS,Adani Enterprises Limited,Thermal Coal,Energy,Mr. Gautambhai Shantilal Adani S.Y. B.Com,"Ahmedabad, India",https://www.adanienterprises.com,2308.8,2238.85,2664840298496,77.06275,29.96,0.00059999997,3743.9,2025.0
2018-09-19 00:00:00+05:30,147.49711355818226,2314.95,2213.75,145.47323608398438,1379552,0.0,0.0,ADANIENT.NS,Adani Enterprises Limited,Thermal Coal,Energy,Mr. Gautambhai Shantilal Adani S.Y. B.Com,"Ahmedabad, India",https://www.adanienterprises.com,2308.8,2238.85,2664840298496,77.06275,29.96,0.00059999997,3743.9,2025.0
2018-09-21 00:00:00+05:30,146.11496718065294,2314.95,2213.75,136.6865997314453,1379552,0.0,0.0,ADANIENT.NS,Adani Enterprises Limited,Thermal Coal,Energy,Mr. Gautambhai Shantilal Adani S.Y. B.Com,"Ahmedabad, India",https://www.adanienterprises.com,2308.8,2238.85,2664840298496,77.06275,29.96,0.00059999997,3743.9,2025.0
2018-09-24 00:00:00+05:30,136.68658224256106,2314.95,2213.75,132.78689575195312,1379552,0.0,0.0,ADANIENT.NS,Adani Enterprises Limited,Thermal Coal,Energy,Mr. Gautambhai Shantilal Adani S.Y. B.Com,"Ahmedabad, India",https://www.adanienterprises.com,2308.8,2238.85,2664840298496,77.06275,29.96,0.00059999997,3743.9,2025.0
2018-09-25 00:00:00+05:30,131.79962789952825,2314.95,2213.75,136.58786010742188,1379552,0.0,0.0,ADANIENT.NS,Adani Enterprises Limited,Thermal Coal,Energy,Mr. Gautambhai Shantilal Adani S.Y. B.Com,"Ahmedabad, India",https://www.adanienterprises.com,2308.8,2238.85,2664840298496,77.06275,29.96,0.00059999997,3743.9,2025.0
2018-09-26 00:00:00+05:30,138.6117336505635,2314.95,2213.75,134.76141357421875,1379552,0.0,0.0,ADANIENT.NS,Adani Enterprises Limited,Thermal Coal,Energy,Mr. Gautambhai Shantilal Adani S.Y. B.Com,"Ahmedabad, India",https://www.adanienterprises.com,2308.8,2238.85,2664840298496,77.06275,29.96,0.00059999997,3743.9,2025.0
2018-09-27 00:00:00+05:30,134.26777721331283,2314.95,2213.75,140.43817138671875,1379552,0.0,0.0,ADANIENT.NS,Adani Enterprises Limited,Thermal Coal,Energy,Mr. Gautambhai Shantilal Adani S.Y. B.Com,"Ahmedabad, India",https://www.adanienterprises.com,2308.8,2238.85,2664840298496,77.06275,29.96,0.00059999997,3743.9,2025.0
2018-09-28 00:00:00+05:30,140.83309439878226,2314.95,2213.75,128.93658447265625,1379552,0.0,0.0,ADANIENT.NS,Adani Enterprises Limited,Thermal Coal,Energy,Mr. Gautambhai Shantilal Adani S.Y. B.Com,"Ahmedabad, India",https://www.adanienterprises.com,2308.8,2238.85,2664840298496,77.06275,29.96,0.00059999997,3743.9,2025.0
2018-10-01 00:00:00+05:30,125.38242145362317,2314.95,2213.75,135.60060119628906,1379552,0.0,0.0,ADANIENT.NS,Adani Enterprises Limited,Thermal Coal,Energy,Mr. Gautambhai Shantilal Adani S.Y. B.Com,"Ahmedabad, India",https://www.adanienterprises.com,2308.8,2238.85,2664840298496,77.06275,29.96,0.00059999997,3743.9,2025.0
2018-10-03 00:00:00+05:30,135.25504465403017,2314.95,2213.75,133.08306884765625,1379552,0.0,0.0,ADANIENT.NS,Adani Enterprises Limited,Thermal Coal,Energy,Mr. Gautambhai Shantilal Adani S.Y. B.Com,"Ahmedabad, India",https://www.adanienterprises.com,2308.8,2238.85,2664840298496,77.06275,29.96,0.00059999997,3743.9,2025.0
2018-10-04 00:00:00+05:30,127.75185024985565,2314.95,2213.75,131.2566375732422,1379552,0.0,0.0,ADANIENT.NS,Adani Enterprises Limited,Thermal Coal,Energy,Mr. Gautambhai Shantilal Adani S.Y. B.Com,"Ahmedabad, India",https://www.adanienterprises.com,2308.8,2238.85,2664840298496,77.06275,29.96,0.00059999997,3743.9,2025.0
2018-10-05 00:00:00+05:30,129.87446774521987,2314.95,2213.75,128.54165649414062,1379552,0.0,0.0,ADANIENT.NS,Adani Enterprises Limited,Thermal Coal,Energy,Mr. Gautambhai Shantilal Adani S.Y. B.Com,"Ahmedabad, India",https://www.adanienterprises.com,2308.8,2238.85,2664840298496,77.06275,29.96,0.00059999997,3743.9,2025.0
2018-10-08 00:00:00+05:30,127.35695013521476,2314.95,2213.75,131.45408630371094,1379552,0.0,0.0,ADANIENT.NS,Adani Enterprises Limited,Thermal Coal,Energy,Mr. Gautambhai Shantilal Adani S.Y. B.Com,"Ahmedabad, India",https://www.adanienterprises.com,2308.8,2238.85,2664840298496,77.06275,29.96,0.00059999997,3743.9,2025.0
2018-10-09 00:00:00+05:30,134.26779973192137,2314.95,2213.75,134.1690673828125,1379552,0.0,0.0,ADANIENT.NS,Adani Enterprises Limited,Thermal Coal,Energy,Mr. Gautambhai Shantilal Adani S.Y. B.Com,"Ahmedabad, India",https://www.adanienterprises.com,2308.8,2238.85,2664840298496,77.06275,29.96,0.00059999997,3743.9,2025.0
2018-10-10 00:00:00+05:30,134.76143904976223,2314.95,2213.75,141.91909790039062,1379552,0.0,0.0,ADANIENT.NS,Adani Enterprises Limited,Thermal Coal,Energy,Mr. Gautambhai Shantilal Adani S.Y. B.Com,"Ahmedabad, India",https://www.adanienterprises.com,2308.8,2238.85,2664840298496,77.06275,29.96,0.00059999997,3743.9,2025.0
2018-10-11 00:00:00+05:30,136.24232392908306,2314.95,2213.75,136.4397735595703,1379552,0.0,0.0,ADANIENT.NS,Adani Enterprises Limited,Thermal Coal,Energy,Mr. Gautambhai Shantilal Adani S.Y. B.Com,"Ahmedabad, India",https://www.adanienterprises.com,2308.8,2238.85,2664840298496,77.06275,29.96,0.00059999997,3743.9,2025.0
2018-10-12 00:00:00+05:30,138.31557027635992,2314.95,2213.75,142.01780700683594,1379552,0.0,0.0,ADANIENT.NS,Adani Enterprises Limited,Thermal Coal,Energy,Mr. Gautambhai Shantilal Adani S.Y. B.Com,"Ahmedabad, India",https://www.adanienterprises.com,2308.8,2238.85,2664840298496,77.06275,29.96,0.00059999997,3743.9,2025.0
2018-10-15 00:00:00+05:30,145.1276888924521,2314.95,2213.75,150.50827026367188,1379552,0.0,0.0,ADANIENT.NS,Adani Enterprises Limited,Thermal Coal,Energy,Mr. Gautambhai Shantilal Adani S.Y. B.Com,"Ahmedabad, India",https://www.adanienterprises.com,2308.8,2238.85,2664840298496,77.06275,29.96,0.00059999997,3743.9,2025.0
2018-10-16 00:00:00+05:30,150.40956093660972,2314.95,2213.75,155.6420440673828,1379552,0.0,0.0,ADANIENT.NS,Adani Enterprises Limited,Thermal Coal,Energy,Mr. Gautambhai Shantilal Adani S.Y. B.Com,"Ahmedabad, India",https://www.adanienterprises.com,2308.8,2238.85,2664840298496,77.06275,29.96,0.00059999997,3743.9,2025.0
2018-10-17 00:00:00+05:30,158.06085621814603,2314.95,2213.75,159.68983459472656,1379552,0.0,0.0,ADANIENT.NS,Adani Enterprises Limited,Thermal Coal,Energy,Mr. Gautambhai Shantilal Adani S.Y. B.Com,"Ahmedabad, India",https://www.adanienterprises.com,2308.8,2238.85,2664840298496,77.06275,29.96,0.00059999997,3743.9,2025.0
2018-10-19 00:00:00+05:30,156.48121459960936,2314.95,2213.75,166.6006622314453,1379552,0.0,0.0,ADANIENT.NS,Adani Enterprises Limited,Thermal Coal,Energy,Mr. Gautambhai Shantilal Adani S.Y. B.Com,"Ahmedabad, India",https://www.adanienterprises.com,2308.8,2238.85,2664840298496,77.06275,29.96,0.00059999997,3743.9,2025.0
2018-10-22 00:00:00+05:30,168.9207416968227,2314.95,2213.75,166.35385131835938,1379552,0.0,0.0,ADANIENT.NS,Adani Enterprises Limited,Thermal Coal,Energy,Mr. Gautambhai Shantilal Adani S.Y. B.Com,"Ahmedabad, India",https://www.adanienterprises.com,2308.8,2238.85,2664840298496,77.06275,29.96,0.00059999997,3743.9,2025.0
2018-10-23 00:00:00+05:30,166.84747465920614,2314.95,2213.75,167.39047241210938,1379552,0.0,0.0,ADANIENT.NS,Adani Enterprises Limited,Thermal Coal,Energy,Mr. Gautambhai Shantilal Adani S.Y. B.Com,"Ahmedabad, India",https://www.adanienterprises.com,2308.8,2238.85,2664840298496,77.06275,29.96,0.00059999997,3743.9,2025.0
2018-10-24 00:00:00+05:30,168.82199409374223,2314.95,2213.75,165.4159393310547,1379552,0.0,0.0,ADANIENT.NS,Adani Enterprises Limited,Thermal Coal,Energy,Mr. Gautambhai Shantilal Adani S.Y. B.Com,"Ahmedabad, India",https://www.adanienterprises.com,2308.8,2238.85,2664840298496,77.06275,29.96,0.00059999997,3743.9,2025.0
2018-10-25 00:00:00+05:30,164.62614055232737,2314.95,2213.75,169.9080047607422,1379552,0.0,0.0,ADANIENT.NS,Adani Enterprises Limited,Thermal Coal,Energy,Mr. Gautambhai Shantilal Adani S.Y. B.Com,"Ahmedabad, India",https://www.adanienterprises.com,2308.8,2238.85,2664840298496,77.06275,29.96,0.00059999997,3743.9,2025.0
2018-10-26 00:00:00+05:30,171.78377101732337,2314.95,2213.75,164.62611389160156,1379552,0.0,0.0,ADANIENT.NS,Adani Enterprises Limited,Thermal Coal,Energy,Mr. Gautambhai Shantilal Adani S.Y. B.Com,"Ahmedabad, India",https://www.adanienterprises.com,2308.8,2238.85,2664840298496,77.06275,29.96,0.00059999997,3743.9,2025.0
2018-10-29 00:00:00+05:30,166.50191730127455,2314.95,2213.75,169.56243896484375,1379552,0.0,0.0,ADANIENT.NS,Adani Enterprises Limited,Thermal Coal,Energy,Mr. Gautambhai Shantilal Adani S.Y. B.Com,"Ahmedabad, India",https://www.adanienterprises.com,2308.8,2238.85,2664840298496,77.06275,29.96,0.00059999997,3743.9,2025.0
2018-10-30 00:00:00+05:30,170.30289011659232,2314.95,2213.75,166.89683532714844,1379552,0.0,0.0,ADANIENT.NS,Adani Enterprises Limited,Thermal Coal,Energy,Mr. Gautambhai Shantilal Adani S.Y. B.Com,"Ahmedabad, India",https://www.adanienterprises.com,2308.8,2238.85,2664840298496,77.06275,29.96,0.00059999997,3743.9,2025.0
2018-10-31 00:00:00+05:30,164.87294266644648,2314.95,2213.75,167.83473205566406,1379552,0.0,0.0,ADANIENT.NS,Adani Enterprises Limited,Thermal Coal,Energy,Mr. Gautambhai Shantilal Adani S.Y. B.Com,"Ahmedabad, India",https://www.adanienterprises.com,2308.8,2238.85,2664840298496,77.06275,29.96,0.00059999997,3743.9,2025.0
2018-11-01 00:00:00+05:30,168.87137056659907,2314.95,2213.75,172.77105712890625,1379552,0.0,0.0,ADANIENT.NS,Adani Enterprises Limited,Thermal Coal,Energy,Mr. Gautambhai Shantilal Adani S.Y. B.Com,"Ahmedabad, India",https://www.adanienterprises.com,2308.8,2238.85,2664840298496,77.06275,29.96,0.00059999997,3743.9,2025.0
2018-11-02 00:00:00+05:30,174.35068174853964,2314.95,2213.75,173.36341857910156,1379552,0.0,0.0,ADANIENT.NS,Adani Enterprises Limited,Thermal Coal,Energy,Mr. Gautambhai Shantilal Adani S.Y. B.Com,"Ahmedabad, India",https://www.adanienterprises.com,2308.8,2238.85,2664840298496,77.06275,29.96,0.00059999997,3743.9,2025.0
2018-11-05 00:00:00+05:30,173.85705775968202,2314.95,2213.75,166.35385131835938,1379552,0.0,0.0,ADANIENT.NS,Adani Enterprises Limited,Thermal Coal,Energy,Mr. Gautambhai Shantilal Adani S.Y. B.Com,"Ahmedabad, India",https://www.adanienterprises.com,2308.8,2238.85,2664840298496,77.06275,29.96,0.00059999997,3743.9,2025.0
2018-11-06 00:00:00+05:30,166.10702597891233,2314.95,2213.75,162.3554229736328,1379552,0.0,0.0,ADANIENT.NS,Adani Enterprises Limited,Thermal Coal,Energy,Mr. Gautambhai Shantilal Adani S.Y. B.Com,"Ahmedabad, India",https://www.adanienterprises.com,2308.8,2238.85,2664840298496,77.06275,29.96,0.00059999997,3743.9,2025.0
2018-11-07 00:00:00+05:30,162.89842286260958,2314.95,2213.75,163.6388702392578,1379552,0.0,0.0,ADANIENT.NS,Adani Enterprises Limited,Thermal Coal,Energy,Mr. Gautambhai Shantilal Adani S.Y. B.Com,"Ahmedabad, India",https://www.adanienterprises.com,2308.8,2238.85,2664840298496,77.06275,29.96,0.00059999997,3743.9,2025.0
2018-11-09 00:00:00+05:30,163.39205595158367,2314.95,2213.75,164.18186950683594,1379552,0.0,0.0,ADANIENT.NS,Adani Enterprises Limited,Thermal Coal,Energy,Mr. Gautambhai Shantilal Adani S.Y. B.Com,"Ahmedabad, India",https://www.adanienterprises.com,2308.8,2238.85,2664840298496,77.06275,29.96,0.00059999997,3743.9,2025.0
2018-11-12 00:00:00+05:30,163.88571819239957,2314.95,2213.75,158.20895385742188,1379552,0.0,0.0,ADANIENT.NS,Adani Enterprises Limited,Thermal Coal,Energy,Mr. Gautambhai Shantilal Adani S.Y. B.Com,"Ahmedabad, India",https://www.adanienterprises.com,2308.8,2238.85,2664840298496,77.06275,29.96,0.00059999997,3743.9,2025.0
2018-11-13 00:00:00+05:30,158.2089228019109,2314.95,2213.75,160.084716796875,1379552,0.0,0.0,ADANIENT.NS,Adani Enterprises Limited,Thermal Coal,Energy,Mr. Gautambhai Shantilal Adani S.Y. B.Com,"Ahmedabad, India",https://www.adanienterprises.com,2308.8,2238.85,2664840298496,77.06275,29.96,0.00059999997,3743.9,2025.0
2018-11-14 00:00:00+05:30,161.22007651120413,2314.95,2213.75,158.80128479003906,1379552,0.0,0.0,ADANIENT.NS,Adani Enterprises Limited,Thermal Coal,Energy,Mr. Gautambhai Shantilal Adani S.Y. B.Com,"Ahmedabad, India",https://www.adanienterprises.com,2308.8,2238.85,2664840298496,77.06275,29.96,0.00059999997,3743.9,2025.0
2018-11-15 00:00:00+05:30,159.68980717145257,2314.95,2213.75,160.7758026123047,1379552,0.0,0.0,ADANIENT.NS,Adani Enterprises Limited,Thermal Coal,Energy,Mr. Gautambhai Shantilal Adani S.Y. B.Com,"Ahmedabad, India",https://www.adanienterprises.com,2308.8,2238.85,2664840298496,77.06275,29.96,0.00059999997,3743.9,2025.0
2018-11-16 00:00:00+05:30,160.92390726701143,2314.95,2213.75,159.39364624023438,1379552,0.0,0.0,ADANIENT.NS,Adani Enterprises Limited,Thermal Coal,Energy,Mr. Gautambhai Shantilal Adani S.Y. B.Com,"Ahmedabad, India",https://www.adanienterprises.com,2308.8,2238.85,2664840298496,77.06275,29.96,0.00059999997,3743.9,2025.0
2018-11-19 00:00:00+05:30,160.33153677987903,2314.95,2213.75,160.03536987304688,1379552,0.0,0.0,ADANIENT.NS,Adani Enterprises Limited,Thermal Coal,Energy,Mr. Gautambhai Shantilal Adani S.Y. B.Com,"Ahmedabad, India",https://www.adanienterprises.com,2308.8,2238.85,2664840298496,77.06275,29.96,0.00059999997,3743.9,2025.0
2018-11-20 00:00:00+05:30,159.59107840587586,2314.95,2213.75,158.1101837158203,1379552,0.0,0.0,ADANIENT.NS,Adani Enterprises Limited,Thermal Coal,Energy,Mr. Gautambhai Shantilal Adani S.Y. B.Com,"Ahmedabad, India",https://www.adanienterprises.com,2308.8,2238.85,2664840298496,77.06275,29.96,0.00059999997,3743.9,2025.0
2018-11-21 00:00:00+05:30,159.5417352692739,2314.95,2213.75,158.94937133789062,1379552,0.0,0.0,ADANIENT.NS,Adani Enterprises Limited,Thermal Coal,Energy,Mr. Gautambhai Shantilal Adani S.Y. B.Com,"Ahmedabad, India",https://www.adanienterprises.com,2308.8,2238.85,2664840298496,77.06275,29.96,0.00059999997,3743.9,2025.0
2018-11-22 00:00:00+05:30,159.83790526838462,2314.95,2213.75,156.48121643066406,1379552,0.0,0.0,ADANIENT.NS,Adani Enterprises Limited,Thermal Coal,Energy,Mr. Gautambhai Shantilal Adani S.Y. B.Com,"Ahmedabad, India",https://www.adanienterprises.com,2308.8,2238.85,2664840298496,77.06275,29.96,0.00059999997,3743.9,2025.0
2018-11-26 00:00:00+05:30,156.48121762901604,2314.95,2213.75,155.3458709716797,1379552,0.0,0.0,ADANIENT.NS,Adani Enterprises Limited,Thermal Coal,Energy,Mr. Gautambhai Shantilal Adani S.Y. B.Com,"Ahmedabad, India",https://www.adanienterprises.com,2308.8,2238.85,2664840298496,77.06275,29.96,0.00059999997,3743.9,2025.0
2018-11-27 00:00:00+05:30,155.34584809428253,2314.95,2213.75,157.12290954589844,1379552,0.0,0.0,ADANIENT.NS,Adani Enterprises Limited,Thermal Coal,Energy,Mr. Gautambhai Shantilal Adani S.Y. B.Com,"Ahmedabad, India",https://www.adanienterprises.com,2308.8,2238.85,2664840298496,77.06275,29.96,0.00059999997,3743.9,2025.0
2018-11-28 00:00:00+05:30,157.12292595440522,2314.95,2213.75,155.98757934570312,1379552,0.0,0.0,ADANIENT.NS,Adani Enterprises Limited,Thermal Coal,Energy,Mr. Gautambhai Shantilal Adani S.Y. B.Com,"Ahmedabad, India",https://www.adanienterprises.com,2308.8,2238.85,2664840298496,77.06275,29.96,0.00059999997,3743.9,2025.0
2018-11-29 00:00:00+05:30,157.3203932281153,2314.95,2213.75,167.7360076904297,1379552,0.0,0.0,ADANIENT.NS,Adani Enterprises Limited,Thermal Coal,Energy,Mr. Gautambhai Shantilal Adani S.Y. B.Com,"Ahmedabad, India",https://www.adanienterprises.com,2308.8,2238.85,2664840298496,77.06275,29.96,0.00059999997,3743.9,2025.0
2018-11-30 00:00:00+05:30,166.35385890151517,2314.95,2213.75,162.8984375,1379552,0.0,0.0,ADANIENT.NS,Adani Enterprises Limited,Thermal Coal,Energy,Mr. Gautambhai Shantilal Adani S.Y. B.Com,"Ahmedabad, India",https://www.adanienterprises.com,2308.8,2238.85,2664840298496,77.06275,29.96,0.00059999997,3743.9,2025.0
2018-12-03 00:00:00+05:30,163.93505193483676,2314.95,2213.75,164.57676696777344,1379552,0.0,0.0,ADANIENT.NS,Adani Enterprises Limited,Thermal Coal,Energy,Mr. Gautambhai Shantilal Adani S.Y. B.Com,"Ahmedabad, India",https://www.adanienterprises.com,2308.8,2238.85,2664840298496,77.06275,29.96,0.00059999997,3743.9,2025.0
2018-12-04 00:00:00+05:30,163.8363328844841,2314.95,2213.75,160.67709350585938,1379552,0.0,0.0,ADANIENT.NS,Adani Enterprises Limited,Thermal Coal,Energy,Mr. Gautambhai Shantilal Adani S.Y. B.Com,"Ahmedabad, India",https://www.adanienterprises.com,2308.8,2238.85,2664840298496,77.06275,29.96,0.00059999997,3743.9,2025.0
2018-12-05 00:00:00+05:30,158.99872191437905,2314.95,2213.75,155.39520263671875,1379552,0.0,0.0,ADANIENT.NS,Adani Enterprises Limited,Thermal Coal,Energy,Mr. Gautambhai Shantilal Adani S.Y. B.Com,"Ahmedabad, India",https://www.adanienterprises.com,2308.8,2238.85,2664840298496,77.06275,29.96,0.00059999997,3743.9,2025.0
2018-12-06 00:00:00+05:30,153.8156085729455,2314.95,2213.75,148.63247680664062,1379552,0.0,0.0,ADANIENT.NS,Adani Enterprises Limited,Thermal Coal,Energy,Mr. Gautambhai Shantilal Adani S.Y. B.Com,"Ahmedabad, India",https://www.adanienterprises.com,2308.8,2238.85,2664840298496,77.06275,29.96,0.00059999997,3743.9,2025.0
2018-12-07 00:00:00+05:30,149.86656462776128,2314.95,2213.75,150.95254516601562,1379552,0.0,0.0,ADANIENT.NS,Adani Enterprises Limited,Thermal Coal,Energy,Mr. Gautambhai Shantilal Adani S.Y. B.Com,"Ahmedabad, India",https://www.adanienterprises.com,2308.8,2238.85,2664840298496,77.06275,29.96,0.00059999997,3743.9,2025.0
2018-12-10 00:00:00+05:30,144.97959143332025,2314.95,2213.75,141.3267059326172,1379552,0.0,0.0,ADANIENT.NS,Adani Enterprises Limited,Thermal Coal,Energy,Mr. Gautambhai Shantilal Adani S.Y. B.Com,"Ahmedabad, India",https://www.adanienterprises.com,2308.8,2238.85,2664840298496,77.06275,29.96,0.00059999997,3743.9,2025.0
2018-12-11 00:00:00+05:30,137.22960992747505,2314.95,2213.75,149.96530151367188,1379552,0.0,0.0,ADANIENT.NS,Adani Enterprises Limited,Thermal Coal,Energy,Mr. Gautambhai Shantilal Adani S.Y. B.Com,"Ahmedabad, India",https://www.adanienterprises.com,2308.8,2238.85,2664840298496,77.06275,29.96,0.00059999997,3743.9,2025.0
2018-12-12 00:00:00+05:30,150.85381443537665,2314.95,2213.75,154.11178588867188,1379552,0.0,0.0,ADANIENT.NS,Adani Enterprises Limited,Thermal Coal,Energy,Mr. Gautambhai Shantilal Adani S.Y. B.Com,"Ahmedabad, India",https://www.adanienterprises.com,2308.8,2238.85,2664840298496,77.06275,29.96,0.00059999997,3743.9,2025.0
2018-12-13 00:00:00+05:30,154.0130615234375,2314.95,2213.75,154.0130615234375,1379552,0.0,0.0,ADANIENT.NS,Adani Enterprises Limited,Thermal Coal,Energy,Mr. Gautambhai Shantilal Adani S.Y. B.Com,"Ahmedabad, India",https://www.adanienterprises.com,2308.8,2238.85,2664840298496,77.06275,29.96,0.00059999997,3743.9,2025.0
2018-12-14 00:00:00+05:30,154.0130493236695,2314.95,2213.75,155.0990447998047,1379552,0.0,0.0,ADANIENT.NS,Adani Enterprises Limited,Thermal Coal,Energy,Mr. Gautambhai Shantilal Adani S.Y. B.Com,"Ahmedabad, India",https://www.adanienterprises.com,2308.8,2238.85,2664840298496,77.06275,29.96,0.00059999997,3743.9,2025.0
2018-12-17 00:00:00+05:30,155.0990524939341,2314.95,2213.75,155.93821716308594,1379552,0.0,0.0,ADANIENT.NS,Adani Enterprises Limited,Thermal Coal,Energy,Mr. Gautambhai Shantilal Adani S.Y. B.Com,"Ahmedabad, India",https://www.adanienterprises.com,2308.8,2238.85,2664840298496,77.06275,29.96,0.00059999997,3743.9,2025.0
2018-12-18 00:00:00+05:30,155.69139340523083,2314.95,2213.75,156.0369415283203,1379552,0.0,0.0,ADANIENT.NS,Adani Enterprises Limited,Thermal Coal,Energy,Mr. Gautambhai Shantilal Adani S.Y. B.Com,"Ahmedabad, India",https://www.adanienterprises.com,2308.8,2238.85,2664840298496,77.06275,29.96,0.00059999997,3743.9,2025.0
2018-12-19 00:00:00+05:30,157.96209629096168,2314.95,2213.75,158.1595458984375,1379552,0.0,0.0,ADANIENT.NS,Adani Enterprises Limited,Thermal Coal,Energy,Mr. Gautambhai Shantilal Adani S.Y. B.Com,"Ahmedabad, India",https://www.adanienterprises.com,2308.8,2238.85,2664840298496,77.06275,29.96,0.00059999997,3743.9,2025.0
2018-12-20 00:00:00+05:30,157.3697631559342,2314.95,2213.75,157.2216796875,1379552,0.0,0.0,ADANIENT.NS,Adani Enterprises Limited,Thermal Coal,Energy,Mr. Gautambhai Shantilal Adani S.Y. B.Com,"Ahmedabad, India",https://www.adanienterprises.com,2308.8,2238.85,2664840298496,77.06275,29.96,0.00059999997,3743.9,2025.0
2018-12-21 00:00:00+05:30,157.76465419803674,2314.95,2213.75,157.3203887939453,1379552,0.0,0.0,ADANIENT.NS,Adani Enterprises Limited,Thermal Coal,Energy,Mr. Gautambhai Shantilal Adani S.Y. B.Com,"Ahmedabad, India",https://www.adanienterprises.com,2308.8,2238.85,2664840298496,77.06275,29.96,0.00059999997,3743.9,2025.0
2018-12-24 00:00:00+05:30,157.36975860969216,2314.95,2213.75,156.5305938720703,1379552,0.0,0.0,ADANIENT.NS,Adani Enterprises Limited,Thermal Coal,Energy,Mr. Gautambhai Shantilal Adani S.Y. B.Com,"Ahmedabad, India",https://www.adanienterprises.com,2308.8,2238.85,2664840298496,77.06275,29.96,0.00059999997,3743.9,2025.0
2018-12-26 00:00:00+05:30,154.8522452779114,2314.95,2213.75,159.19619750976562,1379552,0.0,0.0,ADANIENT.NS,Adani Enterprises Limited,Thermal Coal,Energy,Mr. Gautambhai Shantilal Adani S.Y. B.Com,"Ahmedabad, India",https://www.adanienterprises.com,2308.8,2238.85,2664840298496,77.06275,29.96,0.00059999997,3743.9,2025.0
2018-12-27 00:00:00+05:30,160.18344844390433,2314.95,2213.75,160.2821807861328,1379552,0.0,0.0,ADANIENT.NS,Adani Enterprises Limited,Thermal Coal,Energy,Mr. Gautambhai Shantilal Adani S.Y. B.Com,"Ahmedabad, India",https://www.adanienterprises.com,2308.8,2238.85,2664840298496,77.06275,29.96,0.00059999997,3743.9,2025.0
2018-12-28 00:00:00+05:30,159.88725455726126,2314.95,2213.75,159.4923553466797,1379552,0.0,0.0,ADANIENT.NS,Adani Enterprises Limited,Thermal Coal,Energy,Mr. Gautambhai Shantilal Adani S.Y. B.Com,"Ahmedabad, India",https://www.adanienterprises.com,2308.8,2238.85,2664840298496,77.06275,29.96,0.00059999997,3743.9,2025.0
2018-12-31 00:00:00+05:30,160.77581423928856,2314.95,2213.75,158.94937133789062,1379552,0.0,0.0,ADANIENT.NS,Adani Enterprises Limited,Thermal Coal,Energy,Mr. Gautambhai Shantilal Adani S.Y. B.Com,"Ahmedabad, India",https://www.adanienterprises.com,2308.8,2238.85,2664840298496,77.06275,29.96,0.00059999997,3743.9,2025.0
2019-01-01 00:00:00+05:30,158.85063584282733,2314.95,2213.75,155.24713134765625,1379552,0.0,0.0,ADANIENT.NS,Adani Enterprises Limited,Thermal Coal,Energy,Mr. Gautambhai Shantilal Adani S.Y. B.Com,"Ahmedabad, India",https://www.adanienterprises.com,2308.8,2238.85,2664840298496,77.06275,29.96,0.00059999997,3743.9,2025.0
2019-01-02 00:00:00+05:30,155.00032596753135,2314.95,2213.75,152.87771606445312,1379552,0.0,0.0,ADANIENT.NS,Adani Enterprises Limited,Thermal Coal,Energy,Mr. Gautambhai Shantilal Adani S.Y. B.Com,"Ahmedabad, India",https://www.adanienterprises.com,2308.8,2238.85,2664840298496,77.06275,29.96,0.00059999997,3743.9,2025.0
2019-01-03 00:00:00+05:30,152.92705801311024,2314.95,2213.75,150.55763244628906,1379552,0.0,0.0,ADANIENT.NS,Adani Enterprises Limited,Thermal Coal,Energy,Mr. Gautambhai Shantilal Adani S.Y. B.Com,"Ahmedabad, India",https://www.adanienterprises.com,2308.8,2238.85,2664840298496,77.06275,29.96,0.00059999997,3743.9,2025.0
2019-01-04 00:00:00+05:30,150.16274444372576,2314.95,2213.75,150.6070098876953,1379552,0.0,0.0,ADANIENT.NS,Adani Enterprises Limited,Thermal Coal,Energy,Mr. Gautambhai Shantilal Adani S.Y. B.Com,"Ahmedabad, India",https://www.adanienterprises.com,2308.8,2238.85,2664840298496,77.06275,29.96,0.00059999997,3743.9,2025.0
2019-01-07 00:00:00+05:30,150.95254091580728,2314.95,2213.75,149.3235626220703,1379552,0.0,0.0,ADANIENT.NS,Adani Enterprises Limited,Thermal Coal,Energy,Mr. Gautambhai Shantilal Adani S.Y. B.Com,"Ahmedabad, India",https://www.adanienterprises.com,2308.8,2238.85,2664840298496,77.06275,29.96,0.00059999997,3743.9,2025.0
2019-01-08 00:00:00+05:30,148.58312082564717,2314.95,2213.75,151.49554443359375,1379552,0.0,0.0,ADANIENT.NS,Adani Enterprises Limited,Thermal Coal,Energy,Mr. Gautambhai Shantilal Adani S.Y. B.Com,"Ahmedabad, India",https://www.adanienterprises.com,2308.8,2238.85,2664840298496,77.06275,29.96,0.00059999997,3743.9,2025.0
2019-01-09 00:00:00+05:30,151.6436378851051,2314.95,2213.75,147.44776916503906,1379552,0.0,0.0,ADANIENT.NS,Adani Enterprises Limited,Thermal Coal,Energy,Mr. Gautambhai Shantilal Adani S.Y. B.Com,"Ahmedabad, India",https://www.adanienterprises.com,2308.8,2238.85,2664840298496,77.06275,29.96,0.00059999997,3743.9,2025.0
2019-01-10 00:00:00+05:30,149.07672847940268,2314.95,2213.75,149.1754608154297,1379552,0.0,0.0,ADANIENT.NS,Adani Enterprises Limited,Thermal Coal,Energy,Mr. Gautambhai Shantilal Adani S.Y. B.Com,"Ahmedabad, India",https://www.adanienterprises.com,2308.8,2238.85,2664840298496,77.06275,29.96,0.00059999997,3743.9,2025.0
2019-01-11 00:00:00+05:30,149.1754742842721,2314.95,2213.75,149.57037353515625,1379552,0.0,0.0,ADANIENT.NS,Adani Enterprises Limited,Thermal Coal,Energy,Mr. Gautambhai Shantilal Adani S.Y. B.Com,"Ahmedabad, India",https://www.adanienterprises.com,2308.8,2238.85,2664840298496,77.06275,29.96,0.00059999997,3743.9,2025.0
2019-01-14 00:00:00+05:30,149.0767518601116,2314.95,2213.75,146.46051025390625,1379552,0.0,0.0,ADANIENT.NS,Adani Enterprises Limited,Thermal Coal,Energy,Mr. Gautambhai Shantilal Adani S.Y. B.Com,"Ahmedabad, India",https://www.adanienterprises.com,2308.8,2238.85,2664840298496,77.06275,29.96,0.00059999997,3743.9,2025.0
2019-01-15 00:00:00+05:30,146.60858463716517,2314.95,2213.75,146.7566680908203,1379552,0.0,0.0,ADANIENT.NS,Adani Enterprises Limited,Thermal Coal,Energy,Mr. Gautambhai Shantilal Adani S.Y. B.Com,"Ahmedabad, India",https://www.adanienterprises.com,2308.8,2238.85,2664840298496,77.06275,29.96,0.00059999997,3743.9,2025.0
2019-01-16 00:00:00+05:30,146.31241879288257,2314.95,2213.75,146.55923461914062,1379552,0.0,0.0,ADANIENT.NS,Adani Enterprises Limited,Thermal Coal,Energy,Mr. Gautambhai Shantilal Adani S.Y. B.Com,"Ahmedabad, India",https://www.adanienterprises.com,2308.8,2238.85,2664840298496,77.06275,29.96,0.00059999997,3743.9,2025.0
2019-01-17 00:00:00+05:30,146.50985467479245,2314.95,2213.75,147.1022186279297,1379552,0.0,0.0,ADANIENT.NS,Adani Enterprises Limited,Thermal Coal,Energy,Mr. Gautambhai Shantilal Adani S.Y. B.Com,"Ahmedabad, India",https://www.adanienterprises.com,2308.8,2238.85,2664840298496,77.06275,29.96,0.00059999997,3743.9,2025.0
2019-01-18 00:00:00+05:30,147.79329806158012,2314.95,2213.75,144.88087463378906,1379552,0.0,0.0,ADANIENT.NS,Adani Enterprises Limited,Thermal Coal,Energy,Mr. Gautambhai Shantilal Adani S.Y. B.Com,"Ahmedabad, India",https://www.adanienterprises.com,2308.8,2238.85,2664840298496,77.06275,29.96,0.00059999997,3743.9,2025.0
2019-01-21 00:00:00+05:30,144.63404692263308,2314.95,2213.75,144.09104919433594,1379552,0.0,0.0,ADANIENT.NS,Adani Enterprises Limited,Thermal Coal,Energy,Mr. Gautambhai Shantilal Adani S.Y. B.Com,"Ahmedabad, India",https://www.adanienterprises.com,2308.8,2238.85,2664840298496,77.06275,29.96,0.00059999997,3743.9,2025.0
2019-01-22 00:00:00+05:30,143.54804109529317,2314.95,2213.75,143.84422302246094,1379552,0.0,0.0,ADANIENT.NS,Adani Enterprises Limited,Thermal Coal,Energy,Mr. Gautambhai Shantilal Adani S.Y. B.Com,"Ahmedabad, India",https://www.adanienterprises.com,2308.8,2238.85,2664840298496,77.06275,29.96,0.00059999997,3743.9,2025.0
2019-01-23 00:00:00+05:30,143.64679259186858,2314.95,2213.75,141.1786346435547,1379552,0.0,0.0,ADANIENT.NS,Adani Enterprises Limited,Thermal Coal,Energy,Mr. Gautambhai Shantilal Adani S.Y. B.Com,"Ahmedabad, India",https://www.adanienterprises.com,2308.8,2238.85,2664840298496,77.06275,29.96,0.00059999997,3743.9,2025.0
2019-01-24 00:00:00+05:30,141.1786557429938,2314.95,2213.75,140.73439025878906,1379552,0.0,0.0,ADANIENT.NS,Adani Enterprises Limited,Thermal Coal,Energy,Mr. Gautambhai Shantilal Adani S.Y. B.Com,"Ahmedabad, India",https://www.adanienterprises.com,2308.8,2238.85,2664840298496,77.06275,29.96,0.00059999997,3743.9,2025.0
2019-01-25 00:00:00+05:30,141.03054858207588,2314.95,2213.75,135.60060119628906,1379552,0.0,0.0,ADANIENT.NS,Adani Enterprises Limited,Thermal Coal,Energy,Mr. Gautambhai Shantilal Adani S.Y. B.Com,"Ahmedabad, India",https://www.adanienterprises.com,2308.8,2238.85,2664840298496,77.06275,29.96,0.00059999997,3743.9,2025.0
2019-01-28 00:00:00+05:30,136.24234716878973,2314.95,2213.75,134.6627197265625,1379552,0.0,0.0,ADANIENT.NS,Adani Enterprises Limited,Thermal Coal,Energy,Mr. Gautambhai Shantilal Adani S.Y. B.Com,"Ahmedabad, India",https://www.adanienterprises.com,2308.8,2238.85,2664840298496,77.06275,29.96,0.00059999997,3743.9,2025.0
2019-01-29 00:00:00+05:30,134.71206694367288,2314.95,2213.75,139.0066680908203,1379552,0.0,0.0,ADANIENT.NS,Adani Enterprises Limited,Thermal Coal,Energy,Mr. Gautambhai Shantilal Adani S.Y. B.Com,"Ahmedabad, India",https://www.adanienterprises.com,2308.8,2238.85,2664840298496,77.06275,29.96,0.00059999997,3743.9,2025.0
2019-01-30 00:00:00+05:30,139.1053815049456,2314.95,2213.75,138.1181182861328,1379552,0.0,0.0,ADANIENT.NS,Adani Enterprises Limited,Thermal Coal,Energy,Mr. Gautambhai Shantilal Adani S.Y. B.Com,"Ahmedabad, India",https://www.adanienterprises.com,2308.8,2238.85,2664840298496,77.06275,29.96,0.00059999997,3743.9,2025.0
2019-01-31 00:00:00+05:30,137.72321167317997,2314.95,2213.75,135.40313720703125,1379552,0.0,0.0,ADANIENT.NS,Adani Enterprises Limited,Thermal Coal,Energy,Mr. Gautambhai Shantilal Adani S.Y. B.Com,"Ahmedabad, India",https://www.adanienterprises.com,2308.8,2238.85,2664840298496,77.06275,29.96,0.00059999997,3743.9,2025.0
2019-02-01 00:00:00+05:30,135.20568939574696,2314.95,2213.75,141.1786346435547,1379552,0.0,0.0,ADANIENT.NS,Adani Enterprises Limited,Thermal Coal,Energy,Mr. Gautambhai Shantilal Adani S.Y. B.Com,"Ahmedabad, India",https://www.adanienterprises.com,2308.8,2238.85,2664840298496,77.06275,29.96,0.00059999997,3743.9,2025.0
2019-02-04 00:00:00+05:30,141.07990345402854,2314.95,2213.75,121.53209686279297,1379552,0.0,0.0,ADANIENT.NS,Adani Enterprises Limited,Thermal Coal,Energy,Mr. Gautambhai Shantilal Adani S.Y. B.Com,"Ahmedabad, India",https://www.adanienterprises.com,2308.8,2238.85,2664840298496,77.06275,29.96,0.00059999997,3743.9,2025.0
2019-02-05 00:00:00+05:30,120.44611529037506,2314.95,2213.75,122.6674575805664,1379552,0.0,0.0,ADANIENT.NS,Adani Enterprises Limited,Thermal Coal,Energy,Mr. Gautambhai Shantilal Adani S.Y. B.Com,"Ahmedabad, India",https://www.adanienterprises.com,2308.8,2238.85,2664840298496,77.06275,29.96,0.00059999997,3743.9,2025.0
2019-02-06 00:00:00+05:30,122.2725528427483,2314.95,2213.75,121.33465576171875,1379552,0.0,0.0,ADANIENT.NS,Adani Enterprises Limited,Thermal Coal,Energy,Mr. Gautambhai Shantilal Adani S.Y. B.Com,"Ahmedabad, India",https://www.adanienterprises.com,2308.8,2238.85,2664840298496,77.06275,29.96,0.00059999997,3743.9,2025.0
2019-02-07 00:00:00+05:30,120.6435661675331,2314.95,2213.75,122.37127685546875,1379552,0.0,0.0,ADANIENT.NS,Adani Enterprises Limited,Thermal Coal,Energy,Mr. Gautambhai Shantilal Adani S.Y. B.Com,"Ahmedabad, India",https://www.adanienterprises.com,2308.8,2238.85,2664840298496,77.06275,29.96,0.00059999997,3743.9,2025.0
2019-02-08 00:00:00+05:30,121.43337309866241,2314.95,2213.75,122.17382049560547,1379552,0.0,0.0,ADANIENT.NS,Adani Enterprises Limited,Thermal Coal,Energy,Mr. Gautambhai Shantilal Adani S.Y. B.Com,"Ahmedabad, India",https://www.adanienterprises.com,2308.8,2238.85,2664840298496,77.06275,29.96,0.00059999997,3743.9,2025.0
2019-02-11 00:00:00+05:30,121.38400384582158,2314.95,2213.75,116.69450378417969,1379552,0.0,0.0,ADANIENT.NS,Adani Enterprises Limited,Thermal Coal,Energy,Mr. Gautambhai Shantilal Adani S.Y. B.Com,"Ahmedabad, India",https://www.adanienterprises.com,2308.8,2238.85,2664840298496,77.06275,29.96,0.00059999997,3743.9,2025.0
2019-02-12 00:00:00+05:30,115.70724212651223,2314.95,2213.75,115.4604263305664,1379552,0.0,0.0,ADANIENT.NS,Adani Enterprises Limited,Thermal Coal,Energy,Mr. Gautambhai Shantilal Adani S.Y. B.Com,"Ahmedabad, India",https://www.adanienterprises.com,2308.8,2238.85,2664840298496,77.06275,29.96,0.00059999997,3743.9,2025.0
2019-02-14 00:00:00+05:30,116.94132002362646,2314.95,2213.75,116.59577941894531,1379552,0.0,0.0,ADANIENT.NS,Adani Enterprises Limited,Thermal Coal,Energy,Mr. Gautambhai Shantilal Adani S.Y. B.Com,"Ahmedabad, India",https://www.adanienterprises.com,2308.8,2238.85,2664840298496,77.06275,29.96,0.00059999997,3743.9,2025.0
2019-02-15 00:00:00+05:30,116.64515354855536,2314.95,2213.75,118.27413940429688,1379552,0.0,0.0,ADANIENT.NS,Adani Enterprises Limited,Thermal Coal,Energy,Mr. Gautambhai Shantilal Adani S.Y. B.Com,"Ahmedabad, India",https://www.adanienterprises.com,2308.8,2238.85,2664840298496,77.06275,29.96,0.00059999997,3743.9,2025.0
2019-02-18 00:00:00+05:30,116.79323916829667,2314.95,2213.75,116.00342559814453,1379552,0.0,0.0,ADANIENT.NS,Adani Enterprises Limited,Thermal Coal,Energy,Mr. Gautambhai Shantilal Adani S.Y. B.Com,"Ahmedabad, India",https://www.adanienterprises.com,2308.8,2238.85,2664840298496,77.06275,29.96,0.00059999997,3743.9,2025.0
2019-02-19 00:00:00+05:30,116.89195694381186,2314.95,2213.75,116.74386596679688,1379552,0.0,0.0,ADANIENT.NS,Adani Enterprises Limited,Thermal Coal,Energy,Mr. Gautambhai Shantilal Adani S.Y. B.Com,"Ahmedabad, India",https://www.adanienterprises.com,2308.8,2238.85,2664840298496,77.06275,29.96,0.00059999997,3743.9,2025.0
2019-02-20 00:00:00+05:30,116.44767657720813,2314.95,2213.75,118.52093505859375,1379552,0.0,0.0,ADANIENT.NS,Adani Enterprises Limited,Thermal Coal,Energy,Mr. Gautambhai Shantilal Adani S.Y. B.Com,"Ahmedabad, India",https://www.adanienterprises.com,2308.8,2238.85,2664840298496,77.06275,29.96,0.00059999997,3743.9,2025.0
2019-02-21 00:00:00+05:30,118.27413346799304,2314.95,2213.75,117.87922668457031,1379552,0.0,0.0,ADANIENT.NS,Adani Enterprises Limited,Thermal Coal,Energy,Mr. Gautambhai Shantilal Adani S.Y. B.Com,"Ahmedabad, India",https://www.adanienterprises.com,2308.8,2238.85,2664840298496,77.06275,29.96,0.00059999997,3743.9,2025.0
2019-02-22 00:00:00+05:30,118.7183963734012,2314.95,2213.75,126.41905212402344,1379552,0.0,0.0,ADANIENT.NS,Adani Enterprises Limited,Thermal Coal,Energy,Mr. Gautambhai Shantilal Adani S.Y. B.Com,"Ahmedabad, India",https://www.adanienterprises.com,2308.8,2238.85,2664840298496,77.06275,29.96,0.00059999997,3743.9,2025.0
2019-02-25 00:00:00+05:30,123.40789852720319,2314.95,2213.75,130.31874084472656,1379552,0.0,0.0,ADANIENT.NS,Adani Enterprises Limited,Thermal Coal,Energy,Mr. Gautambhai Shantilal Adani S.Y. B.Com,"Ahmedabad, India",https://www.adanienterprises.com,2308.8,2238.85,2664840298496,77.06275,29.96,0.00059999997,3743.9,2025.0
2019-02-26 00:00:00+05:30,128.34420661577633,2314.95,2213.75,130.41746520996094,1379552,0.0,0.0,ADANIENT.NS,Adani Enterprises Limited,Thermal Coal,Energy,Mr. Gautambhai Shantilal Adani S.Y. B.Com,"Ahmedabad, India",https://www.adanienterprises.com,2308.8,2238.85,2664840298496,77.06275,29.96,0.00059999997,3743.9,2025.0
2019-02-27 00:00:00+05:30,132.09579721757075,2314.95,2213.75,130.56553649902344,1379552,0.0,0.0,ADANIENT.NS,Adani Enterprises Limited,Thermal Coal,Energy,Mr. Gautambhai Shantilal Adani S.Y. B.Com,"Ahmedabad, India",https://www.adanienterprises.com,2308.8,2238.85,2664840298496,77.06275,29.96,0.00059999997,3743.9,2025.0
2019-02-28 00:00:00+05:30,131.7996378095367,2314.95,2213.75,127.20886993408203,1379552,0.0,0.0,ADANIENT.NS,Adani Enterprises Limited,Thermal Coal,Energy,Mr. Gautambhai Shantilal Adani S.Y. B.Com,"Ahmedabad, India",https://www.adanienterprises.com,2308.8,2238.85,2664840298496,77.06275,29.96,0.00059999997,3743.9,2025.0
2019-03-01 00:00:00+05:30,128.6897512649996,2314.95,2213.75,132.14517211914062,1379552,0.0,0.0,ADANIENT.NS,Adani Enterprises Limited,Thermal Coal,Energy,Mr. Gautambhai Shantilal Adani S.Y. B.Com,"Ahmedabad, India",https://www.adanienterprises.com,2308.8,2238.85,2664840298496,77.06275,29.96,0.00059999997,3743.9,2025.0
2019-03-05 00:00:00+05:30,130.8123618248349,2314.95,2213.75,139.99391174316406,1379552,0.0,0.0,ADANIENT.NS,Adani Enterprises Limited,Thermal Coal,Energy,Mr. Gautambhai Shantilal Adani S.Y. B.Com,"Ahmedabad, India",https://www.adanienterprises.com,2308.8,2238.85,2664840298496,77.06275,29.96,0.00059999997,3743.9,2025.0
2019-03-06 00:00:00+05:30,140.9318157038526,2314.95,2213.75,137.4763946533203,1379552,0.0,0.0,ADANIENT.NS,Adani Enterprises Limited,Thermal Coal,Energy,Mr. Gautambhai Shantilal Adani S.Y. B.Com,"Ahmedabad, India",https://www.adanienterprises.com,2308.8,2238.85,2664840298496,77.06275,29.96,0.00059999997,3743.9,2025.0
2019-03-07 00:00:00+05:30,137.22958504339894,2314.95,2213.75,135.1563262939453,1379552,0.0,0.0,ADANIENT.NS,Adani Enterprises Limited,Thermal Coal,Energy,Mr. Gautambhai Shantilal Adani S.Y. B.Com,"Ahmedabad, India",https://www.adanienterprises.com,2308.8,2238.85,2664840298496,77.06275,29.96,0.00059999997,3743.9,2025.0
2019-03-08 00:00:00+05:30,134.0209816911089,2314.95,2213.75,136.4397735595703,1379552,0.0,0.0,ADANIENT.NS,Adani Enterprises Limited,Thermal Coal,Energy,Mr. Gautambhai Shantilal Adani S.Y. B.Com,"Ahmedabad, India",https://www.adanienterprises.com,2308.8,2238.85,2664840298496,77.06275,29.96,0.00059999997,3743.9,2025.0
2019-03-11 00:00:00+05:30,136.09421801221518,2314.95,2213.75,137.2789306640625,1379552,0.0,0.0,ADANIENT.NS,Adani Enterprises Limited,Thermal Coal,Energy,Mr. Gautambhai Shantilal Adani S.Y. B.Com,"Ahmedabad, India",https://www.adanienterprises.com,2308.8,2238.85,2664840298496,77.06275,29.96,0.00059999997,3743.9,2025.0
2019-03-12 00:00:00+05:30,138.71048369335097,2314.95,2213.75,146.50985717773438,1379552,0.0,0.0,ADANIENT.NS,Adani Enterprises Limited,Thermal Coal,Energy,Mr. Gautambhai Shantilal Adani S.Y. B.Com,"Ahmedabad, India",https://www.adanienterprises.com,2308.8,2238.85,2664840298496,77.06275,29.96,0.00059999997,3743.9,2025.0
2019-03-13 00:00:00+05:30,146.5098503748894,2314.95,2213.75,145.47323608398438,1379552,0.0,0.0,ADANIENT.NS,Adani Enterprises Limited,Thermal Coal,Energy,Mr. Gautambhai Shantilal Adani S.Y. B.Com,"Ahmedabad, India",https://www.adanienterprises.com,2308.8,2238.85,2664840298496,77.06275,29.96,0.00059999997,3743.9,2025.0
2019-03-14 00:00:00+05:30,145.5225794871285,2314.95,2213.75,143.69615173339844,1379552,0.0,0.0,ADANIENT.NS,Adani Enterprises Limited,Thermal Coal,Energy,Mr. Gautambhai Shantilal Adani S.Y. B.Com,"Ahmedabad, India",https://www.adanienterprises.com,2308.8,2238.85,2664840298496,77.06275,29.96,0.00059999997,3743.9,2025.0
2019-03-15 00:00:00+05:30,143.94297576263907,2314.95,2213.75,140.0432891845703,1379552,0.0,0.0,ADANIENT.NS,Adani Enterprises Limited,Thermal Coal,Energy,Mr. Gautambhai Shantilal Adani S.Y. B.Com,"Ahmedabad, India",https://www.adanienterprises.com,2308.8,2238.85,2664840298496,77.06275,29.96,0.00059999997,3743.9,2025.0
2019-03-18 00:00:00+05:30,140.58627438178917,2314.95,2213.75,142.06716918945312,1379552,0.0,0.0,ADANIENT.NS,Adani Enterprises Limited,Thermal Coal,Energy,Mr. Gautambhai Shantilal Adani S.Y. B.Com,"Ahmedabad, India",https://www.adanienterprises.com,2308.8,2238.85,2664840298496,77.06275,29.96,0.00059999997,3743.9,2025.0
2019-03-19 00:00:00+05:30,142.61016758252262,2314.95,2213.75,140.19137573242188,1379552,0.0,0.0,ADANIENT.NS,Adani Enterprises Limited,Thermal Coal,Energy,Mr. Gautambhai Shantilal Adani S.Y. B.Com,"Ahmedabad, India",https://www.adanienterprises.com,2308.8,2238.85,2664840298496,77.06275,29.96,0.00059999997,3743.9,2025.0
2019-03-20 00:00:00+05:30,140.19136743153925,2314.95,2213.75,137.67384338378906,1379552,0.0,0.0,ADANIENT.NS,Adani Enterprises Limited,Thermal Coal,Energy,Mr. Gautambhai Shantilal Adani S.Y. B.Com,"Ahmedabad, India",https://www.adanienterprises.com,2308.8,2238.85,2664840298496,77.06275,29.96,0.00059999997,3743.9,2025.0
2019-03-22 00:00:00+05:30,138.9079275399204,2314.95,2213.75,136.4891357421875,1379552,0.0,0.0,ADANIENT.NS,Adani Enterprises Limited,Thermal Coal,Energy,Mr. Gautambhai Shantilal Adani S.Y. B.Com,"Ahmedabad, India",https://www.adanienterprises.com,2308.8,2238.85,2664840298496,77.06275,29.96,0.00059999997,3743.9,2025.0
2019-03-25 00:00:00+05:30,135.255066065386,2314.95,2213.75,132.63882446289062,1379552,0.0,0.0,ADANIENT.NS,Adani Enterprises Limited,Thermal Coal,Energy,Mr. Gautambhai Shantilal Adani S.Y. B.Com,"Ahmedabad, India",https://www.adanienterprises.com,2308.8,2238.85,2664840298496,77.06275,29.96,0.00059999997,3743.9,2025.0
2019-03-26 00:00:00+05:30,133.18177926133194,2314.95,2213.75,136.53848266601562,1379552,0.0,0.0,ADANIENT.NS,Adani Enterprises Limited,Thermal Coal,Energy,Mr. Gautambhai Shantilal Adani S.Y. B.Com,"Ahmedabad, India",https://www.adanienterprises.com,2308.8,2238.85,2664840298496,77.06275,29.96,0.00059999997,3743.9,2025.0
2019-03-27 00:00:00+05:30,136.7853170998022,2314.95,2213.75,135.74868774414062,1379552,0.0,0.0,ADANIENT.NS,Adani Enterprises Limited,Thermal Coal,Energy,Mr. Gautambhai Shantilal Adani S.Y. B.Com,"Ahmedabad, India",https://www.adanienterprises.com,2308.8,2238.85,2664840298496,77.06275,29.96,0.00059999997,3743.9,2025.0
2019-03-28 00:00:00+05:30,136.68659117231732,2314.95,2213.75,136.0448760986328,1379552,0.0,0.0,ADANIENT.NS,Adani Enterprises Limited,Thermal Coal,Energy,Mr. Gautambhai Shantilal Adani S.Y. B.Com,"Ahmedabad, India",https://www.adanienterprises.com,2308.8,2238.85,2664840298496,77.06275,29.96,0.00059999997,3743.9,2025.0
2019-04-01 00:00:00+05:30,145.57195848055682,2314.95,2213.75,149.52101135253906,1379552,0.0,0.0,ADANIENT.NS,Adani Enterprises Limited,Thermal Coal,Energy,Mr. Gautambhai Shantilal Adani S.Y. B.Com,"Ahmedabad, India",https://www.adanienterprises.com,2308.8,2238.85,2664840298496,77.06275,29.96,0.00059999997,3743.9,2025.0
2019-04-02 00:00:00+05:30,149.767826256499,2314.95,2213.75,149.7184600830078,1379552,0.0,0.0,ADANIENT.NS,Adani Enterprises Limited,Thermal Coal,Energy,Mr. Gautambhai Shantilal Adani S.Y. B.Com,"Ahmedabad, India",https://www.adanienterprises.com,2308.8,2238.85,2664840298496,77.06275,29.96,0.00059999997,3743.9,2025.0
2019-04-03 00:00:00+05:30,148.38564300868092,2314.95,2213.75,145.67066955566406,1379552,0.0,0.0,ADANIENT.NS,Adani Enterprises Limited,Thermal Coal,Energy,Mr. Gautambhai Shantilal Adani S.Y. B.Com,"Ahmedabad, India",https://www.adanienterprises.com,2308.8,2238.85,2664840298496,77.06275,29.96,0.00059999997,3743.9,2025.0
2019-04-04 00:00:00+05:30,146.06558806087537,2314.95,2213.75,145.62132263183594,1379552,0.0,0.0,ADANIENT.NS,Adani Enterprises Limited,Thermal Coal,Energy,Mr. Gautambhai Shantilal Adani S.Y. B.Com,"Ahmedabad, India",https://www.adanienterprises.com,2308.8,2238.85,2664840298496,77.06275,29.96,0.00059999997,3743.9,2025.0
2019-04-05 00:00:00+05:30,146.1149260047378,2314.95,2213.75,145.0289306640625,1379552,0.0,0.0,ADANIENT.NS,Adani Enterprises Limited,Thermal Coal,Energy,Mr. Gautambhai Shantilal Adani S.Y. B.Com,"Ahmedabad, India",https://www.adanienterprises.com,2308.8,2238.85,2664840298496,77.06275,29.96,0.00059999997,3743.9,2025.0
2019-04-08 00:00:00+05:30,145.62131167541938,2314.95,2213.75,140.14199829101562,1379552,0.0,0.0,ADANIENT.NS,Adani Enterprises Limited,Thermal Coal,Energy,Mr. Gautambhai Shantilal Adani S.Y. B.Com,"Ahmedabad, India",https://www.adanienterprises.com,2308.8,2238.85,2664840298496,77.06275,29.96,0.00059999997,3743.9,2025.0
2019-04-09 00:00:00+05:30,140.4875706950241,2314.95,2213.75,144.14044189453125,1379552,0.0,0.0,ADANIENT.NS,Adani Enterprises Limited,Thermal Coal,Energy,Mr. Gautambhai Shantilal Adani S.Y. B.Com,"Ahmedabad, India",https://www.adanienterprises.com,2308.8,2238.85,2664840298496,77.06275,29.96,0.00059999997,3743.9,2025.0
2019-04-10 00:00:00+05:30,143.8936207956617,2314.95,2213.75,141.0305633544922,1379552,0.0,0.0,ADANIENT.NS,Adani Enterprises Limited,Thermal Coal,Energy,Mr. Gautambhai Shantilal Adani S.Y. B.Com,"Ahmedabad, India",https://www.adanienterprises.com,2308.8,2238.85,2664840298496,77.06275,29.96,0.00059999997,3743.9,2025.0
2019-04-11 00:00:00+05:30,140.93182749105685,2314.95,2213.75,139.20411682128906,1379552,0.0,0.0,ADANIENT.NS,Adani Enterprises Limited,Thermal Coal,Energy,Mr. Gautambhai Shantilal Adani S.Y. B.Com,"Ahmedabad, India",https://www.adanienterprises.com,2308.8,2238.85,2664840298496,77.06275,29.96,0.00059999997,3743.9,2025.0
2019-04-12 00:00:00+05:30,139.00666538464807,2314.95,2213.75,139.59901428222656,1379552,0.0,0.0,ADANIENT.NS,Adani Enterprises Limited,Thermal Coal,Energy,Mr. Gautambhai Shantilal Adani S.Y. B.Com,"Ahmedabad, India",https://www.adanienterprises.com,2308.8,2238.85,2664840298496,77.06275,29.96,0.00059999997,3743.9,2025.0
2019-04-15 00:00:00+05:30,139.20411221972316,2314.95,2213.75,141.1292724609375,1379552,0.0,0.0,ADANIENT.NS,Adani Enterprises Limited,Thermal Coal,Energy,Mr. Gautambhai Shantilal Adani S.Y. B.Com,"Ahmedabad, India",https://www.adanienterprises.com,2308.8,2238.85,2664840298496,77.06275,29.96,0.00059999997,3743.9,2025.0
2019-04-16 00:00:00+05:30,140.38881712167304,2314.95,2213.75,141.22799682617188,1379552,0.0,0.0,ADANIENT.NS,Adani Enterprises Limited,Thermal Coal,Energy,Mr. Gautambhai Shantilal Adani S.Y. B.Com,"Ahmedabad, India",https://www.adanienterprises.com,2308.8,2238.85,2664840298496,77.06275,29.96,0.00059999997,3743.9,2025.0
2019-04-18 00:00:00+05:30,141.27737070311247,2314.95,2213.75,136.83468627929688,1379552,0.0,0.0,ADANIENT.NS,Adani Enterprises Limited,Thermal Coal,Energy,Mr. Gautambhai Shantilal Adani S.Y. B.Com,"Ahmedabad, India",https://www.adanienterprises.com,2308.8,2238.85,2664840298496,77.06275,29.96,0.00059999997,3743.9,2025.0
2019-04-22 00:00:00+05:30,136.2423256134282,2314.95,2213.75,133.42861938476562,1379552,0.0,0.0,ADANIENT.NS,Adani Enterprises Limited,Thermal Coal,Energy,Mr. Gautambhai Shantilal Adani S.Y. B.Com,"Ahmedabad, India",https://www.adanienterprises.com,2308.8,2238.85,2664840298496,77.06275,29.96,0.00059999997,3743.9,2025.0
2019-04-23 00:00:00+05:30,133.6754352699192,2314.95,2213.75,130.8123779296875,1379552,0.0,0.0,ADANIENT.NS,Adani Enterprises Limited,Thermal Coal,Energy,Mr. Gautambhai Shantilal Adani S.Y. B.Com,"Ahmedabad, India",https://www.adanienterprises.com,2308.8,2238.85,2664840298496,77.06275,29.96,0.00059999997,3743.9,2025.0
2019-04-24 00:00:00+05:30,131.05920432836334,2314.95,2213.75,134.4158935546875,1379552,0.0,0.0,ADANIENT.NS,Adani Enterprises Limited,Thermal Coal,Energy,Mr. Gautambhai Shantilal Adani S.Y. B.Com,"Ahmedabad, India",https://www.adanienterprises.com,2308.8,2238.85,2664840298496,77.06275,29.96,0.00059999997,3743.9,2025.0
2019-04-25 00:00:00+05:30,133.37927008447184,2314.95,2213.75,133.03372192382812,1379552,0.0,0.0,ADANIENT.NS,Adani Enterprises Limited,Thermal Coal,Energy,Mr. Gautambhai Shantilal Adani S.Y. B.Com,"Ahmedabad, India",https://www.adanienterprises.com,2308.8,2238.85,2664840298496,77.06275,29.96,0.00059999997,3743.9,2025.0
2019-04-26 00:00:00+05:30,133.28054864290831,2314.95,2213.75,129.7263946533203,1379552,0.0,0.0,ADANIENT.NS,Adani Enterprises Limited,Thermal Coal,Energy,Mr. Gautambhai Shantilal Adani S.Y. B.Com,"Ahmedabad, India",https://www.adanienterprises.com,2308.8,2238.85,2664840298496,77.06275,29.96,0.00059999997,3743.9,2025.0
2019-04-30 00:00:00+05:30,130.1212855221847,2314.95,2213.75,125.4317855834961,1379552,0.0,0.0,ADANIENT.NS,Adani Enterprises Limited,Thermal Coal,Energy,Mr. Gautambhai Shantilal Adani S.Y. B.Com,"Ahmedabad, India",https://www.adanienterprises.com,2308.8,2238.85,2664840298496,77.06275,29.96,0.00059999997,3743.9,2025.0
2019-05-02 00:00:00+05:30,124.39517311436339,2314.95,2213.75,125.03689575195312,1379552,0.0,0.0,ADANIENT.NS,Adani Enterprises Limited,Thermal Coal,Energy,Mr. Gautambhai Shantilal Adani S.Y. B.Com,"Ahmedabad, India",https://www.adanienterprises.com,2308.8,2238.85,2664840298496,77.06275,29.96,0.00059999997,3743.9,2025.0
2019-05-03 00:00:00+05:30,122.42062855029971,2314.95,2213.75,126.66586303710938,1379552,0.0,0.0,ADANIENT.NS,Adani Enterprises Limited,Thermal Coal,Energy,Mr. Gautambhai Shantilal Adani S.Y. B.Com,"Ahmedabad, India",https://www.adanienterprises.com,2308.8,2238.85,2664840298496,77.06275,29.96,0.00059999997,3743.9,2025.0
2019-05-06 00:00:00+05:30,124.14835038942411,2314.95,2213.75,124.00025939941406,1379552,0.0,0.0,ADANIENT.NS,Adani Enterprises Limited,Thermal Coal,Energy,Mr. Gautambhai Shantilal Adani S.Y. B.Com,"Ahmedabad, India",https://www.adanienterprises.com,2308.8,2238.85,2664840298496,77.06275,29.96,0.00059999997,3743.9,2025.0
2019-05-07 00:00:00+05:30,124.79006776650485,2314.95,2213.75,120.7916488647461,1379552,0.0,0.0,ADANIENT.NS,Adani Enterprises Limited,Thermal Coal,Energy,Mr. Gautambhai Shantilal Adani S.Y. B.Com,"Ahmedabad, India",https://www.adanienterprises.com,2308.8,2238.85,2664840298496,77.06275,29.96,0.00059999997,3743.9,2025.0
2019-05-08 00:00:00+05:30,120.24865338310926,2314.95,2213.75,119.36011505126953,1379552,0.0,0.0,ADANIENT.NS,Adani Enterprises Limited,Thermal Coal,Energy,Mr. Gautambhai Shantilal Adani S.Y. B.Com,"Ahmedabad, India",https://www.adanienterprises.com,2308.8,2238.85,2664840298496,77.06275,29.96,0.00059999997,3743.9,2025.0
2019-05-09 00:00:00+05:30,120.34738158439855,2314.95,2213.75,118.57030487060547,1379552,0.0,0.0,ADANIENT.NS,Adani Enterprises Limited,Thermal Coal,Energy,Mr. Gautambhai Shantilal Adani S.Y. B.Com,"Ahmedabad, India",https://www.adanienterprises.com,2308.8,2238.85,2664840298496,77.06275,29.96,0.00059999997,3743.9,2025.0
2019-05-10 00:00:00+05:30,119.45885906219482,2314.95,2213.75,118.47159576416016,1379552,0.0,0.0,ADANIENT.NS,Adani Enterprises Limited,Thermal Coal,Energy,Mr. Gautambhai Shantilal Adani S.Y. B.Com,"Ahmedabad, India",https://www.adanienterprises.com,2308.8,2238.85,2664840298496,77.06275,29.96,0.00059999997,3743.9,2025.0
2019-05-13 00:00:00+05:30,119.1626643545237,2314.95,2213.75,116.1021499633789,1379552,0.0,0.0,ADANIENT.NS,Adani Enterprises Limited,Thermal Coal,Energy,Mr. Gautambhai Shantilal Adani S.Y. B.Com,"Ahmedabad, India",https://www.adanienterprises.com,2308.8,2238.85,2664840298496,77.06275,29.96,0.00059999997,3743.9,2025.0
2019-05-14 00:00:00+05:30,114.86806574121121,2314.95,2213.75,121.7789077758789,1379552,0.0,0.0,ADANIENT.NS,Adani Enterprises Limited,Thermal Coal,Energy,Mr. Gautambhai Shantilal Adani S.Y. B.Com,"Ahmedabad, India",https://www.adanienterprises.com,2308.8,2238.85,2664840298496,77.06275,29.96,0.00059999997,3743.9,2025.0
2019-05-15 00:00:00+05:30,122.61809454757051,2314.95,2213.75,115.90470886230469,1379552,0.0,0.0,ADANIENT.NS,Adani Enterprises Limited,Thermal Coal,Energy,Mr. Gautambhai Shantilal Adani S.Y. B.Com,"Ahmedabad, India",https://www.adanienterprises.com,2308.8,2238.85,2664840298496,77.06275,29.96,0.00059999997,3743.9,2025.0
2019-05-16 00:00:00+05:30,116.59578409447408,2314.95,2213.75,117.28687286376953,1379552,0.0,0.0,ADANIENT.NS,Adani Enterprises Limited,Thermal Coal,Energy,Mr. Gautambhai Shantilal Adani S.Y. B.Com,"Ahmedabad, India",https://www.adanienterprises.com,2308.8,2238.85,2664840298496,77.06275,29.96,0.00059999997,3743.9,2025.0
2019-05-17 00:00:00+05:30,116.25023382207075,2314.95,2213.75,117.7804946899414,1379552,0.0,0.0,ADANIENT.NS,Adani Enterprises Limited,Thermal Coal,Energy,Mr. Gautambhai Shantilal Adani S.Y. B.Com,"Ahmedabad, India",https://www.adanienterprises.com,2308.8,2238.85,2664840298496,77.06275,29.96,0.00059999997,3743.9,2025.0
2019-05-20 00:00:00+05:30,129.52892274122703,2314.95,2213.75,150.01463317871094,1379552,0.0,0.0,ADANIENT.NS,Adani Enterprises Limited,Thermal Coal,Energy,Mr. Gautambhai Shantilal Adani S.Y. B.Com,"Ahmedabad, India",https://www.adanienterprises.com,2308.8,2238.85,2664840298496,77.06275,29.96,0.00059999997,3743.9,2025.0
2019-05-21 00:00:00+05:30,152.72961824944827,2314.95,2213.75,152.6802520751953,1379552,0.0,0.0,ADANIENT.NS,Adani Enterprises Limited,Thermal Coal,Energy,Mr. Gautambhai Shantilal Adani S.Y. B.Com,"Ahmedabad, India",https://www.adanienterprises.com,2308.8,2238.85,2664840298496,77.06275,29.96,0.00059999997,3743.9,2025.0
2019-05-22 00:00:00+05:30,153.07515995043028,2314.95,2213.75,155.93821716308594,1379552,0.0,0.0,ADANIENT.NS,Adani Enterprises Limited,Thermal Coal,Energy,Mr. Gautambhai Shantilal Adani S.Y. B.Com,"Ahmedabad, India",https://www.adanienterprises.com,2308.8,2238.85,2664840298496,77.06275,29.96,0.00059999997,3743.9,2025.0
2019-05-23 00:00:00+05:30,167.34112019500932,2314.95,2213.75,158.99874877929688,1379552,0.0,0.0,ADANIENT.NS,Adani Enterprises Limited,Thermal Coal,Energy,Mr. Gautambhai Shantilal Adani S.Y. B.Com,"Ahmedabad, India",https://www.adanienterprises.com,2308.8,2238.85,2664840298496,77.06275,29.96,0.00059999997,3743.9,2025.0
2019-05-24 00:00:00+05:30,160.28218709609658,2314.95,2213.75,154.407958984375,1379552,0.0,0.0,ADANIENT.NS,Adani Enterprises Limited,Thermal Coal,Energy,Mr. Gautambhai Shantilal Adani S.Y. B.Com,"Ahmedabad, India",https://www.adanienterprises.com,2308.8,2238.85,2664840298496,77.06275,29.96,0.00059999997,3743.9,2025.0
2019-05-27 00:00:00+05:30,157.07357824911097,2314.95,2213.75,155.19776916503906,1379552,0.0,0.0,ADANIENT.NS,Adani Enterprises Limited,Thermal Coal,Energy,Mr. Gautambhai Shantilal Adani S.Y. B.Com,"Ahmedabad, India",https://www.adanienterprises.com,2308.8,2238.85,2664840298496,77.06275,29.96,0.00059999997,3743.9,2025.0
2019-05-28 00:00:00+05:30,155.09906133586446,2314.95,2213.75,155.6420440673828,1379552,0.0,0.0,ADANIENT.NS,Adani Enterprises Limited,Thermal Coal,Energy,Mr. Gautambhai Shantilal Adani S.Y. B.Com,"Ahmedabad, India",https://www.adanienterprises.com,2308.8,2238.85,2664840298496,77.06275,29.96,0.00059999997,3743.9,2025.0
2019-05-29 00:00:00+05:30,155.9382293082081,2314.95,2213.75,153.17388916015625,1379552,0.0,0.0,ADANIENT.NS,Adani Enterprises Limited,Thermal Coal,Energy,Mr. Gautambhai Shantilal Adani S.Y. B.Com,"Ahmedabad, India",https://www.adanienterprises.com,2308.8,2238.85,2664840298496,77.06275,29.96,0.00059999997,3743.9,2025.0
2019-05-30 00:00:00+05:30,156.08631896972656,2314.95,2213.75,156.08631896972656,1379552,0.0,0.0,ADANIENT.NS,Adani Enterprises Limited,Thermal Coal,Energy,Mr. Gautambhai Shantilal Adani S.Y. B.Com,"Ahmedabad, India",https://www.adanienterprises.com,2308.8,2238.85,2664840298496,77.06275,29.96,0.00059999997,3743.9,2025.0
2019-05-31 00:00:00+05:30,156.4811977207757,2314.95,2213.75,152.77896118164062,1379552,0.0,0.0,ADANIENT.NS,Adani Enterprises Limited,Thermal Coal,Energy,Mr. Gautambhai Shantilal Adani S.Y. B.Com,"Ahmedabad, India",https://www.adanienterprises.com,2308.8,2238.85,2664840298496,77.06275,29.96,0.00059999997,3743.9,2025.0
2019-06-03 00:00:00+05:30,152.03853350232325,2314.95,2213.75,157.0242156982422,1379552,0.0,0.0,ADANIENT.NS,Adani Enterprises Limited,Thermal Coal,Energy,Mr. Gautambhai Shantilal Adani S.Y. B.Com,"Ahmedabad, India",https://www.adanienterprises.com,2308.8,2238.85,2664840298496,77.06275,29.96,0.00059999997,3743.9,2025.0
2019-06-04 00:00:00+05:30,156.13567988968373,2314.95,2213.75,155.5926971435547,1379552,0.0,0.0,ADANIENT.NS,Adani Enterprises Limited,Thermal Coal,Energy,Mr. Gautambhai Shantilal Adani S.Y. B.Com,"Ahmedabad, India",https://www.adanienterprises.com,2308.8,2238.85,2664840298496,77.06275,29.96,0.00059999997,3743.9,2025.0
2019-06-06 00:00:00+05:30,154.9015931531681,2314.95,2213.75,151.19935607910156,1379552,0.0,0.0,ADANIENT.NS,Adani Enterprises Limited,Thermal Coal,Energy,Mr. Gautambhai Shantilal Adani S.Y. B.Com,"Ahmedabad, India",https://www.adanienterprises.com,2308.8,2238.85,2664840298496,77.06275,29.96,0.00059999997,3743.9,2025.0
2019-06-07 00:00:00+05:30,151.00188360246796,2314.95,2213.75,149.42227172851562,1379552,0.0,0.0,ADANIENT.NS,Adani Enterprises Limited,Thermal Coal,Energy,Mr. Gautambhai Shantilal Adani S.Y. B.Com,"Ahmedabad, India",https://www.adanienterprises.com,2308.8,2238.85,2664840298496,77.06275,29.96,0.00059999997,3743.9,2025.0
2019-06-10 00:00:00+05:30,150.06400795024138,2314.95,2213.75,148.0401153564453,1379552,0.0,0.0,ADANIENT.NS,Adani Enterprises Limited,Thermal Coal,Energy,Mr. Gautambhai Shantilal Adani S.Y. B.Com,"Ahmedabad, India",https://www.adanienterprises.com,2308.8,2238.85,2664840298496,77.06275,29.96,0.00059999997,3743.9,2025.0
2019-06-11 00:00:00+05:30,147.595845904118,2314.95,2213.75,151.6436309814453,1379552,0.0,0.0,ADANIENT.NS,Adani Enterprises Limited,Thermal Coal,Energy,Mr. Gautambhai Shantilal Adani S.Y. B.Com,"Ahmedabad, India",https://www.adanienterprises.com,2308.8,2238.85,2664840298496,77.06275,29.96,0.00059999997,3743.9,2025.0
2019-06-12 00:00:00+05:30,152.03854716803542,2314.95,2213.75,151.2487335205078,1379552,0.0,0.0,ADANIENT.NS,Adani Enterprises Limited,Thermal Coal,Energy,Mr. Gautambhai Shantilal Adani S.Y. B.Com,"Ahmedabad, India",https://www.adanienterprises.com,2308.8,2238.85,2664840298496,77.06275,29.96,0.00059999997,3743.9,2025.0
2019-06-13 00:00:00+05:30,151.24872644131747,2314.95,2213.75,151.15000915527344,1379552,0.0,0.0,ADANIENT.NS,Adani Enterprises Limited,Thermal Coal,Energy,Mr. Gautambhai Shantilal Adani S.Y. B.Com,"Ahmedabad, India",https://www.adanienterprises.com,2308.8,2238.85,2664840298496,77.06275,29.96,0.00059999997,3743.9,2025.0
2019-06-14 00:00:00+05:30,154.01305760015325,2314.95,2213.75,150.50827026367188,1379552,0.0,0.0,ADANIENT.NS,Adani Enterprises Limited,Thermal Coal,Energy,Mr. Gautambhai Shantilal Adani S.Y. B.Com,"Ahmedabad, India",https://www.adanienterprises.com,2308.8,2238.85,2664840298496,77.06275,29.96,0.00059999997,3743.9,2025.0
2019-06-17 00:00:00+05:30,151.0512526135449,2314.95,2213.75,146.01620483398438,1379552,0.0,0.0,ADANIENT.NS,Adani Enterprises Limited,Thermal Coal,Energy,Mr. Gautambhai Shantilal Adani S.Y. B.Com,"Ahmedabad, India",https://www.adanienterprises.com,2308.8,2238.85,2664840298496,77.06275,29.96,0.00059999997,3743.9,2025.0
2019-06-18 00:00:00+05:30,145.47323341494726,2314.95,2213.75,146.06558227539062,1379552,0.0,0.0,ADANIENT.NS,Adani Enterprises Limited,Thermal Coal,Energy,Mr. Gautambhai Shantilal Adani S.Y. B.Com,"Ahmedabad, India",https://www.adanienterprises.com,2308.8,2238.85,2664840298496,77.06275,29.96,0.00059999997,3743.9,2025.0
2019-06-19 00:00:00+05:30,146.55921688581188,2314.95,2213.75,140.98118591308594,1379552,0.0,0.0,ADANIENT.NS,Adani Enterprises Limited,Thermal Coal,Energy,Mr. Gautambhai Shantilal Adani S.Y. B.Com,"Ahmedabad, India",https://www.adanienterprises.com,2308.8,2238.85,2664840298496,77.06275,29.96,0.00059999997,3743.9,2025.0
2019-06-20 00:00:00+05:30,140.48757131896963,2314.95,2213.75,146.55923461914062,1379552,0.0,0.0,ADANIENT.NS,Adani Enterprises Limited,Thermal Coal,Energy,Mr. Gautambhai Shantilal Adani S.Y. B.Com,"Ahmedabad, India",https://www.adanienterprises.com,2308.8,2238.85,2664840298496,77.06275,29.96,0.00059999997,3743.9,2025.0
2019-06-21 00:00:00+05:30,145.12770171770515,2314.95,2213.75,144.9302520751953,1379552,0.0,0.0,ADANIENT.NS,Adani Enterprises Limited,Thermal Coal,Energy,Mr. Gautambhai Shantilal Adani S.Y. B.Com,"Ahmedabad, India",https://www.adanienterprises.com,2308.8,2238.85,2664840298496,77.06275,29.96,0.00059999997,3743.9,2025.0
2019-06-24 00:00:00+05:30,144.041705720155,2314.95,2213.75,145.86814880371094,1379552,0.0,0.0,ADANIENT.NS,Adani Enterprises Limited,Thermal Coal,Energy,Mr. Gautambhai Shantilal Adani S.Y. B.Com,"Ahmedabad, India",https://www.adanienterprises.com,2308.8,2238.85,2664840298496,77.06275,29.96,0.00059999997,3743.9,2025.0
2019-06-25 00:00:00+05:30,144.6340640591958,2314.95,2213.75,148.9286651611328,1379552,0.0,0.0,ADANIENT.NS,Adani Enterprises Limited,Thermal Coal,Energy,Mr. Gautambhai Shantilal Adani S.Y. B.Com,"Ahmedabad, India",https://www.adanienterprises.com,2308.8,2238.85,2664840298496,77.06275,29.96,0.00059999997,3743.9,2025.0
2019-06-26 00:00:00+05:30,148.08947662453767,2314.95,2213.75,151.84107971191406,1379552,0.0,0.0,ADANIENT.NS,Adani Enterprises Limited,Thermal Coal,Energy,Mr. Gautambhai Shantilal Adani S.Y. B.Com,"Ahmedabad, India",https://www.adanienterprises.com,2308.8,2238.85,2664840298496,77.06275,29.96,0.00059999997,3743.9,2025.0
2019-06-27 00:00:00+05:30,150.36020042577258,2314.95,2213.75,150.9031982421875,1379552,0.0,0.0,ADANIENT.NS,Adani Enterprises Limited,Thermal Coal,Energy,Mr. Gautambhai Shantilal Adani S.Y. B.Com,"Ahmedabad, India",https://www.adanienterprises.com,2308.8,2238.85,2664840298496,77.06275,29.96,0.00059999997,3743.9,2025.0
2019-06-28 00:00:00+05:30,150.55762560264614,2314.95,2213.75,148.58309936523438,1379552,0.0,0.0,ADANIENT.NS,Adani Enterprises Limited,Thermal Coal,Energy,Mr. Gautambhai Shantilal Adani S.Y. B.Com,"Ahmedabad, India",https://www.adanienterprises.com,2308.8,2238.85,2664840298496,77.06275,29.96,0.00059999997,3743.9,2025.0
2019-07-01 00:00:00+05:30,148.73119790946606,2314.95,2213.75,152.13726806640625,1379552,0.0,0.0,ADANIENT.NS,Adani Enterprises Limited,Thermal Coal,Energy,Mr. Gautambhai Shantilal Adani S.Y. B.Com,"Ahmedabad, India",https://www.adanienterprises.com,2308.8,2238.85,2664840298496,77.06275,29.96,0.00059999997,3743.9,2025.0
2019-07-02 00:00:00+05:30,152.92706388522257,2314.95,2213.75,152.7296142578125,1379552,0.0,0.0,ADANIENT.NS,Adani Enterprises Limited,Thermal Coal,Energy,Mr. Gautambhai Shantilal Adani S.Y. B.Com,"Ahmedabad, India",https://www.adanienterprises.com,2308.8,2238.85,2664840298496,77.06275,29.96,0.00059999997,3743.9,2025.0
2019-07-03 00:00:00+05:30,154.40796259211263,2314.95,2213.75,153.6181640625,1379552,0.0,0.0,ADANIENT.NS,Adani Enterprises Limited,Thermal Coal,Energy,Mr. Gautambhai Shantilal Adani S.Y. B.Com,"Ahmedabad, India",https://www.adanienterprises.com,2308.8,2238.85,2664840298496,77.06275,29.96,0.00059999997,3743.9,2025.0
2019-07-04 00:00:00+05:30,158.06083854371084,2314.95,2213.75,154.11178588867188,1379552,0.0,0.0,ADANIENT.NS,Adani Enterprises Limited,Thermal Coal,Energy,Mr. Gautambhai Shantilal Adani S.Y. B.Com,"Ahmedabad, India",https://www.adanienterprises.com,2308.8,2238.85,2664840298496,77.06275,29.96,0.00059999997,3743.9,2025.0
2019-07-05 00:00:00+05:30,154.3092589858549,2314.95,2213.75,145.42388916015625,1379552,0.0,0.0,ADANIENT.NS,Adani Enterprises Limited,Thermal Coal,Energy,Mr. Gautambhai Shantilal Adani S.Y. B.Com,"Ahmedabad, India",https://www.adanienterprises.com,2308.8,2238.85,2664840298496,77.06275,29.96,0.00059999997,3743.9,2025.0
2019-07-08 00:00:00+05:30,141.42546053751806,2314.95,2213.75,137.130859375,1379552,0.0,0.0,ADANIENT.NS,Adani Enterprises Limited,Thermal Coal,Energy,Mr. Gautambhai Shantilal Adani S.Y. B.Com,"Ahmedabad, India",https://www.adanienterprises.com,2308.8,2238.85,2664840298496,77.06275,29.96,0.00059999997,3743.9,2025.0
2019-07-09 00:00:00+05:30,136.29168137273516,2314.95,2213.75,139.35218811035156,1379552,0.0,0.0,ADANIENT.NS,Adani Enterprises Limited,Thermal Coal,Energy,Mr. Gautambhai Shantilal Adani S.Y. B.Com,"Ahmedabad, India",https://www.adanienterprises.com,2308.8,2238.85,2664840298496,77.06275,29.96,0.00059999997,3743.9,2025.0
2019-07-10 00:00:00+05:30,140.19137575688956,2314.95,2213.75,137.57513427734375,1379552,0.0,0.0,ADANIENT.NS,Adani Enterprises Limited,Thermal Coal,Energy,Mr. Gautambhai Shantilal Adani S.Y. B.Com,"Ahmedabad, India",https://www.adanienterprises.com,2308.8,2238.85,2664840298496,77.06275,29.96,0.00059999997,3743.9,2025.0
2019-07-11 00:00:00+05:30,138.71048520135543,2314.95,2213.75,139.20411682128906,1379552,0.0,0.0,ADANIENT.NS,Adani Enterprises Limited,Thermal Coal,Energy,Mr. Gautambhai Shantilal Adani S.Y. B.Com,"Ahmedabad, India",https://www.adanienterprises.com,2308.8,2238.85,2664840298496,77.06275,29.96,0.00059999997,3743.9,2025.0
2019-07-12 00:00:00+05:30,139.204112238125,2314.95,2213.75,138.51303100585938,1379552,0.0,0.0,ADANIENT.NS,Adani Enterprises Limited,Thermal Coal,Energy,Mr. Gautambhai Shantilal Adani S.Y. B.Com,"Ahmedabad, India",https://www.adanienterprises.com,2308.8,2238.85,2664840298496,77.06275,29.96,0.00059999997,3743.9,2025.0
2019-07-15 00:00:00+05:30,139.20410298283616,2314.95,2213.75,136.1929473876953,1379552,0.0,0.0,ADANIENT.NS,Adani Enterprises Limited,Thermal Coal,Energy,Mr. Gautambhai Shantilal Adani S.Y. B.Com,"Ahmedabad, India",https://www.adanienterprises.com,2308.8,2238.85,2664840298496,77.06275,29.96,0.00059999997,3743.9,2025.0
2019-07-16 00:00:00+05:30,136.1436020492421,2314.95,2213.75,138.3649444580078,1379552,0.0,0.0,ADANIENT.NS,Adani Enterprises Limited,Thermal Coal,Energy,Mr. Gautambhai Shantilal Adani S.Y. B.Com,"Ahmedabad, India",https://www.adanienterprises.com,2308.8,2238.85,2664840298496,77.06275,29.96,0.00059999997,3743.9,2025.0
2019-07-17 00:00:00+05:30,138.41428135765813,2314.95,2213.75,136.2916717529297,1379552,0.0,0.0,ADANIENT.NS,Adani Enterprises Limited,Thermal Coal,Energy,Mr. Gautambhai Shantilal Adani S.Y. B.Com,"Ahmedabad, India",https://www.adanienterprises.com,2308.8,2238.85,2664840298496,77.06275,29.96,0.00059999997,3743.9,2025.0
2019-07-18 00:00:00+05:30,135.9461283098024,2314.95,2213.75,132.49070739746094,1379552,0.0,0.0,ADANIENT.NS,Adani Enterprises Limited,Thermal Coal,Energy,Mr. Gautambhai Shantilal Adani S.Y. B.Com,"Ahmedabad, India",https://www.adanienterprises.com,2308.8,2238.85,2664840298496,77.06275,29.96,0.00059999997,3743.9,2025.0
2019-07-19 00:00:00+05:30,132.54010115044773,2314.95,2213.75,129.7263946533203,1379552,0.0,0.0,ADANIENT.NS,Adani Enterprises Limited,Thermal Coal,Energy,Mr. Gautambhai Shantilal Adani S.Y. B.Com,"Ahmedabad, India",https://www.adanienterprises.com,2308.8,2238.85,2664840298496,77.06275,29.96,0.00059999997,3743.9,2025.0
2019-07-22 00:00:00+05:30,129.08465948037357,2314.95,2213.75,129.9731903076172,1379552,0.0,0.0,ADANIENT.NS,Adani Enterprises Limited,Thermal Coal,Energy,Mr. Gautambhai Shantilal Adani S.Y. B.Com,"Ahmedabad, India",https://www.adanienterprises.com,2308.8,2238.85,2664840298496,77.06275,29.96,0.00059999997,3743.9,2025.0
2019-07-23 00:00:00+05:30,129.77574574059796,2314.95,2213.75,132.34263610839844,1379552,0.0,0.0,ADANIENT.NS,Adani Enterprises Limited,Thermal Coal,Energy,Mr. Gautambhai Shantilal Adani S.Y. B.Com,"Ahmedabad, India",https://www.adanienterprises.com,2308.8,2238.85,2664840298496,77.06275,29.96,0.00059999997,3743.9,2025.0
2019-07-24 00:00:00+05:30,131.7502634810338,2314.95,2213.75,128.14675903320312,1379552,0.0,0.0,ADANIENT.NS,Adani Enterprises Limited,Thermal Coal,Energy,Mr. Gautambhai Shantilal Adani S.Y. B.Com,"Ahmedabad, India",https://www.adanienterprises.com,2308.8,2238.85,2664840298496,77.06275,29.96,0.00059999997,3743.9,2025.0
2019-07-25 00:00:00+05:30,128.83784181045186,2314.95,2213.75,127.75184631347656,1379552,0.0,0.0,ADANIENT.NS,Adani Enterprises Limited,Thermal Coal,Energy,Mr. Gautambhai Shantilal Adani S.Y. B.Com,"Ahmedabad, India",https://www.adanienterprises.com,2308.8,2238.85,2664840298496,77.06275,29.96,0.00059999997,3743.9,2025.0
2019-07-26 00:00:00+05:30,127.7518474917073,2314.95,2213.75,130.170654296875,1379552,0.0,0.0,ADANIENT.NS,Adani Enterprises Limited,Thermal Coal,Energy,Mr. Gautambhai Shantilal Adani S.Y. B.Com,"Ahmedabad, India",https://www.adanienterprises.com,2308.8,2238.85,2664840298496,77.06275,29.96,0.00059999997,3743.9,2025.0
2019-07-29 00:00:00+05:30,129.72501127170133,2314.95,2213.75,128.19009399414062,1379552,0.4,0.0,ADANIENT.NS,Adani Enterprises Limited,Thermal Coal,Energy,Mr. Gautambhai Shantilal Adani S.Y. B.Com,"Ahmedabad, India",https://www.adanienterprises.com,2308.8,2238.85,2664840298496,77.06275,29.96,0.00059999997,3743.9,2025.0
2019-07-30 00:00:00+05:30,126.75422253669002,2314.95,2213.75,124.13001251220703,1379552,0.0,0.0,ADANIENT.NS,Adani Enterprises Limited,Thermal Coal,Energy,Mr. Gautambhai Shantilal Adani S.Y. B.Com,"Ahmedabad, India",https://www.adanienterprises.com,2308.8,2238.85,2664840298496,77.06275,29.96,0.00059999997,3743.9,2025.0
2019-07-31 00:00:00+05:30,123.78342850528911,2314.95,2213.75,127.54644775390625,1379552,0.0,0.0,ADANIENT.NS,Adani Enterprises Limited,Thermal Coal,Energy,Mr. Gautambhai Shantilal Adani S.Y. B.Com,"Ahmedabad, India",https://www.adanienterprises.com,2308.8,2238.85,2664840298496,77.06275,29.96,0.00059999997,3743.9,2025.0
2019-08-01 00:00:00+05:30,127.34840124396169,2314.95,2213.75,124.22904968261719,1379552,0.0,0.0,ADANIENT.NS,Adani Enterprises Limited,Thermal Coal,Energy,Mr. Gautambhai Shantilal Adani S.Y. B.Com,"Ahmedabad, India",https://www.adanienterprises.com,2308.8,2238.85,2664840298496,77.06275,29.96,0.00059999997,3743.9,2025.0
2019-08-02 00:00:00+05:30,123.68440354519977,2314.95,2213.75,126.85326385498047,1379552,0.0,0.0,ADANIENT.NS,Adani Enterprises Limited,Thermal Coal,Energy,Mr. Gautambhai Shantilal Adani S.Y. B.Com,"Ahmedabad, India",https://www.adanienterprises.com,2308.8,2238.85,2664840298496,77.06275,29.96,0.00059999997,3743.9,2025.0
2019-08-05 00:00:00+05:30,124.97174450334614,2314.95,2213.75,123.48634338378906,1379552,0.0,0.0,ADANIENT.NS,Adani Enterprises Limited,Thermal Coal,Energy,Mr. Gautambhai Shantilal Adani S.Y. B.Com,"Ahmedabad, India",https://www.adanienterprises.com,2308.8,2238.85,2664840298496,77.06275,29.96,0.00059999997,3743.9,2025.0
2019-08-06 00:00:00+05:30,122.79316544300777,2314.95,2213.75,126.95228576660156,1379552,0.0,0.0,ADANIENT.NS,Adani Enterprises Limited,Thermal Coal,Energy,Mr. Gautambhai Shantilal Adani S.Y. B.Com,"Ahmedabad, India",https://www.adanienterprises.com,2308.8,2238.85,2664840298496,77.06275,29.96,0.00059999997,3743.9,2025.0
2019-08-07 00:00:00+05:30,126.95228014414,2314.95,2213.75,124.3775863647461,1379552,0.0,0.0,ADANIENT.NS,Adani Enterprises Limited,Thermal Coal,Energy,Mr. Gautambhai Shantilal Adani S.Y. B.Com,"Ahmedabad, India",https://www.adanienterprises.com,2308.8,2238.85,2664840298496,77.06275,29.96,0.00059999997,3743.9,2025.0
2019-08-08 00:00:00+05:30,124.97173823549659,2314.95,2213.75,129.62599182128906,1379552,0.0,0.0,ADANIENT.NS,Adani Enterprises Limited,Thermal Coal,Energy,Mr. Gautambhai Shantilal Adani S.Y. B.Com,"Ahmedabad, India",https://www.adanienterprises.com,2308.8,2238.85,2664840298496,77.06275,29.96,0.00059999997,3743.9,2025.0
2019-08-09 00:00:00+05:30,133.38900705358557,2314.95,2213.75,131.11138916015625,1379552,0.0,0.0,ADANIENT.NS,Adani Enterprises Limited,Thermal Coal,Energy,Mr. Gautambhai Shantilal Adani S.Y. B.Com,"Ahmedabad, India",https://www.adanienterprises.com,2308.8,2238.85,2664840298496,77.06275,29.96,0.00059999997,3743.9,2025.0
2019-08-13 00:00:00+05:30,131.70556404762382,2314.95,2213.75,129.03184509277344,1379552,0.0,0.0,ADANIENT.NS,Adani Enterprises Limited,Thermal Coal,Energy,Mr. Gautambhai Shantilal Adani S.Y. B.Com,"Ahmedabad, India",https://www.adanienterprises.com,2308.8,2238.85,2664840298496,77.06275,29.96,0.00059999997,3743.9,2025.0
2019-08-14 00:00:00+05:30,129.62598479617606,2314.95,2213.75,129.37841796875,1379552,0.0,0.0,ADANIENT.NS,Adani Enterprises Limited,Thermal Coal,Energy,Mr. Gautambhai Shantilal Adani S.Y. B.Com,"Ahmedabad, India",https://www.adanienterprises.com,2308.8,2238.85,2664840298496,77.06275,29.96,0.00059999997,3743.9,2025.0
2019-08-16 00:00:00+05:30,128.73475413308145,2314.95,2213.75,131.55702209472656,1379552,0.0,0.0,ADANIENT.NS,Adani Enterprises Limited,Thermal Coal,Energy,Mr. Gautambhai Shantilal Adani S.Y. B.Com,"Ahmedabad, India",https://www.adanienterprises.com,2308.8,2238.85,2664840298496,77.06275,29.96,0.00059999997,3743.9,2025.0
2019-08-19 00:00:00+05:30,131.5075097606978,2314.95,2213.75,134.1812286376953,1379552,0.0,0.0,ADANIENT.NS,Adani Enterprises Limited,Thermal Coal,Energy,Mr. Gautambhai Shantilal Adani S.Y. B.Com,"Ahmedabad, India",https://www.adanienterprises.com,2308.8,2238.85,2664840298496,77.06275,29.96,0.00059999997,3743.9,2025.0
2019-08-20 00:00:00+05:30,134.37930460796804,2314.95,2213.75,134.3297882080078,1379552,0.0,0.0,ADANIENT.NS,Adani Enterprises Limited,Thermal Coal,Energy,Mr. Gautambhai Shantilal Adani S.Y. B.Com,"Ahmedabad, India",https://www.adanienterprises.com,2308.8,2238.85,2664840298496,77.06275,29.96,0.00059999997,3743.9,2025.0
2019-08-21 00:00:00+05:30,132.69582418172283,2314.95,2213.75,130.6162567138672,1379552,0.0,0.0,ADANIENT.NS,Adani Enterprises Limited,Thermal Coal,Energy,Mr. Gautambhai Shantilal Adani S.Y. B.Com,"Ahmedabad, India",https://www.adanienterprises.com,2308.8,2238.85,2664840298496,77.06275,29.96,0.00059999997,3743.9,2025.0
2019-08-22 00:00:00+05:30,129.6755184867336,2314.95,2213.75,125.6649398803711,1379552,0.0,0.0,ADANIENT.NS,Adani Enterprises Limited,Thermal Coal,Energy,Mr. Gautambhai Shantilal Adani S.Y. B.Com,"Ahmedabad, India",https://www.adanienterprises.com,2308.8,2238.85,2664840298496,77.06275,29.96,0.00059999997,3743.9,2025.0
2019-08-23 00:00:00+05:30,122.19899617417087,2314.95,2213.75,130.02210998535156,1379552,0.0,0.0,ADANIENT.NS,Adani Enterprises Limited,Thermal Coal,Energy,Mr. Gautambhai Shantilal Adani S.Y. B.Com,"Ahmedabad, India",https://www.adanienterprises.com,2308.8,2238.85,2664840298496,77.06275,29.96,0.00059999997,3743.9,2025.0
2019-08-26 00:00:00+05:30,130.8143501751847,2314.95,2213.75,133.88417053222656,1379552,0.0,0.0,ADANIENT.NS,Adani Enterprises Limited,Thermal Coal,Energy,Mr. Gautambhai Shantilal Adani S.Y. B.Com,"Ahmedabad, India",https://www.adanienterprises.com,2308.8,2238.85,2664840298496,77.06275,29.96,0.00059999997,3743.9,2025.0
2019-08-27 00:00:00+05:30,133.43854952158716,2314.95,2213.75,135.815185546875,1379552,0.0,0.0,ADANIENT.NS,Adani Enterprises Limited,Thermal Coal,Energy,Mr. Gautambhai Shantilal Adani S.Y. B.Com,"Ahmedabad, India",https://www.adanienterprises.com,2308.8,2238.85,2664840298496,77.06275,29.96,0.00059999997,3743.9,2025.0
2019-08-28 00:00:00+05:30,134.87442844353137,2314.95,2213.75,134.62686157226562,1379552,0.0,0.0,ADANIENT.NS,Adani Enterprises Limited,Thermal Coal,Energy,Mr. Gautambhai Shantilal Adani S.Y. B.Com,"Ahmedabad, India",https://www.adanienterprises.com,2308.8,2238.85,2664840298496,77.06275,29.96,0.00059999997,3743.9,2025.0
2019-08-29 00:00:00+05:30,136.6568941246459,2314.95,2213.75,131.0618896484375,1379552,0.0,0.0,ADANIENT.NS,Adani Enterprises Limited,Thermal Coal,Energy,Mr. Gautambhai Shantilal Adani S.Y. B.Com,"Ahmedabad, India",https://www.adanienterprises.com,2308.8,2238.85,2664840298496,77.06275,29.96,0.00059999997,3743.9,2025.0
2019-08-30 00:00:00+05:30,131.11139379835606,2314.95,2213.75,136.0132293701172,1379552,0.0,0.0,ADANIENT.NS,Adani Enterprises Limited,Thermal Coal,Energy,Mr. Gautambhai Shantilal Adani S.Y. B.Com,"Ahmedabad, India",https://www.adanienterprises.com,2308.8,2238.85,2664840298496,77.06275,29.96,0.00059999997,3743.9,2025.0
2019-09-03 00:00:00+05:30,134.28026968891115,2314.95,2213.75,133.9336700439453,1379552,0.0,0.0,ADANIENT.NS,Adani Enterprises Limited,Thermal Coal,Energy,Mr. Gautambhai Shantilal Adani S.Y. B.Com,"Ahmedabad, India",https://www.adanienterprises.com,2308.8,2238.85,2664840298496,77.06275,29.96,0.00059999997,3743.9,2025.0
2019-09-04 00:00:00+05:30,133.29001211936145,2314.95,2213.75,133.6365966796875,1379552,0.0,0.0,ADANIENT.NS,Adani Enterprises Limited,Thermal Coal,Energy,Mr. Gautambhai Shantilal Adani S.Y. B.Com,"Ahmedabad, India",https://www.adanienterprises.com,2308.8,2238.85,2664840298496,77.06275,29.96,0.00059999997,3743.9,2025.0
2019-09-05 00:00:00+05:30,133.68608674950363,2314.95,2213.75,134.4287872314453,1379552,0.0,0.0,ADANIENT.NS,Adani Enterprises Limited,Thermal Coal,Energy,Mr. Gautambhai Shantilal Adani S.Y. B.Com,"Ahmedabad, India",https://www.adanienterprises.com,2308.8,2238.85,2664840298496,77.06275,29.96,0.00059999997,3743.9,2025.0
2019-09-06 00:00:00+05:30,134.0821978766708,2314.95,2213.75,136.40933227539062,1379552,0.0,0.0,ADANIENT.NS,Adani Enterprises Limited,Thermal Coal,Energy,Mr. Gautambhai Shantilal Adani S.Y. B.Com,"Ahmedabad, India",https://www.adanienterprises.com,2308.8,2238.85,2664840298496,77.06275,29.96,0.00059999997,3743.9,2025.0
2019-09-09 00:00:00+05:30,136.45883645346862,2314.95,2213.75,139.52865600585938,1379552,0.0,0.0,ADANIENT.NS,Adani Enterprises Limited,Thermal Coal,Energy,Mr. Gautambhai Shantilal Adani S.Y. B.Com,"Ahmedabad, India",https://www.adanienterprises.com,2308.8,2238.85,2664840298496,77.06275,29.96,0.00059999997,3743.9,2025.0
2019-09-11 00:00:00+05:30,138.68695897254437,2314.95,2213.75,142.5489959716797,1379552,0.0,0.0,ADANIENT.NS,Adani Enterprises Limited,Thermal Coal,Energy,Mr. Gautambhai Shantilal Adani S.Y. B.Com,"Ahmedabad, India",https://www.adanienterprises.com,2308.8,2238.85,2664840298496,77.06275,29.96,0.00059999997,3743.9,2025.0
2019-09-12 00:00:00+05:30,143.44022958723383,2314.95,2213.75,141.65774536132812,1379552,0.0,0.0,ADANIENT.NS,Adani Enterprises Limited,Thermal Coal,Energy,Mr. Gautambhai Shantilal Adani S.Y. B.Com,"Ahmedabad, India",https://www.adanienterprises.com,2308.8,2238.85,2664840298496,77.06275,29.96,0.00059999997,3743.9,2025.0
2019-09-13 00:00:00+05:30,141.60824642541274,2314.95,2213.75,144.33148193359375,1379552,0.0,0.0,ADANIENT.NS,Adani Enterprises Limited,Thermal Coal,Energy,Mr. Gautambhai Shantilal Adani S.Y. B.Com,"Ahmedabad, India",https://www.adanienterprises.com,2308.8,2238.85,2664840298496,77.06275,29.96,0.00059999997,3743.9,2025.0
2019-09-16 00:00:00+05:30,142.59849227060508,2314.95,2213.75,144.52951049804688,1379552,0.0,0.0,ADANIENT.NS,Adani Enterprises Limited,Thermal Coal,Energy,Mr. Gautambhai Shantilal Adani S.Y. B.Com,"Ahmedabad, India",https://www.adanienterprises.com,2308.8,2238.85,2664840298496,77.06275,29.96,0.00059999997,3743.9,2025.0
2019-09-17 00:00:00+05:30,144.0839202615489,2314.95,2213.75,142.3509521484375,1379552,0.0,0.0,ADANIENT.NS,Adani Enterprises Limited,Thermal Coal,Energy,Mr. Gautambhai Shantilal Adani S.Y. B.Com,"Ahmedabad, India",https://www.adanienterprises.com,2308.8,2238.85,2664840298496,77.06275,29.96,0.00059999997,3743.9,2025.0
2019-09-18 00:00:00+05:30,142.59850572890016,2314.95,2213.75,142.74703979492188,1379552,0.0,0.0,ADANIENT.NS,Adani Enterprises Limited,Thermal Coal,Energy,Mr. Gautambhai Shantilal Adani S.Y. B.Com,"Ahmedabad, India",https://www.adanienterprises.com,2308.8,2238.85,2664840298496,77.06275,29.96,0.00059999997,3743.9,2025.0
2019-09-19 00:00:00+05:30,142.54899656123038,2314.95,2213.75,141.16262817382812,1379552,0.0,0.0,ADANIENT.NS,Adani Enterprises Limited,Thermal Coal,Energy,Mr. Gautambhai Shantilal Adani S.Y. B.Com,"Ahmedabad, India",https://www.adanienterprises.com,2308.8,2238.85,2664840298496,77.06275,29.96,0.00059999997,3743.9,2025.0
2019-09-20 00:00:00+05:30,141.60825726624324,2314.95,2213.75,147.64889526367188,1379552,0.0,0.0,ADANIENT.NS,Adani Enterprises Limited,Thermal Coal,Energy,Mr. Gautambhai Shantilal Adani S.Y. B.Com,"Ahmedabad, India",https://www.adanienterprises.com,2308.8,2238.85,2664840298496,77.06275,29.96,0.00059999997,3743.9,2025.0
2019-09-23 00:00:00+05:30,152.50118195545994,2314.95,2213.75,150.916748046875,1379552,0.0,0.0,ADANIENT.NS,Adani Enterprises Limited,Thermal Coal,Energy,Mr. Gautambhai Shantilal Adani S.Y. B.Com,"Ahmedabad, India",https://www.adanienterprises.com,2308.8,2238.85,2664840298496,77.06275,29.96,0.00059999997,3743.9,2025.0
2019-09-24 00:00:00+05:30,149.7779531888601,2314.95,2213.75,146.60910034179688,1379552,0.0,0.0,ADANIENT.NS,Adani Enterprises Limited,Thermal Coal,Energy,Mr. Gautambhai Shantilal Adani S.Y. B.Com,"Ahmedabad, India",https://www.adanienterprises.com,2308.8,2238.85,2664840298496,77.06275,29.96,0.00059999997,3743.9,2025.0
2019-09-25 00:00:00+05:30,148.24302142602915,2314.95,2213.75,146.11395263671875,1379552,0.0,0.0,ADANIENT.NS,Adani Enterprises Limited,Thermal Coal,Energy,Mr. Gautambhai Shantilal Adani S.Y. B.Com,"Ahmedabad, India",https://www.adanienterprises.com,2308.8,2238.85,2664840298496,77.06275,29.96,0.00059999997,3743.9,2025.0
2019-09-26 00:00:00+05:30,147.0052000052794,2314.95,2213.75,151.21383666992188,1379552,0.0,0.0,ADANIENT.NS,Adani Enterprises Limited,Thermal Coal,Energy,Mr. Gautambhai Shantilal Adani S.Y. B.Com,"Ahmedabad, India",https://www.adanienterprises.com,2308.8,2238.85,2664840298496,77.06275,29.96,0.00059999997,3743.9,2025.0
2019-09-27 00:00:00+05:30,151.2138373686584,2314.95,2213.75,147.99546813964844,1379552,0.0,0.0,ADANIENT.NS,Adani Enterprises Limited,Thermal Coal,Energy,Mr. Gautambhai Shantilal Adani S.Y. B.Com,"Ahmedabad, India",https://www.adanienterprises.com,2308.8,2238.85,2664840298496,77.06275,29.96,0.00059999997,3743.9,2025.0
2019-09-30 00:00:00+05:30,147.64888063915592,2314.95,2213.75,144.43051147460938,1379552,0.0,0.0,ADANIENT.NS,Adani Enterprises Limited,Thermal Coal,Energy,Mr. Gautambhai Shantilal Adani S.Y. B.Com,"Ahmedabad, India",https://www.adanienterprises.com,2308.8,2238.85,2664840298496,77.06275,29.96,0.00059999997,3743.9,2025.0
2019-10-01 00:00:00+05:30,144.6780745904412,2314.95,2213.75,142.2519073486328,1379552,0.0,0.0,ADANIENT.NS,Adani Enterprises Limited,Thermal Coal,Energy,Mr. Gautambhai Shantilal Adani S.Y. B.Com,"Ahmedabad, India",https://www.adanienterprises.com,2308.8,2238.85,2664840298496,77.06275,29.96,0.00059999997,3743.9,2025.0
2019-10-03 00:00:00+05:30,141.60824295605735,2314.95,2213.75,142.15289306640625,1379552,0.0,0.0,ADANIENT.NS,Adani Enterprises Limited,Thermal Coal,Energy,Mr. Gautambhai Shantilal Adani S.Y. B.Com,"Ahmedabad, India",https://www.adanienterprises.com,2308.8,2238.85,2664840298496,77.06275,29.96,0.00059999997,3743.9,2025.0
2019-10-04 00:00:00+05:30,142.54898911857745,2314.95,2213.75,138.63743591308594,1379552,0.0,0.0,ADANIENT.NS,Adani Enterprises Limited,Thermal Coal,Energy,Mr. Gautambhai Shantilal Adani S.Y. B.Com,"Ahmedabad, India",https://www.adanienterprises.com,2308.8,2238.85,2664840298496,77.06275,29.96,0.00059999997,3743.9,2025.0
2019-10-07 00:00:00+05:30,137.1025198523624,2314.95,2213.75,134.4783172607422,1379552,0.0,0.0,ADANIENT.NS,Adani Enterprises Limited,Thermal Coal,Energy,Mr. Gautambhai Shantilal Adani S.Y. B.Com,"Ahmedabad, India",https://www.adanienterprises.com,2308.8,2238.85,2664840298496,77.06275,29.96,0.00059999997,3743.9,2025.0
2019-10-09 00:00:00+05:30,133.6365849579259,2314.95,2213.75,137.6471710205078,1379552,0.0,0.0,ADANIENT.NS,Adani Enterprises Limited,Thermal Coal,Energy,Mr. Gautambhai Shantilal Adani S.Y. B.Com,"Ahmedabad, India",https://www.adanienterprises.com,2308.8,2238.85,2664840298496,77.06275,29.96,0.00059999997,3743.9,2025.0
2019-10-10 00:00:00+05:30,136.65691066589403,2314.95,2213.75,136.062744140625,1379552,0.0,0.0,ADANIENT.NS,Adani Enterprises Limited,Thermal Coal,Energy,Mr. Gautambhai Shantilal Adani S.Y. B.Com,"Ahmedabad, India",https://www.adanienterprises.com,2308.8,2238.85,2664840298496,77.06275,29.96,0.00059999997,3743.9,2025.0
2019-10-11 00:00:00+05:30,136.1122601979102,2314.95,2213.75,135.61712646484375,1379552,0.0,0.0,ADANIENT.NS,Adani Enterprises Limited,Thermal Coal,Energy,Mr. Gautambhai Shantilal Adani S.Y. B.Com,"Ahmedabad, India",https://www.adanienterprises.com,2308.8,2238.85,2664840298496,77.06275,29.96,0.00059999997,3743.9,2025.0
2019-10-14 00:00:00+05:30,136.55786314440022,2314.95,2213.75,145.6683349609375,1379552,0.0,0.0,ADANIENT.NS,Adani Enterprises Limited,Thermal Coal,Energy,Mr. Gautambhai Shantilal Adani S.Y. B.Com,"Ahmedabad, India",https://www.adanienterprises.com,2308.8,2238.85,2664840298496,77.06275,29.96,0.00059999997,3743.9,2025.0
2019-10-15 00:00:00+05:30,146.26248511546592,2314.95,2213.75,153.49143981933594,1379552,0.0,0.0,ADANIENT.NS,Adani Enterprises Limited,Thermal Coal,Energy,Mr. Gautambhai Shantilal Adani S.Y. B.Com,"Ahmedabad, India",https://www.adanienterprises.com,2308.8,2238.85,2664840298496,77.06275,29.96,0.00059999997,3743.9,2025.0
2019-10-16 00:00:00+05:30,153.49145260056844,2314.95,2213.75,158.59132385253906,1379552,0.0,0.0,ADANIENT.NS,Adani Enterprises Limited,Thermal Coal,Energy,Mr. Gautambhai Shantilal Adani S.Y. B.Com,"Ahmedabad, India",https://www.adanienterprises.com,2308.8,2238.85,2664840298496,77.06275,29.96,0.00059999997,3743.9,2025.0
2019-10-17 00:00:00+05:30,158.24472140188902,2314.95,2213.75,160.96795654296875,1379552,0.0,0.0,ADANIENT.NS,Adani Enterprises Limited,Thermal Coal,Energy,Mr. Gautambhai Shantilal Adani S.Y. B.Com,"Ahmedabad, India",https://www.adanienterprises.com,2308.8,2238.85,2664840298496,77.06275,29.96,0.00059999997,3743.9,2025.0
2019-10-18 00:00:00+05:30,173.1977626783164,2314.95,2213.75,173.3958282470703,1379552,0.0,0.0,ADANIENT.NS,Adani Enterprises Limited,Thermal Coal,Energy,Mr. Gautambhai Shantilal Adani S.Y. B.Com,"Ahmedabad, India",https://www.adanienterprises.com,2308.8,2238.85,2664840298496,77.06275,29.96,0.00059999997,3743.9,2025.0
2019-10-22 00:00:00+05:30,172.8016514511523,2314.95,2213.75,176.9112548828125,1379552,0.0,0.0,ADANIENT.NS,Adani Enterprises Limited,Thermal Coal,Energy,Mr. Gautambhai Shantilal Adani S.Y. B.Com,"Ahmedabad, India",https://www.adanienterprises.com,2308.8,2238.85,2664840298496,77.06275,29.96,0.00059999997,3743.9,2025.0
2019-10-23 00:00:00+05:30,177.0103147945745,2314.95,2213.75,174.73269653320312,1379552,0.0,0.0,ADANIENT.NS,Adani Enterprises Limited,Thermal Coal,Energy,Mr. Gautambhai Shantilal Adani S.Y. B.Com,"Ahmedabad, India",https://www.adanienterprises.com,2308.8,2238.85,2664840298496,77.06275,29.96,0.00059999997,3743.9,2025.0
2019-10-24 00:00:00+05:30,173.29678881767742,2314.95,2213.75,177.2578582763672,1379552,0.0,0.0,ADANIENT.NS,Adani Enterprises Limited,Thermal Coal,Energy,Mr. Gautambhai Shantilal Adani S.Y. B.Com,"Ahmedabad, India",https://www.adanienterprises.com,2308.8,2238.85,2664840298496,77.06275,29.96,0.00059999997,3743.9,2025.0
2019-10-25 00:00:00+05:30,177.75300750895684,2314.95,2213.75,179.53549194335938,1379552,0.0,0.0,ADANIENT.NS,Adani Enterprises Limited,Thermal Coal,Energy,Mr. Gautambhai Shantilal Adani S.Y. B.Com,"Ahmedabad, India",https://www.adanienterprises.com,2308.8,2238.85,2664840298496,77.06275,29.96,0.00059999997,3743.9,2025.0
2019-10-27 00:00:00+05:30,181.11991752549187,2314.95,2213.75,181.61505126953125,1379552,0.0,0.0,ADANIENT.NS,Adani Enterprises Limited,Thermal Coal,Energy,Mr. Gautambhai Shantilal Adani S.Y. B.Com,"Ahmedabad, India",https://www.adanienterprises.com,2308.8,2238.85,2664840298496,77.06275,29.96,0.00059999997,3743.9,2025.0
2019-10-29 00:00:00+05:30,181.02088043167493,2314.95,2213.75,193.64678955078125,1379552,0.0,0.0,ADANIENT.NS,Adani Enterprises Limited,Thermal Coal,Energy,Mr. Gautambhai Shantilal Adani S.Y. B.Com,"Ahmedabad, India",https://www.adanienterprises.com,2308.8,2238.85,2664840298496,77.06275,29.96,0.00059999997,3743.9,2025.0
2019-10-30 00:00:00+05:30,192.45848028057304,2314.95,2213.75,193.8448486328125,1379552,0.0,0.0,ADANIENT.NS,Adani Enterprises Limited,Thermal Coal,Energy,Mr. Gautambhai Shantilal Adani S.Y. B.Com,"Ahmedabad, India",https://www.adanienterprises.com,2308.8,2238.85,2664840298496,77.06275,29.96,0.00059999997,3743.9,2025.0
2019-10-31 00:00:00+05:30,194.785607912668,2314.95,2213.75,197.70689392089844,1379552,0.0,0.0,ADANIENT.NS,Adani Enterprises Limited,Thermal Coal,Energy,Mr. Gautambhai Shantilal Adani S.Y. B.Com,"Ahmedabad, India",https://www.adanienterprises.com,2308.8,2238.85,2664840298496,77.06275,29.96,0.00059999997,3743.9,2025.0
2019-11-01 00:00:00+05:30,197.0632301543821,2314.95,2213.75,198.49911499023438,1379552,0.0,0.0,ADANIENT.NS,Adani Enterprises Limited,Thermal Coal,Energy,Mr. Gautambhai Shantilal Adani S.Y. B.Com,"Ahmedabad, India",https://www.adanienterprises.com,2308.8,2238.85,2664840298496,77.06275,29.96,0.00059999997,3743.9,2025.0
2019-11-04 00:00:00+05:30,198.99421853739068,2314.95,2213.75,198.9447021484375,1379552,0.0,0.0,ADANIENT.NS,Adani Enterprises Limited,Thermal Coal,Energy,Mr. Gautambhai Shantilal Adani S.Y. B.Com,"Ahmedabad, India",https://www.adanienterprises.com,2308.8,2238.85,2664840298496,77.06275,29.96,0.00059999997,3743.9,2025.0
2019-11-05 00:00:00+05:30,198.05347918265238,2314.95,2213.75,198.59812927246094,1379552,0.0,0.0,ADANIENT.NS,Adani Enterprises Limited,Thermal Coal,Energy,Mr. Gautambhai Shantilal Adani S.Y. B.Com,"Ahmedabad, India",https://www.adanienterprises.com,2308.8,2238.85,2664840298496,77.06275,29.96,0.00059999997,3743.9,2025.0
2019-11-06 00:00:00+05:30,197.06320961547044,2314.95,2213.75,205.52999877929688,1379552,0.0,0.0,ADANIENT.NS,Adani Enterprises Limited,Thermal Coal,Energy,Mr. Gautambhai Shantilal Adani S.Y. B.Com,"Ahmedabad, India",https://www.adanienterprises.com,2308.8,2238.85,2664840298496,77.06275,29.96,0.00059999997,3743.9,2025.0
2019-11-07 00:00:00+05:30,205.8765762117431,2314.95,2213.75,207.11441040039062,1379552,0.0,0.0,ADANIENT.NS,Adani Enterprises Limited,Thermal Coal,Energy,Mr. Gautambhai Shantilal Adani S.Y. B.Com,"Ahmedabad, India",https://www.adanienterprises.com,2308.8,2238.85,2664840298496,77.06275,29.96,0.00059999997,3743.9,2025.0
2019-11-08 00:00:00+05:30,206.66881428429244,2314.95,2213.75,206.025146484375,1379552,0.0,0.0,ADANIENT.NS,Adani Enterprises Limited,Thermal Coal,Energy,Mr. Gautambhai Shantilal Adani S.Y. B.Com,"Ahmedabad, India",https://www.adanienterprises.com,2308.8,2238.85,2664840298496,77.06275,29.96,0.00059999997,3743.9,2025.0
2019-11-11 00:00:00+05:30,204.93584522764436,2314.95,2213.75,208.7978973388672,1379552,0.0,0.0,ADANIENT.NS,Adani Enterprises Limited,Thermal Coal,Energy,Mr. Gautambhai Shantilal Adani S.Y. B.Com,"Ahmedabad, India",https://www.adanienterprises.com,2308.8,2238.85,2664840298496,77.06275,29.96,0.00059999997,3743.9,2025.0
2019-11-13 00:00:00+05:30,206.9659031498006,2314.95,2213.75,196.27101135253906,1379552,0.0,0.0,ADANIENT.NS,Adani Enterprises Limited,Thermal Coal,Energy,Mr. Gautambhai Shantilal Adani S.Y. B.Com,"Ahmedabad, India",https://www.adanienterprises.com,2308.8,2238.85,2664840298496,77.06275,29.96,0.00059999997,3743.9,2025.0
2019-11-14 00:00:00+05:30,194.3399944018423,2314.95,2213.75,200.33111572265625,1379552,0.0,0.0,ADANIENT.NS,Adani Enterprises Limited,Thermal Coal,Energy,Mr. Gautambhai Shantilal Adani S.Y. B.Com,"Ahmedabad, India",https://www.adanienterprises.com,2308.8,2238.85,2664840298496,77.06275,29.96,0.00059999997,3743.9,2025.0
2019-11-15 00:00:00+05:30,200.03403519264222,2314.95,2213.75,201.61846923828125,1379552,0.0,0.0,ADANIENT.NS,Adani Enterprises Limited,Thermal Coal,Energy,Mr. Gautambhai Shantilal Adani S.Y. B.Com,"Ahmedabad, India",https://www.adanienterprises.com,2308.8,2238.85,2664840298496,77.06275,29.96,0.00059999997,3743.9,2025.0
2019-11-18 00:00:00+05:30,201.81650906496188,2314.95,2213.75,199.19229125976562,1379552,0.0,0.0,ADANIENT.NS,Adani Enterprises Limited,Thermal Coal,Energy,Mr. Gautambhai Shantilal Adani S.Y. B.Com,"Ahmedabad, India",https://www.adanienterprises.com,2308.8,2238.85,2664840298496,77.06275,29.96,0.00059999997,3743.9,2025.0
2019-11-19 00:00:00+05:30,200.0340268709037,2314.95,2213.75,197.75640869140625,1379552,0.0,0.0,ADANIENT.NS,Adani Enterprises Limited,Thermal Coal,Energy,Mr. Gautambhai Shantilal Adani S.Y. B.Com,"Ahmedabad, India",https://www.adanienterprises.com,2308.8,2238.85,2664840298496,77.06275,29.96,0.00059999997,3743.9,2025.0
2019-11-20 00:00:00+05:30,196.5680758978262,2314.95,2213.75,203.697998046875,1379552,0.0,0.0,ADANIENT.NS,Adani Enterprises Limited,Thermal Coal,Energy,Mr. Gautambhai Shantilal Adani S.Y. B.Com,"Ahmedabad, India",https://www.adanienterprises.com,2308.8,2238.85,2664840298496,77.06275,29.96,0.00059999997,3743.9,2025.0
2019-11-21 00:00:00+05:30,204.88633792626686,2314.95,2213.75,203.49996948242188,1379552,0.0,0.0,ADANIENT.NS,Adani Enterprises Limited,Thermal Coal,Energy,Mr. Gautambhai Shantilal Adani S.Y. B.Com,"Ahmedabad, India",https://www.adanienterprises.com,2308.8,2238.85,2664840298496,77.06275,29.96,0.00059999997,3743.9,2025.0
2019-11-22 00:00:00+05:30,202.75724501865594,2314.95,2213.75,201.4698944091797,1379552,0.0,0.0,ADANIENT.NS,Adani Enterprises Limited,Thermal Coal,Energy,Mr. Gautambhai Shantilal Adani S.Y. B.Com,"Ahmedabad, India",https://www.adanienterprises.com,2308.8,2238.85,2664840298496,77.06275,29.96,0.00059999997,3743.9,2025.0
2019-11-25 00:00:00+05:30,199.93498538026344,2314.95,2213.75,213.1055450439453,1379552,0.0,0.0,ADANIENT.NS,Adani Enterprises Limited,Thermal Coal,Energy,Mr. Gautambhai Shantilal Adani S.Y. B.Com,"Ahmedabad, India",https://www.adanienterprises.com,2308.8,2238.85,2664840298496,77.06275,29.96,0.00059999997,3743.9,2025.0
2019-11-26 00:00:00+05:30,212.65992721137596,2314.95,2213.75,208.55032348632812,1379552,0.0,0.0,ADANIENT.NS,Adani Enterprises Limited,Thermal Coal,Energy,Mr. Gautambhai Shantilal Adani S.Y. B.Com,"Ahmedabad, India",https://www.adanienterprises.com,2308.8,2238.85,2664840298496,77.06275,29.96,0.00059999997,3743.9,2025.0
2019-11-27 00:00:00+05:30,207.85710336894226,2314.95,2213.75,211.47158813476562,1379552,0.0,0.0,ADANIENT.NS,Adani Enterprises Limited,Thermal Coal,Energy,Mr. Gautambhai Shantilal Adani S.Y. B.Com,"Ahmedabad, India",https://www.adanienterprises.com,2308.8,2238.85,2664840298496,77.06275,29.96,0.00059999997,3743.9,2025.0
2019-11-28 00:00:00+05:30,210.72893295493088,2314.95,2213.75,211.02601623535156,1379552,0.0,0.0,ADANIENT.NS,Adani Enterprises Limited,Thermal Coal,Energy,Mr. Gautambhai Shantilal Adani S.Y. B.Com,"Ahmedabad, India",https://www.adanienterprises.com,2308.8,2238.85,2664840298496,77.06275,29.96,0.00059999997,3743.9,2025.0
2019-11-29 00:00:00+05:30,210.33280302305883,2314.95,2213.75,212.8084716796875,1379552,0.0,0.0,ADANIENT.NS,Adani Enterprises Limited,Thermal Coal,Energy,Mr. Gautambhai Shantilal Adani S.Y. B.Com,"Ahmedabad, India",https://www.adanienterprises.com,2308.8,2238.85,2664840298496,77.06275,29.96,0.00059999997,3743.9,2025.0
2019-12-02 00:00:00+05:30,209.9366989500785,2314.95,2213.75,206.9658966064453,1379552,0.0,0.0,ADANIENT.NS,Adani Enterprises Limited,Thermal Coal,Energy,Mr. Gautambhai Shantilal Adani S.Y. B.Com,"Ahmedabad, India",https://www.adanienterprises.com,2308.8,2238.85,2664840298496,77.06275,29.96,0.00059999997,3743.9,2025.0
2019-12-03 00:00:00+05:30,205.97562146986806,2314.95,2213.75,205.82708740234375,1379552,0.0,0.0,ADANIENT.NS,Adani Enterprises Limited,Thermal Coal,Energy,Mr. Gautambhai Shantilal Adani S.Y. B.Com,"Ahmedabad, India",https://www.adanienterprises.com,2308.8,2238.85,2664840298496,77.06275,29.96,0.00059999997,3743.9,2025.0
2019-12-04 00:00:00+05:30,203.79705148596796,2314.95,2213.75,210.38232421875,1379552,0.0,0.0,ADANIENT.NS,Adani Enterprises Limited,Thermal Coal,Energy,Mr. Gautambhai Shantilal Adani S.Y. B.Com,"Ahmedabad, India",https://www.adanienterprises.com,2308.8,2238.85,2664840298496,77.06275,29.96,0.00059999997,3743.9,2025.0
2019-12-05 00:00:00+05:30,210.9269554277872,2314.95,2213.75,206.37171936035156,1379552,0.0,0.0,ADANIENT.NS,Adani Enterprises Limited,Thermal Coal,Energy,Mr. Gautambhai Shantilal Adani S.Y. B.Com,"Ahmedabad, India",https://www.adanienterprises.com,2308.8,2238.85,2664840298496,77.06275,29.96,0.00059999997,3743.9,2025.0
2019-12-06 00:00:00+05:30,206.42125293662994,2314.95,2213.75,204.490234375,1379552,0.0,0.0,ADANIENT.NS,Adani Enterprises Limited,Thermal Coal,Energy,Mr. Gautambhai Shantilal Adani S.Y. B.Com,"Ahmedabad, India",https://www.adanienterprises.com,2308.8,2238.85,2664840298496,77.06275,29.96,0.00059999997,3743.9,2025.0
2019-12-09 00:00:00+05:30,203.89608203481123,2314.95,2213.75,205.43099975585938,1379552,0.0,0.0,ADANIENT.NS,Adani Enterprises Limited,Thermal Coal,Energy,Mr. Gautambhai Shantilal Adani S.Y. B.Com,"Ahmedabad, India",https://www.adanienterprises.com,2308.8,2238.85,2664840298496,77.06275,29.96,0.00059999997,3743.9,2025.0
2019-12-10 00:00:00+05:30,205.43096976835406,2314.95,2213.75,202.2126007080078,1379552,0.0,0.0,ADANIENT.NS,Adani Enterprises Limited,Thermal Coal,Energy,Mr. Gautambhai Shantilal Adani S.Y. B.Com,"Ahmedabad, India",https://www.adanienterprises.com,2308.8,2238.85,2664840298496,77.06275,29.96,0.00059999997,3743.9,2025.0
2019-12-11 00:00:00+05:30,201.12332731450283,2314.95,2213.75,204.1436309814453,1379552,0.0,0.0,ADANIENT.NS,Adani Enterprises Limited,Thermal Coal,Energy,Mr. Gautambhai Shantilal Adani S.Y. B.Com,"Ahmedabad, India",https://www.adanienterprises.com,2308.8,2238.85,2664840298496,77.06275,29.96,0.00059999997,3743.9,2025.0
2019-12-12 00:00:00+05:30,204.88632834645736,2314.95,2213.75,208.35226440429688,1379552,0.0,0.0,ADANIENT.NS,Adani Enterprises Limited,Thermal Coal,Energy,Mr. Gautambhai Shantilal Adani S.Y. B.Com,"Ahmedabad, India",https://www.adanienterprises.com,2308.8,2238.85,2664840298496,77.06275,29.96,0.00059999997,3743.9,2025.0
2019-12-13 00:00:00+05:30,208.4512835827292,2314.95,2213.75,210.13473510742188,1379552,0.0,0.0,ADANIENT.NS,Adani Enterprises Limited,Thermal Coal,Energy,Mr. Gautambhai Shantilal Adani S.Y. B.Com,"Ahmedabad, India",https://www.adanienterprises.com,2308.8,2238.85,2664840298496,77.06275,29.96,0.00059999997,3743.9,2025.0
2019-12-16 00:00:00+05:30,210.03572787689555,2314.95,2213.75,208.4512939453125,1379552,0.0,0.0,ADANIENT.NS,Adani Enterprises Limited,Thermal Coal,Energy,Mr. Gautambhai Shantilal Adani S.Y. B.Com,"Ahmedabad, India",https://www.adanienterprises.com,2308.8,2238.85,2664840298496,77.06275,29.96,0.00059999997,3743.9,2025.0
2019-12-17 00:00:00+05:30,208.45130127056152,2314.95,2213.75,209.1444854736328,1379552,0.0,0.0,ADANIENT.NS,Adani Enterprises Limited,Thermal Coal,Energy,Mr. Gautambhai Shantilal Adani S.Y. B.Com,"Ahmedabad, India",https://www.adanienterprises.com,2308.8,2238.85,2664840298496,77.06275,29.96,0.00059999997,3743.9,2025.0
2019-12-18 00:00:00+05:30,209.7386149215806,2314.95,2213.75,206.12413024902344,1379552,0.0,0.0,ADANIENT.NS,Adani Enterprises Limited,Thermal Coal,Energy,Mr. Gautambhai Shantilal Adani S.Y. B.Com,"Ahmedabad, India",https://www.adanienterprises.com,2308.8,2238.85,2664840298496,77.06275,29.96,0.00059999997,3743.9,2025.0
2019-12-19 00:00:00+05:30,205.6290241259661,2314.95,2213.75,208.5008087158203,1379552,0.0,0.0,ADANIENT.NS,Adani Enterprises Limited,Thermal Coal,Energy,Mr. Gautambhai Shantilal Adani S.Y. B.Com,"Ahmedabad, India",https://www.adanienterprises.com,2308.8,2238.85,2664840298496,77.06275,29.96,0.00059999997,3743.9,2025.0
2019-12-20 00:00:00+05:30,207.95616055119098,2314.95,2213.75,216.67051696777344,1379552,0.0,0.0,ADANIENT.NS,Adani Enterprises Limited,Thermal Coal,Energy,Mr. Gautambhai Shantilal Adani S.Y. B.Com,"Ahmedabad, India",https://www.adanienterprises.com,2308.8,2238.85,2664840298496,77.06275,29.96,0.00059999997,3743.9,2025.0
2019-12-23 00:00:00+05:30,215.63073634982035,2314.95,2213.75,212.46188354492188,1379552,0.0,0.0,ADANIENT.NS,Adani Enterprises Limited,Thermal Coal,Energy,Mr. Gautambhai Shantilal Adani S.Y. B.Com,"Ahmedabad, India",https://www.adanienterprises.com,2308.8,2238.85,2664840298496,77.06275,29.96,0.00059999997,3743.9,2025.0
2019-12-24 00:00:00+05:30,212.46186316151628,2314.95,2213.75,207.11441040039062,1379552,0.0,0.0,ADANIENT.NS,Adani Enterprises Limited,Thermal Coal,Energy,Mr. Gautambhai Shantilal Adani S.Y. B.Com,"Ahmedabad, India",https://www.adanienterprises.com,2308.8,2238.85,2664840298496,77.06275,29.96,0.00059999997,3743.9,2025.0
2019-12-26 00:00:00+05:30,206.91636657714844,2314.95,2213.75,206.91636657714844,1379552,0.0,0.0,ADANIENT.NS,Adani Enterprises Limited,Thermal Coal,Energy,Mr. Gautambhai Shantilal Adani S.Y. B.Com,"Ahmedabad, India",https://www.adanienterprises.com,2308.8,2238.85,2664840298496,77.06275,29.96,0.00059999997,3743.9,2025.0
2019-12-27 00:00:00+05:30,207.0154097537873,2314.95,2213.75,207.06492614746094,1379552,0.0,0.0,ADANIENT.NS,Adani Enterprises Limited,Thermal Coal,Energy,Mr. Gautambhai Shantilal Adani S.Y. B.Com,"Ahmedabad, India",https://www.adanienterprises.com,2308.8,2238.85,2664840298496,77.06275,29.96,0.00059999997,3743.9,2025.0
2019-12-30 00:00:00+05:30,207.8571121501129,2314.95,2213.75,206.61927795410156,1379552,0.0,0.0,ADANIENT.NS,Adani Enterprises Limited,Thermal Coal,Energy,Mr. Gautambhai Shantilal Adani S.Y. B.Com,"Ahmedabad, India",https://www.adanienterprises.com,2308.8,2238.85,2664840298496,77.06275,29.96,0.00059999997,3743.9,2025.0
2019-12-31 00:00:00+05:30,206.6688043741682,2314.95,2213.75,206.3222198486328,1379552,0.0,0.0,ADANIENT.NS,Adani Enterprises Limited,Thermal Coal,Energy,Mr. Gautambhai Shantilal Adani S.Y. B.Com,"Ahmedabad, India",https://www.adanienterprises.com,2308.8,2238.85,2664840298496,77.06275,29.96,0.00059999997,3743.9,2025.0
2020-01-01 00:00:00+05:30,206.96588888078088,2314.95,2213.75,205.82708740234375,1379552,0.0,0.0,ADANIENT.NS,Adani Enterprises Limited,Thermal Coal,Energy,Mr. Gautambhai Shantilal Adani S.Y. B.Com,"Ahmedabad, India",https://www.adanienterprises.com,2308.8,2238.85,2664840298496,77.06275,29.96,0.00059999997,3743.9,2025.0
2020-01-02 00:00:00+05:30,205.97563260939097,2314.95,2213.75,209.1444854736328,1379552,0.0,0.0,ADANIENT.NS,Adani Enterprises Limited,Thermal Coal,Energy,Mr. Gautambhai Shantilal Adani S.Y. B.Com,"Ahmedabad, India",https://www.adanienterprises.com,2308.8,2238.85,2664840298496,77.06275,29.96,0.00059999997,3743.9,2025.0
2020-01-03 00:00:00+05:30,208.20372351074624,2314.95,2213.75,206.272705078125,1379552,0.0,0.0,ADANIENT.NS,Adani Enterprises Limited,Thermal Coal,Energy,Mr. Gautambhai Shantilal Adani S.Y. B.Com,"Ahmedabad, India",https://www.adanienterprises.com,2308.8,2238.85,2664840298496,77.06275,29.96,0.00059999997,3743.9,2025.0
2020-01-06 00:00:00+05:30,205.72803822137348,2314.95,2213.75,197.60784912109375,1379552,0.0,0.0,ADANIENT.NS,Adani Enterprises Limited,Thermal Coal,Energy,Mr. Gautambhai Shantilal Adani S.Y. B.Com,"Ahmedabad, India",https://www.adanienterprises.com,2308.8,2238.85,2664840298496,77.06275,29.96,0.00059999997,3743.9,2025.0
2020-01-07 00:00:00+05:30,198.59815065519447,2314.95,2213.75,202.0640869140625,1379552,0.0,0.0,ADANIENT.NS,Adani Enterprises Limited,Thermal Coal,Energy,Mr. Gautambhai Shantilal Adani S.Y. B.Com,"Ahmedabad, India",https://www.adanienterprises.com,2308.8,2238.85,2664840298496,77.06275,29.96,0.00059999997,3743.9,2025.0
2020-01-08 00:00:00+05:30,199.04373047783713,2314.95,2213.75,199.5388641357422,1379552,0.0,0.0,ADANIENT.NS,Adani Enterprises Limited,Thermal Coal,Energy,Mr. Gautambhai Shantilal Adani S.Y. B.Com,"Ahmedabad, India",https://www.adanienterprises.com,2308.8,2238.85,2664840298496,77.06275,29.96,0.00059999997,3743.9,2025.0
2020-01-09 00:00:00+05:30,199.93497935146576,2314.95,2213.75,205.97561645507812,1379552,0.0,0.0,ADANIENT.NS,Adani Enterprises Limited,Thermal Coal,Energy,Mr. Gautambhai Shantilal Adani S.Y. B.Com,"Ahmedabad, India",https://www.adanienterprises.com,2308.8,2238.85,2664840298496,77.06275,29.96,0.00059999997,3743.9,2025.0
2020-01-10 00:00:00+05:30,205.97562592776865,2314.95,2213.75,207.06492614746094,1379552,0.0,0.0,ADANIENT.NS,Adani Enterprises Limited,Thermal Coal,Energy,Mr. Gautambhai Shantilal Adani S.Y. B.Com,"Ahmedabad, India",https://www.adanienterprises.com,2308.8,2238.85,2664840298496,77.06275,29.96,0.00059999997,3743.9,2025.0
2020-01-13 00:00:00+05:30,208.59983235631464,2314.95,2213.75,211.52113342285156,1379552,0.0,0.0,ADANIENT.NS,Adani Enterprises Limited,Thermal Coal,Energy,Mr. Gautambhai Shantilal Adani S.Y. B.Com,"Ahmedabad, India",https://www.adanienterprises.com,2308.8,2238.85,2664840298496,77.06275,29.96,0.00059999997,3743.9,2025.0
2020-01-14 00:00:00+05:30,211.37257473156242,2314.95,2213.75,212.26382446289062,1379552,0.0,0.0,ADANIENT.NS,Adani Enterprises Limited,Thermal Coal,Energy,Mr. Gautambhai Shantilal Adani S.Y. B.Com,"Ahmedabad, India",https://www.adanienterprises.com,2308.8,2238.85,2664840298496,77.06275,29.96,0.00059999997,3743.9,2025.0
2020-01-15 00:00:00+05:30,212.41236048528867,2314.95,2213.75,214.49192810058594,1379552,0.0,0.0,ADANIENT.NS,Adani Enterprises Limited,Thermal Coal,Energy,Mr. Gautambhai Shantilal Adani S.Y. B.Com,"Ahmedabad, India",https://www.adanienterprises.com,2308.8,2238.85,2664840298496,77.06275,29.96,0.00059999997,3743.9,2025.0
2020-01-16 00:00:00+05:30,215.58120766575448,2314.95,2213.75,217.85882568359375,1379552,0.0,0.0,ADANIENT.NS,Adani Enterprises Limited,Thermal Coal,Energy,Mr. Gautambhai Shantilal Adani S.Y. B.Com,"Ahmedabad, India",https://www.adanienterprises.com,2308.8,2238.85,2664840298496,77.06275,29.96,0.00059999997,3743.9,2025.0
2020-01-17 00:00:00+05:30,213.89776798115392,2314.95,2213.75,226.1770782470703,1379552,0.0,0.0,ADANIENT.NS,Adani Enterprises Limited,Thermal Coal,Energy,Mr. Gautambhai Shantilal Adani S.Y. B.Com,"Ahmedabad, India",https://www.adanienterprises.com,2308.8,2238.85,2664840298496,77.06275,29.96,0.00059999997,3743.9,2025.0
2020-01-20 00:00:00+05:30,227.31589510958466,2314.95,2213.75,224.3450927734375,1379552,0.0,0.0,ADANIENT.NS,Adani Enterprises Limited,Thermal Coal,Energy,Mr. Gautambhai Shantilal Adani S.Y. B.Com,"Ahmedabad, India",https://www.adanienterprises.com,2308.8,2238.85,2664840298496,77.06275,29.96,0.00059999997,3743.9,2025.0
2020-01-21 00:00:00+05:30,222.1665071537687,2314.95,2213.75,222.06747436523438,1379552,0.0,0.0,ADANIENT.NS,Adani Enterprises Limited,Thermal Coal,Energy,Mr. Gautambhai Shantilal Adani S.Y. B.Com,"Ahmedabad, India",https://www.adanienterprises.com,2308.8,2238.85,2664840298496,77.06275,29.96,0.00059999997,3743.9,2025.0
2020-01-22 00:00:00+05:30,222.6121308619374,2314.95,2213.75,223.701416015625,1379552,0.0,0.0,ADANIENT.NS,Adani Enterprises Limited,Thermal Coal,Energy,Mr. Gautambhai Shantilal Adani S.Y. B.Com,"Ahmedabad, India",https://www.adanienterprises.com,2308.8,2238.85,2664840298496,77.06275,29.96,0.00059999997,3743.9,2025.0
2020-01-23 00:00:00+05:30,223.80044853927004,2314.95,2213.75,227.36541748046875,1379552,0.0,0.0,ADANIENT.NS,Adani Enterprises Limited,Thermal Coal,Energy,Mr. Gautambhai Shantilal Adani S.Y. B.Com,"Ahmedabad, India",https://www.adanienterprises.com,2308.8,2238.85,2664840298496,77.06275,29.96,0.00059999997,3743.9,2025.0
2020-01-24 00:00:00+05:30,223.30530987263245,2314.95,2213.75,227.51394653320312,1379552,0.0,0.0,ADANIENT.NS,Adani Enterprises Limited,Thermal Coal,Energy,Mr. Gautambhai Shantilal Adani S.Y. B.Com,"Ahmedabad, India",https://www.adanienterprises.com,2308.8,2238.85,2664840298496,77.06275,29.96,0.00059999997,3743.9,2025.0
2020-01-27 00:00:00+05:30,227.26638373984278,2314.95,2213.75,228.30616760253906,1379552,0.0,0.0,ADANIENT.NS,Adani Enterprises Limited,Thermal Coal,Energy,Mr. Gautambhai Shantilal Adani S.Y. B.Com,"Ahmedabad, India",https://www.adanienterprises.com,2308.8,2238.85,2664840298496,77.06275,29.96,0.00059999997,3743.9,2025.0
2020-01-28 00:00:00+05:30,229.98961008516383,2314.95,2213.75,227.6624755859375,1379552,0.0,0.0,ADANIENT.NS,Adani Enterprises Limited,Thermal Coal,Energy,Mr. Gautambhai Shantilal Adani S.Y. B.Com,"Ahmedabad, India",https://www.adanienterprises.com,2308.8,2238.85,2664840298496,77.06275,29.96,0.00059999997,3743.9,2025.0
2020-01-29 00:00:00+05:30,229.4449570420214,2314.95,2213.75,230.03912353515625,1379552,0.0,0.0,ADANIENT.NS,Adani Enterprises Limited,Thermal Coal,Energy,Mr. Gautambhai Shantilal Adani S.Y. B.Com,"Ahmedabad, India",https://www.adanienterprises.com,2308.8,2238.85,2664840298496,77.06275,29.96,0.00059999997,3743.9,2025.0
2020-01-30 00:00:00+05:30,230.03911940568503,2314.95,2213.75,229.2469024658203,1379552,0.0,0.0,ADANIENT.NS,Adani Enterprises Limited,Thermal Coal,Energy,Mr. Gautambhai Shantilal Adani S.Y. B.Com,"Ahmedabad, India",https://www.adanienterprises.com,2308.8,2238.85,2664840298496,77.06275,29.96,0.00059999997,3743.9,2025.0
2020-01-31 00:00:00+05:30,228.75177544275925,2314.95,2213.75,227.21685791015625,1379552,0.0,0.0,ADANIENT.NS,Adani Enterprises Limited,Thermal Coal,Energy,Mr. Gautambhai Shantilal Adani S.Y. B.Com,"Ahmedabad, India",https://www.adanienterprises.com,2308.8,2238.85,2664840298496,77.06275,29.96,0.00059999997,3743.9,2025.0
2020-02-03 00:00:00+05:30,219.5422779714878,2314.95,2213.75,218.75006103515625,1379552,0.0,0.0,ADANIENT.NS,Adani Enterprises Limited,Thermal Coal,Energy,Mr. Gautambhai Shantilal Adani S.Y. B.Com,"Ahmedabad, India",https://www.adanienterprises.com,2308.8,2238.85,2664840298496,77.06275,29.96,0.00059999997,3743.9,2025.0
2020-02-04 00:00:00+05:30,220.48304639867737,2314.95,2213.75,223.25579833984375,1379552,0.0,0.0,ADANIENT.NS,Adani Enterprises Limited,Thermal Coal,Energy,Mr. Gautambhai Shantilal Adani S.Y. B.Com,"Ahmedabad, India",https://www.adanienterprises.com,2308.8,2238.85,2664840298496,77.06275,29.96,0.00059999997,3743.9,2025.0
2020-02-05 00:00:00+05:30,224.54312823260273,2314.95,2213.75,233.95066833496094,1379552,0.0,0.0,ADANIENT.NS,Adani Enterprises Limited,Thermal Coal,Energy,Mr. Gautambhai Shantilal Adani S.Y. B.Com,"Ahmedabad, India",https://www.adanienterprises.com,2308.8,2238.85,2664840298496,77.06275,29.96,0.00059999997,3743.9,2025.0
2020-02-06 00:00:00+05:30,235.08946149447542,2314.95,2213.75,234.19822692871094,1379552,0.0,0.0,ADANIENT.NS,Adani Enterprises Limited,Thermal Coal,Energy,Mr. Gautambhai Shantilal Adani S.Y. B.Com,"Ahmedabad, India",https://www.adanienterprises.com,2308.8,2238.85,2664840298496,77.06275,29.96,0.00059999997,3743.9,2025.0
2020-02-07 00:00:00+05:30,234.0992170127521,2314.95,2213.75,237.16905212402344,1379552,0.0,0.0,ADANIENT.NS,Adani Enterprises Limited,Thermal Coal,Energy,Mr. Gautambhai Shantilal Adani S.Y. B.Com,"Ahmedabad, India",https://www.adanienterprises.com,2308.8,2238.85,2664840298496,77.06275,29.96,0.00059999997,3743.9,2025.0
2020-02-10 00:00:00+05:30,237.1690396423964,2314.95,2213.75,242.12037658691406,1379552,0.0,0.0,ADANIENT.NS,Adani Enterprises Limited,Thermal Coal,Energy,Mr. Gautambhai Shantilal Adani S.Y. B.Com,"Ahmedabad, India",https://www.adanienterprises.com,2308.8,2238.85,2664840298496,77.06275,29.96,0.00059999997,3743.9,2025.0
2020-02-11 00:00:00+05:30,242.81354961899268,2314.95,2213.75,242.91258239746094,1379552,0.0,0.0,ADANIENT.NS,Adani Enterprises Limited,Thermal Coal,Energy,Mr. Gautambhai Shantilal Adani S.Y. B.Com,"Ahmedabad, India",https://www.adanienterprises.com,2308.8,2238.85,2664840298496,77.06275,29.96,0.00059999997,3743.9,2025.0
2020-02-12 00:00:00+05:30,243.50675611719421,2314.95,2213.75,247.269775390625,1379552,0.0,0.0,ADANIENT.NS,Adani Enterprises Limited,Thermal Coal,Energy,Mr. Gautambhai Shantilal Adani S.Y. B.Com,"Ahmedabad, India",https://www.adanienterprises.com,2308.8,2238.85,2664840298496,77.06275,29.96,0.00059999997,3743.9,2025.0
2020-02-13 00:00:00+05:30,247.36881133822703,2314.95,2213.75,249.00274658203125,1379552,0.0,0.0,ADANIENT.NS,Adani Enterprises Limited,Thermal Coal,Energy,Mr. Gautambhai Shantilal Adani S.Y. B.Com,"Ahmedabad, India",https://www.adanienterprises.com,2308.8,2238.85,2664840298496,77.06275,29.96,0.00059999997,3743.9,2025.0
2020-02-14 00:00:00+05:30,250.04252758347118,2314.95,2213.75,253.65699768066406,1379552,0.0,0.0,ADANIENT.NS,Adani Enterprises Limited,Thermal Coal,Energy,Mr. Gautambhai Shantilal Adani S.Y. B.Com,"Ahmedabad, India",https://www.adanienterprises.com,2308.8,2238.85,2664840298496,77.06275,29.96,0.00059999997,3743.9,2025.0
2020-02-17 00:00:00+05:30,254.3997124206533,2314.95,2213.75,250.04254150390625,1379552,0.0,0.0,ADANIENT.NS,Adani Enterprises Limited,Thermal Coal,Energy,Mr. Gautambhai Shantilal Adani S.Y. B.Com,"Ahmedabad, India",https://www.adanienterprises.com,2308.8,2238.85,2664840298496,77.06275,29.96,0.00059999997,3743.9,2025.0
2020-02-18 00:00:00+05:30,249.2008022037688,2314.95,2213.75,247.022216796875,1379552,0.0,0.0,ADANIENT.NS,Adani Enterprises Limited,Thermal Coal,Energy,Mr. Gautambhai Shantilal Adani S.Y. B.Com,"Ahmedabad, India",https://www.adanienterprises.com,2308.8,2238.85,2664840298496,77.06275,29.96,0.00059999997,3743.9,2025.0
2020-02-19 00:00:00+05:30,247.56685392124447,2314.95,2213.75,251.52792358398438,1379552,0.0,0.0,ADANIENT.NS,Adani Enterprises Limited,Thermal Coal,Energy,Mr. Gautambhai Shantilal Adani S.Y. B.Com,"Ahmedabad, India",https://www.adanienterprises.com,2308.8,2238.85,2664840298496,77.06275,29.96,0.00059999997,3743.9,2025.0
2020-02-20 00:00:00+05:30,250.735705542086,2314.95,2213.75,256.1326599121094,1379552,0.0,0.0,ADANIENT.NS,Adani Enterprises Limited,Thermal Coal,Energy,Mr. Gautambhai Shantilal Adani S.Y. B.Com,"Ahmedabad, India",https://www.adanienterprises.com,2308.8,2238.85,2664840298496,77.06275,29.96,0.00059999997,3743.9,2025.0
2020-02-24 00:00:00+05:30,252.32013450252103,2314.95,2213.75,244.84361267089844,1379552,0.0,0.0,ADANIENT.NS,Adani Enterprises Limited,Thermal Coal,Energy,Mr. Gautambhai Shantilal Adani S.Y. B.Com,"Ahmedabad, India",https://www.adanienterprises.com,2308.8,2238.85,2664840298496,77.06275,29.96,0.00059999997,3743.9,2025.0
2020-02-25 00:00:00+05:30,247.3687933526707,2314.95,2213.75,244.0513916015625,1379552,0.0,0.0,ADANIENT.NS,Adani Enterprises Limited,Thermal Coal,Energy,Mr. Gautambhai Shantilal Adani S.Y. B.Com,"Ahmedabad, India",https://www.adanienterprises.com,2308.8,2238.85,2664840298496,77.06275,29.96,0.00059999997,3743.9,2025.0
2020-02-26 00:00:00+05:30,241.62525332071905,2314.95,2213.75,240.4369354248047,1379552,0.0,0.0,ADANIENT.NS,Adani Enterprises Limited,Thermal Coal,Energy,Mr. Gautambhai Shantilal Adani S.Y. B.Com,"Ahmedabad, India",https://www.adanienterprises.com,2308.8,2238.85,2664840298496,77.06275,29.96,0.00059999997,3743.9,2025.0
2020-02-27 00:00:00+05:30,239.10006415506567,2314.95,2213.75,231.87110900878906,1379552,0.0,0.0,ADANIENT.NS,Adani Enterprises Limited,Thermal Coal,Energy,Mr. Gautambhai Shantilal Adani S.Y. B.Com,"Ahmedabad, India",https://www.adanienterprises.com,2308.8,2238.85,2664840298496,77.06275,29.96,0.00059999997,3743.9,2025.0
2020-02-28 00:00:00+05:30,218.84909179322074,2314.95,2213.75,216.52195739746094,1379552,0.0,0.0,ADANIENT.NS,Adani Enterprises Limited,Thermal Coal,Energy,Mr. Gautambhai Shantilal Adani S.Y. B.Com,"Ahmedabad, India",https://www.adanienterprises.com,2308.8,2238.85,2664840298496,77.06275,29.96,0.00059999997,3743.9,2025.0
2020-03-02 00:00:00+05:30,220.8296439313508,2314.95,2213.75,216.47247314453125,1379552,0.0,0.0,ADANIENT.NS,Adani Enterprises Limited,Thermal Coal,Energy,Mr. Gautambhai Shantilal Adani S.Y. B.Com,"Ahmedabad, India",https://www.adanienterprises.com,2308.8,2238.85,2664840298496,77.06275,29.96,0.00059999997,3743.9,2025.0
2020-03-03 00:00:00+05:30,218.84910142461325,2314.95,2213.75,223.55287170410156,1379552,0.0,0.0,ADANIENT.NS,Adani Enterprises Limited,Thermal Coal,Energy,Mr. Gautambhai Shantilal Adani S.Y. B.Com,"Ahmedabad, India",https://www.adanienterprises.com,2308.8,2238.85,2664840298496,77.06275,29.96,0.00059999997,3743.9,2025.0
2020-03-04 00:00:00+05:30,223.8994881424692,2314.95,2213.75,218.94815063476562,1379552,0.0,0.0,ADANIENT.NS,Adani Enterprises Limited,Thermal Coal,Energy,Mr. Gautambhai Shantilal Adani S.Y. B.Com,"Ahmedabad, India",https://www.adanienterprises.com,2308.8,2238.85,2664840298496,77.06275,29.96,0.00059999997,3743.9,2025.0
2020-03-05 00:00:00+05:30,221.57234707975334,2314.95,2213.75,219.59181213378906,1379552,0.0,0.0,ADANIENT.NS,Adani Enterprises Limited,Thermal Coal,Energy,Mr. Gautambhai Shantilal Adani S.Y. B.Com,"Ahmedabad, India",https://www.adanienterprises.com,2308.8,2238.85,2664840298496,77.06275,29.96,0.00059999997,3743.9,2025.0
2020-03-06 00:00:00+05:30,213.00652700752167,2314.95,2213.75,212.65992736816406,1379552,0.0,0.0,ADANIENT.NS,Adani Enterprises Limited,Thermal Coal,Energy,Mr. Gautambhai Shantilal Adani S.Y. B.Com,"Ahmedabad, India",https://www.adanienterprises.com,2308.8,2238.85,2664840298496,77.06275,29.96,0.00059999997,3743.9,2025.0
2020-03-09 00:00:00+05:30,204.98536416968844,2314.95,2213.75,197.75640869140625,1379552,0.0,0.0,ADANIENT.NS,Adani Enterprises Limited,Thermal Coal,Energy,Mr. Gautambhai Shantilal Adani S.Y. B.Com,"Ahmedabad, India",https://www.adanienterprises.com,2308.8,2238.85,2664840298496,77.06275,29.96,0.00059999997,3743.9,2025.0
2020-03-11 00:00:00+05:30,195.47878384154342,2314.95,2213.75,193.8448486328125,1379552,0.0,0.0,ADANIENT.NS,Adani Enterprises Limited,Thermal Coal,Energy,Mr. Gautambhai Shantilal Adani S.Y. B.Com,"Ahmedabad, India",https://www.adanienterprises.com,2308.8,2238.85,2664840298496,77.06275,29.96,0.00059999997,3743.9,2025.0
2020-03-12 00:00:00+05:30,178.34716564135957,2314.95,2213.75,160.5718536376953,1379552,0.0,0.0,ADANIENT.NS,Adani Enterprises Limited,Thermal Coal,Energy,Mr. Gautambhai Shantilal Adani S.Y. B.Com,"Ahmedabad, India",https://www.adanienterprises.com,2308.8,2238.85,2664840298496,77.06275,29.96,0.00059999997,3743.9,2025.0
2020-03-13 00:00:00+05:30,144.52953982462307,2314.95,2213.75,147.3022918701172,1379552,0.0,0.0,ADANIENT.NS,Adani Enterprises Limited,Thermal Coal,Energy,Mr. Gautambhai Shantilal Adani S.Y. B.Com,"Ahmedabad, India",https://www.adanienterprises.com,2308.8,2238.85,2664840298496,77.06275,29.96,0.00059999997,3743.9,2025.0
2020-03-16 00:00:00+05:30,139.62771079983585,2314.95,2213.75,133.38902282714844,1379552,0.0,0.0,ADANIENT.NS,Adani Enterprises Limited,Thermal Coal,Energy,Mr. Gautambhai Shantilal Adani S.Y. B.Com,"Ahmedabad, India",https://www.adanienterprises.com,2308.8,2238.85,2664840298496,77.06275,29.96,0.00059999997,3743.9,2025.0
2020-03-17 00:00:00+05:30,134.37928742591836,2314.95,2213.75,132.10166931152344,1379552,0.0,0.0,ADANIENT.NS,Adani Enterprises Limited,Thermal Coal,Energy,Mr. Gautambhai Shantilal Adani S.Y. B.Com,"Ahmedabad, India",https://www.adanienterprises.com,2308.8,2238.85,2664840298496,77.06275,29.96,0.00059999997,3743.9,2025.0
2020-03-18 00:00:00+05:30,134.57733684514494,2314.95,2213.75,128.9328155517578,1379552,0.0,0.0,ADANIENT.NS,Adani Enterprises Limited,Thermal Coal,Energy,Mr. Gautambhai Shantilal Adani S.Y. B.Com,"Ahmedabad, India",https://www.adanienterprises.com,2308.8,2238.85,2664840298496,77.06275,29.96,0.00059999997,3743.9,2025.0
2020-03-19 00:00:00+05:30,119.82235560674701,2314.95,2213.75,127.64546203613281,1379552,0.0,0.0,ADANIENT.NS,Adani Enterprises Limited,Thermal Coal,Energy,Mr. Gautambhai Shantilal Adani S.Y. B.Com,"Ahmedabad, India",https://www.adanienterprises.com,2308.8,2238.85,2664840298496,77.06275,29.96,0.00059999997,3743.9,2025.0
2020-03-20 00:00:00+05:30,136.65690074595202,2314.95,2213.75,136.3598175048828,1379552,0.0,0.0,ADANIENT.NS,Adani Enterprises Limited,Thermal Coal,Energy,Mr. Gautambhai Shantilal Adani S.Y. B.Com,"Ahmedabad, India",https://www.adanienterprises.com,2308.8,2238.85,2664840298496,77.06275,29.96,0.00059999997,3743.9,2025.0
2020-03-23 00:00:00+05:30,122.7437952665355,2314.95,2213.75,120.5991439819336,1379552,1.0,0.0,ADANIENT.NS,Adani Enterprises Limited,Thermal Coal,Energy,Mr. Gautambhai Shantilal Adani S.Y. B.Com,"Ahmedabad, India",https://www.adanienterprises.com,2308.8,2238.85,2664840298496,77.06275,29.96,0.00059999997,3743.9,2025.0
2020-03-24 00:00:00+05:30,124.6889419613519,2314.95,2213.75,130.025634765625,1379552,0.0,0.0,ADANIENT.NS,Adani Enterprises Limited,Thermal Coal,Energy,Mr. Gautambhai Shantilal Adani S.Y. B.Com,"Ahmedabad, India",https://www.adanienterprises.com,2308.8,2238.85,2664840298496,77.06275,29.96,0.00059999997,3743.9,2025.0
2020-03-25 00:00:00+05:30,125.68643915808855,2314.95,2213.75,131.97076416015625,1379552,0.0,0.0,ADANIENT.NS,Adani Enterprises Limited,Thermal Coal,Energy,Mr. Gautambhai Shantilal Adani S.Y. B.Com,"Ahmedabad, India",https://www.adanienterprises.com,2308.8,2238.85,2664840298496,77.06275,29.96,0.00059999997,3743.9,2025.0
2020-03-26 00:00:00+05:30,134.66406511112967,2314.95,2213.75,139.9010009765625,1379552,0.0,0.0,ADANIENT.NS,Adani Enterprises Limited,Thermal Coal,Energy,Mr. Gautambhai Shantilal Adani S.Y. B.Com,"Ahmedabad, India",https://www.adanienterprises.com,2308.8,2238.85,2664840298496,77.06275,29.96,0.00059999997,3743.9,2025.0
2020-03-27 00:00:00+05:30,145.6366798877716,2314.95,2213.75,127.68147277832031,1379552,0.0,0.0,ADANIENT.NS,Adani Enterprises Limited,Thermal Coal,Energy,Mr. Gautambhai Shantilal Adani S.Y. B.Com,"Ahmedabad, India",https://www.adanienterprises.com,2308.8,2238.85,2664840298496,77.06275,29.96,0.00059999997,3743.9,2025.0
2020-03-30 00:00:00+05:30,123.69142910122648,2314.95,2213.75,128.37973022460938,1379552,0.0,0.0,ADANIENT.NS,Adani Enterprises Limited,Thermal Coal,Energy,Mr. Gautambhai Shantilal Adani S.Y. B.Com,"Ahmedabad, India",https://www.adanienterprises.com,2308.8,2238.85,2664840298496,77.06275,29.96,0.00059999997,3743.9,2025.0
2020-03-31 00:00:00+05:30,131.37225684449623,2314.95,2213.75,137.25758361816406,1379552,0.0,0.0,ADANIENT.NS,Adani Enterprises Limited,Thermal Coal,Energy,Mr. Gautambhai Shantilal Adani S.Y. B.Com,"Ahmedabad, India",https://www.adanienterprises.com,2308.8,2238.85,2664840298496,77.06275,29.96,0.00059999997,3743.9,2025.0
2020-04-01 00:00:00+05:30,138.60422643709333,2314.95,2213.75,133.61666870117188,1379552,0.0,0.0,ADANIENT.NS,Adani Enterprises Limited,Thermal Coal,Energy,Mr. Gautambhai Shantilal Adani S.Y. B.Com,"Ahmedabad, India",https://www.adanienterprises.com,2308.8,2238.85,2664840298496,77.06275,29.96,0.00059999997,3743.9,2025.0
2020-04-03 00:00:00+05:30,133.66654562898074,2314.95,2213.75,128.72886657714844,1379552,0.0,0.0,ADANIENT.NS,Adani Enterprises Limited,Thermal Coal,Energy,Mr. Gautambhai Shantilal Adani S.Y. B.Com,"Ahmedabad, India",https://www.adanienterprises.com,2308.8,2238.85,2664840298496,77.06275,29.96,0.00059999997,3743.9,2025.0
2020-04-07 00:00:00+05:30,130.6739974759764,2314.95,2213.75,137.8061981201172,1379552,0.0,0.0,ADANIENT.NS,Adani Enterprises Limited,Thermal Coal,Energy,Mr. Gautambhai Shantilal Adani S.Y. B.Com,"Ahmedabad, India",https://www.adanienterprises.com,2308.8,2238.85,2664840298496,77.06275,29.96,0.00059999997,3743.9,2025.0
2020-04-08 00:00:00+05:30,136.5094431296375,2314.95,2213.75,137.75633239746094,1379552,0.0,0.0,ADANIENT.NS,Adani Enterprises Limited,Thermal Coal,Energy,Mr. Gautambhai Shantilal Adani S.Y. B.Com,"Ahmedabad, India",https://www.adanienterprises.com,2308.8,2238.85,2664840298496,77.06275,29.96,0.00059999997,3743.9,2025.0
2020-04-09 00:00:00+05:30,139.65161971861914,2314.95,2213.75,142.09552001953125,1379552,0.0,0.0,ADANIENT.NS,Adani Enterprises Limited,Thermal Coal,Energy,Mr. Gautambhai Shantilal Adani S.Y. B.Com,"Ahmedabad, India",https://www.adanienterprises.com,2308.8,2238.85,2664840298496,77.06275,29.96,0.00059999997,3743.9,2025.0
2020-04-13 00:00:00+05:30,141.6466419794788,2314.95,2213.75,145.63668823242188,1379552,0.0,0.0,ADANIENT.NS,Adani Enterprises Limited,Thermal Coal,Energy,Mr. Gautambhai Shantilal Adani S.Y. B.Com,"Ahmedabad, India",https://www.adanienterprises.com,2308.8,2238.85,2664840298496,77.06275,29.96,0.00059999997,3743.9,2025.0
2020-04-15 00:00:00+05:30,147.68158513424268,2314.95,2213.75,144.8885498046875,1379552,0.0,0.0,ADANIENT.NS,Adani Enterprises Limited,Thermal Coal,Energy,Mr. Gautambhai Shantilal Adani S.Y. B.Com,"Ahmedabad, India",https://www.adanienterprises.com,2308.8,2238.85,2664840298496,77.06275,29.96,0.00059999997,3743.9,2025.0
2020-04-16 00:00:00+05:30,141.64662199912706,2314.95,2213.75,142.94338989257812,1379552,0.0,0.0,ADANIENT.NS,Adani Enterprises Limited,Thermal Coal,Energy,Mr. Gautambhai Shantilal Adani S.Y. B.Com,"Ahmedabad, India",https://www.adanienterprises.com,2308.8,2238.85,2664840298496,77.06275,29.96,0.00059999997,3743.9,2025.0
2020-04-17 00:00:00+05:30,146.58429821142627,2314.95,2213.75,143.54188537597656,1379552,0.0,0.0,ADANIENT.NS,Adani Enterprises Limited,Thermal Coal,Energy,Mr. Gautambhai Shantilal Adani S.Y. B.Com,"Ahmedabad, India",https://www.adanienterprises.com,2308.8,2238.85,2664840298496,77.06275,29.96,0.00059999997,3743.9,2025.0
2020-04-20 00:00:00+05:30,145.6366906171759,2314.95,2213.75,146.33494567871094,1379552,0.0,0.0,ADANIENT.NS,Adani Enterprises Limited,Thermal Coal,Energy,Mr. Gautambhai Shantilal Adani S.Y. B.Com,"Ahmedabad, India",https://www.adanienterprises.com,2308.8,2238.85,2664840298496,77.06275,29.96,0.00059999997,3743.9,2025.0
2020-04-21 00:00:00+05:30,142.6441539194886,2314.95,2213.75,135.6116943359375,1379552,0.0,0.0,ADANIENT.NS,Adani Enterprises Limited,Thermal Coal,Energy,Mr. Gautambhai Shantilal Adani S.Y. B.Com,"Ahmedabad, India",https://www.adanienterprises.com,2308.8,2238.85,2664840298496,77.06275,29.96,0.00059999997,3743.9,2025.0
2020-04-22 00:00:00+05:30,135.66155918646706,2314.95,2213.75,137.25758361816406,1379552,0.0,0.0,ADANIENT.NS,Adani Enterprises Limited,Thermal Coal,Energy,Mr. Gautambhai Shantilal Adani S.Y. B.Com,"Ahmedabad, India",https://www.adanienterprises.com,2308.8,2238.85,2664840298496,77.06275,29.96,0.00059999997,3743.9,2025.0
2020-04-23 00:00:00+05:30,140.15037536621094,2314.95,2213.75,140.15037536621094,1379552,0.0,0.0,ADANIENT.NS,Adani Enterprises Limited,Thermal Coal,Energy,Mr. Gautambhai Shantilal Adani S.Y. B.Com,"Ahmedabad, India",https://www.adanienterprises.com,2308.8,2238.85,2664840298496,77.06275,29.96,0.00059999997,3743.9,2025.0
2020-04-24 00:00:00+05:30,136.80868951802574,2314.95,2213.75,134.31491088867188,1379552,0.0,0.0,ADANIENT.NS,Adani Enterprises Limited,Thermal Coal,Energy,Mr. Gautambhai Shantilal Adani S.Y. B.Com,"Ahmedabad, India",https://www.adanienterprises.com,2308.8,2238.85,2664840298496,77.06275,29.96,0.00059999997,3743.9,2025.0
2020-04-27 00:00:00+05:30,136.0605844970676,2314.95,2213.75,134.26507568359375,1379552,0.0,0.0,ADANIENT.NS,Adani Enterprises Limited,Thermal Coal,Energy,Mr. Gautambhai Shantilal Adani S.Y. B.Com,"Ahmedabad, India",https://www.adanienterprises.com,2308.8,2238.85,2664840298496,77.06275,29.96,0.00059999997,3743.9,2025.0
2020-04-28 00:00:00+05:30,135.61168429525912,2314.95,2213.75,138.95335388183594,1379552,0.0,0.0,ADANIENT.NS,Adani Enterprises Limited,Thermal Coal,Energy,Mr. Gautambhai Shantilal Adani S.Y. B.Com,"Ahmedabad, India",https://www.adanienterprises.com,2308.8,2238.85,2664840298496,77.06275,29.96,0.00059999997,3743.9,2025.0
2020-04-29 00:00:00+05:30,139.65161832857302,2314.95,2213.75,139.15286254882812,1379552,0.0,0.0,ADANIENT.NS,Adani Enterprises Limited,Thermal Coal,Energy,Mr. Gautambhai Shantilal Adani S.Y. B.Com,"Ahmedabad, India",https://www.adanienterprises.com,2308.8,2238.85,2664840298496,77.06275,29.96,0.00059999997,3743.9,2025.0
2020-04-30 00:00:00+05:30,141.0979895778773,2314.95,2213.75,141.04811096191406,1379552,0.0,0.0,ADANIENT.NS,Adani Enterprises Limited,Thermal Coal,Energy,Mr. Gautambhai Shantilal Adani S.Y. B.Com,"Ahmedabad, India",https://www.adanienterprises.com,2308.8,2238.85,2664840298496,77.06275,29.96,0.00059999997,3743.9,2025.0
2020-05-04 00:00:00+05:30,136.55931838868392,2314.95,2213.75,131.22264099121094,1379552,0.0,0.0,ADANIENT.NS,Adani Enterprises Limited,Thermal Coal,Energy,Mr. Gautambhai Shantilal Adani S.Y. B.Com,"Ahmedabad, India",https://www.adanienterprises.com,2308.8,2238.85,2664840298496,77.06275,29.96,0.00059999997,3743.9,2025.0
2020-05-05 00:00:00+05:30,134.6640611354264,2314.95,2213.75,132.36978149414062,1379552,0.0,0.0,ADANIENT.NS,Adani Enterprises Limited,Thermal Coal,Energy,Mr. Gautambhai Shantilal Adani S.Y. B.Com,"Ahmedabad, India",https://www.adanienterprises.com,2308.8,2238.85,2664840298496,77.06275,29.96,0.00059999997,3743.9,2025.0
2020-05-06 00:00:00+05:30,133.31740977820255,2314.95,2213.75,132.9184112548828,1379552,0.0,0.0,ADANIENT.NS,Adani Enterprises Limited,Thermal Coal,Energy,Mr. Gautambhai Shantilal Adani S.Y. B.Com,"Ahmedabad, India",https://www.adanienterprises.com,2308.8,2238.85,2664840298496,77.06275,29.96,0.00059999997,3743.9,2025.0
2020-05-07 00:00:00+05:30,130.77376886516006,2314.95,2213.75,134.56430053710938,1379552,0.0,0.0,ADANIENT.NS,Adani Enterprises Limited,Thermal Coal,Energy,Mr. Gautambhai Shantilal Adani S.Y. B.Com,"Ahmedabad, India",https://www.adanienterprises.com,2308.8,2238.85,2664840298496,77.06275,29.96,0.00059999997,3743.9,2025.0
2020-05-08 00:00:00+05:30,136.55932267845773,2314.95,2213.75,136.80870056152344,1379552,0.0,0.0,ADANIENT.NS,Adani Enterprises Limited,Thermal Coal,Energy,Mr. Gautambhai Shantilal Adani S.Y. B.Com,"Ahmedabad, India",https://www.adanienterprises.com,2308.8,2238.85,2664840298496,77.06275,29.96,0.00059999997,3743.9,2025.0
2020-05-11 00:00:00+05:30,137.5069699957625,2314.95,2213.75,139.7014923095703,1379552,0.0,0.0,ADANIENT.NS,Adani Enterprises Limited,Thermal Coal,Energy,Mr. Gautambhai Shantilal Adani S.Y. B.Com,"Ahmedabad, India",https://www.adanienterprises.com,2308.8,2238.85,2664840298496,77.06275,29.96,0.00059999997,3743.9,2025.0
2020-05-12 00:00:00+05:30,138.15535449364268,2314.95,2213.75,139.55186462402344,1379552,0.0,0.0,ADANIENT.NS,Adani Enterprises Limited,Thermal Coal,Energy,Mr. Gautambhai Shantilal Adani S.Y. B.Com,"Ahmedabad, India",https://www.adanienterprises.com,2308.8,2238.85,2664840298496,77.06275,29.96,0.00059999997,3743.9,2025.0
2020-05-13 00:00:00+05:30,144.6391774588056,2314.95,2213.75,140.7987518310547,1379552,0.0,0.0,ADANIENT.NS,Adani Enterprises Limited,Thermal Coal,Energy,Mr. Gautambhai Shantilal Adani S.Y. B.Com,"Ahmedabad, India",https://www.adanienterprises.com,2308.8,2238.85,2664840298496,77.06275,29.96,0.00059999997,3743.9,2025.0
2020-05-14 00:00:00+05:30,139.2027308100276,2314.95,2213.75,140.5493621826172,1379552,0.0,0.0,ADANIENT.NS,Adani Enterprises Limited,Thermal Coal,Energy,Mr. Gautambhai Shantilal Adani S.Y. B.Com,"Ahmedabad, India",https://www.adanienterprises.com,2308.8,2238.85,2664840298496,77.06275,29.96,0.00059999997,3743.9,2025.0
2020-05-15 00:00:00+05:30,141.0481403285396,2314.95,2213.75,140.6990203857422,1379552,0.0,0.0,ADANIENT.NS,Adani Enterprises Limited,Thermal Coal,Energy,Mr. Gautambhai Shantilal Adani S.Y. B.Com,"Ahmedabad, India",https://www.adanienterprises.com,2308.8,2238.85,2664840298496,77.06275,29.96,0.00059999997,3743.9,2025.0
2020-05-18 00:00:00+05:30,144.4396590106645,2314.95,2213.75,135.56179809570312,1379552,0.0,0.0,ADANIENT.NS,Adani Enterprises Limited,Thermal Coal,Energy,Mr. Gautambhai Shantilal Adani S.Y. B.Com,"Ahmedabad, India",https://www.adanienterprises.com,2308.8,2238.85,2664840298496,77.06275,29.96,0.00059999997,3743.9,2025.0
2020-05-19 00:00:00+05:30,137.45709016202073,2314.95,2213.75,139.35235595703125,1379552,0.0,0.0,ADANIENT.NS,Adani Enterprises Limited,Thermal Coal,Energy,Mr. Gautambhai Shantilal Adani S.Y. B.Com,"Ahmedabad, India",https://www.adanienterprises.com,2308.8,2238.85,2664840298496,77.06275,29.96,0.00059999997,3743.9,2025.0
2020-05-20 00:00:00+05:30,139.15285808387617,2314.95,2213.75,140.99826049804688,1379552,0.0,0.0,ADANIENT.NS,Adani Enterprises Limited,Thermal Coal,Energy,Mr. Gautambhai Shantilal Adani S.Y. B.Com,"Ahmedabad, India",https://www.adanienterprises.com,2308.8,2238.85,2664840298496,77.06275,29.96,0.00059999997,3743.9,2025.0
2020-05-21 00:00:00+05:30,141.84614544668904,2314.95,2213.75,137.9558563232422,1379552,0.0,0.0,ADANIENT.NS,Adani Enterprises Limited,Thermal Coal,Energy,Mr. Gautambhai Shantilal Adani S.Y. B.Com,"Ahmedabad, India",https://www.adanienterprises.com,2308.8,2238.85,2664840298496,77.06275,29.96,0.00059999997,3743.9,2025.0
2020-05-22 00:00:00+05:30,137.65657516770855,2314.95,2213.75,137.75633239746094,1379552,0.0,0.0,ADANIENT.NS,Adani Enterprises Limited,Thermal Coal,Energy,Mr. Gautambhai Shantilal Adani S.Y. B.Com,"Ahmedabad, India",https://www.adanienterprises.com,2308.8,2238.85,2664840298496,77.06275,29.96,0.00059999997,3743.9,2025.0
2020-05-26 00:00:00+05:30,138.65410676908323,2314.95,2213.75,139.15286254882812,1379552,0.0,0.0,ADANIENT.NS,Adani Enterprises Limited,Thermal Coal,Energy,Mr. Gautambhai Shantilal Adani S.Y. B.Com,"Ahmedabad, India",https://www.adanienterprises.com,2308.8,2238.85,2664840298496,77.06275,29.96,0.00059999997,3743.9,2025.0
2020-05-27 00:00:00+05:30,139.40223474705473,2314.95,2213.75,140.6491241455078,1379552,0.0,0.0,ADANIENT.NS,Adani Enterprises Limited,Thermal Coal,Energy,Mr. Gautambhai Shantilal Adani S.Y. B.Com,"Ahmedabad, India",https://www.adanienterprises.com,2308.8,2238.85,2664840298496,77.06275,29.96,0.00059999997,3743.9,2025.0
2020-05-28 00:00:00+05:30,141.34738051998588,2314.95,2213.75,142.29501342773438,1379552,0.0,0.0,ADANIENT.NS,Adani Enterprises Limited,Thermal Coal,Energy,Mr. Gautambhai Shantilal Adani S.Y. B.Com,"Ahmedabad, India",https://www.adanienterprises.com,2308.8,2238.85,2664840298496,77.06275,29.96,0.00059999997,3743.9,2025.0
2020-05-29 00:00:00+05:30,140.74889120420485,2314.95,2213.75,147.98085021972656,1379552,0.0,0.0,ADANIENT.NS,Adani Enterprises Limited,Thermal Coal,Energy,Mr. Gautambhai Shantilal Adani S.Y. B.Com,"Ahmedabad, India",https://www.adanienterprises.com,2308.8,2238.85,2664840298496,77.06275,29.96,0.00059999997,3743.9,2025.0
2020-06-01 00:00:00+05:30,149.62673250622925,2314.95,2213.75,150.12548828125,1379552,0.0,0.0,ADANIENT.NS,Adani Enterprises Limited,Thermal Coal,Energy,Mr. Gautambhai Shantilal Adani S.Y. B.Com,"Ahmedabad, India",https://www.adanienterprises.com,2308.8,2238.85,2664840298496,77.06275,29.96,0.00059999997,3743.9,2025.0
2020-06-02 00:00:00+05:30,150.6242487246776,2314.95,2213.75,149.5768585205078,1379552,0.0,0.0,ADANIENT.NS,Adani Enterprises Limited,Thermal Coal,Energy,Mr. Gautambhai Shantilal Adani S.Y. B.Com,"Ahmedabad, India",https://www.adanienterprises.com,2308.8,2238.85,2664840298496,77.06275,29.96,0.00059999997,3743.9,2025.0
2020-06-03 00:00:00+05:30,151.3723694413794,2314.95,2213.75,150.2751007080078,1379552,0.0,0.0,ADANIENT.NS,Adani Enterprises Limited,Thermal Coal,Energy,Mr. Gautambhai Shantilal Adani S.Y. B.Com,"Ahmedabad, India",https://www.adanienterprises.com,2308.8,2238.85,2664840298496,77.06275,29.96,0.00059999997,3743.9,2025.0
2020-06-04 00:00:00+05:30,150.12546178456898,2314.95,2213.75,147.63168334960938,1379552,0.0,0.0,ADANIENT.NS,Adani Enterprises Limited,Thermal Coal,Energy,Mr. Gautambhai Shantilal Adani S.Y. B.Com,"Ahmedabad, India",https://www.adanienterprises.com,2308.8,2238.85,2664840298496,77.06275,29.96,0.00059999997,3743.9,2025.0
2020-06-05 00:00:00+05:30,148.52946388368636,2314.95,2213.75,152.0706329345703,1379552,0.0,0.0,ADANIENT.NS,Adani Enterprises Limited,Thermal Coal,Energy,Mr. Gautambhai Shantilal Adani S.Y. B.Com,"Ahmedabad, India",https://www.adanienterprises.com,2308.8,2238.85,2664840298496,77.06275,29.96,0.00059999997,3743.9,2025.0
2020-06-08 00:00:00+05:30,155.2127974822298,2314.95,2213.75,152.27012634277344,1379552,0.0,0.0,ADANIENT.NS,Adani Enterprises Limited,Thermal Coal,Energy,Mr. Gautambhai Shantilal Adani S.Y. B.Com,"Ahmedabad, India",https://www.adanienterprises.com,2308.8,2238.85,2664840298496,77.06275,29.96,0.00059999997,3743.9,2025.0
2020-06-09 00:00:00+05:30,153.81626736610008,2314.95,2213.75,151.52198791503906,1379552,0.0,0.0,ADANIENT.NS,Adani Enterprises Limited,Thermal Coal,Energy,Mr. Gautambhai Shantilal Adani S.Y. B.Com,"Ahmedabad, India",https://www.adanienterprises.com,2308.8,2238.85,2664840298496,77.06275,29.96,0.00059999997,3743.9,2025.0
2020-06-10 00:00:00+05:30,152.36987642340833,2314.95,2213.75,151.4721221923828,1379552,0.0,0.0,ADANIENT.NS,Adani Enterprises Limited,Thermal Coal,Energy,Mr. Gautambhai Shantilal Adani S.Y. B.Com,"Ahmedabad, India",https://www.adanienterprises.com,2308.8,2238.85,2664840298496,77.06275,29.96,0.00059999997,3743.9,2025.0
2020-06-11 00:00:00+05:30,151.4721350914349,2314.95,2213.75,151.42225646972656,1379552,0.0,0.0,ADANIENT.NS,Adani Enterprises Limited,Thermal Coal,Energy,Mr. Gautambhai Shantilal Adani S.Y. B.Com,"Ahmedabad, India",https://www.adanienterprises.com,2308.8,2238.85,2664840298496,77.06275,29.96,0.00059999997,3743.9,2025.0
2020-06-12 00:00:00+05:30,143.64165671372177,2314.95,2213.75,151.92100524902344,1379552,0.0,0.0,ADANIENT.NS,Adani Enterprises Limited,Thermal Coal,Energy,Mr. Gautambhai Shantilal Adani S.Y. B.Com,"Ahmedabad, India",https://www.adanienterprises.com,2308.8,2238.85,2664840298496,77.06275,29.96,0.00059999997,3743.9,2025.0
2020-06-15 00:00:00+05:30,151.42225860909775,2314.95,2213.75,148.87860107421875,1379552,0.0,0.0,ADANIENT.NS,Adani Enterprises Limited,Thermal Coal,Energy,Mr. Gautambhai Shantilal Adani S.Y. B.Com,"Ahmedabad, India",https://www.adanienterprises.com,2308.8,2238.85,2664840298496,77.06275,29.96,0.00059999997,3743.9,2025.0
2020-06-16 00:00:00+05:30,153.11800278311134,2314.95,2213.75,145.83616638183594,1379552,0.0,0.0,ADANIENT.NS,Adani Enterprises Limited,Thermal Coal,Energy,Mr. Gautambhai Shantilal Adani S.Y. B.Com,"Ahmedabad, India",https://www.adanienterprises.com,2308.8,2238.85,2664840298496,77.06275,29.96,0.00059999997,3743.9,2025.0
2020-06-17 00:00:00+05:30,144.63916980570164,2314.95,2213.75,146.7838134765625,1379552,0.0,0.0,ADANIENT.NS,Adani Enterprises Limited,Thermal Coal,Energy,Mr. Gautambhai Shantilal Adani S.Y. B.Com,"Ahmedabad, India",https://www.adanienterprises.com,2308.8,2238.85,2664840298496,77.06275,29.96,0.00059999997,3743.9,2025.0
2020-06-18 00:00:00+05:30,146.3349387866722,2314.95,2213.75,147.48208618164062,1379552,0.0,0.0,ADANIENT.NS,Adani Enterprises Limited,Thermal Coal,Energy,Mr. Gautambhai Shantilal Adani S.Y. B.Com,"Ahmedabad, India",https://www.adanienterprises.com,2308.8,2238.85,2664840298496,77.06275,29.96,0.00059999997,3743.9,2025.0
2020-06-19 00:00:00+05:30,149.227730719041,2314.95,2213.75,152.32000732421875,1379552,0.0,0.0,ADANIENT.NS,Adani Enterprises Limited,Thermal Coal,Energy,Mr. Gautambhai Shantilal Adani S.Y. B.Com,"Ahmedabad, India",https://www.adanienterprises.com,2308.8,2238.85,2664840298496,77.06275,29.96,0.00059999997,3743.9,2025.0
2020-06-22 00:00:00+05:30,154.11551609242377,2314.95,2213.75,154.26513671875,1379552,0.0,0.0,ADANIENT.NS,Adani Enterprises Limited,Thermal Coal,Energy,Mr. Gautambhai Shantilal Adani S.Y. B.Com,"Ahmedabad, India",https://www.adanienterprises.com,2308.8,2238.85,2664840298496,77.06275,29.96,0.00059999997,3743.9,2025.0
2020-06-23 00:00:00+05:30,156.60930811388064,2314.95,2213.75,156.80880737304688,1379552,0.0,0.0,ADANIENT.NS,Adani Enterprises Limited,Thermal Coal,Energy,Mr. Gautambhai Shantilal Adani S.Y. B.Com,"Ahmedabad, India",https://www.adanienterprises.com,2308.8,2238.85,2664840298496,77.06275,29.96,0.00059999997,3743.9,2025.0
2020-06-24 00:00:00+05:30,158.7040977404196,2314.95,2213.75,154.414794921875,1379552,0.0,0.0,ADANIENT.NS,Adani Enterprises Limited,Thermal Coal,Energy,Mr. Gautambhai Shantilal Adani S.Y. B.Com,"Ahmedabad, India",https://www.adanienterprises.com,2308.8,2238.85,2664840298496,77.06275,29.96,0.00059999997,3743.9,2025.0
2020-06-25 00:00:00+05:30,152.86863600390942,2314.95,2213.75,161.2477264404297,1379552,0.0,0.0,ADANIENT.NS,Adani Enterprises Limited,Thermal Coal,Energy,Mr. Gautambhai Shantilal Adani S.Y. B.Com,"Ahmedabad, India",https://www.adanienterprises.com,2308.8,2238.85,2664840298496,77.06275,29.96,0.00059999997,3743.9,2025.0
2020-06-26 00:00:00+05:30,163.59187748702274,2314.95,2213.75,161.74647521972656,1379552,0.0,0.0,ADANIENT.NS,Adani Enterprises Limited,Thermal Coal,Energy,Mr. Gautambhai Shantilal Adani S.Y. B.Com,"Ahmedabad, India",https://www.adanienterprises.com,2308.8,2238.85,2664840298496,77.06275,29.96,0.00059999997,3743.9,2025.0
2020-06-29 00:00:00+05:30,160.99838149465666,2314.95,2213.75,159.3524932861328,1379552,0.0,0.0,ADANIENT.NS,Adani Enterprises Limited,Thermal Coal,Energy,Mr. Gautambhai Shantilal Adani S.Y. B.Com,"Ahmedabad, India",https://www.adanienterprises.com,2308.8,2238.85,2664840298496,77.06275,29.96,0.00059999997,3743.9,2025.0
2020-06-30 00:00:00+05:30,160.99835379448533,2314.95,2213.75,155.86117553710938,1379552,0.0,0.0,ADANIENT.NS,Adani Enterprises Limited,Thermal Coal,Energy,Mr. Gautambhai Shantilal Adani S.Y. B.Com,"Ahmedabad, India",https://www.adanienterprises.com,2308.8,2238.85,2664840298496,77.06275,29.96,0.00059999997,3743.9,2025.0
2020-07-01 00:00:00+05:30,156.75893465259261,2314.95,2213.75,157.2576904296875,1379552,0.0,0.0,ADANIENT.NS,Adani Enterprises Limited,Thermal Coal,Energy,Mr. Gautambhai Shantilal Adani S.Y. B.Com,"Ahmedabad, India",https://www.adanienterprises.com,2308.8,2238.85,2664840298496,77.06275,29.96,0.00059999997,3743.9,2025.0
2020-07-02 00:00:00+05:30,159.40234471855047,2314.95,2213.75,157.8063201904297,1379552,0.0,0.0,ADANIENT.NS,Adani Enterprises Limited,Thermal Coal,Energy,Mr. Gautambhai Shantilal Adani S.Y. B.Com,"Ahmedabad, India",https://www.adanienterprises.com,2308.8,2238.85,2664840298496,77.06275,29.96,0.00059999997,3743.9,2025.0
2020-07-03 00:00:00+05:30,159.6018524169922,2314.95,2213.75,159.6018524169922,1379552,0.0,0.0,ADANIENT.NS,Adani Enterprises Limited,Thermal Coal,Energy,Mr. Gautambhai Shantilal Adani S.Y. B.Com,"Ahmedabad, India",https://www.adanienterprises.com,2308.8,2238.85,2664840298496,77.06275,29.96,0.00059999997,3743.9,2025.0
2020-07-06 00:00:00+05:30,161.5469810077997,2314.95,2213.75,163.7913818359375,1379552,0.0,0.0,ADANIENT.NS,Adani Enterprises Limited,Thermal Coal,Energy,Mr. Gautambhai Shantilal Adani S.Y. B.Com,"Ahmedabad, India",https://www.adanienterprises.com,2308.8,2238.85,2664840298496,77.06275,29.96,0.00059999997,3743.9,2025.0
2020-07-07 00:00:00+05:30,164.0906561760484,2314.95,2213.75,167.7315673828125,1379552,0.0,0.0,ADANIENT.NS,Adani Enterprises Limited,Thermal Coal,Energy,Mr. Gautambhai Shantilal Adani S.Y. B.Com,"Ahmedabad, India",https://www.adanienterprises.com,2308.8,2238.85,2664840298496,77.06275,29.96,0.00059999997,3743.9,2025.0
2020-07-08 00:00:00+05:30,167.58193314441144,2314.95,2213.75,162.59437561035156,1379552,0.0,0.0,ADANIENT.NS,Adani Enterprises Limited,Thermal Coal,Energy,Mr. Gautambhai Shantilal Adani S.Y. B.Com,"Ahmedabad, India",https://www.adanienterprises.com,2308.8,2238.85,2664840298496,77.06275,29.96,0.00059999997,3743.9,2025.0
2020-07-09 00:00:00+05:30,162.5943638205345,2314.95,2213.75,162.34498596191406,1379552,0.0,0.0,ADANIENT.NS,Adani Enterprises Limited,Thermal Coal,Energy,Mr. Gautambhai Shantilal Adani S.Y. B.Com,"Ahmedabad, India",https://www.adanienterprises.com,2308.8,2238.85,2664840298496,77.06275,29.96,0.00059999997,3743.9,2025.0
2020-07-10 00:00:00+05:30,161.09812094267406,2314.95,2213.75,159.30259704589844,1379552,0.0,0.0,ADANIENT.NS,Adani Enterprises Limited,Thermal Coal,Energy,Mr. Gautambhai Shantilal Adani S.Y. B.Com,"Ahmedabad, India",https://www.adanienterprises.com,2308.8,2238.85,2664840298496,77.06275,29.96,0.00059999997,3743.9,2025.0
2020-07-13 00:00:00+05:30,161.0482226828487,2314.95,2213.75,155.6616668701172,1379552,0.0,0.0,ADANIENT.NS,Adani Enterprises Limited,Thermal Coal,Energy,Mr. Gautambhai Shantilal Adani S.Y. B.Com,"Ahmedabad, India",https://www.adanienterprises.com,2308.8,2238.85,2664840298496,77.06275,29.96,0.00059999997,3743.9,2025.0
2020-07-14 00:00:00+05:30,155.51203960224439,2314.95,2213.75,149.37734985351562,1379552,0.0,0.0,ADANIENT.NS,Adani Enterprises Limited,Thermal Coal,Energy,Mr. Gautambhai Shantilal Adani S.Y. B.Com,"Ahmedabad, India",https://www.adanienterprises.com,2308.8,2238.85,2664840298496,77.06275,29.96,0.00059999997,3743.9,2025.0
2020-07-15 00:00:00+05:30,149.72648233356816,2314.95,2213.75,147.38232421875,1379552,0.0,0.0,ADANIENT.NS,Adani Enterprises Limited,Thermal Coal,Energy,Mr. Gautambhai Shantilal Adani S.Y. B.Com,"Ahmedabad, India",https://www.adanienterprises.com,2308.8,2238.85,2664840298496,77.06275,29.96,0.00059999997,3743.9,2025.0
2020-07-16 00:00:00+05:30,147.73146765288107,2314.95,2213.75,148.5294647216797,1379552,0.0,0.0,ADANIENT.NS,Adani Enterprises Limited,Thermal Coal,Energy,Mr. Gautambhai Shantilal Adani S.Y. B.Com,"Ahmedabad, India",https://www.adanienterprises.com,2308.8,2238.85,2664840298496,77.06275,29.96,0.00059999997,3743.9,2025.0
2020-07-17 00:00:00+05:30,149.377345459977,2314.95,2213.75,151.22274780273438,1379552,0.0,0.0,ADANIENT.NS,Adani Enterprises Limited,Thermal Coal,Energy,Mr. Gautambhai Shantilal Adani S.Y. B.Com,"Ahmedabad, India",https://www.adanienterprises.com,2308.8,2238.85,2664840298496,77.06275,29.96,0.00059999997,3743.9,2025.0
2020-07-20 00:00:00+05:30,152.7688652122836,2314.95,2213.75,160.30007934570312,1379552,0.0,0.0,ADANIENT.NS,Adani Enterprises Limited,Thermal Coal,Energy,Mr. Gautambhai Shantilal Adani S.Y. B.Com,"Ahmedabad, India",https://www.adanienterprises.com,2308.8,2238.85,2664840298496,77.06275,29.96,0.00059999997,3743.9,2025.0
2020-07-21 00:00:00+05:30,161.04823370383372,2314.95,2213.75,166.88368225097656,1379552,0.0,0.0,ADANIENT.NS,Adani Enterprises Limited,Thermal Coal,Energy,Mr. Gautambhai Shantilal Adani S.Y. B.Com,"Ahmedabad, India",https://www.adanienterprises.com,2308.8,2238.85,2664840298496,77.06275,29.96,0.00059999997,3743.9,2025.0
2020-07-22 00:00:00+05:30,166.58441785735968,2314.95,2213.75,168.9784393310547,1379552,0.0,0.0,ADANIENT.NS,Adani Enterprises Limited,Thermal Coal,Energy,Mr. Gautambhai Shantilal Adani S.Y. B.Com,"Ahmedabad, India",https://www.adanienterprises.com,2308.8,2238.85,2664840298496,77.06275,29.96,0.00059999997,3743.9,2025.0
2020-07-23 00:00:00+05:30,167.93109012318092,2314.95,2213.75,169.527099609375,1379552,0.0,0.0,ADANIENT.NS,Adani Enterprises Limited,Thermal Coal,Energy,Mr. Gautambhai Shantilal Adani S.Y. B.Com,"Ahmedabad, India",https://www.adanienterprises.com,2308.8,2238.85,2664840298496,77.06275,29.96,0.00059999997,3743.9,2025.0
2020-07-24 00:00:00+05:30,166.98341627495432,2314.95,2213.75,168.33006286621094,1379552,0.0,0.0,ADANIENT.NS,Adani Enterprises Limited,Thermal Coal,Energy,Mr. Gautambhai Shantilal Adani S.Y. B.Com,"Ahmedabad, India",https://www.adanienterprises.com,2308.8,2238.85,2664840298496,77.06275,29.96,0.00059999997,3743.9,2025.0
2020-07-27 00:00:00+05:30,168.23031113082357,2314.95,2213.75,165.5370330810547,1379552,0.0,0.0,ADANIENT.NS,Adani Enterprises Limited,Thermal Coal,Energy,Mr. Gautambhai Shantilal Adani S.Y. B.Com,"Ahmedabad, India",https://www.adanienterprises.com,2308.8,2238.85,2664840298496,77.06275,29.96,0.00059999997,3743.9,2025.0
2020-07-28 00:00:00+05:30,165.88617476571994,2314.95,2213.75,173.11813354492188,1379552,0.0,0.0,ADANIENT.NS,Adani Enterprises Limited,Thermal Coal,Energy,Mr. Gautambhai Shantilal Adani S.Y. B.Com,"Ahmedabad, India",https://www.adanienterprises.com,2308.8,2238.85,2664840298496,77.06275,29.96,0.00059999997,3743.9,2025.0
2020-07-29 00:00:00+05:30,173.56699749810394,2314.95,2213.75,178.65431213378906,1379552,0.0,0.0,ADANIENT.NS,Adani Enterprises Limited,Thermal Coal,Energy,Mr. Gautambhai Shantilal Adani S.Y. B.Com,"Ahmedabad, India",https://www.adanienterprises.com,2308.8,2238.85,2664840298496,77.06275,29.96,0.00059999997,3743.9,2025.0
2020-07-30 00:00:00+05:30,178.7540618736364,2314.95,2213.75,174.61439514160156,1379552,0.0,0.0,ADANIENT.NS,Adani Enterprises Limited,Thermal Coal,Energy,Mr. Gautambhai Shantilal Adani S.Y. B.Com,"Ahmedabad, India",https://www.adanienterprises.com,2308.8,2238.85,2664840298496,77.06275,29.96,0.00059999997,3743.9,2025.0
2020-07-31 00:00:00+05:30,173.5669991878232,2314.95,2213.75,174.8138885498047,1379552,0.0,0.0,ADANIENT.NS,Adani Enterprises Limited,Thermal Coal,Energy,Mr. Gautambhai Shantilal Adani S.Y. B.Com,"Ahmedabad, India",https://www.adanienterprises.com,2308.8,2238.85,2664840298496,77.06275,29.96,0.00059999997,3743.9,2025.0
2020-08-03 00:00:00+05:30,174.81390002157934,2314.95,2213.75,171.8213653564453,1379552,0.0,0.0,ADANIENT.NS,Adani Enterprises Limited,Thermal Coal,Energy,Mr. Gautambhai Shantilal Adani S.Y. B.Com,"Ahmedabad, India",https://www.adanienterprises.com,2308.8,2238.85,2664840298496,77.06275,29.96,0.00059999997,3743.9,2025.0
2020-08-04 00:00:00+05:30,173.56700133214838,2314.95,2213.75,181.6468505859375,1379552,0.0,0.0,ADANIENT.NS,Adani Enterprises Limited,Thermal Coal,Energy,Mr. Gautambhai Shantilal Adani S.Y. B.Com,"Ahmedabad, India",https://www.adanienterprises.com,2308.8,2238.85,2664840298496,77.06275,29.96,0.00059999997,3743.9,2025.0
2020-08-05 00:00:00+05:30,182.54459372455983,2314.95,2213.75,179.15306091308594,1379552,0.0,0.0,ADANIENT.NS,Adani Enterprises Limited,Thermal Coal,Energy,Mr. Gautambhai Shantilal Adani S.Y. B.Com,"Ahmedabad, India",https://www.adanienterprises.com,2308.8,2238.85,2664840298496,77.06275,29.96,0.00059999997,3743.9,2025.0
2020-08-06 00:00:00+05:30,179.65182581486027,2314.95,2213.75,185.4872589111328,1379552,0.0,0.0,ADANIENT.NS,Adani Enterprises Limited,Thermal Coal,Energy,Mr. Gautambhai Shantilal Adani S.Y. B.Com,"Ahmedabad, India",https://www.adanienterprises.com,2308.8,2238.85,2664840298496,77.06275,29.96,0.00059999997,3743.9,2025.0
2020-08-07 00:00:00+05:30,180.59946517776478,2314.95,2213.75,192.4199676513672,1379552,0.0,0.0,ADANIENT.NS,Adani Enterprises Limited,Thermal Coal,Energy,Mr. Gautambhai Shantilal Adani S.Y. B.Com,"Ahmedabad, India",https://www.adanienterprises.com,2308.8,2238.85,2664840298496,77.06275,29.96,0.00059999997,3743.9,2025.0
2020-08-10 00:00:00+05:30,192.41997723382357,2314.95,2213.75,195.2130126953125,1379552,0.0,0.0,ADANIENT.NS,Adani Enterprises Limited,Thermal Coal,Energy,Mr. Gautambhai Shantilal Adani S.Y. B.Com,"Ahmedabad, India",https://www.adanienterprises.com,2308.8,2238.85,2664840298496,77.06275,29.96,0.00059999997,3743.9,2025.0
2020-08-11 00:00:00+05:30,195.5122610229068,2314.95,2213.75,195.36264038085938,1379552,0.0,0.0,ADANIENT.NS,Adani Enterprises Limited,Thermal Coal,Energy,Mr. Gautambhai Shantilal Adani S.Y. B.Com,"Ahmedabad, India",https://www.adanienterprises.com,2308.8,2238.85,2664840298496,77.06275,29.96,0.00059999997,3743.9,2025.0
2020-08-12 00:00:00+05:30,195.31275728496084,2314.95,2213.75,197.20802307128906,1379552,0.0,0.0,ADANIENT.NS,Adani Enterprises Limited,Thermal Coal,Energy,Mr. Gautambhai Shantilal Adani S.Y. B.Com,"Ahmedabad, India",https://www.adanienterprises.com,2308.8,2238.85,2664840298496,77.06275,29.96,0.00059999997,3743.9,2025.0
2020-08-13 00:00:00+05:30,198.40504005972346,2314.95,2213.75,200.2504425048828,1379552,0.0,0.0,ADANIENT.NS,Adani Enterprises Limited,Thermal Coal,Energy,Mr. Gautambhai Shantilal Adani S.Y. B.Com,"Ahmedabad, India",https://www.adanienterprises.com,2308.8,2238.85,2664840298496,77.06275,29.96,0.00059999997,3743.9,2025.0
2020-08-14 00:00:00+05:30,201.8963457311351,2314.95,2213.75,195.71177673339844,1379552,0.0,0.0,ADANIENT.NS,Adani Enterprises Limited,Thermal Coal,Energy,Mr. Gautambhai Shantilal Adani S.Y. B.Com,"Ahmedabad, India",https://www.adanienterprises.com,2308.8,2238.85,2664840298496,77.06275,29.96,0.00059999997,3743.9,2025.0
2020-08-17 00:00:00+05:30,196.90875605901527,2314.95,2213.75,197.30776977539062,1379552,0.0,0.0,ADANIENT.NS,Adani Enterprises Limited,Thermal Coal,Energy,Mr. Gautambhai Shantilal Adani S.Y. B.Com,"Ahmedabad, India",https://www.adanienterprises.com,2308.8,2238.85,2664840298496,77.06275,29.96,0.00059999997,3743.9,2025.0
2020-08-18 00:00:00+05:30,199.50230784725187,2314.95,2213.75,213.168212890625,1379552,0.0,0.0,ADANIENT.NS,Adani Enterprises Limited,Thermal Coal,Energy,Mr. Gautambhai Shantilal Adani S.Y. B.Com,"Ahmedabad, India",https://www.adanienterprises.com,2308.8,2238.85,2664840298496,77.06275,29.96,0.00059999997,3743.9,2025.0
2020-08-19 00:00:00+05:30,213.71684340979246,2314.95,2213.75,238.95388793945312,1379552,0.0,0.0,ADANIENT.NS,Adani Enterprises Limited,Thermal Coal,Energy,Mr. Gautambhai Shantilal Adani S.Y. B.Com,"Ahmedabad, India",https://www.adanienterprises.com,2308.8,2238.85,2664840298496,77.06275,29.96,0.00059999997,3743.9,2025.0
2020-08-20 00:00:00+05:30,240.5997582144755,2314.95,2213.75,233.4176788330078,1379552,0.0,0.0,ADANIENT.NS,Adani Enterprises Limited,Thermal Coal,Energy,Mr. Gautambhai Shantilal Adani S.Y. B.Com,"Ahmedabad, India",https://www.adanienterprises.com,2308.8,2238.85,2664840298496,77.06275,29.96,0.00059999997,3743.9,2025.0
2020-08-21 00:00:00+05:30,236.50998580038294,2314.95,2213.75,232.76931762695312,1379552,0.0,0.0,ADANIENT.NS,Adani Enterprises Limited,Thermal Coal,Energy,Mr. Gautambhai Shantilal Adani S.Y. B.Com,"Ahmedabad, India",https://www.adanienterprises.com,2308.8,2238.85,2664840298496,77.06275,29.96,0.00059999997,3743.9,2025.0
2020-08-24 00:00:00+05:30,235.41272227169074,2314.95,2213.75,248.08111572265625,1379552,0.0,0.0,ADANIENT.NS,Adani Enterprises Limited,Thermal Coal,Energy,Mr. Gautambhai Shantilal Adani S.Y. B.Com,"Ahmedabad, India",https://www.adanienterprises.com,2308.8,2238.85,2664840298496,77.06275,29.96,0.00059999997,3743.9,2025.0
2020-08-25 00:00:00+05:30,251.37288800589178,2314.95,2213.75,306.7846374511719,1379552,0.0,0.0,ADANIENT.NS,Adani Enterprises Limited,Thermal Coal,Energy,Mr. Gautambhai Shantilal Adani S.Y. B.Com,"Ahmedabad, India",https://www.adanienterprises.com,2308.8,2238.85,2664840298496,77.06275,29.96,0.00059999997,3743.9,2025.0
2020-08-26 00:00:00+05:30,298.25592733577844,2314.95,2213.75,284.8393859863281,1379552,0.0,0.0,ADANIENT.NS,Adani Enterprises Limited,Thermal Coal,Energy,Mr. Gautambhai Shantilal Adani S.Y. B.Com,"Ahmedabad, India",https://www.adanienterprises.com,2308.8,2238.85,2664840298496,77.06275,29.96,0.00059999997,3743.9,2025.0
2020-08-27 00:00:00+05:30,284.19103321878003,2314.95,2213.75,285.986572265625,1379552,0.0,0.0,ADANIENT.NS,Adani Enterprises Limited,Thermal Coal,Energy,Mr. Gautambhai Shantilal Adani S.Y. B.Com,"Ahmedabad, India",https://www.adanienterprises.com,2308.8,2238.85,2664840298496,77.06275,29.96,0.00059999997,3743.9,2025.0
2020-08-28 00:00:00+05:30,288.2808179367343,2314.95,2213.75,287.5326843261719,1379552,0.0,0.0,ADANIENT.NS,Adani Enterprises Limited,Thermal Coal,Energy,Mr. Gautambhai Shantilal Adani S.Y. B.Com,"Ahmedabad, India",https://www.adanienterprises.com,2308.8,2238.85,2664840298496,77.06275,29.96,0.00059999997,3743.9,2025.0
2020-08-31 00:00:00+05:30,289.2783473980202,2314.95,2213.75,278.8543395996094,1379552,0.0,0.0,ADANIENT.NS,Adani Enterprises Limited,Thermal Coal,Energy,Mr. Gautambhai Shantilal Adani S.Y. B.Com,"Ahmedabad, India",https://www.adanienterprises.com,2308.8,2238.85,2664840298496,77.06275,29.96,0.00059999997,3743.9,2025.0
2020-09-01 00:00:00+05:30,279.2533804606303,2314.95,2213.75,280.4005126953125,1379552,0.0,0.0,ADANIENT.NS,Adani Enterprises Limited,Thermal Coal,Energy,Mr. Gautambhai Shantilal Adani S.Y. B.Com,"Ahmedabad, India",https://www.adanienterprises.com,2308.8,2238.85,2664840298496,77.06275,29.96,0.00059999997,3743.9,2025.0
2020-09-02 00:00:00+05:30,282.29573164191345,2314.95,2213.75,292.3207092285156,1379552,0.0,0.0,ADANIENT.NS,Adani Enterprises Limited,Thermal Coal,Energy,Mr. Gautambhai Shantilal Adani S.Y. B.Com,"Ahmedabad, India",https://www.adanienterprises.com,2308.8,2238.85,2664840298496,77.06275,29.96,0.00059999997,3743.9,2025.0
2020-09-03 00:00:00+05:30,294.0164975669763,2314.95,2213.75,290.52520751953125,1379552,0.0,0.0,ADANIENT.NS,Adani Enterprises Limited,Thermal Coal,Energy,Mr. Gautambhai Shantilal Adani S.Y. B.Com,"Ahmedabad, India",https://www.adanienterprises.com,2308.8,2238.85,2664840298496,77.06275,29.96,0.00059999997,3743.9,2025.0
2020-09-04 00:00:00+05:30,283.29326702908185,2314.95,2213.75,284.4403991699219,1379552,0.0,0.0,ADANIENT.NS,Adani Enterprises Limited,Thermal Coal,Energy,Mr. Gautambhai Shantilal Adani S.Y. B.Com,"Ahmedabad, India",https://www.adanienterprises.com,2308.8,2238.85,2664840298496,77.06275,29.96,0.00059999997,3743.9,2025.0
2020-09-07 00:00:00+05:30,284.44040389246686,2314.95,2213.75,284.5401611328125,1379552,0.0,0.0,ADANIENT.NS,Adani Enterprises Limited,Thermal Coal,Energy,Mr. Gautambhai Shantilal Adani S.Y. B.Com,"Ahmedabad, India",https://www.adanienterprises.com,2308.8,2238.85,2664840298496,77.06275,29.96,0.00059999997,3743.9,2025.0
2020-09-08 00:00:00+05:30,285.2883373624154,2314.95,2213.75,277.0090026855469,1379552,0.0,0.0,ADANIENT.NS,Adani Enterprises Limited,Thermal Coal,Energy,Mr. Gautambhai Shantilal Adani S.Y. B.Com,"Ahmedabad, India",https://www.adanienterprises.com,2308.8,2238.85,2664840298496,77.06275,29.96,0.00059999997,3743.9,2025.0
2020-09-09 00:00:00+05:30,276.2109220730431,2314.95,2213.75,282.3456115722656,1379552,0.0,0.0,ADANIENT.NS,Adani Enterprises Limited,Thermal Coal,Energy,Mr. Gautambhai Shantilal Adani S.Y. B.Com,"Ahmedabad, India",https://www.adanienterprises.com,2308.8,2238.85,2664840298496,77.06275,29.96,0.00059999997,3743.9,2025.0
2020-09-10 00:00:00+05:30,286.9341570527395,2314.95,2213.75,297.5576477050781,1379552,0.0,0.0,ADANIENT.NS,Adani Enterprises Limited,Thermal Coal,Energy,Mr. Gautambhai Shantilal Adani S.Y. B.Com,"Ahmedabad, India",https://www.adanienterprises.com,2308.8,2238.85,2664840298496,77.06275,29.96,0.00059999997,3743.9,2025.0
2020-09-11 00:00:00+05:30,298.2559008211703,2314.95,2213.75,295.26336669921875,1379552,0.0,0.0,ADANIENT.NS,Adani Enterprises Limited,Thermal Coal,Energy,Mr. Gautambhai Shantilal Adani S.Y. B.Com,"Ahmedabad, India",https://www.adanienterprises.com,2308.8,2238.85,2664840298496,77.06275,29.96,0.00059999997,3743.9,2025.0
2020-09-14 00:00:00+05:30,301.04897043712225,2314.95,2213.75,292.4205017089844,1379552,0.0,0.0,ADANIENT.NS,Adani Enterprises Limited,Thermal Coal,Energy,Mr. Gautambhai Shantilal Adani S.Y. B.Com,"Ahmedabad, India",https://www.adanienterprises.com,2308.8,2238.85,2664840298496,77.06275,29.96,0.00059999997,3743.9,2025.0
2020-09-15 00:00:00+05:30,294.1661128095589,2314.95,2213.75,287.8319091796875,1379552,0.0,0.0,ADANIENT.NS,Adani Enterprises Limited,Thermal Coal,Energy,Mr. Gautambhai Shantilal Adani S.Y. B.Com,"Ahmedabad, India",https://www.adanienterprises.com,2308.8,2238.85,2664840298496,77.06275,29.96,0.00059999997,3743.9,2025.0
2020-09-16 00:00:00+05:30,291.97161246356586,2314.95,2213.75,296.36065673828125,1379552,0.0,0.0,ADANIENT.NS,Adani Enterprises Limited,Thermal Coal,Energy,Mr. Gautambhai Shantilal Adani S.Y. B.Com,"Ahmedabad, India",https://www.adanienterprises.com,2308.8,2238.85,2664840298496,77.06275,29.96,0.00059999997,3743.9,2025.0
2020-09-17 00:00:00+05:30,294.2658995328535,2314.95,2213.75,292.9691467285156,1379552,0.0,0.0,ADANIENT.NS,Adani Enterprises Limited,Thermal Coal,Energy,Mr. Gautambhai Shantilal Adani S.Y. B.Com,"Ahmedabad, India",https://www.adanienterprises.com,2308.8,2238.85,2664840298496,77.06275,29.96,0.00059999997,3743.9,2025.0
2020-09-18 00:00:00+05:30,296.85942567338003,2314.95,2213.75,290.824462890625,1379552,0.0,0.0,ADANIENT.NS,Adani Enterprises Limited,Thermal Coal,Energy,Mr. Gautambhai Shantilal Adani S.Y. B.Com,"Ahmedabad, India",https://www.adanienterprises.com,2308.8,2238.85,2664840298496,77.06275,29.96,0.00059999997,3743.9,2025.0
2020-09-21 00:00:00+05:30,292.2708569910638,2314.95,2213.75,276.4104309082031,1379552,0.0,0.0,ADANIENT.NS,Adani Enterprises Limited,Thermal Coal,Energy,Mr. Gautambhai Shantilal Adani S.Y. B.Com,"Ahmedabad, India",https://www.adanienterprises.com,2308.8,2238.85,2664840298496,77.06275,29.96,0.00059999997,3743.9,2025.0
2020-09-22 00:00:00+05:30,277.5575659052908,2314.95,2213.75,279.70220947265625,1379552,0.0,0.0,ADANIENT.NS,Adani Enterprises Limited,Thermal Coal,Energy,Mr. Gautambhai Shantilal Adani S.Y. B.Com,"Ahmedabad, India",https://www.adanienterprises.com,2308.8,2238.85,2664840298496,77.06275,29.96,0.00059999997,3743.9,2025.0
2020-09-23 00:00:00+05:30,283.2433892861119,2314.95,2213.75,282.8443603515625,1379552,0.0,0.0,ADANIENT.NS,Adani Enterprises Limited,Thermal Coal,Energy,Mr. Gautambhai Shantilal Adani S.Y. B.Com,"Ahmedabad, India",https://www.adanienterprises.com,2308.8,2238.85,2664840298496,77.06275,29.96,0.00059999997,3743.9,2025.0
2020-09-24 00:00:00+05:30,277.2583446035066,2314.95,2213.75,269.7770080566406,1379552,0.0,0.0,ADANIENT.NS,Adani Enterprises Limited,Thermal Coal,Energy,Mr. Gautambhai Shantilal Adani S.Y. B.Com,"Ahmedabad, India",https://www.adanienterprises.com,2308.8,2238.85,2664840298496,77.06275,29.96,0.00059999997,3743.9,2025.0
2020-09-25 00:00:00+05:30,275.2134032141457,2314.95,2213.75,279.6024475097656,1379552,0.0,0.0,ADANIENT.NS,Adani Enterprises Limited,Thermal Coal,Energy,Mr. Gautambhai Shantilal Adani S.Y. B.Com,"Ahmedabad, India",https://www.adanienterprises.com,2308.8,2238.85,2664840298496,77.06275,29.96,0.00059999997,3743.9,2025.0
2020-09-28 00:00:00+05:30,282.3955209643301,2314.95,2213.75,294.96417236328125,1379552,0.0,0.0,ADANIENT.NS,Adani Enterprises Limited,Thermal Coal,Energy,Mr. Gautambhai Shantilal Adani S.Y. B.Com,"Ahmedabad, India",https://www.adanienterprises.com,2308.8,2238.85,2664840298496,77.06275,29.96,0.00059999997,3743.9,2025.0
2020-09-29 00:00:00+05:30,299.1536838291015,2314.95,2213.75,297.1586608886719,1379552,0.0,0.0,ADANIENT.NS,Adani Enterprises Limited,Thermal Coal,Energy,Mr. Gautambhai Shantilal Adani S.Y. B.Com,"Ahmedabad, India",https://www.adanienterprises.com,2308.8,2238.85,2664840298496,77.06275,29.96,0.00059999997,3743.9,2025.0
2020-09-30 00:00:00+05:30,299.2534338437777,2314.95,2213.75,296.36065673828125,1379552,0.0,0.0,ADANIENT.NS,Adani Enterprises Limited,Thermal Coal,Energy,Mr. Gautambhai Shantilal Adani S.Y. B.Com,"Ahmedabad, India",https://www.adanienterprises.com,2308.8,2238.85,2664840298496,77.06275,29.96,0.00059999997,3743.9,2025.0
2020-10-01 00:00:00+05:30,299.0539214714059,2314.95,2213.75,307.3831481933594,1379552,0.0,0.0,ADANIENT.NS,Adani Enterprises Limited,Thermal Coal,Energy,Mr. Gautambhai Shantilal Adani S.Y. B.Com,"Ahmedabad, India",https://www.adanienterprises.com,2308.8,2238.85,2664840298496,77.06275,29.96,0.00059999997,3743.9,2025.0
2020-10-05 00:00:00+05:30,310.7248322257396,2314.95,2213.75,325.7872619628906,1379552,0.0,0.0,ADANIENT.NS,Adani Enterprises Limited,Thermal Coal,Energy,Mr. Gautambhai Shantilal Adani S.Y. B.Com,"Ahmedabad, India",https://www.adanienterprises.com,2308.8,2238.85,2664840298496,77.06275,29.96,0.00059999997,3743.9,2025.0
2020-10-06 00:00:00+05:30,328.58030803517806,2314.95,2213.75,326.3359069824219,1379552,0.0,0.0,ADANIENT.NS,Adani Enterprises Limited,Thermal Coal,Energy,Mr. Gautambhai Shantilal Adani S.Y. B.Com,"Ahmedabad, India",https://www.adanienterprises.com,2308.8,2238.85,2664840298496,77.06275,29.96,0.00059999997,3743.9,2025.0
2020-10-07 00:00:00+05:30,324.34084010835204,2314.95,2213.75,329.2785339355469,1379552,0.0,0.0,ADANIENT.NS,Adani Enterprises Limited,Thermal Coal,Energy,Mr. Gautambhai Shantilal Adani S.Y. B.Com,"Ahmedabad, India",https://www.adanienterprises.com,2308.8,2238.85,2664840298496,77.06275,29.96,0.00059999997,3743.9,2025.0
2020-10-08 00:00:00+05:30,328.1812843533844,2314.95,2213.75,315.4630126953125,1379552,0.0,0.0,ADANIENT.NS,Adani Enterprises Limited,Thermal Coal,Energy,Mr. Gautambhai Shantilal Adani S.Y. B.Com,"Ahmedabad, India",https://www.adanienterprises.com,2308.8,2238.85,2664840298496,77.06275,29.96,0.00059999997,3743.9,2025.0
2020-10-09 00:00:00+05:30,318.0066543834123,2314.95,2213.75,312.2210998535156,1379552,0.0,0.0,ADANIENT.NS,Adani Enterprises Limited,Thermal Coal,Energy,Mr. Gautambhai Shantilal Adani S.Y. B.Com,"Ahmedabad, India",https://www.adanienterprises.com,2308.8,2238.85,2664840298496,77.06275,29.96,0.00059999997,3743.9,2025.0
2020-10-12 00:00:00+05:30,314.2161114809478,2314.95,2213.75,314.56524658203125,1379552,0.0,0.0,ADANIENT.NS,Adani Enterprises Limited,Thermal Coal,Energy,Mr. Gautambhai Shantilal Adani S.Y. B.Com,"Ahmedabad, India",https://www.adanienterprises.com,2308.8,2238.85,2664840298496,77.06275,29.96,0.00059999997,3743.9,2025.0
2020-10-13 00:00:00+05:30,314.7149188663129,2314.95,2213.75,312.420654296875,1379552,0.0,0.0,ADANIENT.NS,Adani Enterprises Limited,Thermal Coal,Energy,Mr. Gautambhai Shantilal Adani S.Y. B.Com,"Ahmedabad, India",https://www.adanienterprises.com,2308.8,2238.85,2664840298496,77.06275,29.96,0.00059999997,3743.9,2025.0
2020-10-14 00:00:00+05:30,312.1712247761875,2314.95,2213.75,312.6200866699219,1379552,0.0,0.0,ADANIENT.NS,Adani Enterprises Limited,Thermal Coal,Energy,Mr. Gautambhai Shantilal Adani S.Y. B.Com,"Ahmedabad, India",https://www.adanienterprises.com,2308.8,2238.85,2664840298496,77.06275,29.96,0.00059999997,3743.9,2025.0
2020-10-15 00:00:00+05:30,314.21611960107936,2314.95,2213.75,306.3357849121094,1379552,0.0,0.0,ADANIENT.NS,Adani Enterprises Limited,Thermal Coal,Energy,Mr. Gautambhai Shantilal Adani S.Y. B.Com,"Ahmedabad, India",https://www.adanienterprises.com,2308.8,2238.85,2664840298496,77.06275,29.96,0.00059999997,3743.9,2025.0
2020-10-16 00:00:00+05:30,308.480393027638,2314.95,2213.75,306.2359924316406,1379552,0.0,0.0,ADANIENT.NS,Adani Enterprises Limited,Thermal Coal,Energy,Mr. Gautambhai Shantilal Adani S.Y. B.Com,"Ahmedabad, India",https://www.adanienterprises.com,2308.8,2238.85,2664840298496,77.06275,29.96,0.00059999997,3743.9,2025.0
2020-10-19 00:00:00+05:30,309.1288109870347,2314.95,2213.75,316.1612854003906,1379552,0.0,0.0,ADANIENT.NS,Adani Enterprises Limited,Thermal Coal,Energy,Mr. Gautambhai Shantilal Adani S.Y. B.Com,"Ahmedabad, India",https://www.adanienterprises.com,2308.8,2238.85,2664840298496,77.06275,29.96,0.00059999997,3743.9,2025.0
2020-10-20 00:00:00+05:30,314.5153860512019,2314.95,2213.75,321.0989685058594,1379552,0.0,0.0,ADANIENT.NS,Adani Enterprises Limited,Thermal Coal,Energy,Mr. Gautambhai Shantilal Adani S.Y. B.Com,"Ahmedabad, India",https://www.adanienterprises.com,2308.8,2238.85,2664840298496,77.06275,29.96,0.00059999997,3743.9,2025.0
2020-10-21 00:00:00+05:30,321.1987177530924,2314.95,2213.75,311.2236022949219,1379552,0.0,0.0,ADANIENT.NS,Adani Enterprises Limited,Thermal Coal,Energy,Mr. Gautambhai Shantilal Adani S.Y. B.Com,"Ahmedabad, India",https://www.adanienterprises.com,2308.8,2238.85,2664840298496,77.06275,29.96,0.00059999997,3743.9,2025.0
2020-10-22 00:00:00+05:30,310.22609773149077,2314.95,2213.75,310.724853515625,1379552,0.0,0.0,ADANIENT.NS,Adani Enterprises Limited,Thermal Coal,Energy,Mr. Gautambhai Shantilal Adani S.Y. B.Com,"Ahmedabad, India",https://www.adanienterprises.com,2308.8,2238.85,2664840298496,77.06275,29.96,0.00059999997,3743.9,2025.0
2020-10-23 00:00:00+05:30,313.2186350995573,2314.95,2213.75,314.6650390625,1379552,0.0,0.0,ADANIENT.NS,Adani Enterprises Limited,Thermal Coal,Energy,Mr. Gautambhai Shantilal Adani S.Y. B.Com,"Ahmedabad, India",https://www.adanienterprises.com,2308.8,2238.85,2664840298496,77.06275,29.96,0.00059999997,3743.9,2025.0
2020-10-26 00:00:00+05:30,317.20870023011287,2314.95,2213.75,306.63507080078125,1379552,0.0,0.0,ADANIENT.NS,Adani Enterprises Limited,Thermal Coal,Energy,Mr. Gautambhai Shantilal Adani S.Y. B.Com,"Ahmedabad, India",https://www.adanienterprises.com,2308.8,2238.85,2664840298496,77.06275,29.96,0.00059999997,3743.9,2025.0
2020-10-27 00:00:00+05:30,307.23353095340593,2314.95,2213.75,313.2684631347656,1379552,0.0,0.0,ADANIENT.NS,Adani Enterprises Limited,Thermal Coal,Energy,Mr. Gautambhai Shantilal Adani S.Y. B.Com,"Ahmedabad, India",https://www.adanienterprises.com,2308.8,2238.85,2664840298496,77.06275,29.96,0.00059999997,3743.9,2025.0
2020-10-28 00:00:00+05:30,313.01912774737093,2314.95,2213.75,318.05657958984375,1379552,0.0,0.0,ADANIENT.NS,Adani Enterprises Limited,Thermal Coal,Energy,Mr. Gautambhai Shantilal Adani S.Y. B.Com,"Ahmedabad, India",https://www.adanienterprises.com,2308.8,2238.85,2664840298496,77.06275,29.96,0.00059999997,3743.9,2025.0
2020-10-29 00:00:00+05:30,314.6151370329928,2314.95,2213.75,328.08154296875,1379552,0.0,0.0,ADANIENT.NS,Adani Enterprises Limited,Thermal Coal,Energy,Mr. Gautambhai Shantilal Adani S.Y. B.Com,"Ahmedabad, India",https://www.adanienterprises.com,2308.8,2238.85,2664840298496,77.06275,29.96,0.00059999997,3743.9,2025.0
2020-10-30 00:00:00+05:30,330.22617629745787,2314.95,2213.75,338.85467529296875,1379552,0.0,0.0,ADANIENT.NS,Adani Enterprises Limited,Thermal Coal,Energy,Mr. Gautambhai Shantilal Adani S.Y. B.Com,"Ahmedabad, India",https://www.adanienterprises.com,2308.8,2238.85,2664840298496,77.06275,29.96,0.00059999997,3743.9,2025.0
2020-11-02 00:00:00+05:30,338.25613677978555,2314.95,2213.75,340.25115966796875,1379552,0.0,0.0,ADANIENT.NS,Adani Enterprises Limited,Thermal Coal,Energy,Mr. Gautambhai Shantilal Adani S.Y. B.Com,"Ahmedabad, India",https://www.adanienterprises.com,2308.8,2238.85,2664840298496,77.06275,29.96,0.00059999997,3743.9,2025.0
2020-11-03 00:00:00+05:30,343.14395853716,2314.95,2213.75,343.94195556640625,1379552,0.0,0.0,ADANIENT.NS,Adani Enterprises Limited,Thermal Coal,Energy,Mr. Gautambhai Shantilal Adani S.Y. B.Com,"Ahmedabad, India",https://www.adanienterprises.com,2308.8,2238.85,2664840298496,77.06275,29.96,0.00059999997,3743.9,2025.0
2020-11-04 00:00:00+05:30,341.7474746385696,2314.95,2213.75,350.9744567871094,1379552,0.0,0.0,ADANIENT.NS,Adani Enterprises Limited,Thermal Coal,Energy,Mr. Gautambhai Shantilal Adani S.Y. B.Com,"Ahmedabad, India",https://www.adanienterprises.com,2308.8,2238.85,2664840298496,77.06275,29.96,0.00059999997,3743.9,2025.0
2020-11-05 00:00:00+05:30,352.1215397262303,2314.95,2213.75,351.8721618652344,1379552,0.0,0.0,ADANIENT.NS,Adani Enterprises Limited,Thermal Coal,Energy,Mr. Gautambhai Shantilal Adani S.Y. B.Com,"Ahmedabad, India",https://www.adanienterprises.com,2308.8,2238.85,2664840298496,77.06275,29.96,0.00059999997,3743.9,2025.0
2020-11-06 00:00:00+05:30,351.1240281676981,2314.95,2213.75,351.2237854003906,1379552,0.0,0.0,ADANIENT.NS,Adani Enterprises Limited,Thermal Coal,Energy,Mr. Gautambhai Shantilal Adani S.Y. B.Com,"Ahmedabad, India",https://www.adanienterprises.com,2308.8,2238.85,2664840298496,77.06275,29.96,0.00059999997,3743.9,2025.0
2020-11-09 00:00:00+05:30,353.11904985023875,2314.95,2213.75,357.00933837890625,1379552,0.0,0.0,ADANIENT.NS,Adani Enterprises Limited,Thermal Coal,Energy,Mr. Gautambhai Shantilal Adani S.Y. B.Com,"Ahmedabad, India",https://www.adanienterprises.com,2308.8,2238.85,2664840298496,77.06275,29.96,0.00059999997,3743.9,2025.0
2020-11-10 00:00:00+05:30,357.20886721305794,2314.95,2213.75,358.6053771972656,1379552,0.0,0.0,ADANIENT.NS,Adani Enterprises Limited,Thermal Coal,Energy,Mr. Gautambhai Shantilal Adani S.Y. B.Com,"Ahmedabad, India",https://www.adanienterprises.com,2308.8,2238.85,2664840298496,77.06275,29.96,0.00059999997,3743.9,2025.0
2020-11-11 00:00:00+05:30,358.3061641423266,2314.95,2213.75,359.20391845703125,1379552,0.0,0.0,ADANIENT.NS,Adani Enterprises Limited,Thermal Coal,Energy,Mr. Gautambhai Shantilal Adani S.Y. B.Com,"Ahmedabad, India",https://www.adanienterprises.com,2308.8,2238.85,2664840298496,77.06275,29.96,0.00059999997,3743.9,2025.0
2020-11-12 00:00:00+05:30,357.30863458867077,2314.95,2213.75,364.64031982421875,1379552,0.0,0.0,ADANIENT.NS,Adani Enterprises Limited,Thermal Coal,Energy,Mr. Gautambhai Shantilal Adani S.Y. B.Com,"Ahmedabad, India",https://www.adanienterprises.com,2308.8,2238.85,2664840298496,77.06275,29.96,0.00059999997,3743.9,2025.0
2020-11-13 00:00:00+05:30,363.0941803410004,2314.95,2213.75,367.6827392578125,1379552,0.0,0.0,ADANIENT.NS,Adani Enterprises Limited,Thermal Coal,Energy,Mr. Gautambhai Shantilal Adani S.Y. B.Com,"Ahmedabad, India",https://www.adanienterprises.com,2308.8,2238.85,2664840298496,77.06275,29.96,0.00059999997,3743.9,2025.0
2020-11-14 00:00:00+05:30,368.87973751755374,2314.95,2213.75,370.3261413574219,1379552,0.0,0.0,ADANIENT.NS,Adani Enterprises Limited,Thermal Coal,Energy,Mr. Gautambhai Shantilal Adani S.Y. B.Com,"Ahmedabad, India",https://www.adanienterprises.com,2308.8,2238.85,2664840298496,77.06275,29.96,0.00059999997,3743.9,2025.0
2020-11-17 00:00:00+05:30,371.0742915362981,2314.95,2213.75,393.31878662109375,1379552,0.0,0.0,ADANIENT.NS,Adani Enterprises Limited,Thermal Coal,Energy,Mr. Gautambhai Shantilal Adani S.Y. B.Com,"Ahmedabad, India",https://www.adanienterprises.com,2308.8,2238.85,2664840298496,77.06275,29.96,0.00059999997,3743.9,2025.0
2020-11-18 00:00:00+05:30,392.96966089032054,2314.95,2213.75,393.5182800292969,1379552,0.0,0.0,ADANIENT.NS,Adani Enterprises Limited,Thermal Coal,Energy,Mr. Gautambhai Shantilal Adani S.Y. B.Com,"Ahmedabad, India",https://www.adanienterprises.com,2308.8,2238.85,2664840298496,77.06275,29.96,0.00059999997,3743.9,2025.0
2020-11-19 00:00:00+05:30,389.02946269442646,2314.95,2213.75,384.7900390625,1379552,0.0,0.0,ADANIENT.NS,Adani Enterprises Limited,Thermal Coal,Energy,Mr. Gautambhai Shantilal Adani S.Y. B.Com,"Ahmedabad, India",https://www.adanienterprises.com,2308.8,2238.85,2664840298496,77.06275,29.96,0.00059999997,3743.9,2025.0
2020-11-20 00:00:00+05:30,384.1417213947601,2314.95,2213.75,387.333740234375,1379552,0.0,0.0,ADANIENT.NS,Adani Enterprises Limited,Thermal Coal,Energy,Mr. Gautambhai Shantilal Adani S.Y. B.Com,"Ahmedabad, India",https://www.adanienterprises.com,2308.8,2238.85,2664840298496,77.06275,29.96,0.00059999997,3743.9,2025.0
2020-11-23 00:00:00+05:30,389.1292489867697,2314.95,2213.75,408.0320739746094,1379552,0.0,0.0,ADANIENT.NS,Adani Enterprises Limited,Thermal Coal,Energy,Mr. Gautambhai Shantilal Adani S.Y. B.Com,"Ahmedabad, India",https://www.adanienterprises.com,2308.8,2238.85,2664840298496,77.06275,29.96,0.00059999997,3743.9,2025.0
2020-11-24 00:00:00+05:30,408.8799694046793,2314.95,2213.75,406.18670654296875,1379552,0.0,0.0,ADANIENT.NS,Adani Enterprises Limited,Thermal Coal,Energy,Mr. Gautambhai Shantilal Adani S.Y. B.Com,"Ahmedabad, India",https://www.adanienterprises.com,2308.8,2238.85,2664840298496,77.06275,29.96,0.00059999997,3743.9,2025.0
2020-11-25 00:00:00+05:30,407.9323122756242,2314.95,2213.75,398.2564392089844,1379552,0.0,0.0,ADANIENT.NS,Adani Enterprises Limited,Thermal Coal,Energy,Mr. Gautambhai Shantilal Adani S.Y. B.Com,"Ahmedabad, India",https://www.adanienterprises.com,2308.8,2238.85,2664840298496,77.06275,29.96,0.00059999997,3743.9,2025.0
2020-11-26 00:00:00+05:30,401.797628505998,2314.95,2213.75,400.94976806640625,1379552,0.0,0.0,ADANIENT.NS,Adani Enterprises Limited,Thermal Coal,Energy,Mr. Gautambhai Shantilal Adani S.Y. B.Com,"Ahmedabad, India",https://www.adanienterprises.com,2308.8,2238.85,2664840298496,77.06275,29.96,0.00059999997,3743.9,2025.0
2020-11-27 00:00:00+05:30,400.00213600070043,2314.95,2213.75,397.4085998535156,1379552,0.0,0.0,ADANIENT.NS,Adani Enterprises Limited,Thermal Coal,Energy,Mr. Gautambhai Shantilal Adani S.Y. B.Com,"Ahmedabad, India",https://www.adanienterprises.com,2308.8,2238.85,2664840298496,77.06275,29.96,0.00059999997,3743.9,2025.0
2020-12-01 00:00:00+05:30,397.0095787872521,2314.95,2213.75,420.85009765625,1379552,0.0,0.0,ADANIENT.NS,Adani Enterprises Limited,Thermal Coal,Energy,Mr. Gautambhai Shantilal Adani S.Y. B.Com,"Ahmedabad, India",https://www.adanienterprises.com,2308.8,2238.85,2664840298496,77.06275,29.96,0.00059999997,3743.9,2025.0
2020-12-02 00:00:00+05:30,419.5034551582717,2314.95,2213.75,452.620849609375,1379552,0.0,0.0,ADANIENT.NS,Adani Enterprises Limited,Thermal Coal,Energy,Mr. Gautambhai Shantilal Adani S.Y. B.Com,"Ahmedabad, India",https://www.adanienterprises.com,2308.8,2238.85,2664840298496,77.06275,29.96,0.00059999997,3743.9,2025.0
2020-12-03 00:00:00+05:30,452.6208939860697,2314.95,2213.75,446.4363098144531,1379552,0.0,0.0,ADANIENT.NS,Adani Enterprises Limited,Thermal Coal,Energy,Mr. Gautambhai Shantilal Adani S.Y. B.Com,"Ahmedabad, India",https://www.adanienterprises.com,2308.8,2238.85,2664840298496,77.06275,29.96,0.00059999997,3743.9,2025.0
2020-12-04 00:00:00+05:30,447.882699657631,2314.95,2213.75,444.8403015136719,1379552,0.0,0.0,ADANIENT.NS,Adani Enterprises Limited,Thermal Coal,Energy,Mr. Gautambhai Shantilal Adani S.Y. B.Com,"Ahmedabad, India",https://www.adanienterprises.com,2308.8,2238.85,2664840298496,77.06275,29.96,0.00059999997,3743.9,2025.0
2020-12-07 00:00:00+05:30,444.8901609938186,2314.95,2213.75,456.4114074707031,1379552,0.0,0.0,ADANIENT.NS,Adani Enterprises Limited,Thermal Coal,Energy,Mr. Gautambhai Shantilal Adani S.Y. B.Com,"Ahmedabad, India",https://www.adanienterprises.com,2308.8,2238.85,2664840298496,77.06275,29.96,0.00059999997,3743.9,2025.0
2020-12-08 00:00:00+05:30,456.4113547839584,2314.95,2213.75,450.7754211425781,1379552,0.0,0.0,ADANIENT.NS,Adani Enterprises Limited,Thermal Coal,Energy,Mr. Gautambhai Shantilal Adani S.Y. B.Com,"Ahmedabad, India",https://www.adanienterprises.com,2308.8,2238.85,2664840298496,77.06275,29.96,0.00059999997,3743.9,2025.0
2020-12-09 00:00:00+05:30,452.8702221490749,2314.95,2213.75,447.982421875,1379552,0.0,0.0,ADANIENT.NS,Adani Enterprises Limited,Thermal Coal,Energy,Mr. Gautambhai Shantilal Adani S.Y. B.Com,"Ahmedabad, India",https://www.adanienterprises.com,2308.8,2238.85,2664840298496,77.06275,29.96,0.00059999997,3743.9,2025.0
2020-12-10 00:00:00+05:30,446.8851881288429,2314.95,2213.75,446.1370544433594,1379552,0.0,0.0,ADANIENT.NS,Adani Enterprises Limited,Thermal Coal,Energy,Mr. Gautambhai Shantilal Adani S.Y. B.Com,"Ahmedabad, India",https://www.adanienterprises.com,2308.8,2238.85,2664840298496,77.06275,29.96,0.00059999997,3743.9,2025.0
2020-12-11 00:00:00+05:30,446.13702189409,2314.95,2213.75,448.6806640625,1379552,0.0,0.0,ADANIENT.NS,Adani Enterprises Limited,Thermal Coal,Energy,Mr. Gautambhai Shantilal Adani S.Y. B.Com,"Ahmedabad, India",https://www.adanienterprises.com,2308.8,2238.85,2664840298496,77.06275,29.96,0.00059999997,3743.9,2025.0
2020-12-14 00:00:00+05:30,449.87769776165317,2314.95,2213.75,454.0173645019531,1379552,0.0,0.0,ADANIENT.NS,Adani Enterprises Limited,Thermal Coal,Energy,Mr. Gautambhai Shantilal Adani S.Y. B.Com,"Ahmedabad, India",https://www.adanienterprises.com,2308.8,2238.85,2664840298496,77.06275,29.96,0.00059999997,3743.9,2025.0
2020-12-15 00:00:00+05:30,454.3664773998351,2314.95,2213.75,461.2991943359375,1379552,0.0,0.0,ADANIENT.NS,Adani Enterprises Limited,Thermal Coal,Energy,Mr. Gautambhai Shantilal Adani S.Y. B.Com,"Ahmedabad, India",https://www.adanienterprises.com,2308.8,2238.85,2664840298496,77.06275,29.96,0.00059999997,3743.9,2025.0
2020-12-16 00:00:00+05:30,461.3490953357942,2314.95,2213.75,462.09722900390625,1379552,0.0,0.0,ADANIENT.NS,Adani Enterprises Limited,Thermal Coal,Energy,Mr. Gautambhai Shantilal Adani S.Y. B.Com,"Ahmedabad, India",https://www.adanienterprises.com,2308.8,2238.85,2664840298496,77.06275,29.96,0.00059999997,3743.9,2025.0
2020-12-17 00:00:00+05:30,462.2468161167765,2314.95,2213.75,458.1570129394531,1379552,0.0,0.0,ADANIENT.NS,Adani Enterprises Limited,Thermal Coal,Energy,Mr. Gautambhai Shantilal Adani S.Y. B.Com,"Ahmedabad, India",https://www.adanienterprises.com,2308.8,2238.85,2664840298496,77.06275,29.96,0.00059999997,3743.9,2025.0
2020-12-18 00:00:00+05:30,459.85281301135717,2314.95,2213.75,454.0173645019531,1379552,0.0,0.0,ADANIENT.NS,Adani Enterprises Limited,Thermal Coal,Energy,Mr. Gautambhai Shantilal Adani S.Y. B.Com,"Ahmedabad, India",https://www.adanienterprises.com,2308.8,2238.85,2664840298496,77.06275,29.96,0.00059999997,3743.9,2025.0
2020-12-21 00:00:00+05:30,452.8702316107777,2314.95,2213.75,428.1319580078125,1379552,0.0,0.0,ADANIENT.NS,Adani Enterprises Limited,Thermal Coal,Energy,Mr. Gautambhai Shantilal Adani S.Y. B.Com,"Ahmedabad, India",https://www.adanienterprises.com,2308.8,2238.85,2664840298496,77.06275,29.96,0.00059999997,3743.9,2025.0
2020-12-22 00:00:00+05:30,427.13443660433967,2314.95,2213.75,457.65826416015625,1379552,0.0,0.0,ADANIENT.NS,Adani Enterprises Limited,Thermal Coal,Energy,Mr. Gautambhai Shantilal Adani S.Y. B.Com,"Ahmedabad, India",https://www.adanienterprises.com,2308.8,2238.85,2664840298496,77.06275,29.96,0.00059999997,3743.9,2025.0
2020-12-23 00:00:00+05:30,456.86024930807184,2314.95,2213.75,462.4463195800781,1379552,0.0,0.0,ADANIENT.NS,Adani Enterprises Limited,Thermal Coal,Energy,Mr. Gautambhai Shantilal Adani S.Y. B.Com,"Ahmedabad, India",https://www.adanienterprises.com,2308.8,2238.85,2664840298496,77.06275,29.96,0.00059999997,3743.9,2025.0
2020-12-24 00:00:00+05:30,463.8429050544107,2314.95,2213.75,472.47137451171875,1379552,0.0,0.0,ADANIENT.NS,Adani Enterprises Limited,Thermal Coal,Energy,Mr. Gautambhai Shantilal Adani S.Y. B.Com,"Ahmedabad, India",https://www.adanienterprises.com,2308.8,2238.85,2664840298496,77.06275,29.96,0.00059999997,3743.9,2025.0
2020-12-28 00:00:00+05:30,471.8229237524366,2314.95,2213.75,489.6285095214844,1379552,0.0,0.0,ADANIENT.NS,Adani Enterprises Limited,Thermal Coal,Energy,Mr. Gautambhai Shantilal Adani S.Y. B.Com,"Ahmedabad, India",https://www.adanienterprises.com,2308.8,2238.85,2664840298496,77.06275,29.96,0.00059999997,3743.9,2025.0
2020-12-29 00:00:00+05:30,490.77565550720624,2314.95,2213.75,487.9826354980469,1379552,0.0,0.0,ADANIENT.NS,Adani Enterprises Limited,Thermal Coal,Energy,Mr. Gautambhai Shantilal Adani S.Y. B.Com,"Ahmedabad, India",https://www.adanienterprises.com,2308.8,2238.85,2664840298496,77.06275,29.96,0.00059999997,3743.9,2025.0
2020-12-30 00:00:00+05:30,487.98267264512987,2314.95,2213.75,482.9452209472656,1379552,0.0,0.0,ADANIENT.NS,Adani Enterprises Limited,Thermal Coal,Energy,Mr. Gautambhai Shantilal Adani S.Y. B.Com,"Ahmedabad, India",https://www.adanienterprises.com,2308.8,2238.85,2664840298496,77.06275,29.96,0.00059999997,3743.9,2025.0
2020-12-31 00:00:00+05:30,479.80306288180384,2314.95,2213.75,478.3566589355469,1379552,0.0,0.0,ADANIENT.NS,Adani Enterprises Limited,Thermal Coal,Energy,Mr. Gautambhai Shantilal Adani S.Y. B.Com,"Ahmedabad, India",https://www.adanienterprises.com,2308.8,2238.85,2664840298496,77.06275,29.96,0.00059999997,3743.9,2025.0
2021-01-01 00:00:00+05:30,475.8130129589264,2314.95,2213.75,489.92779541015625,1379552,0.0,0.0,ADANIENT.NS,Adani Enterprises Limited,Thermal Coal,Energy,Mr. Gautambhai Shantilal Adani S.Y. B.Com,"Ahmedabad, India",https://www.adanienterprises.com,2308.8,2238.85,2664840298496,77.06275,29.96,0.00059999997,3743.9,2025.0
2021-01-04 00:00:00+05:30,490.7756912956585,2314.95,2213.75,493.26947021484375,1379552,0.0,0.0,ADANIENT.NS,Adani Enterprises Limited,Thermal Coal,Energy,Mr. Gautambhai Shantilal Adani S.Y. B.Com,"Ahmedabad, India",https://www.adanienterprises.com,2308.8,2238.85,2664840298496,77.06275,29.96,0.00059999997,3743.9,2025.0
2021-01-05 00:00:00+05:30,490.77565623132966,2314.95,2213.75,493.169677734375,1379552,0.0,0.0,ADANIENT.NS,Adani Enterprises Limited,Thermal Coal,Energy,Mr. Gautambhai Shantilal Adani S.Y. B.Com,"Ahmedabad, India",https://www.adanienterprises.com,2308.8,2238.85,2664840298496,77.06275,29.96,0.00059999997,3743.9,2025.0
2021-01-06 00:00:00+05:30,494.7657206714663,2314.95,2213.75,489.67840576171875,1379552,0.0,0.0,ADANIENT.NS,Adani Enterprises Limited,Thermal Coal,Energy,Mr. Gautambhai Shantilal Adani S.Y. B.Com,"Ahmedabad, India",https://www.adanienterprises.com,2308.8,2238.85,2664840298496,77.06275,29.96,0.00059999997,3743.9,2025.0
2021-01-07 00:00:00+05:30,492.6709096039881,2314.95,2213.75,516.8106689453125,1379552,0.0,0.0,ADANIENT.NS,Adani Enterprises Limited,Thermal Coal,Energy,Mr. Gautambhai Shantilal Adani S.Y. B.Com,"Ahmedabad, India",https://www.adanienterprises.com,2308.8,2238.85,2664840298496,77.06275,29.96,0.00059999997,3743.9,2025.0
2021-01-08 00:00:00+05:30,521.6985564360748,2314.95,2213.75,516.7109985351562,1379552,0.0,0.0,ADANIENT.NS,Adani Enterprises Limited,Thermal Coal,Energy,Mr. Gautambhai Shantilal Adani S.Y. B.Com,"Ahmedabad, India",https://www.adanienterprises.com,2308.8,2238.85,2664840298496,77.06275,29.96,0.00059999997,3743.9,2025.0
2021-01-11 00:00:00+05:30,519.3044973622254,2314.95,2213.75,517.858154296875,1379552,0.0,0.0,ADANIENT.NS,Adani Enterprises Limited,Thermal Coal,Energy,Mr. Gautambhai Shantilal Adani S.Y. B.Com,"Ahmedabad, India",https://www.adanienterprises.com,2308.8,2238.85,2664840298496,77.06275,29.96,0.00059999997,3743.9,2025.0
2021-01-12 00:00:00+05:30,517.7084317961784,2314.95,2213.75,524.092529296875,1379552,0.0,0.0,ADANIENT.NS,Adani Enterprises Limited,Thermal Coal,Energy,Mr. Gautambhai Shantilal Adani S.Y. B.Com,"Ahmedabad, India",https://www.adanienterprises.com,2308.8,2238.85,2664840298496,77.06275,29.96,0.00059999997,3743.9,2025.0
2021-01-13 00:00:00+05:30,527.7832866272258,2314.95,2213.75,534.7160034179688,1379552,0.0,0.0,ADANIENT.NS,Adani Enterprises Limited,Thermal Coal,Energy,Mr. Gautambhai Shantilal Adani S.Y. B.Com,"Ahmedabad, India",https://www.adanienterprises.com,2308.8,2238.85,2664840298496,77.06275,29.96,0.00059999997,3743.9,2025.0
2021-01-14 00:00:00+05:30,533.61882339391,2314.95,2213.75,530.77587890625,1379552,0.0,0.0,ADANIENT.NS,Adani Enterprises Limited,Thermal Coal,Energy,Mr. Gautambhai Shantilal Adani S.Y. B.Com,"Ahmedabad, India",https://www.adanienterprises.com,2308.8,2238.85,2664840298496,77.06275,29.96,0.00059999997,3743.9,2025.0
2021-01-15 00:00:00+05:30,533.3694022984961,2314.95,2213.75,525.98779296875,1379552,0.0,0.0,ADANIENT.NS,Adani Enterprises Limited,Thermal Coal,Energy,Mr. Gautambhai Shantilal Adani S.Y. B.Com,"Ahmedabad, India",https://www.adanienterprises.com,2308.8,2238.85,2664840298496,77.06275,29.96,0.00059999997,3743.9,2025.0
2021-01-18 00:00:00+05:30,526.6860941580696,2314.95,2213.75,506.58624267578125,1379552,0.0,0.0,ADANIENT.NS,Adani Enterprises Limited,Thermal Coal,Energy,Mr. Gautambhai Shantilal Adani S.Y. B.Com,"Ahmedabad, India",https://www.adanienterprises.com,2308.8,2238.85,2664840298496,77.06275,29.96,0.00059999997,3743.9,2025.0
2021-01-19 00:00:00+05:30,511.0251891841027,2314.95,2213.75,528.7808837890625,1379552,0.0,0.0,ADANIENT.NS,Adani Enterprises Limited,Thermal Coal,Energy,Mr. Gautambhai Shantilal Adani S.Y. B.Com,"Ahmedabad, India",https://www.adanienterprises.com,2308.8,2238.85,2664840298496,77.06275,29.96,0.00059999997,3743.9,2025.0
2021-01-20 00:00:00+05:30,530.8258203778928,2314.95,2213.75,545.3894653320312,1379552,0.0,0.0,ADANIENT.NS,Adani Enterprises Limited,Thermal Coal,Energy,Mr. Gautambhai Shantilal Adani S.Y. B.Com,"Ahmedabad, India",https://www.adanienterprises.com,2308.8,2238.85,2664840298496,77.06275,29.96,0.00059999997,3743.9,2025.0
2021-01-21 00:00:00+05:30,550.0278193461271,2314.95,2213.75,535.5639038085938,1379552,0.0,0.0,ADANIENT.NS,Adani Enterprises Limited,Thermal Coal,Energy,Mr. Gautambhai Shantilal Adani S.Y. B.Com,"Ahmedabad, India",https://www.adanienterprises.com,2308.8,2238.85,2664840298496,77.06275,29.96,0.00059999997,3743.9,2025.0
2021-01-22 00:00:00+05:30,532.7210953519286,2314.95,2213.75,525.4891357421875,1379552,0.0,0.0,ADANIENT.NS,Adani Enterprises Limited,Thermal Coal,Energy,Mr. Gautambhai Shantilal Adani S.Y. B.Com,"Ahmedabad, India",https://www.adanienterprises.com,2308.8,2238.85,2664840298496,77.06275,29.96,0.00059999997,3743.9,2025.0
2021-01-25 00:00:00+05:30,528.9304425208956,2314.95,2213.75,512.6211547851562,1379552,0.0,0.0,ADANIENT.NS,Adani Enterprises Limited,Thermal Coal,Energy,Mr. Gautambhai Shantilal Adani S.Y. B.Com,"Ahmedabad, India",https://www.adanienterprises.com,2308.8,2238.85,2664840298496,77.06275,29.96,0.00059999997,3743.9,2025.0
2021-01-27 00:00:00+05:30,511.8231365430084,2314.95,2213.75,511.5238952636719,1379552,0.0,0.0,ADANIENT.NS,Adani Enterprises Limited,Thermal Coal,Energy,Mr. Gautambhai Shantilal Adani S.Y. B.Com,"Ahmedabad, India",https://www.adanienterprises.com,2308.8,2238.85,2664840298496,77.06275,29.96,0.00059999997,3743.9,2025.0
2021-01-28 00:00:00+05:30,506.0375678727382,2314.95,2213.75,510.5762634277344,1379552,0.0,0.0,ADANIENT.NS,Adani Enterprises Limited,Thermal Coal,Energy,Mr. Gautambhai Shantilal Adani S.Y. B.Com,"Ahmedabad, India",https://www.adanienterprises.com,2308.8,2238.85,2664840298496,77.06275,29.96,0.00059999997,3743.9,2025.0
2021-01-29 00:00:00+05:30,513.9179942494378,2314.95,2213.75,505.3892517089844,1379552,0.0,0.0,ADANIENT.NS,Adani Enterprises Limited,Thermal Coal,Energy,Mr. Gautambhai Shantilal Adani S.Y. B.Com,"Ahmedabad, India",https://www.adanienterprises.com,2308.8,2238.85,2664840298496,77.06275,29.96,0.00059999997,3743.9,2025.0
2021-02-01 00:00:00+05:30,509.22959148370984,2314.95,2213.75,535.8631591796875,1379552,0.0,0.0,ADANIENT.NS,Adani Enterprises Limited,Thermal Coal,Energy,Mr. Gautambhai Shantilal Adani S.Y. B.Com,"Ahmedabad, India",https://www.adanienterprises.com,2308.8,2238.85,2664840298496,77.06275,29.96,0.00059999997,3743.9,2025.0
2021-02-02 00:00:00+05:30,540.7011742820644,2314.95,2213.75,562.7960815429688,1379552,0.0,0.0,ADANIENT.NS,Adani Enterprises Limited,Thermal Coal,Energy,Mr. Gautambhai Shantilal Adani S.Y. B.Com,"Ahmedabad, India",https://www.adanienterprises.com,2308.8,2238.85,2664840298496,77.06275,29.96,0.00059999997,3743.9,2025.0
2021-02-03 00:00:00+05:30,566.5865429216343,2314.95,2213.75,565.1900024414062,1379552,0.0,0.0,ADANIENT.NS,Adani Enterprises Limited,Thermal Coal,Energy,Mr. Gautambhai Shantilal Adani S.Y. B.Com,"Ahmedabad, India",https://www.adanienterprises.com,2308.8,2238.85,2664840298496,77.06275,29.96,0.00059999997,3743.9,2025.0
2021-02-04 00:00:00+05:30,560.5515416470483,2314.95,2213.75,588.2324829101562,1379552,0.0,0.0,ADANIENT.NS,Adani Enterprises Limited,Thermal Coal,Energy,Mr. Gautambhai Shantilal Adani S.Y. B.Com,"Ahmedabad, India",https://www.adanienterprises.com,2308.8,2238.85,2664840298496,77.06275,29.96,0.00059999997,3743.9,2025.0
2021-02-05 00:00:00+05:30,593.5193645536176,2314.95,2213.75,593.8684692382812,1379552,0.0,0.0,ADANIENT.NS,Adani Enterprises Limited,Thermal Coal,Energy,Mr. Gautambhai Shantilal Adani S.Y. B.Com,"Ahmedabad, India",https://www.adanienterprises.com,2308.8,2238.85,2664840298496,77.06275,29.96,0.00059999997,3743.9,2025.0
2021-02-08 00:00:00+05:30,603.8934738519363,2314.95,2213.75,626.7364501953125,1379552,0.0,0.0,ADANIENT.NS,Adani Enterprises Limited,Thermal Coal,Energy,Mr. Gautambhai Shantilal Adani S.Y. B.Com,"Ahmedabad, India",https://www.adanienterprises.com,2308.8,2238.85,2664840298496,77.06275,29.96,0.00059999997,3743.9,2025.0
2021-02-09 00:00:00+05:30,629.8786477004827,2314.95,2213.75,628.2825927734375,1379552,0.0,0.0,ADANIENT.NS,Adani Enterprises Limited,Thermal Coal,Energy,Mr. Gautambhai Shantilal Adani S.Y. B.Com,"Ahmedabad, India",https://www.adanienterprises.com,2308.8,2238.85,2664840298496,77.06275,29.96,0.00059999997,3743.9,2025.0
2021-02-10 00:00:00+05:30,631.4746470671796,2314.95,2213.75,649.0807495117188,1379552,0.0,0.0,ADANIENT.NS,Adani Enterprises Limited,Thermal Coal,Energy,Mr. Gautambhai Shantilal Adani S.Y. B.Com,"Ahmedabad, India",https://www.adanienterprises.com,2308.8,2238.85,2664840298496,77.06275,29.96,0.00059999997,3743.9,2025.0
2021-02-11 00:00:00+05:30,652.3725309536109,2314.95,2213.75,656.9610595703125,1379552,0.0,0.0,ADANIENT.NS,Adani Enterprises Limited,Thermal Coal,Energy,Mr. Gautambhai Shantilal Adani S.Y. B.Com,"Ahmedabad, India",https://www.adanienterprises.com,2308.8,2238.85,2664840298496,77.06275,29.96,0.00059999997,3743.9,2025.0
2021-02-12 00:00:00+05:30,655.3650962618503,2314.95,2213.75,717.1609497070312,1379552,0.0,0.0,ADANIENT.NS,Adani Enterprises Limited,Thermal Coal,Energy,Mr. Gautambhai Shantilal Adani S.Y. B.Com,"Ahmedabad, India",https://www.adanienterprises.com,2308.8,2238.85,2664840298496,77.06275,29.96,0.00059999997,3743.9,2025.0
2021-02-15 00:00:00+05:30,723.1958413429733,2314.95,2213.75,761.5501708984375,1379552,0.0,0.0,ADANIENT.NS,Adani Enterprises Limited,Thermal Coal,Energy,Mr. Gautambhai Shantilal Adani S.Y. B.Com,"Ahmedabad, India",https://www.adanienterprises.com,2308.8,2238.85,2664840298496,77.06275,29.96,0.00059999997,3743.9,2025.0
2021-02-16 00:00:00+05:30,758.1087988802451,2314.95,2213.75,778.258544921875,1379552,0.0,0.0,ADANIENT.NS,Adani Enterprises Limited,Thermal Coal,Energy,Mr. Gautambhai Shantilal Adani S.Y. B.Com,"Ahmedabad, India",https://www.adanienterprises.com,2308.8,2238.85,2664840298496,77.06275,29.96,0.00059999997,3743.9,2025.0
2021-02-17 00:00:00+05:30,785.1912040953714,2314.95,2213.75,783.4954223632812,1379552,0.0,0.0,ADANIENT.NS,Adani Enterprises Limited,Thermal Coal,Energy,Mr. Gautambhai Shantilal Adani S.Y. B.Com,"Ahmedabad, India",https://www.adanienterprises.com,2308.8,2238.85,2664840298496,77.06275,29.96,0.00059999997,3743.9,2025.0
2021-02-18 00:00:00+05:30,785.2909637309049,2314.95,2213.75,806.1888427734375,1379552,0.0,0.0,ADANIENT.NS,Adani Enterprises Limited,Thermal Coal,Energy,Mr. Gautambhai Shantilal Adani S.Y. B.Com,"Ahmedabad, India",https://www.adanienterprises.com,2308.8,2238.85,2664840298496,77.06275,29.96,0.00059999997,3743.9,2025.0
2021-02-19 00:00:00+05:30,810.9768686990902,2314.95,2213.75,779.9542846679688,1379552,0.0,0.0,ADANIENT.NS,Adani Enterprises Limited,Thermal Coal,Energy,Mr. Gautambhai Shantilal Adani S.Y. B.Com,"Ahmedabad, India",https://www.adanienterprises.com,2308.8,2238.85,2664840298496,77.06275,29.96,0.00059999997,3743.9,2025.0
2021-02-22 00:00:00+05:30,784.044087845181,2314.95,2213.75,803.8945922851562,1379552,0.0,0.0,ADANIENT.NS,Adani Enterprises Limited,Thermal Coal,Energy,Mr. Gautambhai Shantilal Adani S.Y. B.Com,"Ahmedabad, India",https://www.adanienterprises.com,2308.8,2238.85,2664840298496,77.06275,29.96,0.00059999997,3743.9,2025.0
2021-02-23 00:00:00+05:30,812.7724200992445,2314.95,2213.75,797.66015625,1379552,0.0,0.0,ADANIENT.NS,Adani Enterprises Limited,Thermal Coal,Energy,Mr. Gautambhai Shantilal Adani S.Y. B.Com,"Ahmedabad, India",https://www.adanienterprises.com,2308.8,2238.85,2664840298496,77.06275,29.96,0.00059999997,3743.9,2025.0
2021-02-24 00:00:00+05:30,803.9942861028212,2314.95,2213.75,803.1962890625,1379552,0.0,0.0,ADANIENT.NS,Adani Enterprises Limited,Thermal Coal,Energy,Mr. Gautambhai Shantilal Adani S.Y. B.Com,"Ahmedabad, India",https://www.adanienterprises.com,2308.8,2238.85,2664840298496,77.06275,29.96,0.00059999997,3743.9,2025.0
2021-02-25 00:00:00+05:30,811.974351051932,2314.95,2213.75,841.4009399414062,1379552,0.0,0.0,ADANIENT.NS,Adani Enterprises Limited,Thermal Coal,Energy,Mr. Gautambhai Shantilal Adani S.Y. B.Com,"Ahmedabad, India",https://www.adanienterprises.com,2308.8,2238.85,2664840298496,77.06275,29.96,0.00059999997,3743.9,2025.0
2021-02-26 00:00:00+05:30,831.8248783675276,2314.95,2213.75,831.5755004882812,1379552,0.0,0.0,ADANIENT.NS,Adani Enterprises Limited,Thermal Coal,Energy,Mr. Gautambhai Shantilal Adani S.Y. B.Com,"Ahmedabad, India",https://www.adanienterprises.com,2308.8,2238.85,2664840298496,77.06275,29.96,0.00059999997,3743.9,2025.0
2021-03-01 00:00:00+05:30,838.6577938525592,2314.95,2213.75,849.3810424804688,1379552,0.0,0.0,ADANIENT.NS,Adani Enterprises Limited,Thermal Coal,Energy,Mr. Gautambhai Shantilal Adani S.Y. B.Com,"Ahmedabad, India",https://www.adanienterprises.com,2308.8,2238.85,2664840298496,77.06275,29.96,0.00059999997,3743.9,2025.0
2021-03-02 00:00:00+05:30,855.2663991545709,2314.95,2213.75,870.378662109375,1379552,0.0,0.0,ADANIENT.NS,Adani Enterprises Limited,Thermal Coal,Energy,Mr. Gautambhai Shantilal Adani S.Y. B.Com,"Ahmedabad, India",https://www.adanienterprises.com,2308.8,2238.85,2664840298496,77.06275,29.96,0.00059999997,3743.9,2025.0
2021-03-03 00:00:00+05:30,878.2590281100078,2314.95,2213.75,913.0721435546875,1379552,0.0,0.0,ADANIENT.NS,Adani Enterprises Limited,Thermal Coal,Energy,Mr. Gautambhai Shantilal Adani S.Y. B.Com,"Ahmedabad, India",https://www.adanienterprises.com,2308.8,2238.85,2664840298496,77.06275,29.96,0.00059999997,3743.9,2025.0
2021-03-04 00:00:00+05:30,907.7355027219261,2314.95,2213.75,916.1146240234375,1379552,0.0,0.0,ADANIENT.NS,Adani Enterprises Limited,Thermal Coal,Energy,Mr. Gautambhai Shantilal Adani S.Y. B.Com,"Ahmedabad, India",https://www.adanienterprises.com,2308.8,2238.85,2664840298496,77.06275,29.96,0.00059999997,3743.9,2025.0
2021-03-05 00:00:00+05:30,915.7156225981536,2314.95,2213.75,907.6358032226562,1379552,0.0,0.0,ADANIENT.NS,Adani Enterprises Limited,Thermal Coal,Energy,Mr. Gautambhai Shantilal Adani S.Y. B.Com,"Ahmedabad, India",https://www.adanienterprises.com,2308.8,2238.85,2664840298496,77.06275,29.96,0.00059999997,3743.9,2025.0
2021-03-08 00:00:00+05:30,915.8153020355714,2314.95,2213.75,907.9349975585938,1379552,0.0,0.0,ADANIENT.NS,Adani Enterprises Limited,Thermal Coal,Energy,Mr. Gautambhai Shantilal Adani S.Y. B.Com,"Ahmedabad, India",https://www.adanienterprises.com,2308.8,2238.85,2664840298496,77.06275,29.96,0.00059999997,3743.9,2025.0
2021-03-09 00:00:00+05:30,915.7155222339028,2314.95,2213.75,902.9473876953125,1379552,0.0,0.0,ADANIENT.NS,Adani Enterprises Limited,Thermal Coal,Energy,Mr. Gautambhai Shantilal Adani S.Y. B.Com,"Ahmedabad, India",https://www.adanienterprises.com,2308.8,2238.85,2664840298496,77.06275,29.96,0.00059999997,3743.9,2025.0
2021-03-10 00:00:00+05:30,908.7330383567024,2314.95,2213.75,895.9150390625,1379552,0.0,0.0,ADANIENT.NS,Adani Enterprises Limited,Thermal Coal,Energy,Mr. Gautambhai Shantilal Adani S.Y. B.Com,"Ahmedabad, India",https://www.adanienterprises.com,2308.8,2238.85,2664840298496,77.06275,29.96,0.00059999997,3743.9,2025.0
2021-03-12 00:00:00+05:30,902.7479613874976,2314.95,2213.75,891.8750610351562,1379552,0.0,0.0,ADANIENT.NS,Adani Enterprises Limited,Thermal Coal,Energy,Mr. Gautambhai Shantilal Adani S.Y. B.Com,"Ahmedabad, India",https://www.adanienterprises.com,2308.8,2238.85,2664840298496,77.06275,29.96,0.00059999997,3743.9,2025.0
2021-03-15 00:00:00+05:30,896.5134908669627,2314.95,2213.75,893.9698486328125,1379552,0.0,0.0,ADANIENT.NS,Adani Enterprises Limited,Thermal Coal,Energy,Mr. Gautambhai Shantilal Adani S.Y. B.Com,"Ahmedabad, India",https://www.adanienterprises.com,2308.8,2238.85,2664840298496,77.06275,29.96,0.00059999997,3743.9,2025.0
2021-03-16 00:00:00+05:30,898.4586647803534,2314.95,2213.75,895.5658569335938,1379552,0.0,0.0,ADANIENT.NS,Adani Enterprises Limited,Thermal Coal,Energy,Mr. Gautambhai Shantilal Adani S.Y. B.Com,"Ahmedabad, India",https://www.adanienterprises.com,2308.8,2238.85,2664840298496,77.06275,29.96,0.00059999997,3743.9,2025.0
2021-03-17 00:00:00+05:30,895.7652823604003,2314.95,2213.75,871.7252807617188,1379552,0.0,0.0,ADANIENT.NS,Adani Enterprises Limited,Thermal Coal,Energy,Mr. Gautambhai Shantilal Adani S.Y. B.Com,"Ahmedabad, India",https://www.adanienterprises.com,2308.8,2238.85,2664840298496,77.06275,29.96,0.00059999997,3743.9,2025.0
2021-03-18 00:00:00+05:30,873.8200793859949,2314.95,2213.75,868.8823852539062,1379552,0.0,0.0,ADANIENT.NS,Adani Enterprises Limited,Thermal Coal,Energy,Mr. Gautambhai Shantilal Adani S.Y. B.Com,"Ahmedabad, India",https://www.adanienterprises.com,2308.8,2238.85,2664840298496,77.06275,29.96,0.00059999997,3743.9,2025.0
2021-03-19 00:00:00+05:30,863.8450445958316,2314.95,2213.75,887.4362182617188,1379552,0.0,0.0,ADANIENT.NS,Adani Enterprises Limited,Thermal Coal,Energy,Mr. Gautambhai Shantilal Adani S.Y. B.Com,"Ahmedabad, India",https://www.adanienterprises.com,2308.8,2238.85,2664840298496,77.06275,29.96,0.00059999997,3743.9,2025.0
2021-03-22 00:00:00+05:30,890.6780249867849,2314.95,2213.75,988.583740234375,1379552,0.0,0.0,ADANIENT.NS,Adani Enterprises Limited,Thermal Coal,Energy,Mr. Gautambhai Shantilal Adani S.Y. B.Com,"Ahmedabad, India",https://www.adanienterprises.com,2308.8,2238.85,2664840298496,77.06275,29.96,0.00059999997,3743.9,2025.0
2021-03-23 00:00:00+05:30,996.5139104677021,2314.95,2213.75,1055.76611328125,1379552,0.0,0.0,ADANIENT.NS,Adani Enterprises Limited,Thermal Coal,Energy,Mr. Gautambhai Shantilal Adani S.Y. B.Com,"Ahmedabad, India",https://www.adanienterprises.com,2308.8,2238.85,2664840298496,77.06275,29.96,0.00059999997,3743.9,2025.0
2021-03-24 00:00:00+05:30,1060.3546750747516,2314.95,2213.75,1022.8980712890625,1379552,0.0,0.0,ADANIENT.NS,Adani Enterprises Limited,Thermal Coal,Energy,Mr. Gautambhai Shantilal Adani S.Y. B.Com,"Ahmedabad, India",https://www.adanienterprises.com,2308.8,2238.85,2664840298496,77.06275,29.96,0.00059999997,3743.9,2025.0
2021-03-25 00:00:00+05:30,1030.3794775565952,2314.95,2213.75,979.107421875,1379552,0.0,0.0,ADANIENT.NS,Adani Enterprises Limited,Thermal Coal,Energy,Mr. Gautambhai Shantilal Adani S.Y. B.Com,"Ahmedabad, India",https://www.adanienterprises.com,2308.8,2238.85,2664840298496,77.06275,29.96,0.00059999997,3743.9,2025.0
2021-03-26 00:00:00+05:30,997.5114725776876,2314.95,2213.75,985.840576171875,1379552,0.0,0.0,ADANIENT.NS,Adani Enterprises Limited,Thermal Coal,Energy,Mr. Gautambhai Shantilal Adani S.Y. B.Com,"Ahmedabad, India",https://www.adanienterprises.com,2308.8,2238.85,2664840298496,77.06275,29.96,0.00059999997,3743.9,2025.0
2021-03-30 00:00:00+05:30,1001.5015418099232,2314.95,2213.75,1028.9830322265625,1379552,0.0,0.0,ADANIENT.NS,Adani Enterprises Limited,Thermal Coal,Energy,Mr. Gautambhai Shantilal Adani S.Y. B.Com,"Ahmedabad, India",https://www.adanienterprises.com,2308.8,2238.85,2664840298496,77.06275,29.96,0.00059999997,3743.9,2025.0
2021-03-31 00:00:00+05:30,1035.4169136425512,2314.95,2213.75,1028.583984375,1379552,0.0,0.0,ADANIENT.NS,Adani Enterprises Limited,Thermal Coal,Energy,Mr. Gautambhai Shantilal Adani S.Y. B.Com,"Ahmedabad, India",https://www.adanienterprises.com,2308.8,2238.85,2664840298496,77.06275,29.96,0.00059999997,3743.9,2025.0
2021-04-01 00:00:00+05:30,1040.8034254316965,2314.95,2213.75,1104.444580078125,1379552,0.0,0.0,ADANIENT.NS,Adani Enterprises Limited,Thermal Coal,Energy,Mr. Gautambhai Shantilal Adani S.Y. B.Com,"Ahmedabad, India",https://www.adanienterprises.com,2308.8,2238.85,2664840298496,77.06275,29.96,0.00059999997,3743.9,2025.0
2021-04-05 00:00:00+05:30,1124.1954759396278,2314.95,2213.75,1135.41748046875,1379552,0.0,0.0,ADANIENT.NS,Adani Enterprises Limited,Thermal Coal,Energy,Mr. Gautambhai Shantilal Adani S.Y. B.Com,"Ahmedabad, India",https://www.adanienterprises.com,2308.8,2238.85,2664840298496,77.06275,29.96,0.00059999997,3743.9,2025.0
2021-04-06 00:00:00+05:30,1150.5297597304966,2314.95,2213.75,1222.3505859375,1379552,0.0,0.0,ADANIENT.NS,Adani Enterprises Limited,Thermal Coal,Energy,Mr. Gautambhai Shantilal Adani S.Y. B.Com,"Ahmedabad, India",https://www.adanienterprises.com,2308.8,2238.85,2664840298496,77.06275,29.96,0.00059999997,3743.9,2025.0
2021-04-07 00:00:00+05:30,1230.3306646445626,2314.95,2213.75,1162.6495361328125,1379552,0.0,0.0,ADANIENT.NS,Adani Enterprises Limited,Thermal Coal,Energy,Mr. Gautambhai Shantilal Adani S.Y. B.Com,"Ahmedabad, India",https://www.adanienterprises.com,2308.8,2238.85,2664840298496,77.06275,29.96,0.00059999997,3743.9,2025.0
2021-04-08 00:00:00+05:30,1159.6070556640625,2314.95,2213.75,1159.6070556640625,1379552,0.0,0.0,ADANIENT.NS,Adani Enterprises Limited,Thermal Coal,Energy,Mr. Gautambhai Shantilal Adani S.Y. B.Com,"Ahmedabad, India",https://www.adanienterprises.com,2308.8,2238.85,2664840298496,77.06275,29.96,0.00059999997,3743.9,2025.0
2021-04-09 00:00:00+05:30,1160.5049614948218,2314.95,2213.75,1198.410400390625,1379552,0.0,0.0,ADANIENT.NS,Adani Enterprises Limited,Thermal Coal,Energy,Mr. Gautambhai Shantilal Adani S.Y. B.Com,"Ahmedabad, India",https://www.adanienterprises.com,2308.8,2238.85,2664840298496,77.06275,29.96,0.00059999997,3743.9,2025.0
2021-04-12 00:00:00+05:30,1174.469996954521,2314.95,2213.75,1071.726318359375,1379552,0.0,0.0,ADANIENT.NS,Adani Enterprises Limited,Thermal Coal,Energy,Mr. Gautambhai Shantilal Adani S.Y. B.Com,"Ahmedabad, India",https://www.adanienterprises.com,2308.8,2238.85,2664840298496,77.06275,29.96,0.00059999997,3743.9,2025.0
2021-04-13 00:00:00+05:30,1074.3198641674664,2314.95,2213.75,1103.5968017578125,1379552,0.0,0.0,ADANIENT.NS,Adani Enterprises Limited,Thermal Coal,Energy,Mr. Gautambhai Shantilal Adani S.Y. B.Com,"Ahmedabad, India",https://www.adanienterprises.com,2308.8,2238.85,2664840298496,77.06275,29.96,0.00059999997,3743.9,2025.0
2021-04-15 00:00:00+05:30,1092.2750835894583,2314.95,2213.75,1127.1380615234375,1379552,0.0,0.0,ADANIENT.NS,Adani Enterprises Limited,Thermal Coal,Energy,Mr. Gautambhai Shantilal Adani S.Y. B.Com,"Ahmedabad, India",https://www.adanienterprises.com,2308.8,2238.85,2664840298496,77.06275,29.96,0.00059999997,3743.9,2025.0
2021-04-16 00:00:00+05:30,1127.1880108205485,2314.95,2213.75,1156.1158447265625,1379552,0.0,0.0,ADANIENT.NS,Adani Enterprises Limited,Thermal Coal,Energy,Mr. Gautambhai Shantilal Adani S.Y. B.Com,"Ahmedabad, India",https://www.adanienterprises.com,2308.8,2238.85,2664840298496,77.06275,29.96,0.00059999997,3743.9,2025.0
2021-04-19 00:00:00+05:30,1097.2625784202542,2314.95,2213.75,1133.5220947265625,1379552,0.0,0.0,ADANIENT.NS,Adani Enterprises Limited,Thermal Coal,Energy,Mr. Gautambhai Shantilal Adani S.Y. B.Com,"Ahmedabad, India",https://www.adanienterprises.com,2308.8,2238.85,2664840298496,77.06275,29.96,0.00059999997,3743.9,2025.0
2021-04-20 00:00:00+05:30,1153.971137591562,2314.95,2213.75,1139.90625,1379552,0.0,0.0,ADANIENT.NS,Adani Enterprises Limited,Thermal Coal,Energy,Mr. Gautambhai Shantilal Adani S.Y. B.Com,"Ahmedabad, India",https://www.adanienterprises.com,2308.8,2238.85,2664840298496,77.06275,29.96,0.00059999997,3743.9,2025.0
2021-04-22 00:00:00+05:30,1131.1781212222045,2314.95,2213.75,1154.9189453125,1379552,0.0,0.0,ADANIENT.NS,Adani Enterprises Limited,Thermal Coal,Energy,Mr. Gautambhai Shantilal Adani S.Y. B.Com,"Ahmedabad, India",https://www.adanienterprises.com,2308.8,2238.85,2664840298496,77.06275,29.96,0.00059999997,3743.9,2025.0
2021-04-23 00:00:00+05:30,1158.1108015883904,2314.95,2213.75,1154.71923828125,1379552,0.0,0.0,ADANIENT.NS,Adani Enterprises Limited,Thermal Coal,Energy,Mr. Gautambhai Shantilal Adani S.Y. B.Com,"Ahmedabad, India",https://www.adanienterprises.com,2308.8,2238.85,2664840298496,77.06275,29.96,0.00059999997,3743.9,2025.0
2021-04-26 00:00:00+05:30,1157.1132999995943,2314.95,2213.75,1170.4300537109375,1379552,0.0,0.0,ADANIENT.NS,Adani Enterprises Limited,Thermal Coal,Energy,Mr. Gautambhai Shantilal Adani S.Y. B.Com,"Ahmedabad, India",https://www.adanienterprises.com,2308.8,2238.85,2664840298496,77.06275,29.96,0.00059999997,3743.9,2025.0
2021-04-27 00:00:00+05:30,1181.7517690869875,2314.95,2213.75,1188.185791015625,1379552,0.0,0.0,ADANIENT.NS,Adani Enterprises Limited,Thermal Coal,Energy,Mr. Gautambhai Shantilal Adani S.Y. B.Com,"Ahmedabad, India",https://www.adanienterprises.com,2308.8,2238.85,2664840298496,77.06275,29.96,0.00059999997,3743.9,2025.0
2021-04-28 00:00:00+05:30,1204.9439975381754,2314.95,2213.75,1182.2506103515625,1379552,0.0,0.0,ADANIENT.NS,Adani Enterprises Limited,Thermal Coal,Energy,Mr. Gautambhai Shantilal Adani S.Y. B.Com,"Ahmedabad, India",https://www.adanienterprises.com,2308.8,2238.85,2664840298496,77.06275,29.96,0.00059999997,3743.9,2025.0
2021-04-29 00:00:00+05:30,1193.5723256704384,2314.95,2213.75,1179.3577880859375,1379552,0.0,0.0,ADANIENT.NS,Adani Enterprises Limited,Thermal Coal,Energy,Mr. Gautambhai Shantilal Adani S.Y. B.Com,"Ahmedabad, India",https://www.adanienterprises.com,2308.8,2238.85,2664840298496,77.06275,29.96,0.00059999997,3743.9,2025.0
2021-04-30 00:00:00+05:30,1168.0860918640508,2314.95,2213.75,1155.816650390625,1379552,0.0,0.0,ADANIENT.NS,Adani Enterprises Limited,Thermal Coal,Energy,Mr. Gautambhai Shantilal Adani S.Y. B.Com,"Ahmedabad, India",https://www.adanienterprises.com,2308.8,2238.85,2664840298496,77.06275,29.96,0.00059999997,3743.9,2025.0
2021-05-03 00:00:00+05:30,1142.2505481730088,2314.95,2213.75,1252.42578125,1379552,0.0,0.0,ADANIENT.NS,Adani Enterprises Limited,Thermal Coal,Energy,Mr. Gautambhai Shantilal Adani S.Y. B.Com,"Ahmedabad, India",https://www.adanienterprises.com,2308.8,2238.85,2664840298496,77.06275,29.96,0.00059999997,3743.9,2025.0
2021-05-04 00:00:00+05:30,1281.8022852529393,2314.95,2213.75,1259.3582763671875,1379552,0.0,0.0,ADANIENT.NS,Adani Enterprises Limited,Thermal Coal,Energy,Mr. Gautambhai Shantilal Adani S.Y. B.Com,"Ahmedabad, India",https://www.adanienterprises.com,2308.8,2238.85,2664840298496,77.06275,29.96,0.00059999997,3743.9,2025.0
2021-05-05 00:00:00+05:30,1271.228678892879,2314.95,2213.75,1264.3458251953125,1379552,0.0,0.0,ADANIENT.NS,Adani Enterprises Limited,Thermal Coal,Energy,Mr. Gautambhai Shantilal Adani S.Y. B.Com,"Ahmedabad, India",https://www.adanienterprises.com,2308.8,2238.85,2664840298496,77.06275,29.96,0.00059999997,3743.9,2025.0
2021-05-06 00:00:00+05:30,1269.1837831086757,2314.95,2213.75,1283.5479736328125,1379552,0.0,0.0,ADANIENT.NS,Adani Enterprises Limited,Thermal Coal,Energy,Mr. Gautambhai Shantilal Adani S.Y. B.Com,"Ahmedabad, India",https://www.adanienterprises.com,2308.8,2238.85,2664840298496,77.06275,29.96,0.00059999997,3743.9,2025.0
2021-05-07 00:00:00+05:30,1301.7525204666772,2314.95,2213.75,1295.667724609375,1379552,0.0,0.0,ADANIENT.NS,Adani Enterprises Limited,Thermal Coal,Energy,Mr. Gautambhai Shantilal Adani S.Y. B.Com,"Ahmedabad, India",https://www.adanienterprises.com,2308.8,2238.85,2664840298496,77.06275,29.96,0.00059999997,3743.9,2025.0
2021-05-10 00:00:00+05:30,1291.6778003484326,2314.95,2213.75,1300.8548583984375,1379552,0.0,0.0,ADANIENT.NS,Adani Enterprises Limited,Thermal Coal,Energy,Mr. Gautambhai Shantilal Adani S.Y. B.Com,"Ahmedabad, India",https://www.adanienterprises.com,2308.8,2238.85,2664840298496,77.06275,29.96,0.00059999997,3743.9,2025.0
2021-05-11 00:00:00+05:30,1288.784964458669,2314.95,2213.75,1300.25634765625,1379552,0.0,0.0,ADANIENT.NS,Adani Enterprises Limited,Thermal Coal,Energy,Mr. Gautambhai Shantilal Adani S.Y. B.Com,"Ahmedabad, India",https://www.adanienterprises.com,2308.8,2238.85,2664840298496,77.06275,29.96,0.00059999997,3743.9,2025.0
2021-05-12 00:00:00+05:30,1307.7375830154992,2314.95,2213.75,1282.600341796875,1379552,0.0,0.0,ADANIENT.NS,Adani Enterprises Limited,Thermal Coal,Energy,Mr. Gautambhai Shantilal Adani S.Y. B.Com,"Ahmedabad, India",https://www.adanienterprises.com,2308.8,2238.85,2664840298496,77.06275,29.96,0.00059999997,3743.9,2025.0
2021-05-14 00:00:00+05:30,1296.7650541301598,2314.95,2213.75,1217.313232421875,1379552,0.0,0.0,ADANIENT.NS,Adani Enterprises Limited,Thermal Coal,Energy,Mr. Gautambhai Shantilal Adani S.Y. B.Com,"Ahmedabad, India",https://www.adanienterprises.com,2308.8,2238.85,2664840298496,77.06275,29.96,0.00059999997,3743.9,2025.0
2021-05-17 00:00:00+05:30,1226.9391827339869,2314.95,2213.75,1285.89208984375,1379552,0.0,0.0,ADANIENT.NS,Adani Enterprises Limited,Thermal Coal,Energy,Mr. Gautambhai Shantilal Adani S.Y. B.Com,"Ahmedabad, India",https://www.adanienterprises.com,2308.8,2238.85,2664840298496,77.06275,29.96,0.00059999997,3743.9,2025.0
2021-05-18 00:00:00+05:30,1311.6776775596006,2314.95,2213.75,1323.3984375,1379552,0.0,0.0,ADANIENT.NS,Adani Enterprises Limited,Thermal Coal,Energy,Mr. Gautambhai Shantilal Adani S.Y. B.Com,"Ahmedabad, India",https://www.adanienterprises.com,2308.8,2238.85,2664840298496,77.06275,29.96,0.00059999997,3743.9,2025.0
2021-05-19 00:00:00+05:30,1346.6405865937431,2314.95,2213.75,1291.4781494140625,1379552,0.0,0.0,ADANIENT.NS,Adani Enterprises Limited,Thermal Coal,Energy,Mr. Gautambhai Shantilal Adani S.Y. B.Com,"Ahmedabad, India",https://www.adanienterprises.com,2308.8,2238.85,2664840298496,77.06275,29.96,0.00059999997,3743.9,2025.0
2021-05-20 00:00:00+05:30,1298.0616783977882,2314.95,2213.75,1298.7598876953125,1379552,0.0,0.0,ADANIENT.NS,Adani Enterprises Limited,Thermal Coal,Energy,Mr. Gautambhai Shantilal Adani S.Y. B.Com,"Ahmedabad, India",https://www.adanienterprises.com,2308.8,2238.85,2664840298496,77.06275,29.96,0.00059999997,3743.9,2025.0
2021-05-21 00:00:00+05:30,1316.7152234426985,2314.95,2213.75,1311.827392578125,1379552,0.0,0.0,ADANIENT.NS,Adani Enterprises Limited,Thermal Coal,Energy,Mr. Gautambhai Shantilal Adani S.Y. B.Com,"Ahmedabad, India",https://www.adanienterprises.com,2308.8,2238.85,2664840298496,77.06275,29.96,0.00059999997,3743.9,2025.0
2021-05-24 00:00:00+05:30,1318.410919854207,2314.95,2213.75,1303.548095703125,1379552,0.0,0.0,ADANIENT.NS,Adani Enterprises Limited,Thermal Coal,Energy,Mr. Gautambhai Shantilal Adani S.Y. B.Com,"Ahmedabad, India",https://www.adanienterprises.com,2308.8,2238.85,2664840298496,77.06275,29.96,0.00059999997,3743.9,2025.0
2021-05-25 00:00:00+05:30,1311.0793250754455,2314.95,2213.75,1279.5579833984375,1379552,0.0,0.0,ADANIENT.NS,Adani Enterprises Limited,Thermal Coal,Energy,Mr. Gautambhai Shantilal Adani S.Y. B.Com,"Ahmedabad, India",https://www.adanienterprises.com,2308.8,2238.85,2664840298496,77.06275,29.96,0.00059999997,3743.9,2025.0
2021-05-26 00:00:00+05:30,1285.7424380726366,2314.95,2213.75,1319.50830078125,1379552,0.0,0.0,ADANIENT.NS,Adani Enterprises Limited,Thermal Coal,Energy,Mr. Gautambhai Shantilal Adani S.Y. B.Com,"Ahmedabad, India",https://www.adanienterprises.com,2308.8,2238.85,2664840298496,77.06275,29.96,0.00059999997,3743.9,2025.0
2021-05-27 00:00:00+05:30,1326.1914760894854,2314.95,2213.75,1322.500732421875,1379552,0.0,0.0,ADANIENT.NS,Adani Enterprises Limited,Thermal Coal,Energy,Mr. Gautambhai Shantilal Adani S.Y. B.Com,"Ahmedabad, India",https://www.adanienterprises.com,2308.8,2238.85,2664840298496,77.06275,29.96,0.00059999997,3743.9,2025.0
2021-05-28 00:00:00+05:30,1308.3360015429178,2314.95,2213.75,1299.3583984375,1379552,0.0,0.0,ADANIENT.NS,Adani Enterprises Limited,Thermal Coal,Energy,Mr. Gautambhai Shantilal Adani S.Y. B.Com,"Ahmedabad, India",https://www.adanienterprises.com,2308.8,2238.85,2664840298496,77.06275,29.96,0.00059999997,3743.9,2025.0
2021-05-31 00:00:00+05:30,1303.7974328427613,2314.95,2213.75,1313.0244140625,1379552,0.0,0.0,ADANIENT.NS,Adani Enterprises Limited,Thermal Coal,Energy,Mr. Gautambhai Shantilal Adani S.Y. B.Com,"Ahmedabad, India",https://www.adanienterprises.com,2308.8,2238.85,2664840298496,77.06275,29.96,0.00059999997,3743.9,2025.0
2021-06-01 00:00:00+05:30,1316.6154961976242,2314.95,2213.75,1412.7257080078125,1379552,0.0,0.0,ADANIENT.NS,Adani Enterprises Limited,Thermal Coal,Energy,Mr. Gautambhai Shantilal Adani S.Y. B.Com,"Ahmedabad, India",https://www.adanienterprises.com,2308.8,2238.85,2664840298496,77.06275,29.96,0.00059999997,3743.9,2025.0
2021-06-02 00:00:00+05:30,1422.0026489601432,2314.95,2213.75,1542.9010009765625,1379552,0.0,0.0,ADANIENT.NS,Adani Enterprises Limited,Thermal Coal,Energy,Mr. Gautambhai Shantilal Adani S.Y. B.Com,"Ahmedabad, India",https://www.adanienterprises.com,2308.8,2238.85,2664840298496,77.06275,29.96,0.00059999997,3743.9,2025.0
2021-06-03 00:00:00+05:30,1560.1080760643563,2314.95,2213.75,1579.1605224609375,1379552,0.0,0.0,ADANIENT.NS,Adani Enterprises Limited,Thermal Coal,Energy,Mr. Gautambhai Shantilal Adani S.Y. B.Com,"Ahmedabad, India",https://www.adanienterprises.com,2308.8,2238.85,2664840298496,77.06275,29.96,0.00059999997,3743.9,2025.0
2021-06-04 00:00:00+05:30,1601.0060970927464,2314.95,2213.75,1696.71728515625,1379552,0.0,0.0,ADANIENT.NS,Adani Enterprises Limited,Thermal Coal,Energy,Mr. Gautambhai Shantilal Adani S.Y. B.Com,"Ahmedabad, India",https://www.adanienterprises.com,2308.8,2238.85,2664840298496,77.06275,29.96,0.00059999997,3743.9,2025.0
2021-06-07 00:00:00+05:30,1710.732176479863,2314.95,2213.75,1620.2579345703125,1379552,0.0,0.0,ADANIENT.NS,Adani Enterprises Limited,Thermal Coal,Energy,Mr. Gautambhai Shantilal Adani S.Y. B.Com,"Ahmedabad, India",https://www.adanienterprises.com,2308.8,2238.85,2664840298496,77.06275,29.96,0.00059999997,3743.9,2025.0
2021-06-08 00:00:00+05:30,1628.936319493998,2314.95,2213.75,1632.377685546875,1379552,0.0,0.0,ADANIENT.NS,Adani Enterprises Limited,Thermal Coal,Energy,Mr. Gautambhai Shantilal Adani S.Y. B.Com,"Ahmedabad, India",https://www.adanienterprises.com,2308.8,2238.85,2664840298496,77.06275,29.96,0.00059999997,3743.9,2025.0
2021-06-09 00:00:00+05:30,1635.9190111160417,2314.95,2213.75,1590.681884765625,1379552,0.0,0.0,ADANIENT.NS,Adani Enterprises Limited,Thermal Coal,Energy,Mr. Gautambhai Shantilal Adani S.Y. B.Com,"Ahmedabad, India",https://www.adanienterprises.com,2308.8,2238.85,2664840298496,77.06275,29.96,0.00059999997,3743.9,2025.0
2021-06-10 00:00:00+05:30,1607.9886474609375,2314.95,2213.75,1607.9886474609375,1379552,0.0,0.0,ADANIENT.NS,Adani Enterprises Limited,Thermal Coal,Energy,Mr. Gautambhai Shantilal Adani S.Y. B.Com,"Ahmedabad, India",https://www.adanienterprises.com,2308.8,2238.85,2664840298496,77.06275,29.96,0.00059999997,3743.9,2025.0
2021-06-11 00:00:00+05:30,1611.080785013424,2314.95,2213.75,1597.6143798828125,1379552,0.0,0.0,ADANIENT.NS,Adani Enterprises Limited,Thermal Coal,Energy,Mr. Gautambhai Shantilal Adani S.Y. B.Com,"Ahmedabad, India",https://www.adanienterprises.com,2308.8,2238.85,2664840298496,77.06275,29.96,0.00059999997,3743.9,2025.0
2021-06-14 00:00:00+05:30,1437.8629318448973,2314.95,2213.75,1497.713623046875,1379552,0.0,0.0,ADANIENT.NS,Adani Enterprises Limited,Thermal Coal,Energy,Mr. Gautambhai Shantilal Adani S.Y. B.Com,"Ahmedabad, India",https://www.adanienterprises.com,2308.8,2238.85,2664840298496,77.06275,29.96,0.00059999997,3743.9,2025.0
2021-06-15 00:00:00+05:30,1547.090495327896,2314.95,2213.75,1535.0206298828125,1379552,0.0,0.0,ADANIENT.NS,Adani Enterprises Limited,Thermal Coal,Energy,Mr. Gautambhai Shantilal Adani S.Y. B.Com,"Ahmedabad, India",https://www.adanienterprises.com,2308.8,2238.85,2664840298496,77.06275,29.96,0.00059999997,3743.9,2025.0
2021-06-16 00:00:00+05:30,1506.2423323612998,2314.95,2213.75,1444.6959228515625,1379552,0.0,0.0,ADANIENT.NS,Adani Enterprises Limited,Thermal Coal,Energy,Mr. Gautambhai Shantilal Adani S.Y. B.Com,"Ahmedabad, India",https://www.adanienterprises.com,2308.8,2238.85,2664840298496,77.06275,29.96,0.00059999997,3743.9,2025.0
2021-06-17 00:00:00+05:30,1376.5660728237756,2314.95,2213.75,1364.296630859375,1379552,0.0,0.0,ADANIENT.NS,Adani Enterprises Limited,Thermal Coal,Energy,Mr. Gautambhai Shantilal Adani S.Y. B.Com,"Ahmedabad, India",https://www.adanienterprises.com,2308.8,2238.85,2664840298496,77.06275,29.96,0.00059999997,3743.9,2025.0
2021-06-18 00:00:00+05:30,1346.6405101102941,2314.95,2213.75,1483.79833984375,1379552,0.0,0.0,ADANIENT.NS,Adani Enterprises Limited,Thermal Coal,Energy,Mr. Gautambhai Shantilal Adani S.Y. B.Com,"Ahmedabad, India",https://www.adanienterprises.com,2308.8,2238.85,2664840298496,77.06275,29.96,0.00059999997,3743.9,2025.0
2021-06-21 00:00:00+05:30,1486.2922672420352,2314.95,2213.75,1536.1678466796875,1379552,0.0,0.0,ADANIENT.NS,Adani Enterprises Limited,Thermal Coal,Energy,Mr. Gautambhai Shantilal Adani S.Y. B.Com,"Ahmedabad, India",https://www.adanienterprises.com,2308.8,2238.85,2664840298496,77.06275,29.96,0.00059999997,3743.9,2025.0
2021-06-22 00:00:00+05:30,1550.1828859062646,2314.95,2213.75,1537.7637939453125,1379552,0.0,0.0,ADANIENT.NS,Adani Enterprises Limited,Thermal Coal,Energy,Mr. Gautambhai Shantilal Adani S.Y. B.Com,"Ahmedabad, India",https://www.adanienterprises.com,2308.8,2238.85,2664840298496,77.06275,29.96,0.00059999997,3743.9,2025.0
2021-06-23 00:00:00+05:30,1556.2176061124576,2314.95,2213.75,1501.00537109375,1379552,0.0,0.0,ADANIENT.NS,Adani Enterprises Limited,Thermal Coal,Energy,Mr. Gautambhai Shantilal Adani S.Y. B.Com,"Ahmedabad, India",https://www.adanienterprises.com,2308.8,2238.85,2664840298496,77.06275,29.96,0.00059999997,3743.9,2025.0
2021-06-24 00:00:00+05:30,1506.192436714539,2314.95,2213.75,1504.74609375,1379552,0.0,0.0,ADANIENT.NS,Adani Enterprises Limited,Thermal Coal,Energy,Mr. Gautambhai Shantilal Adani S.Y. B.Com,"Ahmedabad, India",https://www.adanienterprises.com,2308.8,2238.85,2664840298496,77.06275,29.96,0.00059999997,3743.9,2025.0
2021-06-25 00:00:00+05:30,1521.2050608588152,2314.95,2213.75,1515.6688232421875,1379552,0.0,0.0,ADANIENT.NS,Adani Enterprises Limited,Thermal Coal,Energy,Mr. Gautambhai Shantilal Adani S.Y. B.Com,"Ahmedabad, India",https://www.adanienterprises.com,2308.8,2238.85,2664840298496,77.06275,29.96,0.00059999997,3743.9,2025.0
2021-06-28 00:00:00+05:30,1521.1052646040039,2314.95,2213.75,1521.953125,1379552,0.0,0.0,ADANIENT.NS,Adani Enterprises Limited,Thermal Coal,Energy,Mr. Gautambhai Shantilal Adani S.Y. B.Com,"Ahmedabad, India",https://www.adanienterprises.com,2308.8,2238.85,2664840298496,77.06275,29.96,0.00059999997,3743.9,2025.0
2021-06-29 00:00:00+05:30,1522.2025214162863,2314.95,2213.75,1519.7586669921875,1379552,0.0,0.0,ADANIENT.NS,Adani Enterprises Limited,Thermal Coal,Energy,Mr. Gautambhai Shantilal Adani S.Y. B.Com,"Ahmedabad, India",https://www.adanienterprises.com,2308.8,2238.85,2664840298496,77.06275,29.96,0.00059999997,3743.9,2025.0
2021-06-30 00:00:00+05:30,1535.170148868205,2314.95,2213.75,1503.7984619140625,1379552,0.0,0.0,ADANIENT.NS,Adani Enterprises Limited,Thermal Coal,Energy,Mr. Gautambhai Shantilal Adani S.Y. B.Com,"Ahmedabad, India",https://www.adanienterprises.com,2308.8,2238.85,2664840298496,77.06275,29.96,0.00059999997,3743.9,2025.0
2021-07-01 00:00:00+05:30,1506.7931209937617,2314.95,2213.75,1487.5283203125,1379552,1.0,0.0,ADANIENT.NS,Adani Enterprises Limited,Thermal Coal,Energy,Mr. Gautambhai Shantilal Adani S.Y. B.Com,"Ahmedabad, India",https://www.adanienterprises.com,2308.8,2238.85,2664840298496,77.06275,29.96,0.00059999997,3743.9,2025.0
2021-07-02 00:00:00+05:30,1487.5282747213298,2314.95,2213.75,1419.452880859375,1379552,0.0,0.0,ADANIENT.NS,Adani Enterprises Limited,Thermal Coal,Energy,Mr. Gautambhai Shantilal Adani S.Y. B.Com,"Ahmedabad, India",https://www.adanienterprises.com,2308.8,2238.85,2664840298496,77.06275,29.96,0.00059999997,3743.9,2025.0
2021-07-05 00:00:00+05:30,1424.3938622974013,2314.95,2213.75,1391.803466796875,1379552,0.0,0.0,ADANIENT.NS,Adani Enterprises Limited,Thermal Coal,Energy,Mr. Gautambhai Shantilal Adani S.Y. B.Com,"Ahmedabad, India",https://www.adanienterprises.com,2308.8,2238.85,2664840298496,77.06275,29.96,0.00059999997,3743.9,2025.0
2021-07-06 00:00:00+05:30,1398.3415478514432,2314.95,2213.75,1412.2161865234375,1379552,0.0,0.0,ADANIENT.NS,Adani Enterprises Limited,Thermal Coal,Energy,Mr. Gautambhai Shantilal Adani S.Y. B.Com,"Ahmedabad, India",https://www.adanienterprises.com,2308.8,2238.85,2664840298496,77.06275,29.96,0.00059999997,3743.9,2025.0
2021-07-07 00:00:00+05:30,1417.4066808374914,2314.95,2213.75,1423.04638671875,1379552,0.0,0.0,ADANIENT.NS,Adani Enterprises Limited,Thermal Coal,Energy,Mr. Gautambhai Shantilal Adani S.Y. B.Com,"Ahmedabad, India",https://www.adanienterprises.com,2308.8,2238.85,2664840298496,77.06275,29.96,0.00059999997,3743.9,2025.0
2021-07-08 00:00:00+05:30,1417.4066492577288,2314.95,2213.75,1423.2958984375,1379552,0.0,0.0,ADANIENT.NS,Adani Enterprises Limited,Thermal Coal,Energy,Mr. Gautambhai Shantilal Adani S.Y. B.Com,"Ahmedabad, India",https://www.adanienterprises.com,2308.8,2238.85,2664840298496,77.06275,29.96,0.00059999997,3743.9,2025.0
2021-07-09 00:00:00+05:30,1423.2958421510343,2314.95,2213.75,1428.73583984375,1379552,0.0,0.0,ADANIENT.NS,Adani Enterprises Limited,Thermal Coal,Energy,Mr. Gautambhai Shantilal Adani S.Y. B.Com,"Ahmedabad, India",https://www.adanienterprises.com,2308.8,2238.85,2664840298496,77.06275,29.96,0.00059999997,3743.9,2025.0
2021-07-12 00:00:00+05:30,1439.366371625452,2314.95,2213.75,1418.105224609375,1379552,0.0,0.0,ADANIENT.NS,Adani Enterprises Limited,Thermal Coal,Energy,Mr. Gautambhai Shantilal Adani S.Y. B.Com,"Ahmedabad, India",https://www.adanienterprises.com,2308.8,2238.85,2664840298496,77.06275,29.96,0.00059999997,3743.9,2025.0
2021-07-13 00:00:00+05:30,1430.382823172919,2314.95,2213.75,1415.1107177734375,1379552,0.0,0.0,ADANIENT.NS,Adani Enterprises Limited,Thermal Coal,Energy,Mr. Gautambhai Shantilal Adani S.Y. B.Com,"Ahmedabad, India",https://www.adanienterprises.com,2308.8,2238.85,2664840298496,77.06275,29.96,0.00059999997,3743.9,2025.0
2021-07-14 00:00:00+05:30,1446.353582844736,2314.95,2213.75,1399.4893798828125,1379552,0.0,0.0,ADANIENT.NS,Adani Enterprises Limited,Thermal Coal,Energy,Mr. Gautambhai Shantilal Adani S.Y. B.Com,"Ahmedabad, India",https://www.adanienterprises.com,2308.8,2238.85,2664840298496,77.06275,29.96,0.00059999997,3743.9,2025.0
2021-07-15 00:00:00+05:30,1396.4448133272226,2314.95,2213.75,1405.37841796875,1379552,0.0,0.0,ADANIENT.NS,Adani Enterprises Limited,Thermal Coal,Energy,Mr. Gautambhai Shantilal Adani S.Y. B.Com,"Ahmedabad, India",https://www.adanienterprises.com,2308.8,2238.85,2664840298496,77.06275,29.96,0.00059999997,3743.9,2025.0
2021-07-16 00:00:00+05:30,1406.4266378853065,2314.95,2213.75,1392.9512939453125,1379552,0.0,0.0,ADANIENT.NS,Adani Enterprises Limited,Thermal Coal,Energy,Mr. Gautambhai Shantilal Adani S.Y. B.Com,"Ahmedabad, India",https://www.adanienterprises.com,2308.8,2238.85,2664840298496,77.06275,29.96,0.00059999997,3743.9,2025.0
2021-07-19 00:00:00+05:30,1387.4613477160447,2314.95,2213.75,1378.0784912109375,1379552,0.0,0.0,ADANIENT.NS,Adani Enterprises Limited,Thermal Coal,Energy,Mr. Gautambhai Shantilal Adani S.Y. B.Com,"Ahmedabad, India",https://www.adanienterprises.com,2308.8,2238.85,2664840298496,77.06275,29.96,0.00059999997,3743.9,2025.0
2021-07-20 00:00:00+05:30,1337.5526747226938,2314.95,2213.75,1363.2056884765625,1379552,0.0,0.0,ADANIENT.NS,Adani Enterprises Limited,Thermal Coal,Energy,Mr. Gautambhai Shantilal Adani S.Y. B.Com,"Ahmedabad, India",https://www.adanienterprises.com,2308.8,2238.85,2664840298496,77.06275,29.96,0.00059999997,3743.9,2025.0
2021-07-22 00:00:00+05:30,1372.4887269671176,2314.95,2213.75,1414.1624755859375,1379552,0.0,0.0,ADANIENT.NS,Adani Enterprises Limited,Thermal Coal,Energy,Mr. Gautambhai Shantilal Adani S.Y. B.Com,"Ahmedabad, India",https://www.adanienterprises.com,2308.8,2238.85,2664840298496,77.06275,29.96,0.00059999997,3743.9,2025.0
2021-07-23 00:00:00+05:30,1427.388285831161,2314.95,2213.75,1399.090087890625,1379552,0.0,0.0,ADANIENT.NS,Adani Enterprises Limited,Thermal Coal,Energy,Mr. Gautambhai Shantilal Adani S.Y. B.Com,"Ahmedabad, India",https://www.adanienterprises.com,2308.8,2238.85,2664840298496,77.06275,29.96,0.00059999997,3743.9,2025.0
2021-07-26 00:00:00+05:30,1397.2436935485223,2314.95,2213.75,1401.336181640625,1379552,0.0,0.0,ADANIENT.NS,Adani Enterprises Limited,Thermal Coal,Energy,Mr. Gautambhai Shantilal Adani S.Y. B.Com,"Ahmedabad, India",https://www.adanienterprises.com,2308.8,2238.85,2664840298496,77.06275,29.96,0.00059999997,3743.9,2025.0
2021-07-27 00:00:00+05:30,1401.3359402127528,2314.95,2213.75,1394.198974609375,1379552,0.0,0.0,ADANIENT.NS,Adani Enterprises Limited,Thermal Coal,Energy,Mr. Gautambhai Shantilal Adani S.Y. B.Com,"Ahmedabad, India",https://www.adanienterprises.com,2308.8,2238.85,2664840298496,77.06275,29.96,0.00059999997,3743.9,2025.0
2021-07-28 00:00:00+05:30,1404.2805195728304,2314.95,2213.75,1397.34326171875,1379552,0.0,0.0,ADANIENT.NS,Adani Enterprises Limited,Thermal Coal,Energy,Mr. Gautambhai Shantilal Adani S.Y. B.Com,"Ahmedabad, India",https://www.adanienterprises.com,2308.8,2238.85,2664840298496,77.06275,29.96,0.00059999997,3743.9,2025.0
2021-07-29 00:00:00+05:30,1411.3676802249408,2314.95,2213.75,1397.6927490234375,1379552,0.0,0.0,ADANIENT.NS,Adani Enterprises Limited,Thermal Coal,Energy,Mr. Gautambhai Shantilal Adani S.Y. B.Com,"Ahmedabad, India",https://www.adanienterprises.com,2308.8,2238.85,2664840298496,77.06275,29.96,0.00059999997,3743.9,2025.0
2021-07-30 00:00:00+05:30,1406.9258823270552,2314.95,2213.75,1417.65625,1379552,0.0,0.0,ADANIENT.NS,Adani Enterprises Limited,Thermal Coal,Energy,Mr. Gautambhai Shantilal Adani S.Y. B.Com,"Ahmedabad, India",https://www.adanienterprises.com,2308.8,2238.85,2664840298496,77.06275,29.96,0.00059999997,3743.9,2025.0
2021-08-02 00:00:00+05:30,1432.3791353632666,2314.95,2213.75,1435.5732421875,1379552,0.0,0.0,ADANIENT.NS,Adani Enterprises Limited,Thermal Coal,Energy,Mr. Gautambhai Shantilal Adani S.Y. B.Com,"Ahmedabad, India",https://www.adanienterprises.com,2308.8,2238.85,2664840298496,77.06275,29.96,0.00059999997,3743.9,2025.0
2021-08-03 00:00:00+05:30,1464.320669342602,2314.95,2213.75,1440.1649169921875,1379552,0.0,0.0,ADANIENT.NS,Adani Enterprises Limited,Thermal Coal,Energy,Mr. Gautambhai Shantilal Adani S.Y. B.Com,"Ahmedabad, India",https://www.adanienterprises.com,2308.8,2238.85,2664840298496,77.06275,29.96,0.00059999997,3743.9,2025.0
2021-08-04 00:00:00+05:30,1457.333548290247,2314.95,2213.75,1426.939208984375,1379552,0.0,0.0,ADANIENT.NS,Adani Enterprises Limited,Thermal Coal,Energy,Mr. Gautambhai Shantilal Adani S.Y. B.Com,"Ahmedabad, India",https://www.adanienterprises.com,2308.8,2238.85,2664840298496,77.06275,29.96,0.00059999997,3743.9,2025.0
2021-08-05 00:00:00+05:30,1425.392099463678,2314.95,2213.75,1429.734130859375,1379552,0.0,0.0,ADANIENT.NS,Adani Enterprises Limited,Thermal Coal,Energy,Mr. Gautambhai Shantilal Adani S.Y. B.Com,"Ahmedabad, India",https://www.adanienterprises.com,2308.8,2238.85,2664840298496,77.06275,29.96,0.00059999997,3743.9,2025.0
2021-08-06 00:00:00+05:30,1419.4029897911835,2314.95,2213.75,1533.8436279296875,1379552,0.0,0.0,ADANIENT.NS,Adani Enterprises Limited,Thermal Coal,Energy,Mr. Gautambhai Shantilal Adani S.Y. B.Com,"Ahmedabad, India",https://www.adanienterprises.com,2308.8,2238.85,2664840298496,77.06275,29.96,0.00059999997,3743.9,2025.0
2021-08-09 00:00:00+05:30,1543.875065363772,2314.95,2213.75,1490.6724853515625,1379552,0.0,0.0,ADANIENT.NS,Adani Enterprises Limited,Thermal Coal,Energy,Mr. Gautambhai Shantilal Adani S.Y. B.Com,"Ahmedabad, India",https://www.adanienterprises.com,2308.8,2238.85,2664840298496,77.06275,29.96,0.00059999997,3743.9,2025.0
2021-08-10 00:00:00+05:30,1485.282359898894,2314.95,2213.75,1443.858154296875,1379552,0.0,0.0,ADANIENT.NS,Adani Enterprises Limited,Thermal Coal,Energy,Mr. Gautambhai Shantilal Adani S.Y. B.Com,"Ahmedabad, India",https://www.adanienterprises.com,2308.8,2238.85,2664840298496,77.06275,29.96,0.00059999997,3743.9,2025.0
2021-08-11 00:00:00+05:30,1452.3425823504197,2314.95,2213.75,1434.4254150390625,1379552,0.0,0.0,ADANIENT.NS,Adani Enterprises Limited,Thermal Coal,Energy,Mr. Gautambhai Shantilal Adani S.Y. B.Com,"Ahmedabad, India",https://www.adanienterprises.com,2308.8,2238.85,2664840298496,77.06275,29.96,0.00059999997,3743.9,2025.0
2021-08-12 00:00:00+05:30,1440.963443317342,2314.95,2213.75,1440.2647705078125,1379552,0.0,0.0,ADANIENT.NS,Adani Enterprises Limited,Thermal Coal,Energy,Mr. Gautambhai Shantilal Adani S.Y. B.Com,"Ahmedabad, India",https://www.adanienterprises.com,2308.8,2238.85,2664840298496,77.06275,29.96,0.00059999997,3743.9,2025.0
2021-08-13 00:00:00+05:30,1442.3607544709844,2314.95,2213.75,1434.3753662109375,1379552,0.0,0.0,ADANIENT.NS,Adani Enterprises Limited,Thermal Coal,Energy,Mr. Gautambhai Shantilal Adani S.Y. B.Com,"Ahmedabad, India",https://www.adanienterprises.com,2308.8,2238.85,2664840298496,77.06275,29.96,0.00059999997,3743.9,2025.0
2021-08-16 00:00:00+05:30,1428.885504515048,2314.95,2213.75,1427.488037109375,1379552,0.0,0.0,ADANIENT.NS,Adani Enterprises Limited,Thermal Coal,Energy,Mr. Gautambhai Shantilal Adani S.Y. B.Com,"Ahmedabad, India",https://www.adanienterprises.com,2308.8,2238.85,2664840298496,77.06275,29.96,0.00059999997,3743.9,2025.0
2021-08-17 00:00:00+05:30,1428.3863947636905,2314.95,2213.75,1439.0169677734375,1379552,0.0,0.0,ADANIENT.NS,Adani Enterprises Limited,Thermal Coal,Energy,Mr. Gautambhai Shantilal Adani S.Y. B.Com,"Ahmedabad, India",https://www.adanienterprises.com,2308.8,2238.85,2664840298496,77.06275,29.96,0.00059999997,3743.9,2025.0
2021-08-18 00:00:00+05:30,1439.2665778061707,2314.95,2213.75,1457.33349609375,1379552,0.0,0.0,ADANIENT.NS,Adani Enterprises Limited,Thermal Coal,Energy,Mr. Gautambhai Shantilal Adani S.Y. B.Com,"Ahmedabad, India",https://www.adanienterprises.com,2308.8,2238.85,2664840298496,77.06275,29.96,0.00059999997,3743.9,2025.0
2021-08-20 00:00:00+05:30,1435.3736328974078,2314.95,2213.75,1427.488037109375,1379552,0.0,0.0,ADANIENT.NS,Adani Enterprises Limited,Thermal Coal,Energy,Mr. Gautambhai Shantilal Adani S.Y. B.Com,"Ahmedabad, India",https://www.adanienterprises.com,2308.8,2238.85,2664840298496,77.06275,29.96,0.00059999997,3743.9,2025.0
2021-08-23 00:00:00+05:30,1412.465631276642,2314.95,2213.75,1394.1490478515625,1379552,0.0,0.0,ADANIENT.NS,Adani Enterprises Limited,Thermal Coal,Energy,Mr. Gautambhai Shantilal Adani S.Y. B.Com,"Ahmedabad, India",https://www.adanienterprises.com,2308.8,2238.85,2664840298496,77.06275,29.96,0.00059999997,3743.9,2025.0
2021-08-24 00:00:00+05:30,1404.4303956426215,2314.95,2213.75,1435.1741943359375,1379552,0.0,0.0,ADANIENT.NS,Adani Enterprises Limited,Thermal Coal,Energy,Mr. Gautambhai Shantilal Adani S.Y. B.Com,"Ahmedabad, India",https://www.adanienterprises.com,2308.8,2238.85,2664840298496,77.06275,29.96,0.00059999997,3743.9,2025.0
2021-08-25 00:00:00+05:30,1441.6123404329962,2314.95,2213.75,1472.655517578125,1379552,0.0,0.0,ADANIENT.NS,Adani Enterprises Limited,Thermal Coal,Energy,Mr. Gautambhai Shantilal Adani S.Y. B.Com,"Ahmedabad, India",https://www.adanienterprises.com,2308.8,2238.85,2664840298496,77.06275,29.96,0.00059999997,3743.9,2025.0
2021-08-26 00:00:00+05:30,1479.2934258719586,2314.95,2213.75,1473.0048828125,1379552,0.0,0.0,ADANIENT.NS,Adani Enterprises Limited,Thermal Coal,Energy,Mr. Gautambhai Shantilal Adani S.Y. B.Com,"Ahmedabad, India",https://www.adanienterprises.com,2308.8,2238.85,2664840298496,77.06275,29.96,0.00059999997,3743.9,2025.0
2021-08-27 00:00:00+05:30,1472.3060986441244,2314.95,2213.75,1503.2994384765625,1379552,0.0,0.0,ADANIENT.NS,Adani Enterprises Limited,Thermal Coal,Energy,Mr. Gautambhai Shantilal Adani S.Y. B.Com,"Ahmedabad, India",https://www.adanienterprises.com,2308.8,2238.85,2664840298496,77.06275,29.96,0.00059999997,3743.9,2025.0
2021-08-30 00:00:00+05:30,1510.98533852325,2314.95,2213.75,1513.7802734375,1379552,0.0,0.0,ADANIENT.NS,Adani Enterprises Limited,Thermal Coal,Energy,Mr. Gautambhai Shantilal Adani S.Y. B.Com,"Ahmedabad, India",https://www.adanienterprises.com,2308.8,2238.85,2664840298496,77.06275,29.96,0.00059999997,3743.9,2025.0
2021-08-31 00:00:00+05:30,1514.5289059813435,2314.95,2213.75,1584.700439453125,1379552,0.0,0.0,ADANIENT.NS,Adani Enterprises Limited,Thermal Coal,Energy,Mr. Gautambhai Shantilal Adani S.Y. B.Com,"Ahmedabad, India",https://www.adanienterprises.com,2308.8,2238.85,2664840298496,77.06275,29.96,0.00059999997,3743.9,2025.0
2021-09-01 00:00:00+05:30,1591.9871383548539,2314.95,2213.75,1562.34130859375,1379552,0.0,0.0,ADANIENT.NS,Adani Enterprises Limited,Thermal Coal,Energy,Mr. Gautambhai Shantilal Adani S.Y. B.Com,"Ahmedabad, India",https://www.adanienterprises.com,2308.8,2238.85,2664840298496,77.06275,29.96,0.00059999997,3743.9,2025.0
2021-09-02 00:00:00+05:30,1568.1307700187767,2314.95,2213.75,1567.681640625,1379552,0.0,0.0,ADANIENT.NS,Adani Enterprises Limited,Thermal Coal,Energy,Mr. Gautambhai Shantilal Adani S.Y. B.Com,"Ahmedabad, India",https://www.adanienterprises.com,2308.8,2238.85,2664840298496,77.06275,29.96,0.00059999997,3743.9,2025.0
2021-09-03 00:00:00+05:30,1575.6172189193812,2314.95,2213.75,1562.69091796875,1379552,0.0,0.0,ADANIENT.NS,Adani Enterprises Limited,Thermal Coal,Energy,Mr. Gautambhai Shantilal Adani S.Y. B.Com,"Ahmedabad, India",https://www.adanienterprises.com,2308.8,2238.85,2664840298496,77.06275,29.96,0.00059999997,3743.9,2025.0
2021-09-06 00:00:00+05:30,1569.1288599527893,2314.95,2213.75,1579.110595703125,1379552,0.0,0.0,ADANIENT.NS,Adani Enterprises Limited,Thermal Coal,Energy,Mr. Gautambhai Shantilal Adani S.Y. B.Com,"Ahmedabad, India",https://www.adanienterprises.com,2308.8,2238.85,2664840298496,77.06275,29.96,0.00059999997,3743.9,2025.0
2021-09-07 00:00:00+05:30,1582.204959845843,2314.95,2213.75,1555.2542724609375,1379552,0.0,0.0,ADANIENT.NS,Adani Enterprises Limited,Thermal Coal,Energy,Mr. Gautambhai Shantilal Adani S.Y. B.Com,"Ahmedabad, India",https://www.adanienterprises.com,2308.8,2238.85,2664840298496,77.06275,29.96,0.00059999997,3743.9,2025.0
2021-09-08 00:00:00+05:30,1557.0511354804112,2314.95,2213.75,1553.1082763671875,1379552,0.0,0.0,ADANIENT.NS,Adani Enterprises Limited,Thermal Coal,Energy,Mr. Gautambhai Shantilal Adani S.Y. B.Com,"Ahmedabad, India",https://www.adanienterprises.com,2308.8,2238.85,2664840298496,77.06275,29.96,0.00059999997,3743.9,2025.0
2021-09-09 00:00:00+05:30,1558.7480035431465,2314.95,2213.75,1542.1783447265625,1379552,0.0,0.0,ADANIENT.NS,Adani Enterprises Limited,Thermal Coal,Energy,Mr. Gautambhai Shantilal Adani S.Y. B.Com,"Ahmedabad, India",https://www.adanienterprises.com,2308.8,2238.85,2664840298496,77.06275,29.96,0.00059999997,3743.9,2025.0
2021-09-13 00:00:00+05:30,1545.17277165614,2314.95,2213.75,1529.651123046875,1379552,0.0,0.0,ADANIENT.NS,Adani Enterprises Limited,Thermal Coal,Energy,Mr. Gautambhai Shantilal Adani S.Y. B.Com,"Ahmedabad, India",https://www.adanienterprises.com,2308.8,2238.85,2664840298496,77.06275,29.96,0.00059999997,3743.9,2025.0
2021-09-14 00:00:00+05:30,1537.0875881696063,2314.95,2213.75,1510.436279296875,1379552,0.0,0.0,ADANIENT.NS,Adani Enterprises Limited,Thermal Coal,Energy,Mr. Gautambhai Shantilal Adani S.Y. B.Com,"Ahmedabad, India",https://www.adanienterprises.com,2308.8,2238.85,2664840298496,77.06275,29.96,0.00059999997,3743.9,2025.0
2021-09-15 00:00:00+05:30,1521.2165864319431,2314.95,2213.75,1514.02978515625,1379552,0.0,0.0,ADANIENT.NS,Adani Enterprises Limited,Thermal Coal,Energy,Mr. Gautambhai Shantilal Adani S.Y. B.Com,"Ahmedabad, India",https://www.adanienterprises.com,2308.8,2238.85,2664840298496,77.06275,29.96,0.00059999997,3743.9,2025.0
2021-09-16 00:00:00+05:30,1520.2184769567916,2314.95,2213.75,1500.45458984375,1379552,0.0,0.0,ADANIENT.NS,Adani Enterprises Limited,Thermal Coal,Energy,Mr. Gautambhai Shantilal Adani S.Y. B.Com,"Ahmedabad, India",https://www.adanienterprises.com,2308.8,2238.85,2664840298496,77.06275,29.96,0.00059999997,3743.9,2025.0
2021-09-17 00:00:00+05:30,1500.4546687127045,2314.95,2213.75,1477.546630859375,1379552,0.0,0.0,ADANIENT.NS,Adani Enterprises Limited,Thermal Coal,Energy,Mr. Gautambhai Shantilal Adani S.Y. B.Com,"Ahmedabad, India",https://www.adanienterprises.com,2308.8,2238.85,2664840298496,77.06275,29.96,0.00059999997,3743.9,2025.0
2021-09-20 00:00:00+05:30,1462.2246125752026,2314.95,2213.75,1416.2586669921875,1379552,0.0,0.0,ADANIENT.NS,Adani Enterprises Limited,Thermal Coal,Energy,Mr. Gautambhai Shantilal Adani S.Y. B.Com,"Ahmedabad, India",https://www.adanienterprises.com,2308.8,2238.85,2664840298496,77.06275,29.96,0.00059999997,3743.9,2025.0
2021-09-21 00:00:00+05:30,1417.4066064053952,2314.95,2213.75,1438.8173828125,1379552,0.0,0.0,ADANIENT.NS,Adani Enterprises Limited,Thermal Coal,Energy,Mr. Gautambhai Shantilal Adani S.Y. B.Com,"Ahmedabad, India",https://www.adanienterprises.com,2308.8,2238.85,2664840298496,77.06275,29.96,0.00059999997,3743.9,2025.0
2021-09-22 00:00:00+05:30,1432.3791680081454,2314.95,2213.75,1435.1241455078125,1379552,0.0,0.0,ADANIENT.NS,Adani Enterprises Limited,Thermal Coal,Energy,Mr. Gautambhai Shantilal Adani S.Y. B.Com,"Ahmedabad, India",https://www.adanienterprises.com,2308.8,2238.85,2664840298496,77.06275,29.96,0.00059999997,3743.9,2025.0
2021-09-23 00:00:00+05:30,1450.346244517351,2314.95,2213.75,1471.6572265625,1379552,0.0,0.0,ADANIENT.NS,Adani Enterprises Limited,Thermal Coal,Energy,Mr. Gautambhai Shantilal Adani S.Y. B.Com,"Ahmedabad, India",https://www.adanienterprises.com,2308.8,2238.85,2664840298496,77.06275,29.96,0.00059999997,3743.9,2025.0
2021-09-24 00:00:00+05:30,1480.2914194346768,2314.95,2213.75,1459.0302734375,1379552,0.0,0.0,ADANIENT.NS,Adani Enterprises Limited,Thermal Coal,Energy,Mr. Gautambhai Shantilal Adani S.Y. B.Com,"Ahmedabad, India",https://www.adanienterprises.com,2308.8,2238.85,2664840298496,77.06275,29.96,0.00059999997,3743.9,2025.0
2021-09-27 00:00:00+05:30,1459.3298453443876,2314.95,2213.75,1528.453369140625,1379552,0.0,0.0,ADANIENT.NS,Adani Enterprises Limited,Thermal Coal,Energy,Mr. Gautambhai Shantilal Adani S.Y. B.Com,"Ahmedabad, India",https://www.adanienterprises.com,2308.8,2238.85,2664840298496,77.06275,29.96,0.00059999997,3743.9,2025.0
2021-09-28 00:00:00+05:30,1554.156395924413,2314.95,2213.75,1484.583740234375,1379552,0.0,0.0,ADANIENT.NS,Adani Enterprises Limited,Thermal Coal,Energy,Mr. Gautambhai Shantilal Adani S.Y. B.Com,"Ahmedabad, India",https://www.adanienterprises.com,2308.8,2238.85,2664840298496,77.06275,29.96,0.00059999997,3743.9,2025.0
2021-09-29 00:00:00+05:30,1463.6220105571044,2314.95,2213.75,1482.9366455078125,1379552,0.0,0.0,ADANIENT.NS,Adani Enterprises Limited,Thermal Coal,Energy,Mr. Gautambhai Shantilal Adani S.Y. B.Com,"Ahmedabad, India",https://www.adanienterprises.com,2308.8,2238.85,2664840298496,77.06275,29.96,0.00059999997,3743.9,2025.0
2021-09-30 00:00:00+05:30,1481.9883592790625,2314.95,2213.75,1465.418701171875,1379552,0.0,0.0,ADANIENT.NS,Adani Enterprises Limited,Thermal Coal,Energy,Mr. Gautambhai Shantilal Adani S.Y. B.Com,"Ahmedabad, India",https://www.adanienterprises.com,2308.8,2238.85,2664840298496,77.06275,29.96,0.00059999997,3743.9,2025.0
2021-10-01 00:00:00+05:30,1462.32443155334,2314.95,2213.75,1456.035888671875,1379552,0.0,0.0,ADANIENT.NS,Adani Enterprises Limited,Thermal Coal,Energy,Mr. Gautambhai Shantilal Adani S.Y. B.Com,"Ahmedabad, India",https://www.adanienterprises.com,2308.8,2238.85,2664840298496,77.06275,29.96,0.00059999997,3743.9,2025.0
2021-10-04 00:00:00+05:30,1468.3134288056187,2314.95,2213.75,1523.86181640625,1379552,0.0,0.0,ADANIENT.NS,Adani Enterprises Limited,Thermal Coal,Energy,Mr. Gautambhai Shantilal Adani S.Y. B.Com,"Ahmedabad, India",https://www.adanienterprises.com,2308.8,2238.85,2664840298496,77.06275,29.96,0.00059999997,3743.9,2025.0
2021-10-05 00:00:00+05:30,1512.23318549693,2314.95,2213.75,1524.860107421875,1379552,0.0,0.0,ADANIENT.NS,Adani Enterprises Limited,Thermal Coal,Energy,Mr. Gautambhai Shantilal Adani S.Y. B.Com,"Ahmedabad, India",https://www.adanienterprises.com,2308.8,2238.85,2664840298496,77.06275,29.96,0.00059999997,3743.9,2025.0
2021-10-06 00:00:00+05:30,1527.0060010309094,2314.95,2213.75,1476.8477783203125,1379552,0.0,0.0,ADANIENT.NS,Adani Enterprises Limited,Thermal Coal,Energy,Mr. Gautambhai Shantilal Adani S.Y. B.Com,"Ahmedabad, India",https://www.adanienterprises.com,2308.8,2238.85,2664840298496,77.06275,29.96,0.00059999997,3743.9,2025.0
2021-10-07 00:00:00+05:30,1500.1052019937972,2314.95,2213.75,1517.9725341796875,1379552,0.0,0.0,ADANIENT.NS,Adani Enterprises Limited,Thermal Coal,Energy,Mr. Gautambhai Shantilal Adani S.Y. B.Com,"Ahmedabad, India",https://www.adanienterprises.com,2308.8,2238.85,2664840298496,77.06275,29.96,0.00059999997,3743.9,2025.0
2021-10-08 00:00:00+05:30,1519.2203964907408,2314.95,2213.75,1545.0731201171875,1379552,0.0,0.0,ADANIENT.NS,Adani Enterprises Limited,Thermal Coal,Energy,Mr. Gautambhai Shantilal Adani S.Y. B.Com,"Ahmedabad, India",https://www.adanienterprises.com,2308.8,2238.85,2664840298496,77.06275,29.96,0.00059999997,3743.9,2025.0
2021-10-11 00:00:00+05:30,1550.1636669755387,2314.95,2213.75,1536.9378662109375,1379552,0.0,0.0,ADANIENT.NS,Adani Enterprises Limited,Thermal Coal,Energy,Mr. Gautambhai Shantilal Adani S.Y. B.Com,"Ahmedabad, India",https://www.adanienterprises.com,2308.8,2238.85,2664840298496,77.06275,29.96,0.00059999997,3743.9,2025.0
2021-10-12 00:00:00+05:30,1536.1892279552137,2314.95,2213.75,1551.6109619140625,1379552,0.0,0.0,ADANIENT.NS,Adani Enterprises Limited,Thermal Coal,Energy,Mr. Gautambhai Shantilal Adani S.Y. B.Com,"Ahmedabad, India",https://www.adanienterprises.com,2308.8,2238.85,2664840298496,77.06275,29.96,0.00059999997,3743.9,2025.0
2021-10-13 00:00:00+05:30,1565.585534793244,2314.95,2213.75,1566.833251953125,1379552,0.0,0.0,ADANIENT.NS,Adani Enterprises Limited,Thermal Coal,Energy,Mr. Gautambhai Shantilal Adani S.Y. B.Com,"Ahmedabad, India",https://www.adanienterprises.com,2308.8,2238.85,2664840298496,77.06275,29.96,0.00059999997,3743.9,2025.0
2021-10-14 00:00:00+05:30,1577.1143433342238,2314.95,2213.75,1643.3431396484375,1379552,0.0,0.0,ADANIENT.NS,Adani Enterprises Limited,Thermal Coal,Energy,Mr. Gautambhai Shantilal Adani S.Y. B.Com,"Ahmedabad, India",https://www.adanienterprises.com,2308.8,2238.85,2664840298496,77.06275,29.96,0.00059999997,3743.9,2025.0
2021-10-18 00:00:00+05:30,1669.8944626193745,2314.95,2213.75,1612.5494384765625,1379552,0.0,0.0,ADANIENT.NS,Adani Enterprises Limited,Thermal Coal,Energy,Mr. Gautambhai Shantilal Adani S.Y. B.Com,"Ahmedabad, India",https://www.adanienterprises.com,2308.8,2238.85,2664840298496,77.06275,29.96,0.00059999997,3743.9,2025.0
2021-10-19 00:00:00+05:30,1622.2319266915817,2314.95,2213.75,1566.583740234375,1379552,0.0,0.0,ADANIENT.NS,Adani Enterprises Limited,Thermal Coal,Energy,Mr. Gautambhai Shantilal Adani S.Y. B.Com,"Ahmedabad, India",https://www.adanienterprises.com,2308.8,2238.85,2664840298496,77.06275,29.96,0.00059999997,3743.9,2025.0
2021-10-20 00:00:00+05:30,1571.1253530148842,2314.95,2213.75,1586.796630859375,1379552,0.0,0.0,ADANIENT.NS,Adani Enterprises Limited,Thermal Coal,Energy,Mr. Gautambhai Shantilal Adani S.Y. B.Com,"Ahmedabad, India",https://www.adanienterprises.com,2308.8,2238.85,2664840298496,77.06275,29.96,0.00059999997,3743.9,2025.0
2021-10-21 00:00:00+05:30,1599.0241411452257,2314.95,2213.75,1592.1368408203125,1379552,0.0,0.0,ADANIENT.NS,Adani Enterprises Limited,Thermal Coal,Energy,Mr. Gautambhai Shantilal Adani S.Y. B.Com,"Ahmedabad, India",https://www.adanienterprises.com,2308.8,2238.85,2664840298496,77.06275,29.96,0.00059999997,3743.9,2025.0
2021-10-22 00:00:00+05:30,1592.1369962461838,2314.95,2213.75,1540.1820068359375,1379552,0.0,0.0,ADANIENT.NS,Adani Enterprises Limited,Thermal Coal,Energy,Mr. Gautambhai Shantilal Adani S.Y. B.Com,"Ahmedabad, India",https://www.adanienterprises.com,2308.8,2238.85,2664840298496,77.06275,29.96,0.00059999997,3743.9,2025.0
2021-10-25 00:00:00+05:30,1542.1782827330812,2314.95,2213.75,1529.401611328125,1379552,0.0,0.0,ADANIENT.NS,Adani Enterprises Limited,Thermal Coal,Energy,Mr. Gautambhai Shantilal Adani S.Y. B.Com,"Ahmedabad, India",https://www.adanienterprises.com,2308.8,2238.85,2664840298496,77.06275,29.96,0.00059999997,3743.9,2025.0
2021-10-26 00:00:00+05:30,1529.2020618920253,2314.95,2213.75,1541.0303955078125,1379552,0.0,0.0,ADANIENT.NS,Adani Enterprises Limited,Thermal Coal,Energy,Mr. Gautambhai Shantilal Adani S.Y. B.Com,"Ahmedabad, India",https://www.adanienterprises.com,2308.8,2238.85,2664840298496,77.06275,29.96,0.00059999997,3743.9,2025.0
2021-10-27 00:00:00+05:30,1545.1729157033433,2314.95,2213.75,1563.6890869140625,1379552,0.0,0.0,ADANIENT.NS,Adani Enterprises Limited,Thermal Coal,Energy,Mr. Gautambhai Shantilal Adani S.Y. B.Com,"Ahmedabad, India",https://www.adanienterprises.com,2308.8,2238.85,2664840298496,77.06275,29.96,0.00059999997,3743.9,2025.0
2021-10-28 00:00:00+05:30,1547.1692047829251,2314.95,2213.75,1395.995849609375,1379552,0.0,0.0,ADANIENT.NS,Adani Enterprises Limited,Thermal Coal,Energy,Mr. Gautambhai Shantilal Adani S.Y. B.Com,"Ahmedabad, India",https://www.adanienterprises.com,2308.8,2238.85,2664840298496,77.06275,29.96,0.00059999997,3743.9,2025.0
2021-10-29 00:00:00+05:30,1397.4431259604269,2314.95,2213.75,1421.0,1379552,0.0,0.0,ADANIENT.NS,Adani Enterprises Limited,Thermal Coal,Energy,Mr. Gautambhai Shantilal Adani S.Y. B.Com,"Ahmedabad, India",https://www.adanienterprises.com,2308.8,2238.85,2664840298496,77.06275,29.96,0.00059999997,3743.9,2025.0
2021-11-01 00:00:00+05:30,1433.377336865571,2314.95,2213.75,1442.660400390625,1379552,0.0,0.0,ADANIENT.NS,Adani Enterprises Limited,Thermal Coal,Energy,Mr. Gautambhai Shantilal Adani S.Y. B.Com,"Ahmedabad, India",https://www.adanienterprises.com,2308.8,2238.85,2664840298496,77.06275,29.96,0.00059999997,3743.9,2025.0
2021-11-02 00:00:00+05:30,1452.3426894323482,2314.95,2213.75,1470.1102294921875,1379552,0.0,0.0,ADANIENT.NS,Adani Enterprises Limited,Thermal Coal,Energy,Mr. Gautambhai Shantilal Adani S.Y. B.Com,"Ahmedabad, India",https://www.adanienterprises.com,2308.8,2238.85,2664840298496,77.06275,29.96,0.00059999997,3743.9,2025.0
2021-11-03 00:00:00+05:30,1471.3078671723204,2314.95,2213.75,1483.1861572265625,1379552,0.0,0.0,ADANIENT.NS,Adani Enterprises Limited,Thermal Coal,Energy,Mr. Gautambhai Shantilal Adani S.Y. B.Com,"Ahmedabad, India",https://www.adanienterprises.com,2308.8,2238.85,2664840298496,77.06275,29.96,0.00059999997,3743.9,2025.0
2021-11-04 00:00:00+05:30,1492.269526456177,2314.95,2213.75,1486.7296142578125,1379552,0.0,0.0,ADANIENT.NS,Adani Enterprises Limited,Thermal Coal,Energy,Mr. Gautambhai Shantilal Adani S.Y. B.Com,"Ahmedabad, India",https://www.adanienterprises.com,2308.8,2238.85,2664840298496,77.06275,29.96,0.00059999997,3743.9,2025.0
2021-11-08 00:00:00+05:30,1492.2697590056093,2314.95,2213.75,1565.385986328125,1379552,0.0,0.0,ADANIENT.NS,Adani Enterprises Limited,Thermal Coal,Energy,Mr. Gautambhai Shantilal Adani S.Y. B.Com,"Ahmedabad, India",https://www.adanienterprises.com,2308.8,2238.85,2664840298496,77.06275,29.96,0.00059999997,3743.9,2025.0
2021-11-09 00:00:00+05:30,1552.1601090523186,2314.95,2213.75,1632.463134765625,1379552,0.0,0.0,ADANIENT.NS,Adani Enterprises Limited,Thermal Coal,Energy,Mr. Gautambhai Shantilal Adani S.Y. B.Com,"Ahmedabad, India",https://www.adanienterprises.com,2308.8,2238.85,2664840298496,77.06275,29.96,0.00059999997,3743.9,2025.0
2021-11-10 00:00:00+05:30,1622.5812173297106,2314.95,2213.75,1652.8258056640625,1379552,0.0,0.0,ADANIENT.NS,Adani Enterprises Limited,Thermal Coal,Energy,Mr. Gautambhai Shantilal Adani S.Y. B.Com,"Ahmedabad, India",https://www.adanienterprises.com,2308.8,2238.85,2664840298496,77.06275,29.96,0.00059999997,3743.9,2025.0
2021-11-11 00:00:00+05:30,1646.9864419030298,2314.95,2213.75,1661.8592529296875,1379552,0.0,0.0,ADANIENT.NS,Adani Enterprises Limited,Thermal Coal,Energy,Mr. Gautambhai Shantilal Adani S.Y. B.Com,"Ahmedabad, India",https://www.adanienterprises.com,2308.8,2238.85,2664840298496,77.06275,29.96,0.00059999997,3743.9,2025.0
2021-11-12 00:00:00+05:30,1675.23479896942,2314.95,2213.75,1702.0855712890625,1379552,0.0,0.0,ADANIENT.NS,Adani Enterprises Limited,Thermal Coal,Energy,Mr. Gautambhai Shantilal Adani S.Y. B.Com,"Ahmedabad, India",https://www.adanienterprises.com,2308.8,2238.85,2664840298496,77.06275,29.96,0.00059999997,3743.9,2025.0
2021-11-15 00:00:00+05:30,1710.6201909370673,2314.95,2213.75,1746.3548583984375,1379552,0.0,0.0,ADANIENT.NS,Adani Enterprises Limited,Thermal Coal,Energy,Mr. Gautambhai Shantilal Adani S.Y. B.Com,"Ahmedabad, India",https://www.adanienterprises.com,2308.8,2238.85,2664840298496,77.06275,29.96,0.00059999997,3743.9,2025.0
2021-11-16 00:00:00+05:30,1756.2365839197678,2314.95,2213.75,1708.4739990234375,1379552,0.0,0.0,ADANIENT.NS,Adani Enterprises Limited,Thermal Coal,Energy,Mr. Gautambhai Shantilal Adani S.Y. B.Com,"Ahmedabad, India",https://www.adanienterprises.com,2308.8,2238.85,2664840298496,77.06275,29.96,0.00059999997,3743.9,2025.0
2021-11-17 00:00:00+05:30,1710.869633809797,2314.95,2213.75,1703.3333740234375,1379552,0.0,0.0,ADANIENT.NS,Adani Enterprises Limited,Thermal Coal,Energy,Mr. Gautambhai Shantilal Adani S.Y. B.Com,"Ahmedabad, India",https://www.adanienterprises.com,2308.8,2238.85,2664840298496,77.06275,29.96,0.00059999997,3743.9,2025.0
2021-11-18 00:00:00+05:30,1704.880491013601,2314.95,2213.75,1685.6656494140625,1379552,0.0,0.0,ADANIENT.NS,Adani Enterprises Limited,Thermal Coal,Energy,Mr. Gautambhai Shantilal Adani S.Y. B.Com,"Ahmedabad, India",https://www.adanienterprises.com,2308.8,2238.85,2664840298496,77.06275,29.96,0.00059999997,3743.9,2025.0
2021-11-22 00:00:00+05:30,1688.3110179456955,2314.95,2213.75,1672.6895751953125,1379552,0.0,0.0,ADANIENT.NS,Adani Enterprises Limited,Thermal Coal,Energy,Mr. Gautambhai Shantilal Adani S.Y. B.Com,"Ahmedabad, India",https://www.adanienterprises.com,2308.8,2238.85,2664840298496,77.06275,29.96,0.00059999997,3743.9,2025.0
2021-11-23 00:00:00+05:30,1657.118059668126,2314.95,2213.75,1704.8306884765625,1379552,0.0,0.0,ADANIENT.NS,Adani Enterprises Limited,Thermal Coal,Energy,Mr. Gautambhai Shantilal Adani S.Y. B.Com,"Ahmedabad, India",https://www.adanienterprises.com,2308.8,2238.85,2664840298496,77.06275,29.96,0.00059999997,3743.9,2025.0
2021-11-24 00:00:00+05:30,1718.4556842319369,2314.95,2213.75,1751.9444580078125,1379552,0.0,0.0,ADANIENT.NS,Adani Enterprises Limited,Thermal Coal,Energy,Mr. Gautambhai Shantilal Adani S.Y. B.Com,"Ahmedabad, India",https://www.adanienterprises.com,2308.8,2238.85,2664840298496,77.06275,29.96,0.00059999997,3743.9,2025.0
2021-11-25 00:00:00+05:30,1759.730163283481,2314.95,2213.75,1759.830078125,1379552,0.0,0.0,ADANIENT.NS,Adani Enterprises Limited,Thermal Coal,Energy,Mr. Gautambhai Shantilal Adani S.Y. B.Com,"Ahmedabad, India",https://www.adanienterprises.com,2308.8,2238.85,2664840298496,77.06275,29.96,0.00059999997,3743.9,2025.0
2021-11-26 00:00:00+05:30,1736.822138906075,2314.95,2213.75,1666.5008544921875,1379552,0.0,0.0,ADANIENT.NS,Adani Enterprises Limited,Thermal Coal,Energy,Mr. Gautambhai Shantilal Adani S.Y. B.Com,"Ahmedabad, India",https://www.adanienterprises.com,2308.8,2238.85,2664840298496,77.06275,29.96,0.00059999997,3743.9,2025.0
2021-11-29 00:00:00+05:30,1651.9774609258443,2314.95,2213.75,1662.0091552734375,1379552,0.0,0.0,ADANIENT.NS,Adani Enterprises Limited,Thermal Coal,Energy,Mr. Gautambhai Shantilal Adani S.Y. B.Com,"Ahmedabad, India",https://www.adanienterprises.com,2308.8,2238.85,2664840298496,77.06275,29.96,0.00059999997,3743.9,2025.0
2021-11-30 00:00:00+05:30,1664.9538517172175,2314.95,2213.75,1659.813232421875,1379552,0.0,0.0,ADANIENT.NS,Adani Enterprises Limited,Thermal Coal,Energy,Mr. Gautambhai Shantilal Adani S.Y. B.Com,"Ahmedabad, India",https://www.adanienterprises.com,2308.8,2238.85,2664840298496,77.06275,29.96,0.00059999997,3743.9,2025.0
2021-12-01 00:00:00+05:30,1690.9061923593922,2314.95,2213.75,1690.20751953125,1379552,0.0,0.0,ADANIENT.NS,Adani Enterprises Limited,Thermal Coal,Energy,Mr. Gautambhai Shantilal Adani S.Y. B.Com,"Ahmedabad, India",https://www.adanienterprises.com,2308.8,2238.85,2664840298496,77.06275,29.96,0.00059999997,3743.9,2025.0
2021-12-02 00:00:00+05:30,1689.408901157894,2314.95,2213.75,1729.0863037109375,1379552,0.0,0.0,ADANIENT.NS,Adani Enterprises Limited,Thermal Coal,Energy,Mr. Gautambhai Shantilal Adani S.Y. B.Com,"Ahmedabad, India",https://www.adanienterprises.com,2308.8,2238.85,2664840298496,77.06275,29.96,0.00059999997,3743.9,2025.0
2021-12-03 00:00:00+05:30,1730.8329440485452,2314.95,2213.75,1704.980224609375,1379552,0.0,0.0,ADANIENT.NS,Adani Enterprises Limited,Thermal Coal,Energy,Mr. Gautambhai Shantilal Adani S.Y. B.Com,"Ahmedabad, India",https://www.adanienterprises.com,2308.8,2238.85,2664840298496,77.06275,29.96,0.00059999997,3743.9,2025.0
2021-12-06 00:00:00+05:30,1706.8770146775905,2314.95,2213.75,1642.5946044921875,1379552,0.0,0.0,ADANIENT.NS,Adani Enterprises Limited,Thermal Coal,Energy,Mr. Gautambhai Shantilal Adani S.Y. B.Com,"Ahmedabad, India",https://www.adanienterprises.com,2308.8,2238.85,2664840298496,77.06275,29.96,0.00059999997,3743.9,2025.0
2021-12-07 00:00:00+05:30,1655.8702996493278,2314.95,2213.75,1675.384521484375,1379552,0.0,0.0,ADANIENT.NS,Adani Enterprises Limited,Thermal Coal,Energy,Mr. Gautambhai Shantilal Adani S.Y. B.Com,"Ahmedabad, India",https://www.adanienterprises.com,2308.8,2238.85,2664840298496,77.06275,29.96,0.00059999997,3743.9,2025.0
2021-12-08 00:00:00+05:30,1676.732072289728,2314.95,2213.75,1712.3668212890625,1379552,0.0,0.0,ADANIENT.NS,Adani Enterprises Limited,Thermal Coal,Energy,Mr. Gautambhai Shantilal Adani S.Y. B.Com,"Ahmedabad, India",https://www.adanienterprises.com,2308.8,2238.85,2664840298496,77.06275,29.96,0.00059999997,3743.9,2025.0
2021-12-09 00:00:00+05:30,1721.849591868037,2314.95,2213.75,1719.1046142578125,1379552,0.0,0.0,ADANIENT.NS,Adani Enterprises Limited,Thermal Coal,Energy,Mr. Gautambhai Shantilal Adani S.Y. B.Com,"Ahmedabad, India",https://www.adanienterprises.com,2308.8,2238.85,2664840298496,77.06275,29.96,0.00059999997,3743.9,2025.0
2021-12-10 00:00:00+05:30,1707.475812196869,2314.95,2213.75,1737.221435546875,1379552,0.0,0.0,ADANIENT.NS,Adani Enterprises Limited,Thermal Coal,Energy,Mr. Gautambhai Shantilal Adani S.Y. B.Com,"Ahmedabad, India",https://www.adanienterprises.com,2308.8,2238.85,2664840298496,77.06275,29.96,0.00059999997,3743.9,2025.0
2021-12-13 00:00:00+05:30,1751.794752996368,2314.95,2213.75,1716.4095458984375,1379552,0.0,0.0,ADANIENT.NS,Adani Enterprises Limited,Thermal Coal,Energy,Mr. Gautambhai Shantilal Adani S.Y. B.Com,"Ahmedabad, India",https://www.adanienterprises.com,2308.8,2238.85,2664840298496,77.06275,29.96,0.00059999997,3743.9,2025.0
2021-12-14 00:00:00+05:30,1708.8731922845543,2314.95,2213.75,1716.9583740234375,1379552,0.0,0.0,ADANIENT.NS,Adani Enterprises Limited,Thermal Coal,Energy,Mr. Gautambhai Shantilal Adani S.Y. B.Com,"Ahmedabad, India",https://www.adanienterprises.com,2308.8,2238.85,2664840298496,77.06275,29.96,0.00059999997,3743.9,2025.0
2021-12-15 00:00:00+05:30,1716.858821975795,2314.95,2213.75,1692.2039794921875,1379552,0.0,0.0,ADANIENT.NS,Adani Enterprises Limited,Thermal Coal,Energy,Mr. Gautambhai Shantilal Adani S.Y. B.Com,"Ahmedabad, India",https://www.adanienterprises.com,2308.8,2238.85,2664840298496,77.06275,29.96,0.00059999997,3743.9,2025.0
2021-12-16 00:00:00+05:30,1704.1818175933408,2314.95,2213.75,1698.94140625,1379552,0.0,0.0,ADANIENT.NS,Adani Enterprises Limited,Thermal Coal,Energy,Mr. Gautambhai Shantilal Adani S.Y. B.Com,"Ahmedabad, India",https://www.adanienterprises.com,2308.8,2238.85,2664840298496,77.06275,29.96,0.00059999997,3743.9,2025.0
2021-12-17 00:00:00+05:30,1695.8470852166893,2314.95,2213.75,1642.295166015625,1379552,0.0,0.0,ADANIENT.NS,Adani Enterprises Limited,Thermal Coal,Energy,Mr. Gautambhai Shantilal Adani S.Y. B.Com,"Ahmedabad, India",https://www.adanienterprises.com,2308.8,2238.85,2664840298496,77.06275,29.96,0.00059999997,3743.9,2025.0
2021-12-20 00:00:00+05:30,1626.0248722636004,2314.95,2213.75,1587.046142578125,1379552,0.0,0.0,ADANIENT.NS,Adani Enterprises Limited,Thermal Coal,Energy,Mr. Gautambhai Shantilal Adani S.Y. B.Com,"Ahmedabad, India",https://www.adanienterprises.com,2308.8,2238.85,2664840298496,77.06275,29.96,0.00059999997,3743.9,2025.0
2021-12-21 00:00:00+05:30,1618.1392850959808,2314.95,2213.75,1617.5404052734375,1379552,0.0,0.0,ADANIENT.NS,Adani Enterprises Limited,Thermal Coal,Energy,Mr. Gautambhai Shantilal Adani S.Y. B.Com,"Ahmedabad, India",https://www.adanienterprises.com,2308.8,2238.85,2664840298496,77.06275,29.96,0.00059999997,3743.9,2025.0
2021-12-22 00:00:00+05:30,1628.2707179407141,2314.95,2213.75,1655.0716552734375,1379552,0.0,0.0,ADANIENT.NS,Adani Enterprises Limited,Thermal Coal,Energy,Mr. Gautambhai Shantilal Adani S.Y. B.Com,"Ahmedabad, India",https://www.adanienterprises.com,2308.8,2238.85,2664840298496,77.06275,29.96,0.00059999997,3743.9,2025.0
2021-12-23 00:00:00+05:30,1671.6414113566125,2314.95,2213.75,1673.138671875,1379552,0.0,0.0,ADANIENT.NS,Adani Enterprises Limited,Thermal Coal,Energy,Mr. Gautambhai Shantilal Adani S.Y. B.Com,"Ahmedabad, India",https://www.adanienterprises.com,2308.8,2238.85,2664840298496,77.06275,29.96,0.00059999997,3743.9,2025.0
2021-12-24 00:00:00+05:30,1676.9317983325348,2314.95,2213.75,1695.0985107421875,1379552,0.0,0.0,ADANIENT.NS,Adani Enterprises Limited,Thermal Coal,Energy,Mr. Gautambhai Shantilal Adani S.Y. B.Com,"Ahmedabad, India",https://www.adanienterprises.com,2308.8,2238.85,2664840298496,77.06275,29.96,0.00059999997,3743.9,2025.0
2021-12-27 00:00:00+05:30,1691.65483111866,2314.95,2213.75,1727.0400390625,1379552,0.0,0.0,ADANIENT.NS,Adani Enterprises Limited,Thermal Coal,Energy,Mr. Gautambhai Shantilal Adani S.Y. B.Com,"Ahmedabad, India",https://www.adanienterprises.com,2308.8,2238.85,2664840298496,77.06275,29.96,0.00059999997,3743.9,2025.0
2021-12-28 00:00:00+05:30,1736.8222134784587,2314.95,2213.75,1747.8021240234375,1379552,0.0,0.0,ADANIENT.NS,Adani Enterprises Limited,Thermal Coal,Energy,Mr. Gautambhai Shantilal Adani S.Y. B.Com,"Ahmedabad, India",https://www.adanienterprises.com,2308.8,2238.85,2664840298496,77.06275,29.96,0.00059999997,3743.9,2025.0
2021-12-29 00:00:00+05:30,1747.802252209813,2314.95,2213.75,1714.9124755859375,1379552,0.0,0.0,ADANIENT.NS,Adani Enterprises Limited,Thermal Coal,Energy,Mr. Gautambhai Shantilal Adani S.Y. B.Com,"Ahmedabad, India",https://www.adanienterprises.com,2308.8,2238.85,2664840298496,77.06275,29.96,0.00059999997,3743.9,2025.0
2021-12-30 00:00:00+05:30,1710.8695892014548,2314.95,2213.75,1693.3017578125,1379552,0.0,0.0,ADANIENT.NS,Adani Enterprises Limited,Thermal Coal,Energy,Mr. Gautambhai Shantilal Adani S.Y. B.Com,"Ahmedabad, India",https://www.adanienterprises.com,2308.8,2238.85,2664840298496,77.06275,29.96,0.00059999997,3743.9,2025.0
2021-12-31 00:00:00+05:30,1691.8543630734346,2314.95,2213.75,1706.327880859375,1379552,0.0,0.0,ADANIENT.NS,Adani Enterprises Limited,Thermal Coal,Energy,Mr. Gautambhai Shantilal Adani S.Y. B.Com,"Ahmedabad, India",https://www.adanienterprises.com,2308.8,2238.85,2664840298496,77.06275,29.96,0.00059999997,3743.9,2025.0
2022-01-03 00:00:00+05:30,1709.8714709779908,2314.95,2213.75,1714.013916015625,1379552,0.0,0.0,ADANIENT.NS,Adani Enterprises Limited,Thermal Coal,Energy,Mr. Gautambhai Shantilal Adani S.Y. B.Com,"Ahmedabad, India",https://www.adanienterprises.com,2308.8,2238.85,2664840298496,77.06275,29.96,0.00059999997,3743.9,2025.0
2022-01-04 00:00:00+05:30,1722.5982681993414,2314.95,2213.75,1715.860595703125,1379552,0.0,0.0,ADANIENT.NS,Adani Enterprises Limited,Thermal Coal,Energy,Mr. Gautambhai Shantilal Adani S.Y. B.Com,"Ahmedabad, India",https://www.adanienterprises.com,2308.8,2238.85,2664840298496,77.06275,29.96,0.00059999997,3743.9,2025.0
2022-01-05 00:00:00+05:30,1718.8549805073178,2314.95,2213.75,1712.31689453125,1379552,0.0,0.0,ADANIENT.NS,Adani Enterprises Limited,Thermal Coal,Energy,Mr. Gautambhai Shantilal Adani S.Y. B.Com,"Ahmedabad, India",https://www.adanienterprises.com,2308.8,2238.85,2664840298496,77.06275,29.96,0.00059999997,3743.9,2025.0
2022-01-06 00:00:00+05:30,1706.8769994260251,2314.95,2213.75,1709.9713134765625,1379552,0.0,0.0,ADANIENT.NS,Adani Enterprises Limited,Thermal Coal,Energy,Mr. Gautambhai Shantilal Adani S.Y. B.Com,"Ahmedabad, India",https://www.adanienterprises.com,2308.8,2238.85,2664840298496,77.06275,29.96,0.00059999997,3743.9,2025.0
2022-01-07 00:00:00+05:30,1716.7587632885072,2314.95,2213.75,1695.9967041015625,1379552,0.0,0.0,ADANIENT.NS,Adani Enterprises Limited,Thermal Coal,Energy,Mr. Gautambhai Shantilal Adani S.Y. B.Com,"Ahmedabad, India",https://www.adanienterprises.com,2308.8,2238.85,2664840298496,77.06275,29.96,0.00059999997,3743.9,2025.0
2022-01-10 00:00:00+05:30,1704.4313997437553,2314.95,2213.75,1749.3990478515625,1379552,0.0,0.0,ADANIENT.NS,Adani Enterprises Limited,Thermal Coal,Energy,Mr. Gautambhai Shantilal Adani S.Y. B.Com,"Ahmedabad, India",https://www.adanienterprises.com,2308.8,2238.85,2664840298496,77.06275,29.96,0.00059999997,3743.9,2025.0
2022-01-11 00:00:00+05:30,1754.7893273249945,2314.95,2213.75,1840.532470703125,1379552,0.0,0.0,ADANIENT.NS,Adani Enterprises Limited,Thermal Coal,Energy,Mr. Gautambhai Shantilal Adani S.Y. B.Com,"Ahmedabad, India",https://www.adanienterprises.com,2308.8,2238.85,2664840298496,77.06275,29.96,0.00059999997,3743.9,2025.0
2022-01-12 00:00:00+05:30,1869.5792422168918,2314.95,2213.75,1826.757568359375,1379552,0.0,0.0,ADANIENT.NS,Adani Enterprises Limited,Thermal Coal,Energy,Mr. Gautambhai Shantilal Adani S.Y. B.Com,"Ahmedabad, India",https://www.adanienterprises.com,2308.8,2238.85,2664840298496,77.06275,29.96,0.00059999997,3743.9,2025.0
2022-01-13 00:00:00+05:30,1830.6504523619506,2314.95,2213.75,1849.965087890625,1379552,0.0,0.0,ADANIENT.NS,Adani Enterprises Limited,Thermal Coal,Energy,Mr. Gautambhai Shantilal Adani S.Y. B.Com,"Ahmedabad, India",https://www.adanienterprises.com,2308.8,2238.85,2664840298496,77.06275,29.96,0.00059999997,3743.9,2025.0
2022-01-14 00:00:00+05:30,1846.6212125405193,2314.95,2213.75,1866.834228515625,1379552,0.0,0.0,ADANIENT.NS,Adani Enterprises Limited,Thermal Coal,Energy,Mr. Gautambhai Shantilal Adani S.Y. B.Com,"Ahmedabad, India",https://www.adanienterprises.com,2308.8,2238.85,2664840298496,77.06275,29.96,0.00059999997,3743.9,2025.0
2022-01-17 00:00:00+05:30,1872.5738440862208,2314.95,2213.75,1874.37060546875,1379552,0.0,0.0,ADANIENT.NS,Adani Enterprises Limited,Thermal Coal,Energy,Mr. Gautambhai Shantilal Adani S.Y. B.Com,"Ahmedabad, India",https://www.adanienterprises.com,2308.8,2238.85,2664840298496,77.06275,29.96,0.00059999997,3743.9,2025.0
2022-01-18 00:00:00+05:30,1881.5572424541456,2314.95,2213.75,1837.587646484375,1379552,0.0,0.0,ADANIENT.NS,Adani Enterprises Limited,Thermal Coal,Energy,Mr. Gautambhai Shantilal Adani S.Y. B.Com,"Ahmedabad, India",https://www.adanienterprises.com,2308.8,2238.85,2664840298496,77.06275,29.96,0.00059999997,3743.9,2025.0
2022-01-19 00:00:00+05:30,1836.4399576043832,2314.95,2213.75,1845.922607421875,1379552,0.0,0.0,ADANIENT.NS,Adani Enterprises Limited,Thermal Coal,Energy,Mr. Gautambhai Shantilal Adani S.Y. B.Com,"Ahmedabad, India",https://www.adanienterprises.com,2308.8,2238.85,2664840298496,77.06275,29.96,0.00059999997,3743.9,2025.0
2022-01-20 00:00:00+05:30,1851.6119797634851,2314.95,2213.75,1862.442138671875,1379552,0.0,0.0,ADANIENT.NS,Adani Enterprises Limited,Thermal Coal,Energy,Mr. Gautambhai Shantilal Adani S.Y. B.Com,"Ahmedabad, India",https://www.adanienterprises.com,2308.8,2238.85,2664840298496,77.06275,29.96,0.00059999997,3743.9,2025.0
2022-01-21 00:00:00+05:30,1857.4515095830438,2314.95,2213.75,1825.0108642578125,1379552,0.0,0.0,ADANIENT.NS,Adani Enterprises Limited,Thermal Coal,Energy,Mr. Gautambhai Shantilal Adani S.Y. B.Com,"Ahmedabad, India",https://www.adanienterprises.com,2308.8,2238.85,2664840298496,77.06275,29.96,0.00059999997,3743.9,2025.0
2022-01-24 00:00:00+05:30,1818.6723737630937,2314.95,2213.75,1712.6663818359375,1379552,0.0,0.0,ADANIENT.NS,Adani Enterprises Limited,Thermal Coal,Energy,Mr. Gautambhai Shantilal Adani S.Y. B.Com,"Ahmedabad, India",https://www.adanienterprises.com,2308.8,2238.85,2664840298496,77.06275,29.96,0.00059999997,3743.9,2025.0
2022-01-25 00:00:00+05:30,1664.9536348022777,2314.95,2213.75,1738.2196044921875,1379552,0.0,0.0,ADANIENT.NS,Adani Enterprises Limited,Thermal Coal,Energy,Mr. Gautambhai Shantilal Adani S.Y. B.Com,"Ahmedabad, India",https://www.adanienterprises.com,2308.8,2238.85,2664840298496,77.06275,29.96,0.00059999997,3743.9,2025.0
2022-01-27 00:00:00+05:30,1714.8623332140144,2314.95,2213.75,1682.9207763671875,1379552,0.0,0.0,ADANIENT.NS,Adani Enterprises Limited,Thermal Coal,Energy,Mr. Gautambhai Shantilal Adani S.Y. B.Com,"Ahmedabad, India",https://www.adanienterprises.com,2308.8,2238.85,2664840298496,77.06275,29.96,0.00059999997,3743.9,2025.0
2022-01-28 00:00:00+05:30,1699.3905437487701,2314.95,2213.75,1690.6065673828125,1379552,0.0,0.0,ADANIENT.NS,Adani Enterprises Limited,Thermal Coal,Energy,Mr. Gautambhai Shantilal Adani S.Y. B.Com,"Ahmedabad, India",https://www.adanienterprises.com,2308.8,2238.85,2664840298496,77.06275,29.96,0.00059999997,3743.9,2025.0
2022-01-31 00:00:00+05:30,1705.8287074848654,2314.95,2213.75,1711.8177490234375,1379552,0.0,0.0,ADANIENT.NS,Adani Enterprises Limited,Thermal Coal,Energy,Mr. Gautambhai Shantilal Adani S.Y. B.Com,"Ahmedabad, India",https://www.adanienterprises.com,2308.8,2238.85,2664840298496,77.06275,29.96,0.00059999997,3743.9,2025.0
2022-02-01 00:00:00+05:30,1724.7941307209696,2314.95,2213.75,1743.7095947265625,1379552,0.0,0.0,ADANIENT.NS,Adani Enterprises Limited,Thermal Coal,Energy,Mr. Gautambhai Shantilal Adani S.Y. B.Com,"Ahmedabad, India",https://www.adanienterprises.com,2308.8,2238.85,2664840298496,77.06275,29.96,0.00059999997,3743.9,2025.0
2022-02-02 00:00:00+05:30,1751.7948366661672,2314.95,2213.75,1776.100341796875,1379552,0.0,0.0,ADANIENT.NS,Adani Enterprises Limited,Thermal Coal,Energy,Mr. Gautambhai Shantilal Adani S.Y. B.Com,"Ahmedabad, India",https://www.adanienterprises.com,2308.8,2238.85,2664840298496,77.06275,29.96,0.00059999997,3743.9,2025.0
2022-02-03 00:00:00+05:30,1768.7136555447867,2314.95,2213.75,1748.650390625,1379552,0.0,0.0,ADANIENT.NS,Adani Enterprises Limited,Thermal Coal,Energy,Mr. Gautambhai Shantilal Adani S.Y. B.Com,"Ahmedabad, India",https://www.adanienterprises.com,2308.8,2238.85,2664840298496,77.06275,29.96,0.00059999997,3743.9,2025.0
2022-02-04 00:00:00+05:30,1754.7892489768892,2314.95,2213.75,1754.090576171875,1379552,0.0,0.0,ADANIENT.NS,Adani Enterprises Limited,Thermal Coal,Energy,Mr. Gautambhai Shantilal Adani S.Y. B.Com,"Ahmedabad, India",https://www.adanienterprises.com,2308.8,2238.85,2664840298496,77.06275,29.96,0.00059999997,3743.9,2025.0
2022-02-07 00:00:00+05:30,1761.776524070858,2314.95,2213.75,1728.63720703125,1379552,0.0,0.0,ADANIENT.NS,Adani Enterprises Limited,Thermal Coal,Energy,Mr. Gautambhai Shantilal Adani S.Y. B.Com,"Ahmedabad, India",https://www.adanienterprises.com,2308.8,2238.85,2664840298496,77.06275,29.96,0.00059999997,3743.9,2025.0
2022-02-08 00:00:00+05:30,1736.2232543499424,2314.95,2213.75,1712.865966796875,1379552,0.0,0.0,ADANIENT.NS,Adani Enterprises Limited,Thermal Coal,Energy,Mr. Gautambhai Shantilal Adani S.Y. B.Com,"Ahmedabad, India",https://www.adanienterprises.com,2308.8,2238.85,2664840298496,77.06275,29.96,0.00059999997,3743.9,2025.0
2022-02-09 00:00:00+05:30,1721.4501964989604,2314.95,2213.75,1779.893310546875,1379552,0.0,0.0,ADANIENT.NS,Adani Enterprises Limited,Thermal Coal,Energy,Mr. Gautambhai Shantilal Adani S.Y. B.Com,"Ahmedabad, India",https://www.adanienterprises.com,2308.8,2238.85,2664840298496,77.06275,29.96,0.00059999997,3743.9,2025.0
2022-02-10 00:00:00+05:30,1795.7143547813994,2314.95,2213.75,1782.837890625,1379552,0.0,0.0,ADANIENT.NS,Adani Enterprises Limited,Thermal Coal,Energy,Mr. Gautambhai Shantilal Adani S.Y. B.Com,"Ahmedabad, India",https://www.adanienterprises.com,2308.8,2238.85,2664840298496,77.06275,29.96,0.00059999997,3743.9,2025.0
2022-02-11 00:00:00+05:30,1760.7783800149807,2314.95,2213.75,1761.077880859375,1379552,0.0,0.0,ADANIENT.NS,Adani Enterprises Limited,Thermal Coal,Energy,Mr. Gautambhai Shantilal Adani S.Y. B.Com,"Ahmedabad, India",https://www.adanienterprises.com,2308.8,2238.85,2664840298496,77.06275,29.96,0.00059999997,3743.9,2025.0
2022-02-14 00:00:00+05:30,1733.1289724308235,2314.95,2213.75,1660.9110107421875,1379552,0.0,0.0,ADANIENT.NS,Adani Enterprises Limited,Thermal Coal,Energy,Mr. Gautambhai Shantilal Adani S.Y. B.Com,"Ahmedabad, India",https://www.adanienterprises.com,2308.8,2238.85,2664840298496,77.06275,29.96,0.00059999997,3743.9,2025.0
2022-02-15 00:00:00+05:30,1633.0120370391105,2314.95,2213.75,1741.0643310546875,1379552,0.0,0.0,ADANIENT.NS,Adani Enterprises Limited,Thermal Coal,Energy,Mr. Gautambhai Shantilal Adani S.Y. B.Com,"Ahmedabad, India",https://www.adanienterprises.com,2308.8,2238.85,2664840298496,77.06275,29.96,0.00059999997,3743.9,2025.0
2022-02-16 00:00:00+05:30,1741.0644517177527,2314.95,2213.75,1734.9256591796875,1379552,0.0,0.0,ADANIENT.NS,Adani Enterprises Limited,Thermal Coal,Energy,Mr. Gautambhai Shantilal Adani S.Y. B.Com,"Ahmedabad, India",https://www.adanienterprises.com,2308.8,2238.85,2664840298496,77.06275,29.96,0.00059999997,3743.9,2025.0
2022-02-17 00:00:00+05:30,1746.8039537820396,2314.95,2213.75,1727.7886962890625,1379552,0.0,0.0,ADANIENT.NS,Adani Enterprises Limited,Thermal Coal,Energy,Mr. Gautambhai Shantilal Adani S.Y. B.Com,"Ahmedabad, India",https://www.adanienterprises.com,2308.8,2238.85,2664840298496,77.06275,29.96,0.00059999997,3743.9,2025.0
2022-02-18 00:00:00+05:30,1735.8239262867721,2314.95,2213.75,1733.12890625,1379552,0.0,0.0,ADANIENT.NS,Adani Enterprises Limited,Thermal Coal,Energy,Mr. Gautambhai Shantilal Adani S.Y. B.Com,"Ahmedabad, India",https://www.adanienterprises.com,2308.8,2238.85,2664840298496,77.06275,29.96,0.00059999997,3743.9,2025.0
2022-02-21 00:00:00+05:30,1735.6243976960552,2314.95,2213.75,1682.1221923828125,1379552,0.0,0.0,ADANIENT.NS,Adani Enterprises Limited,Thermal Coal,Energy,Mr. Gautambhai Shantilal Adani S.Y. B.Com,"Ahmedabad, India",https://www.adanienterprises.com,2308.8,2238.85,2664840298496,77.06275,29.96,0.00059999997,3743.9,2025.0
2022-02-22 00:00:00+05:30,1633.1120310715428,2314.95,2213.75,1664.654296875,1379552,0.0,0.0,ADANIENT.NS,Adani Enterprises Limited,Thermal Coal,Energy,Mr. Gautambhai Shantilal Adani S.Y. B.Com,"Ahmedabad, India",https://www.adanienterprises.com,2308.8,2238.85,2664840298496,77.06275,29.96,0.00059999997,3743.9,2025.0
2022-02-23 00:00:00+05:30,1678.9281298093151,2314.95,2213.75,1685.6158447265625,1379552,0.0,0.0,ADANIENT.NS,Adani Enterprises Limited,Thermal Coal,Energy,Mr. Gautambhai Shantilal Adani S.Y. B.Com,"Ahmedabad, India",https://www.adanienterprises.com,2308.8,2238.85,2664840298496,77.06275,29.96,0.00059999997,3743.9,2025.0
2022-02-24 00:00:00+05:30,1623.0303220151616,2314.95,2213.75,1541.130126953125,1379552,0.0,0.0,ADANIENT.NS,Adani Enterprises Limited,Thermal Coal,Energy,Mr. Gautambhai Shantilal Adani S.Y. B.Com,"Ahmedabad, India",https://www.adanienterprises.com,2308.8,2238.85,2664840298496,77.06275,29.96,0.00059999997,3743.9,2025.0
2022-02-25 00:00:00+05:30,1591.0886915090732,2314.95,2213.75,1615.7435302734375,1379552,0.0,0.0,ADANIENT.NS,Adani Enterprises Limited,Thermal Coal,Energy,Mr. Gautambhai Shantilal Adani S.Y. B.Com,"Ahmedabad, India",https://www.adanienterprises.com,2308.8,2238.85,2664840298496,77.06275,29.96,0.00059999997,3743.9,2025.0
2022-02-28 00:00:00+05:30,1600.8210353369607,2314.95,2213.75,1641.4466552734375,1379552,0.0,0.0,ADANIENT.NS,Adani Enterprises Limited,Thermal Coal,Energy,Mr. Gautambhai Shantilal Adani S.Y. B.Com,"Ahmedabad, India",https://www.adanienterprises.com,2308.8,2238.85,2664840298496,77.06275,29.96,0.00059999997,3743.9,2025.0
2022-03-02 00:00:00+05:30,1635.0085269285555,2314.95,2213.75,1638.8016357421875,1379552,0.0,0.0,ADANIENT.NS,Adani Enterprises Limited,Thermal Coal,Energy,Mr. Gautambhai Shantilal Adani S.Y. B.Com,"Ahmedabad, India",https://www.adanienterprises.com,2308.8,2238.85,2664840298496,77.06275,29.96,0.00059999997,3743.9,2025.0
2022-03-03 00:00:00+05:30,1666.94995176745,2314.95,2213.75,1640.7978515625,1379552,0.0,0.0,ADANIENT.NS,Adani Enterprises Limited,Thermal Coal,Energy,Mr. Gautambhai Shantilal Adani S.Y. B.Com,"Ahmedabad, India",https://www.adanienterprises.com,2308.8,2238.85,2664840298496,77.06275,29.96,0.00059999997,3743.9,2025.0
2022-03-04 00:00:00+05:30,1618.8379218886143,2314.95,2213.75,1612.05029296875,1379552,0.0,0.0,ADANIENT.NS,Adani Enterprises Limited,Thermal Coal,Energy,Mr. Gautambhai Shantilal Adani S.Y. B.Com,"Ahmedabad, India",https://www.adanienterprises.com,2308.8,2238.85,2664840298496,77.06275,29.96,0.00059999997,3743.9,2025.0
2022-03-07 00:00:00+05:30,1587.0960378524492,2314.95,2213.75,1561.1934814453125,1379552,0.0,0.0,ADANIENT.NS,Adani Enterprises Limited,Thermal Coal,Energy,Mr. Gautambhai Shantilal Adani S.Y. B.Com,"Ahmedabad, India",https://www.adanienterprises.com,2308.8,2238.85,2664840298496,77.06275,29.96,0.00059999997,3743.9,2025.0
2022-03-08 00:00:00+05:30,1572.0237384868346,2314.95,2213.75,1598.6749267578125,1379552,0.0,0.0,ADANIENT.NS,Adani Enterprises Limited,Thermal Coal,Energy,Mr. Gautambhai Shantilal Adani S.Y. B.Com,"Ahmedabad, India",https://www.adanienterprises.com,2308.8,2238.85,2664840298496,77.06275,29.96,0.00059999997,3743.9,2025.0
2022-03-09 00:00:00+05:30,1606.660212212078,2314.95,2213.75,1653.5245361328125,1379552,0.0,0.0,ADANIENT.NS,Adani Enterprises Limited,Thermal Coal,Energy,Mr. Gautambhai Shantilal Adani S.Y. B.Com,"Ahmedabad, India",https://www.adanienterprises.com,2308.8,2238.85,2664840298496,77.06275,29.96,0.00059999997,3743.9,2025.0
2022-03-10 00:00:00+05:30,1678.9280296792972,2314.95,2213.75,1739.6668701171875,1379552,0.0,0.0,ADANIENT.NS,Adani Enterprises Limited,Thermal Coal,Energy,Mr. Gautambhai Shantilal Adani S.Y. B.Com,"Ahmedabad, India",https://www.adanienterprises.com,2308.8,2238.85,2664840298496,77.06275,29.96,0.00059999997,3743.9,2025.0
2022-03-11 00:00:00+05:30,1746.8039695483808,2314.95,2213.75,1730.9329833984375,1379552,0.0,0.0,ADANIENT.NS,Adani Enterprises Limited,Thermal Coal,Energy,Mr. Gautambhai Shantilal Adani S.Y. B.Com,"Ahmedabad, India",https://www.adanienterprises.com,2308.8,2238.85,2664840298496,77.06275,29.96,0.00059999997,3743.9,2025.0
2022-03-14 00:00:00+05:30,1728.8368335237526,2314.95,2213.75,1732.9293212890625,1379552,0.0,0.0,ADANIENT.NS,Adani Enterprises Limited,Thermal Coal,Energy,Mr. Gautambhai Shantilal Adani S.Y. B.Com,"Ahmedabad, India",https://www.adanienterprises.com,2308.8,2238.85,2664840298496,77.06275,29.96,0.00059999997,3743.9,2025.0
2022-03-15 00:00:00+05:30,1736.8222043125818,2314.95,2213.75,1698.292724609375,1379552,0.0,0.0,ADANIENT.NS,Adani Enterprises Limited,Thermal Coal,Energy,Mr. Gautambhai Shantilal Adani S.Y. B.Com,"Ahmedabad, India",https://www.adanienterprises.com,2308.8,2238.85,2664840298496,77.06275,29.96,0.00059999997,3743.9,2025.0
2022-03-16 00:00:00+05:30,1720.8514019615686,2314.95,2213.75,1754.789306640625,1379552,0.0,0.0,ADANIENT.NS,Adani Enterprises Limited,Thermal Coal,Energy,Mr. Gautambhai Shantilal Adani S.Y. B.Com,"Ahmedabad, India",https://www.adanienterprises.com,2308.8,2238.85,2664840298496,77.06275,29.96,0.00059999997,3743.9,2025.0
2022-03-17 00:00:00+05:30,1772.3571823741543,2314.95,2213.75,1816.3267822265625,1379552,0.0,0.0,ADANIENT.NS,Adani Enterprises Limited,Thermal Coal,Energy,Mr. Gautambhai Shantilal Adani S.Y. B.Com,"Ahmedabad, India",https://www.adanienterprises.com,2308.8,2238.85,2664840298496,77.06275,29.96,0.00059999997,3743.9,2025.0
2022-03-21 00:00:00+05:30,1832.6967492520084,2314.95,2213.75,1799.6571044921875,1379552,0.0,0.0,ADANIENT.NS,Adani Enterprises Limited,Thermal Coal,Energy,Mr. Gautambhai Shantilal Adani S.Y. B.Com,"Ahmedabad, India",https://www.adanienterprises.com,2308.8,2238.85,2664840298496,77.06275,29.96,0.00059999997,3743.9,2025.0
2022-03-22 00:00:00+05:30,1799.6570928323536,2314.95,2213.75,1828.2049560546875,1379552,0.0,0.0,ADANIENT.NS,Adani Enterprises Limited,Thermal Coal,Energy,Mr. Gautambhai Shantilal Adani S.Y. B.Com,"Ahmedabad, India",https://www.adanienterprises.com,2308.8,2238.85,2664840298496,77.06275,29.96,0.00059999997,3743.9,2025.0
2022-03-23 00:00:00+05:30,1844.6748878602525,2314.95,2213.75,1807.6925048828125,1379552,0.0,0.0,ADANIENT.NS,Adani Enterprises Limited,Thermal Coal,Energy,Mr. Gautambhai Shantilal Adani S.Y. B.Com,"Ahmedabad, India",https://www.adanienterprises.com,2308.8,2238.85,2664840298496,77.06275,29.96,0.00059999997,3743.9,2025.0
2022-03-24 00:00:00+05:30,1811.6850977648107,2314.95,2213.75,1829.45263671875,1379552,0.0,0.0,ADANIENT.NS,Adani Enterprises Limited,Thermal Coal,Energy,Mr. Gautambhai Shantilal Adani S.Y. B.Com,"Ahmedabad, India",https://www.adanienterprises.com,2308.8,2238.85,2664840298496,77.06275,29.96,0.00059999997,3743.9,2025.0
2022-03-25 00:00:00+05:30,1832.197577302221,2314.95,2213.75,1863.590087890625,1379552,0.0,0.0,ADANIENT.NS,Adani Enterprises Limited,Thermal Coal,Energy,Mr. Gautambhai Shantilal Adani S.Y. B.Com,"Ahmedabad, India",https://www.adanienterprises.com,2308.8,2238.85,2664840298496,77.06275,29.96,0.00059999997,3743.9,2025.0
2022-03-28 00:00:00+05:30,1873.4722557793045,2314.95,2213.75,1906.2122802734375,1379552,0.0,0.0,ADANIENT.NS,Adani Enterprises Limited,Thermal Coal,Energy,Mr. Gautambhai Shantilal Adani S.Y. B.Com,"Ahmedabad, India",https://www.adanienterprises.com,2308.8,2238.85,2664840298496,77.06275,29.96,0.00059999997,3743.9,2025.0
2022-03-29 00:00:00+05:30,1915.744760367811,2314.95,2213.75,1913.7484130859375,1379552,0.0,0.0,ADANIENT.NS,Adani Enterprises Limited,Thermal Coal,Energy,Mr. Gautambhai Shantilal Adani S.Y. B.Com,"Ahmedabad, India",https://www.adanienterprises.com,2308.8,2238.85,2664840298496,77.06275,29.96,0.00059999997,3743.9,2025.0
2022-03-30 00:00:00+05:30,1924.179396786213,2314.95,2213.75,1991.6060791015625,1379552,0.0,0.0,ADANIENT.NS,Adani Enterprises Limited,Thermal Coal,Energy,Mr. Gautambhai Shantilal Adani S.Y. B.Com,"Ahmedabad, India",https://www.adanienterprises.com,2308.8,2238.85,2664840298496,77.06275,29.96,0.00059999997,3743.9,2025.0
2022-03-31 00:00:00+05:30,2001.33811964884,2314.95,2213.75,2011.0703125,1379552,0.0,0.0,ADANIENT.NS,Adani Enterprises Limited,Thermal Coal,Energy,Mr. Gautambhai Shantilal Adani S.Y. B.Com,"Ahmedabad, India",https://www.adanienterprises.com,2308.8,2238.85,2664840298496,77.06275,29.96,0.00059999997,3743.9,2025.0
2022-04-01 00:00:00+05:30,2014.314544606032,2314.95,2213.75,2039.917724609375,1379552,0.0,0.0,ADANIENT.NS,Adani Enterprises Limited,Thermal Coal,Energy,Mr. Gautambhai Shantilal Adani S.Y. B.Com,"Ahmedabad, India",https://www.adanienterprises.com,2308.8,2238.85,2664840298496,77.06275,29.96,0.00059999997,3743.9,2025.0
2022-04-04 00:00:00+05:30,2046.2557562160516,2314.95,2213.75,2062.076904296875,1379552,0.0,0.0,ADANIENT.NS,Adani Enterprises Limited,Thermal Coal,Energy,Mr. Gautambhai Shantilal Adani S.Y. B.Com,"Ahmedabad, India",https://www.adanienterprises.com,2308.8,2238.85,2664840298496,77.06275,29.96,0.00059999997,3743.9,2025.0
2022-04-05 00:00:00+05:30,2074.204759341486,2314.95,2213.75,2135.94189453125,1379552,0.0,0.0,ADANIENT.NS,Adani Enterprises Limited,Thermal Coal,Energy,Mr. Gautambhai Shantilal Adani S.Y. B.Com,"Ahmedabad, India",https://www.adanienterprises.com,2308.8,2238.85,2664840298496,77.06275,29.96,0.00059999997,3743.9,2025.0
2022-04-06 00:00:00+05:30,2149.816590203179,2314.95,2213.75,2156.05517578125,1379552,0.0,0.0,ADANIENT.NS,Adani Enterprises Limited,Thermal Coal,Energy,Mr. Gautambhai Shantilal Adani S.Y. B.Com,"Ahmedabad, India",https://www.adanienterprises.com,2308.8,2238.85,2664840298496,77.06275,29.96,0.00059999997,3743.9,2025.0
2022-04-07 00:00:00+05:30,2161.994023833179,2314.95,2213.75,2095.21630859375,1379552,0.0,0.0,ADANIENT.NS,Adani Enterprises Limited,Thermal Coal,Energy,Mr. Gautambhai Shantilal Adani S.Y. B.Com,"Ahmedabad, India",https://www.adanienterprises.com,2308.8,2238.85,2664840298496,77.06275,29.96,0.00059999997,3743.9,2025.0
2022-04-08 00:00:00+05:30,2111.137338621407,2314.95,2213.75,2166.985107421875,1379552,0.0,0.0,ADANIENT.NS,Adani Enterprises Limited,Thermal Coal,Energy,Mr. Gautambhai Shantilal Adani S.Y. B.Com,"Ahmedabad, India",https://www.adanienterprises.com,2308.8,2238.85,2664840298496,77.06275,29.96,0.00059999997,3743.9,2025.0
2022-04-11 00:00:00+05:30,2177.8651502225457,2314.95,2213.75,2176.218017578125,1379552,0.0,0.0,ADANIENT.NS,Adani Enterprises Limited,Thermal Coal,Energy,Mr. Gautambhai Shantilal Adani S.Y. B.Com,"Ahmedabad, India",https://www.adanienterprises.com,2308.8,2238.85,2664840298496,77.06275,29.96,0.00059999997,3743.9,2025.0
2022-04-12 00:00:00+05:30,2184.0038947817725,2314.95,2213.75,2192.9375,1379552,0.0,0.0,ADANIENT.NS,Adani Enterprises Limited,Thermal Coal,Energy,Mr. Gautambhai Shantilal Adani S.Y. B.Com,"Ahmedabad, India",https://www.adanienterprises.com,2308.8,2238.85,2664840298496,77.06275,29.96,0.00059999997,3743.9,2025.0
2022-04-13 00:00:00+05:30,2205.9638867894328,2314.95,2213.75,2195.43310546875,1379552,0.0,0.0,ADANIENT.NS,Adani Enterprises Limited,Thermal Coal,Energy,Mr. Gautambhai Shantilal Adani S.Y. B.Com,"Ahmedabad, India",https://www.adanienterprises.com,2308.8,2238.85,2664840298496,77.06275,29.96,0.00059999997,3743.9,2025.0
2022-04-18 00:00:00+05:30,2175.8189301632324,2314.95,2213.75,2229.770263671875,1379552,0.0,0.0,ADANIENT.NS,Adani Enterprises Limited,Thermal Coal,Energy,Mr. Gautambhai Shantilal Adani S.Y. B.Com,"Ahmedabad, India",https://www.adanienterprises.com,2308.8,2238.85,2664840298496,77.06275,29.96,0.00059999997,3743.9,2025.0
2022-04-19 00:00:00+05:30,2240.899962134165,2314.95,2213.75,2164.340087890625,1379552,0.0,0.0,ADANIENT.NS,Adani Enterprises Limited,Thermal Coal,Energy,Mr. Gautambhai Shantilal Adani S.Y. B.Com,"Ahmedabad, India",https://www.adanienterprises.com,2308.8,2238.85,2664840298496,77.06275,29.96,0.00059999997,3743.9,2025.0
2022-04-20 00:00:00+05:30,2174.022340944159,2314.95,2213.75,2179.96142578125,1379552,0.0,0.0,ADANIENT.NS,Adani Enterprises Limited,Thermal Coal,Energy,Mr. Gautambhai Shantilal Adani S.Y. B.Com,"Ahmedabad, India",https://www.adanienterprises.com,2308.8,2238.85,2664840298496,77.06275,29.96,0.00059999997,3743.9,2025.0
2022-04-21 00:00:00+05:30,2211.9527059047145,2314.95,2213.75,2282.17431640625,1379552,0.0,0.0,ADANIENT.NS,Adani Enterprises Limited,Thermal Coal,Energy,Mr. Gautambhai Shantilal Adani S.Y. B.Com,"Ahmedabad, India",https://www.adanienterprises.com,2308.8,2238.85,2664840298496,77.06275,29.96,0.00059999997,3743.9,2025.0
2022-04-22 00:00:00+05:30,2292.8048599802587,2314.95,2213.75,2269.148193359375,1379552,0.0,0.0,ADANIENT.NS,Adani Enterprises Limited,Thermal Coal,Energy,Mr. Gautambhai Shantilal Adani S.Y. B.Com,"Ahmedabad, India",https://www.adanienterprises.com,2308.8,2238.85,2664840298496,77.06275,29.96,0.00059999997,3743.9,2025.0
2022-04-25 00:00:00+05:30,2255.8223665014925,2314.95,2213.75,2280.028076171875,1379552,0.0,0.0,ADANIENT.NS,Adani Enterprises Limited,Thermal Coal,Energy,Mr. Gautambhai Shantilal Adani S.Y. B.Com,"Ahmedabad, India",https://www.adanienterprises.com,2308.8,2238.85,2664840298496,77.06275,29.96,0.00059999997,3743.9,2025.0
2022-04-26 00:00:00+05:30,2292.8050126442886,2314.95,2213.75,2390.925537109375,1379552,0.0,0.0,ADANIENT.NS,Adani Enterprises Limited,Thermal Coal,Energy,Mr. Gautambhai Shantilal Adani S.Y. B.Com,"Ahmedabad, India",https://www.adanienterprises.com,2308.8,2238.85,2664840298496,77.06275,29.96,0.00059999997,3743.9,2025.0
2022-04-27 00:00:00+05:30,2400.557864948173,2314.95,2213.75,2329.83740234375,1379552,0.0,0.0,ADANIENT.NS,Adani Enterprises Limited,Thermal Coal,Energy,Mr. Gautambhai Shantilal Adani S.Y. B.Com,"Ahmedabad, India",https://www.adanienterprises.com,2308.8,2238.85,2664840298496,77.06275,29.96,0.00059999997,3743.9,2025.0
2022-04-28 00:00:00+05:30,2355.540013394075,2314.95,2213.75,2374.205810546875,1379552,0.0,0.0,ADANIENT.NS,Adani Enterprises Limited,Thermal Coal,Energy,Mr. Gautambhai Shantilal Adani S.Y. B.Com,"Ahmedabad, India",https://www.adanienterprises.com,2308.8,2238.85,2664840298496,77.06275,29.96,0.00059999997,3743.9,2025.0
2022-04-29 00:00:00+05:30,2384.6368652134365,2314.95,2213.75,2327.740966796875,1379552,0.0,0.0,ADANIENT.NS,Adani Enterprises Limited,Thermal Coal,Energy,Mr. Gautambhai Shantilal Adani S.Y. B.Com,"Ahmedabad, India",https://www.adanienterprises.com,2308.8,2238.85,2664840298496,77.06275,29.96,0.00059999997,3743.9,2025.0
2022-05-02 00:00:00+05:30,2320.75377674433,2314.95,2213.75,2335.227294921875,1379552,0.0,0.0,ADANIENT.NS,Adani Enterprises Limited,Thermal Coal,Energy,Mr. Gautambhai Shantilal Adani S.Y. B.Com,"Ahmedabad, India",https://www.adanienterprises.com,2308.8,2238.85,2664840298496,77.06275,29.96,0.00059999997,3743.9,2025.0
2022-05-04 00:00:00+05:30,2354.392157078809,2314.95,2213.75,2249.683837890625,1379552,0.0,0.0,ADANIENT.NS,Adani Enterprises Limited,Thermal Coal,Energy,Mr. Gautambhai Shantilal Adani S.Y. B.Com,"Ahmedabad, India",https://www.adanienterprises.com,2308.8,2238.85,2664840298496,77.06275,29.96,0.00059999997,3743.9,2025.0
2022-05-05 00:00:00+05:30,2265.8539488237757,2314.95,2213.75,2251.280517578125,1379552,0.0,0.0,ADANIENT.NS,Adani Enterprises Limited,Thermal Coal,Energy,Mr. Gautambhai Shantilal Adani S.Y. B.Com,"Ahmedabad, India",https://www.adanienterprises.com,2308.8,2238.85,2664840298496,77.06275,29.96,0.00059999997,3743.9,2025.0
2022-05-06 00:00:00+05:30,2205.963871053515,2314.95,2213.75,2243.594970703125,1379552,0.0,0.0,ADANIENT.NS,Adani Enterprises Limited,Thermal Coal,Energy,Mr. Gautambhai Shantilal Adani S.Y. B.Com,"Ahmedabad, India",https://www.adanienterprises.com,2308.8,2238.85,2664840298496,77.06275,29.96,0.00059999997,3743.9,2025.0
2022-05-09 00:00:00+05:30,2225.4284064653584,2314.95,2213.75,2193.636474609375,1379552,0.0,0.0,ADANIENT.NS,Adani Enterprises Limited,Thermal Coal,Energy,Mr. Gautambhai Shantilal Adani S.Y. B.Com,"Ahmedabad, India",https://www.adanienterprises.com,2308.8,2238.85,2664840298496,77.06275,29.96,0.00059999997,3743.9,2025.0
2022-05-10 00:00:00+05:30,2186.000191886777,2314.95,2213.75,2105.647216796875,1379552,0.0,0.0,ADANIENT.NS,Adani Enterprises Limited,Thermal Coal,Energy,Mr. Gautambhai Shantilal Adani S.Y. B.Com,"Ahmedabad, India",https://www.adanienterprises.com,2308.8,2238.85,2664840298496,77.06275,29.96,0.00059999997,3743.9,2025.0
2022-05-11 00:00:00+05:30,2105.747207793213,2314.95,2213.75,2115.429443359375,1379552,0.0,0.0,ADANIENT.NS,Adani Enterprises Limited,Thermal Coal,Energy,Mr. Gautambhai Shantilal Adani S.Y. B.Com,"Ahmedabad, India",https://www.adanienterprises.com,2308.8,2238.85,2664840298496,77.06275,29.96,0.00059999997,3743.9,2025.0
2022-05-12 00:00:00+05:30,2099.159082474339,2314.95,2213.75,2041.464599609375,1379552,0.0,0.0,ADANIENT.NS,Adani Enterprises Limited,Thermal Coal,Energy,Mr. Gautambhai Shantilal Adani S.Y. B.Com,"Ahmedabad, India",https://www.adanienterprises.com,2308.8,2238.85,2664840298496,77.06275,29.96,0.00059999997,3743.9,2025.0
2022-05-13 00:00:00+05:30,2080.692859455385,2314.95,2213.75,2050.398193359375,1379552,0.0,0.0,ADANIENT.NS,Adani Enterprises Limited,Thermal Coal,Energy,Mr. Gautambhai Shantilal Adani S.Y. B.Com,"Ahmedabad, India",https://www.adanienterprises.com,2308.8,2238.85,2664840298496,77.06275,29.96,0.00059999997,3743.9,2025.0
2022-05-16 00:00:00+05:30,2078.8464159158057,2314.95,2213.75,2102.053955078125,1379552,0.0,0.0,ADANIENT.NS,Adani Enterprises Limited,Thermal Coal,Energy,Mr. Gautambhai Shantilal Adani S.Y. B.Com,"Ahmedabad, India",https://www.adanienterprises.com,2308.8,2238.85,2664840298496,77.06275,29.96,0.00059999997,3743.9,2025.0
2022-05-17 00:00:00+05:30,2129.1544178932795,2314.95,2213.75,2180.85986328125,1379552,0.0,0.0,ADANIENT.NS,Adani Enterprises Limited,Thermal Coal,Energy,Mr. Gautambhai Shantilal Adani S.Y. B.Com,"Ahmedabad, India",https://www.adanienterprises.com,2308.8,2238.85,2664840298496,77.06275,29.96,0.00059999997,3743.9,2025.0
2022-05-18 00:00:00+05:30,2195.682583350067,2314.95,2213.75,2177.11669921875,1379552,0.0,0.0,ADANIENT.NS,Adani Enterprises Limited,Thermal Coal,Energy,Mr. Gautambhai Shantilal Adani S.Y. B.Com,"Ahmedabad, India",https://www.adanienterprises.com,2308.8,2238.85,2664840298496,77.06275,29.96,0.00059999997,3743.9,2025.0
2022-05-19 00:00:00+05:30,2141.0822001483257,2314.95,2213.75,2110.887451171875,1379552,0.0,0.0,ADANIENT.NS,Adani Enterprises Limited,Thermal Coal,Energy,Mr. Gautambhai Shantilal Adani S.Y. B.Com,"Ahmedabad, India",https://www.adanienterprises.com,2308.8,2238.85,2664840298496,77.06275,29.96,0.00059999997,3743.9,2025.0
2022-05-20 00:00:00+05:30,2155.056875618244,2314.95,2213.75,2215.496337890625,1379552,0.0,0.0,ADANIENT.NS,Adani Enterprises Limited,Thermal Coal,Energy,Mr. Gautambhai Shantilal Adani S.Y. B.Com,"Ahmedabad, India",https://www.adanienterprises.com,2308.8,2238.85,2664840298496,77.06275,29.96,0.00059999997,3743.9,2025.0
2022-05-23 00:00:00+05:30,2227.6740546769747,2314.95,2213.75,2166.685546875,1379552,0.0,0.0,ADANIENT.NS,Adani Enterprises Limited,Thermal Coal,Energy,Mr. Gautambhai Shantilal Adani S.Y. B.Com,"Ahmedabad, India",https://www.adanienterprises.com,2308.8,2238.85,2664840298496,77.06275,29.96,0.00059999997,3743.9,2025.0
2022-05-24 00:00:00+05:30,2157.0532263192235,2314.95,2213.75,2156.254638671875,1379552,0.0,0.0,ADANIENT.NS,Adani Enterprises Limited,Thermal Coal,Energy,Mr. Gautambhai Shantilal Adani S.Y. B.Com,"Ahmedabad, India",https://www.adanienterprises.com,2308.8,2238.85,2664840298496,77.06275,29.96,0.00059999997,3743.9,2025.0
2022-05-25 00:00:00+05:30,2164.0405126441347,2314.95,2213.75,2070.36181640625,1379552,0.0,0.0,ADANIENT.NS,Adani Enterprises Limited,Thermal Coal,Energy,Mr. Gautambhai Shantilal Adani S.Y. B.Com,"Ahmedabad, India",https://www.adanienterprises.com,2308.8,2238.85,2664840298496,77.06275,29.96,0.00059999997,3743.9,2025.0
2022-05-26 00:00:00+05:30,2073.2066872149303,2314.95,2213.75,2042.66259765625,1379552,0.0,0.0,ADANIENT.NS,Adani Enterprises Limited,Thermal Coal,Energy,Mr. Gautambhai Shantilal Adani S.Y. B.Com,"Ahmedabad, India",https://www.adanienterprises.com,2308.8,2238.85,2664840298496,77.06275,29.96,0.00059999997,3743.9,2025.0
2022-05-27 00:00:00+05:30,2076.200957384804,2314.95,2213.75,2076.3505859375,1379552,0.0,0.0,ADANIENT.NS,Adani Enterprises Limited,Thermal Coal,Energy,Mr. Gautambhai Shantilal Adani S.Y. B.Com,"Ahmedabad, India",https://www.adanienterprises.com,2308.8,2238.85,2664840298496,77.06275,29.96,0.00059999997,3743.9,2025.0
2022-05-30 00:00:00+05:30,2116.1280522793413,2314.95,2213.75,2161.694580078125,1379552,0.0,0.0,ADANIENT.NS,Adani Enterprises Limited,Thermal Coal,Energy,Mr. Gautambhai Shantilal Adani S.Y. B.Com,"Ahmedabad, India",https://www.adanienterprises.com,2308.8,2238.85,2664840298496,77.06275,29.96,0.00059999997,3743.9,2025.0
2022-05-31 00:00:00+05:30,2156.054805629691,2314.95,2213.75,2163.591064453125,1379552,0.0,0.0,ADANIENT.NS,Adani Enterprises Limited,Thermal Coal,Energy,Mr. Gautambhai Shantilal Adani S.Y. B.Com,"Ahmedabad, India",https://www.adanienterprises.com,2308.8,2238.85,2664840298496,77.06275,29.96,0.00059999997,3743.9,2025.0
2022-06-01 00:00:00+05:30,2165.986937108862,2314.95,2213.75,2146.9716796875,1379552,0.0,0.0,ADANIENT.NS,Adani Enterprises Limited,Thermal Coal,Energy,Mr. Gautambhai Shantilal Adani S.Y. B.Com,"Ahmedabad, India",https://www.adanienterprises.com,2308.8,2238.85,2664840298496,77.06275,29.96,0.00059999997,3743.9,2025.0
2022-06-02 00:00:00+05:30,2151.06443560241,2314.95,2213.75,2205.364990234375,1379552,0.0,0.0,ADANIENT.NS,Adani Enterprises Limited,Thermal Coal,Energy,Mr. Gautambhai Shantilal Adani S.Y. B.Com,"Ahmedabad, India",https://www.adanienterprises.com,2308.8,2238.85,2664840298496,77.06275,29.96,0.00059999997,3743.9,2025.0
2022-06-03 00:00:00+05:30,2230.9180573763915,2314.95,2213.75,2186.000244140625,1379552,0.0,0.0,ADANIENT.NS,Adani Enterprises Limited,Thermal Coal,Energy,Mr. Gautambhai Shantilal Adani S.Y. B.Com,"Ahmedabad, India",https://www.adanienterprises.com,2308.8,2238.85,2664840298496,77.06275,29.96,0.00059999997,3743.9,2025.0
2022-06-06 00:00:00+05:30,2184.5027923573084,2314.95,2213.75,2220.986083984375,1379552,0.0,0.0,ADANIENT.NS,Adani Enterprises Limited,Thermal Coal,Energy,Mr. Gautambhai Shantilal Adani S.Y. B.Com,"Ahmedabad, India",https://www.adanienterprises.com,2308.8,2238.85,2664840298496,77.06275,29.96,0.00059999997,3743.9,2025.0
2022-06-07 00:00:00+05:30,2205.963693734522,2314.95,2213.75,2223.481689453125,1379552,0.0,0.0,ADANIENT.NS,Adani Enterprises Limited,Thermal Coal,Energy,Mr. Gautambhai Shantilal Adani S.Y. B.Com,"Ahmedabad, India",https://www.adanienterprises.com,2308.8,2238.85,2664840298496,77.06275,29.96,0.00059999997,3743.9,2025.0
2022-06-08 00:00:00+05:30,2240.8498979351853,2314.95,2213.75,2173.2236328125,1379552,0.0,0.0,ADANIENT.NS,Adani Enterprises Limited,Thermal Coal,Energy,Mr. Gautambhai Shantilal Adani S.Y. B.Com,"Ahmedabad, India",https://www.adanienterprises.com,2308.8,2238.85,2664840298496,77.06275,29.96,0.00059999997,3743.9,2025.0
2022-06-09 00:00:00+05:30,2156.354402967064,2314.95,2213.75,2215.146728515625,1379552,0.0,0.0,ADANIENT.NS,Adani Enterprises Limited,Thermal Coal,Energy,Mr. Gautambhai Shantilal Adani S.Y. B.Com,"Ahmedabad, India",https://www.adanienterprises.com,2308.8,2238.85,2664840298496,77.06275,29.96,0.00059999997,3743.9,2025.0
2022-06-10 00:00:00+05:30,2186.0002440187154,2314.95,2213.75,2199.076416015625,1379552,0.0,0.0,ADANIENT.NS,Adani Enterprises Limited,Thermal Coal,Energy,Mr. Gautambhai Shantilal Adani S.Y. B.Com,"Ahmedabad, India",https://www.adanienterprises.com,2308.8,2238.85,2664840298496,77.06275,29.96,0.00059999997,3743.9,2025.0
2022-06-13 00:00:00+05:30,2168.5322667096784,2314.95,2213.75,2075.95166015625,1379552,0.0,0.0,ADANIENT.NS,Adani Enterprises Limited,Thermal Coal,Energy,Mr. Gautambhai Shantilal Adani S.Y. B.Com,"Ahmedabad, India",https://www.adanienterprises.com,2308.8,2238.85,2664840298496,77.06275,29.96,0.00059999997,3743.9,2025.0
2022-06-14 00:00:00+05:30,2269.846892274121,2314.95,2213.75,2192.4384765625,1379552,0.0,0.0,ADANIENT.NS,Adani Enterprises Limited,Thermal Coal,Energy,Mr. Gautambhai Shantilal Adani S.Y. B.Com,"Ahmedabad, India",https://www.adanienterprises.com,2308.8,2238.85,2664840298496,77.06275,29.96,0.00059999997,3743.9,2025.0
2022-06-15 00:00:00+05:30,2214.3484274975085,2314.95,2213.75,2180.6103515625,1379552,0.0,0.0,ADANIENT.NS,Adani Enterprises Limited,Thermal Coal,Energy,Mr. Gautambhai Shantilal Adani S.Y. B.Com,"Ahmedabad, India",https://www.adanienterprises.com,2308.8,2238.85,2664840298496,77.06275,29.96,0.00059999997,3743.9,2025.0
2022-06-16 00:00:00+05:30,2200.972732785683,2314.95,2213.75,2079.195556640625,1379552,0.0,0.0,ADANIENT.NS,Adani Enterprises Limited,Thermal Coal,Energy,Mr. Gautambhai Shantilal Adani S.Y. B.Com,"Ahmedabad, India",https://www.adanienterprises.com,2308.8,2238.85,2664840298496,77.06275,29.96,0.00059999997,3743.9,2025.0
2022-06-17 00:00:00+05:30,2058.234093553688,2314.95,2213.75,2091.972412109375,1379552,0.0,0.0,ADANIENT.NS,Adani Enterprises Limited,Thermal Coal,Energy,Mr. Gautambhai Shantilal Adani S.Y. B.Com,"Ahmedabad, India",https://www.adanienterprises.com,2308.8,2238.85,2664840298496,77.06275,29.96,0.00059999997,3743.9,2025.0
2022-06-20 00:00:00+05:30,2103.4515783315155,2314.95,2213.75,2076.0517578125,1379552,0.0,0.0,ADANIENT.NS,Adani Enterprises Limited,Thermal Coal,Energy,Mr. Gautambhai Shantilal Adani S.Y. B.Com,"Ahmedabad, India",https://www.adanienterprises.com,2308.8,2238.85,2664840298496,77.06275,29.96,0.00059999997,3743.9,2025.0
2022-06-21 00:00:00+05:30,2096.1646274371005,2314.95,2213.75,2157.851806640625,1379552,0.0,0.0,ADANIENT.NS,Adani Enterprises Limited,Thermal Coal,Energy,Mr. Gautambhai Shantilal Adani S.Y. B.Com,"Ahmedabad, India",https://www.adanienterprises.com,2308.8,2238.85,2664840298496,77.06275,29.96,0.00059999997,3743.9,2025.0
2022-06-22 00:00:00+05:30,2146.0235759746424,2314.95,2213.75,2085.384521484375,1379552,0.0,0.0,ADANIENT.NS,Adani Enterprises Limited,Thermal Coal,Energy,Mr. Gautambhai Shantilal Adani S.Y. B.Com,"Ahmedabad, India",https://www.adanienterprises.com,2308.8,2238.85,2664840298496,77.06275,29.96,0.00059999997,3743.9,2025.0
2022-06-23 00:00:00+05:30,2101.155523129701,2314.95,2213.75,2106.495849609375,1379552,0.0,0.0,ADANIENT.NS,Adani Enterprises Limited,Thermal Coal,Energy,Mr. Gautambhai Shantilal Adani S.Y. B.Com,"Ahmedabad, India",https://www.adanienterprises.com,2308.8,2238.85,2664840298496,77.06275,29.96,0.00059999997,3743.9,2025.0
2022-06-24 00:00:00+05:30,2117.126364985527,2314.95,2213.75,2157.50244140625,1379552,0.0,0.0,ADANIENT.NS,Adani Enterprises Limited,Thermal Coal,Energy,Mr. Gautambhai Shantilal Adani S.Y. B.Com,"Ahmedabad, India",https://www.adanienterprises.com,2308.8,2238.85,2664840298496,77.06275,29.96,0.00059999997,3743.9,2025.0
2022-06-27 00:00:00+05:30,2185.0021101555826,2314.95,2213.75,2177.61572265625,1379552,0.0,0.0,ADANIENT.NS,Adani Enterprises Limited,Thermal Coal,Energy,Mr. Gautambhai Shantilal Adani S.Y. B.Com,"Ahmedabad, India",https://www.adanienterprises.com,2308.8,2238.85,2664840298496,77.06275,29.96,0.00059999997,3743.9,2025.0
2022-06-28 00:00:00+05:30,2166.036824634924,2314.95,2213.75,2200.57373046875,1379552,0.0,0.0,ADANIENT.NS,Adani Enterprises Limited,Thermal Coal,Energy,Mr. Gautambhai Shantilal Adani S.Y. B.Com,"Ahmedabad, India",https://www.adanienterprises.com,2308.8,2238.85,2664840298496,77.06275,29.96,0.00059999997,3743.9,2025.0
2022-06-29 00:00:00+05:30,2181.0096579656083,2314.95,2213.75,2216.045654296875,1379552,0.0,0.0,ADANIENT.NS,Adani Enterprises Limited,Thermal Coal,Energy,Mr. Gautambhai Shantilal Adani S.Y. B.Com,"Ahmedabad, India",https://www.adanienterprises.com,2308.8,2238.85,2664840298496,77.06275,29.96,0.00059999997,3743.9,2025.0
2022-06-30 00:00:00+05:30,2215.9456340513616,2314.95,2213.75,2186.898681640625,1379552,0.0,0.0,ADANIENT.NS,Adani Enterprises Limited,Thermal Coal,Energy,Mr. Gautambhai Shantilal Adani S.Y. B.Com,"Ahmedabad, India",https://www.adanienterprises.com,2308.8,2238.85,2664840298496,77.06275,29.96,0.00059999997,3743.9,2025.0
2022-07-01 00:00:00+05:30,2185.9004946413293,2314.95,2213.75,2228.123291015625,1379552,0.0,0.0,ADANIENT.NS,Adani Enterprises Limited,Thermal Coal,Energy,Mr. Gautambhai Shantilal Adani S.Y. B.Com,"Ahmedabad, India",https://www.adanienterprises.com,2308.8,2238.85,2664840298496,77.06275,29.96,0.00059999997,3743.9,2025.0
2022-07-04 00:00:00+05:30,2228.1232424170694,2314.95,2213.75,2257.71923828125,1379552,0.0,0.0,ADANIENT.NS,Adani Enterprises Limited,Thermal Coal,Energy,Mr. Gautambhai Shantilal Adani S.Y. B.Com,"Ahmedabad, India",https://www.adanienterprises.com,2308.8,2238.85,2664840298496,77.06275,29.96,0.00059999997,3743.9,2025.0
2022-07-05 00:00:00+05:30,2259.8651644266415,2314.95,2213.75,2242.34716796875,1379552,0.0,0.0,ADANIENT.NS,Adani Enterprises Limited,Thermal Coal,Energy,Mr. Gautambhai Shantilal Adani S.Y. B.Com,"Ahmedabad, India",https://www.adanienterprises.com,2308.8,2238.85,2664840298496,77.06275,29.96,0.00059999997,3743.9,2025.0
2022-07-06 00:00:00+05:30,2240.8999833934754,2314.95,2213.75,2268.69921875,1379552,0.0,0.0,ADANIENT.NS,Adani Enterprises Limited,Thermal Coal,Energy,Mr. Gautambhai Shantilal Adani S.Y. B.Com,"Ahmedabad, India",https://www.adanienterprises.com,2308.8,2238.85,2664840298496,77.06275,29.96,0.00059999997,3743.9,2025.0
2022-07-07 00:00:00+05:30,2275.836025700301,2314.95,2213.75,2270.146484375,1379552,0.0,0.0,ADANIENT.NS,Adani Enterprises Limited,Thermal Coal,Energy,Mr. Gautambhai Shantilal Adani S.Y. B.Com,"Ahmedabad, India",https://www.adanienterprises.com,2308.8,2238.85,2664840298496,77.06275,29.96,0.00059999997,3743.9,2025.0
2022-07-08 00:00:00+05:30,2281.8248878100894,2314.95,2213.75,2288.862060546875,1379552,0.0,0.0,ADANIENT.NS,Adani Enterprises Limited,Thermal Coal,Energy,Mr. Gautambhai Shantilal Adani S.Y. B.Com,"Ahmedabad, India",https://www.adanienterprises.com,2308.8,2238.85,2664840298496,77.06275,29.96,0.00059999997,3743.9,2025.0
2022-07-11 00:00:00+05:30,2288.8620523102454,2314.95,2213.75,2368.91552734375,1379552,0.0,0.0,ADANIENT.NS,Adani Enterprises Limited,Thermal Coal,Energy,Mr. Gautambhai Shantilal Adani S.Y. B.Com,"Ahmedabad, India",https://www.adanienterprises.com,2308.8,2238.85,2664840298496,77.06275,29.96,0.00059999997,3743.9,2025.0
2022-07-12 00:00:00+05:30,2360.081872679693,2314.95,2213.75,2361.32958984375,1379552,0.0,0.0,ADANIENT.NS,Adani Enterprises Limited,Thermal Coal,Energy,Mr. Gautambhai Shantilal Adani S.Y. B.Com,"Ahmedabad, India",https://www.adanienterprises.com,2308.8,2238.85,2664840298496,77.06275,29.96,0.00059999997,3743.9,2025.0
2022-07-13 00:00:00+05:30,2369.165379158119,2314.95,2213.75,2349.201904296875,1379552,0.0,0.0,ADANIENT.NS,Adani Enterprises Limited,Thermal Coal,Energy,Mr. Gautambhai Shantilal Adani S.Y. B.Com,"Ahmedabad, India",https://www.adanienterprises.com,2308.8,2238.85,2664840298496,77.06275,29.96,0.00059999997,3743.9,2025.0
2022-07-14 00:00:00+05:30,2361.684311565674,2314.95,2213.75,2379.759033203125,1379552,1.0,0.0,ADANIENT.NS,Adani Enterprises Limited,Thermal Coal,Energy,Mr. Gautambhai Shantilal Adani S.Y. B.Com,"Ahmedabad, India",https://www.adanienterprises.com,2308.8,2238.85,2664840298496,77.06275,29.96,0.00059999997,3743.9,2025.0
2022-07-15 00:00:00+05:30,2411.1149615343393,2314.95,2213.75,2401.8779296875,1379552,0.0,0.0,ADANIENT.NS,Adani Enterprises Limited,Thermal Coal,Energy,Mr. Gautambhai Shantilal Adani S.Y. B.Com,"Ahmedabad, India",https://www.adanienterprises.com,2308.8,2238.85,2664840298496,77.06275,29.96,0.00059999997,3743.9,2025.0
2022-07-18 00:00:00+05:30,2420.6014901079534,2314.95,2213.75,2420.2021484375,1379552,0.0,0.0,ADANIENT.NS,Adani Enterprises Limited,Thermal Coal,Energy,Mr. Gautambhai Shantilal Adani S.Y. B.Com,"Ahmedabad, India",https://www.adanienterprises.com,2308.8,2238.85,2664840298496,77.06275,29.96,0.00059999997,3743.9,2025.0
2022-07-19 00:00:00+05:30,2403.5753632431915,2314.95,2213.75,2447.86328125,1379552,0.0,0.0,ADANIENT.NS,Adani Enterprises Limited,Thermal Coal,Energy,Mr. Gautambhai Shantilal Adani S.Y. B.Com,"Ahmedabad, India",https://www.adanienterprises.com,2308.8,2238.85,2664840298496,77.06275,29.96,0.00059999997,3743.9,2025.0
2022-07-20 00:00:00+05:30,2458.5481945387646,2314.95,2213.75,2447.66357421875,1379552,0.0,0.0,ADANIENT.NS,Adani Enterprises Limited,Thermal Coal,Energy,Mr. Gautambhai Shantilal Adani S.Y. B.Com,"Ahmedabad, India",https://www.adanienterprises.com,2308.8,2238.85,2664840298496,77.06275,29.96,0.00059999997,3743.9,2025.0
2022-07-21 00:00:00+05:30,2450.3599743992595,2314.95,2213.75,2492.00146484375,1379552,0.0,0.0,ADANIENT.NS,Adani Enterprises Limited,Thermal Coal,Energy,Mr. Gautambhai Shantilal Adani S.Y. B.Com,"Ahmedabad, India",https://www.adanienterprises.com,2308.8,2238.85,2664840298496,77.06275,29.96,0.00059999997,3743.9,2025.0
2022-07-22 00:00:00+05:30,2501.987297292651,2314.95,2213.75,2495.895751953125,1379552,0.0,0.0,ADANIENT.NS,Adani Enterprises Limited,Thermal Coal,Energy,Mr. Gautambhai Shantilal Adani S.Y. B.Com,"Ahmedabad, India",https://www.adanienterprises.com,2308.8,2238.85,2664840298496,77.06275,29.96,0.00059999997,3743.9,2025.0
2022-07-25 00:00:00+05:30,2501.4880033593504,2314.95,2213.75,2547.024169921875,1379552,0.0,0.0,ADANIENT.NS,Adani Enterprises Limited,Thermal Coal,Energy,Mr. Gautambhai Shantilal Adani S.Y. B.Com,"Ahmedabad, India",https://www.adanienterprises.com,2308.8,2238.85,2664840298496,77.06275,29.96,0.00059999997,3743.9,2025.0
2022-07-26 00:00:00+05:30,2551.417722452249,2314.95,2213.75,2556.111083984375,1379552,0.0,0.0,ADANIENT.NS,Adani Enterprises Limited,Thermal Coal,Energy,Mr. Gautambhai Shantilal Adani S.Y. B.Com,"Ahmedabad, India",https://www.adanienterprises.com,2308.8,2238.85,2664840298496,77.06275,29.96,0.00059999997,3743.9,2025.0
2022-07-27 00:00:00+05:30,2556.4109152998594,2314.95,2213.75,2545.126708984375,1379552,0.0,0.0,ADANIENT.NS,Adani Enterprises Limited,Thermal Coal,Energy,Mr. Gautambhai Shantilal Adani S.Y. B.Com,"Ahmedabad, India",https://www.adanienterprises.com,2308.8,2238.85,2664840298496,77.06275,29.96,0.00059999997,3743.9,2025.0
2022-07-28 00:00:00+05:30,2556.3106546145596,2314.95,2213.75,2546.823974609375,1379552,0.0,0.0,ADANIENT.NS,Adani Enterprises Limited,Thermal Coal,Energy,Mr. Gautambhai Shantilal Adani S.Y. B.Com,"Ahmedabad, India",https://www.adanienterprises.com,2308.8,2238.85,2664840298496,77.06275,29.96,0.00059999997,3743.9,2025.0
2022-07-29 00:00:00+05:30,2561.4038376033395,2314.95,2213.75,2565.597900390625,1379552,0.0,0.0,ADANIENT.NS,Adani Enterprises Limited,Thermal Coal,Energy,Mr. Gautambhai Shantilal Adani S.Y. B.Com,"Ahmedabad, India",https://www.adanienterprises.com,2308.8,2238.85,2664840298496,77.06275,29.96,0.00059999997,3743.9,2025.0
2022-08-01 00:00:00+05:30,2572.2387925914804,2314.95,2213.75,2656.42041015625,1379552,0.0,0.0,ADANIENT.NS,Adani Enterprises Limited,Thermal Coal,Energy,Mr. Gautambhai Shantilal Adani S.Y. B.Com,"Ahmedabad, India",https://www.adanienterprises.com,2308.8,2238.85,2664840298496,77.06275,29.96,0.00059999997,3743.9,2025.0
2022-08-02 00:00:00+05:30,2656.270463773047,2314.95,2213.75,2679.88720703125,1379552,0.0,0.0,ADANIENT.NS,Adani Enterprises Limited,Thermal Coal,Energy,Mr. Gautambhai Shantilal Adani S.Y. B.Com,"Ahmedabad, India",https://www.adanienterprises.com,2308.8,2238.85,2664840298496,77.06275,29.96,0.00059999997,3743.9,2025.0
2022-08-03 00:00:00+05:30,2681.235742030313,2314.95,2213.75,2707.5986328125,1379552,0.0,0.0,ADANIENT.NS,Adani Enterprises Limited,Thermal Coal,Energy,Mr. Gautambhai Shantilal Adani S.Y. B.Com,"Ahmedabad, India",https://www.adanienterprises.com,2308.8,2238.85,2664840298496,77.06275,29.96,0.00059999997,3743.9,2025.0
2022-08-04 00:00:00+05:30,2721.1794337615743,2314.95,2213.75,2719.781494140625,1379552,0.0,0.0,ADANIENT.NS,Adani Enterprises Limited,Thermal Coal,Energy,Mr. Gautambhai Shantilal Adani S.Y. B.Com,"Ahmedabad, India",https://www.adanienterprises.com,2308.8,2238.85,2664840298496,77.06275,29.96,0.00059999997,3743.9,2025.0
2022-08-05 00:00:00+05:30,2756.130432477436,2314.95,2213.75,2694.61669921875,1379552,0.0,0.0,ADANIENT.NS,Adani Enterprises Limited,Thermal Coal,Energy,Mr. Gautambhai Shantilal Adani S.Y. B.Com,"Ahmedabad, India",https://www.adanienterprises.com,2308.8,2238.85,2664840298496,77.06275,29.96,0.00059999997,3743.9,2025.0
2022-08-08 00:00:00+05:30,2696.2145390954684,2314.95,2213.75,2787.985595703125,1379552,0.0,0.0,ADANIENT.NS,Adani Enterprises Limited,Thermal Coal,Energy,Mr. Gautambhai Shantilal Adani S.Y. B.Com,"Ahmedabad, India",https://www.adanienterprises.com,2308.8,2238.85,2664840298496,77.06275,29.96,0.00059999997,3743.9,2025.0
2022-08-10 00:00:00+05:30,2797.8218148399887,2314.95,2213.75,2823.236083984375,1379552,0.0,0.0,ADANIENT.NS,Adani Enterprises Limited,Thermal Coal,Energy,Mr. Gautambhai Shantilal Adani S.Y. B.Com,"Ahmedabad, India",https://www.adanienterprises.com,2308.8,2238.85,2664840298496,77.06275,29.96,0.00059999997,3743.9,2025.0
2022-08-11 00:00:00+05:30,2837.0166226334004,2314.95,2213.75,2830.076416015625,1379552,0.0,0.0,ADANIENT.NS,Adani Enterprises Limited,Thermal Coal,Energy,Mr. Gautambhai Shantilal Adani S.Y. B.Com,"Ahmedabad, India",https://www.adanienterprises.com,2308.8,2238.85,2664840298496,77.06275,29.96,0.00059999997,3743.9,2025.0
2022-08-12 00:00:00+05:30,2836.018306008158,2314.95,2213.75,2860.533935546875,1379552,0.0,0.0,ADANIENT.NS,Adani Enterprises Limited,Thermal Coal,Energy,Mr. Gautambhai Shantilal Adani S.Y. B.Com,"Ahmedabad, India",https://www.adanienterprises.com,2308.8,2238.85,2664840298496,77.06275,29.96,0.00059999997,3743.9,2025.0
2022-08-16 00:00:00+05:30,2874.9634277626487,2314.95,2213.75,2971.677734375,1379552,0.0,0.0,ADANIENT.NS,Adani Enterprises Limited,Thermal Coal,Energy,Mr. Gautambhai Shantilal Adani S.Y. B.Com,"Ahmedabad, India",https://www.adanienterprises.com,2308.8,2238.85,2664840298496,77.06275,29.96,0.00059999997,3743.9,2025.0
2022-08-17 00:00:00+05:30,2981.813494457306,2314.95,2213.75,3004.431640625,1379552,0.0,0.0,ADANIENT.NS,Adani Enterprises Limited,Thermal Coal,Energy,Mr. Gautambhai Shantilal Adani S.Y. B.Com,"Ahmedabad, India",https://www.adanienterprises.com,2308.8,2238.85,2664840298496,77.06275,29.96,0.00059999997,3743.9,2025.0
2022-08-18 00:00:00+05:30,3000.7867863764627,2314.95,2213.75,3149.228271484375,1379552,0.0,0.0,ADANIENT.NS,Adani Enterprises Limited,Thermal Coal,Energy,Mr. Gautambhai Shantilal Adani S.Y. B.Com,"Ahmedabad, India",https://www.adanienterprises.com,2308.8,2238.85,2664840298496,77.06275,29.96,0.00059999997,3743.9,2025.0
2022-08-19 00:00:00+05:30,3173.544310447795,2314.95,2213.75,3125.811279296875,1379552,0.0,0.0,ADANIENT.NS,Adani Enterprises Limited,Thermal Coal,Energy,Mr. Gautambhai Shantilal Adani S.Y. B.Com,"Ahmedabad, India",https://www.adanienterprises.com,2308.8,2238.85,2664840298496,77.06275,29.96,0.00059999997,3743.9,2025.0
2022-08-22 00:00:00+05:30,3129.605904913166,2314.95,2213.75,3047.321533203125,1379552,0.0,0.0,ADANIENT.NS,Adani Enterprises Limited,Thermal Coal,Energy,Mr. Gautambhai Shantilal Adani S.Y. B.Com,"Ahmedabad, India",https://www.adanienterprises.com,2308.8,2238.85,2664840298496,77.06275,29.96,0.00059999997,3743.9,2025.0
2022-08-23 00:00:00+05:30,3028.3980748717527,2314.95,2213.75,3026.40087890625,1379552,0.0,0.0,ADANIENT.NS,Adani Enterprises Limited,Thermal Coal,Energy,Mr. Gautambhai Shantilal Adani S.Y. B.Com,"Ahmedabad, India",https://www.adanienterprises.com,2308.8,2238.85,2664840298496,77.06275,29.96,0.00059999997,3743.9,2025.0
2022-08-24 00:00:00+05:30,3033.7404910430496,2314.95,2213.75,3130.2548828125,1379552,0.0,0.0,ADANIENT.NS,Adani Enterprises Limited,Thermal Coal,Energy,Mr. Gautambhai Shantilal Adani S.Y. B.Com,"Ahmedabad, India",https://www.adanienterprises.com,2308.8,2238.85,2664840298496,77.06275,29.96,0.00059999997,3743.9,2025.0
2022-08-25 00:00:00+05:30,3162.5598149488405,2314.95,2213.75,3062.051025390625,1379552,0.0,0.0,ADANIENT.NS,Adani Enterprises Limited,Thermal Coal,Energy,Mr. Gautambhai Shantilal Adani S.Y. B.Com,"Ahmedabad, India",https://www.adanienterprises.com,2308.8,2238.85,2664840298496,77.06275,29.96,0.00059999997,3743.9,2025.0
2022-08-26 00:00:00+05:30,3075.6816376127495,2314.95,2213.75,3135.148193359375,1379552,0.0,0.0,ADANIENT.NS,Adani Enterprises Limited,Thermal Coal,Energy,Mr. Gautambhai Shantilal Adani S.Y. B.Com,"Ahmedabad, India",https://www.adanienterprises.com,2308.8,2238.85,2664840298496,77.06275,29.96,0.00059999997,3743.9,2025.0
2022-08-29 00:00:00+05:30,3050.716811722106,2314.95,2213.75,3138.194091796875,1379552,0.0,0.0,ADANIENT.NS,Adani Enterprises Limited,Thermal Coal,Energy,Mr. Gautambhai Shantilal Adani S.Y. B.Com,"Ahmedabad, India",https://www.adanienterprises.com,2308.8,2238.85,2664840298496,77.06275,29.96,0.00059999997,3743.9,2025.0
2022-08-30 00:00:00+05:30,3160.5626335499273,2314.95,2213.75,3189.87158203125,1379552,0.0,0.0,ADANIENT.NS,Adani Enterprises Limited,Thermal Coal,Energy,Mr. Gautambhai Shantilal Adani S.Y. B.Com,"Ahmedabad, India",https://www.adanienterprises.com,2308.8,2238.85,2664840298496,77.06275,29.96,0.00059999997,3743.9,2025.0
2022-09-01 00:00:00+05:30,3195.5136569241477,2314.95,2213.75,3228.717041015625,1379552,0.0,0.0,ADANIENT.NS,Adani Enterprises Limited,Thermal Coal,Energy,Mr. Gautambhai Shantilal Adani S.Y. B.Com,"Ahmedabad, India",https://www.adanienterprises.com,2308.8,2238.85,2664840298496,77.06275,29.96,0.00059999997,3743.9,2025.0
2022-09-02 00:00:00+05:30,3256.4280757495058,2314.95,2213.75,3351.09521484375,1379552,0.0,0.0,ADANIENT.NS,Adani Enterprises Limited,Thermal Coal,Energy,Mr. Gautambhai Shantilal Adani S.Y. B.Com,"Ahmedabad, India",https://www.adanienterprises.com,2308.8,2238.85,2664840298496,77.06275,29.96,0.00059999997,3743.9,2025.0
2022-09-05 00:00:00+05:30,3369.3695776983527,2314.95,2213.75,3341.858154296875,1379552,0.0,0.0,ADANIENT.NS,Adani Enterprises Limited,Thermal Coal,Energy,Mr. Gautambhai Shantilal Adani S.Y. B.Com,"Ahmedabad, India",https://www.adanienterprises.com,2308.8,2238.85,2664840298496,77.06275,29.96,0.00059999997,3743.9,2025.0
2022-09-06 00:00:00+05:30,3365.275115811889,2314.95,2213.75,3430.98291015625,1379552,0.0,0.0,ADANIENT.NS,Adani Enterprises Limited,Thermal Coal,Energy,Mr. Gautambhai Shantilal Adani S.Y. B.Com,"Ahmedabad, India",https://www.adanienterprises.com,2308.8,2238.85,2664840298496,77.06275,29.96,0.00059999997,3743.9,2025.0
2022-09-07 00:00:00+05:30,3430.982895121329,2314.95,2213.75,3468.879638671875,1379552,0.0,0.0,ADANIENT.NS,Adani Enterprises Limited,Thermal Coal,Energy,Mr. Gautambhai Shantilal Adani S.Y. B.Com,"Ahmedabad, India",https://www.adanienterprises.com,2308.8,2238.85,2664840298496,77.06275,29.96,0.00059999997,3743.9,2025.0
2022-09-08 00:00:00+05:30,3494.094265790511,2314.95,2213.75,3457.945068359375,1379552,0.0,0.0,ADANIENT.NS,Adani Enterprises Limited,Thermal Coal,Energy,Mr. Gautambhai Shantilal Adani S.Y. B.Com,"Ahmedabad, India",https://www.adanienterprises.com,2308.8,2238.85,2664840298496,77.06275,29.96,0.00059999997,3743.9,2025.0
2022-09-09 00:00:00+05:30,3474.1224009566986,2314.95,2213.75,3446.361328125,1379552,0.0,0.0,ADANIENT.NS,Adani Enterprises Limited,Thermal Coal,Energy,Mr. Gautambhai Shantilal Adani S.Y. B.Com,"Ahmedabad, India",https://www.adanienterprises.com,2308.8,2238.85,2664840298496,77.06275,29.96,0.00059999997,3743.9,2025.0
2022-09-12 00:00:00+05:30,3460.14211651269,2314.95,2213.75,3458.94384765625,1379552,0.0,0.0,ADANIENT.NS,Adani Enterprises Limited,Thermal Coal,Energy,Mr. Gautambhai Shantilal Adani S.Y. B.Com,"Ahmedabad, India",https://www.adanienterprises.com,2308.8,2238.85,2664840298496,77.06275,29.96,0.00059999997,3743.9,2025.0
2022-09-13 00:00:00+05:30,3473.1237267292095,2314.95,2213.75,3550.814697265625,1379552,0.0,0.0,ADANIENT.NS,Adani Enterprises Limited,Thermal Coal,Energy,Mr. Gautambhai Shantilal Adani S.Y. B.Com,"Ahmedabad, India",https://www.adanienterprises.com,2308.8,2238.85,2664840298496,77.06275,29.96,0.00059999997,3743.9,2025.0
2022-09-14 00:00:00+05:30,3513.0677912768238,2314.95,2213.75,3567.092041015625,1379552,0.0,0.0,ADANIENT.NS,Adani Enterprises Limited,Thermal Coal,Energy,Mr. Gautambhai Shantilal Adani S.Y. B.Com,"Ahmedabad, India",https://www.adanienterprises.com,2308.8,2238.85,2664840298496,77.06275,29.96,0.00059999997,3743.9,2025.0
2022-09-15 00:00:00+05:30,3584.9666456632913,2314.95,2213.75,3743.444091796875,1379552,0.0,0.0,ADANIENT.NS,Adani Enterprises Limited,Thermal Coal,Energy,Mr. Gautambhai Shantilal Adani S.Y. B.Com,"Ahmedabad, India",https://www.adanienterprises.com,2308.8,2238.85,2664840298496,77.06275,29.96,0.00059999997,3743.9,2025.0
2022-09-16 00:00:00+05:30,3749.735297800855,2314.95,2213.75,3697.00927734375,1379552,0.0,0.0,ADANIENT.NS,Adani Enterprises Limited,Thermal Coal,Energy,Mr. Gautambhai Shantilal Adani S.Y. B.Com,"Ahmedabad, India",https://www.adanienterprises.com,2308.8,2238.85,2664840298496,77.06275,29.96,0.00059999997,3743.9,2025.0
2022-09-19 00:00:00+05:30,3713.735801854296,2314.95,2213.75,3773.35205078125,1379552,0.0,0.0,ADANIENT.NS,Adani Enterprises Limited,Thermal Coal,Energy,Mr. Gautambhai Shantilal Adani S.Y. B.Com,"Ahmedabad, India",https://www.adanienterprises.com,2308.8,2238.85,2664840298496,77.06275,29.96,0.00059999997,3743.9,2025.0
2022-09-20 00:00:00+05:30,3813.645824352074,2314.95,2213.75,3829.174072265625,1379552,0.0,0.0,ADANIENT.NS,Adani Enterprises Limited,Thermal Coal,Energy,Mr. Gautambhai Shantilal Adani S.Y. B.Com,"Ahmedabad, India",https://www.adanienterprises.com,2308.8,2238.85,2664840298496,77.06275,29.96,0.00059999997,3743.9,2025.0
2022-09-21 00:00:00+05:30,3832.2696741114946,2314.95,2213.75,3634.996826171875,1379552,0.0,0.0,ADANIENT.NS,Adani Enterprises Limited,Thermal Coal,Energy,Mr. Gautambhai Shantilal Adani S.Y. B.Com,"Ahmedabad, India",https://www.adanienterprises.com,2308.8,2238.85,2664840298496,77.06275,29.96,0.00059999997,3743.9,2025.0
2022-09-22 00:00:00+05:30,3633.8981686004404,2314.95,2213.75,3711.08984375,1379552,0.0,0.0,ADANIENT.NS,Adani Enterprises Limited,Thermal Coal,Energy,Mr. Gautambhai Shantilal Adani S.Y. B.Com,"Ahmedabad, India",https://www.adanienterprises.com,2308.8,2238.85,2664840298496,77.06275,29.96,0.00059999997,3743.9,2025.0
2022-09-23 00:00:00+05:30,3726.7677375042135,2314.95,2213.75,3669.148681640625,1379552,0.0,0.0,ADANIENT.NS,Adani Enterprises Limited,Thermal Coal,Energy,Mr. Gautambhai Shantilal Adani S.Y. B.Com,"Ahmedabad, India",https://www.adanienterprises.com,2308.8,2238.85,2664840298496,77.06275,29.96,0.00059999997,3743.9,2025.0
2022-09-26 00:00:00+05:30,3641.1879568001677,2314.95,2213.75,3581.172119140625,1379552,0.0,0.0,ADANIENT.NS,Adani Enterprises Limited,Thermal Coal,Energy,Mr. Gautambhai Shantilal Adani S.Y. B.Com,"Ahmedabad, India",https://www.adanienterprises.com,2308.8,2238.85,2664840298496,77.06275,29.96,0.00059999997,3743.9,2025.0
2022-09-27 00:00:00+05:30,3590.9582747350573,2314.95,2213.75,3554.110107421875,1379552,0.0,0.0,ADANIENT.NS,Adani Enterprises Limited,Thermal Coal,Energy,Mr. Gautambhai Shantilal Adani S.Y. B.Com,"Ahmedabad, India",https://www.adanienterprises.com,2308.8,2238.85,2664840298496,77.06275,29.96,0.00059999997,3743.9,2025.0
2022-09-28 00:00:00+05:30,3523.053506956675,2314.95,2213.75,3543.7744140625,1379552,0.0,0.0,ADANIENT.NS,Adani Enterprises Limited,Thermal Coal,Energy,Mr. Gautambhai Shantilal Adani S.Y. B.Com,"Ahmedabad, India",https://www.adanienterprises.com,2308.8,2238.85,2664840298496,77.06275,29.96,0.00059999997,3743.9,2025.0
2022-09-29 00:00:00+05:30,3578.4758860570146,2314.95,2213.75,3465.833984375,1379552,0.0,0.0,ADANIENT.NS,Adani Enterprises Limited,Thermal Coal,Energy,Mr. Gautambhai Shantilal Adani S.Y. B.Com,"Ahmedabad, India",https://www.adanienterprises.com,2308.8,2238.85,2664840298496,77.06275,29.96,0.00059999997,3743.9,2025.0
2022-09-30 00:00:00+05:30,3443.1159161579794,2314.95,2213.75,3450.905029296875,1379552,0.0,0.0,ADANIENT.NS,Adani Enterprises Limited,Thermal Coal,Energy,Mr. Gautambhai Shantilal Adani S.Y. B.Com,"Ahmedabad, India",https://www.adanienterprises.com,2308.8,2238.85,2664840298496,77.06275,29.96,0.00059999997,3743.9,2025.0
2022-10-03 00:00:00+05:30,3435.176876875971,2314.95,2213.75,3152.873291015625,1379552,0.0,0.0,ADANIENT.NS,Adani Enterprises Limited,Thermal Coal,Energy,Mr. Gautambhai Shantilal Adani S.Y. B.Com,"Ahmedabad, India",https://www.adanienterprises.com,2308.8,2238.85,2664840298496,77.06275,29.96,0.00059999997,3743.9,2025.0
2022-10-04 00:00:00+05:30,3225.471732372948,2314.95,2213.75,3233.160888671875,1379552,0.0,0.0,ADANIENT.NS,Adani Enterprises Limited,Thermal Coal,Energy,Mr. Gautambhai Shantilal Adani S.Y. B.Com,"Ahmedabad, India",https://www.adanienterprises.com,2308.8,2238.85,2664840298496,77.06275,29.96,0.00059999997,3743.9,2025.0
2022-10-06 00:00:00+05:30,3265.4153177618437,2314.95,2213.75,3280.394287109375,1379552,0.0,0.0,ADANIENT.NS,Adani Enterprises Limited,Thermal Coal,Energy,Mr. Gautambhai Shantilal Adani S.Y. B.Com,"Ahmedabad, India",https://www.adanienterprises.com,2308.8,2238.85,2664840298496,77.06275,29.96,0.00059999997,3743.9,2025.0
2022-10-07 00:00:00+05:30,3275.401420478881,2314.95,2213.75,3273.0048828125,1379552,0.0,0.0,ADANIENT.NS,Adani Enterprises Limited,Thermal Coal,Energy,Mr. Gautambhai Shantilal Adani S.Y. B.Com,"Ahmedabad, India",https://www.adanienterprises.com,2308.8,2238.85,2664840298496,77.06275,29.96,0.00059999997,3743.9,2025.0
2022-10-10 00:00:00+05:30,3229.465661851415,2314.95,2213.75,3241.698486328125,1379552,0.0,0.0,ADANIENT.NS,Adani Enterprises Limited,Thermal Coal,Energy,Mr. Gautambhai Shantilal Adani S.Y. B.Com,"Ahmedabad, India",https://www.adanienterprises.com,2308.8,2238.85,2664840298496,77.06275,29.96,0.00059999997,3743.9,2025.0
2022-10-11 00:00:00+05:30,3252.982953650974,2314.95,2213.75,3269.35986328125,1379552,0.0,0.0,ADANIENT.NS,Adani Enterprises Limited,Thermal Coal,Energy,Mr. Gautambhai Shantilal Adani S.Y. B.Com,"Ahmedabad, India",https://www.adanienterprises.com,2308.8,2238.85,2664840298496,77.06275,29.96,0.00059999997,3743.9,2025.0
2022-10-12 00:00:00+05:30,3292.3776325027056,2314.95,2213.75,3219.13037109375,1379552,0.0,0.0,ADANIENT.NS,Adani Enterprises Limited,Thermal Coal,Energy,Mr. Gautambhai Shantilal Adani S.Y. B.Com,"Ahmedabad, India",https://www.adanienterprises.com,2308.8,2238.85,2664840298496,77.06275,29.96,0.00059999997,3743.9,2025.0
2022-10-13 00:00:00+05:30,3213.4882503097388,2314.95,2213.75,3229.1162109375,1379552,0.0,0.0,ADANIENT.NS,Adani Enterprises Limited,Thermal Coal,Energy,Mr. Gautambhai Shantilal Adani S.Y. B.Com,"Ahmedabad, India",https://www.adanienterprises.com,2308.8,2238.85,2664840298496,77.06275,29.96,0.00059999997,3743.9,2025.0
2022-10-14 00:00:00+05:30,3267.412618422846,2314.95,2213.75,3205.000244140625,1379552,0.0,0.0,ADANIENT.NS,Adani Enterprises Limited,Thermal Coal,Energy,Mr. Gautambhai Shantilal Adani S.Y. B.Com,"Ahmedabad, India",https://www.adanienterprises.com,2308.8,2238.85,2664840298496,77.06275,29.96,0.00059999997,3743.9,2025.0
2022-10-17 00:00:00+05:30,3206.4980929886515,2314.95,2213.75,3208.095947265625,1379552,0.0,0.0,ADANIENT.NS,Adani Enterprises Limited,Thermal Coal,Energy,Mr. Gautambhai Shantilal Adani S.Y. B.Com,"Ahmedabad, India",https://www.adanienterprises.com,2308.8,2238.85,2664840298496,77.06275,29.96,0.00059999997,3743.9,2025.0
2022-10-18 00:00:00+05:30,3244.444755927396,2314.95,2213.75,3279.6953125,1379552,0.0,0.0,ADANIENT.NS,Adani Enterprises Limited,Thermal Coal,Energy,Mr. Gautambhai Shantilal Adani S.Y. B.Com,"Ahmedabad, India",https://www.adanienterprises.com,2308.8,2238.85,2664840298496,77.06275,29.96,0.00059999997,3743.9,2025.0
2022-10-19 00:00:00+05:30,3295.3733777843468,2314.95,2213.75,3272.6552734375,1379552,0.0,0.0,ADANIENT.NS,Adani Enterprises Limited,Thermal Coal,Energy,Mr. Gautambhai Shantilal Adani S.Y. B.Com,"Ahmedabad, India",https://www.adanienterprises.com,2308.8,2238.85,2664840298496,77.06275,29.96,0.00059999997,3743.9,2025.0
2022-10-20 00:00:00+05:30,3255.4293510678235,2314.95,2213.75,3352.393310546875,1379552,0.0,0.0,ADANIENT.NS,Adani Enterprises Limited,Thermal Coal,Energy,Mr. Gautambhai Shantilal Adani S.Y. B.Com,"Ahmedabad, India",https://www.adanienterprises.com,2308.8,2238.85,2664840298496,77.06275,29.96,0.00059999997,3743.9,2025.0
2022-10-21 00:00:00+05:30,3370.1682652854834,2314.95,2213.75,3307.256591796875,1379552,0.0,0.0,ADANIENT.NS,Adani Enterprises Limited,Thermal Coal,Energy,Mr. Gautambhai Shantilal Adani S.Y. B.Com,"Ahmedabad, India",https://www.adanienterprises.com,2308.8,2238.85,2664840298496,77.06275,29.96,0.00059999997,3743.9,2025.0
2022-10-24 00:00:00+05:30,3320.3383086199165,2314.95,2213.75,3305.15966796875,1379552,0.0,0.0,ADANIENT.NS,Adani Enterprises Limited,Thermal Coal,Energy,Mr. Gautambhai Shantilal Adani S.Y. B.Com,"Ahmedabad, India",https://www.adanienterprises.com,2308.8,2238.85,2664840298496,77.06275,29.96,0.00059999997,3743.9,2025.0
2022-10-25 00:00:00+05:30,3317.2924360215816,2314.95,2213.75,3295.87255859375,1379552,0.0,0.0,ADANIENT.NS,Adani Enterprises Limited,Thermal Coal,Energy,Mr. Gautambhai Shantilal Adani S.Y. B.Com,"Ahmedabad, India",https://www.adanienterprises.com,2308.8,2238.85,2664840298496,77.06275,29.96,0.00059999997,3743.9,2025.0
2022-10-27 00:00:00+05:30,3315.1956966808148,2314.95,2213.75,3320.33837890625,1379552,0.0,0.0,ADANIENT.NS,Adani Enterprises Limited,Thermal Coal,Energy,Mr. Gautambhai Shantilal Adani S.Y. B.Com,"Ahmedabad, India",https://www.adanienterprises.com,2308.8,2238.85,2664840298496,77.06275,29.96,0.00059999997,3743.9,2025.0
2022-10-28 00:00:00+05:30,3317.342398901812,2314.95,2213.75,3318.640625,1379552,0.0,0.0,ADANIENT.NS,Adani Enterprises Limited,Thermal Coal,Energy,Mr. Gautambhai Shantilal Adani S.Y. B.Com,"Ahmedabad, India",https://www.adanienterprises.com,2308.8,2238.85,2664840298496,77.06275,29.96,0.00059999997,3743.9,2025.0
2022-10-31 00:00:00+05:30,3335.2671073223723,2314.95,2213.75,3342.756591796875,1379552,0.0,0.0,ADANIENT.NS,Adani Enterprises Limited,Thermal Coal,Energy,Mr. Gautambhai Shantilal Adani S.Y. B.Com,"Ahmedabad, India",https://www.adanienterprises.com,2308.8,2238.85,2664840298496,77.06275,29.96,0.00059999997,3743.9,2025.0
2022-11-01 00:00:00+05:30,3357.186469543345,2314.95,2213.75,3570.686767578125,1379552,0.0,0.0,ADANIENT.NS,Adani Enterprises Limited,Thermal Coal,Energy,Mr. Gautambhai Shantilal Adani S.Y. B.Com,"Ahmedabad, India",https://www.adanienterprises.com,2308.8,2238.85,2664840298496,77.06275,29.96,0.00059999997,3743.9,2025.0
2022-11-02 00:00:00+05:30,3574.980717683583,2314.95,2213.75,3575.6796875,1379552,0.0,0.0,ADANIENT.NS,Adani Enterprises Limited,Thermal Coal,Energy,Mr. Gautambhai Shantilal Adani S.Y. B.Com,"Ahmedabad, India",https://www.adanienterprises.com,2308.8,2238.85,2664840298496,77.06275,29.96,0.00059999997,3743.9,2025.0
2022-11-03 00:00:00+05:30,3545.022948702588,2314.95,2213.75,3585.3662109375,1379552,0.0,0.0,ADANIENT.NS,Adani Enterprises Limited,Thermal Coal,Energy,Mr. Gautambhai Shantilal Adani S.Y. B.Com,"Ahmedabad, India",https://www.adanienterprises.com,2308.8,2238.85,2664840298496,77.06275,29.96,0.00059999997,3743.9,2025.0
2022-11-04 00:00:00+05:30,3636.893635510419,2314.95,2213.75,3827.87548828125,1379552,0.0,0.0,ADANIENT.NS,Adani Enterprises Limited,Thermal Coal,Energy,Mr. Gautambhai Shantilal Adani S.Y. B.Com,"Ahmedabad, India",https://www.adanienterprises.com,2308.8,2238.85,2664840298496,77.06275,29.96,0.00059999997,3743.9,2025.0
2022-11-07 00:00:00+05:30,3847.0486050920126,2314.95,2213.75,3955.047119140625,1379552,0.0,0.0,ADANIENT.NS,Adani Enterprises Limited,Thermal Coal,Energy,Mr. Gautambhai Shantilal Adani S.Y. B.Com,"Ahmedabad, India",https://www.adanienterprises.com,2308.8,2238.85,2664840298496,77.06275,29.96,0.00059999997,3743.9,2025.0
2022-11-09 00:00:00+05:30,3971.424316069397,2314.95,2213.75,3991.595947265625,1379552,0.0,0.0,ADANIENT.NS,Adani Enterprises Limited,Thermal Coal,Energy,Mr. Gautambhai Shantilal Adani S.Y. B.Com,"Ahmedabad, India",https://www.adanienterprises.com,2308.8,2238.85,2664840298496,77.06275,29.96,0.00059999997,3743.9,2025.0
2022-11-10 00:00:00+05:30,3989.3989765081956,2314.95,2213.75,3986.65283203125,1379552,0.0,0.0,ADANIENT.NS,Adani Enterprises Limited,Thermal Coal,Energy,Mr. Gautambhai Shantilal Adani S.Y. B.Com,"Ahmedabad, India",https://www.adanienterprises.com,2308.8,2238.85,2664840298496,77.06275,29.96,0.00059999997,3743.9,2025.0
2022-11-11 00:00:00+05:30,4034.3359668701755,2314.95,2213.75,4003.229736328125,1379552,0.0,0.0,ADANIENT.NS,Adani Enterprises Limited,Thermal Coal,Energy,Mr. Gautambhai Shantilal Adani S.Y. B.Com,"Ahmedabad, India",https://www.adanienterprises.com,2308.8,2238.85,2664840298496,77.06275,29.96,0.00059999997,3743.9,2025.0
2022-11-14 00:00:00+05:30,3993.3933689257306,2314.95,2213.75,4016.910400390625,1379552,0.0,0.0,ADANIENT.NS,Adani Enterprises Limited,Thermal Coal,Energy,Mr. Gautambhai Shantilal Adani S.Y. B.Com,"Ahmedabad, India",https://www.adanienterprises.com,2308.8,2238.85,2664840298496,77.06275,29.96,0.00059999997,3743.9,2025.0
2022-11-15 00:00:00+05:30,4019.4067567425614,2314.95,2213.75,4052.11083984375,1379552,0.0,0.0,ADANIENT.NS,Adani Enterprises Limited,Thermal Coal,Energy,Mr. Gautambhai Shantilal Adani S.Y. B.Com,"Ahmedabad, India",https://www.adanienterprises.com,2308.8,2238.85,2664840298496,77.06275,29.96,0.00059999997,3743.9,2025.0
2022-11-16 00:00:00+05:30,4051.6117492262915,2314.95,2213.75,3951.052978515625,1379552,0.0,0.0,ADANIENT.NS,Adani Enterprises Limited,Thermal Coal,Energy,Mr. Gautambhai Shantilal Adani S.Y. B.Com,"Ahmedabad, India",https://www.adanienterprises.com,2308.8,2238.85,2664840298496,77.06275,29.96,0.00059999997,3743.9,2025.0
2022-11-17 00:00:00+05:30,3964.4339624246477,2314.95,2213.75,4012.516357421875,1379552,0.0,0.0,ADANIENT.NS,Adani Enterprises Limited,Thermal Coal,Energy,Mr. Gautambhai Shantilal Adani S.Y. B.Com,"Ahmedabad, India",https://www.adanienterprises.com,2308.8,2238.85,2664840298496,77.06275,29.96,0.00059999997,3743.9,2025.0
2022-11-18 00:00:00+05:30,4022.7021236775663,2314.95,2213.75,4014.1640625,1379552,0.0,0.0,ADANIENT.NS,Adani Enterprises Limited,Thermal Coal,Energy,Mr. Gautambhai Shantilal Adani S.Y. B.Com,"Ahmedabad, India",https://www.adanienterprises.com,2308.8,2238.85,2664840298496,77.06275,29.96,0.00059999997,3743.9,2025.0
2022-11-21 00:00:00+05:30,4014.3139794656804,2314.95,2213.75,3996.239501953125,1379552,0.0,0.0,ADANIENT.NS,Adani Enterprises Limited,Thermal Coal,Energy,Mr. Gautambhai Shantilal Adani S.Y. B.Com,"Ahmedabad, India",https://www.adanienterprises.com,2308.8,2238.85,2664840298496,77.06275,29.96,0.00059999997,3743.9,2025.0
2022-11-22 00:00:00+05:30,3996.239410847499,2314.95,2213.75,4028.34423828125,1379552,0.0,0.0,ADANIENT.NS,Adani Enterprises Limited,Thermal Coal,Energy,Mr. Gautambhai Shantilal Adani S.Y. B.Com,"Ahmedabad, India",https://www.adanienterprises.com,2308.8,2238.85,2664840298496,77.06275,29.96,0.00059999997,3743.9,2025.0
2022-11-23 00:00:00+05:30,4044.3219151062644,2314.95,2213.75,3897.82763671875,1379552,0.0,0.0,ADANIENT.NS,Adani Enterprises Limited,Thermal Coal,Energy,Mr. Gautambhai Shantilal Adani S.Y. B.Com,"Ahmedabad, India",https://www.adanienterprises.com,2308.8,2238.85,2664840298496,77.06275,29.96,0.00059999997,3743.9,2025.0
2022-11-24 00:00:00+05:30,3904.518004242123,2314.95,2213.75,3915.6025390625,1379552,0.0,0.0,ADANIENT.NS,Adani Enterprises Limited,Thermal Coal,Energy,Mr. Gautambhai Shantilal Adani S.Y. B.Com,"Ahmedabad, India",https://www.adanienterprises.com,2308.8,2238.85,2664840298496,77.06275,29.96,0.00059999997,3743.9,2025.0
2022-11-25 00:00:00+05:30,3923.491400913179,2314.95,2213.75,3895.630615234375,1379552,0.0,0.0,ADANIENT.NS,Adani Enterprises Limited,Thermal Coal,Energy,Mr. Gautambhai Shantilal Adani S.Y. B.Com,"Ahmedabad, India",https://www.adanienterprises.com,2308.8,2238.85,2664840298496,77.06275,29.96,0.00059999997,3743.9,2025.0
2022-11-28 00:00:00+05:30,3893.9328391604695,2314.95,2213.75,3880.701416015625,1379552,0.0,0.0,ADANIENT.NS,Adani Enterprises Limited,Thermal Coal,Energy,Mr. Gautambhai Shantilal Adani S.Y. B.Com,"Ahmedabad, India",https://www.adanienterprises.com,2308.8,2238.85,2664840298496,77.06275,29.96,0.00059999997,3743.9,2025.0
2022-11-29 00:00:00+05:30,3879.5532466914424,2314.95,2213.75,3872.96240234375,1379552,0.0,0.0,ADANIENT.NS,Adani Enterprises Limited,Thermal Coal,Energy,Mr. Gautambhai Shantilal Adani S.Y. B.Com,"Ahmedabad, India",https://www.adanienterprises.com,2308.8,2238.85,2664840298496,77.06275,29.96,0.00059999997,3743.9,2025.0
2022-11-30 00:00:00+05:30,3892.335309025333,2314.95,2213.75,3912.406982421875,1379552,0.0,0.0,ADANIENT.NS,Adani Enterprises Limited,Thermal Coal,Energy,Mr. Gautambhai Shantilal Adani S.Y. B.Com,"Ahmedabad, India",https://www.adanienterprises.com,2308.8,2238.85,2664840298496,77.06275,29.96,0.00059999997,3743.9,2025.0
2022-12-01 00:00:00+05:30,3931.979581417102,2314.95,2213.75,3909.611083984375,1379552,0.0,0.0,ADANIENT.NS,Adani Enterprises Limited,Thermal Coal,Energy,Mr. Gautambhai Shantilal Adani S.Y. B.Com,"Ahmedabad, India",https://www.adanienterprises.com,2308.8,2238.85,2664840298496,77.06275,29.96,0.00059999997,3743.9,2025.0
2022-12-02 00:00:00+05:30,3899.5250240250557,2314.95,2213.75,3917.00048828125,1379552,0.0,0.0,ADANIENT.NS,Adani Enterprises Limited,Thermal Coal,Energy,Mr. Gautambhai Shantilal Adani S.Y. B.Com,"Ahmedabad, India",https://www.adanienterprises.com,2308.8,2238.85,2664840298496,77.06275,29.96,0.00059999997,3743.9,2025.0
2022-12-05 00:00:00+05:30,3923.391507326408,2314.95,2213.75,3924.889404296875,1379552,0.0,0.0,ADANIENT.NS,Adani Enterprises Limited,Thermal Coal,Energy,Mr. Gautambhai Shantilal Adani S.Y. B.Com,"Ahmedabad, India",https://www.adanienterprises.com,2308.8,2238.85,2664840298496,77.06275,29.96,0.00059999997,3743.9,2025.0
2022-12-06 00:00:00+05:30,3914.5041558949106,2314.95,2213.75,4026.1474609375,1379552,0.0,0.0,ADANIENT.NS,Adani Enterprises Limited,Thermal Coal,Energy,Mr. Gautambhai Shantilal Adani S.Y. B.Com,"Ahmedabad, India",https://www.adanienterprises.com,2308.8,2238.85,2664840298496,77.06275,29.96,0.00059999997,3743.9,2025.0
2022-12-07 00:00:00+05:30,4025.348377673266,2314.95,2213.75,3993.69287109375,1379552,0.0,0.0,ADANIENT.NS,Adani Enterprises Limited,Thermal Coal,Energy,Mr. Gautambhai Shantilal Adani S.Y. B.Com,"Ahmedabad, India",https://www.adanienterprises.com,2308.8,2238.85,2664840298496,77.06275,29.96,0.00059999997,3743.9,2025.0
2022-12-08 00:00:00+05:30,4004.3779636548916,2314.95,2213.75,4019.35693359375,1379552,0.0,0.0,ADANIENT.NS,Adani Enterprises Limited,Thermal Coal,Energy,Mr. Gautambhai Shantilal Adani S.Y. B.Com,"Ahmedabad, India",https://www.adanienterprises.com,2308.8,2238.85,2664840298496,77.06275,29.96,0.00059999997,3743.9,2025.0
2022-12-09 00:00:00+05:30,4038.330062996564,2314.95,2213.75,3991.1962890625,1379552,0.0,0.0,ADANIENT.NS,Adani Enterprises Limited,Thermal Coal,Energy,Mr. Gautambhai Shantilal Adani S.Y. B.Com,"Ahmedabad, India",https://www.adanienterprises.com,2308.8,2238.85,2664840298496,77.06275,29.96,0.00059999997,3743.9,2025.0
2022-12-12 00:00:00+05:30,3991.396271353188,2314.95,2213.75,4011.068603515625,1379552,0.0,0.0,ADANIENT.NS,Adani Enterprises Limited,Thermal Coal,Energy,Mr. Gautambhai Shantilal Adani S.Y. B.Com,"Ahmedabad, India",https://www.adanienterprises.com,2308.8,2238.85,2664840298496,77.06275,29.96,0.00059999997,3743.9,2025.0
2022-12-13 00:00:00+05:30,4022.153090538911,2314.95,2213.75,4054.507568359375,1379552,0.0,0.0,ADANIENT.NS,Adani Enterprises Limited,Thermal Coal,Energy,Mr. Gautambhai Shantilal Adani S.Y. B.Com,"Ahmedabad, India",https://www.adanienterprises.com,2308.8,2238.85,2664840298496,77.06275,29.96,0.00059999997,3743.9,2025.0
2022-12-14 00:00:00+05:30,4070.2854001343685,2314.95,2213.75,4050.11376953125,1379552,0.0,0.0,ADANIENT.NS,Adani Enterprises Limited,Thermal Coal,Energy,Mr. Gautambhai Shantilal Adani S.Y. B.Com,"Ahmedabad, India",https://www.adanienterprises.com,2308.8,2238.85,2664840298496,77.06275,29.96,0.00059999997,3743.9,2025.0
2022-12-15 00:00:00+05:30,4050.1137207795664,2314.95,2213.75,4038.08056640625,1379552,0.0,0.0,ADANIENT.NS,Adani Enterprises Limited,Thermal Coal,Energy,Mr. Gautambhai Shantilal Adani S.Y. B.Com,"Ahmedabad, India",https://www.adanienterprises.com,2308.8,2238.85,2664840298496,77.06275,29.96,0.00059999997,3743.9,2025.0
2022-12-16 00:00:00+05:30,4013.265431919853,2314.95,2213.75,3975.218994140625,1379552,0.0,0.0,ADANIENT.NS,Adani Enterprises Limited,Thermal Coal,Energy,Mr. Gautambhai Shantilal Adani S.Y. B.Com,"Ahmedabad, India",https://www.adanienterprises.com,2308.8,2238.85,2664840298496,77.06275,29.96,0.00059999997,3743.9,2025.0
2022-12-19 00:00:00+05:30,3982.408772743619,2314.95,2213.75,4069.58642578125,1379552,0.0,0.0,ADANIENT.NS,Adani Enterprises Limited,Thermal Coal,Energy,Mr. Gautambhai Shantilal Adani S.Y. B.Com,"Ahmedabad, India",https://www.adanienterprises.com,2308.8,2238.85,2664840298496,77.06275,29.96,0.00059999997,3743.9,2025.0
2022-12-20 00:00:00+05:30,4089.2587181529316,2314.95,2213.75,4159.4599609375,1379552,0.0,0.0,ADANIENT.NS,Adani Enterprises Limited,Thermal Coal,Energy,Mr. Gautambhai Shantilal Adani S.Y. B.Com,"Ahmedabad, India",https://www.adanienterprises.com,2308.8,2238.85,2664840298496,77.06275,29.96,0.00059999997,3743.9,2025.0
2022-12-21 00:00:00+05:30,4169.146730084812,2314.95,2213.75,3896.4794921875,1379552,0.0,0.0,ADANIENT.NS,Adani Enterprises Limited,Thermal Coal,Energy,Mr. Gautambhai Shantilal Adani S.Y. B.Com,"Ahmedabad, India",https://www.adanienterprises.com,2308.8,2238.85,2664840298496,77.06275,29.96,0.00059999997,3743.9,2025.0
2022-12-22 00:00:00+05:30,3942.4647805593245,2314.95,2213.75,3863.126220703125,1379552,0.0,0.0,ADANIENT.NS,Adani Enterprises Limited,Thermal Coal,Energy,Mr. Gautambhai Shantilal Adani S.Y. B.Com,"Ahmedabad, India",https://www.adanienterprises.com,2308.8,2238.85,2664840298496,77.06275,29.96,0.00059999997,3743.9,2025.0
2022-12-23 00:00:00+05:30,3816.6412148285367,2314.95,2213.75,3637.09326171875,1379552,0.0,0.0,ADANIENT.NS,Adani Enterprises Limited,Thermal Coal,Energy,Mr. Gautambhai Shantilal Adani S.Y. B.Com,"Ahmedabad, India",https://www.adanienterprises.com,2308.8,2238.85,2664840298496,77.06275,29.96,0.00059999997,3743.9,2025.0
2022-12-26 00:00:00+05:30,3647.878440926212,2314.95,2213.75,3711.5390625,1379552,0.0,0.0,ADANIENT.NS,Adani Enterprises Limited,Thermal Coal,Energy,Mr. Gautambhai Shantilal Adani S.Y. B.Com,"Ahmedabad, India",https://www.adanienterprises.com,2308.8,2238.85,2664840298496,77.06275,29.96,0.00059999997,3743.9,2025.0
2022-12-27 00:00:00+05:30,3727.2169503101813,2314.95,2213.75,3764.36474609375,1379552,0.0,0.0,ADANIENT.NS,Adani Enterprises Limited,Thermal Coal,Energy,Mr. Gautambhai Shantilal Adani S.Y. B.Com,"Ahmedabad, India",https://www.adanienterprises.com,2308.8,2238.85,2664840298496,77.06275,29.96,0.00059999997,3743.9,2025.0
2022-12-28 00:00:00+05:30,3750.7839800608585,2314.95,2213.75,3792.37548828125,1379552,0.0,0.0,ADANIENT.NS,Adani Enterprises Limited,Thermal Coal,Energy,Mr. Gautambhai Shantilal Adani S.Y. B.Com,"Ahmedabad, India",https://www.adanienterprises.com,2308.8,2238.85,2664840298496,77.06275,29.96,0.00059999997,3743.9,2025.0
2022-12-29 00:00:00+05:30,3784.6865952282315,2314.95,2213.75,3805.2578125,1379552,0.0,0.0,ADANIENT.NS,Adani Enterprises Limited,Thermal Coal,Energy,Mr. Gautambhai Shantilal Adani S.Y. B.Com,"Ahmedabad, India",https://www.adanienterprises.com,2308.8,2238.85,2664840298496,77.06275,29.96,0.00059999997,3743.9,2025.0
2022-12-30 00:00:00+05:30,3824.330694975289,2314.95,2213.75,3852.940673828125,1379552,0.0,0.0,ADANIENT.NS,Adani Enterprises Limited,Thermal Coal,Energy,Mr. Gautambhai Shantilal Adani S.Y. B.Com,"Ahmedabad, India",https://www.adanienterprises.com,2308.8,2238.85,2664840298496,77.06275,29.96,0.00059999997,3743.9,2025.0
2023-01-02 00:00:00+05:30,3864.5741232671194,2314.95,2213.75,3835.814453125,1379552,0.0,0.0,ADANIENT.NS,Adani Enterprises Limited,Thermal Coal,Energy,Mr. Gautambhai Shantilal Adani S.Y. B.Com,"Ahmedabad, India",https://www.adanienterprises.com,2308.8,2238.85,2664840298496,77.06275,29.96,0.00059999997,3743.9,2025.0
2023-01-03 00:00:00+05:30,3836.513456470895,2314.95,2213.75,3825.578857421875,1379552,0.0,0.0,ADANIENT.NS,Adani Enterprises Limited,Thermal Coal,Energy,Mr. Gautambhai Shantilal Adani S.Y. B.Com,"Ahmedabad, India",https://www.adanienterprises.com,2308.8,2238.85,2664840298496,77.06275,29.96,0.00059999997,3743.9,2025.0
2023-01-04 00:00:00+05:30,3833.6175228924294,2314.95,2213.75,3821.684326171875,1379552,0.0,0.0,ADANIENT.NS,Adani Enterprises Limited,Thermal Coal,Energy,Mr. Gautambhai Shantilal Adani S.Y. B.Com,"Ahmedabad, India",https://www.adanienterprises.com,2308.8,2238.85,2664840298496,77.06275,29.96,0.00059999997,3743.9,2025.0
2023-01-05 00:00:00+05:30,3821.684275600841,2314.95,2213.75,3824.430419921875,1379552,0.0,0.0,ADANIENT.NS,Adani Enterprises Limited,Thermal Coal,Energy,Mr. Gautambhai Shantilal Adani S.Y. B.Com,"Ahmedabad, India",https://www.adanienterprises.com,2308.8,2238.85,2664840298496,77.06275,29.96,0.00059999997,3743.9,2025.0
2023-01-06 00:00:00+05:30,3823.63176826696,2314.95,2213.75,3818.888427734375,1379552,0.0,0.0,ADANIENT.NS,Adani Enterprises Limited,Thermal Coal,Energy,Mr. Gautambhai Shantilal Adani S.Y. B.Com,"Ahmedabad, India",https://www.adanienterprises.com,2308.8,2238.85,2664840298496,77.06275,29.96,0.00059999997,3743.9,2025.0
2023-01-09 00:00:00+05:30,3837.611971686451,2314.95,2213.75,3849.894775390625,1379552,0.0,0.0,ADANIENT.NS,Adani Enterprises Limited,Thermal Coal,Energy,Mr. Gautambhai Shantilal Adani S.Y. B.Com,"Ahmedabad, India",https://www.adanienterprises.com,2308.8,2238.85,2664840298496,77.06275,29.96,0.00059999997,3743.9,2025.0
2023-01-10 00:00:00+05:30,3853.5898520401597,2314.95,2213.75,3641.787109375,1379552,0.0,0.0,ADANIENT.NS,Adani Enterprises Limited,Thermal Coal,Energy,Mr. Gautambhai Shantilal Adani S.Y. B.Com,"Ahmedabad, India",https://www.adanienterprises.com,2308.8,2238.85,2664840298496,77.06275,29.96,0.00059999997,3743.9,2025.0
2023-01-11 00:00:00+05:30,3654.868659423027,2314.95,2213.75,3630.70263671875,1379552,0.0,0.0,ADANIENT.NS,Adani Enterprises Limited,Thermal Coal,Energy,Mr. Gautambhai Shantilal Adani S.Y. B.Com,"Ahmedabad, India",https://www.adanienterprises.com,2308.8,2238.85,2664840298496,77.06275,29.96,0.00059999997,3743.9,2025.0
2023-01-12 00:00:00+05:30,3637.39306413558,2314.95,2213.75,3642.08642578125,1379552,0.0,0.0,ADANIENT.NS,Adani Enterprises Limited,Thermal Coal,Energy,Mr. Gautambhai Shantilal Adani S.Y. B.Com,"Ahmedabad, India",https://www.adanienterprises.com,2308.8,2238.85,2664840298496,77.06275,29.96,0.00059999997,3743.9,2025.0
2023-01-13 00:00:00+05:30,3646.0809797782435,2314.95,2213.75,3715.932861328125,1379552,0.0,0.0,ADANIENT.NS,Adani Enterprises Limited,Thermal Coal,Energy,Mr. Gautambhai Shantilal Adani S.Y. B.Com,"Ahmedabad, India",https://www.adanienterprises.com,2308.8,2238.85,2664840298496,77.06275,29.96,0.00059999997,3743.9,2025.0
2023-01-16 00:00:00+05:30,3714.784317833077,2314.95,2213.75,3614.724853515625,1379552,0.0,0.0,ADANIENT.NS,Adani Enterprises Limited,Thermal Coal,Energy,Mr. Gautambhai Shantilal Adani S.Y. B.Com,"Ahmedabad, India",https://www.adanienterprises.com,2308.8,2238.85,2664840298496,77.06275,29.96,0.00059999997,3743.9,2025.0
2023-01-17 00:00:00+05:30,3614.9245906794886,2314.95,2213.75,3634.24755859375,1379552,0.0,0.0,ADANIENT.NS,Adani Enterprises Limited,Thermal Coal,Energy,Mr. Gautambhai Shantilal Adani S.Y. B.Com,"Ahmedabad, India",https://www.adanienterprises.com,2308.8,2238.85,2664840298496,77.06275,29.96,0.00059999997,3743.9,2025.0
2023-01-18 00:00:00+05:30,3642.8853505644793,2314.95,2213.75,3591.6572265625,1379552,0.0,0.0,ADANIENT.NS,Adani Enterprises Limited,Thermal Coal,Energy,Mr. Gautambhai Shantilal Adani S.Y. B.Com,"Ahmedabad, India",https://www.adanienterprises.com,2308.8,2238.85,2664840298496,77.06275,29.96,0.00059999997,3743.9,2025.0
2023-01-19 00:00:00+05:30,3465.1350000257285,2314.95,2213.75,3458.694091796875,1379552,0.0,0.0,ADANIENT.NS,Adani Enterprises Limited,Thermal Coal,Energy,Mr. Gautambhai Shantilal Adani S.Y. B.Com,"Ahmedabad, India",https://www.adanienterprises.com,2308.8,2238.85,2664840298496,77.06275,29.96,0.00059999997,3743.9,2025.0
2023-01-20 00:00:00+05:30,3445.162919360091,2314.95,2213.75,3451.30419921875,1379552,0.0,0.0,ADANIENT.NS,Adani Enterprises Limited,Thermal Coal,Energy,Mr. Gautambhai Shantilal Adani S.Y. B.Com,"Ahmedabad, India",https://www.adanienterprises.com,2308.8,2238.85,2664840298496,77.06275,29.96,0.00059999997,3743.9,2025.0
2023-01-23 00:00:00+05:30,3438.22278419176,2314.95,2213.75,3431.5322265625,1379552,0.0,0.0,ADANIENT.NS,Adani Enterprises Limited,Thermal Coal,Energy,Mr. Gautambhai Shantilal Adani S.Y. B.Com,"Ahmedabad, India",https://www.adanienterprises.com,2308.8,2238.85,2664840298496,77.06275,29.96,0.00059999997,3743.9,2025.0
2023-01-24 00:00:00+05:30,3442.6166267472254,2314.95,2213.75,3437.17431640625,1379552,0.0,0.0,ADANIENT.NS,Adani Enterprises Limited,Thermal Coal,Energy,Mr. Gautambhai Shantilal Adani S.Y. B.Com,"Ahmedabad, India",https://www.adanienterprises.com,2308.8,2238.85,2664840298496,77.06275,29.96,0.00059999997,3743.9,2025.0
2023-01-25 00:00:00+05:30,3417.202197456563,2314.95,2213.75,3384.198486328125,1379552,0.0,0.0,ADANIENT.NS,Adani Enterprises Limited,Thermal Coal,Energy,Mr. Gautambhai Shantilal Adani S.Y. B.Com,"Ahmedabad, India",https://www.adanienterprises.com,2308.8,2238.85,2664840298496,77.06275,29.96,0.00059999997,3743.9,2025.0
2023-01-27 00:00:00+05:30,3330.3242947355466,2314.95,2213.75,2757.578369140625,1379552,0.0,0.0,ADANIENT.NS,Adani Enterprises Limited,Thermal Coal,Energy,Mr. Gautambhai Shantilal Adani S.Y. B.Com,"Ahmedabad, India",https://www.adanienterprises.com,2308.8,2238.85,2664840298496,77.06275,29.96,0.00059999997,3743.9,2025.0
2023-01-30 00:00:00+05:30,2846.0041695944524,2314.95,2213.75,2888.794189453125,1379552,0.0,0.0,ADANIENT.NS,Adani Enterprises Limited,Thermal Coal,Energy,Mr. Gautambhai Shantilal Adani S.Y. B.Com,"Ahmedabad, India",https://www.adanienterprises.com,2308.8,2238.85,2664840298496,77.06275,29.96,0.00059999997,3743.9,2025.0
2023-01-31 00:00:00+05:30,2975.8220140161466,2314.95,2213.75,2969.73046875,1379552,0.0,0.0,ADANIENT.NS,Adani Enterprises Limited,Thermal Coal,Energy,Mr. Gautambhai Shantilal Adani S.Y. B.Com,"Ahmedabad, India",https://www.adanienterprises.com,2308.8,2238.85,2664840298496,77.06275,29.96,0.00059999997,3743.9,2025.0
2023-02-01 00:00:00+05:30,2990.8008197435424,2314.95,2213.75,2132.356201171875,1379552,0.0,0.0,ADANIENT.NS,Adani Enterprises Limited,Thermal Coal,Energy,Mr. Gautambhai Shantilal Adani S.Y. B.Com,"Ahmedabad, India",https://www.adanienterprises.com,2308.8,2238.85,2664840298496,77.06275,29.96,0.00059999997,3743.9,2025.0
2023-02-02 00:00:00+05:30,2345.5568603901147,2314.95,2213.75,1563.055419921875,1379552,0.0,0.0,ADANIENT.NS,Adani Enterprises Limited,Thermal Coal,Energy,Mr. Gautambhai Shantilal Adani S.Y. B.Com,"Ahmedabad, India",https://www.adanienterprises.com,2308.8,2238.85,2664840298496,77.06275,29.96,0.00059999997,3743.9,2025.0
2023-02-03 00:00:00+05:30,1487.9109845276575,2314.95,2213.75,1584.5753173828125,1379552,0.0,0.0,ADANIENT.NS,Adani Enterprises Limited,Thermal Coal,Energy,Mr. Gautambhai Shantilal Adani S.Y. B.Com,"Ahmedabad, India",https://www.adanienterprises.com,2308.8,2238.85,2664840298496,77.06275,29.96,0.00059999997,3743.9,2025.0
2023-02-06 00:00:00+05:30,1572.7918192319235,2314.95,2213.75,1570.4949951171875,1379552,0.0,0.0,ADANIENT.NS,Adani Enterprises Limited,Thermal Coal,Energy,Mr. Gautambhai Shantilal Adani S.Y. B.Com,"Ahmedabad, India",https://www.adanienterprises.com,2308.8,2238.85,2664840298496,77.06275,29.96,0.00059999997,3743.9,2025.0
2023-02-07 00:00:00+05:30,1568.7973741764088,2314.95,2213.75,1800.422119140625,1379552,0.0,0.0,ADANIENT.NS,Adani Enterprises Limited,Thermal Coal,Energy,Mr. Gautambhai Shantilal Adani S.Y. B.Com,"Ahmedabad, India",https://www.adanienterprises.com,2308.8,2238.85,2664840298496,77.06275,29.96,0.00059999997,3743.9,2025.0
2023-02-08 00:00:00+05:30,1867.2283203608308,2314.95,2213.75,2161.215576171875,1379552,0.0,0.0,ADANIENT.NS,Adani Enterprises Limited,Thermal Coal,Energy,Mr. Gautambhai Shantilal Adani S.Y. B.Com,"Ahmedabad, India",https://www.adanienterprises.com,2308.8,2238.85,2664840298496,77.06275,29.96,0.00059999997,3743.9,2025.0
2023-02-09 00:00:00+05:30,2164.9603290808295,2314.95,2213.75,1923.0,1379552,0.0,0.0,ADANIENT.NS,Adani Enterprises Limited,Thermal Coal,Energy,Mr. Gautambhai Shantilal Adani S.Y. B.Com,"Ahmedabad, India",https://www.adanienterprises.com,2308.8,2238.85,2664840298496,77.06275,29.96,0.00059999997,3743.9,2025.0
2023-02-10 00:00:00+05:30,1766.5198105591896,2314.95,2213.75,1844.3604736328125,1379552,0.0,0.0,ADANIENT.NS,Adani Enterprises Limited,Thermal Coal,Energy,Mr. Gautambhai Shantilal Adani S.Y. B.Com,"Ahmedabad, India",https://www.adanienterprises.com,2308.8,2238.85,2664840298496,77.06275,29.96,0.00059999997,3743.9,2025.0
2023-02-13 00:00:00+05:30,1847.40623775628,2314.95,2213.75,1715.2418212890625,1379552,0.0,0.0,ADANIENT.NS,Adani Enterprises Limited,Thermal Coal,Energy,Mr. Gautambhai Shantilal Adani S.Y. B.Com,"Ahmedabad, India",https://www.adanienterprises.com,2308.8,2238.85,2664840298496,77.06275,29.96,0.00059999997,3743.9,2025.0
2023-02-14 00:00:00+05:30,1732.5674847152227,2314.95,2213.75,1747.246826171875,1379552,0.0,0.0,ADANIENT.NS,Adani Enterprises Limited,Thermal Coal,Energy,Mr. Gautambhai Shantilal Adani S.Y. B.Com,"Ahmedabad, India",https://www.adanienterprises.com,2308.8,2238.85,2664840298496,77.06275,29.96,0.00059999997,3743.9,2025.0
2023-02-15 00:00:00+05:30,1777.5044754884032,2314.95,2213.75,1776.605712890625,1379552,0.0,0.0,ADANIENT.NS,Adani Enterprises Limited,Thermal Coal,Energy,Mr. Gautambhai Shantilal Adani S.Y. B.Com,"Ahmedabad, India",https://www.adanienterprises.com,2308.8,2238.85,2664840298496,77.06275,29.96,0.00059999997,3743.9,2025.0
2023-02-16 00:00:00+05:30,1817.4482711246496,2314.95,2213.75,1794.0810546875,1379552,0.0,0.0,ADANIENT.NS,Adani Enterprises Limited,Thermal Coal,Energy,Mr. Gautambhai Shantilal Adani S.Y. B.Com,"Ahmedabad, India",https://www.adanienterprises.com,2308.8,2238.85,2664840298496,77.06275,29.96,0.00059999997,3743.9,2025.0
2023-02-17 00:00:00+05:30,1797.476339531636,2314.95,2213.75,1720.28466796875,1379552,0.0,0.0,ADANIENT.NS,Adani Enterprises Limited,Thermal Coal,Energy,Mr. Gautambhai Shantilal Adani S.Y. B.Com,"Ahmedabad, India",https://www.adanienterprises.com,2308.8,2238.85,2664840298496,77.06275,29.96,0.00059999997,3743.9,2025.0
2023-02-20 00:00:00+05:30,1647.686656651799,2314.95,2213.75,1619.1766357421875,1379552,0.0,0.0,ADANIENT.NS,Adani Enterprises Limited,Thermal Coal,Energy,Mr. Gautambhai Shantilal Adani S.Y. B.Com,"Ahmedabad, India",https://www.adanienterprises.com,2308.8,2238.85,2664840298496,77.06275,29.96,0.00059999997,3743.9,2025.0
2023-02-21 00:00:00+05:30,1623.7202686992086,2314.95,2213.75,1568.897216796875,1379552,0.0,0.0,ADANIENT.NS,Adani Enterprises Limited,Thermal Coal,Energy,Mr. Gautambhai Shantilal Adani S.Y. B.Com,"Ahmedabad, India",https://www.adanienterprises.com,2308.8,2238.85,2664840298496,77.06275,29.96,0.00059999997,3743.9,2025.0
2023-02-22 00:00:00+05:30,1532.847791347132,2314.95,2213.75,1402.8802490234375,1379552,0.0,0.0,ADANIENT.NS,Adani Enterprises Limited,Thermal Coal,Energy,Mr. Gautambhai Shantilal Adani S.Y. B.Com,"Ahmedabad, India",https://www.adanienterprises.com,2308.8,2238.85,2664840298496,77.06275,29.96,0.00059999997,3743.9,2025.0
2023-02-23 00:00:00+05:30,1378.0652387740827,2314.95,2213.75,1380.7115478515625,1379552,0.0,0.0,ADANIENT.NS,Adani Enterprises Limited,Thermal Coal,Energy,Mr. Gautambhai Shantilal Adani S.Y. B.Com,"Ahmedabad, India",https://www.adanienterprises.com,2308.8,2238.85,2664840298496,77.06275,29.96,0.00059999997,3743.9,2025.0
2023-02-24 00:00:00+05:30,1408.0232431371694,2314.95,2213.75,1313.8055419921875,1379552,0.0,0.0,ADANIENT.NS,Adani Enterprises Limited,Thermal Coal,Energy,Mr. Gautambhai Shantilal Adani S.Y. B.Com,"Ahmedabad, India",https://www.adanienterprises.com,2308.8,2238.85,2664840298496,77.06275,29.96,0.00059999997,3743.9,2025.0
2023-02-27 00:00:00+05:30,1298.1774754038804,2314.95,2213.75,1191.8267822265625,1379552,0.0,0.0,ADANIENT.NS,Adani Enterprises Limited,Thermal Coal,Energy,Mr. Gautambhai Shantilal Adani S.Y. B.Com,"Ahmedabad, India",https://www.adanienterprises.com,2308.8,2238.85,2664840298496,77.06275,29.96,0.00059999997,3743.9,2025.0
2023-02-28 00:00:00+05:30,1143.3947169603941,2314.95,2213.75,1361.9378662109375,1379552,0.0,0.0,ADANIENT.NS,Adani Enterprises Limited,Thermal Coal,Energy,Mr. Gautambhai Shantilal Adani S.Y. B.Com,"Ahmedabad, India",https://www.adanienterprises.com,2308.8,2238.85,2664840298496,77.06275,29.96,0.00059999997,3743.9,2025.0
2023-03-01 00:00:00+05:30,1422.0034713134385,2314.95,2213.75,1562.1068115234375,1379552,0.0,0.0,ADANIENT.NS,Adani Enterprises Limited,Thermal Coal,Energy,Mr. Gautambhai Shantilal Adani S.Y. B.Com,"Ahmedabad, India",https://www.adanienterprises.com,2308.8,2238.85,2664840298496,77.06275,29.96,0.00059999997,3743.9,2025.0
2023-03-02 00:00:00+05:30,1497.79711468232,2314.95,2213.75,1604.99658203125,1379552,0.0,0.0,ADANIENT.NS,Adani Enterprises Limited,Thermal Coal,Energy,Mr. Gautambhai Shantilal Adani S.Y. B.Com,"Ahmedabad, India",https://www.adanienterprises.com,2308.8,2238.85,2664840298496,77.06275,29.96,0.00059999997,3743.9,2025.0
2023-03-03 00:00:00+05:30,1686.482142472456,2314.95,2213.75,1876.8648681640625,1379552,0.0,0.0,ADANIENT.NS,Adani Enterprises Limited,Thermal Coal,Energy,Mr. Gautambhai Shantilal Adani S.Y. B.Com,"Ahmedabad, India",https://www.adanienterprises.com,2308.8,2238.85,2664840298496,77.06275,29.96,0.00059999997,3743.9,2025.0
2023-03-06 00:00:00+05:30,1963.942634405975,2314.95,2213.75,1980.1199951171875,1379552,0.0,0.0,ADANIENT.NS,Adani Enterprises Limited,Thermal Coal,Energy,Mr. Gautambhai Shantilal Adani S.Y. B.Com,"Ahmedabad, India",https://www.adanienterprises.com,2308.8,2238.85,2664840298496,77.06275,29.96,0.00059999997,3743.9,2025.0
2023-03-08 00:00:00+05:30,2037.1397680972311,2314.95,2213.75,2036.790283203125,1379552,0.0,0.0,ADANIENT.NS,Adani Enterprises Limited,Thermal Coal,Energy,Mr. Gautambhai Shantilal Adani S.Y. B.Com,"Ahmedabad, India",https://www.adanienterprises.com,2308.8,2238.85,2664840298496,77.06275,29.96,0.00059999997,3743.9,2025.0
2023-03-09 00:00:00+05:30,2046.9262659800106,2314.95,2213.75,1950.4117431640625,1379552,0.0,0.0,ADANIENT.NS,Adani Enterprises Limited,Thermal Coal,Energy,Mr. Gautambhai Shantilal Adani S.Y. B.Com,"Ahmedabad, India",https://www.adanienterprises.com,2308.8,2238.85,2664840298496,77.06275,29.96,0.00059999997,3743.9,2025.0
2023-03-10 00:00:00+05:30,1867.37828471958,2314.95,2213.75,1893.54150390625,1379552,0.0,0.0,ADANIENT.NS,Adani Enterprises Limited,Thermal Coal,Energy,Mr. Gautambhai Shantilal Adani S.Y. B.Com,"Ahmedabad, India",https://www.adanienterprises.com,2308.8,2238.85,2664840298496,77.06275,29.96,0.00059999997,3743.9,2025.0
2023-03-13 00:00:00+05:30,1914.3122198281546,2314.95,2213.75,1871.77197265625,1379552,0.0,0.0,ADANIENT.NS,Adani Enterprises Limited,Thermal Coal,Energy,Mr. Gautambhai Shantilal Adani S.Y. B.Com,"Ahmedabad, India",https://www.adanienterprises.com,2308.8,2238.85,2664840298496,77.06275,29.96,0.00059999997,3743.9,2025.0
2023-03-14 00:00:00+05:30,1871.372592285566,2314.95,2213.75,1735.762939453125,1379552,0.0,0.0,ADANIENT.NS,Adani Enterprises Limited,Thermal Coal,Energy,Mr. Gautambhai Shantilal Adani S.Y. B.Com,"Ahmedabad, India",https://www.adanienterprises.com,2308.8,2238.85,2664840298496,77.06275,29.96,0.00059999997,3743.9,2025.0
2023-03-15 00:00:00+05:30,1758.4311553098346,2314.95,2213.75,1836.421630859375,1379552,0.0,0.0,ADANIENT.NS,Adani Enterprises Limited,Thermal Coal,Energy,Mr. Gautambhai Shantilal Adani S.Y. B.Com,"Ahmedabad, India",https://www.adanienterprises.com,2308.8,2238.85,2664840298496,77.06275,29.96,0.00059999997,3743.9,2025.0
2023-03-16 00:00:00+05:30,1858.390801957839,2314.95,2213.75,1841.2149658203125,1379552,0.0,0.0,ADANIENT.NS,Adani Enterprises Limited,Thermal Coal,Energy,Mr. Gautambhai Shantilal Adani S.Y. B.Com,"Ahmedabad, India",https://www.adanienterprises.com,2308.8,2238.85,2664840298496,77.06275,29.96,0.00059999997,3743.9,2025.0
2023-03-17 00:00:00+05:30,1898.334615303052,2314.95,2213.75,1873.9189453125,1379552,0.0,0.0,ADANIENT.NS,Adani Enterprises Limited,Thermal Coal,Energy,Mr. Gautambhai Shantilal Adani S.Y. B.Com,"Ahmedabad, India",https://www.adanienterprises.com,2308.8,2238.85,2664840298496,77.06275,29.96,0.00059999997,3743.9,2025.0
2023-03-20 00:00:00+05:30,1834.4245486485663,2314.95,2213.75,1802.41943359375,1379552,0.0,0.0,ADANIENT.NS,Adani Enterprises Limited,Thermal Coal,Energy,Mr. Gautambhai Shantilal Adani S.Y. B.Com,"Ahmedabad, India",https://www.adanienterprises.com,2308.8,2238.85,2664840298496,77.06275,29.96,0.00059999997,3743.9,2025.0
2023-03-21 00:00:00+05:30,1834.3745285227346,2314.95,2213.75,1821.6923828125,1379552,0.0,0.0,ADANIENT.NS,Adani Enterprises Limited,Thermal Coal,Energy,Mr. Gautambhai Shantilal Adani S.Y. B.Com,"Ahmedabad, India",https://www.adanienterprises.com,2308.8,2238.85,2664840298496,77.06275,29.96,0.00059999997,3743.9,2025.0
2023-03-22 00:00:00+05:30,1831.4287570728866,2314.95,2213.75,1812.8548583984375,1379552,0.0,0.0,ADANIENT.NS,Adani Enterprises Limited,Thermal Coal,Energy,Mr. Gautambhai Shantilal Adani S.Y. B.Com,"Ahmedabad, India",https://www.adanienterprises.com,2308.8,2238.85,2664840298496,77.06275,29.96,0.00059999997,3743.9,2025.0
2023-03-23 00:00:00+05:30,1791.4847412109375,2314.95,2213.75,1791.4847412109375,1379552,0.0,0.0,ADANIENT.NS,Adani Enterprises Limited,Thermal Coal,Energy,Mr. Gautambhai Shantilal Adani S.Y. B.Com,"Ahmedabad, India",https://www.adanienterprises.com,2308.8,2238.85,2664840298496,77.06275,29.96,0.00059999997,3743.9,2025.0
2023-03-24 00:00:00+05:30,1793.4819684271538,2314.95,2213.75,1738.2095947265625,1379552,0.0,0.0,ADANIENT.NS,Adani Enterprises Limited,Thermal Coal,Energy,Mr. Gautambhai Shantilal Adani S.Y. B.Com,"Ahmedabad, India",https://www.adanienterprises.com,2308.8,2238.85,2664840298496,77.06275,29.96,0.00059999997,3743.9,2025.0
2023-03-27 00:00:00+05:30,1738.2095771988954,2314.95,2213.75,1720.63427734375,1379552,0.0,0.0,ADANIENT.NS,Adani Enterprises Limited,Thermal Coal,Energy,Mr. Gautambhai Shantilal Adani S.Y. B.Com,"Ahmedabad, India",https://www.adanienterprises.com,2308.8,2238.85,2664840298496,77.06275,29.96,0.00059999997,3743.9,2025.0
2023-03-28 00:00:00+05:30,1725.5273727883177,2314.95,2213.75,1598.6055908203125,1379552,0.0,0.0,ADANIENT.NS,Adani Enterprises Limited,Thermal Coal,Energy,Mr. Gautambhai Shantilal Adani S.Y. B.Com,"Ahmedabad, India",https://www.adanienterprises.com,2308.8,2238.85,2664840298496,77.06275,29.96,0.00059999997,3743.9,2025.0
2023-03-29 00:00:00+05:30,1600.702594486202,2314.95,2213.75,1737.9599609375,1379552,0.0,0.0,ADANIENT.NS,Adani Enterprises Limited,Thermal Coal,Energy,Mr. Gautambhai Shantilal Adani S.Y. B.Com,"Ahmedabad, India",https://www.adanienterprises.com,2308.8,2238.85,2664840298496,77.06275,29.96,0.00059999997,3743.9,2025.0
2023-03-31 00:00:00+05:30,1785.4931292079896,2314.95,2213.75,1747.9957275390625,1379552,0.0,0.0,ADANIENT.NS,Adani Enterprises Limited,Thermal Coal,Energy,Mr. Gautambhai Shantilal Adani S.Y. B.Com,"Ahmedabad, India",https://www.adanienterprises.com,2308.8,2238.85,2664840298496,77.06275,29.96,0.00059999997,3743.9,2025.0
2023-04-03 00:00:00+05:30,1747.9957243783972,2314.95,2213.75,1715.0419921875,1379552,0.0,0.0,ADANIENT.NS,Adani Enterprises Limited,Thermal Coal,Energy,Mr. Gautambhai Shantilal Adani S.Y. B.Com,"Ahmedabad, India",https://www.adanienterprises.com,2308.8,2238.85,2664840298496,77.06275,29.96,0.00059999997,3743.9,2025.0
2023-04-05 00:00:00+05:30,1715.0420668856345,2314.95,2213.75,1695.619384765625,1379552,0.0,0.0,ADANIENT.NS,Adani Enterprises Limited,Thermal Coal,Energy,Mr. Gautambhai Shantilal Adani S.Y. B.Com,"Ahmedabad, India",https://www.adanienterprises.com,2308.8,2238.85,2664840298496,77.06275,29.96,0.00059999997,3743.9,2025.0
2023-04-06 00:00:00+05:30,1702.6094224039816,2314.95,2213.75,1751.5906982421875,1379552,0.0,0.0,ADANIENT.NS,Adani Enterprises Limited,Thermal Coal,Energy,Mr. Gautambhai Shantilal Adani S.Y. B.Com,"Ahmedabad, India",https://www.adanienterprises.com,2308.8,2238.85,2664840298496,77.06275,29.96,0.00059999997,3743.9,2025.0
2023-04-10 00:00:00+05:30,1771.5128215089894,2314.95,2213.75,1794.730224609375,1379552,0.0,0.0,ADANIENT.NS,Adani Enterprises Limited,Thermal Coal,Energy,Mr. Gautambhai Shantilal Adani S.Y. B.Com,"Ahmedabad, India",https://www.adanienterprises.com,2308.8,2238.85,2664840298496,77.06275,29.96,0.00059999997,3743.9,2025.0
2023-04-11 00:00:00+05:30,1807.4624424690815,2314.95,2213.75,1800.6220703125,1379552,0.0,0.0,ADANIENT.NS,Adani Enterprises Limited,Thermal Coal,Energy,Mr. Gautambhai Shantilal Adani S.Y. B.Com,"Ahmedabad, India",https://www.adanienterprises.com,2308.8,2238.85,2664840298496,77.06275,29.96,0.00059999997,3743.9,2025.0
2023-04-12 00:00:00+05:30,1811.4566528634202,2314.95,2213.75,1844.6600341796875,1379552,0.0,0.0,ADANIENT.NS,Adani Enterprises Limited,Thermal Coal,Energy,Mr. Gautambhai Shantilal Adani S.Y. B.Com,"Ahmedabad, India",https://www.adanienterprises.com,2308.8,2238.85,2664840298496,77.06275,29.96,0.00059999997,3743.9,2025.0
2023-04-13 00:00:00+05:30,1852.3991578176158,2314.95,2213.75,1868.1270751953125,1379552,0.0,0.0,ADANIENT.NS,Adani Enterprises Limited,Thermal Coal,Energy,Mr. Gautambhai Shantilal Adani S.Y. B.Com,"Ahmedabad, India",https://www.adanienterprises.com,2308.8,2238.85,2664840298496,77.06275,29.96,0.00059999997,3743.9,2025.0
2023-04-17 00:00:00+05:30,1868.127061355804,2314.95,2213.75,1876.1158447265625,1379552,0.0,0.0,ADANIENT.NS,Adani Enterprises Limited,Thermal Coal,Energy,Mr. Gautambhai Shantilal Adani S.Y. B.Com,"Ahmedabad, India",https://www.adanienterprises.com,2308.8,2238.85,2664840298496,77.06275,29.96,0.00059999997,3743.9,2025.0
2023-04-18 00:00:00+05:30,1889.3473537065465,2314.95,2213.75,1848.3548583984375,1379552,0.0,0.0,ADANIENT.NS,Adani Enterprises Limited,Thermal Coal,Energy,Mr. Gautambhai Shantilal Adani S.Y. B.Com,"Ahmedabad, India",https://www.adanienterprises.com,2308.8,2238.85,2664840298496,77.06275,29.96,0.00059999997,3743.9,2025.0
2023-04-19 00:00:00+05:30,1844.4103610393252,2314.95,2213.75,1851.250732421875,1379552,0.0,0.0,ADANIENT.NS,Adani Enterprises Limited,Thermal Coal,Energy,Mr. Gautambhai Shantilal Adani S.Y. B.Com,"Ahmedabad, India",https://www.adanienterprises.com,2308.8,2238.85,2664840298496,77.06275,29.96,0.00059999997,3743.9,2025.0
2023-04-20 00:00:00+05:30,1852.3991727648279,2314.95,2213.75,1840.316162109375,1379552,0.0,0.0,ADANIENT.NS,Adani Enterprises Limited,Thermal Coal,Energy,Mr. Gautambhai Shantilal Adani S.Y. B.Com,"Ahmedabad, India",https://www.adanienterprises.com,2308.8,2238.85,2664840298496,77.06275,29.96,0.00059999997,3743.9,2025.0
2023-04-21 00:00:00+05:30,1843.411881347927,2314.95,2213.75,1800.47216796875,1379552,0.0,0.0,ADANIENT.NS,Adani Enterprises Limited,Thermal Coal,Energy,Mr. Gautambhai Shantilal Adani S.Y. B.Com,"Ahmedabad, India",https://www.adanienterprises.com,2308.8,2238.85,2664840298496,77.06275,29.96,0.00059999997,3743.9,2025.0
2023-04-24 00:00:00+05:30,1801.4707586060945,2314.95,2213.75,1799.423583984375,1379552,0.0,0.0,ADANIENT.NS,Adani Enterprises Limited,Thermal Coal,Energy,Mr. Gautambhai Shantilal Adani S.Y. B.Com,"Ahmedabad, India",https://www.adanienterprises.com,2308.8,2238.85,2664840298496,77.06275,29.96,0.00059999997,3743.9,2025.0
2023-04-25 00:00:00+05:30,1803.4679366232317,2314.95,2213.75,1842.0137939453125,1379552,0.0,0.0,ADANIENT.NS,Adani Enterprises Limited,Thermal Coal,Energy,Mr. Gautambhai Shantilal Adani S.Y. B.Com,"Ahmedabad, India",https://www.adanienterprises.com,2308.8,2238.85,2664840298496,77.06275,29.96,0.00059999997,3743.9,2025.0
2023-04-26 00:00:00+05:30,1851.400749782154,2314.95,2213.75,1845.309326171875,1379552,0.0,0.0,ADANIENT.NS,Adani Enterprises Limited,Thermal Coal,Energy,Mr. Gautambhai Shantilal Adani S.Y. B.Com,"Ahmedabad, India",https://www.adanienterprises.com,2308.8,2238.85,2664840298496,77.06275,29.96,0.00059999997,3743.9,2025.0
2023-04-27 00:00:00+05:30,1845.4091795713175,2314.95,2213.75,1850.4521484375,1379552,0.0,0.0,ADANIENT.NS,Adani Enterprises Limited,Thermal Coal,Energy,Mr. Gautambhai Shantilal Adani S.Y. B.Com,"Ahmedabad, India",https://www.adanienterprises.com,2308.8,2238.85,2664840298496,77.06275,29.96,0.00059999997,3743.9,2025.0
2023-04-28 00:00:00+05:30,1865.4309721013217,2314.95,2213.75,1922.2510986328125,1379552,0.0,0.0,ADANIENT.NS,Adani Enterprises Limited,Thermal Coal,Energy,Mr. Gautambhai Shantilal Adani S.Y. B.Com,"Ahmedabad, India",https://www.adanienterprises.com,2308.8,2238.85,2664840298496,77.06275,29.96,0.00059999997,3743.9,2025.0
2023-05-02 00:00:00+05:30,1932.2871091116015,2314.95,2213.75,1917.1583251953125,1379552,0.0,0.0,ADANIENT.NS,Adani Enterprises Limited,Thermal Coal,Energy,Mr. Gautambhai Shantilal Adani S.Y. B.Com,"Ahmedabad, India",https://www.adanienterprises.com,2308.8,2238.85,2664840298496,77.06275,29.96,0.00059999997,3743.9,2025.0
2023-05-03 00:00:00+05:30,1916.3094668945844,2314.95,2213.75,1836.421630859375,1379552,0.0,0.0,ADANIENT.NS,Adani Enterprises Limited,Thermal Coal,Energy,Mr. Gautambhai Shantilal Adani S.Y. B.Com,"Ahmedabad, India",https://www.adanienterprises.com,2308.8,2238.85,2664840298496,77.06275,29.96,0.00059999997,3743.9,2025.0
2023-05-04 00:00:00+05:30,1836.4715900039423,2314.95,2213.75,1908.5703125,1379552,0.0,0.0,ADANIENT.NS,Adani Enterprises Limited,Thermal Coal,Energy,Mr. Gautambhai Shantilal Adani S.Y. B.Com,"Ahmedabad, India",https://www.adanienterprises.com,2308.8,2238.85,2664840298496,77.06275,29.96,0.00059999997,3743.9,2025.0
2023-05-05 00:00:00+05:30,1952.0592948211922,2314.95,2213.75,1917.607666015625,1379552,0.0,0.0,ADANIENT.NS,Adani Enterprises Limited,Thermal Coal,Energy,Mr. Gautambhai Shantilal Adani S.Y. B.Com,"Ahmedabad, India",https://www.adanienterprises.com,2308.8,2238.85,2664840298496,77.06275,29.96,0.00059999997,3743.9,2025.0
2023-05-08 00:00:00+05:30,1917.607823529433,2314.95,2213.75,1884.853759765625,1379552,0.0,0.0,ADANIENT.NS,Adani Enterprises Limited,Thermal Coal,Energy,Mr. Gautambhai Shantilal Adani S.Y. B.Com,"Ahmedabad, India",https://www.adanienterprises.com,2308.8,2238.85,2664840298496,77.06275,29.96,0.00059999997,3743.9,2025.0
2023-05-09 00:00:00+05:30,1897.3360846634014,2314.95,2213.75,1893.4415283203125,1379552,0.0,0.0,ADANIENT.NS,Adani Enterprises Limited,Thermal Coal,Energy,Mr. Gautambhai Shantilal Adani S.Y. B.Com,"Ahmedabad, India",https://www.adanienterprises.com,2308.8,2238.85,2664840298496,77.06275,29.96,0.00059999997,3743.9,2025.0
2023-05-10 00:00:00+05:30,1896.3375641665075,2314.95,2213.75,1889.4971923828125,1379552,0.0,0.0,ADANIENT.NS,Adani Enterprises Limited,Thermal Coal,Energy,Mr. Gautambhai Shantilal Adani S.Y. B.Com,"Ahmedabad, India",https://www.adanienterprises.com,2308.8,2238.85,2664840298496,77.06275,29.96,0.00059999997,3743.9,2025.0
2023-05-11 00:00:00+05:30,1922.3011583716898,2314.95,2213.75,1981.8675537109375,1379552,0.0,0.0,ADANIENT.NS,Adani Enterprises Limited,Thermal Coal,Energy,Mr. Gautambhai Shantilal Adani S.Y. B.Com,"Ahmedabad, India",https://www.adanienterprises.com,2308.8,2238.85,2664840298496,77.06275,29.96,0.00059999997,3743.9,2025.0
2023-05-12 00:00:00+05:30,2006.183374566056,2314.95,2213.75,1961.9454345703125,1379552,0.0,0.0,ADANIENT.NS,Adani Enterprises Limited,Thermal Coal,Energy,Mr. Gautambhai Shantilal Adani S.Y. B.Com,"Ahmedabad, India",https://www.adanienterprises.com,2308.8,2238.85,2664840298496,77.06275,29.96,0.00059999997,3743.9,2025.0
2023-05-15 00:00:00+05:30,1957.1522679748462,2314.95,2213.75,1913.36376953125,1379552,0.0,0.0,ADANIENT.NS,Adani Enterprises Limited,Thermal Coal,Energy,Mr. Gautambhai Shantilal Adani S.Y. B.Com,"Ahmedabad, India",https://www.adanienterprises.com,2308.8,2238.85,2664840298496,77.06275,29.96,0.00059999997,3743.9,2025.0
2023-05-16 00:00:00+05:30,1924.298375340214,2314.95,2213.75,1886.50146484375,1379552,0.0,0.0,ADANIENT.NS,Adani Enterprises Limited,Thermal Coal,Energy,Mr. Gautambhai Shantilal Adani S.Y. B.Com,"Ahmedabad, India",https://www.adanienterprises.com,2308.8,2238.85,2664840298496,77.06275,29.96,0.00059999997,3743.9,2025.0
2023-05-17 00:00:00+05:30,1897.3360909634937,2314.95,2213.75,1896.8367919921875,1379552,0.0,0.0,ADANIENT.NS,Adani Enterprises Limited,Thermal Coal,Energy,Mr. Gautambhai Shantilal Adani S.Y. B.Com,"Ahmedabad, India",https://www.adanienterprises.com,2308.8,2238.85,2664840298496,77.06275,29.96,0.00059999997,3743.9,2025.0
2023-05-18 00:00:00+05:30,1907.3720350180354,2314.95,2213.75,1887.35009765625,1379552,0.0,0.0,ADANIENT.NS,Adani Enterprises Limited,Thermal Coal,Energy,Mr. Gautambhai Shantilal Adani S.Y. B.Com,"Ahmedabad, India",https://www.adanienterprises.com,2308.8,2238.85,2664840298496,77.06275,29.96,0.00059999997,3743.9,2025.0
2023-05-19 00:00:00+05:30,1885.3529762489452,2314.95,2213.75,1953.3076171875,1379552,0.0,0.0,ADANIENT.NS,Adani Enterprises Limited,Thermal Coal,Energy,Mr. Gautambhai Shantilal Adani S.Y. B.Com,"Ahmedabad, India",https://www.adanienterprises.com,2308.8,2238.85,2664840298496,77.06275,29.96,0.00059999997,3743.9,2025.0
2023-05-22 00:00:00+05:30,2007.1819470500034,2314.95,2213.75,2322.8388671875,1379552,0.0,0.0,ADANIENT.NS,Adani Enterprises Limited,Thermal Coal,Energy,Mr. Gautambhai Shantilal Adani S.Y. B.Com,"Ahmedabad, India",https://www.adanienterprises.com,2308.8,2238.85,2664840298496,77.06275,29.96,0.00059999997,3743.9,2025.0
2023-05-23 00:00:00+05:30,2407.5198797416647,2314.95,2213.75,2630.007568359375,1379552,0.0,0.0,ADANIENT.NS,Adani Enterprises Limited,Thermal Coal,Energy,Mr. Gautambhai Shantilal Adani S.Y. B.Com,"Ahmedabad, India",https://www.adanienterprises.com,2308.8,2238.85,2664840298496,77.06275,29.96,0.00059999997,3743.9,2025.0
2023-05-24 00:00:00+05:30,2705.2018113703098,2314.95,2213.75,2472.129150390625,1379552,0.0,0.0,ADANIENT.NS,Adani Enterprises Limited,Thermal Coal,Energy,Mr. Gautambhai Shantilal Adani S.Y. B.Com,"Ahmedabad, India",https://www.adanienterprises.com,2308.8,2238.85,2664840298496,77.06275,29.96,0.00059999997,3743.9,2025.0
2023-05-25 00:00:00+05:30,2436.57924672352,2314.95,2213.75,2533.892578125,1379552,0.0,0.0,ADANIENT.NS,Adani Enterprises Limited,Thermal Coal,Energy,Mr. Gautambhai Shantilal Adani S.Y. B.Com,"Ahmedabad, India",https://www.adanienterprises.com,2308.8,2238.85,2664840298496,77.06275,29.96,0.00059999997,3743.9,2025.0
2023-05-26 00:00:00+05:30,2561.403910491018,2314.95,2213.75,2540.782958984375,1379552,0.0,0.0,ADANIENT.NS,Adani Enterprises Limited,Thermal Coal,Energy,Mr. Gautambhai Shantilal Adani S.Y. B.Com,"Ahmedabad, India",https://www.adanienterprises.com,2308.8,2238.85,2664840298496,77.06275,29.96,0.00059999997,3743.9,2025.0
2023-05-29 00:00:00+05:30,2566.396863847274,2314.95,2213.75,2530.497314453125,1379552,0.0,0.0,ADANIENT.NS,Adani Enterprises Limited,Thermal Coal,Energy,Mr. Gautambhai Shantilal Adani S.Y. B.Com,"Ahmedabad, India",https://www.adanienterprises.com,2308.8,2238.85,2664840298496,77.06275,29.96,0.00059999997,3743.9,2025.0
2023-05-30 00:00:00+05:30,2525.753993291645,2314.95,2213.75,2492.949951171875,1379552,0.0,0.0,ADANIENT.NS,Adani Enterprises Limited,Thermal Coal,Energy,Mr. Gautambhai Shantilal Adani S.Y. B.Com,"Ahmedabad, India",https://www.adanienterprises.com,2308.8,2238.85,2664840298496,77.06275,29.96,0.00059999997,3743.9,2025.0
2023-05-31 00:00:00+05:30,2478.5200640140247,2314.95,2213.75,2489.854248046875,1379552,0.0,0.0,ADANIENT.NS,Adani Enterprises Limited,Thermal Coal,Energy,Mr. Gautambhai Shantilal Adani S.Y. B.Com,"Ahmedabad, India",https://www.adanienterprises.com,2308.8,2238.85,2664840298496,77.06275,29.96,0.00059999997,3743.9,2025.0
2023-06-01 00:00:00+05:30,2496.3951406631327,2314.95,2213.75,2488.656005859375,1379552,0.0,0.0,ADANIENT.NS,Adani Enterprises Limited,Thermal Coal,Energy,Mr. Gautambhai Shantilal Adani S.Y. B.Com,"Ahmedabad, India",https://www.adanienterprises.com,2308.8,2238.85,2664840298496,77.06275,29.96,0.00059999997,3743.9,2025.0
2023-06-02 00:00:00+05:30,2531.4459109778654,2314.95,2213.75,2441.6220703125,1379552,0.0,0.0,ADANIENT.NS,Adani Enterprises Limited,Thermal Coal,Energy,Mr. Gautambhai Shantilal Adani S.Y. B.Com,"Ahmedabad, India",https://www.adanienterprises.com,2308.8,2238.85,2664840298496,77.06275,29.96,0.00059999997,3743.9,2025.0
2023-06-05 00:00:00+05:30,2459.7465896888166,2314.95,2213.75,2430.53759765625,1379552,0.0,0.0,ADANIENT.NS,Adani Enterprises Limited,Thermal Coal,Energy,Mr. Gautambhai Shantilal Adani S.Y. B.Com,"Ahmedabad, India",https://www.adanienterprises.com,2308.8,2238.85,2664840298496,77.06275,29.96,0.00059999997,3743.9,2025.0
2023-06-06 00:00:00+05:30,2471.529915541676,2314.95,2213.75,2430.23779296875,1379552,0.0,0.0,ADANIENT.NS,Adani Enterprises Limited,Thermal Coal,Energy,Mr. Gautambhai Shantilal Adani S.Y. B.Com,"Ahmedabad, India",https://www.adanienterprises.com,2308.8,2238.85,2664840298496,77.06275,29.96,0.00059999997,3743.9,2025.0
2023-06-07 00:00:00+05:30,2449.5607321246343,2314.95,2213.75,2436.129638671875,1379552,0.0,0.0,ADANIENT.NS,Adani Enterprises Limited,Thermal Coal,Energy,Mr. Gautambhai Shantilal Adani S.Y. B.Com,"Ahmedabad, India",https://www.adanienterprises.com,2308.8,2238.85,2664840298496,77.06275,29.96,0.00059999997,3743.9,2025.0
2023-06-08 00:00:00+05:30,2446.5650056413206,2314.95,2213.75,2425.744140625,1379552,0.0,0.0,ADANIENT.NS,Adani Enterprises Limited,Thermal Coal,Energy,Mr. Gautambhai Shantilal Adani S.Y. B.Com,"Ahmedabad, India",https://www.adanienterprises.com,2308.8,2238.85,2664840298496,77.06275,29.96,0.00059999997,3743.9,2025.0
2023-06-09 00:00:00+05:30,2444.5179140806367,2314.95,2213.75,2447.71337890625,1379552,0.0,0.0,ADANIENT.NS,Adani Enterprises Limited,Thermal Coal,Energy,Mr. Gautambhai Shantilal Adani S.Y. B.Com,"Ahmedabad, India",https://www.adanienterprises.com,2308.8,2238.85,2664840298496,77.06275,29.96,0.00059999997,3743.9,2025.0
2023-06-12 00:00:00+05:30,2456.5511266203375,2314.95,2213.75,2481.31640625,1379552,0.0,0.0,ADANIENT.NS,Adani Enterprises Limited,Thermal Coal,Energy,Mr. Gautambhai Shantilal Adani S.Y. B.Com,"Ahmedabad, India",https://www.adanienterprises.com,2308.8,2238.85,2664840298496,77.06275,29.96,0.00059999997,3743.9,2025.0
2023-06-13 00:00:00+05:30,2495.4962583545207,2314.95,2213.75,2459.097412109375,1379552,0.0,0.0,ADANIENT.NS,Adani Enterprises Limited,Thermal Coal,Energy,Mr. Gautambhai Shantilal Adani S.Y. B.Com,"Ahmedabad, India",https://www.adanienterprises.com,2308.8,2238.85,2664840298496,77.06275,29.96,0.00059999997,3743.9,2025.0
2023-06-14 00:00:00+05:30,2466.4369577361495,2314.95,2213.75,2453.704833984375,1379552,0.0,0.0,ADANIENT.NS,Adani Enterprises Limited,Thermal Coal,Energy,Mr. Gautambhai Shantilal Adani S.Y. B.Com,"Ahmedabad, India",https://www.adanienterprises.com,2308.8,2238.85,2664840298496,77.06275,29.96,0.00059999997,3743.9,2025.0
2023-06-15 00:00:00+05:30,2465.538479762056,2314.95,2213.75,2482.1650390625,1379552,0.0,0.0,ADANIENT.NS,Adani Enterprises Limited,Thermal Coal,Energy,Mr. Gautambhai Shantilal Adani S.Y. B.Com,"Ahmedabad, India",https://www.adanienterprises.com,2308.8,2238.85,2664840298496,77.06275,29.96,0.00059999997,3743.9,2025.0
2023-06-16 00:00:00+05:30,2495.6959778848927,2314.95,2213.75,2506.08154296875,1379552,0.0,0.0,ADANIENT.NS,Adani Enterprises Limited,Thermal Coal,Energy,Mr. Gautambhai Shantilal Adani S.Y. B.Com,"Ahmedabad, India",https://www.adanienterprises.com,2308.8,2238.85,2664840298496,77.06275,29.96,0.00059999997,3743.9,2025.0
2023-06-19 00:00:00+05:30,2500.4892035834405,2314.95,2213.75,2398.032958984375,1379552,0.0,0.0,ADANIENT.NS,Adani Enterprises Limited,Thermal Coal,Energy,Mr. Gautambhai Shantilal Adani S.Y. B.Com,"Ahmedabad, India",https://www.adanienterprises.com,2308.8,2238.85,2664840298496,77.06275,29.96,0.00059999997,3743.9,2025.0
2023-06-20 00:00:00+05:30,2431.5861820533996,2314.95,2213.75,2411.41455078125,1379552,0.0,0.0,ADANIENT.NS,Adani Enterprises Limited,Thermal Coal,Energy,Mr. Gautambhai Shantilal Adani S.Y. B.Com,"Ahmedabad, India",https://www.adanienterprises.com,2308.8,2238.85,2664840298496,77.06275,29.96,0.00059999997,3743.9,2025.0
2023-06-21 00:00:00+05:30,2423.297567369619,2314.95,2213.75,2402.57666015625,1379552,0.0,0.0,ADANIENT.NS,Adani Enterprises Limited,Thermal Coal,Energy,Mr. Gautambhai Shantilal Adani S.Y. B.Com,"Ahmedabad, India",https://www.adanienterprises.com,2308.8,2238.85,2664840298496,77.06275,29.96,0.00059999997,3743.9,2025.0
2023-06-22 00:00:00+05:30,2421.700213191432,2314.95,2213.75,2393.88916015625,1379552,0.0,0.0,ADANIENT.NS,Adani Enterprises Limited,Thermal Coal,Energy,Mr. Gautambhai Shantilal Adani S.Y. B.Com,"Ahmedabad, India",https://www.adanienterprises.com,2308.8,2238.85,2664840298496,77.06275,29.96,0.00059999997,3743.9,2025.0
2023-06-23 00:00:00+05:30,2388.9458785410056,2314.95,2213.75,2230.41845703125,1379552,0.0,0.0,ADANIENT.NS,Adani Enterprises Limited,Thermal Coal,Energy,Mr. Gautambhai Shantilal Adani S.Y. B.Com,"Ahmedabad, India",https://www.adanienterprises.com,2308.8,2238.85,2664840298496,77.06275,29.96,0.00059999997,3743.9,2025.0
2023-06-26 00:00:00+05:30,2206.951486914433,2314.95,2213.75,2292.381591796875,1379552,0.0,0.0,ADANIENT.NS,Adani Enterprises Limited,Thermal Coal,Energy,Mr. Gautambhai Shantilal Adani S.Y. B.Com,"Ahmedabad, India",https://www.adanienterprises.com,2308.8,2238.85,2664840298496,77.06275,29.96,0.00059999997,3743.9,2025.0
2023-06-27 00:00:00+05:30,2325.684679714637,2314.95,2213.75,2281.2470703125,1379552,0.0,0.0,ADANIENT.NS,Adani Enterprises Limited,Thermal Coal,Energy,Mr. Gautambhai Shantilal Adani S.Y. B.Com,"Ahmedabad, India",https://www.adanienterprises.com,2308.8,2238.85,2664840298496,77.06275,29.96,0.00059999997,3743.9,2025.0
2023-06-28 00:00:00+05:30,2296.775331266913,2314.95,2213.75,2398.63232421875,1379552,0.0,0.0,ADANIENT.NS,Adani Enterprises Limited,Thermal Coal,Energy,Mr. Gautambhai Shantilal Adani S.Y. B.Com,"Ahmedabad, India",https://www.adanienterprises.com,2308.8,2238.85,2664840298496,77.06275,29.96,0.00059999997,3743.9,2025.0
2023-06-30 00:00:00+05:30,2434.5318449221827,2314.95,2213.75,2384.701904296875,1379552,0.0,0.0,ADANIENT.NS,Adani Enterprises Limited,Thermal Coal,Energy,Mr. Gautambhai Shantilal Adani S.Y. B.Com,"Ahmedabad, India",https://www.adanienterprises.com,2308.8,2238.85,2664840298496,77.06275,29.96,0.00059999997,3743.9,2025.0
2023-07-03 00:00:00+05:30,2401.6281784847583,2314.95,2213.75,2382.155517578125,1379552,0.0,0.0,ADANIENT.NS,Adani Enterprises Limited,Thermal Coal,Energy,Mr. Gautambhai Shantilal Adani S.Y. B.Com,"Ahmedabad, India",https://www.adanienterprises.com,2308.8,2238.85,2664840298496,77.06275,29.96,0.00059999997,3743.9,2025.0
2023-07-04 00:00:00+05:30,2393.6393046884673,2314.95,2213.75,2384.352294921875,1379552,0.0,0.0,ADANIENT.NS,Adani Enterprises Limited,Thermal Coal,Energy,Mr. Gautambhai Shantilal Adani S.Y. B.Com,"Ahmedabad, India",https://www.adanienterprises.com,2308.8,2238.85,2664840298496,77.06275,29.96,0.00059999997,3743.9,2025.0
2023-07-05 00:00:00+05:30,2387.647900491283,2314.95,2213.75,2395.786376953125,1379552,0.0,0.0,ADANIENT.NS,Adani Enterprises Limited,Thermal Coal,Energy,Mr. Gautambhai Shantilal Adani S.Y. B.Com,"Ahmedabad, India",https://www.adanienterprises.com,2308.8,2238.85,2664840298496,77.06275,29.96,0.00059999997,3743.9,2025.0
2023-07-06 00:00:00+05:30,2396.9850731972133,2314.95,2213.75,2400.731689453125,1379552,1.2,0.0,ADANIENT.NS,Adani Enterprises Limited,Thermal Coal,Energy,Mr. Gautambhai Shantilal Adani S.Y. B.Com,"Ahmedabad, India",https://www.adanienterprises.com,2308.8,2238.85,2664840298496,77.06275,29.96,0.00059999997,3743.9,2025.0
2023-07-07 00:00:00+05:30,2394.0345637079167,2314.95,2213.75,2378.640869140625,1379552,1.2,0.0,ADANIENT.NS,Adani Enterprises Limited,Thermal Coal,Energy,Mr. Gautambhai Shantilal Adani S.Y. B.Com,"Ahmedabad, India",https://www.adanienterprises.com,2308.8,2238.85,2664840298496,77.06275,29.96,0.00059999997,3743.9,2025.0
2023-07-10 00:00:00+05:30,2391.8354039972173,2314.95,2213.75,2409.2783203125,1379552,0.0,0.0,ADANIENT.NS,Adani Enterprises Limited,Thermal Coal,Energy,Mr. Gautambhai Shantilal Adani S.Y. B.Com,"Ahmedabad, India",https://www.adanienterprises.com,2308.8,2238.85,2664840298496,77.06275,29.96,0.00059999997,3743.9,2025.0
2023-07-11 00:00:00+05:30,2422.7728506374015,2314.95,2213.75,2421.923095703125,1379552,0.0,0.0,ADANIENT.NS,Adani Enterprises Limited,Thermal Coal,Energy,Mr. Gautambhai Shantilal Adani S.Y. B.Com,"Ahmedabad, India",https://www.adanienterprises.com,2308.8,2238.85,2664840298496,77.06275,29.96,0.00059999997,3743.9,2025.0
2023-07-12 00:00:00+05:30,2428.9203241813325,2314.95,2213.75,2386.937255859375,1379552,0.0,0.0,ADANIENT.NS,Adani Enterprises Limited,Thermal Coal,Energy,Mr. Gautambhai Shantilal Adani S.Y. B.Com,"Ahmedabad, India",https://www.adanienterprises.com,2308.8,2238.85,2664840298496,77.06275,29.96,0.00059999997,3743.9,2025.0
2023-07-13 00:00:00+05:30,2396.0337631474745,2314.95,2213.75,2361.097900390625,1379552,0.0,0.0,ADANIENT.NS,Adani Enterprises Limited,Thermal Coal,Energy,Mr. Gautambhai Shantilal Adani S.Y. B.Com,"Ahmedabad, India",https://www.adanienterprises.com,2308.8,2238.85,2664840298496,77.06275,29.96,0.00059999997,3743.9,2025.0
2023-07-14 00:00:00+05:30,2374.042679757916,2314.95,2213.75,2375.142333984375,1379552,0.0,0.0,ADANIENT.NS,Adani Enterprises Limited,Thermal Coal,Energy,Mr. Gautambhai Shantilal Adani S.Y. B.Com,"Ahmedabad, India",https://www.adanienterprises.com,2308.8,2238.85,2664840298496,77.06275,29.96,0.00059999997,3743.9,2025.0
2023-07-17 00:00:00+05:30,2398.93244217032,2314.95,2213.75,2407.5791015625,1379552,0.0,0.0,ADANIENT.NS,Adani Enterprises Limited,Thermal Coal,Energy,Mr. Gautambhai Shantilal Adani S.Y. B.Com,"Ahmedabad, India",https://www.adanienterprises.com,2308.8,2238.85,2664840298496,77.06275,29.96,0.00059999997,3743.9,2025.0
2023-07-18 00:00:00+05:30,2414.026400704997,2314.95,2213.75,2415.925537109375,1379552,0.0,0.0,ADANIENT.NS,Adani Enterprises Limited,Thermal Coal,Energy,Mr. Gautambhai Shantilal Adani S.Y. B.Com,"Ahmedabad, India",https://www.adanienterprises.com,2308.8,2238.85,2664840298496,77.06275,29.96,0.00059999997,3743.9,2025.0
2023-07-19 00:00:00+05:30,2427.670876336749,2314.95,2213.75,2422.77294921875,1379552,0.0,0.0,ADANIENT.NS,Adani Enterprises Limited,Thermal Coal,Energy,Mr. Gautambhai Shantilal Adani S.Y. B.Com,"Ahmedabad, India",https://www.adanienterprises.com,2308.8,2238.85,2664840298496,77.06275,29.96,0.00059999997,3743.9,2025.0
2023-07-20 00:00:00+05:30,2427.97090110063,2314.95,2213.75,2418.774658203125,1379552,0.0,0.0,ADANIENT.NS,Adani Enterprises Limited,Thermal Coal,Energy,Mr. Gautambhai Shantilal Adani S.Y. B.Com,"Ahmedabad, India",https://www.adanienterprises.com,2308.8,2238.85,2664840298496,77.06275,29.96,0.00059999997,3743.9,2025.0
2023-07-21 00:00:00+05:30,2409.0284187441553,2314.95,2213.75,2415.325927734375,1379552,0.0,0.0,ADANIENT.NS,Adani Enterprises Limited,Thermal Coal,Energy,Mr. Gautambhai Shantilal Adani S.Y. B.Com,"Ahmedabad, India",https://www.adanienterprises.com,2308.8,2238.85,2664840298496,77.06275,29.96,0.00059999997,3743.9,2025.0
2023-07-24 00:00:00+05:30,2429.020389508394,2314.95,2213.75,2417.22509765625,1379552,0.0,0.0,ADANIENT.NS,Adani Enterprises Limited,Thermal Coal,Energy,Mr. Gautambhai Shantilal Adani S.Y. B.Com,"Ahmedabad, India",https://www.adanienterprises.com,2308.8,2238.85,2664840298496,77.06275,29.96,0.00059999997,3743.9,2025.0
2023-07-25 00:00:00+05:30,2427.0211962351677,2314.95,2213.75,2465.655517578125,1379552,0.0,0.0,ADANIENT.NS,Adani Enterprises Limited,Thermal Coal,Energy,Mr. Gautambhai Shantilal Adani S.Y. B.Com,"Ahmedabad, India",https://www.adanienterprises.com,2308.8,2238.85,2664840298496,77.06275,29.96,0.00059999997,3743.9,2025.0
2023-07-26 00:00:00+05:30,2471.453172079069,2314.95,2213.75,2469.75390625,1379552,0.0,0.0,ADANIENT.NS,Adani Enterprises Limited,Thermal Coal,Energy,Mr. Gautambhai Shantilal Adani S.Y. B.Com,"Ahmedabad, India",https://www.adanienterprises.com,2308.8,2238.85,2664840298496,77.06275,29.96,0.00059999997,3743.9,2025.0
2023-07-27 00:00:00+05:30,2469.753922748048,2314.95,2213.75,2427.4208984375,1379552,0.0,0.0,ADANIENT.NS,Adani Enterprises Limited,Thermal Coal,Energy,Mr. Gautambhai Shantilal Adani S.Y. B.Com,"Ahmedabad, India",https://www.adanienterprises.com,2308.8,2238.85,2664840298496,77.06275,29.96,0.00059999997,3743.9,2025.0
2023-07-28 00:00:00+05:30,2436.017641321218,2314.95,2213.75,2462.20703125,1379552,0.0,0.0,ADANIENT.NS,Adani Enterprises Limited,Thermal Coal,Energy,Mr. Gautambhai Shantilal Adani S.Y. B.Com,"Ahmedabad, India",https://www.adanienterprises.com,2308.8,2238.85,2664840298496,77.06275,29.96,0.00059999997,3743.9,2025.0
2023-07-31 00:00:00+05:30,2476.0014886289264,2314.95,2213.75,2491.1953125,1379552,0.0,0.0,ADANIENT.NS,Adani Enterprises Limited,Thermal Coal,Energy,Mr. Gautambhai Shantilal Adani S.Y. B.Com,"Ahmedabad, India",https://www.adanienterprises.com,2308.8,2238.85,2664840298496,77.06275,29.96,0.00059999997,3743.9,2025.0
2023-08-01 00:00:00+05:30,2503.840278811903,2314.95,2213.75,2480.099853515625,1379552,0.0,0.0,ADANIENT.NS,Adani Enterprises Limited,Thermal Coal,Energy,Mr. Gautambhai Shantilal Adani S.Y. B.Com,"Ahmedabad, India",https://www.adanienterprises.com,2308.8,2238.85,2664840298496,77.06275,29.96,0.00059999997,3743.9,2025.0
2023-08-02 00:00:00+05:30,2491.9950895514567,2314.95,2213.75,2472.552978515625,1379552,0.0,0.0,ADANIENT.NS,Adani Enterprises Limited,Thermal Coal,Energy,Mr. Gautambhai Shantilal Adani S.Y. B.Com,"Ahmedabad, India",https://www.adanienterprises.com,2308.8,2238.85,2664840298496,77.06275,29.96,0.00059999997,3743.9,2025.0
2023-08-03 00:00:00+05:30,2468.904183298102,2314.95,2213.75,2531.5791015625,1379552,0.0,0.0,ADANIENT.NS,Adani Enterprises Limited,Thermal Coal,Energy,Mr. Gautambhai Shantilal Adani S.Y. B.Com,"Ahmedabad, India",https://www.adanienterprises.com,2308.8,2238.85,2664840298496,77.06275,29.96,0.00059999997,3743.9,2025.0
2023-08-04 00:00:00+05:30,2544.273979694304,2314.95,2213.75,2540.775390625,1379552,0.0,0.0,ADANIENT.NS,Adani Enterprises Limited,Thermal Coal,Energy,Mr. Gautambhai Shantilal Adani S.Y. B.Com,"Ahmedabad, India",https://www.adanienterprises.com,2308.8,2238.85,2664840298496,77.06275,29.96,0.00059999997,3743.9,2025.0
2023-08-07 00:00:00+05:30,2549.921693630042,2314.95,2213.75,2549.471923828125,1379552,0.0,0.0,ADANIENT.NS,Adani Enterprises Limited,Thermal Coal,Energy,Mr. Gautambhai Shantilal Adani S.Y. B.Com,"Ahmedabad, India",https://www.adanienterprises.com,2308.8,2238.85,2664840298496,77.06275,29.96,0.00059999997,3743.9,2025.0
2023-08-08 00:00:00+05:30,2562.216684037512,2314.95,2213.75,2473.552490234375,1379552,0.0,0.0,ADANIENT.NS,Adani Enterprises Limited,Thermal Coal,Energy,Mr. Gautambhai Shantilal Adani S.Y. B.Com,"Ahmedabad, India",https://www.adanienterprises.com,2308.8,2238.85,2664840298496,77.06275,29.96,0.00059999997,3743.9,2025.0
2023-08-09 00:00:00+05:30,2487.346914567022,2314.95,2213.75,2506.08935546875,1379552,0.0,0.0,ADANIENT.NS,Adani Enterprises Limited,Thermal Coal,Energy,Mr. Gautambhai Shantilal Adani S.Y. B.Com,"Ahmedabad, India",https://www.adanienterprises.com,2308.8,2238.85,2664840298496,77.06275,29.96,0.00059999997,3743.9,2025.0
2023-08-10 00:00:00+05:30,2508.988281746939,2314.95,2213.75,2551.37109375,1379552,0.0,0.0,ADANIENT.NS,Adani Enterprises Limited,Thermal Coal,Energy,Mr. Gautambhai Shantilal Adani S.Y. B.Com,"Ahmedabad, India",https://www.adanienterprises.com,2308.8,2238.85,2664840298496,77.06275,29.96,0.00059999997,3743.9,2025.0
2023-08-11 00:00:00+05:30,2549.022114424636,2314.95,2213.75,2538.476318359375,1379552,0.0,0.0,ADANIENT.NS,Adani Enterprises Limited,Thermal Coal,Energy,Mr. Gautambhai Shantilal Adani S.Y. B.Com,"Ahmedabad, India",https://www.adanienterprises.com,2308.8,2238.85,2664840298496,77.06275,29.96,0.00059999997,3743.9,2025.0
2023-08-14 00:00:00+05:30,2479.0003355939534,2314.95,2213.75,2455.010009765625,1379552,0.0,0.0,ADANIENT.NS,Adani Enterprises Limited,Thermal Coal,Energy,Mr. Gautambhai Shantilal Adani S.Y. B.Com,"Ahmedabad, India",https://www.adanienterprises.com,2308.8,2238.85,2664840298496,77.06275,29.96,0.00059999997,3743.9,2025.0
2023-08-16 00:00:00+05:30,2449.0124291946286,2314.95,2213.75,2444.114501953125,1379552,0.0,0.0,ADANIENT.NS,Adani Enterprises Limited,Thermal Coal,Energy,Mr. Gautambhai Shantilal Adani S.Y. B.Com,"Ahmedabad, India",https://www.adanienterprises.com,2308.8,2238.85,2664840298496,77.06275,29.96,0.00059999997,3743.9,2025.0
2023-08-17 00:00:00+05:30,2453.960415625858,2314.95,2213.75,2478.700439453125,1379552,0.0,0.0,ADANIENT.NS,Adani Enterprises Limited,Thermal Coal,Energy,Mr. Gautambhai Shantilal Adani S.Y. B.Com,"Ahmedabad, India",https://www.adanienterprises.com,2308.8,2238.85,2664840298496,77.06275,29.96,0.00059999997,3743.9,2025.0
2023-08-18 00:00:00+05:30,2476.501211514981,2314.95,2213.75,2576.36083984375,1379552,0.0,0.0,ADANIENT.NS,Adani Enterprises Limited,Thermal Coal,Energy,Mr. Gautambhai Shantilal Adani S.Y. B.Com,"Ahmedabad, India",https://www.adanienterprises.com,2308.8,2238.85,2664840298496,77.06275,29.96,0.00059999997,3743.9,2025.0
2023-08-21 00:00:00+05:30,2586.956653906028,2314.95,2213.75,2638.685791015625,1379552,0.0,0.0,ADANIENT.NS,Adani Enterprises Limited,Thermal Coal,Energy,Mr. Gautambhai Shantilal Adani S.Y. B.Com,"Ahmedabad, India",https://www.adanienterprises.com,2308.8,2238.85,2664840298496,77.06275,29.96,0.00059999997,3743.9,2025.0
2023-08-22 00:00:00+05:30,2667.7742223487107,2314.95,2213.75,2696.96240234375,1379552,0.0,0.0,ADANIENT.NS,Adani Enterprises Limited,Thermal Coal,Energy,Mr. Gautambhai Shantilal Adani S.Y. B.Com,"Ahmedabad, India",https://www.adanienterprises.com,2308.8,2238.85,2664840298496,77.06275,29.96,0.00059999997,3743.9,2025.0
2023-08-23 00:00:00+05:30,2718.9035082514088,2314.95,2213.75,2529.280029296875,1379552,0.0,0.0,ADANIENT.NS,Adani Enterprises Limited,Thermal Coal,Energy,Mr. Gautambhai Shantilal Adani S.Y. B.Com,"Ahmedabad, India",https://www.adanienterprises.com,2308.8,2238.85,2664840298496,77.06275,29.96,0.00059999997,3743.9,2025.0
2023-08-24 00:00:00+05:30,2578.960013159012,2314.95,2213.75,2538.5263671875,1379552,0.0,0.0,ADANIENT.NS,Adani Enterprises Limited,Thermal Coal,Energy,Mr. Gautambhai Shantilal Adani S.Y. B.Com,"Ahmedabad, India",https://www.adanienterprises.com,2308.8,2238.85,2664840298496,77.06275,29.96,0.00059999997,3743.9,2025.0
2023-08-25 00:00:00+05:30,2547.9724299864456,2314.95,2213.75,2494.743896484375,1379552,0.0,0.0,ADANIENT.NS,Adani Enterprises Limited,Thermal Coal,Energy,Mr. Gautambhai Shantilal Adani S.Y. B.Com,"Ahmedabad, India",https://www.adanienterprises.com,2308.8,2238.85,2664840298496,77.06275,29.96,0.00059999997,3743.9,2025.0
2023-08-28 00:00:00+05:30,2548.972159505804,2314.95,2213.75,2471.453369140625,1379552,0.0,0.0,ADANIENT.NS,Adani Enterprises Limited,Thermal Coal,Energy,Mr. Gautambhai Shantilal Adani S.Y. B.Com,"Ahmedabad, India",https://www.adanienterprises.com,2308.8,2238.85,2664840298496,77.06275,29.96,0.00059999997,3743.9,2025.0
2023-08-29 00:00:00+05:30,2471.1036888593653,2314.95,2213.75,2505.439697265625,1379552,0.0,0.0,ADANIENT.NS,Adani Enterprises Limited,Thermal Coal,Energy,Mr. Gautambhai Shantilal Adani S.Y. B.Com,"Ahmedabad, India",https://www.adanienterprises.com,2308.8,2238.85,2664840298496,77.06275,29.96,0.00059999997,3743.9,2025.0
2023-08-30 00:00:00+05:30,2515.985488637761,2314.95,2213.75,2512.087158203125,1379552,0.0,0.0,ADANIENT.NS,Adani Enterprises Limited,Thermal Coal,Energy,Mr. Gautambhai Shantilal Adani S.Y. B.Com,"Ahmedabad, India",https://www.adanienterprises.com,2308.8,2238.85,2664840298496,77.06275,29.96,0.00059999997,3743.9,2025.0
2023-08-31 00:00:00+05:30,2448.962479659912,2314.95,2213.75,2418.27490234375,1379552,0.0,0.0,ADANIENT.NS,Adani Enterprises Limited,Thermal Coal,Energy,Mr. Gautambhai Shantilal Adani S.Y. B.Com,"Ahmedabad, India",https://www.adanienterprises.com,2308.8,2238.85,2664840298496,77.06275,29.96,0.00059999997,3743.9,2025.0
2023-09-01 00:00:00+05:30,2380.040283376705,2314.95,2213.75,2449.0625,1379552,0.0,0.0,ADANIENT.NS,Adani Enterprises Limited,Thermal Coal,Energy,Mr. Gautambhai Shantilal Adani S.Y. B.Com,"Ahmedabad, India",https://www.adanienterprises.com,2308.8,2238.85,2664840298496,77.06275,29.96,0.00059999997,3743.9,2025.0
2023-09-04 00:00:00+05:30,2453.010841558808,2314.95,2213.75,2469.604248046875,1379552,0.0,0.0,ADANIENT.NS,Adani Enterprises Limited,Thermal Coal,Energy,Mr. Gautambhai Shantilal Adani S.Y. B.Com,"Ahmedabad, India",https://www.adanienterprises.com,2308.8,2238.85,2664840298496,77.06275,29.96,0.00059999997,3743.9,2025.0
2023-09-05 00:00:00+05:30,2480.9994863752395,2314.95,2213.75,2493.044677734375,1379552,0.0,0.0,ADANIENT.NS,Adani Enterprises Limited,Thermal Coal,Energy,Mr. Gautambhai Shantilal Adani S.Y. B.Com,"Ahmedabad, India",https://www.adanienterprises.com,2308.8,2238.85,2664840298496,77.06275,29.96,0.00059999997,3743.9,2025.0
2023-09-06 00:00:00+05:30,2493.04468875554,2314.95,2213.75,2495.49365234375,1379552,0.0,0.0,ADANIENT.NS,Adani Enterprises Limited,Thermal Coal,Energy,Mr. Gautambhai Shantilal Adani S.Y. B.Com,"Ahmedabad, India",https://www.adanienterprises.com,2308.8,2238.85,2664840298496,77.06275,29.96,0.00059999997,3743.9,2025.0
2023-09-07 00:00:00+05:30,2496.9931605601837,2314.95,2213.75,2508.488525390625,1379552,0.0,0.0,ADANIENT.NS,Adani Enterprises Limited,Thermal Coal,Energy,Mr. Gautambhai Shantilal Adani S.Y. B.Com,"Ahmedabad, India",https://www.adanienterprises.com,2308.8,2238.85,2664840298496,77.06275,29.96,0.00059999997,3743.9,2025.0
2023-09-08 00:00:00+05:30,2512.7866410858524,2314.95,2213.75,2518.284423828125,1379552,0.0,0.0,ADANIENT.NS,Adani Enterprises Limited,Thermal Coal,Energy,Mr. Gautambhai Shantilal Adani S.Y. B.Com,"Ahmedabad, India",https://www.adanienterprises.com,2308.8,2238.85,2664840298496,77.06275,29.96,0.00059999997,3743.9,2025.0
2023-09-11 00:00:00+05:30,2563.9659377630223,2314.95,2213.75,2613.895751953125,1379552,0.0,0.0,ADANIENT.NS,Adani Enterprises Limited,Thermal Coal,Energy,Mr. Gautambhai Shantilal Adani S.Y. B.Com,"Ahmedabad, India",https://www.adanienterprises.com,2308.8,2238.85,2664840298496,77.06275,29.96,0.00059999997,3743.9,2025.0
2023-09-12 00:00:00+05:30,2621.392762844915,2314.95,2213.75,2534.677734375,1379552,0.0,0.0,ADANIENT.NS,Adani Enterprises Limited,Thermal Coal,Energy,Mr. Gautambhai Shantilal Adani S.Y. B.Com,"Ahmedabad, India",https://www.adanienterprises.com,2308.8,2238.85,2664840298496,77.06275,29.96,0.00059999997,3743.9,2025.0
2023-09-13 00:00:00+05:30,2544.6737670818575,2314.95,2213.75,2517.884521484375,1379552,0.0,0.0,ADANIENT.NS,Adani Enterprises Limited,Thermal Coal,Energy,Mr. Gautambhai Shantilal Adani S.Y. B.Com,"Ahmedabad, India",https://www.adanienterprises.com,2308.8,2238.85,2664840298496,77.06275,29.96,0.00059999997,3743.9,2025.0
2023-09-14 00:00:00+05:30,2540.825585212641,2314.95,2213.75,2518.784423828125,1379552,0.0,0.0,ADANIENT.NS,Adani Enterprises Limited,Thermal Coal,Energy,Mr. Gautambhai Shantilal Adani S.Y. B.Com,"Ahmedabad, India",https://www.adanienterprises.com,2308.8,2238.85,2664840298496,77.06275,29.96,0.00059999997,3743.9,2025.0
2023-09-15 00:00:00+05:30,2518.7842860738515,2314.95,2213.75,2539.026123046875,1379552,0.0,0.0,ADANIENT.NS,Adani Enterprises Limited,Thermal Coal,Energy,Mr. Gautambhai Shantilal Adani S.Y. B.Com,"Ahmedabad, India",https://www.adanienterprises.com,2308.8,2238.85,2664840298496,77.06275,29.96,0.00059999997,3743.9,2025.0
2023-09-18 00:00:00+05:30,2550.9712362933396,2314.95,2213.75,2501.441162109375,1379552,0.0,0.0,ADANIENT.NS,Adani Enterprises Limited,Thermal Coal,Energy,Mr. Gautambhai Shantilal Adani S.Y. B.Com,"Ahmedabad, India",https://www.adanienterprises.com,2308.8,2238.85,2664840298496,77.06275,29.96,0.00059999997,3743.9,2025.0
2023-09-20 00:00:00+05:30,2501.3911123522544,2314.95,2213.75,2469.30419921875,1379552,0.0,0.0,ADANIENT.NS,Adani Enterprises Limited,Thermal Coal,Energy,Mr. Gautambhai Shantilal Adani S.Y. B.Com,"Ahmedabad, India",https://www.adanienterprises.com,2308.8,2238.85,2664840298496,77.06275,29.96,0.00059999997,3743.9,2025.0
2023-09-21 00:00:00+05:30,2478.800315356728,2314.95,2213.75,2478.25048828125,1379552,0.0,0.0,ADANIENT.NS,Adani Enterprises Limited,Thermal Coal,Energy,Mr. Gautambhai Shantilal Adani S.Y. B.Com,"Ahmedabad, India",https://www.adanienterprises.com,2308.8,2238.85,2664840298496,77.06275,29.96,0.00059999997,3743.9,2025.0
2023-09-22 00:00:00+05:30,2488.946200633182,2314.95,2213.75,2463.90625,1379552,0.0,0.0,ADANIENT.NS,Adani Enterprises Limited,Thermal Coal,Energy,Mr. Gautambhai Shantilal Adani S.Y. B.Com,"Ahmedabad, India",https://www.adanienterprises.com,2308.8,2238.85,2664840298496,77.06275,29.96,0.00059999997,3743.9,2025.0
2023-09-25 00:00:00+05:30,2478.9503295745926,2314.95,2213.75,2481.099609375,1379552,0.0,0.0,ADANIENT.NS,Adani Enterprises Limited,Thermal Coal,Energy,Mr. Gautambhai Shantilal Adani S.Y. B.Com,"Ahmedabad, India",https://www.adanienterprises.com,2308.8,2238.85,2664840298496,77.06275,29.96,0.00059999997,3743.9,2025.0
2023-09-26 00:00:00+05:30,2489.9959559040076,2314.95,2213.75,2456.959228515625,1379552,0.0,0.0,ADANIENT.NS,Adani Enterprises Limited,Thermal Coal,Energy,Mr. Gautambhai Shantilal Adani S.Y. B.Com,"Ahmedabad, India",https://www.adanienterprises.com,2308.8,2238.85,2664840298496,77.06275,29.96,0.00059999997,3743.9,2025.0
2023-09-27 00:00:00+05:30,2459.0084152960444,2314.95,2213.75,2482.299072265625,1379552,0.0,0.0,ADANIENT.NS,Adani Enterprises Limited,Thermal Coal,Energy,Mr. Gautambhai Shantilal Adani S.Y. B.Com,"Ahmedabad, India",https://www.adanienterprises.com,2308.8,2238.85,2664840298496,77.06275,29.96,0.00059999997,3743.9,2025.0
2023-09-28 00:00:00+05:30,2488.94622271223,2314.95,2213.75,2474.252197265625,1379552,0.0,0.0,ADANIENT.NS,Adani Enterprises Limited,Thermal Coal,Energy,Mr. Gautambhai Shantilal Adani S.Y. B.Com,"Ahmedabad, India",https://www.adanienterprises.com,2308.8,2238.85,2664840298496,77.06275,29.96,0.00059999997,3743.9,2025.0
2023-09-29 00:00:00+05:30,2461.0574929485897,2314.95,2213.75,2412.9267578125,1379552,0.0,0.0,ADANIENT.NS,Adani Enterprises Limited,Thermal Coal,Energy,Mr. Gautambhai Shantilal Adani S.Y. B.Com,"Ahmedabad, India",https://www.adanienterprises.com,2308.8,2238.85,2664840298496,77.06275,29.96,0.00059999997,3743.9,2025.0
2023-10-03 00:00:00+05:30,2417.0252010190857,2314.95,2213.75,2386.28759765625,1379552,0.0,0.0,ADANIENT.NS,Adani Enterprises Limited,Thermal Coal,Energy,Mr. Gautambhai Shantilal Adani S.Y. B.Com,"Ahmedabad, India",https://www.adanienterprises.com,2308.8,2238.85,2664840298496,77.06275,29.96,0.00059999997,3743.9,2025.0
2023-10-04 00:00:00+05:30,2401.2315941427582,2314.95,2213.75,2463.956298828125,1379552,0.0,0.0,ADANIENT.NS,Adani Enterprises Limited,Thermal Coal,Energy,Mr. Gautambhai Shantilal Adani S.Y. B.Com,"Ahmedabad, India",https://www.adanienterprises.com,2308.8,2238.85,2664840298496,77.06275,29.96,0.00059999997,3743.9,2025.0
2023-10-05 00:00:00+05:30,2476.9511348580363,2314.95,2213.75,2465.35595703125,1379552,0.0,0.0,ADANIENT.NS,Adani Enterprises Limited,Thermal Coal,Energy,Mr. Gautambhai Shantilal Adani S.Y. B.Com,"Ahmedabad, India",https://www.adanienterprises.com,2308.8,2238.85,2664840298496,77.06275,29.96,0.00059999997,3743.9,2025.0
2023-10-06 00:00:00+05:30,2465.3558111240113,2314.95,2213.75,2477.10107421875,1379552,0.0,0.0,ADANIENT.NS,Adani Enterprises Limited,Thermal Coal,Energy,Mr. Gautambhai Shantilal Adani S.Y. B.Com,"Ahmedabad, India",https://www.adanienterprises.com,2308.8,2238.85,2664840298496,77.06275,29.96,0.00059999997,3743.9,2025.0
2023-10-09 00:00:00+05:30,2439.0164289662353,2314.95,2213.75,2441.615478515625,1379552,0.0,0.0,ADANIENT.NS,Adani Enterprises Limited,Thermal Coal,Energy,Mr. Gautambhai Shantilal Adani S.Y. B.Com,"Ahmedabad, India",https://www.adanienterprises.com,2308.8,2238.85,2664840298496,77.06275,29.96,0.00059999997,3743.9,2025.0
2023-10-10 00:00:00+05:30,2442.0152117108537,2314.95,2213.75,2497.29296875,1379552,0.0,0.0,ADANIENT.NS,Adani Enterprises Limited,Thermal Coal,Energy,Mr. Gautambhai Shantilal Adani S.Y. B.Com,"Ahmedabad, India",https://www.adanienterprises.com,2308.8,2238.85,2664840298496,77.06275,29.96,0.00059999997,3743.9,2025.0
2023-10-11 00:00:00+05:30,2532.878467816156,2314.95,2213.75,2487.596923828125,1379552,0.0,0.0,ADANIENT.NS,Adani Enterprises Limited,Thermal Coal,Energy,Mr. Gautambhai Shantilal Adani S.Y. B.Com,"Ahmedabad, India",https://www.adanienterprises.com,2308.8,2238.85,2664840298496,77.06275,29.96,0.00059999997,3743.9,2025.0
2023-10-12 00:00:00+05:30,2498.8922483675806,2314.95,2213.75,2505.33984375,1379552,0.0,0.0,ADANIENT.NS,Adani Enterprises Limited,Thermal Coal,Energy,Mr. Gautambhai Shantilal Adani S.Y. B.Com,"Ahmedabad, India",https://www.adanienterprises.com,2308.8,2238.85,2664840298496,77.06275,29.96,0.00059999997,3743.9,2025.0
2023-10-13 00:00:00+05:30,2487.8965529454854,2314.95,2213.75,2453.560546875,1379552,0.0,0.0,ADANIENT.NS,Adani Enterprises Limited,Thermal Coal,Energy,Mr. Gautambhai Shantilal Adani S.Y. B.Com,"Ahmedabad, India",https://www.adanienterprises.com,2308.8,2238.85,2664840298496,77.06275,29.96,0.00059999997,3743.9,2025.0
2023-10-16 00:00:00+05:30,2453.5606429192812,2314.95,2213.75,2428.370849609375,1379552,0.0,0.0,ADANIENT.NS,Adani Enterprises Limited,Thermal Coal,Energy,Mr. Gautambhai Shantilal Adani S.Y. B.Com,"Ahmedabad, India",https://www.adanienterprises.com,2308.8,2238.85,2664840298496,77.06275,29.96,0.00059999997,3743.9,2025.0
2023-10-17 00:00:00+05:30,2458.9582279350834,2314.95,2213.75,2427.4208984375,1379552,0.0,0.0,ADANIENT.NS,Adani Enterprises Limited,Thermal Coal,Energy,Mr. Gautambhai Shantilal Adani S.Y. B.Com,"Ahmedabad, India",https://www.adanienterprises.com,2308.8,2238.85,2664840298496,77.06275,29.96,0.00059999997,3743.9,2025.0
2023-10-18 00:00:00+05:30,2439.016465427067,2314.95,2213.75,2405.380126953125,1379552,0.0,0.0,ADANIENT.NS,Adani Enterprises Limited,Thermal Coal,Energy,Mr. Gautambhai Shantilal Adani S.Y. B.Com,"Ahmedabad, India",https://www.adanienterprises.com,2308.8,2238.85,2664840298496,77.06275,29.96,0.00059999997,3743.9,2025.0
2023-10-19 00:00:00+05:30,2399.032625021965,2314.95,2213.75,2401.231689453125,1379552,0.0,0.0,ADANIENT.NS,Adani Enterprises Limited,Thermal Coal,Energy,Mr. Gautambhai Shantilal Adani S.Y. B.Com,"Ahmedabad, India",https://www.adanienterprises.com,2308.8,2238.85,2664840298496,77.06275,29.96,0.00059999997,3743.9,2025.0
2023-10-20 00:00:00+05:30,2397.083471866538,2314.95,2213.75,2392.78515625,1379552,0.0,0.0,ADANIENT.NS,Adani Enterprises Limited,Thermal Coal,Energy,Mr. Gautambhai Shantilal Adani S.Y. B.Com,"Ahmedabad, India",https://www.adanienterprises.com,2308.8,2238.85,2664840298496,77.06275,29.96,0.00059999997,3743.9,2025.0
2023-10-23 00:00:00+05:30,2396.8334465155613,2314.95,2213.75,2307.71923828125,1379552,0.0,0.0,ADANIENT.NS,Adani Enterprises Limited,Thermal Coal,Energy,Mr. Gautambhai Shantilal Adani S.Y. B.Com,"Ahmedabad, India",https://www.adanienterprises.com,2308.8,2238.85,2664840298496,77.06275,29.96,0.00059999997,3743.9,2025.0
2023-10-25 00:00:00+05:30,2319.0646893691846,2314.95,2213.75,2256.090087890625,1379552,0.0,0.0,ADANIENT.NS,Adani Enterprises Limited,Thermal Coal,Energy,Mr. Gautambhai Shantilal Adani S.Y. B.Com,"Ahmedabad, India",https://www.adanienterprises.com,2308.8,2238.85,2664840298496,77.06275,29.96,0.00059999997,3743.9,2025.0
2023-10-26 00:00:00+05:30,2248.093352874631,2314.95,2213.75,2202.311767578125,1379552,0.0,0.0,ADANIENT.NS,Adani Enterprises Limited,Thermal Coal,Energy,Mr. Gautambhai Shantilal Adani S.Y. B.Com,"Ahmedabad, India",https://www.adanienterprises.com,2308.8,2238.85,2664840298496,77.06275,29.96,0.00059999997,3743.9,2025.0
2023-10-27 00:00:00+05:30,2221.104380725099,2314.95,2213.75,2260.788330078125,1379552,0.0,0.0,ADANIENT.NS,Adani Enterprises Limited,Thermal Coal,Energy,Mr. Gautambhai Shantilal Adani S.Y. B.Com,"Ahmedabad, India",https://www.adanienterprises.com,2308.8,2238.85,2664840298496,77.06275,29.96,0.00059999997,3743.9,2025.0
2023-10-30 00:00:00+05:30,2259.139031930023,2314.95,2213.75,2298.17333984375,1379552,0.0,0.0,ADANIENT.NS,Adani Enterprises Limited,Thermal Coal,Energy,Mr. Gautambhai Shantilal Adani S.Y. B.Com,"Ahmedabad, India",https://www.adanienterprises.com,2308.8,2238.85,2664840298496,77.06275,29.96,0.00059999997,3743.9,2025.0
2023-10-31 00:00:00+05:30,2319.0647317139496,2314.95,2213.75,2293.724853515625,1379552,0.0,0.0,ADANIENT.NS,Adani Enterprises Limited,Thermal Coal,Energy,Mr. Gautambhai Shantilal Adani S.Y. B.Com,"Ahmedabad, India",https://www.adanienterprises.com,2308.8,2238.85,2664840298496,77.06275,29.96,0.00059999997,3743.9,2025.0
2023-11-01 00:00:00+05:30,2298.0732677307496,2314.95,2213.75,2216.40625,1379552,0.0,0.0,ADANIENT.NS,Adani Enterprises Limited,Thermal Coal,Energy,Mr. Gautambhai Shantilal Adani S.Y. B.Com,"Ahmedabad, India",https://www.adanienterprises.com,2308.8,2238.85,2664840298496,77.06275,29.96,0.00059999997,3743.9,2025.0
2023-11-02 00:00:00+05:30,2246.0941542135993,2314.95,2213.75,2214.406982421875,1379552,0.0,0.0,ADANIENT.NS,Adani Enterprises Limited,Thermal Coal,Energy,Mr. Gautambhai Shantilal Adani S.Y. B.Com,"Ahmedabad, India",https://www.adanienterprises.com,2308.8,2238.85,2664840298496,77.06275,29.96,0.00059999997,3743.9,2025.0
2023-11-03 00:00:00+05:30,2214.4069886492416,2314.95,2213.75,2228.951171875,1379552,0.0,0.0,ADANIENT.NS,Adani Enterprises Limited,Thermal Coal,Energy,Mr. Gautambhai Shantilal Adani S.Y. B.Com,"Ahmedabad, India",https://www.adanienterprises.com,2308.8,2238.85,2664840298496,77.06275,29.96,0.00059999997,3743.9,2025.0
2023-11-06 00:00:00+05:30,2253.0414734246574,2314.95,2213.75,2245.0947265625,1379552,0.0,0.0,ADANIENT.NS,Adani Enterprises Limited,Thermal Coal,Energy,Mr. Gautambhai Shantilal Adani S.Y. B.Com,"Ahmedabad, India",https://www.adanienterprises.com,2308.8,2238.85,2664840298496,77.06275,29.96,0.00059999997,3743.9,2025.0
2023-11-07 00:00:00+05:30,2256.0900747523833,2314.95,2213.75,2232.44970703125,1379552,0.0,0.0,ADANIENT.NS,Adani Enterprises Limited,Thermal Coal,Energy,Mr. Gautambhai Shantilal Adani S.Y. B.Com,"Ahmedabad, India",https://www.adanienterprises.com,2308.8,2238.85,2664840298496,77.06275,29.96,0.00059999997,3743.9,2025.0
2023-11-08 00:00:00+05:30,2244.395064902097,2314.95,2213.75,2259.0390625,1379552,0.0,0.0,ADANIENT.NS,Adani Enterprises Limited,Thermal Coal,Energy,Mr. Gautambhai Shantilal Adani S.Y. B.Com,"Ahmedabad, India",https://www.adanienterprises.com,2308.8,2238.85,2664840298496,77.06275,29.96,0.00059999997,3743.9,2025.0
2023-11-09 00:00:00+05:30,2268.0852668322163,2314.95,2213.75,2213.757080078125,1379552,0.0,0.0,ADANIENT.NS,Adani Enterprises Limited,Thermal Coal,Energy,Mr. Gautambhai Shantilal Adani S.Y. B.Com,"Ahmedabad, India",https://www.adanienterprises.com,2308.8,2238.85,2664840298496,77.06275,29.96,0.00059999997,3743.9,2025.0
2023-11-10 00:00:00+05:30,2219.354976782782,2314.95,2213.75,2204.211181640625,1379552,0.0,0.0,ADANIENT.NS,Adani Enterprises Limited,Thermal Coal,Energy,Mr. Gautambhai Shantilal Adani S.Y. B.Com,"Ahmedabad, India",https://www.adanienterprises.com,2308.8,2238.85,2664840298496,77.06275,29.96,0.00059999997,3743.9,2025.0
2023-11-13 00:00:00+05:30,2214.606920231474,2314.95,2213.75,2212.757568359375,1379552,0.0,0.0,ADANIENT.NS,Adani Enterprises Limited,Thermal Coal,Energy,Mr. Gautambhai Shantilal Adani S.Y. B.Com,"Ahmedabad, India",https://www.adanienterprises.com,2308.8,2238.85,2664840298496,77.06275,29.96,0.00059999997,3743.9,2025.0
2023-11-15 00:00:00+05:30,2239.097142608893,2314.95,2213.75,2224.5029296875,1379552,0.0,0.0,ADANIENT.NS,Adani Enterprises Limited,Thermal Coal,Energy,Mr. Gautambhai Shantilal Adani S.Y. B.Com,"Ahmedabad, India",https://www.adanienterprises.com,2308.8,2238.85,2664840298496,77.06275,29.96,0.00059999997,3743.9,2025.0
2023-11-16 00:00:00+05:30,2225.1027378414997,2314.95,2213.75,2205.0107421875,1379552,0.0,0.0,ADANIENT.NS,Adani Enterprises Limited,Thermal Coal,Energy,Mr. Gautambhai Shantilal Adani S.Y. B.Com,"Ahmedabad, India",https://www.adanienterprises.com,2308.8,2238.85,2664840298496,77.06275,29.96,0.00059999997,3743.9,2025.0
2023-11-17 00:00:00+05:30,2205.0106905512266,2314.95,2213.75,2207.90966796875,1379552,0.0,0.0,ADANIENT.NS,Adani Enterprises Limited,Thermal Coal,Energy,Mr. Gautambhai Shantilal Adani S.Y. B.Com,"Ahmedabad, India",https://www.adanienterprises.com,2308.8,2238.85,2664840298496,77.06275,29.96,0.00059999997,3743.9,2025.0
2023-11-20 00:00:00+05:30,2210.108648563569,2314.95,2213.75,2148.9833984375,1379552,0.0,0.0,ADANIENT.NS,Adani Enterprises Limited,Thermal Coal,Energy,Mr. Gautambhai Shantilal Adani S.Y. B.Com,"Ahmedabad, India",https://www.adanienterprises.com,2308.8,2238.85,2664840298496,77.06275,29.96,0.00059999997,3743.9,2025.0
2023-11-21 00:00:00+05:30,2159.129276003787,2314.95,2213.75,2195.764404296875,1379552,0.0,0.0,ADANIENT.NS,Adani Enterprises Limited,Thermal Coal,Energy,Mr. Gautambhai Shantilal Adani S.Y. B.Com,"Ahmedabad, India",https://www.adanienterprises.com,2308.8,2238.85,2664840298496,77.06275,29.96,0.00059999997,3743.9,2025.0
2023-11-22 00:00:00+05:30,2204.261070110589,2314.95,2213.75,2171.774169921875,1379552,0.0,0.0,ADANIENT.NS,Adani Enterprises Limited,Thermal Coal,Energy,Mr. Gautambhai Shantilal Adani S.Y. B.Com,"Ahmedabad, India",https://www.adanienterprises.com,2308.8,2238.85,2664840298496,77.06275,29.96,0.00059999997,3743.9,2025.0
2023-11-23 00:00:00+05:30,2189.1171004051257,2314.95,2213.75,2174.373046875,1379552,0.0,0.0,ADANIENT.NS,Adani Enterprises Limited,Thermal Coal,Energy,Mr. Gautambhai Shantilal Adani S.Y. B.Com,"Ahmedabad, India",https://www.adanienterprises.com,2308.8,2238.85,2664840298496,77.06275,29.96,0.00059999997,3743.9,2025.0
2023-11-24 00:00:00+05:30,2178.121749102046,2314.95,2213.75,2224.552978515625,1379552,0.0,0.0,ADANIENT.NS,Adani Enterprises Limited,Thermal Coal,Energy,Mr. Gautambhai Shantilal Adani S.Y. B.Com,"Ahmedabad, India",https://www.adanienterprises.com,2308.8,2238.85,2664840298496,77.06275,29.96,0.00059999997,3743.9,2025.0
2023-11-28 00:00:00+05:30,2300.072567740838,2314.95,2213.75,2422.523193359375,1379552,0.0,0.0,ADANIENT.NS,Adani Enterprises Limited,Thermal Coal,Energy,Mr. Gautambhai Shantilal Adani S.Y. B.Com,"Ahmedabad, India",https://www.adanienterprises.com,2308.8,2238.85,2664840298496,77.06275,29.96,0.00059999997,3743.9,2025.0
2023-11-29 00:00:00+05:30,2467.70482341961,2314.95,2213.75,2395.634033203125,1379552,0.0,0.0,ADANIENT.NS,Adani Enterprises Limited,Thermal Coal,Energy,Mr. Gautambhai Shantilal Adani S.Y. B.Com,"Ahmedabad, India",https://www.adanienterprises.com,2308.8,2238.85,2664840298496,77.06275,29.96,0.00059999997,3743.9,2025.0
2023-11-30 00:00:00+05:30,2399.0826374277467,2314.95,2213.75,2357.599365234375,1379552,0.0,0.0,ADANIENT.NS,Adani Enterprises Limited,Thermal Coal,Energy,Mr. Gautambhai Shantilal Adani S.Y. B.Com,"Ahmedabad, India",https://www.adanienterprises.com,2308.8,2238.85,2664840298496,77.06275,29.96,0.00059999997,3743.9,2025.0
2023-12-01 00:00:00+05:30,2369.044664808565,2314.95,2213.75,2361.74755859375,1379552,0.0,0.0,ADANIENT.NS,Adani Enterprises Limited,Thermal Coal,Energy,Mr. Gautambhai Shantilal Adani S.Y. B.Com,"Ahmedabad, India",https://www.adanienterprises.com,2308.8,2238.85,2664840298496,77.06275,29.96,0.00059999997,3743.9,2025.0
2023-12-04 00:00:00+05:30,2548.9221298418865,2314.95,2213.75,2530.1796875,1379552,0.0,0.0,ADANIENT.NS,Adani Enterprises Limited,Thermal Coal,Energy,Mr. Gautambhai Shantilal Adani S.Y. B.Com,"Ahmedabad, India",https://www.adanienterprises.com,2308.8,2238.85,2664840298496,77.06275,29.96,0.00059999997,3743.9,2025.0
2023-12-05 00:00:00+05:30,2530.1796611910963,2314.95,2213.75,2958.1572265625,1379552,0.0,0.0,ADANIENT.NS,Adani Enterprises Limited,Thermal Coal,Energy,Mr. Gautambhai Shantilal Adani S.Y. B.Com,"Ahmedabad, India",https://www.adanienterprises.com,2308.8,2238.85,2664840298496,77.06275,29.96,0.00059999997,3743.9,2025.0
2023-12-06 00:00:00+05:30,3078.758369305336,2314.95,2213.75,2882.787353515625,1379552,0.0,0.0,ADANIENT.NS,Adani Enterprises Limited,Thermal Coal,Energy,Mr. Gautambhai Shantilal Adani S.Y. B.Com,"Ahmedabad, India",https://www.adanienterprises.com,2308.8,2238.85,2664840298496,77.06275,29.96,0.00059999997,3743.9,2025.0
2023-12-07 00:00:00+05:30,2898.831001729613,2314.95,2213.75,2885.986083984375,1379552,0.0,0.0,ADANIENT.NS,Adani Enterprises Limited,Thermal Coal,Energy,Mr. Gautambhai Shantilal Adani S.Y. B.Com,"Ahmedabad, India",https://www.adanienterprises.com,2308.8,2238.85,2664840298496,77.06275,29.96,0.00059999997,3743.9,2025.0
2023-12-08 00:00:00+05:30,2901.5297836604686,2314.95,2213.75,2821.01220703125,1379552,0.0,0.0,ADANIENT.NS,Adani Enterprises Limited,Thermal Coal,Energy,Mr. Gautambhai Shantilal Adani S.Y. B.Com,"Ahmedabad, India",https://www.adanienterprises.com,2308.8,2238.85,2664840298496,77.06275,29.96,0.00059999997,3743.9,2025.0
2023-12-11 00:00:00+05:30,2835.9064835782806,2314.95,2213.75,2854.64892578125,1379552,0.0,0.0,ADANIENT.NS,Adani Enterprises Limited,Thermal Coal,Energy,Mr. Gautambhai Shantilal Adani S.Y. B.Com,"Ahmedabad, India",https://www.adanienterprises.com,2308.8,2238.85,2664840298496,77.06275,29.96,0.00059999997,3743.9,2025.0
2023-12-12 00:00:00+05:30,2867.9436268670306,2314.95,2213.75,2856.498046875,1379552,0.0,0.0,ADANIENT.NS,Adani Enterprises Limited,Thermal Coal,Energy,Mr. Gautambhai Shantilal Adani S.Y. B.Com,"Ahmedabad, India",https://www.adanienterprises.com,2308.8,2238.85,2664840298496,77.06275,29.96,0.00059999997,3743.9,2025.0
2023-12-13 00:00:00+05:30,2858.8471311428425,2314.95,2213.75,2873.89111328125,1379552,0.0,0.0,ADANIENT.NS,Adani Enterprises Limited,Thermal Coal,Energy,Mr. Gautambhai Shantilal Adani S.Y. B.Com,"Ahmedabad, India",https://www.adanienterprises.com,2308.8,2238.85,2664840298496,77.06275,29.96,0.00059999997,3743.9,2025.0
2023-12-14 00:00:00+05:30,2899.7806661240065,2314.95,2213.75,2892.883544921875,1379552,0.0,0.0,ADANIENT.NS,Adani Enterprises Limited,Thermal Coal,Energy,Mr. Gautambhai Shantilal Adani S.Y. B.Com,"Ahmedabad, India",https://www.adanienterprises.com,2308.8,2238.85,2664840298496,77.06275,29.96,0.00059999997,3743.9,2025.0
2023-12-15 00:00:00+05:30,2910.8761429673373,2314.95,2213.75,2990.593994140625,1379552,0.0,0.0,ADANIENT.NS,Adani Enterprises Limited,Thermal Coal,Energy,Mr. Gautambhai Shantilal Adani S.Y. B.Com,"Ahmedabad, India",https://www.adanienterprises.com,2308.8,2238.85,2664840298496,77.06275,29.96,0.00059999997,3743.9,2025.0
2023-12-18 00:00:00+05:30,2992.7431541164274,2314.95,2213.75,2979.398681640625,1379552,0.0,0.0,ADANIENT.NS,Adani Enterprises Limited,Thermal Coal,Energy,Mr. Gautambhai Shantilal Adani S.Y. B.Com,"Ahmedabad, India",https://www.adanienterprises.com,2308.8,2238.85,2664840298496,77.06275,29.96,0.00059999997,3743.9,2025.0
2023-12-19 00:00:00+05:30,2987.5953356762716,2314.95,2213.75,2940.064453125,1379552,0.0,0.0,ADANIENT.NS,Adani Enterprises Limited,Thermal Coal,Energy,Mr. Gautambhai Shantilal Adani S.Y. B.Com,"Ahmedabad, India",https://www.adanienterprises.com,2308.8,2238.85,2664840298496,77.06275,29.96,0.00059999997,3743.9,2025.0
2023-12-20 00:00:00+05:30,2944.8125728668338,2314.95,2213.75,2782.72802734375,1379552,0.0,0.0,ADANIENT.NS,Adani Enterprises Limited,Thermal Coal,Energy,Mr. Gautambhai Shantilal Adani S.Y. B.Com,"Ahmedabad, India",https://www.adanienterprises.com,2308.8,2238.85,2664840298496,77.06275,29.96,0.00059999997,3743.9,2025.0
2023-12-21 00:00:00+05:30,2748.8913935884343,2314.95,2213.75,2798.621337890625,1379552,0.0,0.0,ADANIENT.NS,Adani Enterprises Limited,Thermal Coal,Energy,Mr. Gautambhai Shantilal Adani S.Y. B.Com,"Ahmedabad, India",https://www.adanienterprises.com,2308.8,2238.85,2664840298496,77.06275,29.96,0.00059999997,3743.9,2025.0
2023-12-22 00:00:00+05:30,2814.8148075003724,2314.95,2213.75,2807.218017578125,1379552,0.0,0.0,ADANIENT.NS,Adani Enterprises Limited,Thermal Coal,Energy,Mr. Gautambhai Shantilal Adani S.Y. B.Com,"Ahmedabad, India",https://www.adanienterprises.com,2308.8,2238.85,2664840298496,77.06275,29.96,0.00059999997,3743.9,2025.0
2023-12-26 00:00:00+05:30,2815.864500310687,2314.95,2213.75,2864.294921875,1379552,0.0,0.0,ADANIENT.NS,Adani Enterprises Limited,Thermal Coal,Energy,Mr. Gautambhai Shantilal Adani S.Y. B.Com,"Ahmedabad, India",https://www.adanienterprises.com,2308.8,2238.85,2664840298496,77.06275,29.96,0.00059999997,3743.9,2025.0
2023-12-27 00:00:00+05:30,2879.538654084359,2314.95,2213.75,2842.203857421875,1379552,0.0,0.0,ADANIENT.NS,Adani Enterprises Limited,Thermal Coal,Energy,Mr. Gautambhai Shantilal Adani S.Y. B.Com,"Ahmedabad, India",https://www.adanienterprises.com,2308.8,2238.85,2664840298496,77.06275,29.96,0.00059999997,3743.9,2025.0
2023-12-28 00:00:00+05:30,2853.8492534330785,2314.95,2213.75,2808.767333984375,1379552,0.0,0.0,ADANIENT.NS,Adani Enterprises Limited,Thermal Coal,Energy,Mr. Gautambhai Shantilal Adani S.Y. B.Com,"Ahmedabad, India",https://www.adanienterprises.com,2308.8,2238.85,2664840298496,77.06275,29.96,0.00059999997,3743.9,2025.0
2023-12-29 00:00:00+05:30,2822.7615627450623,2314.95,2213.75,2847.801513671875,1379552,0.0,0.0,ADANIENT.NS,Adani Enterprises Limited,Thermal Coal,Energy,Mr. Gautambhai Shantilal Adani S.Y. B.Com,"Ahmedabad, India",https://www.adanienterprises.com,2308.8,2238.85,2664840298496,77.06275,29.96,0.00059999997,3743.9,2025.0
2024-01-01 00:00:00+05:30,2851.150186859371,2314.95,2213.75,2916.02392578125,1379552,0.0,0.0,ADANIENT.NS,Adani Enterprises Limited,Thermal Coal,Energy,Mr. Gautambhai Shantilal Adani S.Y. B.Com,"Ahmedabad, India",https://www.adanienterprises.com,2308.8,2238.85,2664840298496,77.06275,29.96,0.00059999997,3743.9,2025.0
2024-01-02 00:00:00+05:30,2920.822063572809,2314.95,2213.75,2931.2177734375,1379552,0.0,0.0,ADANIENT.NS,Adani Enterprises Limited,Thermal Coal,Energy,Mr. Gautambhai Shantilal Adani S.Y. B.Com,"Ahmedabad, India",https://www.adanienterprises.com,2308.8,2238.85,2664840298496,77.06275,29.96,0.00059999997,3743.9,2025.0
2024-01-03 00:00:00+05:30,3045.771815261561,2314.95,2213.75,3001.78955078125,1379552,0.0,0.0,ADANIENT.NS,Adani Enterprises Limited,Thermal Coal,Energy,Mr. Gautambhai Shantilal Adani S.Y. B.Com,"Ahmedabad, India",https://www.adanienterprises.com,2308.8,2238.85,2664840298496,77.06275,29.96,0.00059999997,3743.9,2025.0
2024-01-04 00:00:00+05:30,3038.174593038314,2314.95,2213.75,2997.09130859375,1379552,0.0,0.0,ADANIENT.NS,Adani Enterprises Limited,Thermal Coal,Energy,Mr. Gautambhai Shantilal Adani S.Y. B.Com,"Ahmedabad, India",https://www.adanienterprises.com,2308.8,2238.85,2664840298496,77.06275,29.96,0.00059999997,3743.9,2025.0
2024-01-05 00:00:00+05:30,3008.7366868351614,2314.95,2213.75,3005.38818359375,1379552,0.0,0.0,ADANIENT.NS,Adani Enterprises Limited,Thermal Coal,Energy,Mr. Gautambhai Shantilal Adani S.Y. B.Com,"Ahmedabad, India",https://www.adanienterprises.com,2308.8,2238.85,2664840298496,77.06275,29.96,0.00059999997,3743.9,2025.0
2024-01-08 00:00:00+05:30,3018.782644900983,2314.95,2213.75,2962.305419921875,1379552,0.0,0.0,ADANIENT.NS,Adani Enterprises Limited,Thermal Coal,Energy,Mr. Gautambhai Shantilal Adani S.Y. B.Com,"Ahmedabad, India",https://www.adanienterprises.com,2308.8,2238.85,2664840298496,77.06275,29.96,0.00059999997,3743.9,2025.0
2024-01-09 00:00:00+05:30,2989.4944966580288,2314.95,2213.75,3013.385009765625,1379552,0.0,0.0,ADANIENT.NS,Adani Enterprises Limited,Thermal Coal,Energy,Mr. Gautambhai Shantilal Adani S.Y. B.Com,"Ahmedabad, India",https://www.adanienterprises.com,2308.8,2238.85,2664840298496,77.06275,29.96,0.00059999997,3743.9,2025.0
2024-01-10 00:00:00+05:30,3022.780889892671,2314.95,2213.75,3096.950927734375,1379552,0.0,0.0,ADANIENT.NS,Adani Enterprises Limited,Thermal Coal,Energy,Mr. Gautambhai Shantilal Adani S.Y. B.Com,"Ahmedabad, India",https://www.adanienterprises.com,2308.8,2238.85,2664840298496,77.06275,29.96,0.00059999997,3743.9,2025.0
2024-01-11 00:00:00+05:30,3118.742294977418,2314.95,2213.75,3079.657958984375,1379552,0.0,0.0,ADANIENT.NS,Adani Enterprises Limited,Thermal Coal,Energy,Mr. Gautambhai Shantilal Adani S.Y. B.Com,"Ahmedabad, India",https://www.adanienterprises.com,2308.8,2238.85,2664840298496,77.06275,29.96,0.00059999997,3743.9,2025.0
2024-01-12 00:00:00+05:30,3095.1020008731484,2314.95,2213.75,3102.848876953125,1379552,0.0,0.0,ADANIENT.NS,Adani Enterprises Limited,Thermal Coal,Energy,Mr. Gautambhai Shantilal Adani S.Y. B.Com,"Ahmedabad, India",https://www.adanienterprises.com,2308.8,2238.85,2664840298496,77.06275,29.96,0.00059999997,3743.9,2025.0
2024-01-15 00:00:00+05:30,3125.739522617561,2314.95,2213.75,3088.254638671875,1379552,0.0,0.0,ADANIENT.NS,Adani Enterprises Limited,Thermal Coal,Energy,Mr. Gautambhai Shantilal Adani S.Y. B.Com,"Ahmedabad, India",https://www.adanienterprises.com,2308.8,2238.85,2664840298496,77.06275,29.96,0.00059999997,3743.9,2025.0
2024-01-16 00:00:00+05:30,3093.7523016234613,2314.95,2213.75,3055.267822265625,1379552,0.0,0.0,ADANIENT.NS,Adani Enterprises Limited,Thermal Coal,Energy,Mr. Gautambhai Shantilal Adani S.Y. B.Com,"Ahmedabad, India",https://www.adanienterprises.com,2308.8,2238.85,2664840298496,77.06275,29.96,0.00059999997,3743.9,2025.0
2024-01-17 00:00:00+05:30,3031.7772714905664,2314.95,2213.75,2969.852294921875,1379552,0.0,0.0,ADANIENT.NS,Adani Enterprises Limited,Thermal Coal,Energy,Mr. Gautambhai Shantilal Adani S.Y. B.Com,"Ahmedabad, India",https://www.adanienterprises.com,2308.8,2238.85,2664840298496,77.06275,29.96,0.00059999997,3743.9,2025.0
2024-01-18 00:00:00+05:30,2974.3507013236135,2314.95,2213.75,2917.723388671875,1379552,0.0,0.0,ADANIENT.NS,Adani Enterprises Limited,Thermal Coal,Energy,Mr. Gautambhai Shantilal Adani S.Y. B.Com,"Ahmedabad, India",https://www.adanienterprises.com,2308.8,2238.85,2664840298496,77.06275,29.96,0.00059999997,3743.9,2025.0
2024-01-19 00:00:00+05:30,2944.1628325948654,2314.95,2213.75,2914.474609375,1379552,0.0,0.0,ADANIENT.NS,Adani Enterprises Limited,Thermal Coal,Energy,Mr. Gautambhai Shantilal Adani S.Y. B.Com,"Ahmedabad, India",https://www.adanienterprises.com,2308.8,2238.85,2664840298496,77.06275,29.96,0.00059999997,3743.9,2025.0
2024-01-23 00:00:00+05:30,3013.7344944407055,2314.95,2213.75,2895.38232421875,1379552,0.0,0.0,ADANIENT.NS,Adani Enterprises Limited,Thermal Coal,Energy,Mr. Gautambhai Shantilal Adani S.Y. B.Com,"Ahmedabad, India",https://www.adanienterprises.com,2308.8,2238.85,2664840298496,77.06275,29.96,0.00059999997,3743.9,2025.0
2024-01-24 00:00:00+05:30,2899.8305774439436,2314.95,2213.75,2902.279541015625,1379552,0.0,0.0,ADANIENT.NS,Adani Enterprises Limited,Thermal Coal,Energy,Mr. Gautambhai Shantilal Adani S.Y. B.Com,"Ahmedabad, India",https://www.adanienterprises.com,2308.8,2238.85,2664840298496,77.06275,29.96,0.00059999997,3743.9,2025.0
2024-01-25 00:00:00+05:30,2902.279476470693,2314.95,2213.75,2892.43359375,1379552,0.0,0.0,ADANIENT.NS,Adani Enterprises Limited,Thermal Coal,Energy,Mr. Gautambhai Shantilal Adani S.Y. B.Com,"Ahmedabad, India",https://www.adanienterprises.com,2308.8,2238.85,2664840298496,77.06275,29.96,0.00059999997,3743.9,2025.0
2024-01-29 00:00:00+05:30,2927.8193285230413,2314.95,2213.75,3063.41455078125,1379552,0.0,0.0,ADANIENT.NS,Adani Enterprises Limited,Thermal Coal,Energy,Mr. Gautambhai Shantilal Adani S.Y. B.Com,"Ahmedabad, India",https://www.adanienterprises.com,2308.8,2238.85,2664840298496,77.06275,29.96,0.00059999997,3743.9,2025.0
2024-01-30 00:00:00+05:30,3079.7579778323384,2314.95,2213.75,3089.85400390625,1379552,0.0,0.0,ADANIENT.NS,Adani Enterprises Limited,Thermal Coal,Energy,Mr. Gautambhai Shantilal Adani S.Y. B.Com,"Ahmedabad, India",https://www.adanienterprises.com,2308.8,2238.85,2664840298496,77.06275,29.96,0.00059999997,3743.9,2025.0
2024-01-31 00:00:00+05:30,3091.5032520743407,2314.95,2213.75,3140.7333984375,1379552,0.0,0.0,ADANIENT.NS,Adani Enterprises Limited,Thermal Coal,Energy,Mr. Gautambhai Shantilal Adani S.Y. B.Com,"Ahmedabad, India",https://www.adanienterprises.com,2308.8,2238.85,2664840298496,77.06275,29.96,0.00059999997,3743.9,2025.0
2024-02-01 00:00:00+05:30,3155.627291539325,2314.95,2213.75,3152.228759765625,1379552,0.0,0.0,ADANIENT.NS,Adani Enterprises Limited,Thermal Coal,Energy,Mr. Gautambhai Shantilal Adani S.Y. B.Com,"Ahmedabad, India",https://www.adanienterprises.com,2308.8,2238.85,2664840298496,77.06275,29.96,0.00059999997,3743.9,2025.0
2024-02-02 00:00:00+05:30,3183.666161392428,2314.95,2213.75,3156.17724609375,1379552,0.0,0.0,ADANIENT.NS,Adani Enterprises Limited,Thermal Coal,Energy,Mr. Gautambhai Shantilal Adani S.Y. B.Com,"Ahmedabad, India",https://www.adanienterprises.com,2308.8,2238.85,2664840298496,77.06275,29.96,0.00059999997,3743.9,2025.0
2024-02-05 00:00:00+05:30,3168.7220938864175,2314.95,2213.75,3172.170654296875,1379552,0.0,0.0,ADANIENT.NS,Adani Enterprises Limited,Thermal Coal,Energy,Mr. Gautambhai Shantilal Adani S.Y. B.Com,"Ahmedabad, India",https://www.adanienterprises.com,2308.8,2238.85,2664840298496,77.06275,29.96,0.00059999997,3743.9,2025.0
2024-02-06 00:00:00+05:30,3182.616400459712,2314.95,2213.75,3202.45849609375,1379552,0.0,0.0,ADANIENT.NS,Adani Enterprises Limited,Thermal Coal,Energy,Mr. Gautambhai Shantilal Adani S.Y. B.Com,"Ahmedabad, India",https://www.adanienterprises.com,2308.8,2238.85,2664840298496,77.06275,29.96,0.00059999997,3743.9,2025.0
2024-02-07 00:00:00+05:30,3218.7519974245083,2314.95,2213.75,3228.548095703125,1379552,0.0,0.0,ADANIENT.NS,Adani Enterprises Limited,Thermal Coal,Energy,Mr. Gautambhai Shantilal Adani S.Y. B.Com,"Ahmedabad, India",https://www.adanienterprises.com,2308.8,2238.85,2664840298496,77.06275,29.96,0.00059999997,3743.9,2025.0
2024-02-08 00:00:00+05:30,3244.2917132366424,2314.95,2213.75,3167.32275390625,1379552,0.0,0.0,ADANIENT.NS,Adani Enterprises Limited,Thermal Coal,Energy,Mr. Gautambhai Shantilal Adani S.Y. B.Com,"Ahmedabad, India",https://www.adanienterprises.com,2308.8,2238.85,2664840298496,77.06275,29.96,0.00059999997,3743.9,2025.0
2024-02-09 00:00:00+05:30,3183.1662048318944,2314.95,2213.75,3213.90380859375,1379552,0.0,0.0,ADANIENT.NS,Adani Enterprises Limited,Thermal Coal,Energy,Mr. Gautambhai Shantilal Adani S.Y. B.Com,"Ahmedabad, India",https://www.adanienterprises.com,2308.8,2238.85,2664840298496,77.06275,29.96,0.00059999997,3743.9,2025.0
2024-02-12 00:00:00+05:30,3227.698282315985,2314.95,2213.75,3168.47216796875,1379552,0.0,0.0,ADANIENT.NS,Adani Enterprises Limited,Thermal Coal,Energy,Mr. Gautambhai Shantilal Adani S.Y. B.Com,"Ahmedabad, India",https://www.adanienterprises.com,2308.8,2238.85,2664840298496,77.06275,29.96,0.00059999997,3743.9,2025.0
2024-02-13 00:00:00+05:30,3178.7181251671127,2314.95,2213.75,3177.168701171875,1379552,0.0,0.0,ADANIENT.NS,Adani Enterprises Limited,Thermal Coal,Energy,Mr. Gautambhai Shantilal Adani S.Y. B.Com,"Ahmedabad, India",https://www.adanienterprises.com,2308.8,2238.85,2664840298496,77.06275,29.96,0.00059999997,3743.9,2025.0
2024-02-14 00:00:00+05:30,3182.7166265842743,2314.95,2213.75,3205.9072265625,1379552,0.0,0.0,ADANIENT.NS,Adani Enterprises Limited,Thermal Coal,Energy,Mr. Gautambhai Shantilal Adani S.Y. B.Com,"Ahmedabad, India",https://www.adanienterprises.com,2308.8,2238.85,2664840298496,77.06275,29.96,0.00059999997,3743.9,2025.0
2024-02-15 00:00:00+05:30,3218.552243914741,2314.95,2213.75,3192.5126953125,1379552,0.0,0.0,ADANIENT.NS,Adani Enterprises Limited,Thermal Coal,Energy,Mr. Gautambhai Shantilal Adani S.Y. B.Com,"Ahmedabad, India",https://www.adanienterprises.com,2308.8,2238.85,2664840298496,77.06275,29.96,0.00059999997,3743.9,2025.0
2024-02-16 00:00:00+05:30,3212.7043096317393,2314.95,2213.75,3222.300537109375,1379552,0.0,0.0,ADANIENT.NS,Adani Enterprises Limited,Thermal Coal,Energy,Mr. Gautambhai Shantilal Adani S.Y. B.Com,"Ahmedabad, India",https://www.adanienterprises.com,2308.8,2238.85,2664840298496,77.06275,29.96,0.00059999997,3743.9,2025.0
2024-02-19 00:00:00+05:30,3238.693858164248,2314.95,2213.75,3257.486328125,1379552,0.0,0.0,ADANIENT.NS,Adani Enterprises Limited,Thermal Coal,Energy,Mr. Gautambhai Shantilal Adani S.Y. B.Com,"Ahmedabad, India",https://www.adanienterprises.com,2308.8,2238.85,2664840298496,77.06275,29.96,0.00059999997,3743.9,2025.0
2024-02-20 00:00:00+05:30,3265.6830065547288,2314.95,2213.75,3227.298583984375,1379552,0.0,0.0,ADANIENT.NS,Adani Enterprises Limited,Thermal Coal,Energy,Mr. Gautambhai Shantilal Adani S.Y. B.Com,"Ahmedabad, India",https://www.adanienterprises.com,2308.8,2238.85,2664840298496,77.06275,29.96,0.00059999997,3743.9,2025.0
2024-02-21 00:00:00+05:30,3236.694717489708,2314.95,2213.75,3221.900634765625,1379552,0.0,0.0,ADANIENT.NS,Adani Enterprises Limited,Thermal Coal,Energy,Mr. Gautambhai Shantilal Adani S.Y. B.Com,"Ahmedabad, India",https://www.adanienterprises.com,2308.8,2238.85,2664840298496,77.06275,29.96,0.00059999997,3743.9,2025.0
2024-02-22 00:00:00+05:30,3237.6942655815706,2314.95,2213.75,3261.734619140625,1379552,0.0,0.0,ADANIENT.NS,Adani Enterprises Limited,Thermal Coal,Energy,Mr. Gautambhai Shantilal Adani S.Y. B.Com,"Ahmedabad, India",https://www.adanienterprises.com,2308.8,2238.85,2664840298496,77.06275,29.96,0.00059999997,3743.9,2025.0
2024-02-23 00:00:00+05:30,3261.7346008783106,2314.95,2213.75,3271.98046875,1379552,0.0,0.0,ADANIENT.NS,Adani Enterprises Limited,Thermal Coal,Energy,Mr. Gautambhai Shantilal Adani S.Y. B.Com,"Ahmedabad, India",https://www.adanienterprises.com,2308.8,2238.85,2664840298496,77.06275,29.96,0.00059999997,3743.9,2025.0
2024-02-26 00:00:00+05:30,3270.6809223809255,2314.95,2213.75,3326.408447265625,1379552,0.0,0.0,ADANIENT.NS,Adani Enterprises Limited,Thermal Coal,Energy,Mr. Gautambhai Shantilal Adani S.Y. B.Com,"Ahmedabad, India",https://www.adanienterprises.com,2308.8,2238.85,2664840298496,77.06275,29.96,0.00059999997,3743.9,2025.0
2024-02-27 00:00:00+05:30,3337.653905847021,2314.95,2213.75,3300.96875,1379552,0.0,0.0,ADANIENT.NS,Adani Enterprises Limited,Thermal Coal,Energy,Mr. Gautambhai Shantilal Adani S.Y. B.Com,"Ahmedabad, India",https://www.adanienterprises.com,2308.8,2238.85,2664840298496,77.06275,29.96,0.00059999997,3743.9,2025.0
2024-02-28 00:00:00+05:30,3307.865983350468,2314.95,2213.75,3217.702392578125,1379552,0.0,0.0,ADANIENT.NS,Adani Enterprises Limited,Thermal Coal,Energy,Mr. Gautambhai Shantilal Adani S.Y. B.Com,"Ahmedabad, India",https://www.adanienterprises.com,2308.8,2238.85,2664840298496,77.06275,29.96,0.00059999997,3743.9,2025.0
2024-02-29 00:00:00+05:30,3218.7519308143683,2314.95,2213.75,3284.075439453125,1379552,0.0,0.0,ADANIENT.NS,Adani Enterprises Limited,Thermal Coal,Energy,Mr. Gautambhai Shantilal Adani S.Y. B.Com,"Ahmedabad, India",https://www.adanienterprises.com,2308.8,2238.85,2664840298496,77.06275,29.96,0.00059999997,3743.9,2025.0
2024-03-01 00:00:00+05:30,3308.5157948567594,2314.95,2213.75,3317.412109375,1379552,0.0,0.0,ADANIENT.NS,Adani Enterprises Limited,Thermal Coal,Energy,Mr. Gautambhai Shantilal Adani S.Y. B.Com,"Ahmedabad, India",https://www.adanienterprises.com,2308.8,2238.85,2664840298496,77.06275,29.96,0.00059999997,3743.9,2025.0
2024-03-04 00:00:00+05:30,3333.6556463413754,2314.95,2213.75,3315.812744140625,1379552,0.0,0.0,ADANIENT.NS,Adani Enterprises Limited,Thermal Coal,Energy,Mr. Gautambhai Shantilal Adani S.Y. B.Com,"Ahmedabad, India",https://www.adanienterprises.com,2308.8,2238.85,2664840298496,77.06275,29.96,0.00059999997,3743.9,2025.0
2024-03-05 00:00:00+05:30,3323.9594887246735,2314.95,2213.75,3308.865478515625,1379552,0.0,0.0,ADANIENT.NS,Adani Enterprises Limited,Thermal Coal,Energy,Mr. Gautambhai Shantilal Adani S.Y. B.Com,"Ahmedabad, India",https://www.adanienterprises.com,2308.8,2238.85,2664840298496,77.06275,29.96,0.00059999997,3743.9,2025.0
2024-03-06 00:00:00+05:30,3321.6603900769264,2314.95,2213.75,3232.646240234375,1379552,0.0,0.0,ADANIENT.NS,Adani Enterprises Limited,Thermal Coal,Energy,Mr. Gautambhai Shantilal Adani S.Y. B.Com,"Ahmedabad, India",https://www.adanienterprises.com,2308.8,2238.85,2664840298496,77.06275,29.96,0.00059999997,3743.9,2025.0
2024-03-07 00:00:00+05:30,3238.69404157053,2314.95,2213.75,3225.24951171875,1379552,0.0,0.0,ADANIENT.NS,Adani Enterprises Limited,Thermal Coal,Energy,Mr. Gautambhai Shantilal Adani S.Y. B.Com,"Ahmedabad, India",https://www.adanienterprises.com,2308.8,2238.85,2664840298496,77.06275,29.96,0.00059999997,3743.9,2025.0
2024-03-11 00:00:00+05:30,3239.8933366390775,2314.95,2213.75,3206.05712890625,1379552,0.0,0.0,ADANIENT.NS,Adani Enterprises Limited,Thermal Coal,Energy,Mr. Gautambhai Shantilal Adani S.Y. B.Com,"Ahmedabad, India",https://www.adanienterprises.com,2308.8,2238.85,2664840298496,77.06275,29.96,0.00059999997,3743.9,2025.0
2024-03-12 00:00:00+05:30,3206.057102548952,2314.95,2213.75,3121.2412109375,1379552,0.0,0.0,ADANIENT.NS,Adani Enterprises Limited,Thermal Coal,Energy,Mr. Gautambhai Shantilal Adani S.Y. B.Com,"Ahmedabad, India",https://www.adanienterprises.com,2308.8,2238.85,2664840298496,77.06275,29.96,0.00059999997,3743.9,2025.0
2024-03-13 00:00:00+05:30,3123.740422697131,2314.95,2213.75,2905.028564453125,1379552,0.0,0.0,ADANIENT.NS,Adani Enterprises Limited,Thermal Coal,Energy,Mr. Gautambhai Shantilal Adani S.Y. B.Com,"Ahmedabad, India",https://www.adanienterprises.com,2308.8,2238.85,2664840298496,77.06275,29.96,0.00059999997,3743.9,2025.0
2024-03-14 00:00:00+05:30,2926.2698222990343,2314.95,2213.75,3086.205322265625,1379552,0.0,0.0,ADANIENT.NS,Adani Enterprises Limited,Thermal Coal,Energy,Mr. Gautambhai Shantilal Adani S.Y. B.Com,"Ahmedabad, India",https://www.adanienterprises.com,2308.8,2238.85,2664840298496,77.06275,29.96,0.00059999997,3743.9,2025.0
2024-03-15 00:00:00+05:30,3109.745851101965,2314.95,2213.75,3130.937255859375,1379552,0.0,0.0,ADANIENT.NS,Adani Enterprises Limited,Thermal Coal,Energy,Mr. Gautambhai Shantilal Adani S.Y. B.Com,"Ahmedabad, India",https://www.adanienterprises.com,2308.8,2238.85,2664840298496,77.06275,29.96,0.00059999997,3743.9,2025.0
2024-03-18 00:00:00+05:30,3048.870555153714,2314.95,2213.75,3110.49560546875,1379552,0.0,0.0,ADANIENT.NS,Adani Enterprises Limited,Thermal Coal,Energy,Mr. Gautambhai Shantilal Adani S.Y. B.Com,"Ahmedabad, India",https://www.adanienterprises.com,2308.8,2238.85,2664840298496,77.06275,29.96,0.00059999997,3743.9,2025.0
2024-03-19 00:00:00+05:30,3124.7399857915866,2314.95,2213.75,3051.469482421875,1379552,0.0,0.0,ADANIENT.NS,Adani Enterprises Limited,Thermal Coal,Energy,Mr. Gautambhai Shantilal Adani S.Y. B.Com,"Ahmedabad, India",https://www.adanienterprises.com,2308.8,2238.85,2664840298496,77.06275,29.96,0.00059999997,3743.9,2025.0
2024-03-20 00:00:00+05:30,3073.76052696196,2314.95,2213.75,3050.219970703125,1379552,0.0,0.0,ADANIENT.NS,Adani Enterprises Limited,Thermal Coal,Energy,Mr. Gautambhai Shantilal Adani S.Y. B.Com,"Ahmedabad, India",https://www.adanienterprises.com,2308.8,2238.85,2664840298496,77.06275,29.96,0.00059999997,3743.9,2025.0
2024-03-21 00:00:00+05:30,3088.3046735356806,2314.95,2213.75,3065.263916015625,1379552,0.0,0.0,ADANIENT.NS,Adani Enterprises Limited,Thermal Coal,Energy,Mr. Gautambhai Shantilal Adani S.Y. B.Com,"Ahmedabad, India",https://www.adanienterprises.com,2308.8,2238.85,2664840298496,77.06275,29.96,0.00059999997,3743.9,2025.0
2024-03-22 00:00:00+05:30,3065.313950432111,2314.95,2213.75,3106.447265625,1379552,0.0,0.0,ADANIENT.NS,Adani Enterprises Limited,Thermal Coal,Energy,Mr. Gautambhai Shantilal Adani S.Y. B.Com,"Ahmedabad, India",https://www.adanienterprises.com,2308.8,2238.85,2664840298496,77.06275,29.96,0.00059999997,3743.9,2025.0
2024-03-26 00:00:00+05:30,3099.250147291389,2314.95,2213.75,3108.6962890625,1379552,0.0,0.0,ADANIENT.NS,Adani Enterprises Limited,Thermal Coal,Energy,Mr. Gautambhai Shantilal Adani S.Y. B.Com,"Ahmedabad, India",https://www.adanienterprises.com,2308.8,2238.85,2664840298496,77.06275,29.96,0.00059999997,3743.9,2025.0
2024-03-27 00:00:00+05:30,3113.744317187465,2314.95,2213.75,3120.841552734375,1379552,0.0,0.0,ADANIENT.NS,Adani Enterprises Limited,Thermal Coal,Energy,Mr. Gautambhai Shantilal Adani S.Y. B.Com,"Ahmedabad, India",https://www.adanienterprises.com,2308.8,2238.85,2664840298496,77.06275,29.96,0.00059999997,3743.9,2025.0
2024-03-28 00:00:00+05:30,3132.7366186184654,2314.95,2213.75,3195.811279296875,1379552,0.0,0.0,ADANIENT.NS,Adani Enterprises Limited,Thermal Coal,Energy,Mr. Gautambhai Shantilal Adani S.Y. B.Com,"Ahmedabad, India",https://www.adanienterprises.com,2308.8,2238.85,2664840298496,77.06275,29.96,0.00059999997,3743.9,2025.0
2024-04-01 00:00:00+05:30,3228.8977447297193,2314.95,2213.75,3250.7890625,1379552,0.0,0.0,ADANIENT.NS,Adani Enterprises Limited,Thermal Coal,Energy,Mr. Gautambhai Shantilal Adani S.Y. B.Com,"Ahmedabad, India",https://www.adanienterprises.com,2308.8,2238.85,2664840298496,77.06275,29.96,0.00059999997,3743.9,2025.0
2024-04-02 00:00:00+05:30,3257.6362745999286,2314.95,2213.75,3267.432373046875,1379552,0.0,0.0,ADANIENT.NS,Adani Enterprises Limited,Thermal Coal,Energy,Mr. Gautambhai Shantilal Adani S.Y. B.Com,"Ahmedabad, India",https://www.adanienterprises.com,2308.8,2238.85,2664840298496,77.06275,29.96,0.00059999997,3743.9,2025.0
2024-04-03 00:00:00+05:30,3248.689861555362,2314.95,2213.75,3232.146484375,1379552,0.0,0.0,ADANIENT.NS,Adani Enterprises Limited,Thermal Coal,Energy,Mr. Gautambhai Shantilal Adani S.Y. B.Com,"Ahmedabad, India",https://www.adanienterprises.com,2308.8,2238.85,2664840298496,77.06275,29.96,0.00059999997,3743.9,2025.0
2024-04-04 00:00:00+05:30,3248.690010072664,2314.95,2213.75,3209.505859375,1379552,0.0,0.0,ADANIENT.NS,Adani Enterprises Limited,Thermal Coal,Energy,Mr. Gautambhai Shantilal Adani S.Y. B.Com,"Ahmedabad, India",https://www.adanienterprises.com,2308.8,2238.85,2664840298496,77.06275,29.96,0.00059999997,3743.9,2025.0
2024-04-05 00:00:00+05:30,3209.8055718389155,2314.95,2213.75,3223.5,1379552,0.0,0.0,ADANIENT.NS,Adani Enterprises Limited,Thermal Coal,Energy,Mr. Gautambhai Shantilal Adani S.Y. B.Com,"Ahmedabad, India",https://www.adanienterprises.com,2308.8,2238.85,2664840298496,77.06275,29.96,0.00059999997,3743.9,2025.0
2024-04-08 00:00:00+05:30,3239.643535741909,2314.95,2213.75,3223.250244140625,1379552,0.0,0.0,ADANIENT.NS,Adani Enterprises Limited,Thermal Coal,Energy,Mr. Gautambhai Shantilal Adani S.Y. B.Com,"Ahmedabad, India",https://www.adanienterprises.com,2308.8,2238.85,2664840298496,77.06275,29.96,0.00059999997,3743.9,2025.0
2024-04-09 00:00:00+05:30,3239.3936134047985,2314.95,2213.75,3197.16064453125,1379552,0.0,0.0,ADANIENT.NS,Adani Enterprises Limited,Thermal Coal,Energy,Mr. Gautambhai Shantilal Adani S.Y. B.Com,"Ahmedabad, India",https://www.adanienterprises.com,2308.8,2238.85,2664840298496,77.06275,29.96,0.00059999997,3743.9,2025.0
2024-04-10 00:00:00+05:30,3198.7100458821715,2314.95,2213.75,3240.693115234375,1379552,0.0,0.0,ADANIENT.NS,Adani Enterprises Limited,Thermal Coal,Energy,Mr. Gautambhai Shantilal Adani S.Y. B.Com,"Ahmedabad, India",https://www.adanienterprises.com,2308.8,2238.85,2664840298496,77.06275,29.96,0.00059999997,3743.9,2025.0
2024-04-12 00:00:00+05:30,3208.706014337054,2314.95,2213.75,3208.60595703125,1379552,0.0,0.0,ADANIENT.NS,Adani Enterprises Limited,Thermal Coal,Energy,Mr. Gautambhai Shantilal Adani S.Y. B.Com,"Ahmedabad, India",https://www.adanienterprises.com,2308.8,2238.85,2664840298496,77.06275,29.96,0.00059999997,3743.9,2025.0
2024-04-15 00:00:00+05:30,3148.7301731971606,2314.95,2213.75,3146.18115234375,1379552,0.0,0.0,ADANIENT.NS,Adani Enterprises Limited,Thermal Coal,Energy,Mr. Gautambhai Shantilal Adani S.Y. B.Com,"Ahmedabad, India",https://www.adanienterprises.com,2308.8,2238.85,2664840298496,77.06275,29.96,0.00059999997,3743.9,2025.0
2024-04-16 00:00:00+05:30,3099.7499794479863,2314.95,2213.75,3105.147705078125,1379552,0.0,0.0,ADANIENT.NS,Adani Enterprises Limited,Thermal Coal,Energy,Mr. Gautambhai Shantilal Adani S.Y. B.Com,"Ahmedabad, India",https://www.adanienterprises.com,2308.8,2238.85,2664840298496,77.06275,29.96,0.00059999997,3743.9,2025.0
2024-04-18 00:00:00+05:30,3123.8901946136075,2314.95,2213.75,3018.0830078125,1379552,0.0,0.0,ADANIENT.NS,Adani Enterprises Limited,Thermal Coal,Energy,Mr. Gautambhai Shantilal Adani S.Y. B.Com,"Ahmedabad, India",https://www.adanienterprises.com,2308.8,2238.85,2664840298496,77.06275,29.96,0.00059999997,3743.9,2025.0
2024-04-19 00:00:00+05:30,2998.790649138473,2314.95,2213.75,3025.729736328125,1379552,0.0,0.0,ADANIENT.NS,Adani Enterprises Limited,Thermal Coal,Energy,Mr. Gautambhai Shantilal Adani S.Y. B.Com,"Ahmedabad, India",https://www.adanienterprises.com,2308.8,2238.85,2664840298496,77.06275,29.96,0.00059999997,3743.9,2025.0
2024-04-22 00:00:00+05:30,3051.7693089338563,2314.95,2213.75,3062.115234375,1379552,0.0,0.0,ADANIENT.NS,Adani Enterprises Limited,Thermal Coal,Energy,Mr. Gautambhai Shantilal Adani S.Y. B.Com,"Ahmedabad, India",https://www.adanienterprises.com,2308.8,2238.85,2664840298496,77.06275,29.96,0.00059999997,3743.9,2025.0
2024-04-23 00:00:00+05:30,3057.766863353419,2314.95,2213.75,3063.864501953125,1379552,0.0,0.0,ADANIENT.NS,Adani Enterprises Limited,Thermal Coal,Energy,Mr. Gautambhai Shantilal Adani S.Y. B.Com,"Ahmedabad, India",https://www.adanienterprises.com,2308.8,2238.85,2664840298496,77.06275,29.96,0.00059999997,3743.9,2025.0
2024-04-24 00:00:00+05:30,3070.7116969820954,2314.95,2213.75,3042.3232421875,1379552,0.0,0.0,ADANIENT.NS,Adani Enterprises Limited,Thermal Coal,Energy,Mr. Gautambhai Shantilal Adani S.Y. B.Com,"Ahmedabad, India",https://www.adanienterprises.com,2308.8,2238.85,2664840298496,77.06275,29.96,0.00059999997,3743.9,2025.0
2024-04-25 00:00:00+05:30,3048.7704450385204,2314.95,2213.75,3113.994140625,1379552,0.0,0.0,ADANIENT.NS,Adani Enterprises Limited,Thermal Coal,Energy,Mr. Gautambhai Shantilal Adani S.Y. B.Com,"Ahmedabad, India",https://www.adanienterprises.com,2308.8,2238.85,2664840298496,77.06275,29.96,0.00059999997,3743.9,2025.0
2024-04-26 00:00:00+05:30,3118.642280802998,2314.95,2213.75,3079.158203125,1379552,0.0,0.0,ADANIENT.NS,Adani Enterprises Limited,Thermal Coal,Energy,Mr. Gautambhai Shantilal Adani S.Y. B.Com,"Ahmedabad, India",https://www.adanienterprises.com,2308.8,2238.85,2664840298496,77.06275,29.96,0.00059999997,3743.9,2025.0
2024-04-29 00:00:00+05:30,3108.746448166667,2314.95,2213.75,3079.9580078125,1379552,0.0,0.0,ADANIENT.NS,Adani Enterprises Limited,Thermal Coal,Energy,Mr. Gautambhai Shantilal Adani S.Y. B.Com,"Ahmedabad, India",https://www.adanienterprises.com,2308.8,2238.85,2664840298496,77.06275,29.96,0.00059999997,3743.9,2025.0
2024-04-30 00:00:00+05:30,3092.752711605795,2314.95,2213.75,3053.468505859375,1379552,0.0,0.0,ADANIENT.NS,Adani Enterprises Limited,Thermal Coal,Energy,Mr. Gautambhai Shantilal Adani S.Y. B.Com,"Ahmedabad, India",https://www.adanienterprises.com,2308.8,2238.85,2664840298496,77.06275,29.96,0.00059999997,3743.9,2025.0
2024-05-02 00:00:00+05:30,3070.711568308293,2314.95,2213.75,3038.374755859375,1379552,0.0,0.0,ADANIENT.NS,Adani Enterprises Limited,Thermal Coal,Energy,Mr. Gautambhai Shantilal Adani S.Y. B.Com,"Ahmedabad, India",https://www.adanienterprises.com,2308.8,2238.85,2664840298496,77.06275,29.96,0.00059999997,3743.9,2025.0
2024-05-03 00:00:00+05:30,3028.778643549549,2314.95,2213.75,2992.04345703125,1379552,0.0,0.0,ADANIENT.NS,Adani Enterprises Limited,Thermal Coal,Energy,Mr. Gautambhai Shantilal Adani S.Y. B.Com,"Ahmedabad, India",https://www.adanienterprises.com,2308.8,2238.85,2664840298496,77.06275,29.96,0.00059999997,3743.9,2025.0
2024-05-06 00:00:00+05:30,2992.0435041937003,2314.95,2213.75,2873.4912109375,1379552,0.0,0.0,ADANIENT.NS,Adani Enterprises Limited,Thermal Coal,Energy,Mr. Gautambhai Shantilal Adani S.Y. B.Com,"Ahmedabad, India",https://www.adanienterprises.com,2308.8,2238.85,2664840298496,77.06275,29.96,0.00059999997,3743.9,2025.0
2024-05-07 00:00:00+05:30,2888.7848705759534,2314.95,2213.75,2834.806640625,1379552,0.0,0.0,ADANIENT.NS,Adani Enterprises Limited,Thermal Coal,Energy,Mr. Gautambhai Shantilal Adani S.Y. B.Com,"Ahmedabad, India",https://www.adanienterprises.com,2308.8,2238.85,2664840298496,77.06275,29.96,0.00059999997,3743.9,2025.0
2024-05-08 00:00:00+05:30,2848.8511765101994,2314.95,2213.75,2859.39697265625,1379552,0.0,0.0,ADANIENT.NS,Adani Enterprises Limited,Thermal Coal,Energy,Mr. Gautambhai Shantilal Adani S.Y. B.Com,"Ahmedabad, India",https://www.adanienterprises.com,2308.8,2238.85,2664840298496,77.06275,29.96,0.00059999997,3743.9,2025.0
2024-05-09 00:00:00+05:30,2863.645250207147,2314.95,2213.75,2765.53466796875,1379552,0.0,0.0,ADANIENT.NS,Adani Enterprises Limited,Thermal Coal,Energy,Mr. Gautambhai Shantilal Adani S.Y. B.Com,"Ahmedabad, India",https://www.adanienterprises.com,2308.8,2238.85,2664840298496,77.06275,29.96,0.00059999997,3743.9,2025.0
2024-05-10 00:00:00+05:30,2793.8231928684786,2314.95,2213.75,2796.122314453125,1379552,0.0,0.0,ADANIENT.NS,Adani Enterprises Limited,Thermal Coal,Energy,Mr. Gautambhai Shantilal Adani S.Y. B.Com,"Ahmedabad, India",https://www.adanienterprises.com,2308.8,2238.85,2664840298496,77.06275,29.96,0.00059999997,3743.9,2025.0
2024-05-13 00:00:00+05:30,2801.869992069415,2314.95,2213.75,2878.439208984375,1379552,0.0,0.0,ADANIENT.NS,Adani Enterprises Limited,Thermal Coal,Energy,Mr. Gautambhai Shantilal Adani S.Y. B.Com,"Ahmedabad, India",https://www.adanienterprises.com,2308.8,2238.85,2664840298496,77.06275,29.96,0.00059999997,3743.9,2025.0
2024-05-14 00:00:00+05:30,2893.783064694782,2314.95,2213.75,3036.32568359375,1379552,0.0,0.0,ADANIENT.NS,Adani Enterprises Limited,Thermal Coal,Energy,Mr. Gautambhai Shantilal Adani S.Y. B.Com,"Ahmedabad, India",https://www.adanienterprises.com,2308.8,2238.85,2664840298496,77.06275,29.96,0.00059999997,3743.9,2025.0
2024-05-15 00:00:00+05:30,3045.521717248212,2314.95,2213.75,3048.5205078125,1379552,0.0,0.0,ADANIENT.NS,Adani Enterprises Limited,Thermal Coal,Energy,Mr. Gautambhai Shantilal Adani S.Y. B.Com,"Ahmedabad, India",https://www.adanienterprises.com,2308.8,2238.85,2664840298496,77.06275,29.96,0.00059999997,3743.9,2025.0
2024-05-16 00:00:00+05:30,3063.764513470938,2314.95,2213.75,3040.423828125,1379552,0.0,0.0,ADANIENT.NS,Adani Enterprises Limited,Thermal Coal,Energy,Mr. Gautambhai Shantilal Adani S.Y. B.Com,"Ahmedabad, India",https://www.adanienterprises.com,2308.8,2238.85,2664840298496,77.06275,29.96,0.00059999997,3743.9,2025.0
2024-05-17 00:00:00+05:30,3039.824246239514,2314.95,2213.75,3059.266357421875,1379552,0.0,0.0,ADANIENT.NS,Adani Enterprises Limited,Thermal Coal,Energy,Mr. Gautambhai Shantilal Adani S.Y. B.Com,"Ahmedabad, India",https://www.adanienterprises.com,2308.8,2238.85,2664840298496,77.06275,29.96,0.00059999997,3743.9,2025.0
2024-05-21 00:00:00+05:30,3066.6633031934953,2314.95,2213.75,3116.243408203125,1379552,0.0,0.0,ADANIENT.NS,Adani Enterprises Limited,Thermal Coal,Energy,Mr. Gautambhai Shantilal Adani S.Y. B.Com,"Ahmedabad, India",https://www.adanienterprises.com,2308.8,2238.85,2664840298496,77.06275,29.96,0.00059999997,3743.9,2025.0
2024-05-22 00:00:00+05:30,3128.688271977863,2314.95,2213.75,3139.683837890625,1379552,0.0,0.0,ADANIENT.NS,Adani Enterprises Limited,Thermal Coal,Energy,Mr. Gautambhai Shantilal Adani S.Y. B.Com,"Ahmedabad, India",https://www.adanienterprises.com,2308.8,2238.85,2664840298496,77.06275,29.96,0.00059999997,3743.9,2025.0
2024-05-23 00:00:00+05:30,3155.427431495004,2314.95,2213.75,3385.9345703125,1379552,0.0,0.0,ADANIENT.NS,Adani Enterprises Limited,Thermal Coal,Energy,Mr. Gautambhai Shantilal Adani S.Y. B.Com,"Ahmedabad, India",https://www.adanienterprises.com,2308.8,2238.85,2664840298496,77.06275,29.96,0.00059999997,3743.9,2025.0
2024-05-24 00:00:00+05:30,3404.627012594164,2314.95,2213.75,3383.58544921875,1379552,0.0,0.0,ADANIENT.NS,Adani Enterprises Limited,Thermal Coal,Energy,Mr. Gautambhai Shantilal Adani S.Y. B.Com,"Ahmedabad, India",https://www.adanienterprises.com,2308.8,2238.85,2664840298496,77.06275,29.96,0.00059999997,3743.9,2025.0
2024-05-27 00:00:00+05:30,3356.6462761995317,2314.95,2213.75,3287.72412109375,1379552,0.0,0.0,ADANIENT.NS,Adani Enterprises Limited,Thermal Coal,Energy,Mr. Gautambhai Shantilal Adani S.Y. B.Com,"Ahmedabad, India",https://www.adanienterprises.com,2308.8,2238.85,2664840298496,77.06275,29.96,0.00059999997,3743.9,2025.0
2024-05-28 00:00:00+05:30,3308.315843056201,2314.95,2213.75,3242.742431640625,1379552,0.0,0.0,ADANIENT.NS,Adani Enterprises Limited,Thermal Coal,Energy,Mr. Gautambhai Shantilal Adani S.Y. B.Com,"Ahmedabad, India",https://www.adanienterprises.com,2308.8,2238.85,2664840298496,77.06275,29.96,0.00059999997,3743.9,2025.0
2024-05-29 00:00:00+05:30,3248.689826862286,2314.95,2213.75,3257.486328125,1379552,0.0,0.0,ADANIENT.NS,Adani Enterprises Limited,Thermal Coal,Energy,Mr. Gautambhai Shantilal Adani S.Y. B.Com,"Ahmedabad, India",https://www.adanienterprises.com,2308.8,2238.85,2664840298496,77.06275,29.96,0.00059999997,3743.9,2025.0
2024-05-30 00:00:00+05:30,3252.6883172032753,2314.95,2213.75,3192.96240234375,1379552,0.0,0.0,ADANIENT.NS,Adani Enterprises Limited,Thermal Coal,Energy,Mr. Gautambhai Shantilal Adani S.Y. B.Com,"Ahmedabad, India",https://www.adanienterprises.com,2308.8,2238.85,2664840298496,77.06275,29.96,0.00059999997,3743.9,2025.0
2024-05-31 00:00:00+05:30,3223.949779841536,2314.95,2213.75,3409.974853515625,1379552,0.0,0.0,ADANIENT.NS,Adani Enterprises Limited,Thermal Coal,Energy,Mr. Gautambhai Shantilal Adani S.Y. B.Com,"Ahmedabad, India",https://www.adanienterprises.com,2308.8,2238.85,2664840298496,77.06275,29.96,0.00059999997,3743.9,2025.0
2024-06-03 00:00:00+05:30,3723.498368555933,2314.95,2213.75,3643.780517578125,1379552,0.0,0.0,ADANIENT.NS,Adani Enterprises Limited,Thermal Coal,Energy,Mr. Gautambhai Shantilal Adani S.Y. B.Com,"Ahmedabad, India",https://www.adanienterprises.com,2308.8,2238.85,2664840298496,77.06275,29.96,0.00059999997,3743.9,2025.0
2024-06-04 00:00:00+05:30,3518.5811729706757,2314.95,2213.75,2940.064453125,1379552,0.0,0.0,ADANIENT.NS,Adani Enterprises Limited,Thermal Coal,Energy,Mr. Gautambhai Shantilal Adani S.Y. B.Com,"Ahmedabad, India",https://www.adanienterprises.com,2308.8,2238.85,2664840298496,77.06275,29.96,0.00059999997,3743.9,2025.0
2024-06-05 00:00:00+05:30,3028.7785469411247,2314.95,2213.75,3114.09423828125,1379552,0.0,0.0,ADANIENT.NS,Adani Enterprises Limited,Thermal Coal,Energy,Mr. Gautambhai Shantilal Adani S.Y. B.Com,"Ahmedabad, India",https://www.adanienterprises.com,2308.8,2238.85,2664840298496,77.06275,29.96,0.00059999997,3743.9,2025.0
2024-06-06 00:00:00+05:30,3182.716485411033,2314.95,2213.75,3184.36572265625,1379552,0.0,0.0,ADANIENT.NS,Adani Enterprises Limited,Thermal Coal,Energy,Mr. Gautambhai Shantilal Adani S.Y. B.Com,"Ahmedabad, India",https://www.adanienterprises.com,2308.8,2238.85,2664840298496,77.06275,29.96,0.00059999997,3743.9,2025.0
2024-06-07 00:00:00+05:30,3169.1218639829226,2314.95,2213.75,3218.252197265625,1379552,0.0,0.0,ADANIENT.NS,Adani Enterprises Limited,Thermal Coal,Energy,Mr. Gautambhai Shantilal Adani S.Y. B.Com,"Ahmedabad, India",https://www.adanienterprises.com,2308.8,2238.85,2664840298496,77.06275,29.96,0.00059999997,3743.9,2025.0
2024-06-10 00:00:00+05:30,3265.6829978778624,2314.95,2213.75,3218.802001953125,1379552,0.0,0.0,ADANIENT.NS,Adani Enterprises Limited,Thermal Coal,Energy,Mr. Gautambhai Shantilal Adani S.Y. B.Com,"Ahmedabad, India",https://www.adanienterprises.com,2308.8,2238.85,2664840298496,77.06275,29.96,0.00059999997,3743.9,2025.0
2024-06-11 00:00:00+05:30,3222.7003074068684,2314.95,2213.75,3219.951416015625,1379552,0.0,0.0,ADANIENT.NS,Adani Enterprises Limited,Thermal Coal,Energy,Mr. Gautambhai Shantilal Adani S.Y. B.Com,"Ahmedabad, India",https://www.adanienterprises.com,2308.8,2238.85,2664840298496,77.06275,29.96,0.00059999997,3743.9,2025.0
2024-06-12 00:00:00+05:30,3223.599936830754,2314.95,2213.75,3217.75244140625,1379552,0.0,0.0,ADANIENT.NS,Adani Enterprises Limited,Thermal Coal,Energy,Mr. Gautambhai Shantilal Adani S.Y. B.Com,"Ahmedabad, India",https://www.adanienterprises.com,2308.8,2238.85,2664840298496,77.06275,29.96,0.00059999997,3743.9,2025.0
2024-06-13 00:00:00+05:30,3228.697854858825,2314.95,2213.75,3223.5,1379552,0.0,0.0,ADANIENT.NS,Adani Enterprises Limited,Thermal Coal,Energy,Mr. Gautambhai Shantilal Adani S.Y. B.Com,"Ahmedabad, India",https://www.adanienterprises.com,2308.8,2238.85,2664840298496,77.06275,29.96,0.00059999997,3743.9,2025.0
2024-06-14 00:00:00+05:30,3225.0,2314.95,2213.75,3261.75,1379552,1.3,0.0,ADANIENT.NS,Adani Enterprises Limited,Thermal Coal,Energy,Mr. Gautambhai Shantilal Adani S.Y. B.Com,"Ahmedabad, India",https://www.adanienterprises.com,2308.8,2238.85,2664840298496,77.06275,29.96,0.00059999997,3743.9,2025.0
2024-06-18 00:00:00+05:30,3310.0,2314.95,2213.75,3309.050048828125,1379552,0.0,0.0,ADANIENT.NS,Adani Enterprises Limited,Thermal Coal,Energy,Mr. Gautambhai Shantilal Adani S.Y. B.Com,"Ahmedabad, India",https://www.adanienterprises.com,2308.8,2238.85,2664840298496,77.06275,29.96,0.00059999997,3743.9,2025.0
2024-06-19 00:00:00+05:30,3314.0,2314.95,2213.75,3261.89990234375,1379552,0.0,0.0,ADANIENT.NS,Adani Enterprises Limited,Thermal Coal,Energy,Mr. Gautambhai Shantilal Adani S.Y. B.Com,"Ahmedabad, India",https://www.adanienterprises.com,2308.8,2238.85,2664840298496,77.06275,29.96,0.00059999997,3743.9,2025.0
2024-06-20 00:00:00+05:30,3263.89990234375,2314.95,2213.75,3259.449951171875,1379552,0.0,0.0,ADANIENT.NS,Adani Enterprises Limited,Thermal Coal,Energy,Mr. Gautambhai Shantilal Adani S.Y. B.Com,"Ahmedabad, India",https://www.adanienterprises.com,2308.8,2238.85,2664840298496,77.06275,29.96,0.00059999997,3743.9,2025.0
2024-06-21 00:00:00+05:30,3265.050048828125,2314.95,2213.75,3189.300048828125,1379552,0.0,0.0,ADANIENT.NS,Adani Enterprises Limited,Thermal Coal,Energy,Mr. Gautambhai Shantilal Adani S.Y. B.Com,"Ahmedabad, India",https://www.adanienterprises.com,2308.8,2238.85,2664840298496,77.06275,29.96,0.00059999997,3743.9,2025.0
2024-06-24 00:00:00+05:30,3185.75,2314.95,2213.75,3194.60009765625,1379552,0.0,0.0,ADANIENT.NS,Adani Enterprises Limited,Thermal Coal,Energy,Mr. Gautambhai Shantilal Adani S.Y. B.Com,"Ahmedabad, India",https://www.adanienterprises.com,2308.8,2238.85,2664840298496,77.06275,29.96,0.00059999997,3743.9,2025.0
2024-06-25 00:00:00+05:30,3204.75,2314.95,2213.75,3171.10009765625,1379552,0.0,0.0,ADANIENT.NS,Adani Enterprises Limited,Thermal Coal,Energy,Mr. Gautambhai Shantilal Adani S.Y. B.Com,"Ahmedabad, India",https://www.adanienterprises.com,2308.8,2238.85,2664840298496,77.06275,29.96,0.00059999997,3743.9,2025.0
2024-06-26 00:00:00+05:30,3169.050048828125,2314.95,2213.75,3170.5,1379552,0.0,0.0,ADANIENT.NS,Adani Enterprises Limited,Thermal Coal,Energy,Mr. Gautambhai Shantilal Adani S.Y. B.Com,"Ahmedabad, India",https://www.adanienterprises.com,2308.8,2238.85,2664840298496,77.06275,29.96,0.00059999997,3743.9,2025.0
2024-06-27 00:00:00+05:30,3177.0,2314.95,2213.75,3175.14990234375,1379552,0.0,0.0,ADANIENT.NS,Adani Enterprises Limited,Thermal Coal,Energy,Mr. Gautambhai Shantilal Adani S.Y. B.Com,"Ahmedabad, India",https://www.adanienterprises.com,2308.8,2238.85,2664840298496,77.06275,29.96,0.00059999997,3743.9,2025.0
2024-06-28 00:00:00+05:30,3190.0,2314.95,2213.75,3177.14990234375,1379552,0.0,0.0,ADANIENT.NS,Adani Enterprises Limited,Thermal Coal,Energy,Mr. Gautambhai Shantilal Adani S.Y. B.Com,"Ahmedabad, India",https://www.adanienterprises.com,2308.8,2238.85,2664840298496,77.06275,29.96,0.00059999997,3743.9,2025.0
2024-07-01 00:00:00+05:30,3179.949951171875,2314.95,2213.75,3183.800048828125,1379552,0.0,0.0,ADANIENT.NS,Adani Enterprises Limited,Thermal Coal,Energy,Mr. Gautambhai Shantilal Adani S.Y. B.Com,"Ahmedabad, India",https://www.adanienterprises.com,2308.8,2238.85,2664840298496,77.06275,29.96,0.00059999997,3743.9,2025.0
2024-07-02 00:00:00+05:30,3179.85009765625,2314.95,2213.75,3153.199951171875,1379552,0.0,0.0,ADANIENT.NS,Adani Enterprises Limited,Thermal Coal,Energy,Mr. Gautambhai Shantilal Adani S.Y. B.Com,"Ahmedabad, India",https://www.adanienterprises.com,2308.8,2238.85,2664840298496,77.06275,29.96,0.00059999997,3743.9,2025.0
2024-07-03 00:00:00+05:30,3158.0,2314.95,2213.75,3190.949951171875,1379552,0.0,0.0,ADANIENT.NS,Adani Enterprises Limited,Thermal Coal,Energy,Mr. Gautambhai Shantilal Adani S.Y. B.Com,"Ahmedabad, India",https://www.adanienterprises.com,2308.8,2238.85,2664840298496,77.06275,29.96,0.00059999997,3743.9,2025.0
2024-07-04 00:00:00+05:30,3192.0,2314.95,2213.75,3144.25,1379552,0.0,0.0,ADANIENT.NS,Adani Enterprises Limited,Thermal Coal,Energy,Mr. Gautambhai Shantilal Adani S.Y. B.Com,"Ahmedabad, India",https://www.adanienterprises.com,2308.8,2238.85,2664840298496,77.06275,29.96,0.00059999997,3743.9,2025.0
2024-07-05 00:00:00+05:30,3143.89990234375,2314.95,2213.75,3147.89990234375,1379552,0.0,0.0,ADANIENT.NS,Adani Enterprises Limited,Thermal Coal,Energy,Mr. Gautambhai Shantilal Adani S.Y. B.Com,"Ahmedabad, India",https://www.adanienterprises.com,2308.8,2238.85,2664840298496,77.06275,29.96,0.00059999997,3743.9,2025.0
2024-07-08 00:00:00+05:30,3147.89990234375,2314.95,2213.75,3113.60009765625,1379552,0.0,0.0,ADANIENT.NS,Adani Enterprises Limited,Thermal Coal,Energy,Mr. Gautambhai Shantilal Adani S.Y. B.Com,"Ahmedabad, India",https://www.adanienterprises.com,2308.8,2238.85,2664840298496,77.06275,29.96,0.00059999997,3743.9,2025.0
2024-07-09 00:00:00+05:30,3115.949951171875,2314.95,2213.75,3110.75,1379552,0.0,0.0,ADANIENT.NS,Adani Enterprises Limited,Thermal Coal,Energy,Mr. Gautambhai Shantilal Adani S.Y. B.Com,"Ahmedabad, India",https://www.adanienterprises.com,2308.8,2238.85,2664840298496,77.06275,29.96,0.00059999997,3743.9,2025.0
2024-07-10 00:00:00+05:30,3120.10009765625,2314.95,2213.75,3096.0,1379552,0.0,0.0,ADANIENT.NS,Adani Enterprises Limited,Thermal Coal,Energy,Mr. Gautambhai Shantilal Adani S.Y. B.Com,"Ahmedabad, India",https://www.adanienterprises.com,2308.8,2238.85,2664840298496,77.06275,29.96,0.00059999997,3743.9,2025.0
2024-07-11 00:00:00+05:30,3118.699951171875,2314.95,2213.75,3078.300048828125,1379552,0.0,0.0,ADANIENT.NS,Adani Enterprises Limited,Thermal Coal,Energy,Mr. Gautambhai Shantilal Adani S.Y. B.Com,"Ahmedabad, India",https://www.adanienterprises.com,2308.8,2238.85,2664840298496,77.06275,29.96,0.00059999997,3743.9,2025.0
2024-07-12 00:00:00+05:30,3090.0,2314.95,2213.75,3065.449951171875,1379552,0.0,0.0,ADANIENT.NS,Adani Enterprises Limited,Thermal Coal,Energy,Mr. Gautambhai Shantilal Adani S.Y. B.Com,"Ahmedabad, India",https://www.adanienterprises.com,2308.8,2238.85,2664840298496,77.06275,29.96,0.00059999997,3743.9,2025.0
2024-07-15 00:00:00+05:30,3066.10009765625,2314.95,2213.75,3090.39990234375,1379552,0.0,0.0,ADANIENT.NS,Adani Enterprises Limited,Thermal Coal,Energy,Mr. Gautambhai Shantilal Adani S.Y. B.Com,"Ahmedabad, India",https://www.adanienterprises.com,2308.8,2238.85,2664840298496,77.06275,29.96,0.00059999997,3743.9,2025.0
2024-07-16 00:00:00+05:30,3110.0,2314.95,2213.75,3109.300048828125,1379552,0.0,0.0,ADANIENT.NS,Adani Enterprises Limited,Thermal Coal,Energy,Mr. Gautambhai Shantilal Adani S.Y. B.Com,"Ahmedabad, India",https://www.adanienterprises.com,2308.8,2238.85,2664840298496,77.06275,29.96,0.00059999997,3743.9,2025.0
2024-07-18 00:00:00+05:30,3106.0,2314.95,2213.75,3092.199951171875,1379552,0.0,0.0,ADANIENT.NS,Adani Enterprises Limited,Thermal Coal,Energy,Mr. Gautambhai Shantilal Adani S.Y. B.Com,"Ahmedabad, India",https://www.adanienterprises.com,2308.8,2238.85,2664840298496,77.06275,29.96,0.00059999997,3743.9,2025.0
2024-07-19 00:00:00+05:30,3092.0,2314.95,2213.75,3005.699951171875,1379552,0.0,0.0,ADANIENT.NS,Adani Enterprises Limited,Thermal Coal,Energy,Mr. Gautambhai Shantilal Adani S.Y. B.Com,"Ahmedabad, India",https://www.adanienterprises.com,2308.8,2238.85,2664840298496,77.06275,29.96,0.00059999997,3743.9,2025.0
2024-07-22 00:00:00+05:30,3005.699951171875,2314.95,2213.75,3000.85009765625,1379552,0.0,0.0,ADANIENT.NS,Adani Enterprises Limited,Thermal Coal,Energy,Mr. Gautambhai Shantilal Adani S.Y. B.Com,"Ahmedabad, India",https://www.adanienterprises.com,2308.8,2238.85,2664840298496,77.06275,29.96,0.00059999997,3743.9,2025.0
2024-07-23 00:00:00+05:30,3020.0,2314.95,2213.75,2995.35009765625,1379552,0.0,0.0,ADANIENT.NS,Adani Enterprises Limited,Thermal Coal,Energy,Mr. Gautambhai Shantilal Adani S.Y. B.Com,"Ahmedabad, India",https://www.adanienterprises.com,2308.8,2238.85,2664840298496,77.06275,29.96,0.00059999997,3743.9,2025.0
2024-07-24 00:00:00+05:30,2995.35009765625,2314.95,2213.75,2970.699951171875,1379552,0.0,0.0,ADANIENT.NS,Adani Enterprises Limited,Thermal Coal,Energy,Mr. Gautambhai Shantilal Adani S.Y. B.Com,"Ahmedabad, India",https://www.adanienterprises.com,2308.8,2238.85,2664840298496,77.06275,29.96,0.00059999997,3743.9,2025.0
2024-07-25 00:00:00+05:30,2960.699951171875,2314.95,2213.75,2973.5,1379552,0.0,0.0,ADANIENT.NS,Adani Enterprises Limited,Thermal Coal,Energy,Mr. Gautambhai Shantilal Adani S.Y. B.Com,"Ahmedabad, India",https://www.adanienterprises.com,2308.8,2238.85,2664840298496,77.06275,29.96,0.00059999997,3743.9,2025.0
2024-07-26 00:00:00+05:30,2995.0,2314.95,2213.75,3080.5,1379552,0.0,0.0,ADANIENT.NS,Adani Enterprises Limited,Thermal Coal,Energy,Mr. Gautambhai Shantilal Adani S.Y. B.Com,"Ahmedabad, India",https://www.adanienterprises.com,2308.8,2238.85,2664840298496,77.06275,29.96,0.00059999997,3743.9,2025.0
2024-07-29 00:00:00+05:30,3094.300048828125,2314.95,2213.75,3089.35009765625,1379552,0.0,0.0,ADANIENT.NS,Adani Enterprises Limited,Thermal Coal,Energy,Mr. Gautambhai Shantilal Adani S.Y. B.Com,"Ahmedabad, India",https://www.adanienterprises.com,2308.8,2238.85,2664840298496,77.06275,29.96,0.00059999997,3743.9,2025.0
2024-07-30 00:00:00+05:30,3092.0,2314.95,2213.75,3128.75,1379552,0.0,0.0,ADANIENT.NS,Adani Enterprises Limited,Thermal Coal,Energy,Mr. Gautambhai Shantilal Adani S.Y. B.Com,"Ahmedabad, India",https://www.adanienterprises.com,2308.8,2238.85,2664840298496,77.06275,29.96,0.00059999997,3743.9,2025.0
2024-07-31 00:00:00+05:30,3141.0,2314.95,2213.75,3169.39990234375,1379552,0.0,0.0,ADANIENT.NS,Adani Enterprises Limited,Thermal Coal,Energy,Mr. Gautambhai Shantilal Adani S.Y. B.Com,"Ahmedabad, India",https://www.adanienterprises.com,2308.8,2238.85,2664840298496,77.06275,29.96,0.00059999997,3743.9,2025.0
2024-08-01 00:00:00+05:30,3180.0,2314.95,2213.75,3217.25,1379552,0.0,0.0,ADANIENT.NS,Adani Enterprises Limited,Thermal Coal,Energy,Mr. Gautambhai Shantilal Adani S.Y. B.Com,"Ahmedabad, India",https://www.adanienterprises.com,2308.8,2238.85,2664840298496,77.06275,29.96,0.00059999997,3743.9,2025.0
2024-08-02 00:00:00+05:30,3200.0,2314.95,2213.75,3160.89990234375,1379552,0.0,0.0,ADANIENT.NS,Adani Enterprises Limited,Thermal Coal,Energy,Mr. Gautambhai Shantilal Adani S.Y. B.Com,"Ahmedabad, India",https://www.adanienterprises.com,2308.8,2238.85,2664840298496,77.06275,29.96,0.00059999997,3743.9,2025.0
2024-08-05 00:00:00+05:30,3085.0,2314.95,2213.75,3038.199951171875,1379552,0.0,0.0,ADANIENT.NS,Adani Enterprises Limited,Thermal Coal,Energy,Mr. Gautambhai Shantilal Adani S.Y. B.Com,"Ahmedabad, India",https://www.adanienterprises.com,2308.8,2238.85,2664840298496,77.06275,29.96,0.00059999997,3743.9,2025.0
2024-08-06 00:00:00+05:30,3084.0,2314.95,2213.75,3072.699951171875,1379552,0.0,0.0,ADANIENT.NS,Adani Enterprises Limited,Thermal Coal,Energy,Mr. Gautambhai Shantilal Adani S.Y. B.Com,"Ahmedabad, India",https://www.adanienterprises.com,2308.8,2238.85,2664840298496,77.06275,29.96,0.00059999997,3743.9,2025.0
2024-08-07 00:00:00+05:30,3118.0,2314.95,2213.75,3185.949951171875,1379552,0.0,0.0,ADANIENT.NS,Adani Enterprises Limited,Thermal Coal,Energy,Mr. Gautambhai Shantilal Adani S.Y. B.Com,"Ahmedabad, India",https://www.adanienterprises.com,2308.8,2238.85,2664840298496,77.06275,29.96,0.00059999997,3743.9,2025.0
2024-08-08 00:00:00+05:30,3190.550048828125,2314.95,2213.75,3167.550048828125,1379552,0.0,0.0,ADANIENT.NS,Adani Enterprises Limited,Thermal Coal,Energy,Mr. Gautambhai Shantilal Adani S.Y. B.Com,"Ahmedabad, India",https://www.adanienterprises.com,2308.8,2238.85,2664840298496,77.06275,29.96,0.00059999997,3743.9,2025.0
2024-08-09 00:00:00+05:30,3209.0,2314.95,2213.75,3187.550048828125,1379552,0.0,0.0,ADANIENT.NS,Adani Enterprises Limited,Thermal Coal,Energy,Mr. Gautambhai Shantilal Adani S.Y. B.Com,"Ahmedabad, India",https://www.adanienterprises.com,2308.8,2238.85,2664840298496,77.06275,29.96,0.00059999997,3743.9,2025.0
2024-08-12 00:00:00+05:30,3100.0,2314.95,2213.75,3151.75,1379552,0.0,0.0,ADANIENT.NS,Adani Enterprises Limited,Thermal Coal,Energy,Mr. Gautambhai Shantilal Adani S.Y. B.Com,"Ahmedabad, India",https://www.adanienterprises.com,2308.8,2238.85,2664840298496,77.06275,29.96,0.00059999997,3743.9,2025.0
2024-08-13 00:00:00+05:30,3170.050048828125,2314.95,2213.75,3092.199951171875,1379552,0.0,0.0,ADANIENT.NS,Adani Enterprises Limited,Thermal Coal,Energy,Mr. Gautambhai Shantilal Adani S.Y. B.Com,"Ahmedabad, India",https://www.adanienterprises.com,2308.8,2238.85,2664840298496,77.06275,29.96,0.00059999997,3743.9,2025.0
2024-08-14 00:00:00+05:30,3085.699951171875,2314.95,2213.75,3040.10009765625,1379552,0.0,0.0,ADANIENT.NS,Adani Enterprises Limited,Thermal Coal,Energy,Mr. Gautambhai Shantilal Adani S.Y. B.Com,"Ahmedabad, India",https://www.adanienterprises.com,2308.8,2238.85,2664840298496,77.06275,29.96,0.00059999997,3743.9,2025.0
2024-08-16 00:00:00+05:30,3070.0,2314.95,2213.75,3108.800048828125,1379552,0.0,0.0,ADANIENT.NS,Adani Enterprises Limited,Thermal Coal,Energy,Mr. Gautambhai Shantilal Adani S.Y. B.Com,"Ahmedabad, India",https://www.adanienterprises.com,2308.8,2238.85,2664840298496,77.06275,29.96,0.00059999997,3743.9,2025.0
2024-08-19 00:00:00+05:30,3122.050048828125,2314.95,2213.75,3102.550048828125,1379552,0.0,0.0,ADANIENT.NS,Adani Enterprises Limited,Thermal Coal,Energy,Mr. Gautambhai Shantilal Adani S.Y. B.Com,"Ahmedabad, India",https://www.adanienterprises.com,2308.8,2238.85,2664840298496,77.06275,29.96,0.00059999997,3743.9,2025.0
2024-08-20 00:00:00+05:30,3118.949951171875,2314.95,2213.75,3070.64990234375,1379552,0.0,0.0,ADANIENT.NS,Adani Enterprises Limited,Thermal Coal,Energy,Mr. Gautambhai Shantilal Adani S.Y. B.Com,"Ahmedabad, India",https://www.adanienterprises.com,2308.8,2238.85,2664840298496,77.06275,29.96,0.00059999997,3743.9,2025.0
2024-08-21 00:00:00+05:30,3070.64990234375,2314.95,2213.75,3115.699951171875,1379552,0.0,0.0,ADANIENT.NS,Adani Enterprises Limited,Thermal Coal,Energy,Mr. Gautambhai Shantilal Adani S.Y. B.Com,"Ahmedabad, India",https://www.adanienterprises.com,2308.8,2238.85,2664840298496,77.06275,29.96,0.00059999997,3743.9,2025.0
2024-08-22 00:00:00+05:30,3130.75,2314.95,2213.75,3099.050048828125,1379552,0.0,0.0,ADANIENT.NS,Adani Enterprises Limited,Thermal Coal,Energy,Mr. Gautambhai Shantilal Adani S.Y. B.Com,"Ahmedabad, India",https://www.adanienterprises.com,2308.8,2238.85,2664840298496,77.06275,29.96,0.00059999997,3743.9,2025.0
2024-08-23 00:00:00+05:30,3101.0,2314.95,2213.75,3076.35009765625,1379552,0.0,0.0,ADANIENT.NS,Adani Enterprises Limited,Thermal Coal,Energy,Mr. Gautambhai Shantilal Adani S.Y. B.Com,"Ahmedabad, India",https://www.adanienterprises.com,2308.8,2238.85,2664840298496,77.06275,29.96,0.00059999997,3743.9,2025.0
2024-08-26 00:00:00+05:30,3088.0,2314.95,2213.75,3069.0,1379552,0.0,0.0,ADANIENT.NS,Adani Enterprises Limited,Thermal Coal,Energy,Mr. Gautambhai Shantilal Adani S.Y. B.Com,"Ahmedabad, India",https://www.adanienterprises.com,2308.8,2238.85,2664840298496,77.06275,29.96,0.00059999997,3743.9,2025.0
2024-08-27 00:00:00+05:30,3072.199951171875,2314.95,2213.75,3067.10009765625,1379552,0.0,0.0,ADANIENT.NS,Adani Enterprises Limited,Thermal Coal,Energy,Mr. Gautambhai Shantilal Adani S.Y. B.Com,"Ahmedabad, India",https://www.adanienterprises.com,2308.8,2238.85,2664840298496,77.06275,29.96,0.00059999997,3743.9,2025.0
2024-08-28 00:00:00+05:30,3078.0,2314.95,2213.75,3028.0,1379552,0.0,0.0,ADANIENT.NS,Adani Enterprises Limited,Thermal Coal,Energy,Mr. Gautambhai Shantilal Adani S.Y. B.Com,"Ahmedabad, India",https://www.adanienterprises.com,2308.8,2238.85,2664840298496,77.06275,29.96,0.00059999997,3743.9,2025.0
2024-08-29 00:00:00+05:30,3030.0,2314.95,2213.75,3020.14990234375,1379552,0.0,0.0,ADANIENT.NS,Adani Enterprises Limited,Thermal Coal,Energy,Mr. Gautambhai Shantilal Adani S.Y. B.Com,"Ahmedabad, India",https://www.adanienterprises.com,2308.8,2238.85,2664840298496,77.06275,29.96,0.00059999997,3743.9,2025.0
2024-08-30 00:00:00+05:30,3030.0,2314.95,2213.75,3019.35009765625,1379552,0.0,0.0,ADANIENT.NS,Adani Enterprises Limited,Thermal Coal,Energy,Mr. Gautambhai Shantilal Adani S.Y. B.Com,"Ahmedabad, India",https://www.adanienterprises.com,2308.8,2238.85,2664840298496,77.06275,29.96,0.00059999997,3743.9,2025.0
2024-09-02 00:00:00+05:30,3021.10009765625,2314.95,2213.75,3042.14990234375,1379552,0.0,0.0,ADANIENT.NS,Adani Enterprises Limited,Thermal Coal,Energy,Mr. Gautambhai Shantilal Adani S.Y. B.Com,"Ahmedabad, India",https://www.adanienterprises.com,2308.8,2238.85,2664840298496,77.06275,29.96,0.00059999997,3743.9,2025.0
2024-09-03 00:00:00+05:30,3037.0,2314.95,2213.75,3036.10009765625,1379552,0.0,0.0,ADANIENT.NS,Adani Enterprises Limited,Thermal Coal,Energy,Mr. Gautambhai Shantilal Adani S.Y. B.Com,"Ahmedabad, India",https://www.adanienterprises.com,2308.8,2238.85,2664840298496,77.06275,29.96,0.00059999997,3743.9,2025.0
2024-09-04 00:00:00+05:30,3010.0,2314.95,2213.75,3012.35009765625,1379552,0.0,0.0,ADANIENT.NS,Adani Enterprises Limited,Thermal Coal,Energy,Mr. Gautambhai Shantilal Adani S.Y. B.Com,"Ahmedabad, India",https://www.adanienterprises.com,2308.8,2238.85,2664840298496,77.06275,29.96,0.00059999997,3743.9,2025.0
2024-09-05 00:00:00+05:30,3025.0,2314.95,2213.75,3015.35009765625,1379552,0.0,0.0,ADANIENT.NS,Adani Enterprises Limited,Thermal Coal,Energy,Mr. Gautambhai Shantilal Adani S.Y. B.Com,"Ahmedabad, India",https://www.adanienterprises.com,2308.8,2238.85,2664840298496,77.06275,29.96,0.00059999997,3743.9,2025.0
2024-09-06 00:00:00+05:30,3019.0,2314.95,2213.75,2975.449951171875,1379552,0.0,0.0,ADANIENT.NS,Adani Enterprises Limited,Thermal Coal,Energy,Mr. Gautambhai Shantilal Adani S.Y. B.Com,"Ahmedabad, India",https://www.adanienterprises.com,2308.8,2238.85,2664840298496,77.06275,29.96,0.00059999997,3743.9,2025.0
2024-09-09 00:00:00+05:30,2972.10009765625,2314.95,2213.75,2964.14990234375,1379552,0.0,0.0,ADANIENT.NS,Adani Enterprises Limited,Thermal Coal,Energy,Mr. Gautambhai Shantilal Adani S.Y. B.Com,"Ahmedabad, India",https://www.adanienterprises.com,2308.8,2238.85,2664840298496,77.06275,29.96,0.00059999997,3743.9,2025.0
2024-09-10 00:00:00+05:30,2971.60009765625,2314.95,2213.75,2986.39990234375,1379552,0.0,0.0,ADANIENT.NS,Adani Enterprises Limited,Thermal Coal,Energy,Mr. Gautambhai Shantilal Adani S.Y. B.Com,"Ahmedabad, India",https://www.adanienterprises.com,2308.8,2238.85,2664840298496,77.06275,29.96,0.00059999997,3743.9,2025.0
2024-09-11 00:00:00+05:30,2985.0,2314.95,2213.75,2937.85009765625,1379552,0.0,0.0,ADANIENT.NS,Adani Enterprises Limited,Thermal Coal,Energy,Mr. Gautambhai Shantilal Adani S.Y. B.Com,"Ahmedabad, India",https://www.adanienterprises.com,2308.8,2238.85,2664840298496,77.06275,29.96,0.00059999997,3743.9,2025.0
2024-09-12 00:00:00+05:30,2950.0,2314.95,2213.75,2991.0,1379552,0.0,0.0,ADANIENT.NS,Adani Enterprises Limited,Thermal Coal,Energy,Mr. Gautambhai Shantilal Adani S.Y. B.Com,"Ahmedabad, India",https://www.adanienterprises.com,2308.8,2238.85,2664840298496,77.06275,29.96,0.00059999997,3743.9,2025.0
2024-09-13 00:00:00+05:30,2972.0,2314.95,2213.75,2968.35009765625,1379552,0.0,0.0,ADANIENT.NS,Adani Enterprises Limited,Thermal Coal,Energy,Mr. Gautambhai Shantilal Adani S.Y. B.Com,"Ahmedabad, India",https://www.adanienterprises.com,2308.8,2238.85,2664840298496,77.06275,29.96,0.00059999997,3743.9,2025.0
2024-09-16 00:00:00+05:30,2972.0,2314.95,2213.75,2984.89990234375,1379552,0.0,0.0,ADANIENT.NS,Adani Enterprises Limited,Thermal Coal,Energy,Mr. Gautambhai Shantilal Adani S.Y. B.Com,"Ahmedabad, India",https://www.adanienterprises.com,2308.8,2238.85,2664840298496,77.06275,29.96,0.00059999997,3743.9,2025.0
2024-09-17 00:00:00+05:30,2990.050048828125,2314.95,2213.75,2975.199951171875,1379552,0.0,0.0,ADANIENT.NS,Adani Enterprises Limited,Thermal Coal,Energy,Mr. Gautambhai Shantilal Adani S.Y. B.Com,"Ahmedabad, India",https://www.adanienterprises.com,2308.8,2238.85,2664840298496,77.06275,29.96,0.00059999997,3743.9,2025.0
2024-09-18 00:00:00+05:30,2976.0,2314.95,2213.75,2956.300048828125,1379552,0.0,0.0,ADANIENT.NS,Adani Enterprises Limited,Thermal Coal,Energy,Mr. Gautambhai Shantilal Adani S.Y. B.Com,"Ahmedabad, India",https://www.adanienterprises.com,2308.8,2238.85,2664840298496,77.06275,29.96,0.00059999997,3743.9,2025.0
2024-09-19 00:00:00+05:30,2975.050048828125,2314.95,2213.75,2943.14990234375,1379552,0.0,0.0,ADANIENT.NS,Adani Enterprises Limited,Thermal Coal,Energy,Mr. Gautambhai Shantilal Adani S.Y. B.Com,"Ahmedabad, India",https://www.adanienterprises.com,2308.8,2238.85,2664840298496,77.06275,29.96,0.00059999997,3743.9,2025.0
2024-09-20 00:00:00+05:30,2948.14990234375,2314.95,2213.75,3008.5,1379552,0.0,0.0,ADANIENT.NS,Adani Enterprises Limited,Thermal Coal,Energy,Mr. Gautambhai Shantilal Adani S.Y. B.Com,"Ahmedabad, India",https://www.adanienterprises.com,2308.8,2238.85,2664840298496,77.06275,29.96,0.00059999997,3743.9,2025.0
2024-09-23 00:00:00+05:30,3020.0,2314.95,2213.75,3043.949951171875,1379552,0.0,0.0,ADANIENT.NS,Adani Enterprises Limited,Thermal Coal,Energy,Mr. Gautambhai Shantilal Adani S.Y. B.Com,"Ahmedabad, India",https://www.adanienterprises.com,2308.8,2238.85,2664840298496,77.06275,29.96,0.00059999997,3743.9,2025.0
2024-09-24 00:00:00+05:30,3055.0,2314.95,2213.75,3093.89990234375,1379552,0.0,0.0,ADANIENT.NS,Adani Enterprises Limited,Thermal Coal,Energy,Mr. Gautambhai Shantilal Adani S.Y. B.Com,"Ahmedabad, India",https://www.adanienterprises.com,2308.8,2238.85,2664840298496,77.06275,29.96,0.00059999997,3743.9,2025.0
2024-09-25 00:00:00+05:30,3108.0,2314.95,2213.75,3105.10009765625,1379552,0.0,0.0,ADANIENT.NS,Adani Enterprises Limited,Thermal Coal,Energy,Mr. Gautambhai Shantilal Adani S.Y. B.Com,"Ahmedabad, India",https://www.adanienterprises.com,2308.8,2238.85,2664840298496,77.06275,29.96,0.00059999997,3743.9,2025.0
2024-09-26 00:00:00+05:30,3085.0,2314.95,2213.75,3122.64990234375,1379552,0.0,0.0,ADANIENT.NS,Adani Enterprises Limited,Thermal Coal,Energy,Mr. Gautambhai Shantilal Adani S.Y. B.Com,"Ahmedabad, India",https://www.adanienterprises.com,2308.8,2238.85,2664840298496,77.06275,29.96,0.00059999997,3743.9,2025.0
2024-09-27 00:00:00+05:30,3122.0,2314.95,2213.75,3130.300048828125,1379552,0.0,0.0,ADANIENT.NS,Adani Enterprises Limited,Thermal Coal,Energy,Mr. Gautambhai Shantilal Adani S.Y. B.Com,"Ahmedabad, India",https://www.adanienterprises.com,2308.8,2238.85,2664840298496,77.06275,29.96,0.00059999997,3743.9,2025.0
2024-09-30 00:00:00+05:30,3129.0,2314.95,2213.75,3135.85009765625,1379552,0.0,0.0,ADANIENT.NS,Adani Enterprises Limited,Thermal Coal,Energy,Mr. Gautambhai Shantilal Adani S.Y. B.Com,"Ahmedabad, India",https://www.adanienterprises.com,2308.8,2238.85,2664840298496,77.06275,29.96,0.00059999997,3743.9,2025.0
2024-10-01 00:00:00+05:30,3136.300048828125,2314.95,2213.75,3186.10009765625,1379552,0.0,0.0,ADANIENT.NS,Adani Enterprises Limited,Thermal Coal,Energy,Mr. Gautambhai Shantilal Adani S.Y. B.Com,"Ahmedabad, India",https://www.adanienterprises.com,2308.8,2238.85,2664840298496,77.06275,29.96,0.00059999997,3743.9,2025.0
2024-10-03 00:00:00+05:30,3150.0,2314.95,2213.75,3116.0,1379552,0.0,0.0,ADANIENT.NS,Adani Enterprises Limited,Thermal Coal,Energy,Mr. Gautambhai Shantilal Adani S.Y. B.Com,"Ahmedabad, India",https://www.adanienterprises.com,2308.8,2238.85,2664840298496,77.06275,29.96,0.00059999997,3743.9,2025.0
2024-10-04 00:00:00+05:30,3119.89990234375,2314.95,2213.75,3110.64990234375,1379552,0.0,0.0,ADANIENT.NS,Adani Enterprises Limited,Thermal Coal,Energy,Mr. Gautambhai Shantilal Adani S.Y. B.Com,"Ahmedabad, India",https://www.adanienterprises.com,2308.8,2238.85,2664840298496,77.06275,29.96,0.00059999997,3743.9,2025.0
2024-10-07 00:00:00+05:30,3110.64990234375,2314.95,2213.75,3018.0,1379552,0.0,0.0,ADANIENT.NS,Adani Enterprises Limited,Thermal Coal,Energy,Mr. Gautambhai Shantilal Adani S.Y. B.Com,"Ahmedabad, India",https://www.adanienterprises.com,2308.8,2238.85,2664840298496,77.06275,29.96,0.00059999997,3743.9,2025.0
2024-10-08 00:00:00+05:30,3018.5,2314.95,2213.75,3160.699951171875,1379552,0.0,0.0,ADANIENT.NS,Adani Enterprises Limited,Thermal Coal,Energy,Mr. Gautambhai Shantilal Adani S.Y. B.Com,"Ahmedabad, India",https://www.adanienterprises.com,2308.8,2238.85,2664840298496,77.06275,29.96,0.00059999997,3743.9,2025.0
2024-10-09 00:00:00+05:30,3175.0,2314.95,2213.75,3153.75,1379552,0.0,0.0,ADANIENT.NS,Adani Enterprises Limited,Thermal Coal,Energy,Mr. Gautambhai Shantilal Adani S.Y. B.Com,"Ahmedabad, India",https://www.adanienterprises.com,2308.8,2238.85,2664840298496,77.06275,29.96,0.00059999997,3743.9,2025.0
2024-10-10 00:00:00+05:30,3140.0,2314.95,2213.75,3174.199951171875,1379552,0.0,0.0,ADANIENT.NS,Adani Enterprises Limited,Thermal Coal,Energy,Mr. Gautambhai Shantilal Adani S.Y. B.Com,"Ahmedabad, India",https://www.adanienterprises.com,2308.8,2238.85,2664840298496,77.06275,29.96,0.00059999997,3743.9,2025.0
2024-10-11 00:00:00+05:30,3174.199951171875,2314.95,2213.75,3137.199951171875,1379552,0.0,0.0,ADANIENT.NS,Adani Enterprises Limited,Thermal Coal,Energy,Mr. Gautambhai Shantilal Adani S.Y. B.Com,"Ahmedabad, India",https://www.adanienterprises.com,2308.8,2238.85,2664840298496,77.06275,29.96,0.00059999997,3743.9,2025.0
2024-10-14 00:00:00+05:30,3145.0,2314.95,2213.75,3101.10009765625,1379552,0.0,0.0,ADANIENT.NS,Adani Enterprises Limited,Thermal Coal,Energy,Mr. Gautambhai Shantilal Adani S.Y. B.Com,"Ahmedabad, India",https://www.adanienterprises.com,2308.8,2238.85,2664840298496,77.06275,29.96,0.00059999997,3743.9,2025.0
2024-10-15 00:00:00+05:30,3124.0,2314.95,2213.75,3104.699951171875,1379552,0.0,0.0,ADANIENT.NS,Adani Enterprises Limited,Thermal Coal,Energy,Mr. Gautambhai Shantilal Adani S.Y. B.Com,"Ahmedabad, India",https://www.adanienterprises.com,2308.8,2238.85,2664840298496,77.06275,29.96,0.00059999997,3743.9,2025.0
2024-10-16 00:00:00+05:30,3098.0,2314.95,2213.75,3085.89990234375,1379552,0.0,0.0,ADANIENT.NS,Adani Enterprises Limited,Thermal Coal,Energy,Mr. Gautambhai Shantilal Adani S.Y. B.Com,"Ahmedabad, India",https://www.adanienterprises.com,2308.8,2238.85,2664840298496,77.06275,29.96,0.00059999997,3743.9,2025.0
2024-10-17 00:00:00+05:30,3089.949951171875,2314.95,2213.75,3013.75,1379552,0.0,0.0,ADANIENT.NS,Adani Enterprises Limited,Thermal Coal,Energy,Mr. Gautambhai Shantilal Adani S.Y. B.Com,"Ahmedabad, India",https://www.adanienterprises.com,2308.8,2238.85,2664840298496,77.06275,29.96,0.00059999997,3743.9,2025.0
2024-10-18 00:00:00+05:30,2990.0,2314.95,2213.75,3002.0,1379552,0.0,0.0,ADANIENT.NS,Adani Enterprises Limited,Thermal Coal,Energy,Mr. Gautambhai Shantilal Adani S.Y. B.Com,"Ahmedabad, India",https://www.adanienterprises.com,2308.8,2238.85,2664840298496,77.06275,29.96,0.00059999997,3743.9,2025.0
2024-10-21 00:00:00+05:30,3005.14990234375,2314.95,2213.75,2937.64990234375,1379552,0.0,0.0,ADANIENT.NS,Adani Enterprises Limited,Thermal Coal,Energy,Mr. Gautambhai Shantilal Adani S.Y. B.Com,"Ahmedabad, India",https://www.adanienterprises.com,2308.8,2238.85,2664840298496,77.06275,29.96,0.00059999997,3743.9,2025.0
2024-10-22 00:00:00+05:30,2938.0,2314.95,2213.75,2823.800048828125,1379552,0.0,0.0,ADANIENT.NS,Adani Enterprises Limited,Thermal Coal,Energy,Mr. Gautambhai Shantilal Adani S.Y. B.Com,"Ahmedabad, India",https://www.adanienterprises.com,2308.8,2238.85,2664840298496,77.06275,29.96,0.00059999997,3743.9,2025.0
2024-10-23 00:00:00+05:30,2840.85009765625,2314.95,2213.75,2835.550048828125,1379552,0.0,0.0,ADANIENT.NS,Adani Enterprises Limited,Thermal Coal,Energy,Mr. Gautambhai Shantilal Adani S.Y. B.Com,"Ahmedabad, India",https://www.adanienterprises.com,2308.8,2238.85,2664840298496,77.06275,29.96,0.00059999997,3743.9,2025.0
2024-10-24 00:00:00+05:30,2841.050048828125,2314.95,2213.75,2830.199951171875,1379552,0.0,0.0,ADANIENT.NS,Adani Enterprises Limited,Thermal Coal,Energy,Mr. Gautambhai Shantilal Adani S.Y. B.Com,"Ahmedabad, India",https://www.adanienterprises.com,2308.8,2238.85,2664840298496,77.06275,29.96,0.00059999997,3743.9,2025.0
2024-10-25 00:00:00+05:30,2845.0,2314.95,2213.75,2693.449951171875,1379552,0.0,0.0,ADANIENT.NS,Adani Enterprises Limited,Thermal Coal,Energy,Mr. Gautambhai Shantilal Adani S.Y. B.Com,"Ahmedabad, India",https://www.adanienterprises.com,2308.8,2238.85,2664840298496,77.06275,29.96,0.00059999997,3743.9,2025.0
2024-10-28 00:00:00+05:30,2701.10009765625,2314.95,2213.75,2798.64990234375,1379552,0.0,0.0,ADANIENT.NS,Adani Enterprises Limited,Thermal Coal,Energy,Mr. Gautambhai Shantilal Adani S.Y. B.Com,"Ahmedabad, India",https://www.adanienterprises.com,2308.8,2238.85,2664840298496,77.06275,29.96,0.00059999997,3743.9,2025.0
2024-10-29 00:00:00+05:30,2803.0,2314.95,2213.75,2848.60009765625,1379552,0.0,0.0,ADANIENT.NS,Adani Enterprises Limited,Thermal Coal,Energy,Mr. Gautambhai Shantilal Adani S.Y. B.Com,"Ahmedabad, India",https://www.adanienterprises.com,2308.8,2238.85,2664840298496,77.06275,29.96,0.00059999997,3743.9,2025.0
2024-10-30 00:00:00+05:30,2864.0,2314.95,2213.75,2969.300048828125,1379552,0.0,0.0,ADANIENT.NS,Adani Enterprises Limited,Thermal Coal,Energy,Mr. Gautambhai Shantilal Adani S.Y. B.Com,"Ahmedabad, India",https://www.adanienterprises.com,2308.8,2238.85,2664840298496,77.06275,29.96,0.00059999997,3743.9,2025.0
2024-10-31 00:00:00+05:30,2967.89990234375,2314.95,2213.75,2947.25,1379552,0.0,0.0,ADANIENT.NS,Adani Enterprises Limited,Thermal Coal,Energy,Mr. Gautambhai Shantilal Adani S.Y. B.Com,"Ahmedabad, India",https://www.adanienterprises.com,2308.8,2238.85,2664840298496,77.06275,29.96,0.00059999997,3743.9,2025.0
2024-11-01 00:00:00+05:30,2960.0,2314.95,2213.75,2949.5,1379552,0.0,0.0,ADANIENT.NS,Adani Enterprises Limited,Thermal Coal,Energy,Mr. Gautambhai Shantilal Adani S.Y. B.Com,"Ahmedabad, India",https://www.adanienterprises.com,2308.8,2238.85,2664840298496,77.06275,29.96,0.00059999997,3743.9,2025.0
2024-11-04 00:00:00+05:30,2935.0,2314.95,2213.75,2897.39990234375,1379552,0.0,0.0,ADANIENT.NS,Adani Enterprises Limited,Thermal Coal,Energy,Mr. Gautambhai Shantilal Adani S.Y. B.Com,"Ahmedabad, India",https://www.adanienterprises.com,2308.8,2238.85,2664840298496,77.06275,29.96,0.00059999997,3743.9,2025.0
2024-11-05 00:00:00+05:30,2897.39990234375,2314.95,2213.75,2915.550048828125,1379552,0.0,0.0,ADANIENT.NS,Adani Enterprises Limited,Thermal Coal,Energy,Mr. Gautambhai Shantilal Adani S.Y. B.Com,"Ahmedabad, India",https://www.adanienterprises.com,2308.8,2238.85,2664840298496,77.06275,29.96,0.00059999997,3743.9,2025.0
2024-11-06 00:00:00+05:30,2918.0,2314.95,2213.75,3046.25,1379552,0.0,0.0,ADANIENT.NS,Adani Enterprises Limited,Thermal Coal,Energy,Mr. Gautambhai Shantilal Adani S.Y. B.Com,"Ahmedabad, India",https://www.adanienterprises.com,2308.8,2238.85,2664840298496,77.06275,29.96,0.00059999997,3743.9,2025.0
2024-11-07 00:00:00+05:30,3045.0,2314.95,2213.75,2970.10009765625,1379552,0.0,0.0,ADANIENT.NS,Adani Enterprises Limited,Thermal Coal,Energy,Mr. Gautambhai Shantilal Adani S.Y. B.Com,"Ahmedabad, India",https://www.adanienterprises.com,2308.8,2238.85,2664840298496,77.06275,29.96,0.00059999997,3743.9,2025.0
2024-11-08 00:00:00+05:30,2965.10009765625,2314.95,2213.75,2929.10009765625,1379552,0.0,0.0,ADANIENT.NS,Adani Enterprises Limited,Thermal Coal,Energy,Mr. Gautambhai Shantilal Adani S.Y. B.Com,"Ahmedabad, India",https://www.adanienterprises.com,2308.8,2238.85,2664840298496,77.06275,29.96,0.00059999997,3743.9,2025.0
2024-11-11 00:00:00+05:30,2928.0,2314.95,2213.75,2903.64990234375,1379552,0.0,0.0,ADANIENT.NS,Adani Enterprises Limited,Thermal Coal,Energy,Mr. Gautambhai Shantilal Adani S.Y. B.Com,"Ahmedabad, India",https://www.adanienterprises.com,2308.8,2238.85,2664840298496,77.06275,29.96,0.00059999997,3743.9,2025.0
2024-11-12 00:00:00+05:30,2910.0,2314.95,2213.75,2870.0,1379552,0.0,0.0,ADANIENT.NS,Adani Enterprises Limited,Thermal Coal,Energy,Mr. Gautambhai Shantilal Adani S.Y. B.Com,"Ahmedabad, India",https://www.adanienterprises.com,2308.8,2238.85,2664840298496,77.06275,29.96,0.00059999997,3743.9,2025.0
2024-11-13 00:00:00+05:30,2860.0,2314.95,2213.75,2816.699951171875,1379552,0.0,0.0,ADANIENT.NS,Adani Enterprises Limited,Thermal Coal,Energy,Mr. Gautambhai Shantilal Adani S.Y. B.Com,"Ahmedabad, India",https://www.adanienterprises.com,2308.8,2238.85,2664840298496,77.06275,29.96,0.00059999997,3743.9,2025.0
2024-11-14 00:00:00+05:30,2824.0,2314.95,2213.75,2826.800048828125,1379552,0.0,0.0,ADANIENT.NS,Adani Enterprises Limited,Thermal Coal,Energy,Mr. Gautambhai Shantilal Adani S.Y. B.Com,"Ahmedabad, India",https://www.adanienterprises.com,2308.8,2238.85,2664840298496,77.06275,29.96,0.00059999997,3743.9,2025.0
2024-11-18 00:00:00+05:30,2826.800048828125,2314.95,2213.75,2818.699951171875,1379552,0.0,0.0,ADANIENT.NS,Adani Enterprises Limited,Thermal Coal,Energy,Mr. Gautambhai Shantilal Adani S.Y. B.Com,"Ahmedabad, India",https://www.adanienterprises.com,2308.8,2238.85,2664840298496,77.06275,29.96,0.00059999997,3743.9,2025.0
2024-11-19 00:00:00+05:30,2831.0,2314.95,2213.75,2821.5,1379552,0.0,0.0,ADANIENT.NS,Adani Enterprises Limited,Thermal Coal,Energy,Mr. Gautambhai Shantilal Adani S.Y. B.Com,"Ahmedabad, India",https://www.adanienterprises.com,2308.8,2238.85,2664840298496,77.06275,29.96,0.00059999997,3743.9,2025.0
2024-11-21 00:00:00+05:30,2539.35009765625,2314.95,2213.75,2183.64990234375,1379552,0.0,0.0,ADANIENT.NS,Adani Enterprises Limited,Thermal Coal,Energy,Mr. Gautambhai Shantilal Adani S.Y. B.Com,"Ahmedabad, India",https://www.adanienterprises.com,2308.8,2238.85,2664840298496,77.06275,29.96,0.00059999997,3743.9,2025.0
2024-11-22 00:00:00+05:30,2101.0,2314.95,2213.75,2228.0,1379552,0.0,0.0,ADANIENT.NS,Adani Enterprises Limited,Thermal Coal,Energy,Mr. Gautambhai Shantilal Adani S.Y. B.Com,"Ahmedabad, India",https://www.adanienterprises.com,2308.8,2238.85,2664840298496,77.06275,29.96,0.00059999997,3743.9,2025.0
2024-11-25 00:00:00+05:30,2315.0,2314.95,2213.75,2257.5,1379552,0.0,0.0,ADANIENT.NS,Adani Enterprises Limited,Thermal Coal,Energy,Mr. Gautambhai Shantilal Adani S.Y. B.Com,"Ahmedabad, India",https://www.adanienterprises.com,2308.8,2238.85,2664840298496,77.06275,29.96,0.00059999997,3743.9,2025.0
2024-11-26 00:00:00+05:30,2265.60009765625,2314.95,2213.75,2150.5,1379552,0.0,0.0,ADANIENT.NS,Adani Enterprises Limited,Thermal Coal,Energy,Mr. Gautambhai Shantilal Adani S.Y. B.Com,"Ahmedabad, India",https://www.adanienterprises.com,2308.8,2238.85,2664840298496,77.06275,29.96,0.00059999997,3743.9,2025.0
2024-11-27 00:00:00+05:30,2180.0,2314.95,2213.75,2397.800048828125,1379552,0.0,0.0,ADANIENT.NS,Adani Enterprises Limited,Thermal Coal,Energy,Mr. Gautambhai Shantilal Adani S.Y. B.Com,"Ahmedabad, India",https://www.adanienterprises.com,2308.8,2238.85,2664840298496,77.06275,29.96,0.00059999997,3743.9,2025.0
2024-11-28 00:00:00+05:30,2440.0,2314.95,2213.75,2437.10009765625,1379552,0.0,0.0,ADANIENT.NS,Adani Enterprises Limited,Thermal Coal,Energy,Mr. Gautambhai Shantilal Adani S.Y. B.Com,"Ahmedabad, India",https://www.adanienterprises.com,2308.8,2238.85,2664840298496,77.06275,29.96,0.00059999997,3743.9,2025.0
2024-11-29 00:00:00+05:30,2464.050048828125,2314.95,2213.75,2463.14990234375,1379552,0.0,0.0,ADANIENT.NS,Adani Enterprises Limited,Thermal Coal,Energy,Mr. Gautambhai Shantilal Adani S.Y. B.Com,"Ahmedabad, India",https://www.adanienterprises.com,2308.8,2238.85,2664840298496,77.06275,29.96,0.00059999997,3743.9,2025.0
2024-12-02 00:00:00+05:30,2491.35009765625,2314.95,2213.75,2457.050048828125,1379552,0.0,0.0,ADANIENT.NS,Adani Enterprises Limited,Thermal Coal,Energy,Mr. Gautambhai Shantilal Adani S.Y. B.Com,"Ahmedabad, India",https://www.adanienterprises.com,2308.8,2238.85,2664840298496,77.06275,29.96,0.00059999997,3743.9,2025.0
2024-12-03 00:00:00+05:30,2464.0,2314.95,2213.75,2514.199951171875,1379552,0.0,0.0,ADANIENT.NS,Adani Enterprises Limited,Thermal Coal,Energy,Mr. Gautambhai Shantilal Adani S.Y. B.Com,"Ahmedabad, India",https://www.adanienterprises.com,2308.8,2238.85,2664840298496,77.06275,29.96,0.00059999997,3743.9,2025.0
2024-12-04 00:00:00+05:30,2528.0,2314.95,2213.75,2494.75,1379552,0.0,0.0,ADANIENT.NS,Adani Enterprises Limited,Thermal Coal,Energy,Mr. Gautambhai Shantilal Adani S.Y. B.Com,"Ahmedabad, India",https://www.adanienterprises.com,2308.8,2238.85,2664840298496,77.06275,29.96,0.00059999997,3743.9,2025.0
2024-12-05 00:00:00+05:30,2505.0,2314.95,2213.75,2522.550048828125,1379552,0.0,0.0,ADANIENT.NS,Adani Enterprises Limited,Thermal Coal,Energy,Mr. Gautambhai Shantilal Adani S.Y. B.Com,"Ahmedabad, India",https://www.adanienterprises.com,2308.8,2238.85,2664840298496,77.06275,29.96,0.00059999997,3743.9,2025.0
2024-12-06 00:00:00+05:30,2520.0,2314.95,2213.75,2506.39990234375,1379552,0.0,0.0,ADANIENT.NS,Adani Enterprises Limited,Thermal Coal,Energy,Mr. Gautambhai Shantilal Adani S.Y. B.Com,"Ahmedabad, India",https://www.adanienterprises.com,2308.8,2238.85,2664840298496,77.06275,29.96,0.00059999997,3743.9,2025.0
2024-12-09 00:00:00+05:30,2507.89990234375,2314.95,2213.75,2495.85009765625,1379552,0.0,0.0,ADANIENT.NS,Adani Enterprises Limited,Thermal Coal,Energy,Mr. Gautambhai Shantilal Adani S.Y. B.Com,"Ahmedabad, India",https://www.adanienterprises.com,2308.8,2238.85,2664840298496,77.06275,29.96,0.00059999997,3743.9,2025.0
2024-12-10 00:00:00+05:30,2501.0,2314.95,2213.75,2467.199951171875,1379552,0.0,0.0,ADANIENT.NS,Adani Enterprises Limited,Thermal Coal,Energy,Mr. Gautambhai Shantilal Adani S.Y. B.Com,"Ahmedabad, India",https://www.adanienterprises.com,2308.8,2238.85,2664840298496,77.06275,29.96,0.00059999997,3743.9,2025.0
2024-12-11 00:00:00+05:30,2469.0,2314.95,2213.75,2457.25,1379552,0.0,0.0,ADANIENT.NS,Adani Enterprises Limited,Thermal Coal,Energy,Mr. Gautambhai Shantilal Adani S.Y. B.Com,"Ahmedabad, India",https://www.adanienterprises.com,2308.8,2238.85,2664840298496,77.06275,29.96,0.00059999997,3743.9,2025.0
2024-12-12 00:00:00+05:30,2457.0,2314.95,2213.75,2504.10009765625,1379552,0.0,0.0,ADANIENT.NS,Adani Enterprises Limited,Thermal Coal,Energy,Mr. Gautambhai Shantilal Adani S.Y. B.Com,"Ahmedabad, India",https://www.adanienterprises.com,2308.8,2238.85,2664840298496,77.06275,29.96,0.00059999997,3743.9,2025.0
2024-12-13 00:00:00+05:30,2504.0,2314.95,2213.75,2527.550048828125,1379552,0.0,0.0,ADANIENT.NS,Adani Enterprises Limited,Thermal Coal,Energy,Mr. Gautambhai Shantilal Adani S.Y. B.Com,"Ahmedabad, India",https://www.adanienterprises.com,2308.8,2238.85,2664840298496,77.06275,29.96,0.00059999997,3743.9,2025.0
2024-12-16 00:00:00+05:30,2530.0,2314.95,2213.75,2512.39990234375,1379552,0.0,0.0,ADANIENT.NS,Adani Enterprises Limited,Thermal Coal,Energy,Mr. Gautambhai Shantilal Adani S.Y. B.Com,"Ahmedabad, India",https://www.adanienterprises.com,2308.8,2238.85,2664840298496,77.06275,29.96,0.00059999997,3743.9,2025.0
2024-12-17 00:00:00+05:30,2512.0,2314.95,2213.75,2487.60009765625,1379552,0.0,0.0,ADANIENT.NS,Adani Enterprises Limited,Thermal Coal,Energy,Mr. Gautambhai Shantilal Adani S.Y. B.Com,"Ahmedabad, India",https://www.adanienterprises.com,2308.8,2238.85,2664840298496,77.06275,29.96,0.00059999997,3743.9,2025.0
2024-12-18 00:00:00+05:30,2489.0,2314.95,2213.75,2457.39990234375,1379552,0.0,0.0,ADANIENT.NS,Adani Enterprises Limited,Thermal Coal,Energy,Mr. Gautambhai Shantilal Adani S.Y. B.Com,"Ahmedabad, India",https://www.adanienterprises.com,2308.8,2238.85,2664840298496,77.06275,29.96,0.00059999997,3743.9,2025.0
2024-12-19 00:00:00+05:30,2429.0,2314.95,2213.75,2419.35009765625,1379552,0.0,0.0,ADANIENT.NS,Adani Enterprises Limited,Thermal Coal,Energy,Mr. Gautambhai Shantilal Adani S.Y. B.Com,"Ahmedabad, India",https://www.adanienterprises.com,2308.8,2238.85,2664840298496,77.06275,29.96,0.00059999997,3743.9,2025.0
2024-12-20 00:00:00+05:30,2429.0,2314.95,2213.75,2344.949951171875,1379552,0.0,0.0,ADANIENT.NS,Adani Enterprises Limited,Thermal Coal,Energy,Mr. Gautambhai Shantilal Adani S.Y. B.Com,"Ahmedabad, India",https://www.adanienterprises.com,2308.8,2238.85,2664840298496,77.06275,29.96,0.00059999997,3743.9,2025.0
2024-12-23 00:00:00+05:30,2373.949951171875,2314.95,2213.75,2338.949951171875,1379552,0.0,0.0,ADANIENT.NS,Adani Enterprises Limited,Thermal Coal,Energy,Mr. Gautambhai Shantilal Adani S.Y. B.Com,"Ahmedabad, India",https://www.adanienterprises.com,2308.8,2238.85,2664840298496,77.06275,29.96,0.00059999997,3743.9,2025.0
2024-12-24 00:00:00+05:30,2355.199951171875,2314.95,2213.75,2372.449951171875,1379552,0.0,0.0,ADANIENT.NS,Adani Enterprises Limited,Thermal Coal,Energy,Mr. Gautambhai Shantilal Adani S.Y. B.Com,"Ahmedabad, India",https://www.adanienterprises.com,2308.8,2238.85,2664840298496,77.06275,29.96,0.00059999997,3743.9,2025.0
2024-12-26 00:00:00+05:30,2378.050048828125,2314.95,2213.75,2400.25,1379552,0.0,0.0,ADANIENT.NS,Adani Enterprises Limited,Thermal Coal,Energy,Mr. Gautambhai Shantilal Adani S.Y. B.Com,"Ahmedabad, India",https://www.adanienterprises.com,2308.8,2238.85,2664840298496,77.06275,29.96,0.00059999997,3743.9,2025.0
2024-12-27 00:00:00+05:30,2415.0,2314.95,2213.75,2409.949951171875,1379552,0.0,0.0,ADANIENT.NS,Adani Enterprises Limited,Thermal Coal,Energy,Mr. Gautambhai Shantilal Adani S.Y. B.Com,"Ahmedabad, India",https://www.adanienterprises.com,2308.8,2238.85,2664840298496,77.06275,29.96,0.00059999997,3743.9,2025.0
2024-12-30 00:00:00+05:30,2425.0,2314.95,2213.75,2592.35009765625,1379552,0.0,0.0,ADANIENT.NS,Adani Enterprises Limited,Thermal Coal,Energy,Mr. Gautambhai Shantilal Adani S.Y. B.Com,"Ahmedabad, India",https://www.adanienterprises.com,2308.8,2238.85,2664840298496,77.06275,29.96,0.00059999997,3743.9,2025.0
2024-12-31 00:00:00+05:30,2575.0,2314.95,2213.75,2528.64990234375,1379552,0.0,0.0,ADANIENT.NS,Adani Enterprises Limited,Thermal Coal,Energy,Mr. Gautambhai Shantilal Adani S.Y. B.Com,"Ahmedabad, India",https://www.adanienterprises.com,2308.8,2238.85,2664840298496,77.06275,29.96,0.00059999997,3743.9,2025.0
2025-01-01 00:00:00+05:30,2536.0,2314.95,2213.75,2554.85009765625,1379552,0.0,0.0,ADANIENT.NS,Adani Enterprises Limited,Thermal Coal,Energy,Mr. Gautambhai Shantilal Adani S.Y. B.Com,"Ahmedabad, India",https://www.adanienterprises.com,2308.8,2238.85,2664840298496,77.06275,29.96,0.00059999997,3743.9,2025.0
2025-01-02 00:00:00+05:30,2565.699951171875,2314.95,2213.75,2597.699951171875,1379552,0.0,0.0,ADANIENT.NS,Adani Enterprises Limited,Thermal Coal,Energy,Mr. Gautambhai Shantilal Adani S.Y. B.Com,"Ahmedabad, India",https://www.adanienterprises.com,2308.8,2238.85,2664840298496,77.06275,29.96,0.00059999997,3743.9,2025.0
2025-01-03 00:00:00+05:30,2580.0,2314.95,2213.75,2564.60009765625,1379552,0.0,0.0,ADANIENT.NS,Adani Enterprises Limited,Thermal Coal,Energy,Mr. Gautambhai Shantilal Adani S.Y. B.Com,"Ahmedabad, India",https://www.adanienterprises.com,2308.8,2238.85,2664840298496,77.06275,29.96,0.00059999997,3743.9,2025.0
2025-01-06 00:00:00+05:30,2557.64990234375,2314.95,2213.75,2474.449951171875,1379552,0.0,0.0,ADANIENT.NS,Adani Enterprises Limited,Thermal Coal,Energy,Mr. Gautambhai Shantilal Adani S.Y. B.Com,"Ahmedabad, India",https://www.adanienterprises.com,2308.8,2238.85,2664840298496,77.06275,29.96,0.00059999997,3743.9,2025.0
2025-01-07 00:00:00+05:30,2474.64990234375,2314.95,2213.75,2520.550048828125,1379552,0.0,0.0,ADANIENT.NS,Adani Enterprises Limited,Thermal Coal,Energy,Mr. Gautambhai Shantilal Adani S.Y. B.Com,"Ahmedabad, India",https://www.adanienterprises.com,2308.8,2238.85,2664840298496,77.06275,29.96,0.00059999997,3743.9,2025.0
2025-01-08 00:00:00+05:30,2520.550048828125,2314.95,2213.75,2515.25,1379552,0.0,0.0,ADANIENT.NS,Adani Enterprises Limited,Thermal Coal,Energy,Mr. Gautambhai Shantilal Adani S.Y. B.Com,"Ahmedabad, India",https://www.adanienterprises.com,2308.8,2238.85,2664840298496,77.06275,29.96,0.00059999997,3743.9,2025.0
2025-01-09 00:00:00+05:30,2517.0,2314.95,2213.75,2477.89990234375,1379552,0.0,0.0,ADANIENT.NS,Adani Enterprises Limited,Thermal Coal,Energy,Mr. Gautambhai Shantilal Adani S.Y. B.Com,"Ahmedabad, India",https://www.adanienterprises.com,2308.8,2238.85,2664840298496,77.06275,29.96,0.00059999997,3743.9,2025.0
2025-01-10 00:00:00+05:30,2480.0,2314.95,2213.75,2374.39990234375,1379552,0.0,0.0,ADANIENT.NS,Adani Enterprises Limited,Thermal Coal,Energy,Mr. Gautambhai Shantilal Adani S.Y. B.Com,"Ahmedabad, India",https://www.adanienterprises.com,2308.8,2238.85,2664840298496,77.06275,29.96,0.00059999997,3743.9,2025.0
2025-01-13 00:00:00+05:30,2365.0,2314.95,2213.75,2225.14990234375,1379552,0.0,0.0,ADANIENT.NS,Adani Enterprises Limited,Thermal Coal,Energy,Mr. Gautambhai Shantilal Adani S.Y. B.Com,"Ahmedabad, India",https://www.adanienterprises.com,2308.8,2238.85,2664840298496,77.06275,29.96,0.00059999997,3743.9,2025.0
2025-01-14 00:00:00+05:30,2241.5,2314.95,2213.75,2380.550048828125,1379552,0.0,0.0,ADANIENT.NS,Adani Enterprises Limited,Thermal Coal,Energy,Mr. Gautambhai Shantilal Adani S.Y. B.Com,"Ahmedabad, India",https://www.adanienterprises.com,2308.8,2238.85,2664840298496,77.06275,29.96,0.00059999997,3743.9,2025.0
2025-01-15 00:00:00+05:30,2399.0,2314.95,2213.75,2388.14990234375,1379552,0.0,0.0,ADANIENT.NS,Adani Enterprises Limited,Thermal Coal,Energy,Mr. Gautambhai Shantilal Adani S.Y. B.Com,"Ahmedabad, India",https://www.adanienterprises.com,2308.8,2238.85,2664840298496,77.06275,29.96,0.00059999997,3743.9,2025.0
2025-01-16 00:00:00+05:30,2500.0,2314.95,2213.75,2427.85009765625,1379552,0.0,0.0,ADANIENT.NS,Adani Enterprises Limited,Thermal Coal,Energy,Mr. Gautambhai Shantilal Adani S.Y. B.Com,"Ahmedabad, India",https://www.adanienterprises.com,2308.8,2238.85,2664840298496,77.06275,29.96,0.00059999997,3743.9,2025.0
2025-01-17 00:00:00+05:30,2450.0,2314.95,2213.75,2399.800048828125,1379552,0.0,0.0,ADANIENT.NS,Adani Enterprises Limited,Thermal Coal,Energy,Mr. Gautambhai Shantilal Adani S.Y. B.Com,"Ahmedabad, India",https://www.adanienterprises.com,2308.8,2238.85,2664840298496,77.06275,29.96,0.00059999997,3743.9,2025.0
2025-01-20 00:00:00+05:30,2413.75,2314.95,2213.75,2442.800048828125,1379552,0.0,0.0,ADANIENT.NS,Adani Enterprises Limited,Thermal Coal,Energy,Mr. Gautambhai Shantilal Adani S.Y. B.Com,"Ahmedabad, India",https://www.adanienterprises.com,2308.8,2238.85,2664840298496,77.06275,29.96,0.00059999997,3743.9,2025.0
2025-01-21 00:00:00+05:30,2441.75,2314.95,2213.75,2384.300048828125,1379552,0.0,0.0,ADANIENT.NS,Adani Enterprises Limited,Thermal Coal,Energy,Mr. Gautambhai Shantilal Adani S.Y. B.Com,"Ahmedabad, India",https://www.adanienterprises.com,2308.8,2238.85,2664840298496,77.06275,29.96,0.00059999997,3743.9,2025.0
2025-01-22 00:00:00+05:30,2399.0,2314.95,2213.75,2376.550048828125,1379552,0.0,0.0,ADANIENT.NS,Adani Enterprises Limited,Thermal Coal,Energy,Mr. Gautambhai Shantilal Adani S.Y. B.Com,"Ahmedabad, India",https://www.adanienterprises.com,2308.8,2238.85,2664840298496,77.06275,29.96,0.00059999997,3743.9,2025.0
2025-01-23 00:00:00+05:30,2383.0,2314.95,2213.75,2385.0,1379552,0.0,0.0,ADANIENT.NS,Adani Enterprises Limited,Thermal Coal,Energy,Mr. Gautambhai Shantilal Adani S.Y. B.Com,"Ahmedabad, India",https://www.adanienterprises.com,2308.8,2238.85,2664840298496,77.06275,29.96,0.00059999997,3743.9,2025.0
2025-01-24 00:00:00+05:30,2387.75,2314.95,2213.75,2315.10009765625,1379552,0.0,0.0,ADANIENT.NS,Adani Enterprises Limited,Thermal Coal,Energy,Mr. Gautambhai Shantilal Adani S.Y. B.Com,"Ahmedabad, India",https://www.adanienterprises.com,2308.8,2238.85,2664840298496,77.06275,29.96,0.00059999997,3743.9,2025.0
2025-01-27 00:00:00+05:30,2310.050048828125,2314.95,2213.75,2259.699951171875,1379552,0.0,0.0,ADANIENT.NS,Adani Enterprises Limited,Thermal Coal,Energy,Mr. Gautambhai Shantilal Adani S.Y. B.Com,"Ahmedabad, India",https://www.adanienterprises.com,2308.8,2238.85,2664840298496,77.06275,29.96,0.00059999997,3743.9,2025.0
2025-01-28 00:00:00+05:30,2274.199951171875,2314.95,2213.75,2286.050048828125,1379552,0.0,0.0,ADANIENT.NS,Adani Enterprises Limited,Thermal Coal,Energy,Mr. Gautambhai Shantilal Adani S.Y. B.Com,"Ahmedabad, India",https://www.adanienterprises.com,2308.8,2238.85,2664840298496,77.06275,29.96,0.00059999997,3743.9,2025.0
2025-01-29 00:00:00+05:30,2297.0,2314.95,2213.75,2318.60009765625,1379552,0.0,0.0,ADANIENT.NS,Adani Enterprises Limited,Thermal Coal,Energy,Mr. Gautambhai Shantilal Adani S.Y. B.Com,"Ahmedabad, India",https://www.adanienterprises.com,2308.8,2238.85,2664840298496,77.06275,29.96,0.00059999997,3743.9,2025.0
2025-01-31 00:00:00+05:30,2238.85009765625,2314.95,2213.75,2308.89990234375,1379552,0.0,0.0,ADANIENT.NS,Adani Enterprises Limited,Thermal Coal,Energy,Mr. Gautambhai Shantilal Adani S.Y. B.Com,"Ahmedabad, India",https://www.adanienterprises.com,2308.8,2238.85,2664840298496,77.06275,29.96,0.00059999997,3743.9,2025.0
>>>>>>> f1557c858b603c24268a80ad040ee0d3775bddd4
