Date,Open,High,Low,Close,Volume,Dividends,Stock Splits
2003-02-07 00:00:00+05:30,74.97477722167969,74.97477722167969,74.97477722167969,74.97477722167969,3188,0.0,0.0
2003-02-10 00:00:00+05:30,74.63331465287642,74.87721437396425,71.95041772091028,72.43821716308594,2892,0.0,0.0
2003-02-11 00:00:00+05:30,73.16992760910476,73.16992760910476,71.21872953952862,71.60897064208984,1140,0.0,0.0
2003-02-12 00:00:00+05:30,70.77970972957195,71.58457591934601,70.24312730756951,70.70653533935547,798,0.0,0.0
2003-02-13 00:00:00+05:30,70.70653533935547,70.70653533935547,70.70653533935547,70.70653533935547,0,0.0,0.0
2003-02-14 00:00:00+05:30,70.73092645975389,70.73092645975389,68.77972848845033,69.02362823486328,1589,0.0,0.0
2003-02-17 00:00:00+05:30,70.73093109757666,73.63333678155534,70.73093109757666,72.6577377319336,4743,0.0,0.0
2003-02-18 00:00:00+05:30,73.1699170894191,74.63331543120748,71.26750222238576,71.8040771484375,1360,0.0,0.0
2003-02-19 00:00:00+05:30,70.7309271298196,74.63332310939586,70.7309271298196,72.38944244384766,362,0.0,0.0
2003-02-20 00:00:00+05:30,77.07230114204485,77.07230114204485,70.26750135897188,71.46260833740234,870,0.0,0.0
2003-02-21 00:00:00+05:30,71.21871346265947,71.21871346265947,69.99921494446323,71.09676361083984,1517,0.0,0.0
2003-02-24 00:00:00+05:30,73.85283913111682,73.85283913111682,70.24312591552734,70.24312591552734,724,0.0,0.0
2003-02-25 00:00:00+05:30,72.09674559022514,72.09674559022514,69.34067479022967,69.38945770263672,1888,0.0,0.0
2003-02-26 00:00:00+05:30,71.70652544540567,71.70652544540567,69.02362823486328,69.02362823486328,409,0.0,0.0
2003-02-27 00:00:00+05:30,75.60894024573783,75.60894024573783,68.779745642897,68.87730407714844,1500,0.0,0.0
2003-02-28 00:00:00+05:30,75.60891615561071,75.60891615561071,69.26752318772078,69.950439453125,5230,0.0,0.0
2003-03-03 00:00:00+05:30,69.26751826359676,69.90165900395145,69.26751826359676,69.75531768798828,452,0.0,0.0
2003-03-04 00:00:00+05:30,70.24310564313616,70.24310564313616,68.29190826416016,68.29190826416016,1800,0.0,0.0
2003-03-05 00:00:00+05:30,68.04803250399503,68.04803250399503,65.36513516512784,67.07243347167969,2906,0.0,0.0
2003-03-06 00:00:00+05:30,67.07242683128075,67.24315962232477,65.46268709868417,65.8529281616211,2525,0.0,0.0
2003-03-07 00:00:00+05:30,64.63342517725154,66.09682348315158,64.43830838042301,65.60902404785156,1025,0.0,0.0
2003-03-10 00:00:00+05:30,63.90172929639694,64.87732821695262,63.90172929639694,63.92612075805664,13662,0.0,0.0
2003-03-11 00:00:00+05:30,63.92613255375174,64.87734018816522,62.73102514419479,63.60905838012695,3995,0.0,0.0
2003-03-12 00:00:00+05:30,63.41394369582487,65.12124217994324,62.974927062915285,63.73101043701172,3632,0.0,0.0
2003-03-13 00:00:00+05:30,63.413933906846374,63.9017333984375,62.92613441525525,63.9017333984375,2135,0.0,0.0
2003-03-14 00:00:00+05:30,63.9017333984375,63.9017333984375,63.9017333984375,63.9017333984375,0,0.0,0.0
2003-03-17 00:00:00+05:30,62.43833654473024,63.02369446119114,62.43833654473024,62.633453369140625,11724,0.0,0.0
2003-03-18 00:00:00+05:30,62.633453369140625,62.633453369140625,62.633453369140625,62.633453369140625,0,0.0,0.0
2003-03-19 00:00:00+05:30,75.14550826733425,75.14550826733425,61.46273193193601,61.633460998535156,6691,0.0,0.0
2003-03-20 00:00:00+05:30,61.950540666582924,62.80418984899647,61.82859078338099,62.365169525146484,7220,0.0,0.0
2003-03-21 00:00:00+05:30,62.43834048713307,62.43834048713307,61.09689176572982,61.77981185913086,10338,0.0,0.0
2003-03-24 00:00:00+05:30,62.41394571792462,62.43833718203231,61.46273816356306,62.02370834350586,7196,0.0,0.0
2003-03-25 00:00:00+05:30,62.170046676697275,62.170046676697275,60.97493935400476,61.682247161865234,2520,0.0,0.0
2003-03-26 00:00:00+05:30,61.46272980414418,62.0236999077906,58.535933146803984,60.07250213623047,29023,0.0,0.0
2003-03-27 00:00:00+05:30,60.974931528445765,62.43832988512846,58.828613194321576,61.70663070678711,13598,0.0,0.0
2003-03-28 00:00:00+05:30,61.46272457347197,62.43832337622549,61.46272457347197,62.19442367553711,2335,0.0,0.0
2003-03-31 00:00:00+05:30,60.97493209238127,62.413939001115665,60.97493209238127,61.950531005859375,10048,0.0,0.0
2003-04-01 00:00:00+05:30,62.194427041710696,67.75533754108987,62.194427041710696,64.5358657836914,18703,0.0,0.0
2003-04-02 00:00:00+05:30,64.6334254591965,66.09682377148019,64.41391720099969,65.58463287353516,5277,0.0,0.0
2003-04-03 00:00:00+05:30,65.8529213959316,65.8529213959316,64.14562343381486,64.6334228515625,2640,0.0,0.0
2003-04-04 00:00:00+05:30,65.65780887707633,65.65780887707633,64.63342705588026,65.46268463134766,955,0.0,0.0
2003-04-07 00:00:00+05:30,66.096821442868,68.63337693948367,65.85292173274672,68.0724105834961,7348,0.0,0.0
2003-04-08 00:00:00+05:30,68.29193328469877,69.68216490385787,67.80413376123664,68.7065658569336,6362,0.0,0.0
2003-04-09 00:00:00+05:30,67.60902253492593,67.80413938319683,66.85293172222256,67.1456069946289,3522,0.0,0.0
2003-04-10 00:00:00+05:30,67.31632302024148,67.31632302024148,63.90172692501184,64.3895263671875,13101,0.0,0.0
2003-04-11 00:00:00+05:30,66.56023744364579,66.56023744364579,63.41393229166667,64.023681640625,5261,0.0,0.0
2003-04-14 00:00:00+05:30,64.023681640625,64.023681640625,64.023681640625,64.023681640625,0,0.0,0.0
2003-04-15 00:00:00+05:30,62.9993116316484,66.82854124215933,62.19444531660813,63.413944244384766,10696,0.0,0.0
2003-04-16 00:00:00+05:30,63.438317614673544,66.34072274617289,63.438317614673544,66.2187728881836,1705,0.0,0.0
2003-04-17 00:00:00+05:30,64.26757650664359,64.53586768848596,64.26757650664359,64.3895263671875,450,0.0,0.0
2003-04-18 00:00:00+05:30,64.3895263671875,64.3895263671875,64.3895263671875,64.3895263671875,0,0.0,0.0
2003-04-21 00:00:00+05:30,64.90171199035917,65.48706978470533,64.7797621397359,65.36511993408203,12863,0.0,0.0
2003-04-22 00:00:00+05:30,65.6090338570731,65.6090338570731,62.92613656180246,63.17003631591797,8383,0.0,0.0
2003-04-23 00:00:00+05:30,63.41393118680078,63.90173065746848,62.92613171613308,63.24319839477539,3855,0.0,0.0
2003-04-24 00:00:00+05:30,65.60901948517444,65.60901948517444,61.46272457347197,62.19442367553711,2845,0.0,0.0
2003-04-25 00:00:00+05:30,62.68223303924551,62.92613277869783,62.194433560340876,62.877349853515625,2706,0.0,0.0
2003-04-28 00:00:00+05:30,63.413944244384766,63.901743815495415,62.560294994941124,63.413944244384766,4350,0.0,0.0
2003-04-29 00:00:00+05:30,63.657828435923435,66.34072541981293,63.4139287101153,65.43829345703125,14576,0.0,0.0
2003-04-30 00:00:00+05:30,65.85292939216859,70.12117481573507,65.85292939216859,68.04802703857422,24454,0.0,0.0
2003-05-01 00:00:00+05:30,68.04802703857422,68.04802703857422,68.04802703857422,68.04802703857422,0,0.0,0.0
2003-05-02 00:00:00+05:30,68.02362107895031,71.43821669008814,68.02362107895031,70.90164184570312,17172,0.0,0.0
2003-05-05 00:00:00+05:30,72.21871343898212,76.58451723203508,72.19432197669549,75.53575134277344,24360,0.0,0.0
2003-05-06 00:00:00+05:30,76.53572255532099,77.07230487031698,75.12110727866339,75.82841491699219,5445,0.0,0.0
2003-05-07 00:00:00+05:30,75.73087557640562,75.73087557640562,73.92601883875403,74.413818359375,3473,0.0,0.0
2003-05-08 00:00:00+05:30,77.07232290926682,77.07232290926682,73.07236839882425,73.36504364013672,7130,0.0,0.0
2003-05-09 00:00:00+05:30,74.14552740563092,75.24307633104323,73.46261105155527,73.82846069335938,3886,0.0,0.0
2003-05-12 00:00:00+05:30,73.6577387358013,74.75528782292416,72.43823975010922,74.14553833007812,4797,0.0,0.0
2003-05-13 00:00:00+05:30,74.51137413449896,80.3893596383378,74.29186584664394,79.73082733154297,19966,0.0,0.0
2003-05-14 00:00:00+05:30,82.92591835028193,83.901517389697,80.12107111196357,81.8039779663086,11101,0.0,0.0
2003-05-15 00:00:00+05:30,80.97468851754704,84.85269168983234,80.97468851754704,84.267333984375,9566,0.0,0.0
2003-05-16 00:00:00+05:30,83.43808961818736,85.36489577708156,81.24299229820527,82.12103271484375,7142,0.0,0.0
2003-05-19 00:00:00+05:30,82.92591437085592,82.92591437085592,77.16987882588,78.68206024169922,3486,0.0,0.0
2003-05-20 00:00:00+05:30,79.02349277934648,79.02349277934648,77.90155281296958,78.87715148925781,1770,0.0,0.0
2003-05-21 00:00:00+05:30,79.5113096468431,81.95030687527388,79.02351020115695,81.02349090576172,4046,0.0,0.0
2003-05-22 00:00:00+05:30,80.97471784779722,81.12105918797533,79.63326920875238,79.70643615722656,1917,0.0,0.0
2003-05-23 00:00:00+05:30,79.60887771808481,82.41372487150824,79.60887771808481,80.85276794433594,2810,0.0,0.0
2003-05-26 00:00:00+05:30,81.95031493611889,82.92591392345363,80.97471594878414,81.56007385253906,1370,0.0,0.0
2003-05-27 00:00:00+05:30,82.90152722781046,82.90152722781046,79.02352251877579,80.0722885131836,1994,0.0,0.0
2003-05-28 00:00:00+05:30,82.90151370910816,82.90151370910816,79.77960025647542,80.48690795898438,735,0.0,0.0
2003-05-29 00:00:00+05:30,78.6820548824462,79.65765380859375,78.6820548824462,79.65765380859375,816,0.0,0.0
2003-05-30 00:00:00+05:30,79.51129875008918,80.24299781834154,78.04790061358447,80.12104797363281,6852,0.0,0.0
2003-06-02 00:00:00+05:30,81.43812864317495,82.43811915110956,78.73083980962565,79.51132202148438,1854,0.0,0.0
2003-06-03 00:00:00+05:30,79.99911012779779,80.73080930579594,79.41375227404507,80.36495971679688,520,0.0,0.0
2003-06-04 00:00:00+05:30,79.87715693110708,80.97470565229787,79.87715693110708,80.04788970947266,1551,0.0,0.0
2003-06-05 00:00:00+05:30,80.85275518480451,82.92590275364564,80.85275518480451,81.24299621582031,3356,0.0,0.0
2003-06-06 00:00:00+05:30,81.950307944791,83.16980657492184,80.48690958863403,82.6576156616211,10060,0.0,0.0
2003-06-09 00:00:00+05:30,85.31611305726989,88.75510035519888,83.90149775840207,87.87705993652344,15267,0.0,0.0
2003-06-10 00:00:00+05:30,88.31607028123261,88.31607028123261,82.92588619022271,83.07222747802734,4167,0.0,0.0
2003-06-11 00:00:00+05:30,84.87710639996564,85.02344772723208,82.97469147518908,83.68199920654297,3431,0.0,0.0
2003-06-12 00:00:00+05:30,84.38931250405669,87.07220972239375,83.80395459961089,86.12100219726562,11784,0.0,0.0
2003-06-13 00:00:00+05:30,87.803926571677,89.51122514390406,84.16982109943991,85.41371154785156,8704,0.0,0.0
2003-06-16 00:00:00+05:30,84.8770900840596,85.85268882065799,84.8770900840596,85.4868392944336,2492,0.0,0.0
2003-06-17 00:00:00+05:30,83.16980471898506,87.31609996890514,83.16980471898506,85.09661102294922,2562,0.0,0.0
2003-06-18 00:00:00+05:30,84.87711439693345,84.90150586098082,82.63323368271111,83.09664916992188,9626,0.0,0.0
2003-06-19 00:00:00+05:30,82.92590769111787,86.51123667740781,82.92590769111787,85.46246337890625,22718,0.0,0.0
2003-06-20 00:00:00+05:30,85.36489928419732,86.34049813315958,84.92588277945572,85.90148162841797,2303,0.0,0.0
2003-06-23 00:00:00+05:30,87.31610981174957,90.24290678867973,86.63319349442439,86.65757751464844,16786,0.0,0.0
2003-06-24 00:00:00+05:30,87.19415274359784,87.19415274359784,85.75514583731433,86.04782104492188,8067,0.0,0.0
2003-06-25 00:00:00+05:30,86.62014770507812,87.14270684233362,86.04781813802633,86.62014770507812,3605,3.5,0.0
2003-06-26 00:00:00+05:30,85.72433409243845,87.59061132231737,85.59991561044653,87.14270782470703,11164,0.0,0.0
2003-06-27 00:00:00+05:30,89.3075850635196,96.54874225113502,86.39619713445256,95.50362396240234,30758,0.0,0.0
2003-06-30 00:00:00+05:30,97.74316504912501,100.23153490876568,94.60782510109948,95.20503234863281,24124,0.0,0.0
2003-07-01 00:00:00+05:30,95.90174890525367,98.93756241290514,94.55803103563262,96.92198181152344,15977,0.0,0.0
2003-07-02 00:00:00+05:30,97.295247875833,97.295247875833,93.21432339675219,94.11013793945312,12738,0.0,0.0
2003-07-03 00:00:00+05:30,94.65759207381186,99.03712473672913,93.61248124348435,96.99665832519531,18497,0.0,0.0
2003-07-04 00:00:00+05:30,99.03712395268113,104.51153783951275,97.29526498868925,101.37619018554688,46406,0.0,0.0
2003-07-07 00:00:00+05:30,101.02779691379726,103.01849241948784,97.56896499144001,100.3559341430664,16462,0.0,0.0
2003-07-08 00:00:00+05:30,101.5254919415918,101.97339548612614,98.0417740808509,98.39014434814453,8345,0.0,0.0
2003-07-09 00:00:00+05:30,100.80386781514729,100.80386781514729,95.55340572156221,96.57363891601562,5848,0.0,0.0
2003-07-10 00:00:00+05:30,98.53945165852791,107.497583627485,98.43991837765334,103.44154357910156,45807,0.0,0.0
2003-07-11 00:00:00+05:30,103.51619972318385,106.99991798309868,103.167829415973,104.16317749023438,11049,0.0,0.0
2003-07-14 00:00:00+05:30,105.50690550287086,106.00457958543157,102.59550908232916,103.26737213134766,5276,0.0,0.0
2003-07-15 00:00:00+05:30,104.46175572518844,105.45710359334231,99.5347868153874,101.326416015625,3782,0.0,0.0
2003-07-16 00:00:00+05:30,101.02780605276979,103.01850173853866,101.02780605276979,101.69966888427734,4537,0.0,0.0
2003-07-17 00:00:00+05:30,104.0138634804183,106.4524629837858,101.02781955275078,101.57526397705078,16683,0.0,0.0
2003-07-18 00:00:00+05:30,101.47571789054837,101.97339185292262,98.66386304069468,101.3015365600586,4870,0.0,0.0
2003-07-21 00:00:00+05:30,99.53479544540964,102.02316533154489,99.21131039777296,99.708984375,7839,0.0,0.0
2003-07-22 00:00:00+05:30,100.03245891613051,100.03245891613051,96.5487414414394,97.02153015136719,5764,0.0,0.0
2003-07-23 00:00:00+05:30,98.8878510988525,102.02319973132792,97.79296949856554,98.3155288696289,3920,0.0,0.0
2003-07-24 00:00:00+05:30,97.89248498927716,101.02783305102056,97.46946659934648,100.53015899658203,2597,0.0,0.0
2003-07-25 00:00:00+05:30,101.37617591198395,102.02315352629684,100.03245784773495,101.89873504638672,8140,0.0,0.0
2003-07-28 00:00:00+05:30,102.27201299826645,102.52085001286076,101.02782792529483,101.17713165283203,1252,0.0,0.0
2003-07-29 00:00:00+05:30,101.02779529807897,105.25802318001824,100.08221798555866,103.59081268310547,7493,0.0,0.0
2003-07-30 00:00:00+05:30,103.01850646081633,105.00920223783693,101.52548462805088,102.2719955444336,8203,0.0,0.0
2003-07-31 00:00:00+05:30,104.90967480596011,111.42919928217125,104.26269712364395,107.34827423095703,63707,0.0,0.0
2003-08-01 00:00:00+05:30,110.93154577211223,111.97666434354676,105.0092274510594,105.15853118896484,19264,0.0,0.0
2003-08-04 00:00:00+05:30,106.00453046481695,109.48824742844943,105.50685661286946,108.02011108398438,15295,0.0,0.0
2003-08-05 00:00:00+05:30,109.9361886752475,110.9315367215382,106.00456692996038,108.517822265625,16592,0.0,0.0
2003-08-06 00:00:00+05:30,109.28919509986082,109.28919509986082,106.99989204642333,108.71686553955078,6254,0.0,0.0
2003-08-07 00:00:00+05:30,109.73709603243096,113.46965031924834,109.73709603243096,112.34988403320312,11282,0.0,0.0
2003-08-08 00:00:00+05:30,115.65942012504438,115.9580275253312,113.51942826729477,115.60965728759766,19555,0.0,0.0
2003-08-11 00:00:00+05:30,116.65477530875818,116.65477530875818,112.54896506406051,114.78849792480469,9687,0.0,0.0
2003-08-12 00:00:00+05:30,115.70918397833793,115.70918397833793,114.01709572331197,115.01244354248047,8503,0.0,0.0
2003-08-13 00:00:00+05:30,114.46501089439232,121.68128332034314,112.97198901316112,118.94407653808594,63239,0.0,0.0
2003-08-14 00:00:00+05:30,116.20685776658742,120.93475990270126,116.20685776658742,117.2519760131836,13150,0.0,0.0
2003-08-15 00:00:00+05:30,117.2519760131836,117.2519760131836,117.2519760131836,117.2519760131836,0,0.0,0.0
2003-08-18 00:00:00+05:30,111.4789620257377,120.4370929028059,101.52548327343969,117.7496566772461,11506,0.0,0.0
2003-08-19 00:00:00+05:30,117.00314470240573,117.20221123807326,112.77291627130755,113.046630859375,5950,0.0,0.0
2003-08-20 00:00:00+05:30,115.95800958896875,115.95800958896875,113.46964028448444,113.74336242675781,2198,0.0,0.0
2003-08-21 00:00:00+05:30,113.32032974953054,115.65939523541044,113.2207965021548,114.46498107910156,3973,0.0,0.0
2003-08-22 00:00:00+05:30,114.46502202782928,114.46502202782928,109.48828193966278,110.1103744506836,7206,0.0,0.0
2003-08-25 00:00:00+05:30,110.98126982786206,110.98126982786206,104.51150970336786,107.5224380493164,7477,0.0,0.0
2003-08-26 00:00:00+05:30,109.98594852269315,111.9268739884739,108.49292659704572,110.01083374023438,5310,0.0,0.0
2003-08-27 00:00:00+05:30,111.97664117537482,111.97664117537482,106.99990156758038,107.62199401855469,7172,0.0,0.0
2003-08-28 00:00:00+05:30,108.46803067200152,113.46965514796169,108.46803067200152,111.80244445800781,3073,0.0,0.0
2003-08-29 00:00:00+05:30,112.22547990135325,112.22547990135325,109.48827307449098,109.78688049316406,4161,0.0,0.0
2003-09-01 00:00:00+05:30,109.98592190874265,113.46963889227749,109.98592190874265,113.41986846923828,2229,0.0,0.0
2003-09-02 00:00:00+05:30,110.98129089355469,113.46966064453126,109.73710601806641,111.97663879394531,4319,0.0,0.0
2003-09-03 00:00:00+05:30,110.23478647984496,111.97664540842038,108.1445572843349,108.49292755126953,3620,0.0,0.0
2003-09-04 00:00:00+05:30,110.48362918524938,110.60804768658413,109.48828117457147,110.50851440429688,7330,0.0,0.0
2003-09-05 00:00:00+05:30,111.42920055308934,111.97664496603977,109.73711206671896,110.73246002197266,4475,0.0,0.0
2003-09-08 00:00:00+05:30,112.05126994690873,117.45103452957888,112.05126994690873,116.33126831054688,8339,0.0,0.0
2003-09-09 00:00:00+05:30,116.95336112459513,116.95336112459513,110.98127459908389,113.79312896728516,16322,0.0,0.0
2003-09-10 00:00:00+05:30,109.48824164859427,112.97195842832227,109.48824164859427,111.60335540771484,4052,0.0,0.0
2003-09-11 00:00:00+05:30,111.97662035954978,123.42311932963709,111.97662035954978,119.56614685058594,34108,0.0,0.0
2003-09-12 00:00:00+05:30,118.44637366475648,119.93939518153913,114.3405644936042,114.4898681640625,11118,0.0,0.0
2003-09-15 00:00:00+05:30,108.99060899177483,114.46502314204663,108.99060899177483,112.47432708740234,2340,0.0,0.0
2003-09-16 00:00:00+05:30,112.97196371486694,120.38730102687299,109.98592062108192,118.89427947998047,12007,0.0,0.0
2003-09-17 00:00:00+05:30,120.68594217300415,120.68594217300415,115.46036529541016,115.46036529541016,3913,0.0,0.0
2003-09-18 00:00:00+05:30,117.94869789455247,117.94869789455247,114.46498107910156,114.46498107910156,6796,0.0,0.0
2003-09-19 00:00:00+05:30,111.23010300030703,114.96265679226364,111.23010300030703,114.4898681640625,8893,0.0,0.0
2003-09-22 00:00:00+05:30,114.46500437750474,114.46500437750474,111.9766347171242,112.12593841552734,2251,0.0,0.0
2003-09-23 00:00:00+05:30,113.96731436452835,115.90823938819813,113.71847743360144,114.76359558105469,986,0.0,0.0
2003-09-24 00:00:00+05:30,115.9580345958597,121.93012221453058,115.9580345958597,117.94873046875,6006,0.0,0.0
2003-09-25 00:00:00+05:30,119.39199243814488,120.93478491286601,116.45571880498208,120.4371109008789,5523,0.0,0.0
2003-09-26 00:00:00+05:30,119.19292249660454,124.91617347243314,117.94873750185918,124.16966247558594,8815,0.0,0.0
2003-09-29 00:00:00+05:30,124.41851599126686,124.41851599126686,116.95340503179084,122.65177154541016,3676,0.0,0.0
2003-09-30 00:00:00+05:30,123.17430114746094,124.14476381953938,121.93011628738557,123.17430114746094,22311,0.0,0.0
2003-10-01 00:00:00+05:30,121.20850031654753,124.41849599442317,117.94873420271317,117.99850463867188,5241,0.0,0.0
2003-10-02 00:00:00+05:30,117.99850463867188,117.99850463867188,117.99850463867188,117.99850463867188,0,0.0,0.0
2003-10-03 00:00:00+05:30,120.43712347954632,123.67200489531925,118.94410128765111,122.65177154541016,2940,0.0,0.0
2003-10-06 00:00:00+05:30,121.93011264143318,126.90685193292026,121.43243871228448,126.28475952148438,36913,0.0,0.0
2003-10-07 00:00:00+05:30,127.90219106952932,129.39521275516586,124.4184738030441,124.64242553710938,64349,0.0,0.0
2003-10-08 00:00:00+05:30,124.94102795260807,125.91149049097179,121.93009948730469,121.93009948730469,1856,0.0,0.0
2003-10-09 00:00:00+05:30,122.42779319451212,125.91151088703889,120.73570478141703,122.60198211669922,5153,0.0,0.0
2003-10-10 00:00:00+05:30,126.28474503028684,126.40916349829698,120.93475090585103,122.42777252197266,1221,0.0,0.0
2003-10-13 00:00:00+05:30,123.9208384608197,124.89130133962377,121.9301422606459,124.34386444091797,2511,0.0,0.0
2003-10-14 00:00:00+05:30,120.73571101670242,136.08895639208905,119.44175562652086,132.28173828125,225239,0.0,0.0
2003-10-15 00:00:00+05:30,134.37195764275626,136.8354496079945,122.72639101794456,123.69685363769531,15743,0.0,0.0
2003-10-16 00:00:00+05:30,124.9161641434908,127.40453394714599,123.92081622202872,126.08570098876953,8228,0.0,0.0
2003-10-17 00:00:00+05:30,127.28012571289077,127.28012571289077,124.41850020810436,126.73268127441406,8607,0.0,0.0
2003-10-20 00:00:00+05:30,124.4184864396742,125.43871954725988,118.22244733375877,119.81500244140625,6585,0.0,0.0
2003-10-21 00:00:00+05:30,119.93941586812338,120.43708979288738,117.94872016906739,119.44174194335938,10843,0.0,0.0
2003-10-22 00:00:00+05:30,119.19290498097737,121.83057830100685,118.94406801859539,119.44174194335938,6159,0.0,0.0
2003-10-23 00:00:00+05:30,115.95801510246514,117.94871064070489,108.99058071862603,112.79778289794922,62481,0.0,0.0
2003-10-24 00:00:00+05:30,111.97663335858581,114.46500298877662,109.98593765443319,113.94244384765625,5388,0.0,0.0
2003-10-27 00:00:00+05:30,109.9859390258789,111.87710148718564,108.56756528142347,109.9859390258789,3170,0.0,0.0
2003-10-28 00:00:00+05:30,109.48825499068859,109.48825499068859,104.51151612747547,106.99988555908203,23601,0.0,0.0
2003-10-29 00:00:00+05:30,106.99989172081904,108.99058738074126,105.25803301838711,108.91593933105469,4922,0.0,0.0
2003-10-30 00:00:00+05:30,107.49758812689012,109.46339898357814,106.05433650904396,107.9952621459961,16655,0.0,0.0
2003-10-31 00:00:00+05:30,110.48359132102435,113.37010108152482,110.48359132102435,111.5287094116211,5947,0.0,0.0
2003-11-03 00:00:00+05:30,110.98125939506438,112.94706942162303,110.98125939506438,111.55358123779297,2322,0.0,0.0
2003-11-04 00:00:00+05:30,111.47897896566401,112.97200100538274,109.48828291270573,109.61270141601562,4770,0.0,0.0
2003-11-05 00:00:00+05:30,109.48827551045548,109.48827551045548,106.05432808882485,108.49292755126953,4924,0.0,0.0
2003-11-06 00:00:00+05:30,109.48827768069262,109.48827768069262,105.03409699382674,106.37781524658203,3466,0.0,0.0
2003-11-07 00:00:00+05:30,106.99989106880732,111.95174497390907,105.50686933296349,108.19430541992188,9959,0.0,0.0
2003-11-10 00:00:00+05:30,106.92524485519128,107.99524074668777,105.50687114422952,106.07919311523438,2857,0.0,0.0
2003-11-11 00:00:00+05:30,106.99989250907868,111.97663169554745,106.99989250907868,109.53803253173828,15156,0.0,0.0
2003-11-12 00:00:00+05:30,112.42455229830577,114.46501871292324,110.23478976048911,110.78223419189453,12122,0.0,0.0
2003-11-13 00:00:00+05:30,111.47896524387627,113.46966105180265,106.50222572406038,106.57687377929688,5122,0.0,0.0
2003-11-14 00:00:00+05:30,108.89104181304184,111.40429631850392,106.25336884289253,107.12429809570312,7183,0.0,0.0
2003-11-17 00:00:00+05:30,108.99058145378505,111.08081026425555,107.49755979003457,107.92058563232422,2204,0.0,0.0
2003-11-18 00:00:00+05:30,109.98593673334993,111.97663242083138,107.72151887005951,111.27989196777344,8367,0.0,0.0
2003-11-19 00:00:00+05:30,111.47893626829404,119.93939125294135,111.47893626829404,114.44009399414062,16878,0.0,0.0
2003-11-20 00:00:00+05:30,114.46503118366456,114.46503118366456,108.24410557585671,108.59247589111328,2645,0.0,0.0
2003-11-21 00:00:00+05:30,108.24407360770486,110.43383573738076,106.9998888535933,109.4882583618164,10273,0.0,0.0
2003-11-24 00:00:00+05:30,110.48360620930056,111.47895401298794,107.49756279823838,108.36849212646484,2852,0.0,0.0
2003-11-25 00:00:00+05:30,109.48824946580167,110.3342935110755,107.4975540209689,107.9454574584961,1618,0.0,0.0
2003-11-26 00:00:00+05:30,107.9454574584961,107.9454574584961,107.9454574584961,107.9454574584961,0,0.0,0.0
2003-11-27 00:00:00+05:30,106.9999044933445,113.44478094288411,106.9999044933445,109.09013366699219,6191,0.0,0.0
2003-11-28 00:00:00+05:30,109.9859470430114,111.8273392077565,108.49292513745014,109.78688049316406,2574,0.0,0.0
2003-12-01 00:00:00+05:30,111.47898497818865,113.96735517859464,108.24410371766085,108.56758880615234,12392,0.0,0.0
2003-12-02 00:00:00+05:30,108.99058073838098,110.48360239233142,107.9952329690807,108.31871795654297,4908,0.0,0.0
2003-12-03 00:00:00+05:30,107.99522074698649,111.9766113736035,106.50219926200512,107.6468505859375,13510,0.0,0.0
2003-12-04 00:00:00+05:30,109.48828694276894,119.44176757392975,107.49759081653677,117.1275863647461,62677,0.0,0.0
2003-12-05 00:00:00+05:30,116.95335794182417,116.95335794182417,111.00615679079661,112.22545623779297,15280,0.0,0.0
2003-12-08 00:00:00+05:30,113.86779114571281,113.86779114571281,110.23477011523413,112.25035095214844,16147,0.0,0.0
2003-12-09 00:00:00+05:30,112.97196620242222,114.46498778218992,110.33429322605254,112.72312927246094,9556,0.0,0.0
2003-12-10 00:00:00+05:30,114.3903719156749,125.41384797600476,114.3903719156749,124.89128875732422,40777,0.0,0.0
2003-12-11 00:00:00+05:30,126.90685099339699,135.3673077262901,126.90685099339699,128.92242431640625,37759,0.0,0.0
2003-12-12 00:00:00+05:30,131.8835962627741,134.37196600358115,126.90685678115997,130.93801879882812,12370,0.0,0.0
2003-12-15 00:00:00+05:30,135.11850128662195,135.8650123434541,130.66431257240083,132.4808349609375,11586,0.0,0.0
2003-12-16 00:00:00+05:30,130.39054435735818,140.84169485928382,130.0172889822894,134.2972869873047,24152,0.0,0.0
2003-12-17 00:00:00+05:30,135.36730619820443,142.1356745456752,134.37195835851173,135.11846923828125,27928,0.0,0.0
2003-12-18 00:00:00+05:30,141.83707693212924,141.83707693212924,133.52591582273908,134.22267150878906,7004,0.0,0.0
2003-12-19 00:00:00+05:30,135.36733224051338,140.34407239641462,135.36733224051338,139.34872436523438,27071,0.0,0.0
2003-12-22 00:00:00+05:30,140.8417301292583,148.80451345812097,140.8417301292583,144.94754028320312,30900,0.0,0.0
2003-12-23 00:00:00+05:30,148.05802729394702,152.263379018259,141.83710177739462,143.3301239013672,32039,0.0,0.0
2003-12-24 00:00:00+05:30,145.79360421051024,145.8184818353601,142.0361564020696,142.6582489013672,9307,0.0,0.0
2003-12-25 00:00:00+05:30,142.6582489013672,142.6582489013672,142.6582489013672,142.6582489013672,0,0.0,0.0
2003-12-26 00:00:00+05:30,143.33010675864853,143.33010675864853,138.40313737638093,139.32383728027344,5285,0.0,0.0
2003-12-29 00:00:00+05:30,133.40151518881945,145.5198806318161,133.40151518881945,141.51361083984375,10836,0.0,0.0
2003-12-30 00:00:00+05:30,141.83707776629836,142.28498129010484,135.36731632432685,137.90545654296875,6295,0.0,0.0
2003-12-31 00:00:00+05:30,135.6161627547288,143.8277836187766,131.88360781652526,138.85104370117188,13548,0.0,0.0
2004-01-01 00:00:00+05:30,138.85104370117188,138.85104370117188,138.85104370117188,138.85104370117188,0,0.0,0.0
2004-01-02 00:00:00+05:30,136.86034873679833,137.35802273220486,133.12779377124926,134.37197875976562,5741,0.0,0.0
2004-01-05 00:00:00+05:30,134.37197611742536,134.37197611742536,129.4450066973474,130.7638397216797,17615,0.0,0.0
2004-01-06 00:00:00+05:30,127.40449742303238,132.2568171491049,127.40449742303238,128.44961547851562,3061,0.0,0.0
2004-01-07 00:00:00+05:30,127.927070517418,128.2754483241661,124.59266448452448,126.90684509277344,16320,0.0,0.0
2004-01-08 00:00:00+05:30,128.3998813033104,129.3703515975849,126.40918546915054,127.40453338623047,5646,0.0,0.0
2004-01-09 00:00:00+05:30,127.90219289742265,130.2163735056716,126.90684509277344,126.90684509277344,5143,0.0,0.0
2004-01-12 00:00:00+05:30,126.90685105698189,126.90685105698189,121.45732308919767,122.50243377685547,3919,0.0,0.0
2004-01-13 00:00:00+05:30,122.47757266724304,124.89128697601313,121.93012823759489,123.84617614746094,3799,0.0,0.0
2004-01-14 00:00:00+05:30,124.41849638365201,127.40454029685966,123.92082239811741,126.7824478149414,9705,0.0,0.0
2004-01-15 00:00:00+05:30,128.15105152679268,135.1184873379581,126.95663699672527,129.64407348632812,6239,0.0,0.0
2004-01-16 00:00:00+05:30,122.52732849121094,122.52732849121094,122.52732849121094,122.52732849121094,0,0.0,0.0
2004-01-19 00:00:00+05:30,123.42313033815415,126.60824034157827,121.43243468753876,125.41382598876953,2287,0.0,0.0
2004-01-20 00:00:00+05:30,125.91149849953699,125.91149849953699,122.42778114974743,122.9503402709961,7206,0.0,0.0
2004-01-21 00:00:00+05:30,119.74033597196839,122.92544569741818,112.97196831301186,114.88801574707031,13051,0.0,0.0
2004-01-22 00:00:00+05:30,116.95337483278554,121.93011418737217,115.85849369355681,115.90825653076172,8350,0.0,0.0
2004-01-23 00:00:00+05:30,116.9533972472554,121.93013755564924,116.9533972472554,121.00943756103516,2270,0.0,0.0
2004-01-26 00:00:00+05:30,121.00943756103516,121.00943756103516,121.00943756103516,121.00943756103516,0,0.0,0.0
2004-01-27 00:00:00+05:30,120.01409184635556,122.77618429031031,119.93944377783104,122.67665100097656,4248,0.0,0.0
2004-01-28 00:00:00+05:30,123.17431461722143,127.90221760252892,123.17431461722143,125.09036254882812,3225,0.0,0.0
2004-01-29 00:00:00+05:30,122.42777997185203,128.1759074685803,122.42777997185203,126.90684509277344,2426,0.0,0.0
2004-01-30 00:00:00+05:30,126.90685935811133,127.90220727464553,121.95500499213404,122.30337524414062,3322,0.0,0.0
2004-02-02 00:00:00+05:30,122.30337524414062,122.30337524414062,122.30337524414062,122.30337524414062,0,0.0,0.0
2004-02-03 00:00:00+05:30,120.9178401604136,120.96822566891346,116.38342115439809,117.66817474365234,6750,3.0,0.0
2004-02-04 00:00:00+05:30,117.13917665909571,124.94845510303541,117.0132205551612,123.00872802734375,3600,0.0,0.0
2004-02-05 00:00:00+05:30,124.4446486535107,128.37448120117188,123.4621924385333,128.37448120117188,3414,0.0,0.0
2004-02-06 00:00:00+05:30,126.08203803515825,126.08203803515825,122.93313598632812,122.93313598632812,123,0.0,0.0
2004-02-09 00:00:00+05:30,127.89583519881332,127.89583519881332,123.56294200646295,123.588134765625,4064,0.0,0.0
2004-02-10 00:00:00+05:30,122.55527545093844,127.71947513592146,122.55527545093844,124.52018737792969,2525,0.0,0.0
2004-02-11 00:00:00+05:30,122.55527634639662,127.9713882507081,122.55527634639662,126.45991516113281,1335,0.0,0.0
2004-02-12 00:00:00+05:30,126.00649361159931,127.71949360656738,125.95610809326172,125.95610809326172,1227,0.0,0.0
2004-02-13 00:00:00+05:30,130.94395528330304,133.51346273557834,127.56833342338747,132.88368225097656,4730,0.0,0.0
2004-02-16 00:00:00+05:30,135.5287689954203,140.56701319599355,133.513471315191,134.42034912109375,5755,0.0,0.0
2004-02-17 00:00:00+05:30,134.64706603891295,136.5615925395937,133.0600223113092,136.53640747070312,3755,0.0,0.0
2004-02-18 00:00:00+05:30,138.04785080792348,138.04785080792348,134.01725662375054,134.87376403808594,550,0.0,0.0
2004-02-19 00:00:00+05:30,132.6317450526087,132.6317450526087,130.49049180864444,130.5912628173828,2116,0.0,0.0
2004-02-20 00:00:00+05:30,132.00198975088588,132.50581413924803,130.49051658579938,130.89356994628906,3177,0.0,0.0
2004-02-23 00:00:00+05:30,131.01952405809425,131.01952405809425,130.9943389892578,130.9943389892578,1416,0.0,0.0
2004-02-24 00:00:00+05:30,128.97902171305182,131.49814323088486,128.97902171305182,131.24623107910156,5601,0.0,0.0
2004-02-25 00:00:00+05:30,131.01951690416172,131.09510285754368,128.97903442382812,128.97903442382812,1283,0.0,0.0
2004-02-26 00:00:00+05:30,130.9943572399663,130.9943572399663,128.04698112696664,128.47523498535156,959,0.0,0.0
2004-02-27 00:00:00+05:30,128.47523912128347,128.47523912128347,117.01323249379642,121.57284545898438,5735,0.0,0.0
2004-03-01 00:00:00+05:30,121.95071329440995,125.95611625372827,121.92552053360896,124.74694061279297,1341,0.0,0.0
2004-03-02 00:00:00+05:30,124.74694061279297,124.74694061279297,124.74694061279297,124.74694061279297,0,0.0,0.0
2004-03-03 00:00:00+05:30,126.96373060883069,126.96373060883069,122.93313598632812,122.93313598632812,965,0.0,0.0
2004-03-04 00:00:00+05:30,124.94846732369844,124.94846732369844,122.5804938756786,124.74694061279297,1005,0.0,0.0
2004-03-05 00:00:00+05:30,137.46848387287443,137.46848387287443,123.96598907756247,127.49275970458984,2251,0.0,0.0
2004-03-08 00:00:00+05:30,134.01728110277014,134.01728110277014,128.5004058430444,132.00198364257812,1622,0.0,0.0
2004-03-09 00:00:00+05:30,130.49053528299734,131.49818420410156,130.11266693758324,131.49818420410156,2928,0.0,0.0
2004-03-10 00:00:00+05:30,135.27686765824242,135.27686765824242,130.49053528299734,131.49818420410156,2201,0.0,0.0
2004-03-11 00:00:00+05:30,130.99434871010797,130.99434871010797,129.98669987387638,130.4905242919922,2165,0.0,0.0
2004-03-12 00:00:00+05:30,128.47518882183007,128.47518882183007,125.95606747238241,126.88814544677734,3023,0.0,0.0
2004-03-15 00:00:00+05:30,127.49275970458986,130.46532813144856,126.51030371032506,127.49275970458984,4230,0.0,0.0
2004-03-16 00:00:00+05:30,125.95606195099829,129.83551480928736,122.42929221637034,122.75677490234375,10112,0.0,0.0
2004-03-17 00:00:00+05:30,123.43697585780586,124.6713440788339,118.39873194524236,123.71408081054688,1232,0.0,0.0
2004-03-18 00:00:00+05:30,123.94079334517399,126.48510791684232,121.57282037572263,126.45991516113281,2372,0.0,0.0
2004-03-19 00:00:00+05:30,126.96372299194336,126.96372299194336,120.41400712331135,120.91783142089844,5329,0.0,0.0
2004-03-22 00:00:00+05:30,124.74688045354924,124.74688045354924,121.42163751295034,121.4720230102539,1632,0.0,0.0
2004-03-23 00:00:00+05:30,114.36814417775632,122.42933495680522,114.36814417775632,116.58496856689453,8326,0.0,0.0
2004-03-24 00:00:00+05:30,116.38343992819541,120.91785966565757,116.38343992819541,120.64075469970703,1360,0.0,0.0
2004-03-25 00:00:00+05:30,122.30335484715296,122.30335484715296,121.7743377685547,121.77433776855469,5675,0.0,0.0
2004-03-26 00:00:00+05:30,123.4369392064112,125.70414829387589,123.4369392064112,124.84764862060547,5206,0.0,0.0
2004-03-29 00:00:00+05:30,123.46217422686723,130.44013775029956,121.9255082261365,129.35691833496094,3484,0.0,0.0
2004-03-30 00:00:00+05:30,128.47520879179336,132.50580357741828,127.74466502444875,130.6416473388672,882,0.0,0.0
2004-03-31 00:00:00+05:30,128.47520801790807,132.5058027792542,128.47520801790807,129.8859100341797,447,0.0,0.0
2004-04-01 00:00:00+05:30,132.25386622999767,132.70730498197275,129.5332183426512,131.95156860351562,1510,0.0,0.0
2004-04-02 00:00:00+05:30,133.00963651216946,133.00963651216946,130.9943389892578,130.9943389892578,1360,0.0,0.0
2004-04-05 00:00:00+05:30,132.00198649949985,132.00198649949985,131.49816212354756,131.85084533691406,175,0.0,0.0
2004-04-06 00:00:00+05:30,130.99434117598986,130.99434117598986,127.97139484115932,128.5004119873047,665,0.0,0.0
2004-04-07 00:00:00+05:30,130.11265563964844,130.11265563964844,130.11265563964844,130.11265563964844,25,0.0,0.0
2004-04-08 00:00:00+05:30,126.45988035570862,129.98664992738176,125.98124887995964,127.89578247070312,1830,0.0,0.0
2004-04-09 00:00:00+05:30,127.89578247070314,127.89578247070314,127.89578247070314,127.89578247070312,0,0.0,0.0
2004-04-12 00:00:00+05:30,133.5134587524947,138.02269303792033,132.2538978208674,135.0753173828125,1667,0.0,0.0
2004-04-13 00:00:00+05:30,137.0402237215909,139.98759925540875,135.17606746929613,138.55169677734375,1390,0.0,0.0
2004-04-14 00:00:00+05:30,138.55169677734375,138.55169677734375,138.55169677734375,138.55169677734375,0,0.0,0.0
2004-04-15 00:00:00+05:30,136.53641302445354,137.54406182906206,136.53641302445354,137.0402374267578,50149,0.0,0.0
2004-04-16 00:00:00+05:30,140.56699318218907,140.56699318218907,138.55169578889604,138.60208129882812,595,0.0,0.0
2004-04-19 00:00:00+05:30,138.55167493907683,138.55167493907683,136.03255357654817,137.2921142578125,2115,0.0,0.0
2004-04-20 00:00:00+05:30,138.55168237392985,142.58227677026235,138.32495528893716,139.3074188232422,2255,0.0,0.0
2004-04-21 00:00:00+05:30,128.97902305194273,139.28223631703332,126.762199168337,137.9722900390625,1156,0.0,0.0
2004-04-22 00:00:00+05:30,138.55169432503837,142.5822890690395,138.55169432503837,141.07081604003906,3740,0.0,0.0
2004-04-23 00:00:00+05:30,142.128887809019,147.1167470482247,141.0708533339141,141.90216064453125,4888,0.0,0.0
2004-04-26 00:00:00+05:30,141.90216064453125,141.90216064453125,141.90216064453125,141.90216064453125,0,0.0,0.0
2004-04-27 00:00:00+05:30,139.0555236816406,139.0555236816406,129.48286081949868,136.03257751464844,1564,0.0,0.0
2004-04-28 00:00:00+05:30,134.52108075903095,138.55167493907683,134.52108075903095,137.2921142578125,175,0.0,0.0
2004-04-29 00:00:00+05:30,133.51345523028027,149.6358347297858,133.2615430506005,149.58544921875,60221,0.0,0.0
2004-04-30 00:00:00+05:30,149.6358501918727,149.6358501918727,141.1967913005802,142.0532989501953,1670,0.0,0.0
2004-05-03 00:00:00+05:30,139.5593239382005,139.58450900170908,134.14321299114036,137.66998291015625,696,0.0,0.0
2004-05-04 00:00:00+05:30,141.0708232174546,142.05328688649027,139.05552574291954,139.1059112548828,234,0.0,0.0
2004-05-05 00:00:00+05:30,146.0586963678711,146.0586963678711,137.8211640209786,139.15631103515625,286,0.0,0.0
2004-05-06 00:00:00+05:30,139.83647721704122,142.33041452439548,139.55937990533644,141.90216064453125,390,0.0,0.0
2004-05-07 00:00:00+05:30,142.07850217147615,143.08615112304688,142.07850217147615,143.08615112304688,100,0.0,0.0
2004-05-10 00:00:00+05:30,146.10905781549667,146.10905781549667,138.55169275607443,139.55934143066406,170,0.0,0.0
2004-05-11 00:00:00+05:30,139.55933363406453,144.09375241639876,139.55933363406453,143.5647430419922,71922,0.0,0.0
2004-05-12 00:00:00+05:30,137.5440622881946,142.07848192406914,137.36772067169935,139.7860870361328,2075,0.0,0.0
2004-05-13 00:00:00+05:30,143.43878712230153,143.43878712230153,137.54403654859138,139.96238708496094,1310,0.0,0.0
2004-05-14 00:00:00+05:30,137.04022247815175,137.04022247815175,131.49815465734414,133.43788146972656,1117,0.0,0.0
2004-05-17 00:00:00+05:30,121.42166214711283,125.95608106546973,115.87959458023217,119.78423309326172,1930,0.0,0.0
2004-05-18 00:00:00+05:30,121.92553406976987,128.4752528421129,121.92553406976987,126.38438415527344,1505,0.0,0.0
2004-05-19 00:00:00+05:30,126.71184129543245,128.47522676077642,123.43698257407932,126.1324462890625,1125,0.0,0.0
2004-05-20 00:00:00+05:30,130.99432882190786,130.99432882190786,127.03930466506974,127.14007568359375,2240,0.0,0.0
2004-05-21 00:00:00+05:30,123.4369392064112,126.96370889802294,123.4369392064112,124.84764862060547,1216,0.0,0.0
2004-05-24 00:00:00+05:30,128.4751947539147,130.99431621967773,128.4751947539147,129.78514099121094,2188,0.0,0.0
2004-05-25 00:00:00+05:30,130.4401289861247,130.49051449925528,128.57598031654248,129.8103485107422,943,0.0,0.0
2004-05-26 00:00:00+05:30,130.9691888078426,131.14551508766706,128.4752513087073,129.98672485351562,28728,0.0,0.0
2004-05-27 00:00:00+05:30,128.97900485436892,130.99430180521844,128.47518061665656,129.7347412109375,26025,0.0,0.0
2004-05-28 00:00:00+05:30,128.47523498535156,129.70961104031358,128.47523498535156,128.47523498535156,2619,0.0,0.0
2004-05-31 00:00:00+05:30,125.70418619769698,129.96150847363074,121.69878380630236,128.04696655273438,6498,0.0,0.0
2004-06-01 00:00:00+05:30,125.95608162312408,131.95158803328513,124.49499415139549,130.1378173828125,6514,0.0,0.0
2004-06-02 00:00:00+05:30,128.9790425242769,129.9866912939978,126.56068393939671,127.36680603027344,767,0.0,0.0
2004-06-03 00:00:00+05:30,126.45992243027116,129.4576837137785,123.43697607735632,124.49501037597656,1200,0.0,0.0
2004-06-04 00:00:00+05:30,123.43693440113209,125.40184579201028,120.71628667718574,121.4720230102539,767,0.0,0.0
2004-06-07 00:00:00+05:30,132.48060155255882,132.48060155255882,121.19493298473625,125.90568542480469,361,0.0,0.0
2004-06-08 00:00:00+05:30,139.00509978723707,139.00509978723707,121.47202301025389,121.4720230102539,178,0.0,0.0
2004-06-09 00:00:00+05:30,127.89583233480028,127.89583233480028,122.42933429232662,123.33621978759766,216,0.0,0.0
2004-06-10 00:00:00+05:30,123.94077634502672,129.93628236954441,123.94077634502672,127.76984405517578,465,0.0,0.0
2004-06-11 00:00:00+05:30,116.25747566237185,126.963743735288,116.25747566237185,123.46216583251953,959,0.0,0.0
2004-06-14 00:00:00+05:30,120.91784808395828,120.96823359575981,119.02850670764643,119.2552261352539,745,0.0,0.0
2004-06-15 00:00:00+05:30,121.92548733070248,122.93313598632812,120.96822418295778,122.93313598632812,500,0.0,0.0
2004-06-16 00:00:00+05:30,123.94079795370297,125.30112224735215,121.54763213955627,123.43697357177734,4485,0.0,0.0
2004-06-17 00:00:00+05:30,124.92324236170136,125.45225945115367,122.0514451889236,123.63848876953125,250,0.0,0.0
2004-06-18 00:00:00+05:30,126.76276867286523,127.01885507422456,122.94708285563866,124.66285705566406,879,4.0,0.0
2004-06-21 00:00:00+05:30,125.48231564481983,125.48231564481983,122.92145206023167,123.10071563720703,172,0.0,0.0
2004-06-22 00:00:00+05:30,123.433637654707,123.433637654707,122.92146488435552,123.17755126953125,213,0.0,0.0
2004-06-23 00:00:00+05:30,122.92143249511719,122.92143249511719,122.92143249511719,122.92143249511719,3279,0.0,0.0
2004-06-24 00:00:00+05:30,119.46428037558027,122.40927335375642,118.82406451075937,120.8471450805664,1734,0.0,0.0
2004-06-25 00:00:00+05:30,125.9432479179018,125.9432479179018,122.92143249511719,122.92143249511719,75,0.0,0.0
2004-06-28 00:00:00+05:30,139.7719514088575,139.7719514088575,119.3362601928711,128.04319763183594,321,0.0,0.0
2004-06-29 00:00:00+05:30,128.0431832501626,129.32361508266422,128.0431832501626,129.19557189941406,16571,0.0,0.0
2004-06-30 00:00:00+05:30,128.04319763183594,128.5553704223633,128.04319763183594,128.04319763183594,25250,0.0,0.0
2004-07-01 00:00:00+05:30,128.04319763183594,128.5553704223633,128.04319763183594,128.04319763183594,15985,0.0,0.0
2004-07-02 00:00:00+05:30,128.55536033983515,128.55536033983515,127.63344782616373,128.12001037597656,1515,0.0,0.0
2004-07-05 00:00:00+05:30,131.11624640513142,132.9088513364516,125.99451802993097,127.76151275634766,1817,0.0,0.0
2004-07-06 00:00:00+05:30,131.11622643849208,131.11622643849208,125.99449884323847,129.06753540039062,320,0.0,0.0
2004-07-07 00:00:00+05:30,128.06880783438962,128.06880783438962,127.07007245588862,128.04319763183594,3333,0.0,0.0
2004-07-08 00:00:00+05:30,126.76271306329653,129.83574853149767,126.76271306329653,128.27362060546875,2140,0.0,0.0
2004-07-09 00:00:00+05:30,128.04317898250187,130.6040425621519,127.91513580351936,130.27113342285156,3310,0.0,0.0
2004-07-12 00:00:00+05:30,130.96257426894007,131.11622766125785,129.09314680529303,130.68087768554688,164,0.0,0.0
2004-07-13 00:00:00+05:30,130.6040496826172,132.14056791417738,130.11748713898362,130.6040496826172,255,0.0,0.0
2004-07-14 00:00:00+05:30,133.01129216598935,134.70145627782176,131.37233283369306,133.93319702148438,520,0.0,0.0
2004-07-15 00:00:00+05:30,134.957518925534,137.7488666506756,133.19051669508337,136.54525756835938,875,0.0,0.0
2004-07-16 00:00:00+05:30,136.2379397781877,139.82314871971894,136.2379397781877,137.2878875732422,2625,0.0,0.0
2004-07-19 00:00:00+05:30,138.7987895086934,140.84748012874792,136.28914662518042,139.13169860839844,1753,0.0,0.0
2004-07-20 00:00:00+05:30,137.2623026146079,137.2623026146079,135.7257843017578,135.7257843017578,145,0.0,0.0
2004-07-21 00:00:00+05:30,136.2379530721636,137.26229858398438,135.7257803162532,137.26229858398438,5188,0.0,0.0
2004-07-22 00:00:00+05:30,137.26229858398438,137.26229858398438,137.26229858398438,137.26229858398438,875,0.0,0.0
2004-07-23 00:00:00+05:30,138.03055010343854,138.03055010343854,136.23794555664065,136.23794555664062,150,0.0,0.0
2004-07-26 00:00:00+05:30,138.23542718409354,139.82316589355472,138.23542718409354,139.8231658935547,563,0.0,0.0
2004-07-27 00:00:00+05:30,140.84749413158502,140.84749413158502,137.26228519005377,137.2878875732422,981,0.0,0.0
2004-07-28 00:00:00+05:30,137.2623026146079,138.28664815650794,134.70143875985775,135.7257843017578,1820,0.0,0.0
2004-07-29 00:00:00+05:30,139.31100092472045,139.31100092472045,137.77448253216838,138.56834411621094,8036,0.0,0.0
2004-07-30 00:00:00+05:30,140.8219107140195,147.1984523835038,140.8219107140195,144.86807250976562,5316,0.0,0.0
2004-08-02 00:00:00+05:30,138.2866657723626,142.76817808905952,138.2866657723626,142.38404846191406,904,0.0,0.0
2004-08-03 00:00:00+05:30,143.40836952032365,148.4788766023093,141.10359215303274,143.84371948242188,5594,0.0,0.0
2004-08-04 00:00:00+05:30,146.99355592433577,146.99355592433577,144.94486524943213,145.32899475097656,2935,0.0,0.0
2004-08-05 00:00:00+05:30,147.50576113077614,150.01540463507155,144.9448972222557,147.86428833007812,2851,0.0,0.0
2004-08-06 00:00:00+05:30,145.45706322705587,147.24966787950197,141.3596811643219,145.02171325683594,1074,0.0,0.0
2004-08-09 00:00:00+05:30,145.20096437016335,150.3226915084407,144.43270529942174,148.7093505859375,2059,0.0,0.0
2004-08-10 00:00:00+05:30,150.83490564272321,161.79540160242126,149.04230065206266,158.69676208496094,17973,0.0,0.0
2004-08-11 00:00:00+05:30,157.80044376050532,163.3831241882173,154.2152341388203,154.80422973632812,14908,0.0,0.0
2004-08-12 00:00:00+05:30,154.95783419604703,159.7978721527823,152.11528214543702,154.1895751953125,5653,0.0,0.0
2004-08-13 00:00:00+05:30,155.18837128242814,157.44192866344477,153.13967991236308,154.75302124023438,2295,0.0,0.0
2004-08-16 00:00:00+05:30,153.65182393519206,158.722330998999,153.65182393519206,154.7786102294922,1206,0.0,0.0
2004-08-17 00:00:00+05:30,155.64926404347187,160.5149041820388,154.88100507422448,156.8272705078125,3397,0.0,0.0
2004-08-18 00:00:00+05:30,157.7492011244373,157.7492011244373,152.88356018066406,152.88356018066406,1407,0.0,0.0
2004-08-19 00:00:00+05:30,156.21269930033316,156.21269930033316,152.62748980819435,154.0359649658203,4322,0.0,0.0
2004-08-20 00:00:00+05:30,153.65178919921001,154.6761344605381,152.1152713072179,153.57496643066406,627,0.0,0.0
2004-08-23 00:00:00+05:30,152.11530406483382,158.26137695634225,151.09095858291573,156.8016815185547,2399,0.0,0.0
2004-08-24 00:00:00+05:30,158.77355614250953,165.17571566438494,158.77355614250953,163.74163818359375,11138,0.0,0.0
2004-08-25 00:00:00+05:30,166.3024816091638,166.3024816091638,161.07831382751465,163.895263671875,1815,0.0,0.0
2004-08-26 00:00:00+05:30,165.58538448490776,166.4048637172995,162.87087613476817,163.94644165039062,2639,0.0,0.0
2004-08-27 00:00:00+05:30,164.71473941113152,167.99264148478053,164.40743267260535,167.71095275878906,8647,0.0,0.0
2004-08-30 00:00:00+05:30,168.04387413548477,171.47542201353417,166.71222192493033,170.1693878173828,4765,0.0,0.0
2004-08-31 00:00:00+05:30,172.6021956705975,172.6021956705975,167.24998483463864,169.52915954589844,6972,0.0,0.0
2004-09-01 00:00:00+05:30,169.01700727196624,171.0400958838455,169.01700727196624,169.6060028076172,12690,0.0,0.0
2004-09-02 00:00:00+05:30,165.07329532602736,168.5048595073133,162.97339924672093,166.328125,13861,0.0,0.0
2004-09-03 00:00:00+05:30,164.40748266962535,169.01703825849336,163.89530982641782,167.55734252929688,5290,0.0,0.0
2004-09-06 00:00:00+05:30,174.08749137062483,174.08749137062483,167.4804669032479,169.2730712890625,11498,0.0,0.0
2004-09-07 00:00:00+05:30,165.43176405849525,170.96322236314242,165.43176405849525,168.8633270263672,563,0.0,0.0
2004-09-08 00:00:00+05:30,170.0413643675998,172.60222828879859,169.01701879912028,171.60348510742188,4269,0.0,0.0
2004-09-09 00:00:00+05:30,166.96832247647373,169.04261593611236,163.9977266722528,169.0170135498047,1520,0.0,0.0
2004-09-10 00:00:00+05:30,174.13878250329282,174.13878250329282,156.34077458567685,167.787841796875,2908,0.0,0.0
2004-09-13 00:00:00+05:30,169.01700453609794,170.04135001813492,167.48048631304252,168.19752502441406,435,0.0,0.0
2004-09-14 00:00:00+05:30,167.48046591439868,169.01698395031062,164.97082291512984,168.1206817626953,490,0.0,0.0
2004-09-15 00:00:00+05:30,166.96832762467122,171.06570989766928,159.28573586279984,169.09384155273438,5194,0.0,0.0
2004-09-16 00:00:00+05:30,167.0195487795163,171.57788345265155,167.0195487795163,170.47671508789062,1455,0.0,0.0
2004-09-17 00:00:00+05:30,155.13712114897152,173.88264671961466,155.13712114897152,172.0900421142578,2814,0.0,0.0
2004-09-20 00:00:00+05:30,171.06570433438375,173.5497453826591,169.0170132645109,170.83522033691406,1756,0.0,0.0
2004-09-21 00:00:00+05:30,168.3255539449579,172.09002639847867,168.3255539449579,171.6290740966797,1457,0.0,0.0
2004-09-22 00:00:00+05:30,174.65090879032257,175.16308154337338,169.01700850676377,171.21934509277344,730,0.0,0.0
2004-09-23 00:00:00+05:30,170.04136404188276,174.6509190912109,170.04136404188276,174.11314392089844,2542,0.0,0.0
2004-09-24 00:00:00+05:30,170.57916107734846,176.18746002502238,170.57916107734846,174.21559143066406,2295,0.0,0.0
2004-09-27 00:00:00+05:30,164.68917976865274,175.9826009078438,164.68917976865274,170.886474609375,489,0.0,0.0
2004-09-28 00:00:00+05:30,173.11442503455092,175.16311645507815,169.73408106462597,175.16311645507812,2757,0.0,0.0
2004-09-29 00:00:00+05:30,175.67523905880645,177.72392989331146,172.09003009842263,176.00814819335938,1345,0.0,0.0
2004-09-30 00:00:00+05:30,178.23609559078105,186.9430312949284,174.18993447784894,184.10047912597656,5366,0.0,0.0
2004-10-01 00:00:00+05:30,182.84568271493532,186.81502176546962,179.7726460306507,185.5089874267578,2206,0.0,0.0
2004-10-04 00:00:00+05:30,184.6382556122048,188.4795508052465,184.6382556122048,187.5320281982422,3478,0.0,0.0
2004-10-05 00:00:00+05:30,183.1017533353281,184.38218517683393,181.82132149382232,182.30789184570312,400,0.0,0.0
2004-10-06 00:00:00+05:30,182.3334550476345,184.89431818032597,177.23733116147113,178.5433807373047,1511,0.0,0.0
2004-10-07 00:00:00+05:30,181.82131771622085,181.82131771622085,179.2604540864149,181.79571533203125,515,0.0,0.0
2004-10-08 00:00:00+05:30,181.2834988234407,183.35779161050286,181.2834988234407,181.82127380371094,1170,0.0,0.0
2004-10-11 00:00:00+05:30,184.35658586329143,184.35658586329143,172.2180855514938,174.83016967773438,862,0.0,0.0
2004-10-12 00:00:00+05:30,171.60349267286492,174.1387543187324,167.27564183340178,167.37806701660156,801,0.0,0.0
2004-10-13 00:00:00+05:30,167.37806701660156,167.37806701660156,167.37806701660156,167.37806701660156,0,0.0,0.0
2004-10-14 00:00:00+05:30,170.80960793656143,171.5778670427229,169.01700335551806,171.14251708984375,1101,0.0,0.0
2004-10-15 00:00:00+05:30,171.06570993607932,175.67526499423715,169.01701879912028,171.60348510742188,1437,0.0,0.0
2004-10-18 00:00:00+05:30,166.96830347033517,176.69958496093753,166.96830347033517,176.6995849609375,1235,0.0,0.0
2004-10-19 00:00:00+05:30,173.1143973071448,184.38219831530216,173.1143973071448,181.36038208007812,2430,0.0,0.0
2004-10-20 00:00:00+05:30,180.28480701473353,190.86117111837873,180.28480701473353,187.14791870117188,1622,0.0,0.0
2004-10-21 00:00:00+05:30,184.38218443406598,186.94304810676135,183.4858821486226,185.71383666992188,5488,0.0,0.0
2004-10-22 00:00:00+05:30,185.71383666992188,185.71383666992188,185.71383666992188,185.71383666992188,0,0.0,0.0
2004-10-25 00:00:00+05:30,178.74827194213867,178.74827194213867,161.61608890932985,163.895263671875,3021,0.0,0.0
2004-10-26 00:00:00+05:30,157.2882832750953,171.0657296313236,157.2882832750953,167.55734252929688,1795,0.0,0.0
2004-10-27 00:00:00+05:30,168.76086401920753,168.86330478665207,161.334361657209,163.76718139648438,2123,0.0,0.0
2004-10-28 00:00:00+05:30,166.45613062025217,166.45613062025217,161.69293067307322,161.89779663085938,580,0.0,0.0
2004-10-29 00:00:00+05:30,164.81717982246224,164.81717982246224,163.3831024169922,163.3831024169922,640,0.0,0.0
2004-11-01 00:00:00+05:30,162.8709248310811,166.45613386824326,162.10266575168922,165.81591796875,3480,0.0,0.0
2004-11-02 00:00:00+05:30,163.99770871168863,166.4561314783373,163.99770871168863,164.86839294433594,2154,0.0,0.0
2004-11-03 00:00:00+05:30,167.4805071082482,167.4805071082482,164.4074702805739,166.45616149902344,4365,0.0,0.0
2004-11-04 00:00:00+05:30,173.5753345781533,173.5753345781533,163.89527313468992,165.1757049560547,47226,0.0,0.0
2004-11-05 00:00:00+05:30,163.92090416742863,169.7340687784444,163.92090416742863,168.35121154785156,1520,0.0,0.0
2004-11-08 00:00:00+05:30,166.45613284577811,168.96577603032182,165.94396012932955,166.4817352294922,891,0.0,0.0
2004-11-09 00:00:00+05:30,164.56109046332804,166.456135799928,164.5354880791596,166.302490234375,979,0.0,0.0
2004-11-10 00:00:00+05:30,168.50482891435541,170.2974334772741,164.91961978851808,169.06822204589844,3386,0.0,0.0
2004-11-11 00:00:00+05:30,176.3922480389138,176.3922480389138,166.45610228982116,175.34230041503906,1422,0.0,0.0
2004-11-12 00:00:00+05:30,171.5778725091382,171.5778725091382,169.0170087403451,169.40113830566406,330,0.0,0.0
2004-11-15 00:00:00+05:30,169.40113830566406,169.40113830566406,169.40113830566406,169.40113830566406,0,0.0,0.0
2004-11-16 00:00:00+05:30,169.01697256750288,170.0413178557908,168.04384766968312,168.8633270263672,1560,0.0,0.0
2004-11-17 00:00:00+05:30,167.48046879732695,169.9645094575309,167.48046879732695,167.71095275878906,2132,0.0,0.0
2004-11-18 00:00:00+05:30,169.0169794552404,172.60218811035156,166.456116130161,172.60218811035156,5948,0.0,0.0
2004-11-19 00:00:00+05:30,174.1387061053992,175.67522410044683,170.0669271664152,172.60218811035156,1565,0.0,0.0
2004-11-22 00:00:00+05:30,169.01703496262374,173.60098807205316,169.01703496262374,171.1681671142578,500,0.0,0.0
2004-11-23 00:00:00+05:30,173.1144103917557,174.1131536268946,171.34740793890194,173.3448944091797,743,0.0,0.0
2004-11-24 00:00:00+05:30,191.55261922807836,191.55261922807836,167.48049862989737,171.577880859375,1381,0.0,0.0
2004-11-25 00:00:00+05:30,182.33347835041047,189.50389603834796,173.11436989449084,173.4216766357422,630,0.0,0.0
2004-11-26 00:00:00+05:30,173.4216766357422,173.4216766357422,173.4216766357422,173.4216766357422,0,0.0,0.0
2004-11-29 00:00:00+05:30,170.55352783203128,170.55352783203128,170.55352783203128,170.55352783203125,10,0.0,0.0
2004-11-30 00:00:00+05:30,172.09001243443123,178.95312289951246,172.09001243443123,176.64834594726562,3558,0.0,0.0
2004-12-01 00:00:00+05:30,172.14122347769776,179.2860222634923,172.14122347769776,179.2348175048828,2633,0.0,0.0
2004-12-02 00:00:00+05:30,179.77260982668562,181.82130053696125,177.74952149818057,181.53961181640625,1500,0.0,0.0
2004-12-03 00:00:00+05:30,179.77262122112774,179.77262122112774,174.6508941208107,176.6995849609375,570,0.0,0.0
2004-12-06 00:00:00+05:30,176.699602920923,181.82133054181932,174.83017546535032,178.33856201171875,1743,0.0,0.0
2004-12-07 00:00:00+05:30,179.26043701171875,181.3091277204241,179.26043701171875,179.26043701171875,1444,0.0,0.0
2004-12-08 00:00:00+05:30,177.21177673339844,179.26046779390015,176.9556903508357,177.21177673339844,765,0.0,0.0
2004-12-09 00:00:00+05:30,176.69957362583705,179.26043701171875,176.18740094866072,179.26043701171875,860,0.0,0.0
2004-12-10 00:00:00+05:30,176.18742223843606,180.28480415095783,176.18742223843606,176.3922882080078,2495,0.0,0.0
2004-12-13 00:00:00+05:30,178.74829265589088,182.84567472250157,178.74829265589088,181.05307006835938,1225,0.0,0.0
2004-12-14 00:00:00+05:30,184.12609202746177,185.4065238218113,180.84818975998118,182.2054443359375,2206,0.0,0.0
2004-12-15 00:00:00+05:30,186.9174530647151,192.06478299692384,182.0774142810838,188.78688049316406,2565,0.0,0.0
2004-12-16 00:00:00+05:30,190.01607622664798,190.01607622664798,183.69074010490894,186.2772216796875,5378,0.0,0.0
2004-12-17 00:00:00+05:30,188.4795950769177,194.62566882942588,185.43216058918952,193.4476776123047,4429,0.0,0.0
2004-12-20 00:00:00+05:30,190.5282909694674,190.5282909694674,187.45525401834698,189.63198852539062,1230,0.0,0.0
2004-12-21 00:00:00+05:30,189.50390240462153,191.8855023763552,188.47955698621817,191.04042053222656,2106,0.0,0.0
2004-12-22 00:00:00+05:30,189.5039381157803,189.5039381157803,179.2604820014138,180.8482208251953,3745,0.0,0.0
2004-12-23 00:00:00+05:30,172.0899943606954,181.8212738037109,172.0899943606954,181.82127380371094,2905,0.0,0.0
2004-12-24 00:00:00+05:30,180.8994025564487,188.4283318126971,180.8994025564487,185.04798889160156,1145,0.0,0.0
2004-12-27 00:00:00+05:30,194.62564370503208,194.62564370503208,174.1387338413445,184.63827514648438,575,0.0,0.0
2004-12-28 00:00:00+05:30,184.3822017217014,184.3822017217014,181.1555194436808,181.41160583496094,875,0.0,0.0
2004-12-29 00:00:00+05:30,181.30914506898625,181.82131779516985,179.31167456292454,179.51654052734375,1031,0.0,0.0
2004-12-30 00:00:00+05:30,181.30911784492542,183.8699810913227,179.8238202880688,181.61642456054688,1136,0.0,0.0
2004-12-31 00:00:00+05:30,179.92628392451377,184.38219317843482,179.92628392451377,183.79319763183594,1651,0.0,0.0
2005-01-03 00:00:00+05:30,184.3822231826831,188.47960592007607,181.69331576126896,182.4103546142578,2246,0.0,0.0
2005-01-04 00:00:00+05:30,184.38220214843753,186.43089328342015,181.8725586341384,184.3822021484375,786,0.0,0.0
2005-01-05 00:00:00+05:30,186.35405542043867,186.43087820573285,180.28480529785156,180.28480529785156,940,0.0,0.0
2005-01-06 00:00:00+05:30,185.91871511784865,185.91871511784865,179.2604691218926,181.56524658203125,1081,0.0,0.0
2005-01-07 00:00:00+05:30,167.09638996673695,181.8213591975222,167.09638996673695,180.13119506835938,3774,0.0,0.0
2005-01-10 00:00:00+05:30,180.2848032840154,184.38218517683393,179.3116782105253,182.30789184570312,3165,0.0,0.0
2005-01-11 00:00:00+05:30,179.77266620009874,185.9187402582218,179.77266620009874,185.81629943847656,4403,0.0,0.0
2005-01-12 00:00:00+05:30,182.33347307477678,182.79442535818157,178.28731205113766,179.26043701171875,735,0.0,0.0
2005-01-13 00:00:00+05:30,183.101790345557,183.101790345557,177.8264163443543,178.28736877441406,1670,0.0,0.0
2005-01-14 00:00:00+05:30,180.69461620248023,183.3579218785255,175.18875681646304,177.3398895263672,790,0.0,0.0
2005-01-17 00:00:00+05:30,179.26046842366358,204.3569340029765,175.31673186623402,197.51942443847656,9144,0.0,0.0
2005-01-18 00:00:00+05:30,198.21084665396648,199.7473648450825,189.09417830545328,194.80490112304688,25496,0.0,0.0
2005-01-19 00:00:00+05:30,199.13273910921998,199.13273910921998,194.62562561035156,194.62562561035156,3536,0.0,0.0
2005-01-20 00:00:00+05:30,196.11093192196316,196.11093192196316,192.0647705484631,194.523193359375,4495,0.0,0.0
2005-01-24 00:00:00+05:30,197.18648956589647,197.18648956589647,194.1134533648695,195.08657836914062,7515,0.0,0.0
2005-01-25 00:00:00+05:30,195.24022586437815,197.18647573642212,194.62561241516988,196.93038940429688,6020,0.0,0.0
2005-01-27 00:00:00+05:30,200.33637127142103,201.2582916144711,195.64999365930112,197.6986846923828,2610,0.0,0.0
2005-01-28 00:00:00+05:30,198.72303460789774,207.42997169123348,198.21086183828976,204.15206909179688,2786,0.0,0.0
2005-01-31 00:00:00+05:30,209.99080608246962,213.06384226904237,203.84473370932417,210.32371520996094,7938,0.0,0.0
2005-02-01 00:00:00+05:30,206.91783077844102,207.4300036269025,204.8691393845951,205.9959259033203,1527,0.0,0.0
2005-02-02 00:00:00+05:30,207.4299819026161,207.4299819026161,203.35820193167766,203.8447723388672,130,0.0,0.0
2005-02-03 00:00:00+05:30,209.2702531096652,209.2702531096652,202.2945780060097,208.7277069091797,3345,3.5,0.0
2005-02-04 00:00:00+05:30,206.68669923159845,206.68669923159845,204.10311549120348,204.54232788085938,342,0.0,0.0
2005-02-07 00:00:00+05:30,201.5195490125532,209.2703008976514,201.5195490125532,208.62440490722656,1032,0.0,0.0
2005-02-08 00:00:00+05:30,206.68674708378543,209.27033142233273,206.68674708378543,208.15939331054688,76970,0.0,0.0
2005-02-09 00:00:00+05:30,209.27026439939567,209.27026439939567,205.16236030916394,205.91160583496094,620,0.0,0.0
2005-02-10 00:00:00+05:30,206.68672827904527,206.68672827904527,203.06971053416197,203.2505645751953,475,0.0,0.0
2005-02-11 00:00:00+05:30,201.5195024597069,206.686669189443,201.5195024597069,205.9374237060547,2020,0.0,0.0
2005-02-14 00:00:00+05:30,211.80223081720086,211.80223081720086,204.10315300937086,204.1289825439453,1435,0.0,0.0
2005-02-15 00:00:00+05:30,200.0210592243402,202.5529681727103,200.0210592243402,201.080322265625,1005,0.0,0.0
2005-02-16 00:00:00+05:30,197.51498262888194,203.84476297473884,197.51498262888194,199.24598693847656,1167,0.0,0.0
2005-02-17 00:00:00+05:30,198.93591049704273,206.1699436060261,197.3857605451177,201.00277709960938,4173,0.0,0.0
2005-02-18 00:00:00+05:30,206.16991718878015,208.23678352651226,202.60457590997996,206.9449920654297,8539,0.0,0.0
2005-02-21 00:00:00+05:30,208.7535310511891,208.7535310511891,206.68666440711792,207.64259338378906,1453,0.0,0.0
2005-02-22 00:00:00+05:30,194.2855266496247,210.82046508789062,194.2855266496247,210.82046508789062,621,0.0,0.0
2005-02-23 00:00:00+05:30,207.4617752396632,209.78700061594836,206.73837494305215,208.49520874023438,3701,0.0,0.0
2005-02-24 00:00:00+05:30,208.75353272107182,211.67297872538768,202.5529327392578,202.5529327392578,255,0.0,0.0
2005-02-25 00:00:00+05:30,201.51951599121094,206.40249518626726,201.51951599121094,201.51951599121094,235,0.0,0.0
2005-02-28 00:00:00+05:30,206.68669141113975,208.23684159672328,204.10310776850048,208.0818328857422,469,0.0,0.0
2005-03-01 00:00:00+05:30,206.686696251837,208.5985544997439,203.58639580805945,206.60919189453125,12701,0.0,0.0
2005-03-02 00:00:00+05:30,207.46175419483558,208.96022946487034,204.61981235655014,205.7824249267578,3851,0.0,0.0
2005-03-03 00:00:00+05:30,206.68670654296878,206.68670654296878,206.16998977661135,206.68670654296875,14485,0.0,0.0
2005-03-04 00:00:00+05:30,207.46171680619852,215.4191493655251,204.6197754800862,212.91307067871094,54294,0.0,0.0
2005-03-07 00:00:00+05:30,214.95414277934452,231.48907683929409,214.4374260899711,227.7945556640625,11671,0.0,0.0
2005-03-08 00:00:00+05:30,227.87211370533785,227.87211370533785,219.6046447273664,220.30221557617188,4848,0.0,0.0
2005-03-09 00:00:00+05:30,222.18822515578498,222.18822515578498,215.9876235235305,217.02105712890625,8955,0.0,0.0
2005-03-10 00:00:00+05:30,217.02103502177903,220.2505147096031,210.74292966243775,217.20188903808594,131223,0.0,0.0
2005-03-11 00:00:00+05:30,219.60456029036425,222.85986864121028,216.50426061567677,216.99514770507812,2335,0.0,0.0
2005-03-14 00:00:00+05:30,217.02105712890625,227.0453599472619,217.02105712890625,217.02105712890625,5500,0.0,0.0
2005-03-15 00:00:00+05:30,221.6715083530971,221.6715083530971,217.02105712890625,217.02105712890625,387,0.0,0.0
2005-03-16 00:00:00+05:30,220.09552841247725,220.09552841247725,204.10313706170945,217.02105712890625,3970,0.0,0.0
2005-03-17 00:00:00+05:30,217.02101308628605,219.6045965754085,217.02101308628605,217.1501922607422,2035,0.0,0.0
2005-03-18 00:00:00+05:30,212.11220686907927,217.0210155542346,211.853848517229,213.92071533203125,396,0.0,0.0
2005-03-21 00:00:00+05:30,227.22618021584165,235.10611028586231,221.15475868648147,231.28240966796875,11598,0.0,0.0
2005-03-22 00:00:00+05:30,232.52248940422592,232.52248940422592,224.77173975741837,227.17446899414062,2074,0.0,0.0
2005-03-23 00:00:00+05:30,221.671453257382,222.18816993164165,213.4039864692279,218.23529052734375,537,0.0,0.0
2005-03-24 00:00:00+05:30,217.53776762586463,223.22165229067346,214.69582529346025,221.85235595703125,785,0.0,0.0
2005-03-28 00:00:00+05:30,218.0544684872138,218.0544684872138,214.56663042491832,216.5043182373047,279,0.0,0.0
2005-03-29 00:00:00+05:30,219.60467183337803,224.7718405823987,217.5894791750495,218.8812713623047,2090,0.0,0.0
2005-03-30 00:00:00+05:30,217.0209903770096,217.0209903770096,208.62434491599436,210.717041015625,2486,0.0,0.0
2005-03-31 00:00:00+05:30,211.85386638164695,216.9176841973381,209.27028264528542,211.38882446289062,6735,0.0,0.0
2005-04-01 00:00:00+05:30,209.78700348752693,211.85387051696068,205.70494425818404,206.66087341308594,92353,0.0,0.0
2005-04-04 00:00:00+05:30,209.2702531096652,217.02100322483798,206.68666973794095,208.7277069091797,4439,0.0,0.0
2005-04-05 00:00:00+05:30,217.0210302675214,217.0210302675214,201.5195281055556,203.12135314941406,6245,0.0,0.0
2005-04-06 00:00:00+05:30,206.68665406535126,206.68665406535126,206.63497924804688,206.63497924804688,455,0.0,0.0
2005-04-07 00:00:00+05:30,219.60460368382772,219.60460368382772,208.26266549187412,211.28546142578125,2447,0.0,0.0
2005-04-08 00:00:00+05:30,214.43742381439884,219.60459065330002,208.5210114762803,209.2185821533203,6234,0.0,0.0
2005-04-11 00:00:00+05:30,209.27025697549766,210.04533200133284,204.15476495877385,209.2185821533203,690,0.0,0.0
2005-04-12 00:00:00+05:30,210.82039245820818,211.85382575457194,205.756575613602,211.7763214111328,205060,0.0,0.0
2005-04-13 00:00:00+05:30,211.33710910639007,216.45260076960255,209.27024251366254,211.7763214111328,2197,0.0,0.0
2005-04-15 00:00:00+05:30,206.68670502468126,208.2885301424114,206.68670502468126,207.7201385498047,809,0.0,0.0
2005-04-18 00:00:00+05:30,206.68669544095644,232.0058156324736,201.54535758428526,209.73532104492188,1856,0.0,0.0
2005-04-19 00:00:00+05:30,210.30366024524386,210.30366024524386,206.76414831337263,207.25503540039062,2175,0.0,0.0
2005-04-20 00:00:00+05:30,206.68668632024657,211.85385347825272,203.1988484885924,206.76419067382812,433,0.0,0.0
2005-04-21 00:00:00+05:30,211.85389663355664,213.404047096729,204.61986113875227,207.43597412109375,3954,0.0,0.0
2005-04-22 00:00:00+05:30,204.61980130234693,206.4799844679747,202.34625110833133,203.3796844482422,3318,0.0,0.0
2005-04-25 00:00:00+05:30,211.44050417478792,211.44050417478792,206.6867036825125,208.5210418701172,355,0.0,0.0
2005-04-26 00:00:00+05:30,208.7535144536182,208.7535144536182,204.61978149414062,204.61978149414062,1000,0.0,0.0
2005-04-27 00:00:00+05:30,201.5195550933671,205.1107432160707,201.05451312001767,204.025634765625,2505,0.0,0.0
2005-04-28 00:00:00+05:30,223.68662565988322,223.68662565988322,202.55291867627426,205.57571411132812,1055,0.0,0.0
2005-04-29 00:00:00+05:30,206.66085078302308,206.68668031048497,203.3796965793057,204.28395080566406,1718,0.0,0.0
2005-05-02 00:00:00+05:30,206.68670267998417,206.68670267998417,201.51953511298456,204.10311889648438,880,0.0,0.0
2005-05-03 00:00:00+05:30,204.05139453606935,207.7200857718984,204.05139453606935,207.203369140625,3265,0.0,0.0
2005-05-04 00:00:00+05:30,213.40402491769174,213.40402491769174,202.70798152586167,210.40707397460938,1970,0.0,0.0
2005-05-05 00:00:00+05:30,214.43744687649973,214.43744687649973,211.8538631791925,212.29307556152344,660,0.0,0.0
2005-05-06 00:00:00+05:30,209.27027888743046,217.0210299573353,209.27027888743046,215.88424682617188,2532,0.0,0.0
2005-05-09 00:00:00+05:30,216.8660654311071,217.02107417651166,214.43748996012462,216.4526824951172,632,0.0,0.0
2005-05-10 00:00:00+05:30,202.60458899029015,214.4373963839541,202.60458899029015,214.230712890625,435,0.0,0.0
2005-05-11 00:00:00+05:30,208.75353449687134,223.6349682722401,208.75353449687134,221.9298095703125,3322,0.0,0.0
2005-05-12 00:00:00+05:30,217.02101594364746,222.96325804686637,217.02101594364746,220.53468322753906,811,0.0,0.0
2005-05-13 00:00:00+05:30,218.05446598878382,222.1881999411778,218.05446598878382,220.8964080810547,360,0.0,0.0
2005-05-16 00:00:00+05:30,227.35530448948734,227.35530448948734,222.18813847836262,224.2550048828125,1816,0.0,0.0
2005-05-17 00:00:00+05:30,222.18813348834732,223.6866084441321,219.73372968818532,221.2063751220703,467,0.0,0.0
2005-05-18 00:00:00+05:30,219.60458455735227,224.51339291804604,219.60458455735227,221.9298095703125,545,0.0,0.0
2005-05-19 00:00:00+05:30,221.92989753479281,227.74296237126876,221.92989753479281,226.32199096679688,2401,0.0,0.0
2005-05-20 00:00:00+05:30,223.99665147794502,227.35530945858318,223.99665147794502,227.3036346435547,199,0.0,0.0
2005-05-23 00:00:00+05:30,224.77172987725703,232.52247918336934,224.77172987725703,231.61822509765625,593,0.0,0.0
2005-05-24 00:00:00+05:30,224.82347738140137,234.58942151077,222.7049353989909,233.1167755126953,560,0.0,0.0
2005-05-25 00:00:00+05:30,229.42222595214847,230.19730103982462,216.78849571544956,229.42222595214844,1616,0.0,0.0
2005-05-26 00:00:00+05:30,224.82341650102794,224.82341650102794,223.24742126464844,223.24742126464844,1060,0.0,0.0
2005-05-27 00:00:00+05:30,223.22162024003023,229.4222208022533,223.22162024003023,223.5833282470703,500,0.0,0.0
2005-05-30 00:00:00+05:30,223.2216239659117,223.2216239659117,217.58941484833815,218.15780639648438,765,0.0,0.0
2005-05-31 00:00:00+05:30,247.50728709609422,247.50728709609422,222.18817004451046,223.2216033935547,282,0.0,0.0
2005-06-01 00:00:00+05:30,227.35537908726462,234.58941387640485,225.83105830626087,227.94960021972656,1315,0.0,0.0
2005-06-02 00:00:00+05:30,231.10159458614348,234.22772499683498,229.93898175703487,230.76573181152344,1860,0.0,0.0
2005-06-03 00:00:00+05:30,230.45566530840114,232.00581552348007,225.28849792480472,225.2884979248047,230,0.0,0.0
2005-06-06 00:00:00+05:30,234.07264455795908,234.4860115741054,226.19271557449576,226.86444091796875,484,0.0,0.0
2005-06-07 00:00:00+05:30,226.70943471106773,233.27174260458276,226.70943471106773,229.55137634277344,4896,0.0,0.0
2005-06-08 00:00:00+05:30,240.27323695041264,248.02398652945823,228.3887542625428,231.33404541015625,13817,0.0,0.0
2005-06-09 00:00:00+05:30,237.63800086171796,240.47994263620214,231.5407502713104,233.81430053710938,2386,0.0,0.0
2005-06-10 00:00:00+05:30,236.13948642896568,238.20635283096973,232.5482997479079,237.68963623046875,922,0.0,0.0
2005-06-13 00:00:00+05:30,237.68970407603786,238.15474599544137,234.61523311791163,236.811279296875,2636,0.0,0.0
2005-06-14 00:00:00+05:30,237.68967543191056,238.92979232385392,235.64863821573374,238.3355712890625,267,0.0,0.0
2005-06-15 00:00:00+05:30,237.74141422986213,238.72317304313344,233.55600479544657,234.64111328125,727,0.0,0.0
2005-06-16 00:00:00+05:30,232.52251487371507,253.03617416015084,232.52251487371507,237.92221069335938,18810,0.0,0.0
2005-06-17 00:00:00+05:30,237.68972840528116,238.20644520616221,225.28852518413606,228.7505340576172,2008,0.0,0.0
2005-06-20 00:00:00+05:30,241.30670834973895,241.30670834973895,225.28849002245434,228.3629608154297,26846,0.0,0.0
2005-06-21 00:00:00+05:30,228.13040527497665,229.9389135840648,222.18816368797272,224.5650634765625,3889,0.0,0.0
2005-06-22 00:00:00+05:30,228.9054575402022,232.78083210352392,225.28844128110194,231.4632110595703,6241,0.0,0.0
2005-06-23 00:00:00+05:30,237.1213190504211,238.72314416723685,231.46327996496674,237.79306030273438,9551,0.0,0.0
2005-06-24 00:00:00+05:30,240.27322584858453,247.76561676214254,230.4556101687499,241.0999755859375,10087,0.0,0.0
2005-06-27 00:00:00+05:30,235.10607793942273,235.10607793942273,231.4890613557393,232.31581115722656,1273,0.0,0.0
2005-06-28 00:00:00+05:30,233.3075495931358,235.39531290045693,230.48907231392627,230.69784545898438,885,4.5,0.0
2005-06-29 00:00:00+05:30,231.7417372527256,240.09279084741843,231.7417372527256,237.87454223632812,3502,0.0,0.0
2005-06-30 00:00:00+05:30,234.87331722117762,242.1804870902809,234.87331722117762,237.7961883544922,2922,0.0,0.0
2005-07-01 00:00:00+05:30,238.52688791460307,242.1804726310193,236.96106589328184,241.2931671142578,1246,0.0,0.0
2005-07-04 00:00:00+05:30,240.0927401213667,240.0927401213667,236.04769939106106,239.04885864257812,2384,0.0,0.0
2005-07-05 00:00:00+05:30,240.0927160482491,241.63244744642654,233.82942780351215,235.9171905517578,4280,0.0,0.0
2005-07-06 00:00:00+05:30,237.483049148676,237.483049148676,229.91490802195997,230.51513671875,1452,0.0,0.0
2005-07-07 00:00:00+05:30,236.96113194889196,237.48307276816266,231.74172375618508,232.39414978027344,900,0.0,0.0
2005-07-08 00:00:00+05:30,237.22207852645468,237.22207852645468,232.3680357662375,234.01214599609375,1140,0.0,0.0
2005-07-11 00:00:00+05:30,232.96835123489396,239.0489602476585,232.96835123489396,235.44757080078125,3339,0.0,0.0
2005-07-12 00:00:00+05:30,235.39532284883057,237.35260103216342,232.263677755498,235.36923217773438,1445,0.0,0.0
2005-07-13 00:00:00+05:30,235.4735488080552,237.53522098983117,233.82943875249995,236.09988403320312,37420,0.0,0.0
2005-07-14 00:00:00+05:30,237.4830551308837,242.67637226828015,234.89944189602448,241.1105499267578,2007,0.0,0.0
2005-07-15 00:00:00+05:30,235.00385026945895,250.2706189987908,235.00385026945895,247.84359741210938,2450,0.0,0.0
2005-07-18 00:00:00+05:30,258.3607431758981,259.3524276913029,251.86257265800398,253.01084899902344,2946,0.0,0.0
2005-07-19 00:00:00+05:30,255.09854716765574,256.7948546424279,252.61932855068108,254.4461212158203,4225,0.0,0.0
2005-07-20 00:00:00+05:30,252.17566829096344,264.1020175249473,250.53155812643223,261.30963134765625,21464,0.0,0.0
2005-07-21 00:00:00+05:30,266.1898123737561,271.40922045951606,256.32513427734375,256.32513427734375,1891,0.0,0.0
2005-07-22 00:00:00+05:30,268.27752906215306,268.27752906215306,255.750951829679,262.8232421875,2320,0.0,0.0
2005-07-25 00:00:00+05:30,258.3606795832675,262.01426495111167,232.2636412415233,234.01214599609375,12979,0.0,0.0
2005-07-26 00:00:00+05:30,244.79021101209852,244.79021101209852,228.61004781087237,234.8733367919922,103135,0.0,0.0
2005-07-27 00:00:00+05:30,230.74999194271192,237.43082668443952,230.74999194271192,235.1082000732422,1109,0.0,0.0
2005-07-29 00:00:00+05:30,237.48304731059648,239.04886960055646,227.40959694986785,232.73338317871094,750,0.0,0.0
2005-08-01 00:00:00+05:30,231.74168487771007,234.6123589020961,229.65392195088384,234.2469940185547,945,0.0,0.0
2005-08-02 00:00:00+05:30,234.87335106259349,244.26828510509722,234.87335106259349,242.5980682373047,199413,0.0,0.0
2005-08-03 00:00:00+05:30,252.61925011350397,252.61925011350397,237.48297273067004,238.00491333007812,1119,0.0,0.0
2005-08-04 00:00:00+05:30,242.70240771245415,242.70240771245415,239.30979341109725,239.96221923828125,2801,0.0,0.0
2005-08-05 00:00:00+05:30,241.65858290803538,248.41772242983438,234.87335271839294,237.378662109375,47955,0.0,0.0
2005-08-08 00:00:00+05:30,244.21600720441455,244.21600720441455,236.98712660069805,239.3097686767578,977,0.0,0.0
2005-08-09 00:00:00+05:30,241.3975764719907,242.15439686687102,236.96108047196495,237.3003387451172,605,0.0,0.0
2005-08-10 00:00:00+05:30,236.9872209194482,244.79024248294976,234.8733669879049,242.6241912841797,2760,0.0,0.0
2005-08-11 00:00:00+05:30,239.57084251779705,244.268310018146,239.57084251779705,241.0061798095703,947,0.0,0.0
2005-08-12 00:00:00+05:30,240.5364093999616,245.83410508176112,240.5364093999616,245.31216430664062,1280,0.0,0.0
2005-08-16 00:00:00+05:30,240.61469523793107,250.53156987897378,240.61469523793107,248.5220947265625,675,0.0,0.0
2005-08-17 00:00:00+05:30,250.5315335952716,257.81261266173055,245.3643239005423,247.1911163330078,597,0.0,0.0
2005-08-18 00:00:00+05:30,255.75096729160813,255.75096729160813,245.31215230011392,245.8601837158203,1083,0.0,0.0
2005-08-19 00:00:00+05:30,250.53157417650215,255.22904119231154,247.92187027883023,253.08908081054688,1390,0.0,0.0
2005-08-22 00:00:00+05:30,252.69762282749724,253.48053398936807,248.96574947492002,251.0535125732422,1051,0.0,0.0
2005-08-23 00:00:00+05:30,250.5315839915877,250.79255439157893,245.31217599176293,245.75582885742188,647,0.0,0.0
2005-08-24 00:00:00+05:30,245.31219714620838,248.9657830611519,240.09278869628906,240.09278869628906,1458,0.0,0.0
2005-08-25 00:00:00+05:30,244.26829980240998,247.89579481398587,244.26829980240998,245.33827209472656,1818,0.0,0.0
2005-08-26 00:00:00+05:30,247.39989949889102,250.53154379634535,245.96456252922448,246.35601806640625,881,0.0,0.0
2005-08-29 00:00:00+05:30,250.00959216943855,250.00959216943855,242.7024224609372,246.93014526367188,50100,0.0,0.0
2005-08-30 00:00:00+05:30,253.14122804005942,266.7116856257121,248.96570262908935,250.53152465820312,1905,0.0,0.0
2005-08-31 00:00:00+05:30,250.53153074600831,258.3606410818211,250.53153074600831,256.1163024902344,1630,0.0,0.0
2005-09-01 00:00:00+05:30,255.75091059006985,257.838673125499,253.14120742078342,255.67262268066406,1121,0.0,0.0
2005-09-02 00:00:00+05:30,255.7509388409287,257.81261094374787,249.48765054278354,250.4010467529297,619,0.0,0.0
2005-09-05 00:00:00+05:30,255.7509776475164,256.6382833290694,250.53156994042425,251.0274200439453,671,0.0,0.0
2005-09-06 00:00:00+05:30,250.5315272532045,254.7070527074246,248.965705207872,250.81858825683594,230,0.0,0.0
2005-09-08 00:00:00+05:30,250.53159624571788,250.53159624571788,247.94798278808594,247.94798278808594,319,0.0,0.0
2005-09-09 00:00:00+05:30,245.31221632442686,250.949171519682,242.7025118954436,247.16510009765625,1075,0.0,0.0
2005-09-12 00:00:00+05:30,250.53150564463354,250.53150564463354,245.312099277037,249.22665405273438,690,0.0,0.0
2005-09-13 00:00:00+05:30,245.31215595446133,252.0712951334899,245.31215595446133,247.92185974121094,771,0.0,0.0
2005-09-14 00:00:00+05:30,246.87801338551654,250.5315992072895,246.35607255383468,247.5043487548828,30627,0.0,0.0
2005-09-15 00:00:00+05:30,248.44379863166625,250.32278852968014,245.31215411109903,247.89576721191406,2354,0.0,0.0
2005-09-16 00:00:00+05:30,271.4092293003175,287.06745406764355,250.53159627721618,251.70596313476562,29045,0.0,0.0
2005-09-19 00:00:00+05:30,260.97037710877333,260.97037710877333,252.09738428707507,254.8897705078125,2248,0.0,0.0
2005-09-20 00:00:00+05:30,253.14134031688292,257.3168675798418,247.9219312381843,252.35842895507812,1152,0.0,0.0
2005-09-21 00:00:00+05:30,251.5754093233911,251.5754093233911,235.39524814284107,245.59918212890625,1273,0.0,0.0
2005-09-22 00:00:00+05:30,235.39527377507133,250.53155523732647,234.22090710989636,234.56016540527344,20171,0.0,0.0
2005-09-23 00:00:00+05:30,234.8733367919922,237.48304053412542,234.8733367919922,234.8733367919922,17845,0.0,0.0
2005-09-26 00:00:00+05:30,234.87330057534828,243.74629193041702,234.87330057534828,238.2659149169922,393,0.0,0.0
2005-09-27 00:00:00+05:30,242.70250685684908,249.46164755894216,240.09280248204425,244.5814971923828,305,0.0,0.0
2005-09-28 00:00:00+05:30,245.31218355769715,247.92188763809818,243.2244202933763,243.87684631347656,304,0.0,0.0
2005-09-29 00:00:00+05:30,238.00500846332275,244.7902389677596,237.48306765528915,237.5613555908203,529,0.0,0.0
2005-09-30 00:00:00+05:30,238.26597603945015,240.09276884588624,234.8733608274974,236.02163696289062,616,0.0,0.0
2005-10-03 00:00:00+05:30,235.39527359496807,245.3121476488581,235.39527359496807,244.7902069091797,373,0.0,0.0
2005-10-04 00:00:00+05:30,247.39988370976516,247.39988370976516,234.8733073193973,235.89109802246094,2261,0.0,0.0
2005-10-05 00:00:00+05:30,240.09271414871725,240.09271414871725,234.8733073193973,235.89109802246094,2240,0.0,0.0
2005-10-06 00:00:00+05:30,238.00496395919757,238.7878750248528,234.87331969657654,236.33474731445312,970,0.0,0.0
2005-10-07 00:00:00+05:30,283.59653465460366,283.59653465460366,234.92556862880372,237.19601440429688,2453,0.0,0.0
2005-10-10 00:00:00+05:30,235.44741547619364,242.18044624872914,235.44741547619364,239.12709045410156,713,0.0,0.0
2005-10-11 00:00:00+05:30,237.4830158241126,240.09271929470728,237.4830158241126,237.7178955078125,2130,0.0,0.0
2005-10-13 00:00:00+05:30,238.0049826234182,241.16271779784233,235.1343084908989,237.14378356933594,610,0.0,0.0
2005-10-14 00:00:00+05:30,234.48184289617853,241.13658635066108,234.48184289617853,237.48300170898438,513,0.0,0.0
2005-10-17 00:00:00+05:30,233.30749411076897,240.09272324598152,232.26361270535168,232.28970336914062,10809,0.0,0.0
2005-10-18 00:00:00+05:30,230.56736415905897,237.48308023174155,230.17590853230337,232.263671875,2561,0.0,0.0
2005-10-19 00:00:00+05:30,232.52464229283706,232.52464229283706,232.263671875,232.263671875,1790,0.0,0.0
2005-10-20 00:00:00+05:30,232.31580910576233,234.87331535394313,231.21973044843736,233.28140258789062,2584,0.0,0.0
2005-10-21 00:00:00+05:30,232.26369865575796,232.26369865575796,229.65399417647978,229.94105529785156,511,0.0,0.0
2005-10-24 00:00:00+05:30,230.43678054809573,230.43678054809573,229.65386962890625,229.65386962890625,1362,0.0,0.0
2005-10-25 00:00:00+05:30,234.87334250468766,234.87334250468766,227.04423108786472,229.47125244140625,1117,0.0,0.0
2005-10-26 00:00:00+05:30,227.69664775916584,229.65392553359993,227.04422183435446,227.0703125,1295,0.0,0.0
2005-10-27 00:00:00+05:30,229.6539363024141,229.6539363024141,226.00035095214844,226.00035095214844,1025,0.0,0.0
2005-10-28 00:00:00+05:30,227.04422183435446,228.08810331405266,224.43451813510902,227.0703125,2453,0.0,0.0
2005-10-31 00:00:00+05:30,226.00036483137544,238.65742914352523,226.00036483137544,233.229248046875,2418,0.0,0.0
2005-11-02 00:00:00+05:30,234.87332972240867,238.9966583251953,226.00033726622877,238.9966583251953,240,0.0,0.0
2005-11-07 00:00:00+05:30,239.04885864257815,239.04885864257815,239.04885864257815,239.04885864257812,1568,0.0,0.0
2005-11-08 00:00:00+05:30,254.70709554553693,265.14591093674744,240.09275399784218,242.519775390625,27656,0.0,0.0
2005-11-09 00:00:00+05:30,244.76414721510483,244.79023788404322,237.48306660392254,238.2920684814453,568,0.0,0.0
2005-11-11 00:00:00+05:30,238.52694821536835,241.6585930497058,237.48306660392254,238.2920684814453,3786,0.0,0.0
2005-11-14 00:00:00+05:30,232.394154041068,240.87569250972012,232.394154041068,235.96945190429688,18626,0.0,0.0
2005-11-16 00:00:00+05:30,229.65387881412732,241.05828484545623,219.7370067744264,237.5090789794922,28655,0.0,0.0
2005-11-17 00:00:00+05:30,237.48300170898438,237.48300170898438,237.48300170898438,237.48300170898438,50,0.0,0.0
2005-11-18 00:00:00+05:30,239.54475718039572,241.13667038627293,239.54475718039572,240.09278869628906,276,0.0,0.0
2005-11-21 00:00:00+05:30,238.52685392948618,239.04879452889423,238.0049133300781,238.00491333007812,580,0.0,0.0
2005-11-22 00:00:00+05:30,237.90058676151972,238.00498128255208,234.8733367919922,234.8733367919922,35,0.0,0.0
2005-11-23 00:00:00+05:30,237.48296809249103,237.48296809249103,236.4390869140625,236.4390869140625,1205,0.0,0.0
2005-11-24 00:00:00+05:30,241.63243635194888,241.63243635194888,237.48300170898438,237.48300170898438,172,0.0,0.0
2005-11-25 00:00:00+05:30,240.09273659037282,240.09273659037282,236.98718286530269,239.4925079345703,205,0.0,0.0
2005-11-28 00:00:00+05:30,238.6835367297164,243.48539876808783,238.6835367297164,241.0061798095703,580,0.0,0.0
2005-11-29 00:00:00+05:30,238.84008107727442,243.61583556797373,238.84008107727442,240.2232208251953,80,0.0,0.0
2005-11-30 00:00:00+05:30,266.1897597663304,266.1897597663304,240.8756355532578,242.7807159423828,27842,0.0,0.0
2005-12-01 00:00:00+05:30,245.3121685406455,251.5754579501939,242.70246462000034,247.6348114013672,773,0.0,0.0
2005-12-02 00:00:00+05:30,242.70246043103805,248.93965906507552,242.70246043103805,245.31216430664062,565,0.0,0.0
2005-12-05 00:00:00+05:30,246.35599905109612,246.35599905109612,239.17931475670508,239.57077026367188,2910,0.0,0.0
2005-12-06 00:00:00+05:30,239.57082278152993,244.21609263018212,221.824835908824,242.18052673339844,30225,0.0,0.0
2005-12-07 00:00:00+05:30,242.70246752377216,242.70246752377216,240.09276357190365,242.18052673339844,536,0.0,0.0
2005-12-08 00:00:00+05:30,237.50916395984493,241.65859985351562,237.50916395984493,241.65859985351562,255,0.0,0.0
2005-12-09 00:00:00+05:30,242.7024300898454,247.92183718855173,241.2148958810408,241.81512451171875,1070,0.0,0.0
2005-12-12 00:00:00+05:30,241.9194816343246,242.75458982671782,241.9194816343246,242.702392578125,634,0.0,0.0
2005-12-13 00:00:00+05:30,242.70242782842513,245.31213135346198,242.70242782842513,243.77239990234375,460,0.0,0.0
2005-12-14 00:00:00+05:30,245.2600462470699,247.40000730181092,245.2600462470699,247.37391662597656,194,0.0,0.0
2005-12-15 00:00:00+05:30,244.26833435145673,244.26833435145673,243.74639346609035,243.90296936035156,500,0.0,0.0
2005-12-16 00:00:00+05:30,240.40591602104567,249.95742550920204,240.40591602104567,247.92185974121094,1250,0.0,0.0
2005-12-19 00:00:00+05:30,248.96575112859827,251.3666818932899,247.9218695725035,248.0784454345703,1465,0.0,0.0
2005-12-20 00:00:00+05:30,247.9740893863835,250.53159624571788,247.9218921181583,247.94798278808594,895,0.0,0.0
2005-12-21 00:00:00+05:30,250.42711519064403,253.14121291697595,249.74859872324328,252.28001403808594,500,0.0,0.0
2005-12-22 00:00:00+05:30,255.6987921758534,256.27293023578255,251.3144926853957,255.9597625732422,1630,0.0,0.0
2005-12-23 00:00:00+05:30,255.80321926803694,258.36072630232513,251.131842188798,257.995361328125,2364,0.0,0.0
2005-12-26 00:00:00+05:30,260.97042572082535,260.97042572082535,255.75101720640885,258.67388916015625,1076,0.0,0.0
2005-12-27 00:00:00+05:30,259.6654328564363,275.0104983146621,256.79475972938025,265.3284912109375,1259,0.0,0.0
2005-12-28 00:00:00+05:30,268.2775084537148,268.2775084537148,258.36063557312997,262.74493408203125,12670,0.0,0.0
2005-12-29 00:00:00+05:30,260.97039116753473,260.97039116753473,258.3606872558594,258.3606872558594,245,0.0,0.0
2005-12-30 00:00:00+05:30,268.799468249576,268.799468249576,258.36065394862163,259.0652770996094,480,0.0,0.0
2006-01-02 00:00:00+05:30,261.4923319498698,263.058154296875,256.3251213904263,258.3606872558594,375,0.0,0.0
2006-01-03 00:00:00+05:30,260.4484517497401,263.58009646015785,258.36068860946165,258.88262939453125,1707,0.0,0.0
2006-01-04 00:00:00+05:30,258.3605820646423,258.3605820646423,253.66311693619426,254.41993713378906,5174,0.0,0.0
2006-01-05 00:00:00+05:30,254.70704355750067,255.750924883556,249.8008045107136,253.6631622314453,335,0.0,0.0
2006-01-06 00:00:00+05:30,250.531521486881,256.794809524053,245.3382054513798,255.4638671875,867,0.0,0.0
2006-01-09 00:00:00+05:30,252.09739871202612,253.14128028019186,251.57545792794326,252.1234893798828,280,0.0,0.0
2006-01-10 00:00:00+05:30,252.6193005792026,252.6193005792026,247.92183424611824,249.74862670898438,820,0.0,0.0
2006-01-12 00:00:00+05:30,251.5754173515104,254.68097088725827,247.00843622739066,251.21005249023438,133,0.0,0.0
2006-01-13 00:00:00+05:30,251.5754959293953,256.79490455863584,251.5754959293953,254.75933837890625,1370,0.0,0.0
2006-01-16 00:00:00+05:30,253.01080262320383,255.7509918212891,253.01080262320383,255.75099182128906,701,0.0,0.0
2006-01-17 00:00:00+05:30,258.30844055333546,258.30844055333546,248.73082584490868,251.57540893554688,308,0.0,0.0
2006-01-18 00:00:00+05:30,250.53163036128285,256.76883044683444,250.53163036128285,253.27182006835938,1286,0.0,0.0
2006-01-19 00:00:00+05:30,247.92187778150893,255.2290489161218,247.92187778150893,251.9669189453125,1120,0.0,0.0
2006-01-20 00:00:00+05:30,249.38335394749458,254.83764268663728,249.38335394749458,251.26234436035156,585,0.0,0.0
2006-01-23 00:00:00+05:30,255.75095084860266,255.75095084860266,249.74863261440075,250.84471130371094,210,0.0,0.0
2006-01-24 00:00:00+05:30,254.7071102220185,255.7509918212891,250.84475149039125,255.75099182128906,730,0.0,0.0
2006-01-25 00:00:00+05:30,256.53381042168746,257.29063067932265,254.70701828236724,255.48992919921875,864,0.0,0.0
2006-01-27 00:00:00+05:30,253.16734053002025,258.3606570790158,250.66203143878255,251.13177490234375,432,0.0,0.0
2006-01-30 00:00:00+05:30,255.7509836990352,271.4092071908129,244.3987716674964,245.62533569335938,1740,0.0,0.0
2006-01-31 00:00:00+05:30,252.3061675075818,255.69878254586513,241.13663810567652,245.31216430664062,1720,0.0,0.0
2006-02-01 00:00:00+05:30,245.36436156982634,247.92186818224317,245.31216430664062,245.31216430664062,2264,0.0,0.0
2006-02-02 00:00:00+05:30,241.92042559087523,246.62685058733214,241.92042559087523,244.62860107421875,120,3.5,0.0
2006-02-03 00:00:00+05:30,237.68721575055804,243.99749581473213,234.13768321446008,239.26478576660156,1605,0.0,0.0
2006-02-06 00:00:00+05:30,239.29109577763222,244.52337659928244,237.68723918897993,238.73895263671875,5561,0.0,0.0
2006-02-07 00:00:00+05:30,239.7906757534399,240.05360412597656,239.7906757534399,240.05360412597656,200,0.0,0.0
2006-02-08 00:00:00+05:30,243.471677211293,243.471677211293,238.21310966893247,239.79067993164062,386,0.0,0.0
2006-02-10 00:00:00+05:30,241.89410694858486,241.89410694858486,239.2648231774046,239.79067993164062,185,0.0,0.0
2006-02-13 00:00:00+05:30,239.79073901437263,243.47173720099678,239.79073901437263,240.55323791503906,749,0.0,0.0
2006-02-14 00:00:00+05:30,240.31655465810312,243.99755221304122,240.31655465810312,241.4471435546875,550,0.0,0.0
2006-02-15 00:00:00+05:30,238.89669905238702,241.89408874511716,238.89669905238702,241.8940887451172,300,0.0,0.0
2006-02-16 00:00:00+05:30,241.57865194617483,242.9458830691266,241.3683123998466,241.63124084472656,301,0.0,0.0
2006-02-17 00:00:00+05:30,240.8423614501953,243.47164487214067,240.8423614501953,240.8423614501953,1275,0.0,0.0
2006-02-20 00:00:00+05:30,237.9501551304638,241.841491474404,237.68722678225333,239.52772521972656,1950,0.0,0.0
2006-02-21 00:00:00+05:30,239.26473913760313,239.26473913760313,231.37689059460524,231.56094360351562,708,0.0,0.0
2006-02-22 00:00:00+05:30,214.28664097726946,236.6355544534264,214.28664097726946,232.45498657226562,2389,0.0,0.0
2006-02-23 00:00:00+05:30,231.37693568638392,240.18503494262694,231.37693568638392,239.26478576660156,236,0.0,0.0
2006-02-24 00:00:00+05:30,231.50843605242278,249.2561015078896,231.3769718638638,239.79067993164062,7776,0.0,0.0
2006-02-27 00:00:00+05:30,240.84239344011274,243.73460558841106,239.79067993164065,239.79067993164062,1050,0.0,0.0
2006-02-28 00:00:00+05:30,243.99749581473213,244.2604241507394,239.26478576660156,239.26478576660156,148,0.0,0.0
2006-03-01 00:00:00+05:30,239.26478576660156,242.4199257986886,237.68721575055804,239.26478576660156,1135,0.0,0.0
2006-03-02 00:00:00+05:30,236.68809128330489,239.79064243861606,236.68809128330489,239.26478576660156,2165,0.0,0.0
2006-03-03 00:00:00+05:30,240.84239471586568,240.84239471586568,237.68725417373642,239.31741333007812,1452,0.0,0.0
2006-03-06 00:00:00+05:30,239.79069277351056,267.6611022406072,239.3174248789274,255.4086456298828,12083,0.0,0.0
2006-03-07 00:00:00+05:30,255.04058206146607,266.6094332065223,255.04058206146607,261.6663818359375,64132,0.0,0.0
2006-03-08 00:00:00+05:30,272.3937989838067,272.3937989838067,245.18071192316577,255.5137939453125,4655,0.0,0.0
2006-03-09 00:00:00+05:30,268.1869599815387,268.1869599815387,247.1526886104376,252.22720336914062,1882,0.0,0.0
2006-03-10 00:00:00+05:30,261.35074558922037,261.35074558922037,252.93703949379275,254.1728057861328,1224,0.0,0.0
2006-03-13 00:00:00+05:30,255.04051630784852,262.92836732767887,255.04051630784852,260.8512268066406,1695,0.0,0.0
2006-03-14 00:00:00+05:30,262.4024950258344,262.4024950258344,255.04050117741423,257.0913391113281,4734,0.0,0.0
2006-03-16 00:00:00+05:30,257.6698711826213,257.6698711826213,251.35958862304688,251.35958862304688,687,0.0,0.0
2006-03-17 00:00:00+05:30,252.41123983304794,252.41123983304794,245.1544231069976,249.51902770996094,5100,0.0,0.0
2006-03-20 00:00:00+05:30,251.43839860692663,267.8451354175327,246.100955871845,250.75479125976562,4166,0.0,0.0
2006-03-21 00:00:00+05:30,246.6793527579441,256.35511171355853,246.6793527579441,251.306884765625,5364,0.0,0.0
2006-03-22 00:00:00+05:30,252.41122851901434,252.41122851901434,245.5750910799577,246.94232177734375,2650,0.0,0.0
2006-03-23 00:00:00+05:30,247.15267944335938,249.7819632672249,245.04925238426696,247.15267944335938,8616,0.0,0.0
2006-03-24 00:00:00+05:30,244.52337646484372,247.15266008274529,244.52337646484372,244.52337646484375,9864,0.0,0.0
2006-03-27 00:00:00+05:30,244.5234404192186,247.1527247248016,234.00630319688662,239.13340759277344,16858,0.0,0.0
2006-03-28 00:00:00+05:30,253.96254142118835,253.96254142118835,241.89412175367542,244.99667358398438,3018,0.0,0.0
2006-03-29 00:00:00+05:30,249.7819632672249,249.7819632672249,242.41996856040143,247.15267944335938,718,0.0,0.0
2006-03-30 00:00:00+05:30,249.78189718143497,253.4103046888122,245.04918755062883,245.9694366455078,502,0.0,0.0
2006-03-31 00:00:00+05:30,245.57516737533084,247.67859493314953,235.5838864756921,237.4769744873047,974,0.0,0.0
2006-04-03 00:00:00+05:30,243.99751572125018,251.8853664449975,243.99751572125018,248.54617309570312,4280,0.0,0.0
2006-04-04 00:00:00+05:30,249.2560980729996,251.88538180794686,247.1526710850418,247.67852783203125,685,0.0,0.0
2006-04-05 00:00:00+05:30,250.83362924942043,289.1948793871126,248.2043459239548,264.58477783203125,1871,0.0,0.0
2006-04-07 00:00:00+05:30,267.66107212793736,267.66107212793736,249.781943537859,251.75390625,6778,0.0,0.0
2006-04-10 00:00:00+05:30,257.66980880004473,264.2956070930494,252.41124127351324,253.0948486328125,9986,0.0,0.0
2006-04-12 00:00:00+05:30,260.1413654989028,262.4025433207933,252.411264116194,254.30435180664062,1494,0.0,0.0
2006-04-13 00:00:00+05:30,249.30870026593664,257.14396300476864,249.2561113788555,253.06857299804688,1907,0.0,0.0
2006-04-17 00:00:00+05:30,257.6697648825105,258.195621545536,252.9370549152807,255.0404815673828,383,0.0,0.0
2006-04-18 00:00:00+05:30,257.66975492403884,260.2990381375494,256.0921849959325,256.3288269042969,660,0.0,0.0
2006-04-19 00:00:00+05:30,252.96335074908012,258.7214878427787,252.96335074908012,254.04136657714844,1260,0.0,0.0
2006-04-20 00:00:00+05:30,256.6180487955129,268.18689525760567,256.09219213814504,265.7153625488281,1276,0.0,0.0
2006-04-21 00:00:00+05:30,270.71105735879655,270.71105735879655,260.8249565537325,262.40252685546875,1325,0.0,0.0
2006-04-24 00:00:00+05:30,262.9283289253076,265.55761221456066,258.45854733357737,259.16845703125,3012,0.0,0.0
2006-04-25 00:00:00+05:30,263.45425220238127,263.45425220238127,258.9844694803848,260.0624694824219,2450,0.0,0.0
2006-04-26 00:00:00+05:30,257.6697697135027,267.1351898254273,257.6697697135027,263.4541931152344,1064,0.0,0.0
2006-04-27 00:00:00+05:30,264.50597090490754,267.9240401114322,261.87668689988857,263.0861511230469,1241,0.0,0.0
2006-04-28 00:00:00+05:30,265.55769731411544,283.9626862368759,257.6698449186467,261.4297180175781,1141,0.0,0.0
2006-05-02 00:00:00+05:30,256.6706877034323,261.8766664165969,252.41124473888857,253.69960021972656,1326,0.0,0.0
2006-05-03 00:00:00+05:30,257.669677734375,260.29896016023594,256.22357240015145,257.669677734375,1773,0.0,0.0
2006-05-04 00:00:00+05:30,256.8810619604392,262.4025586863033,255.1720272595765,256.6181335449219,1031,0.0,0.0
2006-05-05 00:00:00+05:30,259.24737714836994,260.27280422764005,252.41123941423442,257.6172180175781,4214,0.0,0.0
2006-05-08 00:00:00+05:30,252.9370549152807,257.6697648825105,252.41119825225516,255.0404815673828,780,0.0,0.0
2006-05-09 00:00:00+05:30,260.0361863836046,260.2991147823747,254.51469000943305,254.77761840820312,895,0.0,0.0
2006-05-10 00:00:00+05:30,254.51462490435728,257.61717600663354,254.51462490435728,255.0404815673828,414,0.0,0.0
2006-05-11 00:00:00+05:30,245.0754084953544,258.1955342195472,245.0754084953544,257.669677734375,2186,0.0,0.0
2006-05-12 00:00:00+05:30,258.43235164451403,258.43235164451403,255.0668550144891,255.88194274902344,810,0.0,0.0
2006-05-15 00:00:00+05:30,252.41119274593865,256.0921893068169,251.8853360943846,254.9090118408203,2658,0.0,0.0
2006-05-16 00:00:00+05:30,252.41124709109042,253.2000322382501,247.15267944335938,247.15267944335938,2455,0.0,0.0
2006-05-17 00:00:00+05:30,252.14826300476957,252.41119132907068,250.51810418452837,251.91162109375,202,0.0,0.0
2006-05-18 00:00:00+05:30,247.1526973541876,250.3078381714751,247.1526973541876,249.6768035888672,2095,0.0,0.0
2006-05-19 00:00:00+05:30,244.57590209274773,249.78187910020978,239.7906039362014,242.3936004638672,1865,0.0,0.0
2006-05-22 00:00:00+05:30,231.376953125,241.89408735795456,228.74766956676137,231.376953125,2305,0.0,0.0
2006-05-23 00:00:00+05:30,238.21307683569879,247.67849710731596,231.90279665462066,246.8108367919922,174,0.0,0.0
2006-05-24 00:00:00+05:30,239.2648276435004,239.9484350176176,230.5881910366482,236.6355438232422,191,0.0,0.0
2006-05-25 00:00:00+05:30,231.37697498161464,236.37261421417222,221.9115532778213,231.61361694335938,5228,0.0,0.0
2006-05-26 00:00:00+05:30,231.37693568638392,239.26478576660156,231.37693568638392,239.26478576660156,3482,0.0,0.0
2006-05-29 00:00:00+05:30,235.5838165283203,235.5838165283203,235.5838165283203,235.5838165283203,10,0.0,0.0
2006-05-30 00:00:00+05:30,239.2648276435004,239.2648276435004,236.63554382324216,236.6355438232422,230,0.0,0.0
2006-05-31 00:00:00+05:30,218.88789628869085,243.47170205805133,218.88789628869085,235.794189453125,2253,0.0,0.0
2006-06-01 00:00:00+05:30,236.63552024147728,236.63552024147728,231.376953125,231.376953125,54515,0.0,0.0
2006-06-02 00:00:00+05:30,224.14638093736653,236.63547547639868,214.02364115309837,228.98426818847656,2693,0.0,0.0
2006-06-05 00:00:00+05:30,231.3769593268631,236.6355265842918,217.9676128204199,218.78268432617188,990,0.0,0.0
2006-06-06 00:00:00+05:30,218.23056098258144,218.23056098258144,210.34270938080138,212.44613647460938,605,0.0,0.0
2006-06-07 00:00:00+05:30,207.71339836120603,210.34268188476562,186.6791301727295,210.34268188476562,1922,0.0,0.0
2006-06-08 00:00:00+05:30,194.8299391896773,194.8299391896773,176.162023288912,194.14633178710938,2149,0.0,0.0
2006-06-09 00:00:00+05:30,170.90340691643792,205.0840882997255,170.90340691643792,194.56695556640625,1188,0.0,0.0
2006-06-12 00:00:00+05:30,189.3084521484375,197.1963043212891,189.3084521484375,197.19630432128906,109,0.0,0.0
2006-06-13 00:00:00+05:30,194.5669906945537,194.5669906945537,177.21371855152594,182.73521423339844,317,0.0,0.0
2006-06-14 00:00:00+05:30,184.57575014596307,199.2997416105983,184.57575014596307,184.70721435546875,603,0.0,0.0
2006-06-15 00:00:00+05:30,193.48898494783313,205.136707990223,182.23563839431813,202.27078247070312,2342,0.0,0.0
2006-06-16 00:00:00+05:30,210.11897582206876,234.11585411658655,204.85137235201321,207.51177978515625,1470,4.5,0.0
2006-06-19 00:00:00+05:30,206.4476130799356,212.83259080405733,196.87014649375303,207.77781677246094,5042,0.0,0.0
2006-06-20 00:00:00+05:30,211.76846428904696,211.76846428904696,200.08926736389913,200.46173095703125,122,0.0,0.0
2006-06-21 00:00:00+05:30,194.66202338443333,202.27078247070312,194.66202338443333,202.27078247070312,71,0.0,0.0
2006-06-22 00:00:00+05:30,201.28640987677622,213.09862478707495,201.28640987677622,205.3036346435547,199,0.0,0.0
2006-06-23 00:00:00+05:30,208.9750213623047,208.9750213623047,208.9750213623047,208.9750213623047,85,0.0,0.0
2006-06-26 00:00:00+05:30,205.41006620904102,205.41006620904102,205.3834686279297,205.3834686279297,300,0.0,0.0
2006-06-27 00:00:00+05:30,204.85138595745127,204.85138595745127,192.16123841096075,197.934326171875,193,0.0,0.0
2006-06-28 00:00:00+05:30,205.3834816479707,205.3834816479707,196.87017670919474,196.8967742919922,51,0.0,0.0
2006-06-29 00:00:00+05:30,208.01726938219056,208.01726938219056,197.4022369384766,197.40223693847656,1011,0.0,0.0
2006-06-30 00:00:00+05:30,200.78099226861056,202.19100524180746,186.2285574595595,189.47425842285156,941,0.0,0.0
2006-07-03 00:00:00+05:30,188.88894703762588,194.63542118476133,187.82478395572377,193.14559936523438,72,0.0,0.0
2006-07-04 00:00:00+05:30,196.2316657115954,201.65890392177656,191.5493546486532,193.99693298339844,262,0.0,0.0
2006-07-05 00:00:00+05:30,196.87016484645912,225.6025672835099,192.10802868814542,195.35372924804688,3629,0.0,0.0
2006-07-06 00:00:00+05:30,186.5478170865,210.17223749679968,186.5478170865,194.26300048828125,99,0.0,0.0
2006-07-07 00:00:00+05:30,202.7230351538821,202.7230351538821,194.20973184033326,194.84823608398438,547,0.0,0.0
2006-07-10 00:00:00+05:30,201.12679304862715,201.65887451171875,201.12679304862715,201.65887451171875,90,0.0,0.0
2006-07-11 00:00:00+05:30,202.19098669337475,204.82479683096395,202.19098669337475,202.7230682373047,125,0.0,0.0
2006-07-12 00:00:00+05:30,191.57594445175806,207.51179244351778,191.57594445175806,205.62290954589844,1837,0.0,0.0
2006-07-13 00:00:00+05:30,196.87015564128478,202.1909706586168,195.96561059320283,198.46640014648438,231,0.0,0.0
2006-07-14 00:00:00+05:30,202.19097900390625,202.19097900390625,202.19097900390625,202.19097900390625,15,0.0,0.0
2006-07-17 00:00:00+05:30,199.58382054086277,199.58382054086277,199.53060913085938,199.53060913085938,60,0.0,0.0
2006-07-18 00:00:00+05:30,199.53060913085938,199.53060913085938,199.53060913085938,199.53060913085938,10,0.0,0.0
2006-07-19 00:00:00+05:30,190.0063123359491,202.19097578713212,190.0063123359491,194.3427734375,2315,0.0,0.0
2006-07-20 00:00:00+05:30,202.08456549326107,202.08456549326107,195.80600972019525,198.01414489746094,669,0.0,0.0
2006-07-21 00:00:00+05:30,191.5493665193926,201.02041203549282,183.03606134075292,193.83731079101562,1587,0.0,0.0
2006-07-24 00:00:00+05:30,186.44133860438478,198.1471306156375,183.56810199464476,183.9671630859375,182,0.0,0.0
2006-07-25 00:00:00+05:30,186.973478661881,186.973478661881,182.5305938720703,182.5305938720703,82,0.0,0.0
2006-07-26 00:00:00+05:30,186.76060771537126,189.71365356445312,186.22852621190867,189.71365356445312,275,0.0,0.0
2006-07-27 00:00:00+05:30,222.41009235382083,222.41009235382083,186.5743959961335,187.29270935058594,467,0.0,0.0
2006-07-28 00:00:00+05:30,192.56036850645168,192.66679134408994,187.31936039075026,188.0376739501953,205,0.0,0.0
2006-07-31 00:00:00+05:30,220.28175795373838,220.28175795373838,193.14559936523438,193.14559936523438,109,0.0,0.0
2006-08-01 00:00:00+05:30,191.5493927001953,191.5493927001953,191.5493927001953,191.5493927001953,10,0.0,0.0
2006-08-02 00:00:00+05:30,182.82321932061254,183.9405937956351,180.9077225402653,181.43980407714844,478,0.0,0.0
2006-08-03 00:00:00+05:30,187.29272060000628,191.5493733409155,180.98755047996616,187.34593200683594,1763,0.0,0.0
2006-08-04 00:00:00+05:30,189.10170562949278,189.10170562949278,181.5195465087891,181.51954650878906,135,0.0,0.0
2006-08-07 00:00:00+05:30,186.2285790400308,198.1472048510241,186.2285790400308,197.24267578125,195,0.0,0.0
2006-08-08 00:00:00+05:30,194.74182767987872,207.45857219610636,192.18784299232726,205.54307556152344,824,0.0,0.0
2006-08-09 00:00:00+05:30,207.5118108315043,223.4742578185431,196.87017950681178,214.96095275878906,1349,0.0,0.0
2006-08-10 00:00:00+05:30,208.78874827734893,212.83257036179023,205.59625972192208,210.83726501464844,200,0.0,0.0
2006-08-11 00:00:00+05:30,205.41009084409907,218.15345138994073,203.46799629270814,213.33811950683594,225,0.0,0.0
2006-08-14 00:00:00+05:30,218.55247183799744,218.55247183799744,212.8325958251953,212.8325958251953,240,0.0,0.0
2006-08-16 00:00:00+05:30,212.30053419536,220.28175728541112,210.17220803801303,218.1002197265625,357,0.0,0.0
2006-08-17 00:00:00+05:30,213.8967756590675,217.0892648480088,210.17220493863596,212.80601501464844,560,0.0,0.0
2006-08-18 00:00:00+05:30,206.7136806183469,210.17221066730252,204.9578180117055,206.34121704101562,323,0.0,0.0
2006-08-21 00:00:00+05:30,196.3380851198903,212.83261259608705,196.3380851198903,212.80601501464844,436,0.0,0.0
2006-08-22 00:00:00+05:30,213.36463409720116,223.47418035118326,212.83255271541265,219.217529296875,1851,0.0,0.0
2006-08-23 00:00:00+05:30,217.08923719136413,217.08923719136413,208.57593377209494,209.7731170654297,382,0.0,0.0
2006-08-24 00:00:00+05:30,195.40695335702713,212.83262448689135,195.40695335702713,208.60256958007812,44,0.0,0.0
2006-08-25 00:00:00+05:30,194.7418119226168,210.1721740694908,194.7418119226168,208.1236572265625,287,0.0,0.0
2006-08-28 00:00:00+05:30,222.62286084959575,222.62286084959575,204.31926341613428,210.67764282226562,490,0.0,0.0
2006-08-29 00:00:00+05:30,215.49304199218753,215.49304199218753,215.49304199218753,215.4930419921875,1,0.0,0.0
2006-08-30 00:00:00+05:30,211.2363304477171,211.2363304477171,202.1909460204849,205.8623046875,1326,0.0,0.0
2006-08-31 00:00:00+05:30,209.1080688305202,210.17223203067553,204.85141602989893,205.41009521484375,338,0.0,0.0
2006-09-01 00:00:00+05:30,203.28176478887718,205.9155751522401,194.2097801823453,196.09866333007812,2435,0.0,0.0
2006-09-04 00:00:00+05:30,206.18160590923654,206.82011028073688,201.1268310546875,201.1268310546875,384,0.0,0.0
2006-09-05 00:00:00+05:30,200.06263909012256,203.92022987045073,197.9343131423553,199.3975372314453,313,0.0,0.0
2006-09-06 00:00:00+05:30,203.60098758093557,203.78721935794277,197.4022412057357,201.18002319335938,688,0.0,0.0
2006-09-07 00:00:00+05:30,198.5196346404356,201.65891261832425,198.4664232365038,201.1268310546875,100,0.0,0.0
2006-09-08 00:00:00+05:30,205.91556667737345,206.979729812657,200.5947510009555,201.10023498535156,185,0.0,0.0
2006-09-11 00:00:00+05:30,204.85137761680826,206.66045147027205,196.8701551122573,205.5164794921875,642,0.0,0.0
2006-09-12 00:00:00+05:30,202.72303824861893,204.85136410949684,202.72303824861893,204.00003051757812,205,0.0,0.0
2006-09-13 00:00:00+05:30,205.9155501528725,208.54936019647528,205.3834686279297,205.3834686279297,192,0.0,0.0
2006-09-14 00:00:00+05:30,206.44763026087537,210.22541230960874,205.91554873958447,207.3255615234375,330,0.0,0.0
2006-09-15 00:00:00+05:30,203.81381771575673,210.6776822458284,203.81381771575673,204.58534240722656,200,0.0,0.0
2006-09-18 00:00:00+05:30,210.43823599390706,210.43823599390706,205.9155431849356,209.1080322265625,58,0.0,0.0
2006-09-19 00:00:00+05:30,204.8779752574524,215.49300768678899,194.2097476683407,198.04074096679688,6215,0.0,0.0
2006-09-20 00:00:00+05:30,202.74965771654695,204.82478864521389,200.06265252222204,200.9139862060547,580,0.0,0.0
2006-09-21 00:00:00+05:30,202.19098361508847,202.72306515091765,195.27392364930913,196.57752990722656,743,0.0,0.0
2006-09-22 00:00:00+05:30,197.4022369384766,197.4022369384766,197.4022369384766,197.40223693847656,91,0.0,0.0
2006-09-26 00:00:00+05:30,197.93436442279037,204.31934392029973,194.23639063534586,195.27395629882812,96,0.0,0.0
2006-09-27 00:00:00+05:30,202.66986425987943,203.73402738672348,197.40226002956956,200.0626678466797,136,0.0,0.0
2006-09-28 00:00:00+05:30,201.04704104530498,201.10025245425962,194.20978905961053,195.32716369628906,1392,0.0,0.0
2006-09-29 00:00:00+05:30,195.40691741949422,196.31146240234375,195.27389705365385,196.31146240234375,375,0.0,0.0
2006-10-03 00:00:00+05:30,200.35533829382098,200.35533829382098,194.7950948084175,200.03610229492188,80,0.0,0.0
2006-10-04 00:00:00+05:30,194.55559050208151,198.1471405029297,194.55559050208151,198.1471405029297,137,0.0,0.0
2006-10-05 00:00:00+05:30,195.35373888598915,196.84357697670904,194.05014882417962,194.369384765625,550,0.0,0.0
2006-10-06 00:00:00+05:30,194.20975305869268,194.3693710181258,194.20975305869268,194.3427734375,185,0.0,0.0
2006-10-09 00:00:00+05:30,194.20975177323768,199.53056689031268,194.20975177323768,199.05169677734375,693,0.0,0.0
2006-10-10 00:00:00+05:30,201.10019948227412,206.18157106103013,199.02506874455082,203.30833435058594,657,0.0,0.0
2006-10-11 00:00:00+05:30,198.06732030003093,199.26450356577996,189.500805684215,193.59783935546875,997,0.0,0.0
2006-10-12 00:00:00+05:30,197.9343353714389,199.53058001153113,191.60256821330768,198.4398193359375,679,0.0,0.0
2006-10-13 00:00:00+05:30,195.8591871965628,204.77155158435326,195.8591871965628,197.42881774902344,500,0.0,0.0
2006-10-16 00:00:00+05:30,187.2927132779536,193.14561056788963,187.2927132779536,189.15499877929688,1931,0.0,0.0
2006-10-17 00:00:00+05:30,191.46953555339766,191.46953555339766,189.2347867053803,189.873291015625,70,0.0,0.0
2006-10-18 00:00:00+05:30,191.54941835640756,198.4398830951998,186.76068289749736,188.43673706054688,891,0.0,0.0
2006-10-19 00:00:00+05:30,189.42100899777145,191.01725345561783,189.42100899777145,190.0063018798828,207,0.0,0.0
2006-10-20 00:00:00+05:30,191.54930456986452,196.84352101074924,188.88889756194973,194.50234985351562,91,0.0,0.0
2006-10-23 00:00:00+05:30,197.9343258401622,197.9343258401622,195.80599975585938,195.80599975585938,13,0.0,0.0
2006-10-26 00:00:00+05:30,195.83262196147382,197.93435072913752,194.7418612012482,196.5243377685547,913,0.0,0.0
2006-10-27 00:00:00+05:30,196.87017292279097,199.42415786016676,196.87017292279097,197.16281127929688,713,0.0,0.0
2006-10-30 00:00:00+05:30,197.93431796347681,197.93431796347681,196.87015496367317,196.97657775878906,2647,0.0,0.0
2006-10-31 00:00:00+05:30,196.8967300231065,197.5352342450941,196.87013244628906,196.87013244628906,1065,0.0,0.0
2006-11-01 00:00:00+05:30,196.87013244628906,198.99845820246517,196.87013244628906,196.87013244628906,557,0.0,0.0
2006-11-02 00:00:00+05:30,197.42883451840015,197.42883451840015,197.4022369384766,197.40223693847656,109,0.0,0.0
2006-11-03 00:00:00+05:30,197.40222017135903,198.75902138899218,197.40222017135903,197.42881774902344,40,0.0,0.0
2006-11-06 00:00:00+05:30,197.40225826786823,197.40225826786823,196.8967742919922,196.8967742919922,20,0.0,0.0
2006-11-07 00:00:00+05:30,197.6682608993528,198.73242381132778,197.40222017135903,197.42881774902344,1084,0.0,0.0
2006-11-08 00:00:00+05:30,199.5305707377772,200.8341769617331,197.934326171875,197.934326171875,251,0.0,0.0
2006-11-09 00:00:00+05:30,197.4022369384766,197.48204591608612,197.4022369384766,197.40223693847656,470,0.0,0.0
2006-11-10 00:00:00+05:30,197.40224464990757,199.5305707377772,197.40224464990757,197.934326171875,401,0.0,0.0
2006-11-13 00:00:00+05:30,202.1909725938475,202.1909725938475,198.4664020460661,200.56813049316406,154,0.0,0.0
2006-11-14 00:00:00+05:30,200.5947376745313,200.5947376745313,199.53057460994492,199.5837860107422,475,0.0,0.0
2006-11-15 00:00:00+05:30,201.65892614244024,219.53687112717478,200.59476294379937,216.6902313232422,6846,0.0,0.0
2006-11-16 00:00:00+05:30,216.55713988149714,216.58373745760107,206.9796742356324,208.92176818847656,1012,0.0,0.0
2006-11-17 00:00:00+05:30,203.78720844553862,208.30990106117068,197.4820396102957,201.55245971679688,955,0.0,0.0
2006-11-20 00:00:00+05:30,202.19099584858682,204.3193221206772,200.59475114451902,203.2285614013672,990,0.0,0.0
2006-11-21 00:00:00+05:30,202.19101709111862,203.78726196289062,202.19101709111862,203.78726196289062,170,0.0,0.0
2006-11-22 00:00:00+05:30,202.19097900390625,202.7762719275381,199.55716896648275,202.19097900390625,23363,0.0,0.0
2006-11-23 00:00:00+05:30,195.0344791669316,210.11899385501138,194.74184081930625,199.5837860107422,213,0.0,0.0
2006-11-24 00:00:00+05:30,199.53054405120483,202.1909513052209,198.01410866884822,198.732421875,901,0.0,0.0
2006-11-27 00:00:00+05:30,197.42884156186707,197.42884156186707,190.1659320591908,193.67767333984375,780,0.0,0.0
2006-11-28 00:00:00+05:30,193.3584479058561,202.19100560897436,190.48521054740215,197.13623046875,2226,0.0,0.0
2006-11-29 00:00:00+05:30,191.5493927001953,196.3381275177002,191.5493927001953,191.5493927001953,470,0.0,0.0
2006-11-30 00:00:00+05:30,194.74181266117253,196.8701384826061,191.54932392902217,191.8685760498047,199,0.0,0.0
2006-12-01 00:00:00+05:30,191.5493927001953,191.5493927001953,191.5493927001953,191.5493927001953,45,0.0,0.0
2006-12-04 00:00:00+05:30,194.74182360789115,194.74182360789115,188.88892726994905,189.79347229003906,1060,0.0,0.0
2006-12-05 00:00:00+05:30,202.19102562798395,202.19102562798395,188.96879346763794,191.5493927001953,150,0.0,0.0
2006-12-06 00:00:00+05:30,189.44761035065363,192.5602903530251,187.82476828131877,188.88893127441406,325,0.0,0.0
2006-12-07 00:00:00+05:30,188.356853574513,191.52274503792077,184.63228302360454,187.7715606689453,721,0.0,0.0
2006-12-11 00:00:00+05:30,185.80287216547612,194.68862375351335,185.80287216547612,186.22853088378906,208,0.0,0.0
2006-12-12 00:00:00+05:30,194.20972960726237,194.20972960726237,185.16434494062275,185.69642639160156,500,0.0,0.0
2006-12-13 00:00:00+05:30,186.22854066028475,191.54935610772148,183.5681329365664,190.13934326171875,305,0.0,0.0
2006-12-14 00:00:00+05:30,193.6244361589862,193.6244361589862,188.91551208496097,188.91551208496094,140,0.0,0.0
2006-12-15 00:00:00+05:30,185.51021875775226,194.20975486000816,185.51021875775226,193.67767333984375,1240,0.0,0.0
2006-12-18 00:00:00+05:30,192.613504987194,192.613504987194,185.1643639103412,185.43040466308594,1930,0.0,0.0
2006-12-19 00:00:00+05:30,187.29266215479652,187.82474358137264,182.50392931561137,183.0360107421875,97,0.0,0.0
2006-12-20 00:00:00+05:30,183.64793947624528,185.66985906206236,183.56813049316406,183.56813049316406,130,0.0,0.0
2006-12-21 00:00:00+05:30,181.99849836444622,181.99849836444622,177.71524813068447,178.24732971191406,332,0.0,0.0
2006-12-22 00:00:00+05:30,189.92650108203745,189.95309866234476,181.439794520615,182.4241485595703,1385,0.0,0.0
2006-12-26 00:00:00+05:30,184.63232647356872,186.22857137103475,180.90775504614803,185.45704650878906,426,0.0,0.0
2006-12-27 00:00:00+05:30,181.20039272481972,184.60572814941406,181.20039272481972,184.60572814941406,30,0.0,0.0
2006-12-28 00:00:00+05:30,181.4664306284195,184.39287954845926,181.4398330424652,182.5305938720703,91,0.0,0.0
2006-12-29 00:00:00+05:30,183.7277555289412,183.7277555289412,181.20036812779912,181.54623413085938,195,0.0,0.0
2007-01-02 00:00:00+05:30,180.9077229348658,185.1643752392156,180.9077229348658,184.63229370117188,265,0.0,0.0
2007-01-03 00:00:00+05:30,187.3459437698897,191.52278778173033,180.9077528474558,189.101806640625,721,0.0,0.0
2007-01-04 00:00:00+05:30,189.3678019322809,189.3678019322809,178.91240374184912,180.1361846923828,581,0.0,0.0
2007-01-05 00:00:00+05:30,188.35686433211617,188.35686433211617,182.1315038463425,183.56813049316406,257,0.0,0.0
2007-01-08 00:00:00+05:30,183.62134404683192,186.22854036436502,176.7042839761555,182.2645263671875,1097,0.0,0.0
2007-01-09 00:00:00+05:30,179.3912873038732,190.9906745759303,178.7793967826909,184.63229370117188,500,0.0,0.0
2007-01-10 00:00:00+05:30,187.50553692107977,187.50553692107977,183.03605510219882,184.12681579589844,481,0.0,0.0
2007-01-11 00:00:00+05:30,188.090864928974,188.090864928974,179.31151762677294,180.24266052246094,586,0.0,0.0
2007-01-12 00:00:00+05:30,181.46639002769896,189.3944174093796,178.24730343102053,178.40692138671875,2415,0.0,0.0
2007-01-15 00:00:00+05:30,185.64320931379515,185.64320931379515,179.8967363143391,180.42881774902344,445,0.0,0.0
2007-01-16 00:00:00+05:30,181.14716617055677,183.38189888823396,177.18315221593517,181.86546325683594,1519,0.0,0.0
2007-01-17 00:00:00+05:30,183.5415342991892,183.5415342991892,179.31147954766178,182.4773712158203,140,0.0,0.0
2007-01-18 00:00:00+05:30,183.40849879058632,183.56811674479417,183.40849879058632,183.54151916503906,180,0.0,0.0
2007-01-19 00:00:00+05:30,184.10021203082542,184.10021203082542,183.56813049316406,183.56813049316406,235,0.0,0.0
2007-01-22 00:00:00+05:30,185.11118291054927,185.11118291054927,181.2003799554151,182.23794555664062,317,0.0,0.0
2007-01-23 00:00:00+05:30,185.1643858133535,185.1643858133535,176.3850399342721,177.02354431152344,584,0.0,0.0
2007-01-24 00:00:00+05:30,180.88115169512707,192.6135448224634,178.24734120310842,185.11119079589844,2878,0.0,0.0
2007-01-25 00:00:00+05:30,186.76061184548254,196.87016063483915,185.16436729979466,194.3427734375,2829,0.0,0.0
2007-01-29 00:00:00+05:30,196.870179937832,196.870179937832,187.9046022795815,194.07675170898438,677,0.0,0.0
2007-01-31 00:00:00+05:30,188.03279936552173,188.03279936552173,184.2989986486285,187.1463623046875,100,3.5,0.0
2007-02-01 00:00:00+05:30,172.45294924918306,193.94241333007812,172.45294924918306,193.94241333007812,6000,0.0,0.0
2007-02-02 00:00:00+05:30,190.18180508431846,190.18180508431846,184.352783203125,184.352783203125,101,0.0,0.0
2007-02-05 00:00:00+05:30,185.3466852441138,191.14883578934177,172.99023956117287,180.189208984375,4275,0.0,0.0
2007-02-06 00:00:00+05:30,178.49688189925263,184.9437218775552,178.49688189925263,183.7080841064453,2339,0.0,0.0
2007-02-07 00:00:00+05:30,178.12080734554783,185.85702833443247,178.12080734554783,180.8338623046875,3205,0.0,0.0
2007-02-08 00:00:00+05:30,181.0486956988727,181.0486956988727,174.0646213840794,178.89974975585938,2335,0.0,0.0
2007-02-09 00:00:00+05:30,174.60190281723484,177.2880859375,174.60190281723484,177.2880859375,180,0.0,0.0
2007-02-12 00:00:00+05:30,177.28810043780075,177.28810043780075,164.47500262712728,169.4713134765625,1080,0.0,0.0
2007-02-13 00:00:00+05:30,166.54337492937017,179.9742922623839,163.85719146276742,167.16119384765625,645906,0.0,0.0
2007-02-14 00:00:00+05:30,165.4689118099273,171.27106189974236,162.24549144999366,166.05987548828125,17642,0.0,0.0
2007-02-15 00:00:00+05:30,172.9902161542107,182.6604766845703,167.45668474212562,182.6604766845703,13066,0.0,0.0
2007-02-19 00:00:00+05:30,196.09139743540374,200.92652778312603,188.00599157866674,193.29776000976562,23106,0.0,0.0
2007-02-20 00:00:00+05:30,209.52225251666033,209.52225251666033,182.66042527093464,183.2782440185547,1785,0.0,0.0
2007-02-21 00:00:00+05:30,174.06466559007183,190.12803731456796,174.06466559007183,185.29290771484375,6657,0.0,0.0
2007-02-22 00:00:00+05:30,182.3918524943112,189.3759293203084,177.82534072346687,180.0817413330078,1782,0.0,0.0
2007-02-23 00:00:00+05:30,177.28808574375273,177.28808574375273,173.15135718500093,174.11839294433594,3188,0.0,0.0
2007-02-26 00:00:00+05:30,174.11839440712103,179.97427037306318,174.11839440712103,177.15377807617188,4551,0.0,0.0
2007-02-27 00:00:00+05:30,186.3136945327403,188.99987822782114,175.67641365828592,185.80332946777344,1045,0.0,0.0
2007-02-28 00:00:00+05:30,200.33558634857417,200.33558634857417,172.05007395613086,175.67642211914062,4256,0.0,0.0
2007-03-01 00:00:00+05:30,173.39311239150456,177.28807773569793,162.56779819667497,170.14283752441406,4545,0.0,0.0
2007-03-02 00:00:00+05:30,172.45295050108578,172.45295050108578,166.54334783593956,166.8388214111328,1447,0.0,0.0
2007-03-05 00:00:00+05:30,155.8523676846144,161.17100765830594,152.09171083925392,153.11245727539062,7980,0.0,0.0
2007-03-06 00:00:00+05:30,159.02204789959015,165.95239738374949,158.48481125128072,163.857177734375,647,0.0,0.0
2007-03-07 00:00:00+05:30,171.91572566176512,171.91572566176512,155.79862638097464,162.43350219726562,10512,0.0,0.0
2007-03-08 00:00:00+05:30,161.17097859973674,166.00610795772886,161.17097859973674,162.4066162109375,1082,0.0,0.0
2007-03-09 00:00:00+05:30,163.85721241401222,169.17585307890948,158.80719013012154,158.83404541015625,174,0.0,0.0
2007-03-12 00:00:00+05:30,161.70822681930235,163.85717335510702,161.17099018535117,161.19784545898438,510,0.0,0.0
2007-03-13 00:00:00+05:30,163.31994216506544,163.31994216506544,158.99519367566697,159.0220489501953,2559,0.0,0.0
2007-03-14 00:00:00+05:30,150.9635301256965,173.527474130249,150.9635301256965,158.83404541015625,4498,0.0,0.0
2007-03-15 00:00:00+05:30,161.17098999023435,163.3199365234375,160.0965167236328,161.17098999023438,259,0.0,0.0
2007-03-16 00:00:00+05:30,176.75084973003797,176.75084973003797,155.2613847172674,161.46646118164062,3077,0.0,0.0
2007-03-19 00:00:00+05:30,176.21360926474293,176.21360926474293,161.70822069721837,166.54335021972656,447,0.0,0.0
2007-03-20 00:00:00+05:30,166.54339122404096,166.54339122404096,163.85720749462092,163.9109344482422,1665,0.0,0.0
2007-03-21 00:00:00+05:30,164.39442052118352,166.54336719466306,163.91091079868303,164.79734802246094,1237,0.0,0.0
2007-03-22 00:00:00+05:30,163.85720541521388,166.54338911054526,163.85720541521388,164.09896850585938,1492,0.0,0.0
2007-03-23 00:00:00+05:30,162.24549725696892,164.26013505403392,162.24549725696892,163.9109344482422,5173,0.0,0.0
2007-03-26 00:00:00+05:30,161.25156701730947,166.5433509640709,161.25156701730947,166.4896240234375,550,0.0,0.0
2007-03-28 00:00:00+05:30,161.22471682364122,175.83754340245056,161.17098988131525,162.80955505371094,2797,0.0,0.0
2007-03-29 00:00:00+05:30,178.89981077708222,178.89981077708222,162.7827107070748,164.82420349121094,14335,0.0,0.0
2007-03-30 00:00:00+05:30,178.83671753154158,178.83671753154158,158.11782952483858,172.8118896484375,7475,4.5,0.0
2007-04-02 00:00:00+05:30,172.29392773147273,174.474863525542,169.59501303062416,169.8676300048828,255,0.0,0.0
2007-04-03 00:00:00+05:30,169.02252133381714,169.02252133381714,166.4599151611328,166.4599151611328,185,0.0,0.0
2007-04-04 00:00:00+05:30,166.2963406724214,171.6941529926334,166.2963406724214,170.46737670898438,255,0.0,0.0
2007-04-05 00:00:00+05:30,169.0224949570953,169.0224949570953,166.29632568359375,166.29632568359375,131,0.0,0.0
2007-04-09 00:00:00+05:30,179.9271487281436,179.9271487281436,169.2950899396624,171.74864196777344,1410,0.0,0.0
2007-04-10 00:00:00+05:30,167.46859093228508,168.99525585290988,166.3508680804573,167.2777557373047,409,0.0,0.0
2007-04-11 00:00:00+05:30,179.92721810565376,179.92721810565376,166.350894976435,167.55039978027344,1115,0.0,0.0
2007-04-12 00:00:00+05:30,167.38682556152344,167.38682556152344,167.38682556152344,167.38682556152344,85,0.0,0.0
2007-04-13 00:00:00+05:30,169.02247619628906,169.02247619628906,169.02247619628906,169.02247619628906,200,0.0,0.0
2007-04-16 00:00:00+05:30,168.04105889209148,174.44755585438145,168.04105889209148,171.74864196777344,45,0.0,0.0
2007-04-17 00:00:00+05:30,173.38438415527344,173.38438415527344,173.35712911533895,173.38438415527344,700,0.0,0.0
2007-04-18 00:00:00+05:30,171.7486454507578,177.11920166015625,171.7486454507578,177.11920166015625,304,0.0,0.0
2007-04-19 00:00:00+05:30,182.6533558261074,182.6533558261074,174.47484735628169,178.80946350097656,466,0.0,0.0
2007-04-20 00:00:00+05:30,182.10811870230538,182.10811870230538,176.57399806359686,176.62852478027344,42,0.0,0.0
2007-04-23 00:00:00+05:30,173.92959087679844,176.11052618559842,173.92959087679844,175.56529235839844,52,0.0,0.0
2007-04-24 00:00:00+05:30,179.7908612456913,179.8726429949878,172.29389584120835,173.30258178710938,1072,0.0,0.0
2007-04-25 00:00:00+05:30,177.2009798080202,177.2009798080202,167.9320054796007,171.74864196777344,6563,0.0,0.0
2007-04-26 00:00:00+05:30,171.55783937762297,171.55783937762297,167.93203735351562,167.93203735351562,285,0.0,0.0
2007-04-27 00:00:00+05:30,165.20584398412487,165.72382275791304,159.20827209031177,160.76219177246094,736,0.0,0.0
2007-04-30 00:00:00+05:30,162.47971377739398,163.57018165509461,158.11784226659145,159.23556518554688,899,0.0,0.0
2007-05-03 00:00:00+05:30,162.4796815256141,166.02370142466273,159.2082785418769,163.40658569335938,2220,0.0,0.0
2007-05-04 00:00:00+05:30,161.96172218156738,163.57016883075704,161.93446714244948,162.15255737304688,965,0.0,0.0
2007-05-07 00:00:00+05:30,160.8440000062804,163.57016949791227,155.39166102301667,158.9629364013672,1199,0.0,0.0
2007-05-08 00:00:00+05:30,158.66304694866312,158.66304694866312,157.57257927204,158.11781311035156,237,0.0,0.0
2007-05-09 00:00:00+05:30,156.7547358649617,156.7547358649617,149.9393125664851,151.92941284179688,1439,0.0,0.0
2007-05-10 00:00:00+05:30,153.75593381352087,156.7819747913987,149.93929715857533,150.2119140625,1626,0.0,0.0
2007-05-11 00:00:00+05:30,156.23678106223704,156.23678106223704,153.21073930810294,153.70144653320312,610,0.0,0.0
2007-05-14 00:00:00+05:30,155.11904254468448,169.0497618539066,155.11904254468448,163.1339874267578,5569,0.0,0.0
2007-05-15 00:00:00+05:30,164.11537821592836,164.6606120305992,161.66182604990948,164.30621337890625,11996,0.0,0.0
2007-05-16 00:00:00+05:30,164.66065979003906,169.02253157255666,162.7523408851876,164.66065979003906,2091,0.0,0.0
2007-05-17 00:00:00+05:30,163.8700283744907,166.78703282498068,161.7708913452679,166.29632568359375,847,0.0,0.0
2007-05-18 00:00:00+05:30,158.3904351336916,167.33226704231137,158.3904351336916,164.33348083496094,116,0.0,0.0
2007-05-21 00:00:00+05:30,166.2963392302992,170.93082737278294,163.5701697347205,166.43264770507812,1670,0.0,0.0
2007-05-22 00:00:00+05:30,167.19597031402688,167.93203939897637,160.0261479337648,162.39791870117188,1282,0.0,0.0
2007-05-23 00:00:00+05:30,166.2963325098941,166.2963325098941,163.57016312448602,165.7510986328125,150,0.0,0.0
2007-05-24 00:00:00+05:30,161.1983960047707,167.90478282507172,161.1983960047707,163.02493286132812,218,0.0,0.0
2007-05-25 00:00:00+05:30,163.57014801542638,163.57014801542638,159.75351122839976,160.84397888183594,4684,0.0,0.0
2007-05-28 00:00:00+05:30,162.4796893584016,166.26907131959467,162.12529067925516,163.597412109375,5362,0.0,0.0
2007-05-29 00:00:00+05:30,164.93325805664062,164.93325805664062,162.07078002425263,164.93325805664062,2205,0.0,0.0
2007-05-30 00:00:00+05:30,163.57014801542638,163.57014801542638,160.84397888183594,160.84397888183594,1256,0.0,0.0
2007-05-31 00:00:00+05:30,159.29006913757956,163.02492441266975,159.29006913757956,162.4796905517578,105,0.0,0.0
2007-06-01 00:00:00+05:30,166.24181687058586,166.24181687058586,161.41649340907176,161.74363708496094,2296,0.0,0.0
2007-06-04 00:00:00+05:30,175.02008763848985,177.90982074755004,161.38923969156696,162.34339904785156,2145,0.0,0.0
2007-06-05 00:00:00+05:30,163.57013132289978,163.57013132289978,159.80802163031595,160.7349090576172,5004,0.0,0.0
2007-06-06 00:00:00+05:30,161.47096724885157,163.024886721025,158.1723098086766,162.5341796875,1660,0.0,0.0
2007-06-07 00:00:00+05:30,162.4796945344921,163.2430186306362,161.034828095502,161.9617156982422,1120,0.0,0.0
2007-06-08 00:00:00+05:30,159.2900720068127,163.2430175696272,158.11782251258012,161.2256622314453,625,0.0,0.0
2007-06-11 00:00:00+05:30,162.94313244254377,162.97038747819332,159.23553243733122,160.84397888183594,698,0.0,0.0
2007-06-12 00:00:00+05:30,158.3086646909508,160.78947225672783,156.48212781543575,158.2268829345703,1712,0.0,0.0
2007-06-13 00:00:00+05:30,160.6531841672883,160.6531841672883,155.39167974244936,155.74607849121094,923,0.0,0.0
2007-06-14 00:00:00+05:30,158.11781954450547,158.11781954450547,153.7559486605191,154.1376190185547,5161,0.0,0.0
2007-06-15 00:00:00+05:30,155.39163052286642,155.39163052286642,153.2106953576332,153.56509399414062,2740,0.0,0.0
2007-06-18 00:00:00+05:30,155.3916355445881,155.3916355445881,148.84882983744754,150.70262145996094,990,0.0,0.0
2007-06-19 00:00:00+05:30,154.273930085978,155.39165286316654,152.1202496449946,153.01988220214844,3901,0.0,0.0
2007-06-20 00:00:00+05:30,152.66547760903828,155.2008116772022,152.66547760903828,153.18345642089844,3681,0.0,0.0
2007-06-21 00:00:00+05:30,152.93809735871332,153.7559481467278,151.02977885334613,152.55642700195312,3586,0.0,0.0
2007-06-22 00:00:00+05:30,156.9728386958959,156.9728386958959,147.2131550761017,151.46597290039062,3650,0.0,0.0
2007-06-25 00:00:00+05:30,153.8650306109799,153.8650306109799,150.21195641276722,152.69276428222656,5560,0.0,0.0
2007-06-26 00:00:00+05:30,154.11037328495073,155.39167640065978,151.73860226467568,154.30120849609375,1087,0.0,0.0
2007-06-27 00:00:00+05:30,151.5750042945037,153.75593960809368,151.0297704661062,153.2379608154297,3083,0.0,0.0
2007-06-28 00:00:00+05:30,155.66427070894744,155.66427070894744,151.60227170025996,152.6382293701172,700,0.0,0.0
2007-06-29 00:00:00+05:30,160.84402249862296,160.84402249862296,151.4387364372628,154.0013427734375,2240,0.0,0.0
2007-07-02 00:00:00+05:30,160.29875947783594,160.29875947783594,152.6654852169866,152.88357543945312,3227,0.0,0.0
2007-07-03 00:00:00+05:30,153.21072714187528,154.84642885513372,152.39287628524605,154.16488647460938,4178,0.0,0.0
2007-07-04 00:00:00+05:30,152.6109366069598,152.6109366069598,148.30359293414205,150.23916625976562,3347,0.0,0.0
2007-07-05 00:00:00+05:30,155.33715199626423,158.11784852225827,151.02980703677773,151.7113494873047,5641,0.0,0.0
2007-07-06 00:00:00+05:30,154.8464227989524,154.8464227989524,150.34824326341945,152.01119995117188,2907,0.0,0.0
2007-07-09 00:00:00+05:30,152.120270631176,152.58372281219732,150.26647854631022,150.64813232421875,1994,0.0,0.0
2007-07-10 00:00:00+05:30,152.66546857358713,161.9344434512692,137.94415553256266,138.5984344482422,930979,0.0,0.0
2007-07-11 00:00:00+05:30,155.39166567692146,166.29634397003875,155.39166567692146,159.2900848388672,77252,0.0,0.0
2007-07-12 00:00:00+05:30,163.02495773057709,168.39551568600035,154.35574089816637,156.45489501953125,29681,0.0,0.0
2007-07-13 00:00:00+05:30,155.3916542120006,160.76221120296057,152.66548483986023,157.79067993164062,11379,0.0,0.0
2007-07-16 00:00:00+05:30,158.11783563617925,160.84400521611337,155.39166605624513,158.55401611328125,5685,0.0,0.0
2007-07-17 00:00:00+05:30,159.75353067926878,160.29876457237208,154.05582984065205,154.92820739746094,1824,0.0,0.0
2007-07-18 00:00:00+05:30,149.96658528485884,156.4276106614046,144.51424600325382,151.41146850585938,2301,0.0,0.0
2007-07-19 00:00:00+05:30,155.58249637701002,156.10045859742766,152.96536367879193,153.0744171142578,505,0.0,0.0
2007-07-20 00:00:00+05:30,155.93689854849328,156.482132459502,149.99385224634196,151.08432006835938,2111,0.0,0.0
2007-07-23 00:00:00+05:30,152.12025496742072,153.75595663373707,152.12025496742072,153.10166931152344,203,0.0,0.0
2007-07-24 00:00:00+05:30,152.66549741744097,155.391667014181,150.5390884598275,152.42013549804688,930,0.0,0.0
2007-07-25 00:00:00+05:30,152.66549781544947,153.21073173621895,149.93932821160217,149.96658325195312,2555,0.0,0.0
2007-07-26 00:00:00+05:30,151.5750599703276,151.5750599703276,149.17603357202296,149.23056030273438,3242,0.0,0.0
2007-07-27 00:00:00+05:30,147.2404000328115,149.9393143467397,143.12389096734245,146.39529418945312,2455,0.0,0.0
2007-07-30 00:00:00+05:30,145.33207968860407,147.21314317373302,142.30603840127526,143.58734130859375,3287,0.0,0.0
2007-07-31 00:00:00+05:30,152.6654886798613,153.51059455079488,143.50556601475674,146.72244262695312,1497,0.0,0.0
2007-08-01 00:00:00+05:30,151.00251626797362,158.00875769037182,143.6963696155477,144.2688751220703,1524,0.0,0.0
2007-08-02 00:00:00+05:30,148.2763816262314,148.2763816262314,141.7608291683813,141.9243927001953,1835,0.0,0.0
2007-08-03 00:00:00+05:30,142.8512646337946,155.44616953812888,142.8512646337946,149.42132568359375,7718,0.0,0.0
2007-08-06 00:00:00+05:30,144.51421922841644,145.63195855758798,143.3964965384608,145.3865966796875,1123,0.0,0.0
2007-08-07 00:00:00+05:30,147.2404047349023,147.2404047349023,143.50556591509513,145.0049591064453,730,0.0,0.0
2007-08-08 00:00:00+05:30,142.85125006805495,145.85003585192632,142.85125006805495,143.641845703125,4616,0.0,0.0
2007-08-09 00:00:00+05:30,143.8599724085965,147.75839158947886,142.90581305331386,145.19578552246094,1140,0.0,0.0
2007-08-10 00:00:00+05:30,142.3878252371562,149.36682892404497,142.3878252371562,146.1226806640625,552,0.0,0.0
2007-08-13 00:00:00+05:30,163.02491559513945,163.02491559513945,143.3419709529667,144.2688751220703,849,0.0,0.0
2007-08-14 00:00:00+05:30,147.21314541539908,147.21314541539908,142.851274440128,144.4324493408203,737,0.0,0.0
2007-08-16 00:00:00+05:30,139.06189450139118,143.36924688941573,136.25393519434306,141.78805541992188,574,0.0,0.0
2007-08-17 00:00:00+05:30,139.06187028514915,141.4063770855978,135.21797066482844,139.03460693359375,2376,0.0,0.0
2007-08-20 00:00:00+05:30,158.11785463388017,158.11785463388017,138.10776917689395,140.6431121826172,1139,0.0,0.0
2007-08-21 00:00:00+05:30,143.12386863508104,151.54773727328882,139.0346152455073,140.31591796875,1933,0.0,0.0
2007-08-22 00:00:00+05:30,144.67780077250467,155.93687608506946,142.33328530937433,144.75958251953125,2683,0.0,0.0
2007-08-23 00:00:00+05:30,152.66547870824087,152.66547870824087,137.39893083741677,138.21678161621094,1822,0.0,0.0
2007-08-24 00:00:00+05:30,140.94295899827296,144.4597242053676,140.94295899827296,143.66912841796875,50,0.0,0.0
2007-08-27 00:00:00+05:30,143.12390195524463,146.01363503427262,142.30605108692893,142.8785400390625,1056,0.0,0.0
2007-08-28 00:00:00+05:30,142.36057224916294,142.36057224916294,140.72487057637875,142.30604553222656,779,0.0,0.0
2007-08-29 00:00:00+05:30,138.08048620242306,142.30604895886444,138.08048620242306,142.03343200683594,211,0.0,0.0
2007-08-30 00:00:00+05:30,143.39651194289422,144.48697971432307,140.26141710003625,141.70628356933594,189,0.0,0.0
2007-08-31 00:00:00+05:30,140.28864465160635,145.8227808186678,140.28864465160635,143.641845703125,588,0.0,0.0
2007-09-03 00:00:00+05:30,143.64184590792712,146.36801480624257,142.63316008770752,142.90577697753906,316,0.0,0.0
2007-09-04 00:00:00+05:30,144.32341748997746,145.95911916169212,140.12510987688935,140.58856201171875,4317,0.0,0.0
2007-09-05 00:00:00+05:30,142.30605278836305,142.33330782861202,137.42621087965713,139.30726623535156,8514,0.0,0.0
2007-09-06 00:00:00+05:30,141.76080868389005,143.36925528425965,139.57987316567636,140.61581420898438,946,0.0,0.0
2007-09-07 00:00:00+05:30,143.9417266845703,147.2131295637651,142.85125905817205,143.9417266845703,1170,0.0,0.0
2007-09-10 00:00:00+05:30,148.38537049353937,151.0025026315514,145.93181847371125,147.07681274414062,1575,0.0,0.0
2007-09-11 00:00:00+05:30,146.12264380603395,149.93928002484827,146.12264380603395,147.15858459472656,1707,0.0,0.0
2007-09-12 00:00:00+05:30,143.45103819040375,151.02978584921772,143.45103819040375,146.61338806152344,1622,0.0,0.0
2007-09-13 00:00:00+05:30,148.84884963052798,153.21072068197202,148.57623268981274,151.02978515625,3106,0.0,0.0
2007-09-14 00:00:00+05:30,150.48453261826066,153.21070168743205,148.30359736292354,148.8488311767578,2148,0.0,0.0
2007-09-17 00:00:00+05:30,153.10162872346777,153.10162872346777,144.54146892262008,146.66787719726562,1723,0.0,0.0
2007-09-18 00:00:00+05:30,151.32963162125574,152.120227271723,147.04955968501812,150.62083435058594,2422,0.0,0.0
2007-09-19 00:00:00+05:30,151.02974751593808,154.05578814802692,143.69634698267376,147.15858459472656,7592,0.0,0.0
2007-09-20 00:00:00+05:30,151.57500834866843,151.57500834866843,146.66790376184102,147.18588256835938,3046,0.0,0.0
2007-09-21 00:00:00+05:30,142.796753243872,159.20829675044274,142.796753243872,150.26646423339844,623016,0.0,0.0
2007-09-24 00:00:00+05:30,152.66548166330537,157.02735256797126,145.08673429429183,146.0408935546875,21134,0.0,0.0
2007-09-25 00:00:00+05:30,147.2131295637651,147.2131295637651,141.81531814093682,143.9417266845703,2751,0.0,0.0
2007-09-26 00:00:00+05:30,143.96901850358364,152.61097997865144,142.57867858038065,147.56756591796875,6744,0.0,0.0
2007-09-27 00:00:00+05:30,149.93931182560246,154.30118271507453,149.93931182560246,150.45729064941406,3483,0.0,0.0
2007-09-28 00:00:00+05:30,151.57501684587965,152.0384689662375,147.92194323743232,150.18467712402344,1966,0.0,0.0
2007-10-01 00:00:00+05:30,149.93932227814187,154.3011934716878,146.25899345858747,150.13015747070312,3391,0.0,0.0
2007-10-03 00:00:00+05:30,150.02109634660172,151.7931064281643,145.90458727435092,146.88600158691406,2843,0.0,0.0
2007-10-04 00:00:00+05:30,147.21313758135312,153.75594369607992,147.21313758135312,148.41265869140625,4008,0.0,0.0
2007-10-05 00:00:00+05:30,147.75838058770313,150.48454997124009,146.12267895758097,146.2589874267578,2513,0.0,0.0
2007-10-08 00:00:00+05:30,150.40275780699275,150.40275780699275,141.8425798795185,142.1697235107422,1423,0.0,0.0
2007-10-09 00:00:00+05:30,145.00496975410593,153.75596763960883,141.76082122800815,148.60350036621094,6075,0.0,0.0
2007-10-10 00:00:00+05:30,149.39406980959268,149.39406980959268,143.5055510859229,144.2688751220703,2435,0.0,0.0
2007-10-11 00:00:00+05:30,144.48697532638792,146.09542189608555,142.9330554714494,142.9603271484375,752,0.0,0.0
2007-10-12 00:00:00+05:30,155.36438539875488,155.36438539875488,143.12387934744865,144.89588928222656,1627,0.0,0.0
2007-10-15 00:00:00+05:30,143.20567401855044,146.39529551687326,140.75212157972015,144.05079650878906,913,0.0,0.0
2007-10-16 00:00:00+05:30,142.93303925291897,145.03219273882397,140.67032228051346,140.88841247558594,2547,0.0,0.0
2007-10-17 00:00:00+05:30,139.1164652702094,145.5774921249477,137.39898133141133,142.57870483398438,919,0.0,0.0
2007-10-18 00:00:00+05:30,147.04958190951334,147.04958190951334,140.0160516505149,144.4324493408203,1428,0.0,0.0
2007-10-19 00:00:00+05:30,139.68893018615123,140.6975995778657,135.76323949682103,136.1721649169922,1848,0.0,0.0
2007-10-22 00:00:00+05:30,141.76077877584322,141.76077877584322,137.97140577633343,138.2712860107422,925,0.0,0.0
2007-10-23 00:00:00+05:30,141.76080795576738,146.01362553875342,136.30846918823786,137.37167358398438,2249,0.0,0.0
2007-10-24 00:00:00+05:30,137.91691938427482,146.0954365622474,137.6443024223294,139.9070281982422,3527,0.0,0.0
2007-10-25 00:00:00+05:30,136.19943342416596,137.3989463714232,132.2464875464167,135.76324462890625,6969,0.0,0.0
2007-10-26 00:00:00+05:30,136.7719370545657,136.7719370545657,128.78425484894112,130.93792724609375,3300,0.0,0.0
2007-10-29 00:00:00+05:30,130.8561515998266,133.555058062651,129.22044970482875,129.60211181640625,4446,0.0,0.0
2007-10-30 00:00:00+05:30,128.2117118284635,135.763202525708,127.58469634946054,131.3740692138672,4224,0.0,0.0
2007-10-31 00:00:00+05:30,131.37409888059713,149.93931375697315,128.2117407810738,133.52777099609375,15127,0.0,0.0
2007-11-01 00:00:00+05:30,133.55502808894275,135.7359634594733,128.6751868613023,128.97506713867188,3085,0.0,0.0
2007-11-02 00:00:00+05:30,126.49427631470665,130.03829698731698,123.76810656654487,126.87593841552734,3828,0.0,0.0
2007-11-05 00:00:00+05:30,126.7668763201089,129.22042876501425,125.13117469017202,125.54010009765625,2180,0.0,0.0
2007-11-06 00:00:00+05:30,124.85857518232055,126.46701367904419,122.21418718358466,122.95025634765625,3024,0.0,0.0
2007-11-07 00:00:00+05:30,124.58593430289108,125.40378507512011,122.24142709191283,122.65035247802734,2030,0.0,0.0
2007-11-08 00:00:00+05:30,120.57848759623516,124.85857753386449,119.48801967017522,120.36039733886719,4890,0.0,0.0
2007-11-12 00:00:00+05:30,124.85854763454861,125.40378146701389,121.12369255431824,122.6776123046875,1321,0.0,0.0
2007-11-13 00:00:00+05:30,123.2228713625541,125.4038071388825,118.39754762958364,120.08777618408203,2049,0.0,0.0
2007-11-14 00:00:00+05:30,121.04189770365451,126.41245369988025,121.04189770365451,124.01342010498047,2657,0.0,0.0
2007-11-15 00:00:00+05:30,124.8585887586845,128.5934450690484,121.0419506743579,121.8052749633789,2296,0.0,0.0
2007-11-16 00:00:00+05:30,124.85855102539062,128.1299541090253,122.67761563630084,124.85855102539062,5327,0.0,0.0
2007-11-19 00:00:00+05:30,127.55748046424577,130.8288841520808,124.12250492809703,125.34928131103516,4994,0.0,0.0
2007-11-20 00:00:00+05:30,125.4037997083561,129.22043709078434,122.6776301494788,123.3319091796875,10025,0.0,0.0
2007-11-21 00:00:00+05:30,124.85855839381165,124.85855839381165,116.21659807670214,119.65157318115234,3130,0.0,0.0
2007-11-22 00:00:00+05:30,118.28849923792465,120.38765319251245,117.85231043078322,118.88825988769531,1297,0.0,0.0
2007-11-23 00:00:00+05:30,120.22406264572408,120.22406264572408,117.3070582514199,118.17943572998047,1992,0.0,0.0
2007-11-26 00:00:00+05:30,120.4694329429281,122.6776319825356,117.38886462321038,117.98861694335938,4010,0.0,0.0
2007-11-27 00:00:00+05:30,117.77053126145204,120.98740818565709,114.60817273958371,117.82505798339844,7362,0.0,0.0
2007-11-28 00:00:00+05:30,116.73460790342503,119.40625129403158,115.0443791006423,115.72592163085938,5417,0.0,0.0
2007-11-29 00:00:00+05:30,117.19806265764541,122.65040340300796,115.97128598993885,119.978759765625,1804,0.0,0.0
2007-11-30 00:00:00+05:30,118.94275575284087,122.67761078686183,113.95386957535166,114.71719360351562,6844,0.0,0.0
2007-12-03 00:00:00+05:30,115.72587950893967,117.22527252966798,112.86340192391289,114.71719360351562,7787,0.0,0.0
2007-12-04 00:00:00+05:30,109.12854579879793,119.8696587137639,109.12854579879793,113.6812515258789,72941,0.0,0.0
2007-12-05 00:00:00+05:30,115.48055295671573,125.13119226485442,115.48055295671573,121.23277282714844,49379,0.0,0.0
2007-12-06 00:00:00+05:30,126.49425426146678,130.6925532777748,121.0419157157139,122.0233383178711,23357,0.0,0.0
2007-12-07 00:00:00+05:30,121.06919047502937,122.7048921928106,117.22528977432165,119.54253387451172,114582,0.0,0.0
2007-12-10 00:00:00+05:30,120.25133022826361,122.67761925629983,117.77051448604784,119.6788330078125,11938,0.0,0.0
2007-12-11 00:00:00+05:30,122.32322990684351,122.32322990684351,118.39753913540491,119.05182647705078,8570,0.0,0.0
2007-12-12 00:00:00+05:30,121.04193320749542,127.58474040790057,121.04193320749542,122.18692779541016,21591,0.0,0.0
2007-12-13 00:00:00+05:30,123.63176168078611,129.76564180827827,123.63176168078611,126.1943588256836,17782,0.0,0.0
2007-12-14 00:00:00+05:30,128.64794554676396,135.76325007612115,125.4855870537597,132.41006469726562,30578,0.0,0.0
2007-12-17 00:00:00+05:30,133.30970027927768,136.25396027048527,124.36786686037249,125.34928131103516,17300,0.0,0.0
2007-12-18 00:00:00+05:30,126.57604034998853,130.85612958294067,121.04191986422012,126.46699523925781,8256,0.0,0.0
2007-12-19 00:00:00+05:30,129.7384301372211,133.44602304404205,127.03952346991541,128.48439025878906,10390,0.0,0.0
2007-12-20 00:00:00+05:30,127.17577252516622,129.76563284454258,127.03946408730431,127.36660766601562,2047,0.0,0.0
2007-12-24 00:00:00+05:30,127.03950328896623,129.22043896774676,126.54879608908435,128.89329528808594,3120,0.0,0.0
2007-12-26 00:00:00+05:30,129.19315678152415,130.8561216581852,117.22527565212425,118.86097717285156,40453,0.0,0.0
2007-12-27 00:00:00+05:30,124.0407283609015,124.0407283609015,116.81637824757426,117.47065734863281,85506,0.0,0.0
2007-12-28 00:00:00+05:30,120.68752064966594,125.40379030503354,119.40621772522758,122.2414321899414,35381,0.0,0.0
2007-12-31 00:00:00+05:30,122.67761964064377,141.21557105300772,122.67761964064377,127.58472442626953,251886,0.0,0.0
2008-01-02 00:00:00+05:30,157.40901922033493,157.40901922033493,145.5774380144132,147.540283203125,115990,0.0,0.0
2008-01-03 00:00:00+05:30,146.36805175604022,151.02979509330495,143.9417541683484,145.19578552246094,32715,0.0,0.0
2008-01-04 00:00:00+05:30,147.29490224814114,149.88476270154084,140.6703151530775,142.90577697753906,24051,0.0,0.0
2008-01-07 00:00:00+05:30,143.9417490772732,152.66549144559278,139.7979681244778,145.60470581054688,40027,0.0,0.0
2008-01-08 00:00:00+05:30,148.73981465466647,149.39410204925616,138.48942306755865,140.09786987304688,22157,0.0,0.0
2008-01-09 00:00:00+05:30,140.2341696171521,147.21315707463242,137.04454788602467,145.44114685058594,27759,0.0,0.0
2008-01-10 00:00:00+05:30,149.93933092064137,152.66550057374394,133.77314820558695,135.79051208496094,34284,0.0,0.0
2008-01-11 00:00:00+05:30,133.5823016980609,139.57987442736157,131.0197041049178,131.83755493164062,13834,0.0,0.0
2008-01-14 00:00:00+05:30,133.00980273359752,133.5822999688142,130.85613058169554,131.97386169433594,11240,0.0,0.0
2008-01-15 00:00:00+05:30,131.97388715400314,139.03466556484474,131.48317157789043,132.87351989746094,6845,0.0,0.0
2008-01-16 00:00:00+05:30,130.85615343848988,132.46459199391597,124.85857973922577,127.50296783447266,9968,0.0,0.0
2008-01-17 00:00:00+05:30,128.12997566737005,130.85614536242048,127.6120050892324,128.729736328125,9643,0.0,0.0
2008-01-18 00:00:00+05:30,127.12127956201256,134.1002750967907,120.49669105150424,123.35916900634766,8704,0.0,0.0
2008-01-21 00:00:00+05:30,123.22287201909863,123.22287201909863,109.59202334441959,111.69117736816406,13789,0.0,0.0
2008-01-22 00:00:00+05:30,89.36383579792445,113.89936209847093,89.36383579792445,98.38745880126953,8790,0.0,0.0
2008-01-23 00:00:00+05:30,102.5039823522582,115.0170998105933,99.23257866016486,110.70975494384766,24541,0.0,0.0
2008-01-24 00:00:00+05:30,111.77295429137692,111.77295429137692,98.98722045221204,101.68612670898438,9413,0.0,0.0
2008-01-25 00:00:00+05:30,103.73072881749776,106.865823118158,100.15944581978069,105.01203155517578,5039,0.0,0.0
2008-01-28 00:00:00+05:30,103.04919018523063,108.44700158137582,101.41348875371904,105.2301254272461,3274,0.0,0.0
2008-01-29 00:00:00+05:30,106.86584748132529,107.41108139704633,104.13967790272005,104.57586669921875,4283,0.0,0.0
2008-01-30 00:00:00+05:30,104.68491048163605,106.21156709008174,103.64896938283853,103.97610473632812,3721,0.0,0.0
2008-01-31 00:00:00+05:30,105.20289114484238,109.04679223504989,101.22268156434106,104.13968658447266,5877,0.0,0.0
2008-02-01 00:00:00+05:30,101.74066109827565,102.94017415619153,98.22389537174472,99.17805480957031,9897,0.0,0.0
2008-02-04 00:00:00+05:30,100.40481364084576,108.50153992272142,99.83232473412632,105.44822692871094,8444,0.0,0.0
2008-02-05 00:00:00+05:30,104.24873547593046,106.04800927668053,103.0492223819672,105.39373016357422,3057,0.0,0.0
2008-02-06 00:00:00+05:30,103.67622863374024,104.68491473375829,101.95874507923332,102.53124237060547,2571,0.0,0.0
2008-02-07 00:00:00+05:30,104.65763261933385,105.23012980811828,101.95872680890217,102.0677719116211,5004,0.0,0.0
2008-02-08 00:00:00+05:30,102.04051027581764,102.04051027581764,96.04293800950575,100.7046890258789,4981,0.0,0.0
2008-02-11 00:00:00+05:30,98.98719678976745,99.53243058280434,92.1445110232331,93.78021240234375,4934,0.0,0.0
2008-02-12 00:00:00+05:30,92.19904628302865,93.78022110166697,88.87311650913787,89.66370391845703,4697,0.0,0.0
2008-02-13 00:00:00+05:30,88.95490414364015,93.78022730674343,88.05527156999455,91.27214813232422,3662,0.0,0.0
2008-02-14 00:00:00+05:30,104.0303460207926,104.0303460207926,92.48987356893845,96.66879272460938,2229,2.5,0.0
2008-02-15 00:00:00+05:30,96.03224621262193,97.74809952324696,94.75919457368137,97.3052978515625,6255,0.0,0.0
2008-02-18 00:00:00+05:30,96.05992290067834,97.9971728242759,96.03224621262193,97.3052978515625,1382,0.0,0.0
2008-02-19 00:00:00+05:30,99.63001458216704,101.8440149062152,96.86251417710683,97.11158752441406,2376,0.0,0.0
2008-02-20 00:00:00+05:30,100.04511818605312,100.04511818605312,93.67986861958224,94.0949935913086,8852,0.0,0.0
2008-02-21 00:00:00+05:30,96.28131287263912,96.66876114148647,95.20198967880049,95.2850112915039,536,0.0,0.0
2008-02-22 00:00:00+05:30,95.2296601734449,95.47873344110012,92.98798387307141,93.56916046142578,1583,0.0,0.0
2008-02-25 00:00:00+05:30,94.09499787936247,95.47874784817661,93.09869621266836,94.78687286376953,3003,0.0,0.0
2008-02-26 00:00:00+05:30,94.73153064489591,96.80715584259951,93.5968622934104,96.19831085205078,2699,0.0,0.0
2008-02-27 00:00:00+05:30,96.86249340281768,98.49531660246019,93.18172203180627,94.0949935913086,3502,0.0,0.0
2008-02-28 00:00:00+05:30,95.20198152176853,95.42337810050066,93.0986802408609,93.98428344726562,1206,0.0,0.0
2008-02-29 00:00:00+05:30,95.20200912676253,101.81633307171217,94.09500902063739,95.9769058227539,4711,0.0,0.0
2008-03-03 00:00:00+05:30,97.38832307375014,97.41599976283072,93.59685315042472,94.01197814941406,2722,0.0,0.0
2008-03-04 00:00:00+05:30,94.0950179245699,94.0950179245699,89.8330688018406,91.35519409179688,3107,0.0,0.0
2008-03-05 00:00:00+05:30,92.43451549552078,96.86251623782118,91.68728699196113,95.7555160522461,1658,0.0,0.0
2008-03-07 00:00:00+05:30,93.43079791590038,96.86249608816166,91.88099628934192,96.72412109375,3932,0.0,0.0
2008-03-10 00:00:00+05:30,93.09869262593523,94.09499425424568,90.22049449083556,93.95661926269531,6125,0.0,0.0
2008-03-11 00:00:00+05:30,103.69822718169264,103.69822718169264,93.01567561581369,96.5303955078125,4052,0.0,0.0
2008-03-12 00:00:00+05:30,95.72782954570022,96.30900627270078,92.43450602035075,94.64850616455078,7996,0.0,0.0
2008-03-13 00:00:00+05:30,94.09501723953765,94.09501723953765,88.69839125079947,89.0304946899414,3105,0.0,0.0
2008-03-14 00:00:00+05:30,90.24818694735463,91.63193710464083,88.00651000340282,88.53233337402344,5590,0.0,0.0
2008-03-17 00:00:00+05:30,87.01021152003014,88.56001344445633,80.28518887738815,80.8110122680664,9936,0.0,0.0
2008-03-18 00:00:00+05:30,77.49000607367216,83.08035989014039,74.72250585675529,76.41068267822266,26425,0.0,0.0
2008-03-19 00:00:00+05:30,77.46233423038184,78.04351100145577,69.18750975306362,70.76498413085938,7895,0.0,0.0
2008-03-24 00:00:00+05:30,71.67823308170499,72.50848288574018,68.13583307324772,70.04541015625,6071,0.0,0.0
2008-03-25 00:00:00+05:30,68.21885937209798,77.32393059711684,68.21885937209798,74.66712951660156,5073,0.0,0.0
2008-03-26 00:00:00+05:30,74.22436812345849,74.72251484412274,71.40151418438394,72.50851440429688,19130,0.0,0.0
2008-03-27 00:00:00+05:30,74.44575425468892,75.80182764304264,72.7852541597888,73.4217758178711,9778,0.0,0.0
2008-03-28 00:00:00+05:30,73.08968314359673,77.49000684303527,73.03432976041265,76.632080078125,10528,0.0,0.0
2008-03-31 00:00:00+05:30,76.93649842947467,77.48999841817593,74.72249847466964,76.99185180664062,6521,0.0,0.0
2008-04-01 00:00:00+05:30,76.52138375057575,77.37931053783161,75.05461196113947,75.85718536376953,1806,0.0,0.0
2008-04-02 00:00:00+05:30,77.07488062226146,79.59330749511719,76.549057273053,79.59330749511719,1451,0.0,0.0
2008-04-03 00:00:00+05:30,78.59699809476855,84.10432127212027,78.04349810818567,82.77592468261719,3969,0.0,0.0
2008-04-04 00:00:00+05:30,81.91799660497063,83.57849653615247,80.61726828058244,82.47149658203125,940,0.0,0.0
2008-04-07 00:00:00+05:30,83.02500714273022,86.31833073691043,80.58961031150632,84.60248565673828,2110,0.0,0.0
2008-04-08 00:00:00+05:30,86.51205478832269,86.51205478832269,83.05267966439536,83.91060638427734,649,0.0,0.0
2008-04-09 00:00:00+05:30,88.50464843742895,89.6116484601397,84.29805341857202,89.25187683105469,1598,0.0,0.0
2008-04-10 00:00:00+05:30,88.00649104191707,90.77399076021635,88.00649104191707,89.94374084472656,1211,0.0,0.0
2008-04-11 00:00:00+05:30,89.11348876953124,89.11348876953124,84.51943765934556,87.17623901367188,1735,0.0,0.0
2008-04-15 00:00:00+05:30,89.66699550978689,90.22049548206952,86.89949564837372,88.9751205444336,1153,0.0,0.0
2008-04-16 00:00:00+05:30,89.86074062492256,90.22051229565797,87.72976195620728,88.33861541748047,1663,0.0,0.0
2008-04-17 00:00:00+05:30,89.22421262193131,93.37546328776939,89.22421262193131,89.80538940429688,744,0.0,0.0
2008-04-21 00:00:00+05:30,94.06733697428146,94.09501366744949,91.60426330566406,91.60426330566406,1007,0.0,0.0
2008-04-22 00:00:00+05:30,91.38284855180785,101.7886412456224,91.38284855180785,97.36064147949219,15771,0.0,0.0
2008-04-23 00:00:00+05:30,97.44368805823376,97.44368805823376,93.54151091380557,94.62083435058594,2071,0.0,0.0
2008-04-24 00:00:00+05:30,96.00458057978429,96.00458057978429,90.30352845898442,90.38655853271484,2875,0.0,0.0
2008-04-25 00:00:00+05:30,88.5600106927413,91.2721576419102,87.45301055908203,87.45301055908203,2129,0.0,0.0
2008-04-28 00:00:00+05:30,91.29979604867306,91.32747272955675,85.79247438231087,87.53599548339844,1043,0.0,0.0
2008-04-29 00:00:00+05:30,88.08952950266682,88.56000792305424,86.65043444136148,88.00650787353516,1790,0.0,0.0
2008-04-30 00:00:00+05:30,89.5839934340208,94.09501581385936,89.11351497665504,93.65221405029297,6423,0.0,0.0
2008-05-02 00:00:00+05:30,94.09502054104793,96.8625211451964,92.60057190395607,96.66879272460938,5770,0.0,0.0
2008-05-05 00:00:00+05:30,95.2020125313845,96.86251274995516,95.2020125313845,96.4473876953125,3060,0.0,0.0
2008-05-06 00:00:00+05:30,95.31270034440412,96.30900205480874,93.54150199576252,95.11898040771484,6786,0.0,0.0
2008-05-07 00:00:00+05:30,94.1226861253393,94.51013447503466,88.56000887850979,91.85333251953125,1153,0.0,0.0
2008-05-08 00:00:00+05:30,92.43449137560327,96.00456435335752,92.43449137560327,95.58943939208984,1642,0.0,0.0
2008-05-09 00:00:00+05:30,98.49533309750939,100.82003163934729,89.25188386821311,90.91238403320312,2996,0.0,0.0
2008-05-12 00:00:00+05:30,91.05074154064506,92.84961637351495,86.9271686129065,90.1651382446289,572,0.0,0.0
2008-05-13 00:00:00+05:30,93.209407224569,93.209407224569,89.224208460388,90.27586364746094,660,0.0,0.0
2008-05-14 00:00:00+05:30,89.69468003020529,91.29982671169986,89.69468003020529,89.91607666015625,471,0.0,0.0
2008-05-15 00:00:00+05:30,91.32750706643536,93.81825725915631,91.32750706643536,92.48986053466797,1479,0.0,0.0
2008-05-16 00:00:00+05:30,92.48986096957842,102.3698317130521,91.68727914711317,97.41600799560547,23344,0.0,0.0
2008-05-20 00:00:00+05:30,94.37172658076487,95.61710127171338,93.12635188981636,93.43077850341797,1237,0.0,0.0
2008-05-21 00:00:00+05:30,95.1743195861459,97.41599618756445,94.09499631753384,97.08389282226562,1391,0.0,0.0
2008-05-22 00:00:00+05:30,98.24626432464628,98.24626432464628,95.34038890095955,96.75181579589844,1404,0.0,0.0
2008-05-23 00:00:00+05:30,97.41599624830751,98.2185695282508,92.98799641883899,93.9012680053711,2907,0.0,0.0
2008-05-26 00:00:00+05:30,93.01567046031712,97.41599347649982,92.71124379155523,94.6761703491211,9994,0.0,0.0
2008-05-27 00:00:00+05:30,88.0064911750238,95.83851201136086,88.0064911750238,93.1263656616211,420,0.0,0.0
2008-05-28 00:00:00+05:30,93.6522133321586,94.37176513671875,93.6522133321586,94.37176513671875,1385,0.0,0.0
2008-05-29 00:00:00+05:30,97.83112908538277,97.83112908538277,93.54150390625,93.54150390625,1450,0.0,0.0
2008-05-30 00:00:00+05:30,94.06732351290182,94.09500020210922,91.32750019616483,92.35147857666016,1185,0.0,0.0
2008-06-02 00:00:00+05:30,93.15404547009528,93.15404547009528,84.51944266825369,85.70947265625,1624,0.0,0.0
2008-06-03 00:00:00+05:30,78.37560690355818,85.15598220853319,78.37560690355818,84.13200378417969,511,0.0,0.0
2008-06-04 00:00:00+05:30,85.23901161167066,87.39765852743609,84.49178313158369,85.07295989990234,573,0.0,0.0
2008-06-05 00:00:00+05:30,88.00649243370961,88.00649243370961,80.25749309992386,81.64124298095703,2737,0.0,0.0
2008-06-06 00:00:00+05:30,82.60988893153183,82.60988893153183,80.31286692245237,81.11544036865234,739,0.0,0.0
2008-06-09 00:00:00+05:30,81.6412532263781,82.47150325918872,78.59700310607248,79.92539978027344,1178,0.0,0.0
2008-06-10 00:00:00+05:30,79.67632849438442,80.53425523934683,79.26120346737748,79.5102767944336,594,0.0,0.0
2008-06-11 00:00:00+05:30,80.50659320804718,82.60989541702602,79.1505195620417,80.22984313964844,1100,0.0,0.0
2008-06-12 00:00:00+05:30,81.44753468544646,81.44753468544646,77.49001242897727,79.1505126953125,1359,0.0,0.0
2008-06-13 00:00:00+05:30,79.787035165683,81.61358716489111,79.20586682362052,79.37191009521484,26,0.0,0.0
2008-06-16 00:00:00+05:30,82.47151395489888,82.88663902514166,81.47521209716797,81.47521209716797,340,0.0,0.0
2008-06-17 00:00:00+05:30,82.96965568262851,82.96965568262851,80.25750876473711,80.34053039550781,109,0.0,0.0
2008-06-18 00:00:00+05:30,82.88663758317085,82.88663758317085,80.8110122680664,80.8110122680664,549,0.0,0.0
2008-06-19 00:00:00+05:30,80.34052131621263,84.68549967798694,78.76305138965475,80.25749969482422,1471,0.0,0.0
2008-06-20 00:00:00+05:30,81.33681883705593,90.19281834994645,79.42724563123677,80.72797393798828,1128,0.0,0.0
2008-06-23 00:00:00+05:30,77.60071004629943,79.5379603392671,75.44206309814615,78.34793853759766,1463,0.0,0.0
2008-06-24 00:00:00+05:30,77.49001036299036,79.98076069608648,76.38301021494763,78.04351043701172,428,0.0,0.0
2008-06-25 00:00:00+05:30,76.16160540751906,79.59330380980408,76.10625202774835,77.60070037841797,681,0.0,0.0
2008-06-26 00:00:00+05:30,78.59699762644742,80.25749757630194,76.5490493774414,76.5490493774414,416,0.0,0.0
2008-06-27 00:00:00+05:30,79.92540431867832,80.81100778225958,73.6708604729452,76.1339340209961,3397,0.0,0.0
2008-06-30 00:00:00+05:30,73.33874992306737,77.48999991871268,72.5084999239383,72.72989654541016,1213,0.0,0.0
2008-07-01 00:00:00+05:30,72.53619262105394,74.6671630216581,71.01406728673315,71.06941223144531,849,0.0,0.0
2008-07-02 00:00:00+05:30,66.42000873272235,71.95500946044922,66.42000873272235,71.95500946044922,606,0.0,0.0
2008-07-03 00:00:00+05:30,73.33874737989356,73.47712237494996,70.59892416692466,70.79264831542969,647,0.0,0.0
2008-07-04 00:00:00+05:30,71.40148576410282,74.72248510196806,71.40148576410282,73.39408874511719,421,0.0,0.0
2008-07-07 00:00:00+05:30,72.7852583212011,77.49000885907341,72.7852583212011,75.27600860595703,1855,0.0,0.0
2008-07-08 00:00:00+05:30,72.56385595529895,73.08967928482487,71.81662755046628,72.3978042602539,330,0.0,0.0
2008-07-09 00:00:00+05:30,75.55273353847053,75.77413011193646,73.97525550387763,75.10993194580078,660,0.0,0.0
2008-07-10 00:00:00+05:30,74.69483185255311,84.10433292857327,74.69483185255311,75.85718536376953,643,0.0,0.0
2008-07-11 00:00:00+05:30,75.2760018579366,76.9365018989205,74.7225018442753,76.65975189208984,5781,0.0,0.0
2008-07-14 00:00:00+05:30,75.80182731940268,78.45862914904757,74.50110731806188,77.18557739257812,1011,0.0,0.0
2008-07-15 00:00:00+05:30,77.43467067110906,77.43467067110906,73.89227294921875,73.89227294921875,932,0.0,0.0
2008-07-16 00:00:00+05:30,74.72251124247215,75.22065793912556,71.98268751939638,72.25943756103516,2963,0.0,0.0
2008-07-17 00:00:00+05:30,72.50851577801532,74.72251625978677,71.95501565757245,73.17271423339844,5726,0.0,0.0
2008-07-18 00:00:00+05:30,73.61551113277129,81.3368356113085,73.61551113277129,78.34793853759766,828,0.0,0.0
2008-07-21 00:00:00+05:30,76.63208560222252,80.78333626806058,76.63208560222252,79.1505126953125,1532,0.0,0.0
2008-07-22 00:00:00+05:30,84.10432927289679,84.10432927289679,76.4937037333896,77.49000549316406,3936,0.0,0.0
2008-07-23 00:00:00+05:30,77.54534946895532,79.92539259237698,77.48999609344999,78.8460693359375,886,0.0,0.0
2008-07-24 00:00:00+05:30,78.5970098707411,79.70401000976562,78.5970098707411,79.70401000976562,526,0.0,0.0
2008-07-25 00:00:00+05:30,78.8737530252208,81.22612811544668,78.8737530252208,79.56562805175781,630,0.0,0.0
2008-07-28 00:00:00+05:30,80.7556504489259,80.81100382984515,79.70400377738152,80.00843048095703,2875,0.0,0.0
2008-07-29 00:00:00+05:30,80.25751007927788,80.25751007927788,78.1818848186069,79.70401000976562,150,0.0,0.0
2008-07-30 00:00:00+05:30,79.26119668895292,80.53424835205078,79.15049838036606,80.53424835205078,125,0.0,0.0
2008-07-31 00:00:00+05:30,78.20955949418475,80.75565468083218,78.20955949418475,80.11913299560547,151,0.0,0.0
2008-08-01 00:00:00+05:30,79.1504966023353,83.02499643601604,79.1504966023353,82.11172485351562,1630,0.0,0.0
2008-08-04 00:00:00+05:30,85.79250077466911,85.79250077466911,81.03239735339154,82.80360412597656,897,0.0,0.0
2008-08-05 00:00:00+05:30,79.98074899678362,84.13199894471357,79.98074899678362,83.93827056884766,570,0.0,0.0
2008-08-06 00:00:00+05:30,83.55080718067956,84.98991028114473,81.91798418505745,82.27775573730469,2130,0.0,0.0
2008-08-07 00:00:00+05:30,85.10062216109588,85.10062216109588,81.44751890466526,82.33312225341797,557,0.0,0.0
2008-08-08 00:00:00+05:30,80.94937334355619,82.83126992675159,79.95307167479528,80.53424835205078,1147,0.0,0.0
2008-08-11 00:00:00+05:30,80.86636353403769,81.91801028781467,79.56563499238756,79.70401000976562,960,0.0,0.0
2008-08-12 00:00:00+05:30,80.25751635277561,81.77964166291446,79.98076629638672,79.98076629638672,580,0.0,0.0
2008-08-13 00:00:00+05:30,78.1818747027167,81.58589631147714,78.1818747027167,80.25749969482422,569,0.0,0.0
2008-08-14 00:00:00+05:30,80.2575052827341,81.3645053555994,79.95307857354808,80.6726303100586,1370,0.0,0.0
2008-08-18 00:00:00+05:30,80.31286692245237,81.36451372150874,80.25751353482154,81.11544036865234,1936,0.0,0.0
2008-08-19 00:00:00+05:30,86.89949886199271,86.89949886199271,79.75935233379363,79.814697265625,462,0.0,0.0
2008-08-20 00:00:00+05:30,79.75932572362406,81.36447178878149,79.75932572362406,80.6449203491211,262,0.0,0.0
2008-08-21 00:00:00+05:30,79.73168119518317,81.0877545826737,78.73537944972924,79.64865112304688,1495,0.0,0.0
2008-08-22 00:00:00+05:30,86.89950791331736,86.89950791331736,78.18188211946546,79.67633056640625,614,0.0,0.0
2008-08-25 00:00:00+05:30,79.17818232983979,79.70400567815174,78.07118225097656,78.07118225097656,408,0.0,0.0
2008-08-26 00:00:00+05:30,78.07118026608782,79.56562864541011,77.01952515046094,78.26490020751953,381,0.0,0.0
2008-08-27 00:00:00+05:30,81.61356605565518,81.61356605565518,78.04349306217172,78.09884643554688,215,0.0,0.0
2008-08-28 00:00:00+05:30,76.10625475892247,80.67263004445782,76.10625475892247,78.20955657958984,201,0.0,0.0
2008-08-29 00:00:00+05:30,78.04351043701172,78.04351043701172,78.04351043701172,78.04351043701172,5058,0.0,0.0
2008-09-01 00:00:00+05:30,80.20214969787585,80.20214969787585,78.45862800929858,79.56562805175781,252,0.0,0.0
2008-09-02 00:00:00+05:30,78.48632263134687,78.59702097173613,77.51769737289237,78.43096923828125,400,0.0,0.0
2008-09-04 00:00:00+05:30,73.06200401557255,83.57850459357162,73.06200401557255,78.70770263671875,1074,0.0,0.0
2008-09-05 00:00:00+05:30,71.40150081555231,79.98075091354504,71.40150081555231,78.81839752197266,680,0.0,0.0
2008-09-08 00:00:00+05:30,78.59698619265701,85.65410995291319,78.59698619265701,80.5619125366211,6811,0.0,0.0
2008-09-09 00:00:00+05:30,80.2575052522609,82.77593210622129,79.70400521603841,80.0914535522461,1768,0.0,0.0
2008-09-10 00:00:00+05:30,79.87007011146908,81.8073205583029,78.07119469655194,78.62469482421875,218,0.0,0.0
2008-09-11 00:00:00+05:30,83.99363691642215,83.99363691642215,77.49001099373378,77.54536437988281,13146,0.0,0.0
2008-09-12 00:00:00+05:30,78.65235895385766,78.65235895385766,77.1579020913258,77.49000549316406,365,0.0,0.0
2008-09-15 00:00:00+05:30,76.93651019712836,79.01213547223074,73.89225979364487,75.58043670654297,715,0.0,0.0
2008-09-16 00:00:00+05:30,75.85715931142771,79.09512850221442,73.06198326261203,74.66712951660156,3481,0.0,0.0
2008-09-17 00:00:00+05:30,80.20215725165976,80.20215725165976,74.72250990368582,75.58043670654297,5373,0.0,0.0
2008-09-18 00:00:00+05:30,70.87566775708858,78.54163672354603,70.29449114118303,72.64686584472656,3014,0.0,0.0
2008-09-19 00:00:00+05:30,74.7501866219054,76.05090672730041,72.70223803892324,73.83690643310547,1555,0.0,0.0
2008-09-22 00:00:00+05:30,74.77786609863811,74.77786609863811,71.3738354521401,71.4015121459961,1349,0.0,0.0
2008-09-23 00:00:00+05:30,71.65057287876607,71.87197794487474,69.68565042433738,70.8479995727539,380,0.0,0.0
2008-09-24 00:00:00+05:30,67.25024969737426,73.83689628943849,67.25024969737426,71.20777130126953,2871,0.0,0.0
2008-09-25 00:00:00+05:30,71.87198638916016,71.87198638916016,71.87198638916016,71.87198638916016,5,0.0,0.0
2008-09-26 00:00:00+05:30,71.42917824168447,71.92732487421596,69.18750150381295,69.85169982910156,1325,0.0,0.0
2008-09-29 00:00:00+05:30,66.9735052837589,70.29450554576347,66.42000524009147,68.08050537109375,2455,0.0,0.0
2008-09-30 00:00:00+05:30,67.11187848848151,71.29080539485045,67.11187848848151,70.59893035888672,3347,0.0,0.0
2008-10-01 00:00:00+05:30,69.35355937677909,70.2945077919324,69.35355937677909,70.2391586303711,285,0.0,0.0
2008-10-03 00:00:00+05:30,70.8480078125,70.8480078125,68.63400756835938,69.18750762939453,860,0.0,0.0
2008-10-06 00:00:00+05:30,66.1986045430682,70.26682902959091,65.6174320294908,70.07310485839844,525,0.0,0.0
2008-10-07 00:00:00+05:30,69.74099678852724,71.81662169294769,61.659898005224214,62.21339797973633,1207,0.0,0.0
2008-10-08 00:00:00+05:30,61.853633573193754,66.36466004301643,60.331508362220305,64.78718566894531,696,0.0,0.0
2008-10-10 00:00:00+05:30,57.03817950383515,65.31300322302843,53.302054319467004,59.44590377807617,3004,0.0,0.0
2008-10-13 00:00:00+05:30,62.545500982315495,63.04365183471324,58.17285006906636,59.75032424926758,706,0.0,0.0
2008-10-14 00:00:00+05:30,63.375765173284854,63.65251523954374,60.88501457695488,61.438514709472656,1227,0.0,0.0
2008-10-15 00:00:00+05:30,59.778014311919335,61.43851470947265,59.778014311919335,61.438514709472656,520,0.0,0.0
2008-10-16 00:00:00+05:30,52.63786092644003,61.05106534154439,52.63786092644003,59.94406509399414,500,0.0,0.0
2008-10-17 00:00:00+05:30,63.652498245239265,63.652498245239265,55.3499984741211,55.349998474121094,1242174,0.0,0.0
2008-10-20 00:00:00+05:30,59.224500768324916,66.4200008616728,58.69867745065131,63.51412582397461,21025,0.0,0.0
2008-10-21 00:00:00+05:30,63.62482736575271,69.10447855955263,63.54180573875752,64.70415496826172,8452,0.0,0.0
2008-10-22 00:00:00+05:30,64.73182223770387,65.31299891721686,58.670999027330396,60.74662399291992,6047,0.0,0.0
2008-10-23 00:00:00+05:30,58.11750995573988,63.04366164418147,58.11750995573988,61.32781219482422,3090,0.0,0.0
2008-10-24 00:00:00+05:30,59.833345657912645,60.88499644101316,54.796496796911846,55.40534591674805,109976,0.0,0.0
2008-10-27 00:00:00+05:30,53.96624870536598,58.062149451680526,52.58249873856172,56.29094696044922,5219,0.0,0.0
2008-10-29 00:00:00+05:30,59.77800408411037,64.20600438663706,59.77800408411037,63.76320266723633,1589,0.0,0.0
2008-10-31 00:00:00+05:30,61.438490748743604,63.652490415365,61.438490748743604,63.4864387512207,5263,0.0,0.0
2008-11-03 00:00:00+05:30,61.438485557242174,68.08048399586295,61.438485557242174,66.61370849609375,19859,0.0,0.0
2008-11-04 00:00:00+05:30,73.06200392702792,75.82950407577897,66.42000357002539,71.53987884521484,37416,0.0,0.0
2008-11-05 00:00:00+05:30,71.01406246992163,71.01406246992163,37.748704041551306,40.4055061340332,65421,0.0,0.0
2008-11-06 00:00:00+05:30,39.24315543479683,42.342754952779146,37.08450433772814,40.2117805480957,8661,0.0,0.0
2008-11-07 00:00:00+05:30,39.29850948824729,40.682259822340505,37.99778501877385,38.661983489990234,7144,0.0,0.0
2008-11-10 00:00:00+05:30,40.9590054426067,40.9590054426067,36.254254817442416,36.918453216552734,10183,0.0,0.0
2008-11-11 00:00:00+05:30,39.85200598837775,39.85200598837775,34.34467973853016,34.842830657958984,8378,0.0,0.0
2008-11-12 00:00:00+05:30,34.53840531455422,35.97750465622931,33.735829788397446,33.98490524291992,7621,0.0,0.0
2008-11-14 00:00:00+05:30,34.87050558645186,34.87050558645186,31.549505054408826,32.490455627441406,4700,0.0,0.0
2008-11-17 00:00:00+05:30,32.10300158420042,32.1306761632791,29.33550144763142,29.722951889038086,3347,0.0,0.0
2008-11-18 00:00:00+05:30,29.695275132193284,29.695275132193284,27.868723486863757,28.14547348022461,3794,0.0,0.0
2008-11-19 00:00:00+05:30,28.228499017161468,28.25617359391093,26.651024916658745,26.678699493408203,913,0.0,0.0
2008-11-20 00:00:00+05:30,26.56799847146739,26.56799847146739,24.10492319088814,25.46099853515625,4179,0.0,0.0
2008-11-21 00:00:00+05:30,24.630749880612548,27.09382529096079,24.520049458862136,25.184249877929688,1197,0.0,0.0
2008-11-24 00:00:00+05:30,25.488674454167125,27.12149986853966,24.353999881953982,25.184249877929688,3314,0.0,0.0
2008-11-25 00:00:00+05:30,26.263581451897338,26.263581451897338,25.211930365884612,25.239604949951172,861,0.0,0.0
2008-11-26 00:00:00+05:30,25.46099451398348,25.959145251222168,24.38166932425598,25.4056453704834,2228,0.0,0.0
2008-11-28 00:00:00+05:30,24.935174354769735,26.789400605052215,24.907499777304157,25.599374771118164,717,0.0,0.0
2008-12-01 00:00:00+05:30,27.093828135111128,27.093828135111128,25.654726724157236,26.0975284576416,2120,0.0,0.0
2008-12-02 00:00:00+05:30,24.90750270875238,26.87242750015581,24.90750270875238,26.62335205078125,1275,0.0,0.0
2008-12-03 00:00:00+05:30,26.56799987401791,29.861325280688366,26.56799987401791,29.363174438476562,606,0.0,0.0
2008-12-04 00:00:00+05:30,29.861328462996223,30.055052638148727,28.50525290262323,29.50155258178711,3539,0.0,0.0
2008-12-05 00:00:00+05:30,28.892697098304467,30.16574652955853,27.813371800189287,28.283845901489258,3287,0.0,0.0
2008-12-08 00:00:00+05:30,27.896398022260858,29.722947415179604,27.674997200086278,28.505247116088867,2437,0.0,0.0
2008-12-10 00:00:00+05:30,27.121497507119706,30.359471364926428,27.121497507119706,28.200822830200195,3399,0.0,0.0
2008-12-11 00:00:00+05:30,29.612251154646863,29.612251154646863,28.560600269066704,28.615951538085938,173,0.0,0.0
2008-12-12 00:00:00+05:30,28.228501574838937,30.691577134538367,27.675001543959745,29.778301239013672,1443,0.0,0.0
2008-12-15 00:00:00+05:30,30.96832104720973,32.62882081262114,30.44249569920919,31.079021453857422,4595,0.0,0.0
2008-12-16 00:00:00+05:30,31.05135837510674,36.80776092885533,30.996009203246594,35.56238555908203,6052,0.0,0.0
2008-12-17 00:00:00+05:30,33.21000281776346,34.31700291168891,31.770903540234425,32.21370315551758,4703,0.0,0.0
2008-12-18 00:00:00+05:30,32.130681046614825,37.02915829969106,30.442506129019886,33.73583221435547,7225,0.0,0.0
2008-12-19 00:00:00+05:30,34.31700376381402,35.36865472373078,33.210003642400665,34.067928314208984,1327,0.0,0.0
2008-12-22 00:00:00+05:30,37.084503162915944,37.084503162915944,31.577177270912298,32.15835189819336,1443,0.0,0.0
2008-12-23 00:00:00+05:30,31.27275436647287,34.676780686335604,31.27275436647287,33.09930419921875,4295,0.0,0.0
2008-12-24 00:00:00+05:30,31.82624766031901,32.01997180150356,30.995997721354165,31.13437271118164,1776,0.0,0.0
2008-12-26 00:00:00+05:30,30.027372093690627,31.43879653479375,30.027372093690627,30.387147903442383,2884,0.0,0.0
2008-12-29 00:00:00+05:30,29.944348237142652,30.940649895737682,29.88899908341398,29.91667366027832,695,0.0,0.0
2008-12-30 00:00:00+05:30,30.19342235806786,31.909273498789407,30.19342235806786,31.13437271118164,1017,0.0,0.0
2008-12-31 00:00:00+05:30,30.47017447326321,33.76349988426089,30.47017447326321,31.71554946899414,4051,0.0,0.0
2009-01-02 00:00:00+05:30,31.687880397029172,34.150956238823305,31.687880397029172,33.70815658569336,3835,0.0,0.0
2009-01-05 00:00:00+05:30,32.37975414358065,34.20630395503405,32.37975414358065,32.4627799987793,667,0.0,0.0
2009-01-06 00:00:00+05:30,32.51812269488667,34.31699756736976,32.51812269488667,32.96092224121094,352,0.0,0.0
2009-01-07 00:00:00+05:30,32.32439616766363,32.51812029506035,29.972021508020966,30.082719802856445,2050,0.0,0.0
2009-01-09 00:00:00+05:30,29.99970437779681,31.383454560246523,28.782003794954022,29.944353103637695,2891,0.0,0.0
2009-01-12 00:00:00+05:30,29.722951889038086,29.722951889038086,29.722951889038086,29.722951889038086,600,0.0,0.0
2009-01-13 00:00:00+05:30,29.889001604766392,29.889001604766392,28.809676124529485,29.30782699584961,1230,0.0,0.0
2009-01-14 00:00:00+05:30,32.54580111701579,32.54580111701579,28.22850133510957,30.608551025390625,531,0.0,0.0
2009-01-15 00:00:00+05:30,29.05874665691418,29.833647412339104,27.674996816108745,28.283845901489258,132,0.0,0.0
2009-01-16 00:00:00+05:30,28.228505478430808,30.691581378737823,28.228505478430808,30.525531768798828,287,0.0,0.0
2009-01-19 00:00:00+05:30,30.470172337722808,31.38344811515805,29.888997802734373,31.13437271118164,590,0.0,0.0
2009-01-20 00:00:00+05:30,30.02738171480042,30.996006931406882,29.97203254699707,29.97203254699707,189,0.0,0.0
2009-01-21 00:00:00+05:30,29.91667237340005,31.438797261247213,28.781997879291847,28.83734703063965,1756,0.0,0.0
2009-01-22 00:00:00+05:30,28.366871736511463,29.7506215773169,28.283845901489258,28.283845901489258,10200,0.0,0.0
2009-01-23 00:00:00+05:30,28.809681250060507,28.809681250060507,26.65103201697641,26.8724308013916,1279,0.0,0.0
2009-01-27 00:00:00+05:30,26.983127004264876,28.117801666259766,26.983127004264876,28.117801666259766,4148,0.0,0.0
2009-01-28 00:00:00+05:30,27.70267768670417,28.782003230120733,27.70267768670417,28.671302795410156,289,0.0,0.0
2009-01-29 00:00:00+05:30,28.228502083094448,28.754327544184207,27.785702472705474,28.173152923583984,271,0.0,0.0
2009-01-30 00:00:00+05:30,29.25247757992393,29.280154272311904,27.702677820780607,27.7303524017334,55,0.0,0.0
2009-02-02 00:00:00+05:30,27.813380000315753,27.813380000315753,27.149179458618164,27.149179458618164,204,0.0,0.0
2009-02-03 00:00:00+05:30,27.67499923706055,27.67499923706055,27.67499923706055,27.674999237060547,30,0.0,0.0
2009-02-04 00:00:00+05:30,27.398251655253954,27.398251655253954,25.544027387805745,26.014501571655273,4098,0.0,0.0
2009-02-05 00:00:00+05:30,26.59567301990216,26.59567301990216,24.409347725676657,24.520048141479492,9329,0.0,0.0
2009-02-06 00:00:00+05:30,27.785699450384143,27.785699450384143,25.3502986909969,25.737749099731445,860,0.0,0.0
2009-02-09 00:00:00+05:30,26.042176090568972,27.121501575556714,24.907501446939836,25.54402732849121,537,0.0,0.0
2009-02-10 00:00:00+05:30,26.15287118548111,27.342896856484263,26.069845353016845,26.65102195739746,322,0.0,0.0
2009-02-11 00:00:00+05:30,27.121500543442004,27.121500543442004,24.35400048798874,25.986825942993164,979,0.0,0.0
2009-02-12 00:00:00+05:30,30.58087295571757,30.58087295571757,26.291248242472122,26.70637321472168,1378,0.0,0.0
2009-02-13 00:00:00+05:30,27.3982527899,32.04765410791163,26.872427314069434,29.50155258178711,4646,0.0,0.0
2009-02-16 00:00:00+05:30,28.228498375934105,29.00339917592583,28.117797960016027,28.64362335205078,635,0.0,0.0
2009-02-17 00:00:00+05:30,27.758028128452125,28.698976516723633,27.73035143702699,28.698976516723633,155,0.0,0.0
2009-02-18 00:00:00+05:30,28.173149334787784,29.114097595214847,28.173149334787784,29.114097595214844,148,0.0,0.0
2009-02-19 00:00:00+05:30,28.22849922180176,28.311525064086894,27.398249244689943,27.674999237060547,587,0.0,0.0
2009-02-20 00:00:00+05:30,26.59566988231726,28.754320345787157,26.069844552863355,26.26357078552246,26685,0.0,0.0
2009-02-24 00:00:00+05:30,28.22849991791895,31.383450331032172,26.98312492154017,30.8299503326416,40661,0.0,0.0
2009-02-25 00:00:00+05:30,31.217404912920983,31.217404912920983,27.813378624723963,28.42222785949707,4885,0.0,0.0
2009-02-26 00:00:00+05:30,28.75432984182241,28.782004423789,26.56800408349754,26.817079544067383,3993,0.0,0.0
2009-02-27 00:00:00+05:30,26.65102874293911,27.675003009724865,26.623352050781254,26.62335205078125,181,0.0,0.0
2009-03-02 00:00:00+05:30,26.01449908066678,26.29124907088664,22.472098361278636,23.85584831237793,10898,0.0,0.0
2009-03-03 00:00:00+05:30,24.82447493754793,26.678701262828298,23.191651575252017,24.215625762939453,10839,0.0,0.0
2009-03-04 00:00:00+05:30,24.10492881392974,24.160280090518174,22.1953530560526,22.997928619384766,3793,0.0,0.0
2009-03-05 00:00:00+05:30,22.997923170536346,24.243298094335444,22.25069906083081,22.693498611450195,5570,0.0,0.0
2009-03-06 00:00:00+05:30,22.13999918712997,23.24699914648647,20.534848401489104,21.143699645996094,5188,0.0,0.0
2009-03-09 00:00:00+05:30,22.195346549355378,22.195346549355378,21.08834667933397,21.199047088623047,5131,0.0,0.0
2009-03-12 00:00:00+05:30,22.44442103525847,23.579095433883214,21.97394695408845,23.46839714050293,1870,0.0,0.0
2009-03-13 00:00:00+05:30,23.579102261056466,24.796802843728187,22.74885215170328,23.966552734375,1382,0.0,0.0
2009-03-16 00:00:00+05:30,24.85215200912187,24.879826588131685,23.274675668341885,24.381675720214844,2947,0.0,0.0
2009-03-17 00:00:00+05:30,24.243298621591073,25.599373990396337,24.21562404496951,24.326324462890625,7915,0.0,0.0
2009-03-18 00:00:00+05:30,25.43333039718244,25.87613006150944,24.492379790840484,24.796804428100586,4863,0.0,0.0
2009-03-19 00:00:00+05:30,25.433325680622374,25.95915110825036,24.40934940336052,25.350299835205078,2961,0.0,0.0
2009-03-20 00:00:00+05:30,25.87612351127293,25.87612351127293,25.46099853515625,25.46099853515625,100,0.0,0.0
2009-03-23 00:00:00+05:30,25.903801508304685,26.817077420944457,25.737751918216116,26.180551528930664,1011,0.0,0.0
2009-03-24 00:00:00+05:30,26.318925973904346,27.12150143876712,25.848451793520162,25.959152221679688,1695,0.0,0.0
2009-03-25 00:00:00+05:30,26.84475142408582,27.03847558978871,25.654725516382225,25.959152221679688,952,0.0,0.0
2009-03-26 00:00:00+05:30,27.121500883900918,27.121500883900918,25.62705041290917,27.038475036621094,7920,0.0,0.0
2009-03-27 00:00:00+05:30,26.12520025809866,27.39824982781097,26.09752568055957,27.010799407958984,761,0.0,0.0
2009-03-30 00:00:00+05:30,26.208225797479802,26.568001664595222,26.208225797479802,26.484975814819336,70,0.0,0.0
2009-03-31 00:00:00+05:30,26.374274738804463,26.623348039213848,25.73774892091751,26.5679988861084,1341,0.0,0.0
2009-04-01 00:00:00+05:30,26.125204624801327,26.568004273743327,26.125204624801327,26.346603393554688,398,0.0,0.0
2009-04-02 00:00:00+05:30,26.09752485381839,28.809673483994544,26.09752485381839,28.034774780273438,4064,0.0,0.0
2009-04-06 00:00:00+05:30,28.311525803613296,29.280150802211907,28.28384911450539,29.003400802612305,2191,0.0,0.0
2009-04-08 00:00:00+05:30,28.782000449059918,31.272750487920874,28.782000449059918,31.051349639892578,3705,0.0,0.0
2009-04-09 00:00:00+05:30,32.075333005396644,33.07163281865049,30.996007327940212,31.77090835571289,5053,0.0,0.0
2009-04-13 00:00:00+05:30,32.98860121151463,32.98860121151463,30.99600193189538,31.826251983642578,6628,0.0,0.0
2009-04-15 00:00:00+05:30,32.103003299169096,37.08450381110913,32.103003299169096,35.89447784423828,15100,0.0,0.0
2009-04-16 00:00:00+05:30,35.9774938894386,38.19149351340405,31.162044285026823,31.466468811035156,7649,0.0,0.0
2009-04-17 00:00:00+05:30,32.60114775862559,32.93324688261589,31.023671641084828,31.272747039794922,11088,0.0,0.0
2009-04-20 00:00:00+05:30,32.43510382010815,32.60115553313696,30.608553979708308,30.636228561401367,3510,0.0,0.0
2009-04-21 00:00:00+05:30,30.719248875780398,31.82624883526798,29.888998906164712,31.68787384033203,1613,0.0,0.0
2009-04-22 00:00:00+05:30,31.577171935363566,31.68787234838724,30.165747475757286,30.497846603393555,3393,0.0,0.0
2009-04-23 00:00:00+05:30,29.94435082599042,30.442501698355716,29.363176215854278,29.778301239013672,3074,0.0,0.0
2009-04-24 00:00:00+05:30,29.889005120094794,31.217406192228683,29.889005120094794,30.66390609741211,3405,0.0,0.0
2009-04-27 00:00:00+05:30,31.52182534023326,32.65649991499263,30.470174498396812,30.774599075317383,1299,0.0,0.0
2009-04-28 00:00:00+05:30,31.992303805263774,31.992303805263774,30.442504022755966,30.470178604125977,1684,0.0,0.0
2009-04-29 00:00:00+05:30,30.49785027722556,30.49785027722556,29.058751068865284,29.556901931762695,1461,0.0,0.0
2009-05-04 00:00:00+05:30,31.521822371331762,31.521822371331762,30.165747080297496,30.387147903442383,689,0.0,0.0
2009-05-05 00:00:00+05:30,30.94065766905398,31.549506958771907,30.94065766905398,31.494157791137695,1420,0.0,0.0
2009-05-06 00:00:00+05:30,31.881597982628094,31.881597982628094,30.636223028440515,30.746923446655273,1330,0.0,0.0
2009-05-07 00:00:00+05:30,32.07532199214923,35.396321637001236,30.995996685285384,32.40742111206055,9008,0.0,0.0
2009-05-08 00:00:00+05:30,32.51812550735135,32.51812550735135,30.996000483602987,31.051349639892578,372,0.0,0.0
2009-05-11 00:00:00+05:30,31.549508966143932,32.18603499161403,30.719258730192777,30.912982940673828,831,0.0,0.0
2009-05-12 00:00:00+05:30,30.442501853214356,31.798577358053645,30.442501853214356,31.300426483154297,295,0.0,0.0
2009-05-13 00:00:00+05:30,31.549498561681283,32.24137353013921,31.13437358060653,32.04764938354492,570,0.0,0.0
2009-05-14 00:00:00+05:30,30.829955536685144,31.99230488493394,30.829955536685144,31.54950523376465,250,0.0,0.0
2009-05-15 00:00:00+05:30,33.21000644521271,33.21000644521271,29.916680383775386,30.525531768798828,1761,0.0,0.0
2009-05-19 00:00:00+05:30,32.62883582781039,34.31701094389216,31.21741079998582,32.73953628540039,4394,0.0,0.0
2009-05-20 00:00:00+05:30,32.684167583628934,35.78376818720645,32.684167583628934,34.2893180847168,19012,0.0,0.0
2009-05-21 00:00:00+05:30,35.39632511710819,39.851999656405425,34.676775545598964,34.95352554321289,51042,0.0,0.0
2009-05-22 00:00:00+05:30,38.689648851369775,38.689648851369775,34.59374821780744,36.060523986816406,52599,0.0,0.0
2009-05-25 00:00:00+05:30,38.38522214326412,43.256023577083575,37.36124804151505,42.42577362060547,175638,0.0,0.0
2009-05-26 00:00:00+05:30,45.38700269386804,50.89432633159788,42.75787753782081,44.86117935180664,315779,0.0,0.0
2009-05-27 00:00:00+05:30,46.71540763006078,49.26150715531179,44.612105635404895,45.80213165283203,85624,0.0,0.0
2009-05-28 00:00:00+05:30,45.995842154485004,46.493992923236384,43.83719163847518,44.33534240722656,27188,0.0,0.0
2009-05-29 00:00:00+05:30,43.44975040154453,45.38700041944779,43.25602624432818,43.75417709350586,27489,0.0,0.0
2009-06-01 00:00:00+05:30,44.25232971124234,45.94050664455803,42.42578198078341,43.228355407714844,46878,0.0,0.0
2009-06-02 00:00:00+05:30,44.16930482025158,44.16930482025158,41.125054604448714,42.619503021240234,19990,0.0,0.0
2009-06-03 00:00:00+05:30,42.89624748430265,47.85007050463233,42.06599753299356,45.85747146606445,189311,0.0,0.0
2009-06-04 00:00:00+05:30,45.940498440444706,47.54564923052816,45.386998459234526,46.52167510986328,53609,0.0,0.0
2009-06-05 00:00:00+05:30,46.77075635994248,46.77075635994248,42.61950579545055,43.11765670776367,22942,0.0,0.0
2009-06-08 00:00:00+05:30,44.83350596686554,44.916531822489375,38.274530938509294,38.5512809753418,27155,0.0,0.0
2009-06-09 00:00:00+05:30,37.16752803326761,42.03832578637358,37.16752803326761,40.8759765625,17918,0.0,0.0
2009-06-10 00:00:00+05:30,41.761576132833966,42.61950287995515,39.85200269294508,41.09737777709961,27300,0.0,0.0
2009-06-11 00:00:00+05:30,40.95899703101231,41.51249699089085,38.80034634291207,40.101070404052734,9122,0.0,0.0
2009-06-12 00:00:00+05:30,40.43316717214359,41.34643857888536,38.19149101063281,38.523590087890625,7891,0.0,0.0
2009-06-15 00:00:00+05:30,39.879676419207,39.879676419207,36.586348907777236,37.19519805908203,17291,0.0,0.0
2009-06-16 00:00:00+05:30,37.63800533917224,38.4682554569481,35.47935418838092,36.08820343017578,27160,0.0,0.0
2009-06-17 00:00:00+05:30,35.72843026972073,37.08450371647351,33.8188525446279,34.372352600097656,26421,0.0,0.0
2009-06-18 00:00:00+05:30,34.45537123266833,35.1472461570191,30.60854623099111,31.521821975708008,27295,0.0,0.0
2009-06-19 00:00:00+05:30,31.604843787532996,33.48674431247746,30.442494829524964,31.466468811035156,19135,0.0,0.0
2009-06-22 00:00:00+05:30,31.27274989279902,33.62512488473523,31.27274989279902,31.71554946899414,18301,0.0,0.0
2009-06-23 00:00:00+05:30,28.5052489514046,31.07902470129954,28.5052489514046,30.746923446655273,15522,0.0,0.0
2009-06-24 00:00:00+05:30,31.936946930318467,32.102996489875714,31.134371595784632,31.521821975708008,15416,0.0,0.0
2009-06-25 00:00:00+05:30,33.21000599267154,36.724730782321814,32.10300579291582,35.81145477294922,116272,0.0,0.0
2009-06-26 00:00:00+05:30,36.752406411675416,40.128756078536824,34.42770563725244,38.88338088989258,221511,0.0,0.0
2009-06-29 00:00:00+05:30,38.77268049124314,45.33165528985005,37.665680382689395,44.11395263671875,272115,0.0,0.0
2009-06-30 00:00:00+05:30,44.7228007739981,45.6637490655958,39.492223347307984,40.26712417602539,112236,0.0,0.0
2009-07-01 00:00:00+05:30,41.40179957694545,43.89254944987445,40.267122945685486,41.12504959106445,102669,0.0,0.0
2009-07-02 00:00:00+05:30,41.512491570489246,41.92761648619413,38.46824218865336,39.18779373168945,31781,0.0,0.0
2009-07-03 00:00:00+05:30,39.63059152310885,41.40179371572113,38.385216762951224,39.298492431640625,30137,0.0,0.0
2009-07-06 00:00:00+05:30,39.8243165964667,40.12874323428827,35.42399402750965,35.83911895751953,33041,0.0,0.0
2009-07-07 00:00:00+05:30,35.97749417827193,37.08449399914184,33.92954408737569,35.47934341430664,25330,0.0,0.0
2009-07-08 00:00:00+05:30,34.89818650333088,34.89818650333088,32.15836014477397,32.54581069946289,42816,0.0,0.0
2009-07-09 00:00:00+05:30,32.130673048744384,34.316998366993,32.130673048744384,33.34837341308594,16486,0.0,0.0
2009-07-10 00:00:00+05:30,33.20999780580976,34.01257317507046,31.549497915519275,32.130672454833984,28457,0.0,0.0
2009-07-13 00:00:00+05:30,31.13437414169312,32.65649909973145,30.027374172210695,30.4424991607666,11405,0.0,0.0
2009-07-14 00:00:00+05:30,31.549498268161052,32.10299823777791,31.023672874738068,31.411123275756836,9992,0.0,0.0
2009-07-15 00:00:00+05:30,31.660203913497973,35.06422802200308,31.660203913497973,34.593753814697266,41155,0.0,0.0
2009-07-16 00:00:00+05:30,35.47934739463302,35.92214906180531,34.45537329002547,34.70444869995117,28237,0.0,0.0
2009-07-17 00:00:00+05:30,34.9812001206873,35.866801379912815,34.59374970174082,34.95352554321289,9795,0.0,0.0
2009-07-20 00:00:00+05:30,35.673081447242865,36.724732531679614,35.23028387997059,36.22658157348633,16387,0.0,0.0
2009-07-21 00:00:00+05:30,36.254242100877796,38.68964241482353,36.254242100877796,37.55496597290039,46199,0.0,0.0
2009-07-22 00:00:00+05:30,38.19150649669558,38.994079944072105,35.42400602592054,35.70075607299805,20834,0.0,0.0
2009-07-23 00:00:00+05:30,36.143556414859255,36.281931432951566,34.870504559261846,35.50703048706055,17473,0.0,0.0
2009-07-24 00:00:00+05:30,36.254249496010104,36.254249496010104,35.1749240887274,35.673072814941406,9335,0.0,0.0
2009-07-27 00:00:00+05:30,37.66567593961326,37.66567593961326,35.977499284059476,36.6140251159668,22745,0.0,0.0
2009-07-28 00:00:00+05:30,36.55868395177278,37.47195575490438,35.97750714717021,36.25425720214844,15563,0.0,0.0
2009-07-29 00:00:00+05:30,36.00517932354914,37.30590357414563,34.67677838177968,35.92215347290039,17066,0.0,0.0
2009-07-30 00:00:00+05:30,34.92585709728373,36.475659138844144,34.92585709728373,35.8668098449707,4867,0.0,0.0
2009-07-31 00:00:00+05:30,37.0844998506961,37.0844998506961,35.783775700506844,36.00517654418945,8571,0.0,0.0
2009-08-03 00:00:00+05:30,36.80774924863356,39.851999186490474,36.03284841987785,38.49592590332031,89487,0.0,0.0
2009-08-04 00:00:00+05:30,38.717325854654604,39.07710172286654,36.53100240015691,36.752403259277344,22194,0.0,0.0
2009-08-05 00:00:00+05:30,37.33357827171429,37.33357827171429,36.22657812461681,36.918453216552734,9250,0.0,0.0
2009-08-06 00:00:00+05:30,36.55866925877555,37.3612424065085,34.925842056917844,35.28561782836914,13078,0.0,0.0
2009-08-07 00:00:00+05:30,35.36865616095935,35.36865616095935,33.32070543083778,33.79117965698242,14591,0.0,0.0
2009-08-10 00:00:00+05:30,34.59374794987863,34.870497933477665,32.711847216831316,33.18232345581055,10589,0.0,0.0
2009-08-11 00:00:00+05:30,32.93324700272429,34.62142142679548,32.93324700272429,33.15464782714844,9551,0.0,0.0
2009-08-12 00:00:00+05:30,33.7358290645536,33.7358290645536,32.684178106438814,33.07162857055664,3182,0.0,0.0
2009-08-13 00:00:00+05:30,33.48674656334932,35.36864721478913,33.34837157755036,34.233970642089844,15692,0.0,0.0
2009-08-14 00:00:00+05:30,34.233978966620654,35.86680672981786,33.818853908279564,34.621429443359375,17649,0.0,0.0
2009-08-17 00:00:00+05:30,34.317000518407575,35.39632595699932,33.210000501684746,33.459075927734375,19403,0.0,0.0
2009-08-18 00:00:00+05:30,32.49044796517906,34.09559657692785,32.49044796517906,33.84652328491211,7596,0.0,0.0
2009-08-19 00:00:00+05:30,33.76349984256505,34.815150682235306,32.49045027078811,33.54209899902344,27391,0.0,0.0
2009-08-20 00:00:00+05:30,33.56977369877712,34.316997806440206,33.56977369877712,33.95722198486328,9459,0.0,0.0
2009-08-21 00:00:00+05:30,34.37234885907571,36.25424968742438,33.79117428637345,34.95352554321289,26580,0.0,0.0
2009-08-24 00:00:00+05:30,35.42400667741403,37.30590787672578,35.42400667741403,36.143558502197266,75066,0.0,0.0
2009-08-25 00:00:00+05:30,36.807753394136405,36.86310255466631,35.20260240154738,35.78377914428711,30199,0.0,0.0
2009-08-26 00:00:00+05:30,35.97749618096137,38.38522008080567,35.97749618096137,36.47564697265625,72599,0.0,0.0
2009-08-27 00:00:00+05:30,36.25424677710814,41.73389713455793,36.25424677710814,39.04942321777344,613566,0.0,0.0
2009-08-28 00:00:00+05:30,39.713623910935404,39.713623910935404,36.53099899821236,36.86309814453125,134887,0.0,0.0
2009-08-31 00:00:00+05:30,37.5273039790812,39.464554097293096,36.531002229138466,38.63430404663086,146867,0.0,0.0
2009-09-01 00:00:00+05:30,39.021746952843316,43.172996628677716,37.527298758690755,37.859397888183594,362888,0.0,0.0
2009-09-02 00:00:00+05:30,37.83172260414501,38.634300104957426,36.032847677907455,36.281925201416016,111842,0.0,0.0
2009-09-03 00:00:00+05:30,36.00517483424184,37.776373053845724,35.70074816077728,36.060523986816406,57456,0.0,0.0
2009-09-04 00:00:00+05:30,36.53099665995492,37.056819922730725,35.1749213616545,35.75609588623047,103017,0.0,0.0
2009-09-07 00:00:00+05:30,35.94982492784191,42.840902771518145,35.94982492784191,42.066001892089844,882643,0.0,0.0
2009-09-08 00:00:00+05:30,44.169297581685896,45.497694079857624,42.53647019980647,43.892547607421875,1174469,0.0,0.0
2009-09-09 00:00:00+05:30,43.72649830021947,43.947899136186926,41.263425085114484,41.70622253417969,128195,0.0,0.0
2009-09-10 00:00:00+05:30,42.17669977300122,43.06230318199853,40.40550140074663,41.37412643432617,79196,0.0,0.0
2009-09-11 00:00:00+05:30,43.17299983583648,43.17299983583648,39.85199984846444,40.12874984741211,42035,0.0,0.0
2009-09-14 00:00:00+05:30,39.87967775168813,40.04572522239032,38.55127687172071,38.800350189208984,36406,0.0,0.0
2009-09-15 00:00:00+05:30,39.077101363868046,41.069700631905796,39.077101363868046,39.82432556152344,102805,0.0,0.0
2009-09-16 00:00:00+05:30,41.51249362578036,42.315066813397756,40.46084294268674,40.79294204711914,94345,0.0,0.0
2009-09-17 00:00:00+05:30,41.512504855665824,41.89995321183723,39.57525462906809,40.2117805480957,48397,0.0,0.0
2009-09-18 00:00:00+05:30,40.9590033280222,41.152727499188806,39.298503193102384,39.4368782043457,30518,0.0,0.0
2009-09-22 00:00:00+05:30,40.12874709119449,41.235747010951584,39.57524713131595,40.101070404052734,30471,0.0,0.0
2009-09-23 00:00:00+05:30,40.18410382263876,41.955306562078356,39.021754532210814,39.74130630493164,79824,0.0,0.0
2009-09-24 00:00:00+05:30,39.07709864368518,40.12874947448708,39.07709864368518,39.9073486328125,24941,0.0,0.0
2009-09-25 00:00:00+05:30,40.1010786645273,41.12505717952896,39.43688026500176,39.60293197631836,34197,0.0,0.0
2009-09-29 00:00:00+05:30,39.6582808294938,40.322479223833476,38.883379887517236,39.27082824707031,17572,0.0,0.0
2009-09-30 00:00:00+05:30,38.800352308052396,39.99037824931897,38.800352308052396,39.4368782043457,22750,0.0,0.0
2009-10-01 00:00:00+05:30,39.658276297553236,40.04572461283074,39.187802136753426,39.40919876098633,25889,0.0,0.0
2009-10-05 00:00:00+05:30,39.547575290938525,39.575251981472206,37.74870020087161,37.94242858886719,21762,0.0,0.0
2009-10-06 00:00:00+05:30,38.745002295580115,38.745002295580115,36.83542887158886,37.47195053100586,19409,0.0,0.0
2009-10-07 00:00:00+05:30,37.61031469490159,38.191491250910836,37.084491504507625,37.33356475830078,18183,0.0,0.0
2009-10-08 00:00:00+05:30,38.60663013002456,38.60663013002456,36.53100485421679,36.918453216552734,20155,0.0,0.0
2009-10-09 00:00:00+05:30,37.0845015843849,37.554975759911294,35.03655107460201,35.31330108642578,45814,0.0,0.0
2009-10-12 00:00:00+05:30,35.977505130613665,38.745005525276255,35.64540592782825,37.610328674316406,46642,0.0,0.0
2009-10-14 00:00:00+05:30,38.191496754266005,39.851996613147136,37.63799680130563,38.10847091674805,94532,0.0,0.0
2009-10-15 00:00:00+05:30,38.74500228158676,42.03832578637358,38.57895058266048,40.8759765625,265292,0.0,0.0
2009-10-16 00:00:00+05:30,41.2357495376733,42.61949952215898,40.18409870489022,40.488525390625,188827,0.0,0.0
2009-10-20 00:00:00+05:30,39.74129762630188,39.82431923951849,37.80404782435147,38.24684524536133,28410,0.0,0.0
2009-10-21 00:00:00+05:30,38.19150217480404,38.32987718268377,37.08450211176624,37.112178802490234,32258,0.0,0.0
2009-10-22 00:00:00+05:30,37.58265826287886,38.440580898499185,36.531007210723295,36.83543395996094,15833,0.0,0.0
2009-10-23 00:00:00+05:30,37.83171506751836,38.10846500103769,37.084491091589946,37.22286605834961,9918,0.0,0.0
2009-10-26 00:00:00+05:30,37.167534321822714,37.499633552994624,36.115883237385965,36.22658157348633,20295,0.0,0.0
2009-10-27 00:00:00+05:30,36.11586923851206,37.00146825266036,34.20629412085554,34.64909362792969,24118,0.0,0.0
2009-10-28 00:00:00+05:30,33.90187767463002,35.147252772881735,33.5144272217758,34.040252685546875,20465,0.0,0.0
2009-10-29 00:00:00+05:30,33.76349876437125,34.344673320815254,30.774598029180833,31.68787384033203,54923,0.0,0.0
2009-10-30 00:00:00+05:30,31.826249890901657,32.93324988710693,31.54949989185034,31.71554946899414,19729,0.0,0.0
2009-11-03 00:00:00+05:30,31.54950321261212,31.54950321261212,29.335502987165654,29.50155258178711,21982,0.0,0.0
2009-11-04 00:00:00+05:30,30.71924945777604,30.71924945777604,28.090124504182594,28.311525344848633,34987,0.0,0.0
2009-11-05 00:00:00+05:30,28.2284970853133,31.07902263556098,27.89639796417762,30.276447296142578,77871,0.0,0.0
2009-11-06 00:00:00+05:30,30.996001026671593,31.798576475542056,30.470175586967844,31.383451461791992,59224,0.0,0.0
2009-11-09 00:00:00+05:30,31.826249407483385,32.352074819980956,30.22109859279287,31.964624404907227,22314,0.0,0.0
2009-11-10 00:00:00+05:30,32.46278951224082,33.182339392902776,31.02368763948106,31.245088577270508,22680,0.0,0.0
2009-11-11 00:00:00+05:30,31.079023559824563,31.936948074467946,30.470172337722808,31.13437271118164,21057,0.0,0.0
2009-11-12 00:00:00+05:30,31.02366930852898,32.43509364652004,31.02366930852898,31.466468811035156,8432,0.0,0.0
2009-11-13 00:00:00+05:30,31.660195654972817,32.24137014517401,31.521820675808982,31.74321937561035,5931,0.0,0.0
2009-11-16 00:00:00+05:30,32.130669738341375,32.35207054956899,31.549495248162156,31.79857063293457,17850,0.0,0.0
2009-11-17 00:00:00+05:30,31.687869618005532,32.10299454749905,31.217395542486706,31.466468811035156,9256,0.0,0.0
2009-11-18 00:00:00+05:30,29.335505342663506,31.826255796285878,28.782005241858535,31.35578155517578,11780,0.0,0.0
2009-11-19 00:00:00+05:30,31.328103645933194,31.549504522242323,31.0513536062644,31.217405319213867,9970,0.0,0.0
2009-11-20 00:00:00+05:30,30.996013050116336,32.019987636661924,30.525538696608542,31.245088577270508,7002,0.0,0.0
2009-11-23 00:00:00+05:30,31.549499224685803,31.549499224685803,30.829949664655388,30.968324661254883,27881,0.0,0.0
2009-11-24 00:00:00+05:30,31.272748559934833,32.933248483471196,30.470173174605293,31.106698989868164,65149,0.0,0.0
2009-11-25 00:00:00+05:30,31.245079915824803,31.549504537318903,30.47017895980779,30.636228561401367,20534,0.0,0.0
2009-11-26 00:00:00+05:30,30.968325051270167,30.995999628651624,30.055049217637716,30.248775482177734,5120,0.0,0.0
2009-11-27 00:00:00+05:30,30.470175698494597,30.470175698494597,28.22850103832628,29.556901931762695,24528,0.0,0.0
2009-11-30 00:00:00+05:30,29.86132713637158,30.608551334689388,29.750626707730227,30.304126739501953,13712,0.0,0.0
2009-12-01 00:00:00+05:30,30.442504192369558,31.49415518177096,30.30412917331333,30.58087921142578,20018,0.0,0.0
2009-12-02 00:00:00+05:30,30.885304019509352,31.162054059310396,30.553204816322197,30.636228561401367,10173,0.0,0.0
2009-12-03 00:00:00+05:30,30.96833846075161,31.577187872518852,30.94066387138689,31.245088577270508,17470,0.0,0.0
2009-12-04 00:00:00+05:30,30.55319786562277,31.3834477961482,30.304122464178192,30.497846603393555,26078,0.0,0.0
2009-12-07 00:00:00+05:30,30.49785318549598,31.134379114182238,30.248779841730695,30.470178604125977,55815,0.0,0.0
2009-12-08 00:00:00+05:30,30.995999909871788,31.826249907457637,30.55320033344632,30.8299503326416,70579,0.0,0.0
2009-12-09 00:00:00+05:30,31.023683700667767,34.23398422241524,30.71925903343436,33.8188591003418,265338,0.0,0.0
2009-12-10 00:00:00+05:30,34.28932556199353,34.87050014207445,32.739525977966096,33.237674713134766,93063,0.0,0.0
2009-12-11 00:00:00+05:30,33.20999685360391,34.26164759854193,32.269046520464855,32.57347106933594,22864,0.0,0.0
2009-12-14 00:00:00+05:30,32.13067397952885,32.93324938687411,31.5494994126357,31.964624404907227,11625,0.0,0.0
2009-12-15 00:00:00+05:30,31.63252438794165,32.102998521703014,30.74692316186135,31.106698989868164,10131,0.0,0.0
2009-12-16 00:00:00+05:30,30.99599923828781,31.49415007061996,30.71924924508881,30.968324661254883,9676,0.0,0.0
2009-12-17 00:00:00+05:30,31.272754132467494,31.438803732122754,30.221103148925472,30.470178604125977,35170,0.0,0.0
2009-12-18 00:00:00+05:30,30.968322830885487,32.32439813969731,30.387148301804636,30.497846603393555,115013,0.0,0.0
2009-12-21 00:00:00+05:30,30.829950903299252,32.047651344584935,30.719250479285105,31.051349639892578,105543,0.0,0.0
2009-12-22 00:00:00+05:30,31.577172491403825,33.65279735426694,31.577172491403825,32.130672454833984,204860,0.0,0.0
2009-12-23 00:00:00+05:30,32.6011612412718,33.15466141778619,32.4904607836818,32.73953628540039,42499,0.0,0.0
2009-12-24 00:00:00+05:30,33.1546505070607,33.70815050142609,32.37974967037519,32.60115051269531,51217,0.0,0.0
2009-12-29 00:00:00+05:30,33.016281460920375,37.97010561445946,33.016281460920375,35.70075607299805,771461,0.0,0.0
2009-12-30 00:00:00+05:30,36.198897002033476,37.5272977055967,35.174920843868364,36.47564697265625,271063,0.0,0.0
2009-12-31 00:00:00+05:30,37.029153304085796,37.9977783684228,36.25425240804216,36.641700744628906,234086,0.0,0.0
2010-01-04 00:00:00+05:30,37.27821520047971,37.94241757464741,36.86309030020072,37.22286605834961,75453,0.0,0.0
2010-01-05 00:00:00+05:30,37.36124897544446,37.77637396406051,36.58634815212055,36.86309814453125,56797,0.0,0.0
2010-01-06 00:00:00+05:30,37.22287279330209,37.25054948080927,36.03284701927687,36.4202995300293,33806,0.0,0.0
2010-01-07 00:00:00+05:30,37.08450699041781,37.08450699041781,35.97750678174862,36.143558502197266,53977,0.0,0.0
2010-01-08 00:00:00+05:30,36.143551064539636,38.19149934000043,36.143551064539636,37.08449935913086,101284,0.0,0.0
2010-01-11 00:00:00+05:30,37.77636772478131,39.851992325044016,36.58634210939021,39.298492431640625,267677,0.0,0.0
2010-01-12 00:00:00+05:30,39.99038002666364,41.51250521798993,38.911056580144056,39.27082824707031,207580,0.0,0.0
2010-01-13 00:00:00+05:30,39.57524196386641,40.90364253869587,38.32986721675174,39.18779373168945,102263,0.0,0.0
2010-01-14 00:00:00+05:30,40.23944793006422,44.27999958097624,40.23944793006422,42.73019790649414,584470,0.0,0.0
2010-01-15 00:00:00+05:30,42.73019489947623,43.83719481109861,41.51249668583942,41.76156997680664,135667,0.0,0.0
2010-01-18 00:00:00+05:30,41.78925217293832,42.951601388803645,41.23575214415768,41.81692886352539,84383,0.0,0.0
2010-01-19 00:00:00+05:30,42.0659998400458,42.39809899420903,39.43687485004293,40.12874984741211,40246,0.0,0.0
2010-01-20 00:00:00+05:30,40.76527775544227,41.40180362985333,39.46455353904493,39.713626861572266,36636,0.0,0.0
2010-01-21 00:00:00+05:30,40.128748105605816,41.06969637203767,38.02544651575033,38.30219650268555,78730,0.0,0.0
2010-01-22 00:00:00+05:30,36.586353644859955,37.52730629404418,35.42400434680451,36.80775451660156,53672,0.0,0.0
2010-01-25 00:00:00+05:30,36.088205480013215,37.084507367083134,35.8668088143272,36.25425720214844,20301,0.0,0.0
2010-01-27 00:00:00+05:30,36.752398488860266,36.752398488860266,33.56977369285655,34.0125732421875,38566,0.0,0.0
2010-01-28 00:00:00+05:30,35.11958251451159,35.11958251451159,32.103006483042115,33.68048095703125,48327,0.0,0.0
2010-01-29 00:00:00+05:30,31.604853245744277,34.510728621824335,31.577178664449605,33.98490524291992,31144,0.0,0.0
2010-02-01 00:00:00+05:30,33.791172365466274,35.977497644618516,33.20999782580171,35.368648529052734,38105,0.0,0.0
2010-02-02 00:00:00+05:30,35.424000386815166,36.254250395881144,34.37234953075761,34.75979995727539,18758,0.0,0.0
2010-02-03 00:00:00+05:30,35.17492496180838,35.67307370038699,34.6490995337796,34.75979995727539,12119,0.0,0.0
2010-02-04 00:00:00+05:30,34.593751940014215,34.593751940014215,32.98860100542354,33.126976013183594,59401,0.0,0.0
2010-02-05 00:00:00+05:30,31.826247897234357,33.15464865404066,31.632523754607718,32.130672454833984,15460,0.0,0.0
2010-02-08 00:00:00+05:30,32.54579791997666,33.37604787768746,32.21369878146626,32.877899169921875,12798,0.0,0.0
2010-02-09 00:00:00+05:30,33.32069726540287,33.652796389365015,32.269046520464855,32.57347106933594,14080,0.0,0.0
2010-02-10 00:00:00+05:30,32.65649984772685,35.03654941434199,32.49045027078811,33.54209899902344,31368,0.0,0.0
2010-02-11 00:00:00+05:30,33.34837705461747,37.859403177119006,33.265351204928216,35.23027801513672,346927,0.0,0.0
2010-02-15 00:00:00+05:30,36.03284748096002,37.08449827666322,35.06422252597255,35.174922943115234,43942,0.0,0.0
2010-02-16 00:00:00+05:30,35.645394834755415,36.807743794209244,35.340968196933844,35.83911895751953,33999,0.0,0.0
2010-02-17 00:00:00+05:30,36.47564834468772,36.807747477353075,34.62142220490755,34.787471771240234,24775,0.0,0.0
2010-02-18 00:00:00+05:30,35.03654936642647,36.8077497780323,35.03654936642647,35.42399978637695,36686,0.0,0.0
2010-02-19 00:00:00+05:30,35.92215733815108,35.97750650358247,34.17863117840334,34.34468078613281,13847,0.0,0.0
2010-02-22 00:00:00+05:30,34.898180175191634,35.340979823927306,33.21000532670455,33.48675537109375,16079,0.0,0.0
2010-02-23 00:00:00+05:30,32.73952834096909,34.28932803685461,32.73952834096909,33.04395294189453,15814,0.0,0.0
2010-02-24 00:00:00+05:30,32.68418117812046,33.98490770765666,32.6565065948187,33.68048095703125,16338,0.0,0.0
2010-02-25 00:00:00+05:30,33.68047134322296,34.67677294918317,33.23767180248218,34.15094757080078,13233,0.0,0.0
2010-02-26 00:00:00+05:30,34.8705038652893,35.70075395732,34.1509542078164,35.11957931518555,34352,0.0,0.0
2010-03-02 00:00:00+05:30,35.14725662524673,36.50333019171822,35.036556182092745,36.143558502197266,32460,0.0,0.0
2010-03-03 00:00:00+05:30,36.392622842522115,37.27822194544683,35.97749786713213,36.4202995300293,41487,0.0,0.0
2010-03-04 00:00:00+05:30,36.752401856218995,37.49962603221308,36.06052683717447,36.447975158691406,32951,0.0,0.0
2010-03-05 00:00:00+05:30,36.53100240015691,37.638002472888935,36.14355406384876,36.752403259277344,50828,0.0,0.0
2010-03-08 00:00:00+05:30,37.58265331382636,37.58265331382636,36.58635155921948,36.752403259277344,12625,0.0,0.0
2010-03-09 00:00:00+05:30,36.17121830235033,36.614019919845965,35.17491888585433,35.47934341430664,20618,0.0,0.0
2010-03-10 00:00:00+05:30,35.67307660035703,36.11587833033685,34.75980278300269,35.78377914428711,20184,0.0,0.0
2010-03-11 00:00:00+05:30,35.97749550216058,36.25424546756181,35.14724560595687,35.2579460144043,7569,0.0,0.0
2010-03-12 00:00:00+05:30,35.31330034525913,35.977500781982734,34.64909990853553,34.92584991455078,11025,0.0,0.0
2010-03-15 00:00:00+05:30,34.89817909425539,35.42400458459501,33.79117895098679,33.98490524291992,8907,0.0,0.0
2010-03-16 00:00:00+05:30,36.19889767276785,36.19889767276785,34.233971155789945,34.981197357177734,4322,0.0,0.0
2010-03-17 00:00:00+05:30,34.98120427970891,35.42400390625,34.45537879943848,34.593753814697266,14382,0.0,0.0
2010-03-18 00:00:00+05:30,34.593749710721305,35.20259886105604,34.593749710721305,34.89817428588867,3587,0.0,0.0
2010-03-19 00:00:00+05:30,34.51071944726852,35.39632059331051,34.45537029939356,35.091896057128906,9446,0.0,0.0
2010-03-22 00:00:00+05:30,33.5144212617375,35.23027235882915,33.48674668676266,34.815147399902344,27851,0.0,0.0
2010-03-23 00:00:00+05:30,35.257950807288964,35.56237538832616,34.31700037472719,34.75979995727539,16909,0.0,0.0
2010-03-25 00:00:00+05:30,34.87049932593843,35.091900166232634,34.344673913815875,34.73212432861328,17370,0.0,0.0
2010-03-26 00:00:00+05:30,34.75980237101365,35.0365523932533,34.40002860896316,34.51072692871094,14440,0.0,0.0
2010-03-29 00:00:00+05:30,34.59374698591821,34.87049696180556,33.34837209442515,33.6251220703125,41292,0.0,0.0
2010-03-30 00:00:00+05:30,34.31700275771722,35.42400284667584,34.31700275771722,34.51072692871094,35983,0.0,0.0
2010-03-31 00:00:00+05:30,34.92585237602756,36.9738050985964,34.92585237602756,35.78377914428711,62004,0.0,0.0
2010-04-01 00:00:00+05:30,35.86680381419935,38.745002295580115,35.75610127391848,37.47195053100586,72113,0.0,0.0
2010-04-05 00:00:00+05:30,37.776380027636705,40.128755340712985,37.69335417201287,38.5512809753418,77764,0.0,0.0
2010-04-06 00:00:00+05:30,38.717319213470525,38.7449958996895,37.63799601684123,37.776371002197266,19848,0.0,0.0
2010-04-07 00:00:00+05:30,38.1914916787873,38.1914916787873,36.724716153796315,37.55496597290039,48884,0.0,0.0
2010-04-08 00:00:00+05:30,37.139854784060674,39.852006039667714,37.139854784060674,37.831729888916016,59661,0.0,0.0
2010-04-09 00:00:00+05:30,38.578947145805515,39.57524880486613,37.637998863369184,38.2745246887207,114609,0.0,0.0
2010-04-12 00:00:00+05:30,38.68964915284263,41.512498184837646,37.97009749515756,40.654571533203125,163603,0.0,0.0
2010-04-13 00:00:00+05:30,41.2634265322455,41.512499842150454,39.87967653750715,40.12874984741211,56482,0.0,0.0
2010-04-15 00:00:00+05:30,40.23945899804902,40.87598501167792,39.07710953391462,39.32618713378906,31013,0.0,0.0
2010-04-16 00:00:00+05:30,39.0217506713758,39.24315151975902,38.302198969847844,38.578948974609375,14037,0.0,0.0
2010-04-19 00:00:00+05:30,36.697051422724726,38.41290056569357,36.697051422724726,37.30590057373047,17954,0.0,0.0
2010-04-20 00:00:00+05:30,38.219178239042975,39.29850159366462,37.638001526326676,37.72102737426758,33000,0.0,0.0
2010-04-21 00:00:00+05:30,38.60663086094269,40.68225617604713,38.1915057979218,40.4055061340332,139292,0.0,0.0
2010-04-22 00:00:00+05:30,40.51620060062475,41.20807563972606,39.602928927307104,39.82432556152344,82831,0.0,0.0
2010-04-23 00:00:00+05:30,39.852002608019205,41.09737768951981,39.74130428992277,40.04572677612305,93552,0.0,0.0
2010-04-26 00:00:00+05:30,40.571558554209226,41.48483033044687,40.46085600175547,40.737606048583984,70496,0.0,0.0
2010-04-27 00:00:00+05:30,40.65457640738701,42.757878256737044,40.46085223720561,41.31877899169922,128755,0.0,0.0
2010-04-28 00:00:00+05:30,41.01434850997616,43.339051007113845,39.87967606155462,41.208072662353516,213911,0.0,0.0
2010-04-29 00:00:00+05:30,42.370426022357265,42.45344764275484,40.46084851868669,41.208072662353516,37763,0.0,0.0
2010-04-30 00:00:00+05:30,40.2947920095617,40.35014115169179,37.05681440909047,37.22286605834961,221974,0.0,0.0
2010-05-03 00:00:00+05:30,37.112177710696145,37.25055271450505,36.36494931183207,36.447975158691406,32595,0.0,0.0
2010-05-04 00:00:00+05:30,37.16753111700668,38.13615625441185,35.78378092071358,36.08820343017578,41640,0.0,0.0
2010-05-05 00:00:00+05:30,34.48304642491293,36.22656999864084,34.4276972745475,35.75609588623047,36214,0.0,0.0
2010-05-06 00:00:00+05:30,35.83912011061418,36.25424505398037,34.51071944726852,35.091896057128906,33101,0.0,0.0
2010-05-07 00:00:00+05:30,34.870499827773024,34.870499827773024,33.26534899112696,33.597450256347656,40654,0.0,0.0
2010-05-10 00:00:00+05:30,33.98490356185403,34.92585194794009,33.7358281196521,34.566078186035156,23211,0.0,0.0
2010-05-11 00:00:00+05:30,34.59374259728602,34.870492538064305,34.178617686118585,34.2893180847168,15586,0.0,0.0
2010-05-12 00:00:00+05:30,34.59374174779775,34.64909089002045,33.48674201186822,33.9018669128418,16078,0.0,0.0
2010-05-13 00:00:00+05:30,34.59374152610979,34.87049145831866,34.06791623262603,34.20629119873047,15123,0.0,0.0
2010-05-14 00:00:00+05:30,34.48305545081193,34.87050593908887,33.59745614455205,33.70815658569336,23280,0.0,0.0
2010-05-17 00:00:00+05:30,33.2376733728631,34.2062983377509,33.20999879615328,33.56977462768555,7836,0.0,0.0
2010-05-18 00:00:00+05:30,33.48675119426686,33.90187620907182,32.79487616959192,33.265350341796875,27493,0.0,0.0
2010-05-19 00:00:00+05:30,32.82255236260253,33.18232823770235,32.10300272383801,32.21370315551758,21028,0.0,0.0
2010-05-20 00:00:00+05:30,32.51812640545734,32.79487641741868,30.8576263336893,31.0236759185791,23087,0.0,0.0
2010-05-21 00:00:00+05:30,31.27275642315552,31.27275642315552,29.944355305739368,30.69158172607422,48849,0.0,0.0
2010-05-24 00:00:00+05:30,30.47018323712032,31.63253483431326,30.44250865154239,30.912982940673828,13715,0.0,0.0
2010-05-25 00:00:00+05:30,30.719251129943302,30.99600114012297,28.837350216147545,29.556901931762695,17616,0.0,0.0
2010-05-26 00:00:00+05:30,29.72295274760269,30.44250238160823,28.782002251702323,29.69527816772461,9218,0.0,0.0
2010-05-27 00:00:00+05:30,29.363170329252675,30.414821021666775,28.948045389315734,30.082719802856445,13169,0.0,0.0
2010-05-28 00:00:00+05:30,30.44250385190545,30.58087886941411,29.889003781870805,30.359477996826172,14522,0.0,0.0
2010-05-31 00:00:00+05:30,30.44249992075584,30.995999919315036,30.44249992075584,30.774599075317383,10093,0.0,0.0
2010-06-01 00:00:00+05:30,30.968328110805384,31.57717731908871,30.71925266689489,30.802278518676758,10488,0.0,0.0
2010-06-02 00:00:00+05:30,30.691572451690547,30.99599699993871,29.058747187442542,30.387147903442383,35370,0.0,0.0
2010-06-03 00:00:00+05:30,30.553201078685962,31.57717525611085,30.553201078685962,31.162050247192383,12699,0.0,0.0
2010-06-04 00:00:00+05:30,30.580874248489312,31.549499224685803,30.580874248489312,30.968324661254883,6130,0.0,0.0
2010-06-07 00:00:00+05:30,29.916678530984957,30.968329514526975,29.335503876473933,30.470178604125977,6041,0.0,0.0
2010-06-08 00:00:00+05:30,30.497846603393555,31.272747383124525,30.442497452599095,30.497846603393555,6919,0.0,0.0
2010-06-09 00:00:00+05:30,30.442499160766605,30.691574576187126,30.387150006866435,30.4424991607666,2116,0.0,0.0
2010-06-10 00:00:00+05:30,30.746922004838137,30.857622417861812,30.414822877201868,30.497846603393555,12232,0.0,0.0
2010-06-11 00:00:00+05:30,30.691573840432188,32.407422907422735,30.691573840432188,31.936948776245117,28539,0.0,0.0
2010-06-14 00:00:00+05:30,32.103002738046634,32.62882820518097,31.549502690838935,32.15835189819336,4447,0.0,0.0
2010-06-15 00:00:00+05:30,31.189722443336162,32.24137323018213,30.99599829854419,31.411123275756836,9617,0.0,0.0
2010-06-16 00:00:00+05:30,31.826254561911114,31.909280418385848,30.996004442904738,31.217405319213867,8511,0.0,0.0
2010-06-17 00:00:00+05:30,31.411118568495695,33.099292800550856,31.328092740921463,32.32439422607422,17880,0.0,0.0
2010-06-18 00:00:00+05:30,32.65650281858004,33.76350291412513,32.10300277080749,32.68417739868164,30345,0.0,0.0
2010-06-21 00:00:00+05:30,32.96092847898758,33.597454398901135,32.6565038652427,33.29302978515625,11202,0.0,0.0
2010-06-22 00:00:00+05:30,32.85022735595703,33.210003235583244,32.68417776206614,32.85022735595703,2277,0.0,0.0
2010-06-23 00:00:00+05:30,32.79488160262596,34.56608238151056,32.68418115805155,33.73583221435547,28694,0.0,0.0
2010-06-24 00:00:00+05:30,34.31700122387678,34.40002707141178,33.12697533686189,33.265350341796875,15071,0.0,0.0
2010-06-25 00:00:00+05:30,33.01627427346317,34.067922956558505,33.01627427346317,33.34837341308594,14234,0.0,0.0
2010-06-28 00:00:00+05:30,33.265347403000476,34.7597977465595,33.071623257779876,34.17862319946289,27964,0.0,0.0
2010-06-29 00:00:00+05:30,34.31928311344231,34.76937164306885,33.67227937659757,33.841064453125,16843,1.0,0.0
2010-06-30 00:00:00+05:30,33.41909747250313,34.3192743005999,33.41909747250313,33.98170852661133,3520,0.0,0.0
2010-07-01 00:00:00+05:30,33.559755033259584,34.23488667774404,33.5316227595801,33.67227554321289,13167,0.0,0.0
2010-07-02 00:00:00+05:30,33.587890625,34.29115465757457,33.4191076864204,33.587890625,11486,0.0,0.0
2010-07-05 00:00:00+05:30,32.94087897385286,35.33197611242053,32.94087897385286,34.600582122802734,30599,0.0,0.0
2010-07-06 00:00:00+05:30,34.403674487005866,36.429073874853216,34.403674487005866,35.78207015991211,74120,0.0,0.0
2010-07-07 00:00:00+05:30,35.52888970782348,36.28841378911939,34.88188612287445,35.219451904296875,26442,0.0,0.0
2010-07-08 00:00:00+05:30,36.09149268335553,37.21671456410002,35.55701186076382,35.86644744873047,105988,0.0,0.0
2010-07-09 00:00:00+05:30,35.950847481342436,36.40093375252205,34.88188561217054,35.331974029541016,13037,0.0,0.0
2010-07-12 00:00:00+05:30,35.444506498193554,36.23216305662999,35.19133102253959,35.58515930175781,9006,0.0,0.0
2010-07-13 00:00:00+05:30,35.95085303955829,36.0633735516541,35.30384936405139,35.613285064697266,10991,0.0,0.0
2010-07-14 00:00:00+05:30,36.17589781637391,36.90728971884883,35.50076187672515,35.725807189941406,41683,0.0,0.0
2010-07-15 00:00:00+05:30,36.00711171505684,36.85102839587848,35.44450059450907,36.03524398803711,27373,0.0,0.0
2010-07-16 00:00:00+05:30,36.11963109936187,36.569721698760986,35.782065296003566,36.007110595703125,19467,0.0,0.0
2010-07-19 00:00:00+05:30,36.007111102949466,36.147763880695365,35.444499991965884,35.528892517089844,7603,0.0,0.0
2010-07-20 00:00:00+05:30,36.00710884341118,36.1196293415941,34.9662792118827,35.27571487426758,6077,0.0,0.0
2010-07-21 00:00:00+05:30,34.459933683851396,36.26028768589144,34.459933683851396,34.93815231323242,4591,0.0,0.0
2010-07-22 00:00:00+05:30,35.16320203417735,35.21946229895543,34.88189641790393,34.91002655029297,3435,0.0,0.0
2010-07-23 00:00:00+05:30,35.331974498317976,35.444497140701245,34.45992777568176,34.853755950927734,8617,0.0,0.0
2010-07-26 00:00:00+05:30,32.94087559950499,36.232151434924795,32.94087559950499,33.50348663330078,18462,0.0,0.0
2010-07-27 00:00:00+05:30,34.20676159558358,34.20676159558358,32.9971487656444,33.165931701660156,12425,0.0,0.0
2010-07-28 00:00:00+05:30,33.72854295771962,33.72854295771962,32.265752502797866,32.63145065307617,44156,0.0,0.0
2010-07-29 00:00:00+05:30,32.715836621326034,32.85648939760656,32.23761589425763,32.49079132080078,4620,0.0,0.0
2010-07-30 00:00:00+05:30,32.603317785435756,32.687708173362566,32.32201219996382,32.406402587890625,17669,0.0,0.0
2010-08-02 00:00:00+05:30,32.35014019094312,33.475362458454185,32.237617534953785,32.772098541259766,14331,0.0,0.0
2010-08-03 00:00:00+05:30,32.912746829544155,33.1940523580018,32.09696036777882,32.265743255615234,16523,0.0,0.0
2010-08-04 00:00:00+05:30,32.91275512685952,33.756671924984126,32.15323086702394,33.222190856933594,28661,0.0,0.0
2010-08-05 00:00:00+05:30,32.7158399230543,33.47536413314495,32.49079459981716,33.05340576171875,14107,0.0,0.0
2010-08-06 00:00:00+05:30,33.67227160692192,33.72853400151265,32.518919345198256,32.85648727416992,6639,0.0,0.0
2010-08-09 00:00:00+05:30,32.631445715026395,33.616015197807364,32.09696470942136,32.23761749267578,12167,0.0,0.0
2010-08-10 00:00:00+05:30,32.23762018439876,35.97898538983316,32.23762018439876,34.347412109375,157575,0.0,0.0
2010-08-11 00:00:00+05:30,34.79749611348741,34.910018764138606,33.16592519071384,33.47536087036133,21612,0.0,0.0
2010-08-12 00:00:00+05:30,32.91274766921997,34.34740547171702,32.54704961441894,33.75666427612305,19463,0.0,0.0
2010-08-13 00:00:00+05:30,34.206755441240716,34.910019336604186,32.912750303010164,33.44723129272461,20092,0.0,0.0
2010-08-16 00:00:00+05:30,33.86919400974064,35.725810504350505,33.222190283862474,34.31928253173828,31166,0.0,0.0
2010-08-17 00:00:00+05:30,34.31928763771121,34.71311595787411,33.19406509221248,33.27845764160156,8138,0.0,0.0
2010-08-18 00:00:00+05:30,33.700404479309434,33.75666472871424,32.940878235198795,33.194053649902344,6040,0.0,0.0
2010-08-19 00:00:00+05:30,33.75666597102692,34.938148421536454,33.278447394913776,34.12236404418945,21139,0.0,0.0
2010-08-20 00:00:00+05:30,34.48806211752129,34.544324518689095,33.334709720970665,33.67227554321289,1612,0.0,0.0
2010-08-23 00:00:00+05:30,33.33470865550388,34.291147982874705,33.33470865550388,33.81292724609375,5290,0.0,0.0
2010-08-24 00:00:00+05:30,33.756675237341774,34.17863367780855,33.250324250305,33.334716796875,9350,0.0,0.0
2010-08-25 00:00:00+05:30,33.19405800727567,33.64414650016998,32.63144685460998,32.71583938598633,9913,0.0,0.0
2010-08-26 00:00:00+05:30,32.969007770969576,33.194053056950686,32.63144198818881,32.85648727416992,6454,0.0,0.0
2010-08-27 00:00:00+05:30,33.08153255194077,33.194055202203394,32.23761589425763,32.49079132080078,10351,0.0,0.0
2010-08-30 00:00:00+05:30,32.68770490129985,33.39096879458247,32.15322605935792,32.46266174316406,5474,0.0,0.0
2010-08-31 00:00:00+05:30,32.54705397472109,32.54705397472109,31.14052610811791,31.393701553344727,6107,0.0,0.0
2010-09-01 00:00:00+05:30,32.9127456837488,32.9127456837488,31.11238993505772,32.04069900512695,3070,0.0,0.0
2010-09-02 00:00:00+05:30,31.562483788721075,35.33197881931802,31.562483788721075,33.67227554321289,151652,0.0,0.0
2010-09-03 00:00:00+05:30,33.89731913106212,34.20675481007427,32.77209691924263,32.940879821777344,23920,0.0,0.0
2010-09-06 00:00:00+05:30,37.27298591434873,37.27298591434873,31.281176754169458,31.675004959106445,68450,0.0,0.0
2010-09-07 00:00:00+05:30,33.05340408885658,33.05340408885658,32.18135726128242,32.687705993652344,21209,0.0,0.0
2010-09-08 00:00:00+05:30,33.05339823550231,34.00983742219329,32.43452695680325,33.50348663330078,22097,0.0,0.0
2010-09-09 00:00:00+05:30,33.19406565444409,33.644154251028716,32.96902028305592,33.08154296875,16732,0.0,0.0
2010-09-13 00:00:00+05:30,33.194055248674935,33.75666635458468,32.82835717135718,32.940879821777344,10157,0.0,0.0
2010-09-14 00:00:00+05:30,33.39097493911084,33.4753674803109,32.096969566589216,32.63145065307617,10699,0.0,0.0
2010-09-15 00:00:00+05:30,28.974471934567994,33.58788342911606,28.974471934567994,32.5751838684082,17249,0.0,0.0
2010-09-16 00:00:00+05:30,33.02527954461402,33.02527954461402,31.843794676962336,32.06884002685547,9535,0.0,0.0
2010-09-17 00:00:00+05:30,32.96901208089683,32.96901208089683,32.0688351116771,32.12509536743164,9283,0.0,0.0
2010-09-20 00:00:00+05:30,32.88462613048489,32.91275626215442,32.46266771686752,32.63145065307617,4634,0.0,0.0
2010-09-21 00:00:00+05:30,33.70041334053092,36.569729738456275,32.490798344551536,32.969017028808594,14587,0.0,0.0
2010-09-22 00:00:00+05:30,31.900047925372522,33.165922826012775,31.646872516006294,32.32200622558594,10594,0.0,0.0
2010-09-23 00:00:00+05:30,31.675006900311093,33.1377971588398,31.281178671238315,32.20948791503906,9931,0.0,0.0
2010-09-24 00:00:00+05:30,31.956311402028764,32.60331505286361,31.956311402028764,32.35013961791992,4872,0.0,0.0
2010-09-27 00:00:00+05:30,33.47536132025282,33.47536132025282,32.35013909100062,32.46266174316406,7050,0.0,0.0
2010-09-28 00:00:00+05:30,32.125095934463545,32.60331670158281,32.040705549342185,32.181358337402344,3643,0.0,0.0
2010-09-29 00:00:00+05:30,32.490792334437714,32.490792334437714,31.253047435316148,31.449962615966797,10344,0.0,0.0
2010-09-30 00:00:00+05:30,31.95631099244671,31.95631099244671,30.46539282122712,30.7466983795166,23145,0.0,0.0
2010-10-01 00:00:00+05:30,30.802957587020938,31.64687423324069,30.802957587020938,31.2530460357666,9291,0.0,0.0
2010-10-04 00:00:00+05:30,31.562483383352625,33.19405651101454,30.999872256047293,31.534353256225586,23475,0.0,0.0
2010-10-05 00:00:00+05:30,32.04070389775335,32.3501395862971,31.506222901437177,31.90005111694336,23881,0.0,0.0
2010-10-06 00:00:00+05:30,31.871921776191808,32.54705342378006,31.224918110030035,31.506223678588867,10910,0.0,0.0
2010-10-07 00:00:00+05:30,32.04070608422343,32.91275295551594,31.562485309120834,32.518924713134766,51352,0.0,0.0
2010-10-08 00:00:00+05:30,32.54705203843575,32.65957469030806,31.562482590387415,31.843788146972656,11891,0.0,0.0
2010-10-11 00:00:00+05:30,32.06883481570652,32.06883481570652,31.112395453368272,31.506223678588867,9744,0.0,0.0
2010-10-12 00:00:00+05:30,31.984446893719625,32.91275626215442,31.253052739354487,32.63145065307617,11394,0.0,0.0
2010-10-13 00:00:00+05:30,33.19405574044998,33.19405574044998,32.06883351196015,32.37826919555664,4174,0.0,0.0
2010-10-14 00:00:00+05:30,32.94088700185622,32.94088700185622,31.843794676962336,32.06884002685547,7897,0.0,0.0
2010-10-15 00:00:00+05:30,32.57518456233407,32.57518456233407,31.47809245395039,31.562482833862305,10287,0.0,0.0
2010-10-18 00:00:00+05:30,31.984441171995176,31.984441171995176,31.393699927847376,31.562482833862305,2793,0.0,0.0
2010-10-19 00:00:00+05:30,31.506222827999828,32.01257369621198,31.224917267035543,31.281177520751953,6346,0.0,0.0
2010-10-20 00:00:00+05:30,31.22491425396858,32.012570607139644,31.028001238771267,31.05613136291504,1278,0.0,0.0
2010-10-21 00:00:00+05:30,31.506217990342805,32.3782646661945,31.11238983622536,31.59061050415039,12259,0.0,0.0
2010-10-22 00:00:00+05:30,32.06884258325159,32.37827835437796,31.393708625944797,31.421838760375977,3604,0.0,0.0
2010-10-25 00:00:00+05:30,31.928180918720564,32.01257344482357,31.534352707225,31.562482833862305,2822,0.0,0.0
2010-10-26 00:00:00+05:30,31.956309932609457,31.984440058267246,31.309308457716238,31.337438583374023,5558,0.0,0.0
2010-10-27 00:00:00+05:30,31.956317658729077,32.09697046721485,31.309316027409448,31.87192726135254,13172,0.0,0.0
2010-10-28 00:00:00+05:30,31.5906203177751,32.01257872551284,30.971746698711552,31.14052963256836,6571,0.0,0.0
2010-10-29 00:00:00+05:30,30.66230360219645,31.449959966050343,30.380998064561616,30.409128189086914,8666,0.0,0.0
2010-11-01 00:00:00+05:30,30.887345723695983,32.912744528512796,30.52164770379178,30.915475845336914,4487,0.0,0.0
2010-11-02 00:00:00+05:30,31.224920538149828,31.309313073756496,30.718569616892484,30.859222412109375,3781,0.0,0.0
2010-11-03 00:00:00+05:30,30.746701356646188,31.59061811322907,30.43726349561276,30.971744537353516,34055,0.0,0.0
2010-11-04 00:00:00+05:30,31.19678207287272,31.19678207287272,30.380995649346556,30.521648406982422,5043,0.0,0.0
2010-11-08 00:00:00+05:30,30.915484817910933,31.028007483322714,30.409133896653593,30.859222412109375,4250,0.0,0.0
2010-11-09 00:00:00+05:30,31.112388843014124,32.0969581237816,30.52164770379178,30.915475845336914,20893,0.0,0.0
2010-11-10 00:00:00+05:30,31.22491559549365,31.30930811774165,30.66230450368295,30.99987030029297,7921,0.0,0.0
2010-11-11 00:00:00+05:30,31.224924087524414,31.61875238813691,30.465399765493693,31.224924087524414,21551,0.0,0.0
2010-11-12 00:00:00+05:30,30.999869388881873,31.30930719723293,30.380998064561616,30.409128189086914,9804,0.0,0.0
2010-11-15 00:00:00+05:30,30.099698487051292,30.943615267062075,29.537087300377436,29.6777400970459,9070,0.0,0.0
2010-11-16 00:00:00+05:30,30.099695154506858,30.38100071669851,28.41186178135694,29.565214157104492,27789,0.0,0.0
2010-11-18 00:00:00+05:30,29.790264511245706,29.790264511245706,28.299343920619545,28.524389266967773,18602,0.0,0.0
2010-11-19 00:00:00+05:30,28.86195518087403,28.86195518087403,27.96177808659858,27.98990821838379,6351,0.0,0.0
2010-11-22 00:00:00+05:30,28.411864131033802,28.86195263852479,27.73673029670167,28.468124389648438,10774,0.0,0.0
2010-11-23 00:00:00+05:30,27.736733899918285,28.55252063295532,27.23038506803402,27.314775466918945,9219,0.0,0.0
2010-11-24 00:00:00+05:30,27.84925295965073,28.66503958669694,26.808423151958483,27.48355484008789,1804,0.0,0.0
2010-11-25 00:00:00+05:30,27.286636019682092,27.427288782670143,25.936368636520456,27.03346061706543,5330,0.0,0.0
2010-11-26 00:00:00+05:30,27.005334765795688,27.005334765795688,25.317501342933458,25.486284255981445,12039,0.0,0.0
2010-11-29 00:00:00+05:30,26.133289610661375,26.133289610661375,24.642369132577286,24.783021926879883,7272,0.0,0.0
2010-11-30 00:00:00+05:30,25.317498678375834,25.851979635268624,24.979932887807205,25.795717239379883,4286,0.0,0.0
2010-12-01 00:00:00+05:30,25.851986053168066,27.68047252276049,25.542550310629185,27.539819717407227,5856,0.0,0.0
2010-12-02 00:00:00+05:30,29.227644513768475,29.227644513768475,27.51168123833258,27.933639526367188,3894,0.0,0.0
2010-12-03 00:00:00+05:30,28.918212677927762,28.918212677927762,26.330200215709663,26.414592742919922,5752,0.0,0.0
2010-12-06 00:00:00+05:30,26.470851058889092,27.00533201764314,26.02076262116657,26.330198287963867,1798,0.0,0.0
2010-12-07 00:00:00+05:30,26.695904649636148,26.695904649636148,25.4862895851773,26.217683792114258,1575,0.0,0.0
2010-12-08 00:00:00+05:30,26.386465378780983,26.386465378780983,24.19228090347742,24.586109161376953,18189,0.0,0.0
2010-12-09 00:00:00+05:30,24.473582860280775,24.529843111827997,23.348360659808094,23.77031898498535,6764,0.0,0.0
2010-12-10 00:00:00+05:30,22.78575294397292,25.0080675492283,22.78575294397292,24.586109161376953,7130,0.0,0.0
2010-12-13 00:00:00+05:30,24.473584029821836,25.204978065842653,24.192278466260667,24.529844284057617,13333,0.0,0.0
2010-12-14 00:00:00+05:30,24.72675895690918,25.458152977863733,24.304800620259506,24.72675895690918,3057,0.0,0.0
2010-12-15 00:00:00+05:30,25.092457669876605,25.598808588342322,24.164150514277885,24.417325973510742,3694,0.0,0.0
2010-12-16 00:00:00+05:30,24.557976872489,25.26124079041605,24.529844598818993,24.867412567138672,6458,0.0,0.0
2010-12-20 00:00:00+05:30,25.317503528064503,25.598809122820775,25.03619793330823,25.28937339782715,7064,0.0,0.0
2010-12-21 00:00:00+05:30,25.317498483965476,27.736725687639545,25.317498483965476,26.161415100097656,12149,0.0,0.0
2010-12-22 00:00:00+05:30,26.44272302600117,26.44272302600117,24.895542423415993,25.0643253326416,22808,0.0,0.0
2010-12-23 00:00:00+05:30,26.442719577403548,26.442719577403548,24.839278929590524,25.036191940307617,9743,0.0,0.0
2010-12-24 00:00:00+05:30,25.036195772990922,25.26124108785383,25.036195772990922,25.120588302612305,7291,0.0,0.0
2010-12-27 00:00:00+05:30,25.261237220719305,25.317497467726803,24.97993169330012,25.036191940307617,12123,0.0,0.0
2010-12-28 00:00:00+05:30,27.567941687080296,27.567941687080296,24.529841132476736,25.036191940307617,3084,0.0,0.0
2010-12-29 00:00:00+05:30,25.12058773317756,25.12058773317756,24.86741229624358,25.0643253326416,4109,0.0,0.0
2010-12-30 00:00:00+05:30,25.036195772990922,25.317501343473964,24.867412859939332,25.120588302612305,5153,0.0,0.0
2010-12-31 00:00:00+05:30,25.233107747589614,26.161416949433026,25.14871736772545,25.626935958862305,60364,0.0,0.0
2011-01-03 00:00:00+05:30,25.458153579212382,26.470853181854427,25.317500797006787,25.514413833618164,37883,0.0,0.0
2011-01-04 00:00:00+05:30,25.626937602681124,26.077026096067147,25.51441494278681,25.90824317932129,13958,0.0,0.0
2011-01-05 00:00:00+05:30,25.598805021971227,26.10515586989322,25.430022121394238,25.570674896240234,11723,0.0,0.0
2011-01-06 00:00:00+05:30,25.57067868326203,26.020767200189198,25.54254855336496,25.93637466430664,5613,0.0,0.0
2011-01-07 00:00:00+05:30,25.739463040405838,25.880115843905322,24.75489341590944,25.14872169494629,12265,0.0,0.0
2011-01-10 00:00:00+05:30,25.176846218395763,25.176846218395763,24.248537063598633,24.248537063598633,6245,0.0,0.0
2011-01-11 00:00:00+05:30,24.36106136663595,24.586106675882604,23.88284276722573,24.164148330688477,2200,0.0,0.0
2011-01-12 00:00:00+05:30,25.036192605661792,25.036192605661792,23.68592517968906,24.192276000976562,5214,0.0,0.0
2011-01-13 00:00:00+05:30,23.685928640275947,24.220409663904093,23.29210255083637,23.573408126831055,15216,0.0,0.0
2011-01-14 00:00:00+05:30,22.53257179260254,24.276667309722917,22.279396394579653,22.53257179260254,11504,0.0,0.0
2011-01-17 00:00:00+05:30,22.729491374226342,23.37649291059855,21.941834903817927,23.03892707824707,3807,0.0,0.0
2011-01-18 00:00:00+05:30,22.81388096456207,23.770320317831384,22.81388096456207,23.34836196899414,1268,0.0,0.0
2011-01-19 00:00:00+05:30,22.673227910110203,23.854712560421195,22.673227910110203,23.17957878112793,1279,0.0,0.0
2011-01-20 00:00:00+05:30,23.545273804495082,24.192277431488037,22.504444122314453,22.504444122314453,15446,0.0,0.0
2011-01-21 00:00:00+05:30,22.701355777229985,22.954531187535522,21.941831692504277,22.4763126373291,10032,0.0,0.0
2011-01-24 00:00:00+05:30,22.757619231018136,22.898272004823944,21.99809296475216,22.25126838684082,8746,0.0,0.0
2011-01-25 00:00:00+05:30,22.42005159837936,22.588836646249547,22.42005159837936,22.504444122314453,871,0.0,0.0
2011-01-27 00:00:00+05:30,22.5044436003188,22.95453204308698,22.420051078341213,22.616966247558594,256,0.0,0.0
2011-01-28 00:00:00+05:30,22.813880067798063,22.813880067798063,21.941833277050918,22.307531356811523,5748,0.0,0.0
2011-01-31 00:00:00+05:30,22.2231379709426,22.2231379709426,21.379221339134652,22.08248519897461,6502,0.0,0.0
2011-02-01 00:00:00+05:30,21.969965262144076,21.969965262144076,21.716789812134454,21.773052215576172,780,0.0,0.0
2011-02-02 00:00:00+05:30,21.519880226806958,22.307536832147115,21.519880226806958,21.969968795776367,2542,0.0,0.0
2011-02-03 00:00:00+05:30,21.969962809928013,22.110615583546235,21.660527137206124,21.88557243347168,2973,0.0,0.0
2011-02-04 00:00:00+05:30,22.082491293795513,22.082491293795513,21.126051751195355,21.351097106933594,26134,0.0,0.0
2011-02-07 00:00:00+05:30,22.448185753070643,22.448185753070643,21.43548396568485,21.60426902770996,1380,0.0,0.0
2011-02-08 00:00:00+05:30,21.37922422590467,21.885575131836816,21.37922422590467,21.4073543548584,3284,0.0,0.0
2011-02-09 00:00:00+05:30,21.407351990477316,21.407351990477316,19.691388559528075,19.803911209106445,17297,0.0,0.0
2011-02-10 00:00:00+05:30,18.003555492247045,21.379222147043365,18.003555492247045,19.888301849365234,5033,0.0,0.0
2011-02-11 00:00:00+05:30,22.504445919770745,22.504445919770745,19.381954477640793,20.000825881958008,2021,0.0,0.0
2011-02-14 00:00:00+05:30,21.322959781259538,21.322959781259538,20.169605404895105,20.78847885131836,1494,0.0,0.0
2011-02-15 00:00:00+05:30,20.563438415527344,20.8166138784221,20.53530828547045,20.563438415527344,4724,0.0,0.0
2011-02-16 00:00:00+05:30,20.563435698236095,21.2666995876846,20.31026026879642,20.50717544555664,2833,0.0,0.0
2011-02-17 00:00:00+05:30,19.972696563749743,21.18231143946744,19.972696563749743,20.591567993164062,2130,0.0,0.0
2011-02-18 00:00:00+05:30,21.013524158244923,21.04165643077572,20.113347238227266,20.50717544555664,3033,0.0,0.0
2011-02-21 00:00:00+05:30,20.507178738335824,20.788484339283663,19.775784605109724,20.085220336914062,4179,0.0,0.0
2011-02-22 00:00:00+05:30,20.282130142456694,20.788481001336045,20.00082458667729,20.50717544555664,4281,0.0,0.0
2011-02-23 00:00:00+05:30,22.363792261584052,22.363792261584052,20.254000538793104,20.3946533203125,1105,0.0,0.0
2011-02-24 00:00:00+05:30,20.282131461236013,20.760352224870378,19.241301695652094,19.635129928588867,10236,0.0,0.0
2011-02-25 00:00:00+05:30,17.5534654960372,20.225868030245387,17.5534654960372,19.24129867553711,4870,0.0,0.0
2011-02-28 00:00:00+05:30,20.7884832183885,20.7884832183885,19.35382516014819,19.77578353881836,4676,0.0,0.0
2011-03-01 00:00:00+05:30,19.803912529269166,20.788482022878657,19.128778732984422,19.297561645507812,18555,0.0,0.0
2011-03-03 00:00:00+05:30,19.438213652117284,20.000824768799063,19.185038220372267,19.691389083862305,3419,0.0,0.0
2011-03-04 00:00:00+05:30,19.26943101012959,19.916434661646885,19.26943101012959,19.494476318359375,1630,0.0,0.0
2011-03-07 00:00:00+05:30,19.972696831518654,20.47904775051256,19.691391242342338,20.31026268005371,9690,0.0,0.0
2011-03-08 00:00:00+05:30,19.7195221671471,20.816614438409676,19.7195221671471,20.535308837890625,100153,0.0,0.0
2011-03-09 00:00:00+05:30,21.06978822292755,21.06978822292755,20.085218699857958,20.25400161743164,73043,0.0,0.0
2011-03-10 00:00:00+05:30,20.057088571294216,20.31026187455912,19.747650718519353,20.25400161743164,11311,0.0,0.0
2011-03-11 00:00:00+05:30,23.0107930507474,23.0107930507474,19.860169849176703,19.972692489624023,2379,0.0,0.0
2011-03-14 00:00:00+05:30,20.816612463203267,20.816612463203267,19.46634485035684,19.550737380981445,6413,0.0,0.0
2011-03-15 00:00:00+05:30,19.494476850553202,20.000825588606723,19.494476850553202,19.747650146484375,4418,0.0,0.0
2011-03-16 00:00:00+05:30,19.944561834287498,19.944561834287498,18.5942944773029,18.819339752197266,14965,0.0,0.0
2011-03-17 00:00:00+05:30,18.875604628006403,20.36652511097469,18.875604628006403,19.94456672668457,30713,0.0,0.0
2011-03-18 00:00:00+05:30,20.141479512617725,20.169609641957475,19.410085418827695,19.77578353881836,6922,0.0,0.0
2011-03-21 00:00:00+05:30,21.37922027366548,21.37922027366548,19.100645910578784,19.24129867553711,29240,0.0,0.0
2011-03-22 00:00:00+05:30,19.128780364990234,19.494478495150414,19.128780364990234,19.128780364990234,12807,0.0,0.0
2011-03-23 00:00:00+05:30,19.297559143710433,19.297559143710433,18.903730968085547,18.959993362426758,6023,0.0,0.0
2011-03-24 00:00:00+05:30,19.83204126009976,19.916433783512765,19.156907511368797,19.26943016052246,6466,0.0,0.0
2011-03-25 00:00:00+05:30,19.269431517785776,19.691389872189845,19.15690886070646,19.297561645507812,6530,0.0,0.0
2011-03-28 00:00:00+05:30,19.04438591003418,19.49447653141275,18.98812565545743,19.04438591003418,2967,0.0,0.0
2011-03-29 00:00:00+05:30,19.128776173286038,19.410081705246125,18.284859577405772,18.509904861450195,29616,0.0,0.0
2011-03-30 00:00:00+05:30,18.763077860649325,20.113345253635458,18.763077860649325,19.972692489624023,11714,0.0,0.0
2011-03-31 00:00:00+05:30,19.775779017599547,20.085214661974977,19.12877545974935,19.185035705566406,6932,0.0,0.0
2011-04-01 00:00:00+05:30,19.466347048108585,19.494479325620393,19.26943398267462,19.35382652282715,1405,0.0,0.0
2011-04-04 00:00:00+05:30,19.297558978655267,21.210437446077325,19.297558978655267,20.95726203918457,15760,0.0,0.0
2011-04-05 00:00:00+05:30,21.210438268667108,21.210438268667108,20.591564789351157,21.01352310180664,1492,0.0,0.0
2011-04-06 00:00:00+05:30,20.901005854062515,21.35109436147214,20.535307734559595,20.591567993164062,882,0.0,0.0
2011-04-07 00:00:00+05:30,21.097918386996643,22.4200537474386,20.61969976203455,22.138748168945312,7177,0.0,0.0
2011-04-08 00:00:00+05:30,22.11061805583827,22.504446295243277,21.773052219886118,22.223140716552734,5390,0.0,0.0
2011-04-11 00:00:00+05:30,22.504443778915455,22.504443778915455,21.548004489073346,21.88557243347168,2148,0.0,0.0
2011-04-13 00:00:00+05:30,22.19501058792193,22.391923634528812,21.463616512564773,22.223140716552734,3966,0.0,0.0
2011-04-15 00:00:00+05:30,22.39192311254899,23.03892678693138,21.969964754349483,22.785751342773438,5522,0.0,0.0
2011-04-18 00:00:00+05:30,23.038919963262906,25.204971368669355,22.842004833377416,23.742183685302734,12457,0.0,0.0
2011-04-19 00:00:00+05:30,23.62966191718144,24.417318172897076,23.62966191718144,23.882837295532227,3524,0.0,0.0
2011-04-20 00:00:00+05:30,24.22040557861328,24.67049399504947,23.91096992645033,24.22040557861328,3950,0.0,0.0
2011-04-21 00:00:00+05:30,24.754893749435514,24.754893749435514,23.37649582733092,24.332935333251953,2252,0.0,0.0
2011-04-25 00:00:00+05:30,24.64236643110281,24.839281609253977,24.220408094453138,24.72675895690918,5400,0.0,0.0
2011-04-26 00:00:00+05:30,24.192278457796526,24.276670985311803,23.910972894333778,24.164148330688477,2328,0.0,0.0
2011-04-27 00:00:00+05:30,24.642368600442374,24.783021391707674,23.939104644115872,24.44545555114746,4091,0.0,0.0
2011-04-28 00:00:00+05:30,23.798453808623577,24.557980231589358,22.560708714531952,22.926406860351562,6627,0.0,0.0
2011-04-29 00:00:00+05:30,23.40462328857651,23.40462328857651,21.68865968780246,22.223140716552734,5299,0.0,0.0
2011-05-02 00:00:00+05:30,21.94183484245749,21.94183484245749,21.37922369265089,21.51987648010254,4572,0.0,0.0
2011-05-03 00:00:00+05:30,21.941832634005085,22.223138180594894,21.40735166624625,21.716787338256836,3620,0.0,0.0
2011-05-04 00:00:00+05:30,20.92913360323329,22.16687846749271,20.92913360323329,21.322961807250977,1546,0.0,0.0
2011-05-05 00:00:00+05:30,21.15418024012826,21.913706647074925,21.09791997866172,21.43548583984375,1274,0.0,0.0
2011-05-06 00:00:00+05:30,22.363792364886226,22.363792364886226,21.238570107533462,21.46361541748047,1083,0.0,0.0
2011-05-09 00:00:00+05:30,22.1668784190667,22.1668784190667,20.929133557511264,21.154176712036133,7022,0.0,0.0
2011-05-10 00:00:00+05:30,21.06978851503115,21.913705260790543,21.06978851503115,21.4073543548584,1940,0.0,0.0
2011-05-11 00:00:00+05:30,21.885575145499807,22.448186309690637,21.154178915098715,21.941835403442383,2905,0.0,0.0
2011-05-12 00:00:00+05:30,21.576132819615992,21.576132819615992,20.92913140251155,21.06978416442871,8883,0.0,0.0
2011-05-13 00:00:00+05:30,21.6605267060481,21.6605267060481,20.816610081137135,21.01352310180664,5169,0.0,0.0
2011-05-16 00:00:00+05:30,21.379225639447775,21.379225639447775,20.31026349899882,20.535308837890625,3558,0.0,0.0
2011-05-17 00:00:00+05:30,20.254002445925725,21.37922480403271,19.747651526301052,19.94456672668457,7967,0.0,0.0
2011-05-18 00:00:00+05:30,19.719519760988003,20.704089242668346,19.29756141169643,19.663259506225586,3485,0.0,0.0
2011-05-19 00:00:00+05:30,20.254001315549125,20.788482335058802,19.550737380981445,19.550737380981445,2128,0.0,0.0
2011-05-20 00:00:00+05:30,19.719518610946096,20.05708655840709,19.128777385628137,19.26943016052246,3716,0.0,0.0
2011-05-23 00:00:00+05:30,20.366523943179434,20.366523943179434,18.566167844200535,19.01625633239746,4529,0.0,0.0
2011-05-24 00:00:00+05:30,18.566165898114484,18.706818670069897,18.42551312615907,18.481773376464844,4701,0.0,0.0
2011-05-25 00:00:00+05:30,19.128776173286038,19.128776173286038,18.087946563510062,18.509904861450195,1889,0.0,0.0
2011-05-26 00:00:00+05:30,18.453646519540555,18.847474780002766,18.453646519540555,18.59429931640625,1072,0.0,0.0
2011-05-27 00:00:00+05:30,18.65056172286734,18.875604910137636,18.42551638940569,18.59429931640625,2139,0.0,0.0
2011-05-30 00:00:00+05:30,18.650558445839895,18.706818696224328,18.45364327711242,18.566165924072266,1604,0.0,0.0
2011-05-31 00:00:00+05:30,18.65056116953455,18.819344091527586,18.284863050056895,18.62242889404297,4629,0.0,0.0
2011-06-01 00:00:00+05:30,18.706821983137075,18.847474780002766,18.56616918627138,18.59429931640625,8080,0.0,0.0
2011-06-02 00:00:00+05:30,18.481776373430694,20.225872316211316,18.397385984287464,19.94456672668457,10962,0.0,0.0
2011-06-03 00:00:00+05:30,19.944565333108947,20.25400103072907,19.66325976323771,19.747650146484375,2611,0.0,0.0
2011-06-06 00:00:00+05:30,19.60699307031942,20.000821211183297,18.8755991779669,19.86016845703125,2807,0.0,0.0
2011-06-07 00:00:00+05:30,20.057087168181894,20.057087168181894,19.57886643128773,19.691389083862305,5852,0.0,0.0
2011-06-08 00:00:00+05:30,19.71951883259967,19.97269425949343,18.903732299804688,18.903732299804688,2298,0.0,0.0
2011-06-09 00:00:00+05:30,19.185039247197405,19.213171521490064,18.706820630899024,19.01625633239746,5610,0.0,0.0
2011-06-10 00:00:00+05:30,19.466340843562133,19.66325599242438,18.566164051077124,18.650556564331055,4994,0.0,0.0
2011-06-13 00:00:00+05:30,19.24129692150169,19.24129692150169,18.791208543903252,18.875598907470703,5813,0.0,0.0
2011-06-14 00:00:00+05:30,19.072518246455612,19.97269519980118,19.072518246455612,19.663259506225586,1871,0.0,0.0
2011-06-15 00:00:00+05:30,19.185035367137377,20.085214307666558,19.185035367137377,19.916431427001953,416,0.0,0.0
2011-06-16 00:00:00+05:30,19.128777457827276,19.972694110378477,19.128777457827276,19.803911209106445,2270,0.0,0.0
2011-06-17 00:00:00+05:30,19.94456504719101,19.94456504719101,18.847472911182457,19.213171005249023,2970,0.0,0.0
2011-06-20 00:00:00+05:30,19.26943261282785,19.26943261282785,18.566168648856028,18.70682144165039,3181,0.0,0.0
2011-06-21 00:00:00+05:30,19.410082675298025,19.71951834668052,19.18503738000658,19.46634292602539,3120,0.0,0.0
2011-06-22 00:00:00+05:30,19.916434919845386,20.19774048568393,19.213171005249023,19.213171005249023,6256,0.0,0.0
2011-06-23 00:00:00+05:30,20.14147949184176,20.14147949184176,19.156909942626953,19.156909942626953,780,0.0,0.0
2011-06-24 00:00:00+05:30,20.197742736255602,20.197742736255602,18.98812780988977,19.83204460144043,2393,0.0,0.0
2011-06-27 00:00:00+05:30,19.635125533857057,19.94456116683838,19.410080266493882,19.5788631439209,4819,0.0,0.0
2011-06-28 00:00:00+05:30,18.959995061414208,19.86017198962862,18.959995061414208,19.691389083862305,3324,0.0,0.0
2011-06-29 00:00:00+05:30,19.6069979085219,19.803913100639782,19.49447739438738,19.719520568847656,3344,0.0,0.0
2011-06-30 00:00:00+05:30,19.719518925512908,20.33839243263485,19.4944757698067,19.522605895996094,10738,0.0,0.0
2011-07-01 00:00:00+05:30,19.550734197589712,19.972692489624023,19.550734197589712,19.972692489624023,2554,0.0,0.0
2011-07-04 00:00:00+05:30,20.422786450373266,20.422786450373266,19.691392308165412,20.16961097717285,11406,0.0,0.0
2011-07-05 00:00:00+05:30,20.28212939625096,21.013523385130263,20.169606748840838,20.901002883911133,6707,0.0,0.0
2011-07-06 00:00:00+05:30,22.448181946527438,25.064322063811364,21.463612600560285,25.036191940307617,127456,0.0,0.0
2011-07-07 00:00:00+05:30,25.54254892112293,25.54254892112293,22.785753227691156,23.235841751098633,31681,0.0,0.0
2011-07-08 00:00:00+05:30,23.910970747100638,23.910970747100638,22.251267642475465,22.645095825195312,10095,0.0,0.0
2011-07-11 00:00:00+05:30,23.348358232369264,23.348358232369264,22.53257179260254,22.53257179260254,625,0.0,0.0
2011-07-12 00:00:00+05:30,22.785751342773438,22.954534256815002,22.645098556706934,22.785751342773438,8596,0.0,0.0
2011-07-13 00:00:00+05:30,22.22314054794733,26.358331664848382,22.22314054794733,25.458154678344727,53830,0.0,0.0
2011-07-14 00:00:00+05:30,25.795723005214168,27.0053379598071,24.557980065676155,25.43002700805664,87760,0.0,0.0
2011-07-15 00:00:00+05:30,24.83927529452633,24.867405413913424,23.77031358829258,23.939096450805664,10982,0.0,0.0
2011-07-18 00:00:00+05:30,24.19227951872135,24.19227951872135,23.432755322540306,23.489015579223633,2693,0.0,0.0
2011-07-19 00:00:00+05:30,24.10788582847146,24.19227835563034,22.926403325393867,23.095186233520508,5329,0.0,0.0
2011-07-20 00:00:00+05:30,23.348362471566336,23.348362471566336,22.195010055823584,22.335662841796875,7062,0.0,0.0
2011-07-21 00:00:00+05:30,22.110615920935743,22.954532575522535,22.026225543191686,22.504444122314453,825,0.0,0.0
2011-07-22 00:00:00+05:30,21.82931220009141,22.476315881344423,21.60426902770996,21.60426902770996,6176,0.0,0.0
2011-07-25 00:00:00+05:30,21.632399426258743,22.30753324422065,20.95726560829684,21.773052215576172,2580,0.0,0.0
2011-07-26 00:00:00+05:30,21.77305110901425,21.77305110901425,21.12604745255996,21.46361541748047,1153,0.0,0.0
2011-07-27 00:00:00+05:30,21.435484482971805,21.9418353888841,21.435484482971805,21.85744285583496,2152,0.0,0.0
2011-07-28 00:00:00+05:30,20.957267178803978,21.913706647074925,20.957267178803978,21.43548583984375,954,0.0,0.0
2011-07-29 00:00:00+05:30,21.435484776647357,21.94183568949688,21.435484776647357,21.744922637939453,1415,0.0,0.0
2011-08-01 00:00:00+05:30,21.94183512247651,22.25127082958088,21.94183512247651,22.138748168945312,261,0.0,0.0
2011-08-02 00:00:00+05:30,21.998096214842736,21.998096214842736,21.351094647459902,21.913705825805664,1265,0.0,0.0
2011-08-03 00:00:00+05:30,21.182309534134415,21.744920654337815,21.097917007627466,21.126047134399414,1412,0.0,0.0
2011-08-04 00:00:00+05:30,20.732214237773817,21.069782121356575,20.535301248660172,20.619693756103516,2430,0.0,0.0
2011-08-05 00:00:00+05:30,20.254002703549695,20.81661388975941,20.028957370589268,20.647830963134766,4277,0.0,0.0
2011-08-08 00:00:00+05:30,19.691388864337387,20.225869848464757,19.691388864337387,20.057086944580078,480,0.0,0.0
2011-08-09 00:00:00+05:30,19.12878060848155,19.972697400032207,19.12878060848155,19.83204460144043,2383,0.0,0.0
2011-08-10 00:00:00+05:30,19.91643604587535,20.422784805297848,19.888303770748045,20.42278480529785,218,0.0,0.0
2011-08-11 00:00:00+05:30,20.2258714888679,20.25400161743164,20.197741360304157,20.25400161743164,1922,0.0,0.0
2011-08-12 00:00:00+05:30,19.719520568847656,20.788482622655483,19.691390440314027,19.719520568847656,1298,0.0,0.0
2011-08-16 00:00:00+05:30,20.25400101139527,20.25400101139527,19.128778732984422,19.297561645507812,2900,0.0,0.0
2011-08-17 00:00:00+05:30,18.791213969204804,19.66326085498537,18.791213969204804,19.156909942626953,4271,0.0,0.0
2011-08-18 00:00:00+05:30,19.381952194042405,19.381952194042405,18.847471237182617,18.847471237182617,500,0.0,0.0
2011-08-19 00:00:00+05:30,18.341119284803465,19.100645486426785,18.312989161674636,18.538034439086914,1725,0.0,0.0
2011-08-22 00:00:00+05:30,18.538039900791212,18.538039900791212,18.25673429424261,18.28486442565918,1035,0.0,0.0
2011-08-23 00:00:00+05:30,18.566164354488805,19.156905518348015,18.566164354488805,18.819339752197266,1157,0.0,0.0
2011-08-24 00:00:00+05:30,17.9472961459417,19.353825146980984,17.9472961459417,18.70682144165039,4000,0.0,0.0
2011-08-25 00:00:00+05:30,18.312993179357186,19.494477925691026,18.284863050056895,18.62242889404297,4181,0.0,0.0
2011-08-26 00:00:00+05:30,18.453647353084104,18.875605762740868,18.00355881202185,18.200471878051758,7278,0.0,0.0
2011-08-29 00:00:00+05:30,17.553469488424792,19.044387848365243,17.553469488424792,18.678691864013672,4651,0.0,0.0
2011-08-30 00:00:00+05:30,18.28485936445319,19.325688962107257,18.28485936445319,18.791210174560547,10103,0.0,0.0
2011-09-02 00:00:00+05:30,19.71951655939313,19.71951655939313,18.734947237564178,18.819339752197266,1900,0.0,0.0
2011-09-05 00:00:00+05:30,18.84747343448255,19.747650411682844,18.453645202135718,19.100648880004883,591,0.0,0.0
2011-09-06 00:00:00+05:30,18.172337011176985,19.69138731933532,18.172337011176985,18.959993362426758,1333,0.0,0.0
2011-09-07 00:00:00+05:30,19.663259506225586,19.691389633606796,19.15690862859924,19.663259506225586,2350,0.0,0.0
2011-09-08 00:00:00+05:30,19.66326033282813,20.25400161743164,19.66326033282813,20.25400161743164,533,0.0,0.0
2011-09-09 00:00:00+05:30,20.394651794433592,21.519873962402343,19.522605043496004,21.097915649414062,3072,0.0,0.0
2011-09-12 00:00:00+05:30,21.604266456197085,21.604266456197085,19.69138791458918,21.01352310180664,600,0.0,0.0
2011-09-13 00:00:00+05:30,19.832044061635607,21.06978908479155,19.832044061635607,19.94456672668457,1105,0.0,0.0
2011-09-14 00:00:00+05:30,19.74764760642718,20.67595672607422,19.74764760642718,20.67595672607422,710,0.0,0.0
2011-09-15 00:00:00+05:30,20.76034815018607,20.76034815018607,20.732215881347656,20.732215881347656,2,0.0,0.0
2011-09-16 00:00:00+05:30,21.21044070862217,21.21044070862217,19.86017309495944,20.000825881958008,1656,0.0,0.0
2011-09-19 00:00:00+05:30,19.578866253008187,20.50717544555664,19.578866253008187,20.50717544555664,1869,0.0,0.0
2011-09-20 00:00:00+05:30,21.37921773833114,21.37921773833114,19.71951487940678,20.619693756103516,56,0.0,0.0
2011-09-21 00:00:00+05:30,20.366520658094217,20.366520658094217,19.550734197589712,19.972692489624023,2441,0.0,0.0
2011-09-22 00:00:00+05:30,19.156910468396806,20.67596110097178,19.156910468396806,20.11334991455078,101,0.0,0.0
2011-09-23 00:00:00+05:30,19.888303507529294,20.25400161743164,19.156909433915843,20.25400161743164,1428,0.0,0.0
2011-09-26 00:00:00+05:30,19.916431427001953,19.916431427001953,19.916431427001953,19.916431427001953,523,0.0,0.0
2011-09-27 00:00:00+05:30,19.185040346540173,20.76035336478493,19.185040346540173,20.479047775268555,291,0.0,0.0
2011-09-28 00:00:00+05:30,19.691392323288774,20.816614741762415,19.691392323288774,20.338396072387695,5617,0.0,0.0
2011-09-29 00:00:00+05:30,20.141478956985438,20.25400161743164,19.63513020426439,20.25400161743164,194,0.0,0.0
2011-09-30 00:00:00+05:30,19.69139151733998,20.647830963134766,19.269433127682696,20.647830963134766,1455,0.0,0.0
2011-10-03 00:00:00+05:30,21.2385735474725,21.2385735474725,19.044388931773582,19.072521209716797,2461,0.0,0.0
2011-10-04 00:00:00+05:30,19.04438425730367,19.66325773489588,18.706818466755884,18.847471237182617,542,0.0,0.0
2011-10-05 00:00:00+05:30,19.972692024150057,19.972692024150057,18.650556931731938,19.185035705566406,525,0.0,0.0
2011-10-07 00:00:00+05:30,19.691390179799402,20.000825881958008,19.072518775482187,20.000825881958008,2448,0.0,0.0
2011-10-10 00:00:00+05:30,19.80391469708818,20.84474456007532,19.71952215849294,20.450916290283203,1582,0.0,0.0
2011-10-11 00:00:00+05:30,20.6478312469966,20.6478312469966,19.97269738502508,20.366525650024414,1555,0.0,0.0
2011-10-12 00:00:00+05:30,21.32296579651986,22.391925811767578,20.282133766446673,22.391925811767578,13687,0.0,0.0
2011-10-13 00:00:00+05:30,23.06705681053368,23.48901516682393,20.73221971391782,20.816612243652344,19744,0.0,0.0
2011-10-14 00:00:00+05:30,20.844744600996666,20.87287473185317,20.000827798153146,20.085220336914062,5821,0.0,0.0
2011-10-17 00:00:00+05:30,20.254000538793104,20.535306101831896,19.97269497575431,20.3946533203125,15370,0.0,0.0
2011-10-18 00:00:00+05:30,20.310262982551535,20.310262982551535,20.057089665475182,20.197742462158203,749,0.0,0.0
2011-10-19 00:00:00+05:30,20.67595506648261,21.21043596682711,19.494472778302754,19.5788631439209,5502,0.0,0.0
2011-10-20 00:00:00+05:30,19.60699678474018,20.479045742639578,19.128778188504022,19.32569122314453,28568,0.0,0.0
2011-10-21 00:00:00+05:30,19.213173171171878,19.803914496789535,19.185040894463725,19.381956100463867,5120,0.0,0.0
2011-10-24 00:00:00+05:30,19.24130247030389,19.606998443603516,19.24130247030389,19.606998443603516,37,0.0,0.0
2011-10-25 00:00:00+05:30,19.381951440495435,19.381951440495435,19.24129867553711,19.24129867553711,601,0.0,0.0
2011-10-28 00:00:00+05:30,19.353822424570662,19.55073544830743,19.26942990228862,19.46634292602539,6196,0.0,0.0
2011-10-31 00:00:00+05:30,19.353825969947103,19.494478768722324,19.128780633430193,19.381956100463867,13404,0.0,0.0
2011-11-01 00:00:00+05:30,19.410085678100586,19.466345937531592,19.410085678100586,19.410085678100586,1350,0.0,0.0
2011-11-02 00:00:00+05:30,19.466345937531592,19.77578380297611,19.381955548385083,19.410085678100586,12290,0.0,0.0
2011-11-03 00:00:00+05:30,19.46634565090567,19.66326084839743,19.46634565090567,19.606998443603516,1970,0.0,0.0
2011-11-04 00:00:00+05:30,19.494476318359375,19.494476318359375,19.494476318359375,19.494476318359375,1000,0.0,0.0
2011-11-08 00:00:00+05:30,19.522606178095987,19.691389083862305,19.522606178095987,19.691389083862305,1300,0.0,0.0
2011-11-09 00:00:00+05:30,19.635129928588867,19.88830322829924,19.635129928588867,19.635129928588867,1204,0.0,0.0
2011-11-11 00:00:00+05:30,19.606995699034798,19.606995699034798,19.46634292602539,19.46634292602539,3836,0.0,0.0
2011-11-14 00:00:00+05:30,19.43821144104004,19.43821144104004,19.43821144104004,19.43821144104004,3300,0.0,0.0
2011-11-15 00:00:00+05:30,19.381955548385083,19.43821580781609,19.353825418669576,19.410085678100586,57706,0.0,0.0
2011-11-16 00:00:00+05:30,19.353825133700425,19.80391364109528,19.016257143510813,19.606998443603516,23698,0.0,0.0
2011-11-17 00:00:00+05:30,18.84747316338171,19.691389872189845,18.84747316338171,19.297561645507812,10191,0.0,0.0
2011-11-18 00:00:00+05:30,19.156908604366627,19.43821417020517,19.156908604366627,19.213171005249023,832,0.0,0.0
2011-11-21 00:00:00+05:30,19.1569091362582,19.522607240478376,18.73495077578471,19.100648880004883,3639,0.0,0.0
2011-11-22 00:00:00+05:30,18.98812482416629,18.98812482416629,18.875602173747836,18.903732299804688,641,0.0,0.0
2011-11-23 00:00:00+05:30,19.522608634196363,19.522608634196363,18.59429931640625,18.59429931640625,2492,0.0,0.0
2011-11-24 00:00:00+05:30,18.62242889404297,18.62242889404297,18.62242889404297,18.62242889404297,2,0.0,0.0
2011-11-25 00:00:00+05:30,18.594297683396594,18.594297683396594,18.00355641767971,18.397384643554688,5787,0.0,0.0
2011-11-28 00:00:00+05:30,18.341119611713626,18.819340298190763,18.341119611713626,18.791210174560547,1442,0.0,0.0
2011-11-29 00:00:00+05:30,18.79121150938635,19.044384786233223,18.706818986310047,18.734949111938477,3961,0.0,0.0
2011-11-30 00:00:00+05:30,18.847471237182617,18.847471237182617,18.847471237182617,18.847471237182617,1650,0.0,0.0
2011-12-01 00:00:00+05:30,18.931861877441406,18.931861877441406,18.931861877441406,18.931861877441406,210,0.0,0.0
2011-12-02 00:00:00+05:30,19.044386460498917,19.100648862893035,19.01625633239746,19.01625633239746,753,0.0,0.0
2011-12-05 00:00:00+05:30,19.156905582657878,19.21316797466574,18.988122699015896,19.185035705566406,121,0.0,0.0
2011-12-07 00:00:00+05:30,19.63513020426439,21.88557482842346,19.550737672381928,20.25400161743164,32543,0.0,0.0
2011-12-08 00:00:00+05:30,20.422783980257726,20.535306637647455,20.16960853767863,20.28213119506836,5280,0.0,0.0
2011-12-09 00:00:00+05:30,20.422785344962502,20.422785344962502,20.282132550374342,20.31026268005371,29803,0.0,0.0
2011-12-12 00:00:00+05:30,20.3102637949727,20.42278646605835,20.3102637949727,20.338396072387695,17136,0.0,0.0
2011-12-13 00:00:00+05:30,20.3383949559244,20.394655215283134,20.310262680053707,20.31026268005371,2820,0.0,0.0
2011-12-14 00:00:00+05:30,20.479048318051564,20.479048318051564,20.338395519565474,20.366525650024414,14606,0.0,0.0
2011-12-15 00:00:00+05:30,20.366525650024414,20.394655780483355,20.366525650024414,20.366525650024414,58205,0.0,0.0
2011-12-16 00:00:00+05:30,20.366525650024414,20.4227859109423,20.338395519565474,20.366525650024414,37216,0.0,0.0
2011-12-19 00:00:00+05:30,20.254002420694974,20.3383949559244,20.254002420694974,20.31026268005371,30415,0.0,0.0
2011-12-20 00:00:00+05:30,20.31026324291515,20.479048318051564,20.31026324291515,20.366525650024414,11715,0.0,0.0
2011-12-21 00:00:00+05:30,22.363795567163677,22.363795567163677,20.254003532525594,20.338396072387695,27656,0.0,0.0
2011-12-22 00:00:00+05:30,20.3102637949727,20.507179005920452,20.3102637949727,20.338396072387695,3924,0.0,0.0
2011-12-23 00:00:00+05:30,20.4227859109423,20.53530857896945,20.366525650024414,20.366525650024414,4321,0.0,0.0
2011-12-26 00:00:00+05:30,20.507177338297232,20.507177338297232,20.39465467636181,20.42278480529785,3691,0.0,0.0
2011-12-27 00:00:00+05:30,20.450915499363855,20.479047775268555,20.450915499363855,20.479047775268555,5082,0.0,0.0
2011-12-28 00:00:00+05:30,20.53530746723327,20.53530746723327,20.282132014426388,20.42278480529785,41256,0.0,0.0
2011-12-29 00:00:00+05:30,20.422784805297848,20.479047209361195,20.39465467636181,20.42278480529785,3011,0.0,0.0
2011-12-30 00:00:00+05:30,20.366523986630764,20.366523986630764,19.86017309495944,20.000825881958008,1101,0.0,0.0
2012-01-02 00:00:00+05:30,19.97269364559289,19.97269364559289,18.36925290153577,18.566165924072266,1775,0.0,0.0
2012-01-03 00:00:00+05:30,19.12877429055441,19.69138529910013,18.706816034145124,18.875598907470703,1170,0.0,0.0
2012-01-04 00:00:00+05:30,18.93186732775944,19.24130305180811,18.678691864013672,18.678691864013672,384,0.0,0.0
2012-01-05 00:00:00+05:30,18.87560435713701,19.635130725674635,18.763081693702773,19.156909942626953,1388,0.0,0.0
2012-01-06 00:00:00+05:30,15.331151491824839,20.028953017081967,15.331151491824839,18.509904861450195,74,0.0,0.0
2012-01-09 00:00:00+05:30,19.269429784832578,19.269429784832578,18.397383026727987,18.566165924072266,264,0.0,0.0
2012-01-10 00:00:00+05:30,18.65056116953455,18.903734479428458,18.566168635442388,18.62242889404297,8109,0.0,0.0
2012-01-11 00:00:00+05:30,18.931865400880678,19.10064831080207,18.59429743484675,19.04438591003418,235,0.0,0.0
2012-01-12 00:00:00+05:30,19.156908604366627,20.08521783011028,19.156908604366627,19.213171005249023,2667,0.0,0.0
2012-01-13 00:00:00+05:30,20.08521785551716,20.08521785551716,19.494476595747187,19.663259506225586,624,0.0,0.0
2012-01-16 00:00:00+05:30,19.663256379774623,19.88829950923366,19.10064533684082,19.185035705566406,467,0.0,0.0
2012-01-17 00:00:00+05:30,19.269433161791632,19.691391552195828,19.128780364990234,19.128780364990234,1439,0.0,0.0
2012-01-18 00:00:00+05:30,19.55073876433123,19.69139156119692,18.538039056136515,18.59429931640625,3400,0.0,0.0
2012-01-19 00:00:00+05:30,16.48450617182466,19.691390137788446,16.48450617182466,19.01625633239746,2400,0.0,0.0
2012-01-20 00:00:00+05:30,18.875603545698972,19.438214692492927,18.847473417597513,19.01625633239746,2370,0.0,0.0
2012-01-23 00:00:00+05:30,19.128776253068597,19.128776253068597,18.79121047178492,18.959993362426758,978,0.0,0.0
2012-01-24 00:00:00+05:30,19.07251570324444,19.10064582687466,18.566164893137085,18.791210174560547,1919,0.0,0.0
2012-01-25 00:00:00+05:30,18.959997438066825,19.18504062523425,18.847474771387436,19.128780364990234,1983,0.0,0.0
2012-01-27 00:00:00+05:30,19.32568787856535,19.41008039091519,18.847469365091563,18.931861877441406,1403,0.0,0.0
2012-01-30 00:00:00+05:30,18.81934111233546,19.156906902883247,18.62242594602346,18.847471237182617,422,0.0,0.0
2012-01-31 00:00:00+05:30,19.100650649920027,22.026229316199398,19.100650649920027,21.43548583984375,14455,0.0,0.0
2012-02-01 00:00:00+05:30,21.49174418869959,21.80117986071018,20.929133095519973,21.716787338256836,1623,0.0,0.0
2012-02-02 00:00:00+05:30,21.801179237132335,22.982661640539263,21.435481178549225,22.729488372802734,6039,0.0,0.0
2012-02-03 00:00:00+05:30,22.898274534648284,22.898274534648284,21.68865968780246,22.223140716552734,2621,0.0,0.0
2012-02-06 00:00:00+05:30,22.64510087325129,25.62693981365852,22.504448072796315,25.26124382019043,37235,0.0,0.0
2012-02-07 00:00:00+05:30,25.14871647176533,26.470851691587328,24.698628023284925,24.951801300048828,19666,0.0,0.0
2012-02-08 00:00:00+05:30,24.89554695566234,26.72403345523076,24.75489414800323,25.655071258544922,10193,0.0,0.0
2012-02-09 00:00:00+05:30,26.330202625493637,29.171388636990333,26.330202625493637,28.72130012512207,36892,0.0,0.0
2012-02-10 00:00:00+05:30,28.721301807698694,29.368305556919196,27.56794925778476,28.018037796020508,7784,0.0,0.0
2012-02-13 00:00:00+05:30,28.18681883075682,28.974475329251835,26.977206099871765,28.63690948486328,29827,0.0,0.0
2012-02-14 00:00:00+05:30,28.695467107436237,30.452332440544577,28.695467107436237,29.866710662841797,18758,2.0,0.0
2012-02-15 00:00:00+05:30,29.33965244974973,30.33520999601826,28.10984751457506,28.344097137451172,10231,0.0,0.0
2012-02-16 00:00:00+05:30,27.817037325412624,28.022004075275024,27.524226406197755,27.934162139892578,3820,0.0,0.0
2012-02-17 00:00:00+05:30,28.98827745592272,28.98827745592272,26.93860127217061,27.085006713867188,5624,0.0,0.0
2012-02-21 00:00:00+05:30,27.085004025774627,27.93415595013336,26.938598598608277,27.72918701171875,5165,0.0,0.0
2012-02-22 00:00:00+05:30,27.81704142328603,28.636913011455235,27.52423046093565,27.87560272216797,6848,0.0,0.0
2012-02-23 00:00:00+05:30,28.34408944334116,28.402650716178528,26.938596555550767,27.114282608032227,4279,0.0,0.0
2012-02-24 00:00:00+05:30,27.963442771938027,28.490503319866228,27.231415474243313,27.319259643554688,6913,0.0,0.0
2012-02-27 00:00:00+05:30,27.494947297791697,28.05128852218845,25.679518156811252,25.88448715209961,4416,0.0,0.0
2012-02-28 00:00:00+05:30,26.440830779060274,26.645797559002926,26.001614335780005,26.206581115722656,3586,0.0,0.0
2012-02-29 00:00:00+05:30,26.880041621978826,27.465663424340285,26.64579200744629,26.64579200744629,2452,0.0,0.0
2012-03-01 00:00:00+05:30,26.93860700592772,26.93860700592772,26.323704466716894,26.470109939575195,3405,0.0,0.0
2012-03-02 00:00:00+05:30,27.172856961756658,27.172856961756658,26.08945511003589,26.41154670715332,2003,0.0,0.0
2012-03-05 00:00:00+05:30,27.231417568527597,27.231417568527597,25.47455191894517,25.650238037109375,662,0.0,0.0
2012-03-06 00:00:00+05:30,26.060174461928895,26.528671533551545,25.913768987423676,26.41154670715332,2804,0.0,0.0
2012-03-07 00:00:00+05:30,26.52866866064466,26.52866866064466,25.50383045009239,25.8259220123291,310,0.0,0.0
2012-03-09 00:00:00+05:30,26.49938450736561,26.49938450736561,25.474546432495114,25.474546432495117,781,0.0,0.0
2012-03-12 00:00:00+05:30,27.377823580820266,27.377823580820266,25.3281469491011,25.3574275970459,1300,0.0,0.0
2012-03-13 00:00:00+05:30,25.76736165746824,26.352983513319792,25.474550729542464,25.796642303466797,4579,0.0,0.0
2012-03-14 00:00:00+05:30,26.44082741951866,26.44082741951866,25.913766860961914,25.913766860961914,26,0.0,0.0
2012-03-15 00:00:00+05:30,25.82592388873143,25.82592388873143,25.767362594604492,25.767362594604492,612,0.0,0.0
2012-03-16 00:00:00+05:30,25.445266276770322,26.148012845450847,25.240297317504883,25.240297317504883,500,0.0,0.0
2012-03-19 00:00:00+05:30,26.294421481674238,26.294421481674238,25.03533363342285,25.03533363342285,322,0.0,0.0
2012-03-20 00:00:00+05:30,25.03533343083011,25.093894720706036,24.44971159619081,24.654678344726562,1570,0.0,0.0
2012-03-21 00:00:00+05:30,26.030890921832135,26.030890921832135,24.01049515132876,24.537555694580078,1363,0.0,0.0
2012-03-22 00:00:00+05:30,24.244743887863695,25.093893727298862,23.805527529271743,24.069055557250977,2384,0.0,0.0
2012-03-23 00:00:00+05:30,24.0104956858172,24.80108428432316,23.629840592332076,23.746965408325195,690,0.0,0.0
2012-03-26 00:00:00+05:30,24.888924970859435,24.888924970859435,23.42487056080888,24.0104923248291,600,0.0,0.0
2012-03-27 00:00:00+05:30,24.27402673451047,24.332588027382535,23.161344298180293,23.3370304107666,3889,0.0,0.0
2012-03-28 00:00:00+05:30,22.253627707741476,24.24474265939048,22.253627707741476,24.156898498535156,1841,0.0,0.0
2012-03-29 00:00:00+05:30,24.391149994385547,24.62539738486356,24.098339080810547,24.098339080810547,516,0.0,0.0
2012-03-30 00:00:00+05:30,24.01049679767813,25.91376788529896,24.01049679767813,25.386707305908203,3785,0.0,0.0
2012-04-02 00:00:00+05:30,25.88447894667145,26.08944564301483,25.18173247725645,25.562387466430664,2022,0.0,0.0
2012-04-03 00:00:00+05:30,26.06017528379584,26.294424943979884,25.269586590122746,25.328147888183594,903,0.0,0.0
2012-04-04 00:00:00+05:30,25.152455395393616,26.060168689468803,24.625394910333313,25.73807716369629,1401,0.0,0.0
2012-04-09 00:00:00+05:30,25.884479239382568,25.884479239382568,24.596111069880642,24.71323585510254,3018,0.0,0.0
2012-04-10 00:00:00+05:30,24.596116368366317,25.708798716713726,24.596116368366317,25.679515838623047,1013,0.0,0.0
2012-04-11 00:00:00+05:30,25.70879448183778,25.70879448183778,24.274020816565223,25.123172760009766,2353,0.0,0.0
2012-04-12 00:00:00+05:30,25.70880317687988,25.70880317687988,25.70880317687988,25.708803176879883,1400,0.0,0.0
2012-04-13 00:00:00+05:30,26.177299643858365,26.177299643858365,24.30330909794561,25.00605583190918,913,0.0,0.0
2012-04-16 00:00:00+05:30,23.65912545906106,26.265141105458,23.65912545906106,24.683963775634766,119,0.0,0.0
2012-04-17 00:00:00+05:30,24.625399341152082,25.181740567935385,24.625399341152082,24.771804809570312,54,0.0,0.0
2012-04-18 00:00:00+05:30,25.474551184851972,25.767362118011192,24.683962558910135,25.445270538330078,1702,0.0,0.0
2012-04-19 00:00:00+05:30,25.474543320015247,25.73807352529205,24.888921634497652,25.562387466430664,5043,0.0,0.0
2012-04-20 00:00:00+05:30,25.825921256070224,25.825921256070224,25.181738150460376,25.620954513549805,1563,0.0,0.0
2012-04-23 00:00:00+05:30,25.855201918375272,25.855201918375272,25.18173599243164,25.18173599243164,875,0.0,0.0
2012-04-24 00:00:00+05:30,24.742521286010742,24.742521286010742,24.742521286010742,24.742521286010742,114,0.0,0.0
2012-04-25 00:00:00+05:30,25.767357759697493,25.767357759697493,24.830363825660033,25.18173599243164,420,0.0,0.0
2012-04-26 00:00:00+05:30,25.21101977332783,25.474550048206737,24.9182088532335,25.093894958496094,1358,0.0,0.0
2012-04-27 00:00:00+05:30,25.855203111788814,25.855203111788814,24.449709911888704,24.47899055480957,102,0.0,0.0
2012-04-30 00:00:00+05:30,27.37782177334588,27.37782177334588,24.566837310791016,24.566837310791016,26222,0.0,0.0
2012-05-02 00:00:00+05:30,26.060171566686094,26.060171566686094,24.27402542295442,24.537555694580078,1922,0.0,0.0
2012-05-03 00:00:00+05:30,24.47899291387366,24.47899291387366,24.127620697021484,24.127620697021484,994,0.0,0.0
2012-05-04 00:00:00+05:30,24.801080812668506,25.21101649427661,24.010492324829105,24.0104923248291,26371,0.0,0.0
2012-05-07 00:00:00+05:30,25.56239149031428,25.56239149031428,23.571276552536908,24.888925552368164,1153,0.0,0.0
2012-05-08 00:00:00+05:30,24.508271197730437,24.625396003383752,24.332585106235385,24.47899055480957,285,0.0,0.0
2012-05-09 00:00:00+05:30,26.821483240026907,26.821483240026907,24.30330945421551,24.332590103149414,1052,0.0,0.0
2012-05-10 00:00:00+05:30,24.27402810769092,24.56683905655578,23.864092332486067,24.18618392944336,550,0.0,0.0
2012-05-11 00:00:00+05:30,24.09833865091058,24.85964656583031,23.893369674682617,23.893369674682617,401,0.0,0.0
2012-05-14 00:00:00+05:30,24.391151742541872,24.391151742541872,23.688405052800793,23.71768569946289,636,0.0,0.0
2012-05-15 00:00:00+05:30,23.48343179491078,23.541995311573167,23.337026354209414,23.454151153564453,500,0.0,0.0
2012-05-16 00:00:00+05:30,23.776242172766086,23.776242172766086,23.190620422363278,23.19062042236328,678,0.0,0.0
2012-05-17 00:00:00+05:30,22.86853428578561,23.922653237676418,22.86853428578561,23.307750701904297,3468,0.0,0.0
2012-05-18 00:00:00+05:30,23.92265147500002,23.92265147500002,23.073501586914062,23.073501586914062,102,0.0,0.0
2012-05-21 00:00:00+05:30,23.424872850679215,24.74252194852992,23.014937128998337,23.102781295776367,636,0.0,0.0
2012-05-22 00:00:00+05:30,23.219904713148935,23.51271560620771,23.190621836667194,23.42487144470215,1400,0.0,0.0
2012-05-23 00:00:00+05:30,23.571279296392127,23.571279296392127,23.044218741518318,23.132062911987305,113,0.0,0.0
2012-05-24 00:00:00+05:30,23.424873563828253,24.80108399211515,23.424873563828253,24.42043113708496,1677,0.0,0.0
2012-05-25 00:00:00+05:30,23.717689674412114,24.859652957381616,23.717689674412114,24.21546745300293,502,0.0,0.0
2012-05-28 00:00:00+05:30,24.830364746423225,25.298861730814828,23.981212705605408,25.152456283569336,2125,0.0,0.0
2012-05-29 00:00:00+05:30,27.524220722869277,27.787750942541727,26.52866335631201,27.436376571655273,24711,0.0,0.0
2012-05-30 00:00:00+05:30,27.28997319521481,27.28997319521481,26.14801254734413,27.202131271362305,2939,0.0,0.0
2012-05-31 00:00:00+05:30,26.704350167516328,26.762913681277716,26.704350167516328,26.733633041381836,325,0.0,0.0
2012-06-01 00:00:00+05:30,26.44082761322207,27.465665858169125,26.08945316028674,26.294422149658203,115,0.0,0.0
2012-06-04 00:00:00+05:30,26.030886514032538,26.938599754622636,26.030886514032538,26.733633041381836,6,0.0,0.0
2012-06-05 00:00:00+05:30,26.089449030806062,27.28997319521481,26.060168389521895,27.202131271362305,4162,0.0,0.0
2012-06-06 00:00:00+05:30,27.524227394230838,28.168410546039688,27.055730353463485,28.022005081176758,7473,0.0,0.0
2012-06-07 00:00:00+05:30,27.524231514475794,27.55351216503753,27.289981842041016,27.289981842041016,948,0.0,0.0
2012-06-08 00:00:00+05:30,27.992722238999626,27.992722238999626,27.52422523498535,27.52422523498535,1402,0.0,0.0
2012-06-11 00:00:00+05:30,27.99272698043243,28.40266276611893,27.846321502256558,28.05129051208496,6990,0.0,0.0
2012-06-12 00:00:00+05:30,28.109852256659124,28.60762999678266,27.582791633258626,28.373382568359375,2460,0.0,0.0
2012-06-13 00:00:00+05:30,28.900439328126637,28.900439328126637,27.524228782585453,27.641353607177734,664,0.0,0.0
2012-06-14 00:00:00+05:30,27.612072959522216,27.64135360717773,26.967887541249787,27.641353607177734,1669,0.0,0.0
2012-06-15 00:00:00+05:30,27.524225027450004,28.929718262865205,27.524225027450004,28.25625228881836,52863,0.0,0.0
2012-06-18 00:00:00+05:30,28.92972331533403,28.92972331533403,28.109851745825985,28.66619300842285,1603,0.0,0.0
2012-06-19 00:00:00+05:30,28.109843015191117,29.866708203640563,28.109843015191117,29.54461669921875,6158,0.0,0.0
2012-06-20 00:00:00+05:30,29.28109121794748,29.60318277455091,29.222529929099576,29.573902130126953,2025,0.0,0.0
2012-06-21 00:00:00+05:30,29.57390351687179,30.59874175755547,28.871156847894685,30.42305564880371,3489,0.0,0.0
2012-06-22 00:00:00+05:30,31.272203314183944,31.623575481501614,29.515338009656077,30.10095977783203,10340,0.0,0.0
2012-06-25 00:00:00+05:30,30.803702692332187,30.891546847096627,29.866708800036548,29.925270080566406,1552,0.0,0.0
2012-06-26 00:00:00+05:30,30.862269671217014,31.037955766497547,30.305928507853736,30.774425506591797,11149,0.0,0.0
2012-06-27 00:00:00+05:30,31.301488391413553,31.301488391413553,30.3059307976438,30.97939682006836,703,0.0,0.0
2012-06-28 00:00:00+05:30,30.452336818459557,30.891553214879647,30.18880653381348,30.188806533813477,1200,0.0,0.0
2012-06-29 00:00:00+05:30,31.00867947500998,31.125804299625425,29.92527763977989,30.481618881225586,2930,0.0,0.0
2012-07-02 00:00:00+05:30,31.008676528930664,31.15508198729769,30.305929881974922,31.008676528930664,1181,0.0,0.0
2012-07-03 00:00:00+05:30,31.008675877961053,33.380443806922045,30.5694595120805,31.535734176635742,33374,0.0,0.0
2012-07-04 00:00:00+05:30,32.44345628062067,33.819666942258614,31.91639564247783,33.17548370361328,8030,0.0,0.0
2012-07-05 00:00:00+05:30,33.35116104962067,38.943848640701944,32.94122535397721,38.47534942626953,70354,0.0,0.0
2012-07-06 00:00:00+05:30,37.596922248670836,38.82673174942928,37.186988727044884,38.2996711730957,17926,0.0,0.0
2012-07-09 00:00:00+05:30,38.65104168940652,40.11509629885373,36.36711560508084,39.91012954711914,36443,0.0,0.0
2012-07-10 00:00:00+05:30,38.943850713889304,40.72999903756695,38.943850713889304,39.851566314697266,14312,0.0,0.0
2012-07-11 00:00:00+05:30,39.23666513660233,39.79300412375118,36.9527389589434,37.362674713134766,5269,0.0,0.0
2012-07-12 00:00:00+05:30,37.47979736328125,37.772608280181885,36.86489488458392,37.47979736328125,2303,0.0,0.0
2012-07-13 00:00:00+05:30,38.65103468725151,38.65103468725151,34.639526677692814,35.07874298095703,6538,0.0,0.0
2012-07-16 00:00:00+05:30,36.015736867666185,36.747764039773216,34.84449339229492,35.07874298095703,3970,0.0,0.0
2012-07-17 00:00:00+05:30,35.1080315319698,35.722934048302285,34.63953448304839,35.63508987426758,2582,0.0,0.0
2012-07-18 00:00:00+05:30,35.722936040699466,35.722936040699466,34.34672546386719,34.34672546386719,884,0.0,0.0
2012-07-19 00:00:00+05:30,34.580963827471194,35.13730493574781,34.55168318681868,34.66880798339844,875,0.0,0.0
2012-07-20 00:00:00+05:30,35.75979235714435,36.487110630214346,34.85064509382712,35.24460983276367,5854,2.0,0.0
2012-07-23 00:00:00+05:30,33.638445867016706,36.002229474396174,33.335396805151696,33.78997039794922,3800,0.0,0.0
2012-07-24 00:00:00+05:30,33.486918036949966,34.002100466532326,33.335393520945665,33.75966262817383,1959,0.0,0.0
2012-07-25 00:00:00+05:30,33.33539261075082,35.69917592070901,33.33539261075082,33.91118621826172,1250,0.0,0.0
2012-07-26 00:00:00+05:30,33.365704575296256,34.24454740473669,32.12320376019548,32.698997497558594,2286,0.0,0.0
2012-07-27 00:00:00+05:30,32.456548816680034,35.09307661595574,32.456548816680034,32.85051345825195,5188,0.0,0.0
2012-07-30 00:00:00+05:30,33.33539736881094,35.42643639345253,33.33539736881094,34.97186279296875,4471,0.0,0.0
2012-07-31 00:00:00+05:30,33.78997891849531,34.33546829223633,33.5172342316248,34.33546829223633,850,0.0,0.0
2012-08-01 00:00:00+05:30,36.33558403277838,37.123511154039775,33.57783795232304,34.244544982910156,10796,0.0,0.0
2012-08-02 00:00:00+05:30,35.3355181575909,35.75978728268294,33.941493014071945,34.00210189819336,835,0.0,0.0
2012-08-03 00:00:00+05:30,35.42643604131579,37.72960846512406,34.274848673371224,36.82046127319336,7280,0.0,0.0
2012-08-06 00:00:00+05:30,36.6386255477258,40.30551808392218,36.6386255477258,39.94186019897461,16530,0.0,0.0
2012-08-07 00:00:00+05:30,37.305343143639945,39.39638236220391,37.032598495639235,39.33577346801758,13002,0.0,0.0
2012-08-08 00:00:00+05:30,39.30545488559313,39.39637051160592,38.00234555591903,38.032649993896484,1945,0.0,0.0
2012-08-09 00:00:00+05:30,39.18424252668016,39.18424252668016,37.790215067050376,37.850826263427734,7600,0.0,0.0
2012-08-10 00:00:00+05:30,39.06302152712149,39.093328282431436,36.97198488726074,37.48716735839844,6953,0.0,0.0
2012-08-13 00:00:00+05:30,37.578086853027344,38.790283203125,36.759855241543846,37.578086853027344,2301,0.0,0.0
2012-08-14 00:00:00+05:30,38.18418647752709,38.18418647752709,36.97199008141512,37.30534362792969,1740,0.0,0.0
2012-08-16 00:00:00+05:30,37.21442697109405,37.21442697109405,36.36588864455538,36.75985336303711,3690,0.0,0.0
2012-08-17 00:00:00+05:30,37.578086853027344,37.578086853027344,36.971988677978516,37.578086853027344,4446,0.0,0.0
2012-08-21 00:00:00+05:30,36.790161594234725,37.881137903437484,36.66894149052749,37.3659553527832,3034,0.0,0.0
2012-08-22 00:00:00+05:30,37.5174693364681,38.093260620746406,36.66893116161505,37.214420318603516,7550,0.0,0.0
2012-08-23 00:00:00+05:30,37.578086853027344,38.18418502807617,36.971988677978516,37.578086853027344,727,0.0,0.0
2012-08-24 00:00:00+05:30,36.97198356864222,38.09326411269498,36.97198356864222,37.850826263427734,2325,0.0,0.0
2012-08-27 00:00:00+05:30,37.85083539959007,37.85083539959007,36.97199249267578,36.97199249267578,6607,0.0,0.0
2012-08-28 00:00:00+05:30,36.759859034353596,37.57809073026063,36.69924782334634,36.97199249267578,940,0.0,0.0
2012-08-29 00:00:00+05:30,36.63863892442037,37.517481831334656,36.60833447495738,36.97199249267578,5131,0.0,0.0
2012-08-30 00:00:00+05:30,36.66893476315547,36.66893476315547,35.75978762026732,36.002227783203125,1405,0.0,0.0
2012-08-31 00:00:00+05:30,36.36588563355,36.36588563355,35.21429833032195,35.3961296081543,3308,0.0,0.0
2012-09-03 00:00:00+05:30,36.63863711504482,36.63863711504482,35.274916147825394,35.45674514770508,801,0.0,0.0
2012-09-04 00:00:00+05:30,35.75979235714435,35.75979235714435,35.18399862796056,35.24460983276367,1901,0.0,0.0
2012-09-05 00:00:00+05:30,36.365882744223384,36.91137191021896,35.75978469848633,35.75978469848633,3374,0.0,0.0
2012-09-06 00:00:00+05:30,36.36589053218604,36.790159717477756,35.608267812765504,35.8507080078125,1086,0.0,0.0
2012-09-07 00:00:00+05:30,35.759789020446334,37.24472987438951,35.759789020446334,36.244667053222656,3309,0.0,0.0
2012-09-10 00:00:00+05:30,35.79009394671244,36.66893669351873,34.03241076518072,36.21436309814453,3152,0.0,0.0
2012-09-11 00:00:00+05:30,36.093138289567534,36.668931897481286,35.97191821757297,36.365882873535156,1394,0.0,0.0
2012-09-12 00:00:00+05:30,36.517413147224865,37.27503582662787,36.517413147224865,36.66893768310547,3207,0.0,0.0
2012-09-13 00:00:00+05:30,36.66894337388335,37.305346060931186,36.66894337388335,36.97199249267578,8284,0.0,0.0
2012-09-14 00:00:00+05:30,36.36588701634002,39.729733415016135,36.36588701634002,39.4872932434082,17896,0.0,0.0
2012-09-17 00:00:00+05:30,40.91162390687378,41.8207711048043,39.15393839937573,39.42668533325195,12292,0.0,0.0
2012-09-18 00:00:00+05:30,40.06308743272317,40.608576701304436,38.275099711211126,38.85089111328125,7607,0.0,0.0
2012-09-20 00:00:00+05:30,40.608571735425315,40.608571735425315,38.24478827673991,38.57814407348633,1336,0.0,0.0
2012-09-21 00:00:00+05:30,39.24485109018725,39.699424654938454,38.82058427941736,39.093326568603516,2992,0.0,0.0
2012-09-24 00:00:00+05:30,39.85094814023881,39.94186377565717,38.8508853989595,39.063018798828125,1094,0.0,0.0
2012-09-25 00:00:00+05:30,39.39637305590023,39.39637305590023,38.184176961872524,38.305397033691406,3679,0.0,0.0
2012-09-26 00:00:00+05:30,38.21448191212873,39.18424018754952,38.21448191212873,38.69935989379883,916,0.0,0.0
2012-09-27 00:00:00+05:30,38.18417691386328,38.24478579365624,38.18417691386328,38.214481353759766,410,0.0,0.0
2012-09-28 00:00:00+05:30,39.1236366476801,39.1236366476801,38.33570721881445,38.60845184326172,2393,0.0,0.0
2012-10-01 00:00:00+05:30,39.09333130200203,39.09333130200203,37.97205063135065,38.85089111328125,683,0.0,0.0
2012-10-03 00:00:00+05:30,41.517717654382814,41.517717654382814,37.94173812866211,37.94173812866211,2556,0.0,0.0
2012-10-04 00:00:00+05:30,38.184180202254325,38.63875377609069,37.63869098881839,37.72960662841797,1494,0.0,0.0
2012-10-05 00:00:00+05:30,37.578083472334555,38.42662176589703,36.48710731781198,36.941680908203125,4260,0.0,0.0
2012-10-08 00:00:00+05:30,37.06289566862161,37.42655356384294,36.5174065137091,36.60832214355469,2066,0.0,0.0
2012-10-09 00:00:00+05:30,36.66893238683028,37.57807947080128,36.33557891845703,36.33557891845703,11643,0.0,0.0
2012-10-10 00:00:00+05:30,37.57807623413602,37.57807623413602,35.18398865680321,35.487037658691406,3944,0.0,0.0
2012-10-11 00:00:00+05:30,36.123448395949225,36.85076662992477,35.51735025298309,36.57802200317383,4537,0.0,0.0
2012-10-12 00:00:00+05:30,35.63856619672614,37.002286859703524,35.577957314314965,36.69923782348633,1712,0.0,0.0
2012-10-15 00:00:00+05:30,36.27497485183994,36.27497485183994,34.88094951164385,35.15369415283203,2263,0.0,0.0
2012-10-16 00:00:00+05:30,35.002169609069824,35.002169609069824,33.911193356398144,33.941497802734375,7484,0.0,0.0
2012-10-17 00:00:00+05:30,35.062770808094925,35.062770808094925,34.06271042595121,34.63850402832031,2063,0.0,0.0
2012-10-18 00:00:00+05:30,34.911246509622224,35.82039357822781,34.820333190010004,35.75978469848633,2920,0.0,0.0
2012-10-19 00:00:00+05:30,35.75979425153162,36.91138177090494,35.18400049184496,35.45674514770508,8549,0.0,0.0
2012-10-22 00:00:00+05:30,36.36589100293793,36.66894009462908,35.54765938020426,35.729488372802734,3077,0.0,0.0
2012-10-23 00:00:00+05:30,35.36582004392502,36.062833721354856,35.33551560405428,35.75978469848633,2169,0.0,0.0
2012-10-25 00:00:00+05:30,35.214297892309204,36.032531696134924,35.093080124703064,35.94161605834961,1527,0.0,0.0
2012-10-29 00:00:00+05:30,35.06277525877479,36.48710722565124,34.85064184196041,36.244667053222656,990,0.0,0.0
2012-10-30 00:00:00+05:30,35.45674139806573,36.15375518798828,35.45674139806573,36.15375518798828,1100,0.0,0.0
2012-10-31 00:00:00+05:30,36.820456409454344,37.54777452934116,36.24466280154059,36.365882873535156,6690,0.0,0.0
2012-11-01 00:00:00+05:30,36.42649223960578,37.275030442810944,36.21435884484478,36.33557891845703,2276,0.0,0.0
2012-11-02 00:00:00+05:30,36.668937616746774,36.79015770764807,35.57796142279694,35.971923828125,2821,0.0,0.0
2012-11-05 00:00:00+05:30,36.184053057742794,36.79015109116535,35.91130848028654,36.60832214355469,29470,0.0,0.0
2012-11-06 00:00:00+05:30,37.57808543776966,39.18424646599059,37.09320737840818,38.36601257324219,7732,0.0,0.0
2012-11-07 00:00:00+05:30,38.48723220180358,40.30552663653446,37.85082961206396,39.51759719848633,14029,0.0,0.0
2012-11-08 00:00:00+05:30,38.790280445035876,39.82064541969243,38.39631573443363,39.42668533325195,1810,0.0,0.0
2012-11-09 00:00:00+05:30,39.39637279335582,39.51759055228632,38.15387226767378,39.12363052368164,4271,0.0,0.0
2012-11-12 00:00:00+05:30,46.942298889160156,46.942298889160156,46.942298889160156,46.942298889160156,34573,0.0,0.0
2012-11-15 00:00:00+05:30,58.79151394762699,61.9129199944209,52.42748408731685,61.70078659057617,249957,0.0,0.0
2012-11-16 00:00:00+05:30,63.64029860310138,66.30713108844456,60.064318994856734,61.70078659057617,137006,0.0,0.0
2012-11-19 00:00:00+05:30,62.367485204406634,63.337241080811786,58.24601694948376,59.700653076171875,38680,0.0,0.0
2012-11-20 00:00:00+05:30,60.003707403885684,60.60980545847039,56.36711907637746,57.579315185546875,36574,0.0,0.0
2012-11-21 00:00:00+05:30,57.54901628502839,62.67054831953766,57.54901628502839,61.215911865234375,39243,0.0,0.0
2012-11-22 00:00:00+05:30,62.491237436123185,62.491237436123185,58.69712853778838,61.2477912902832,10571,5.0,0.0
2012-11-23 00:00:00+05:30,61.27967739756385,67.36938723574937,61.27967739756385,67.01866912841797,75991,0.0,0.0
2012-11-26 00:00:00+05:30,68.3896423606956,73.33155124923071,66.95489461886282,72.85330200195312,92785,0.0,0.0
2012-11-27 00:00:00+05:30,72.43882947423569,76.51989131750327,68.86790218575294,69.21862030029297,79474,0.0,0.0
2012-11-29 00:00:00+05:30,70.14323337623334,71.41856489216485,68.54906898131895,70.0794677734375,21903,0.0,0.0
2012-11-30 00:00:00+05:30,69.47366148172594,70.14321227214272,67.30560244895237,67.78385162353516,17120,0.0,0.0
2012-12-03 00:00:00+05:30,67.84762336718796,71.16348266601562,65.99839208457144,71.16348266601562,30644,0.0,0.0
2012-12-04 00:00:00+05:30,73.3953359007449,74.70255279541016,71.09973989072675,74.70255279541016,26439,0.0,0.0
2012-12-05 00:00:00+05:30,77.73146045260411,78.43289184570312,75.94599430198494,78.43289184570312,21720,0.0,0.0
2012-12-06 00:00:00+05:30,79.7081990162041,82.35450733154018,78.11403503588002,82.3226318359375,49310,0.0,0.0
2012-12-07 00:00:00+05:30,85.06460092649054,86.08486994375242,79.61256208238817,82.96031188964844,32180,0.0,0.0
2012-12-10 00:00:00+05:30,84.17188887075245,84.17188887075245,78.81549496961283,79.10244750976562,13100,0.0,0.0
2012-12-11 00:00:00+05:30,76.20104782286552,77.79521200326019,75.14889849080443,76.93436431884766,20219,0.0,0.0
2012-12-12 00:00:00+05:30,79.26185130086833,79.26185130086833,73.96922385490402,74.73442077636719,14543,0.0,0.0
2012-12-13 00:00:00+05:30,71.80116031545933,77.79521915801173,71.0997289845763,71.45044708251953,13872,0.0,0.0
2012-12-14 00:00:00+05:30,70.78088942867551,72.69388644026132,68.29399234061333,70.81277465820312,17164,0.0,0.0
2012-12-17 00:00:00+05:30,74.0329756969386,74.0329756969386,70.14321648314643,71.35478210449219,4488,0.0,0.0
2012-12-18 00:00:00+05:30,71.38668004595674,74.89384173381534,68.9954334405986,74.8619613647461,10149,0.0,0.0
2012-12-19 00:00:00+05:30,76.99813528350779,78.59229957509181,73.52285907385598,77.82710266113281,18842,0.0,0.0
2012-12-20 00:00:00+05:30,79.70821968205233,80.25023460288955,75.754693931824,79.5806884765625,24347,0.0,0.0
2012-12-21 00:00:00+05:30,78.11406007069223,80.34589035842629,77.7952271724445,78.33724212646484,30373,0.0,0.0
2012-12-24 00:00:00+05:30,79.64446136978614,82.22700500488281,78.75172825462761,82.22700500488281,11782,0.0,0.0
2012-12-26 00:00:00+05:30,86.30806312812462,86.30806312812462,78.78360533442287,80.21835327148438,19777,0.0,0.0
2012-12-27 00:00:00+05:30,78.49663673968828,80.91976803831497,76.2329267108422,78.24156951904297,24296,0.0,0.0
2012-12-28 00:00:00+05:30,78.24159707101875,80.02706337926706,75.30833516318592,79.45316314697266,14978,0.0,0.0
2012-12-31 00:00:00+05:30,79.70821890808503,79.70821890808503,75.49962592273886,77.60391998291016,8432,0.0,0.0
2013-01-01 00:00:00+05:30,78.75170135498047,79.03864892808672,77.79520295795642,78.75170135498047,9038,0.0,0.0
2013-01-02 00:00:00+05:30,76.55177706202313,79.64445505039436,76.55177706202313,78.94302368164062,4872,0.0,0.0
2013-01-03 00:00:00+05:30,79.64445486336221,81.52556692037568,78.27347249833365,80.34588623046875,5851,0.0,0.0
2013-01-04 00:00:00+05:30,79.3893858507363,80.98355022524908,79.3893858507363,80.21835327148438,4768,0.0,0.0
2013-01-07 00:00:00+05:30,80.6009524722606,81.94004958587732,79.7082194415149,79.74010467529297,8203,0.0,0.0
2013-01-08 00:00:00+05:30,79.13431581769694,82.76901338381404,79.13431581769694,82.13134765625,9564,0.0,0.0
2013-01-09 00:00:00+05:30,81.62121726778656,81.62121726778656,79.70821998807281,80.66471862792969,11819,0.0,0.0
2013-01-10 00:00:00+05:30,80.05893555540489,80.63283082906088,77.95463666865453,78.56041717529297,2211,0.0,0.0
2013-01-11 00:00:00+05:30,78.43286997581653,80.12268481414968,75.8822075375786,77.63578796386719,5454,0.0,0.0
2013-01-14 00:00:00+05:30,77.79521335058863,78.27346261298979,75.882216300984,75.97786712646484,2081,0.0,0.0
2013-01-15 00:00:00+05:30,77.12566066359933,78.33722640682102,76.64741141219628,77.2531967163086,3705,0.0,0.0
2013-01-16 00:00:00+05:30,76.51989724115168,77.1575630514946,74.63878504664166,75.43586730957031,2393,0.0,0.0
2013-01-17 00:00:00+05:30,74.22429647146318,76.51989226645613,74.22429647146318,74.92572784423828,1879,0.0,0.0
2013-01-18 00:00:00+05:30,75.88222354188999,78.36912091668373,75.88222354188999,77.54015350341797,4363,0.0,0.0
2013-01-21 00:00:00+05:30,77.7952106689753,78.43287633019641,76.51987934653309,77.1894302368164,10736,0.0,0.0
2013-01-22 00:00:00+05:30,79.38939167096044,79.38939167096044,75.65904773412092,77.09379577636719,2456,0.0,0.0
2013-01-23 00:00:00+05:30,75.88222978991399,77.63581073043721,75.24456399336009,77.09379577636719,12229,0.0,0.0
2013-01-24 00:00:00+05:30,77.31696731273317,77.4763837401821,73.39532222448872,74.44747161865234,3401,0.0,0.0
2013-01-25 00:00:00+05:30,73.96923127767214,75.81846303261472,73.96923127767214,74.19241333007812,2562,0.0,0.0
2013-01-28 00:00:00+05:30,74.19241818651537,75.24456777673325,74.19241818651537,74.70255279541016,2956,0.0,0.0
2013-01-29 00:00:00+05:30,76.51989969924261,76.51989969924261,73.68228869806404,74.54313659667969,6210,0.0,0.0
2013-01-30 00:00:00+05:30,74.60688032167738,74.60688032167738,72.08810297476715,73.04460144042969,1203,0.0,0.0
2013-01-31 00:00:00+05:30,73.2677910285309,76.67930160293743,71.80115794999938,74.44747161865234,15231,0.0,0.0
2013-02-01 00:00:00+05:30,72.08810259988257,75.56337839438262,72.08810259988257,74.06486511230469,1460,0.0,0.0
2013-02-04 00:00:00+05:30,73.33156045799781,76.51988917356294,72.05622897177177,73.1402587890625,13321,0.0,0.0
2013-02-05 00:00:00+05:30,72.82141831165727,73.01271996061205,70.78089009282041,71.03595733642578,3681,0.0,0.0
2013-02-06 00:00:00+05:30,72.69388519832185,74.57499694824219,72.69388519832185,74.57499694824219,7461,0.0,0.0
2013-02-07 00:00:00+05:30,78.11403635805833,78.27345275878906,76.83870515221248,78.27345275878906,5762,0.0,0.0
2013-02-08 00:00:00+05:30,81.4936886968704,82.16323971242132,74.3837142710356,74.67066192626953,13326,0.0,0.0
2013-02-11 00:00:00+05:30,75.24456515961047,75.69092927811504,72.37506903064228,72.7576675415039,15695,0.0,0.0
2013-02-12 00:00:00+05:30,76.13729150953367,76.13729150953367,70.78089823748037,75.11702728271484,4761,0.0,0.0
2013-02-13 00:00:00+05:30,75.27643809529516,77.15754997089842,73.96922145970427,74.38370513916016,4969,0.0,0.0
2013-02-14 00:00:00+05:30,71.0997375600367,78.0821762084961,71.0997375600367,78.0821762084961,21460,0.0,0.0
2013-02-15 00:00:00+05:30,81.971923828125,81.971923828125,80.15457277654228,81.971923828125,45138,0.0,0.0
2013-02-18 00:00:00+05:30,81.68498361370858,86.0211027782402,81.68498361370858,84.77765655517578,20111,0.0,0.0
2013-02-19 00:00:00+05:30,84.1718954214777,88.98627471923828,84.1718954214777,88.98627471923828,10163,0.0,0.0
2013-02-20 00:00:00+05:30,92.39776653613066,93.41803566405508,91.50503834670242,93.2905044555664,23432,0.0,0.0
2013-02-21 00:00:00+05:30,95.64986789991801,96.98896994251994,90.89925974022361,92.01517486572266,23040,0.0,0.0
2013-02-22 00:00:00+05:30,91.18620149760709,94.08758258216874,89.40073546633784,89.68768310546875,4308,0.0,0.0
2013-02-25 00:00:00+05:30,91.6325534921014,91.6325534921014,89.2731924936281,89.91085815429688,4490,0.0,0.0
2013-02-26 00:00:00+05:30,90.24141766624287,91.33224395459011,85.44837533598455,85.7458724975586,5835,5.0,0.0
2013-02-27 00:00:00+05:30,82.96922175513838,85.08476961501465,82.04366767499353,84.42366027832031,2901,0.0,0.0
2013-02-28 00:00:00+05:30,81.64700862597614,85.94421960629069,80.22562244679156,80.52312469482422,19014,0.0,0.0
2013-03-01 00:00:00+05:30,78.01090172521262,80.98589374015717,77.41590231345091,80.12644958496094,7138,0.0,0.0
2013-03-04 00:00:00+05:30,79.36617508671267,83.26671600046036,79.33311760349905,81.87838745117188,5822,0.0,0.0
2013-03-05 00:00:00+05:30,81.38255607587989,83.03532937166894,79.36617568133553,81.15116882324219,12014,0.0,0.0
2013-03-06 00:00:00+05:30,81.38255833590236,82.93616426831548,80.85367389288085,82.27505493164062,6312,0.0,0.0
2013-03-07 00:00:00+05:30,81.97756106552195,87.26643597297497,81.97756106552195,84.72116088867188,4833,0.0,0.0
2013-03-08 00:00:00+05:30,85.84503904366886,87.26641987780003,84.7542027425605,85.5805892944336,5452,0.0,0.0
2013-03-11 00:00:00+05:30,84.48976586825084,87.23336527588647,83.66337928911639,84.58892822265625,1429,0.0,0.0
2013-03-12 00:00:00+05:30,86.44005191232276,86.44005191232276,82.96922764815683,83.96089172363281,5691,0.0,0.0
2013-03-13 00:00:00+05:30,83.96087996290606,84.95254389947581,82.07671949219625,83.63032531738281,5550,0.0,0.0
2013-03-14 00:00:00+05:30,83.63032600151853,83.96088064974586,82.96921670506383,83.66338348388672,723,0.0,0.0
2013-03-15 00:00:00+05:30,83.29978072907582,85.21699386949491,83.1345033863594,85.01866912841797,5366,0.0,0.0
2013-03-18 00:00:00+05:30,82.04365818815107,86.5722556120853,80.68838723095826,85.44837188720703,4597,0.0,0.0
2013-03-19 00:00:00+05:30,84.1592254550457,87.2003225274086,82.638671875,82.638671875,4739,0.0,0.0
2013-03-20 00:00:00+05:30,82.63866289174632,86.60531871055014,77.34978846667455,79.16783905029297,4822,0.0,0.0
2013-03-21 00:00:00+05:30,76.02757204830999,82.63866526990218,76.02757204830999,80.2917251586914,7162,0.0,0.0
2013-03-22 00:00:00+05:30,82.44032997641212,82.50644494333473,77.38284772638869,81.15116882324219,5188,0.0,0.0
2013-03-25 00:00:00+05:30,76.68867516517639,86.73753403134378,76.68867516517639,84.62198638916016,21209,0.0,0.0
2013-03-26 00:00:00+05:30,83.36588417119125,85.2500447227904,82.07672301585075,82.67172241210938,1644,0.0,0.0
2013-03-28 00:00:00+05:30,81.97755093949024,83.29976950303042,80.98588701683512,83.0683822631836,12037,0.0,0.0
2013-04-01 00:00:00+05:30,81.48171606091256,85.21697933409088,81.48171606091256,83.92781829833984,1911,0.0,0.0
2013-04-02 00:00:00+05:30,83.96087644005944,84.95254033502077,83.82865660494328,84.58892822265625,8238,0.0,0.0
2013-04-03 00:00:00+05:30,84.55586634579426,84.62197625597167,81.97753949797256,83.49809265136719,4628,0.0,0.0
2013-04-04 00:00:00+05:30,80.72144554556347,83.06838560789106,80.72144554556347,81.21727752685547,6296,0.0,0.0
2013-04-05 00:00:00+05:30,81.31644078732359,82.20893729938737,79.99422223793621,80.88671875,3462,0.0,0.0
2013-04-08 00:00:00+05:30,80.32478157059123,81.2833880573861,79.99422691392213,80.49005889892578,711,0.0,0.0
2013-04-09 00:00:00+05:30,79.53144607282343,82.6056000997198,79.39922119437693,80.42394256591797,1261,0.0,0.0
2013-04-10 00:00:00+05:30,79.43229444627322,81.18423534359687,78.67201763680849,78.93646240234375,1303,0.0,0.0
2013-04-11 00:00:00+05:30,78.11007282397915,81.25034232141655,76.68868667426095,78.539794921875,3142,0.0,0.0
2013-04-12 00:00:00+05:30,78.04395637462778,78.04395637462778,76.68868026617147,76.953125,1018,0.0,0.0
2013-04-15 00:00:00+05:30,74.11036547300166,79.99424035945339,74.11036547300166,79.89507293701172,1542,0.0,0.0
2013-04-16 00:00:00+05:30,79.33310837042137,80.7214367581311,79.33310837042137,80.65532684326172,27056,0.0,0.0
2013-04-17 00:00:00+05:30,80.02728968818816,81.31645091688583,80.02728968818816,80.75450897216797,1009,0.0,0.0
2013-04-18 00:00:00+05:30,80.6553254445394,80.98588005701701,79.3331069946289,79.3331069946289,2472,0.0,0.0
2013-04-22 00:00:00+05:30,78.04395237199049,80.5892220863403,78.01089489050842,78.77117156982422,894,0.0,0.0
2013-04-23 00:00:00+05:30,79.33312115527617,82.63866787007936,79.33312115527617,81.68006134033203,2167,0.0,0.0
2013-04-25 00:00:00+05:30,82.60561687893862,82.63867436623087,80.65534618144133,80.98590087890625,7390,0.0,0.0
2013-04-26 00:00:00+05:30,81.31643676757812,81.91143609416231,80.25866298913024,81.31643676757812,2276,0.0,0.0
2013-04-29 00:00:00+05:30,78.5067502190085,80.88674332213807,78.07702805114198,78.67202758789062,2908,0.0,0.0
2013-04-30 00:00:00+05:30,79.4653280352121,79.99421744079568,78.20922452371163,79.26699829101562,2866,0.0,0.0
2013-05-02 00:00:00+05:30,78.70507281679672,79.89506666102544,78.04396344427045,79.2009048461914,935,0.0,0.0
2013-05-03 00:00:00+05:30,78.01090824490254,79.33312702871444,78.01090824490254,78.93646240234375,7068,0.0,0.0
2013-05-06 00:00:00+05:30,76.35812968103976,79.9942310944226,76.35812968103976,77.28368377685547,13745,0.0,0.0
2013-05-07 00:00:00+05:30,78.07699708128106,78.6719963820185,76.68866874213569,78.6389389038086,8851,0.0,0.0
2013-05-08 00:00:00+05:30,76.09369228179439,79.99423881979706,76.09369228179439,77.9117431640625,10893,0.0,0.0
2013-05-09 00:00:00+05:30,76.25896858672053,78.40757414532784,76.25896858672053,77.34980010986328,5416,0.0,0.0
2013-05-10 00:00:00+05:30,76.82090253518547,83.43199587018813,76.82090253518547,82.5064468383789,13765,0.0,0.0
2013-05-13 00:00:00+05:30,85.94421987458477,86.90282646333249,83.49811717262308,83.96089172363281,11630,0.0,0.0
2013-05-14 00:00:00+05:30,82.17589547056345,89.58031828546991,82.17589547056345,88.62171173095703,27578,0.0,0.0
2013-05-15 00:00:00+05:30,89.91086206361369,92.35696438162248,87.29948242563502,88.72086334228516,5658,0.0,0.0
2013-05-16 00:00:00+05:30,90.4727972130823,90.4727972130823,85.94419520013855,86.90280151367188,5000,0.0,0.0
2013-05-17 00:00:00+05:30,84.82032121747322,86.53919926397826,82.80393592978147,83.99393463134766,7182,0.0,0.0
2013-05-20 00:00:00+05:30,85.81199223701616,85.878097116752,81.97755614186715,82.57255554199219,4804,0.0,0.0
2013-05-21 00:00:00+05:30,82.96922302246094,83.2997776958572,82.90311309655449,82.96922302246094,889,0.0,0.0
2013-05-22 00:00:00+05:30,84.91949232792494,84.91949232792494,81.48172579275393,83.03533172607422,2022,0.0,0.0
2013-05-23 00:00:00+05:30,81.31644616041002,81.31644616041002,79.36617568874246,79.7628402709961,2431,0.0,0.0
2013-05-24 00:00:00+05:30,81.18422280782815,81.97755193807049,80.19255887309343,81.48171997070312,2095,0.0,0.0
2013-05-27 00:00:00+05:30,84.62198977920508,87.26642695980524,83.43199103038955,85.54753875732422,2275,0.0,0.0
2013-05-28 00:00:00+05:30,87.927526931858,90.57196383206426,79.46532683365274,79.9611587524414,23712,0.0,0.0
2013-05-29 00:00:00+05:30,78.5067373396749,80.95283998029171,78.5067373396749,80.68840026855469,3478,0.0,0.0
2013-05-30 00:00:00+05:30,79.99423095544654,80.58923037628465,79.33312160870732,80.06034088134766,1613,0.0,0.0
2013-05-31 00:00:00+05:30,80.32477884007031,80.32477884007031,74.70534986771972,76.32506561279297,4749,0.0,0.0
2013-06-03 00:00:00+05:30,77.34978350153095,77.34978350153095,75.43256563673742,76.6556167602539,1313,0.0,0.0
2013-06-04 00:00:00+05:30,76.65560729939382,78.01088313409913,75.06894930463795,75.56478118896484,2288,0.0,0.0
2013-06-05 00:00:00+05:30,75.36646612702059,78.63895540183243,75.36646612702059,75.6639633178711,1904,0.0,0.0
2013-06-06 00:00:00+05:30,77.25062566869669,77.34979307885263,74.24258118639304,75.86229705810547,861,0.0,0.0
2013-06-07 00:00:00+05:30,75.39951503233938,77.68034001962553,75.39951503233938,77.25061798095703,2737,0.0,0.0
2013-06-10 00:00:00+05:30,77.87868137198303,77.87868137198303,76.68868255615234,76.68868255615234,1852,0.0,0.0
2013-06-11 00:00:00+05:30,76.68868371995829,80.32478510323217,75.76312963180669,78.01090240478516,2330,0.0,0.0
2013-06-12 00:00:00+05:30,80.45700986886402,80.45700986886402,77.41590771677012,78.37451934814453,642,0.0,0.0
2013-06-13 00:00:00+05:30,77.34978481808017,78.14311392687407,74.17645829517765,77.97783660888672,1313,0.0,0.0
2013-06-14 00:00:00+05:30,72.78814254498488,79.00257179540463,72.78814254498488,78.27535247802734,3451,0.0,0.0
2013-06-17 00:00:00+05:30,75.56479938070069,79.63061777591051,73.54841388146112,76.72174072265625,1675,0.0,0.0
2013-06-18 00:00:00+05:30,77.68035765641865,78.53980192888659,76.68869351612395,77.74646759033203,775,0.0,0.0
2013-06-19 00:00:00+05:30,79.99423448971835,79.99423448971835,78.0109063618741,78.96951293945312,3447,0.0,0.0
2013-06-20 00:00:00+05:30,76.68867799187548,78.50672854771734,75.99451121664494,77.21756744384766,2940,0.0,0.0
2013-06-21 00:00:00+05:30,79.20090954326224,79.20090954326224,76.68869176112777,77.9117431640625,970,0.0,0.0
2013-06-24 00:00:00+05:30,78.83729033953293,78.83729033953293,73.41619566287169,75.0359115600586,4143,0.0,0.0
2013-06-25 00:00:00+05:30,74.0773136902055,75.36647506187593,69.48260012283373,70.63954162597656,6052,0.0,0.0
2013-06-26 00:00:00+05:30,72.72201849089774,72.72201849089774,67.76369904833652,68.85453033447266,17192,0.0,0.0
2013-06-27 00:00:00+05:30,72.39148441183472,72.39148441183472,65.4498352216588,66.9042739868164,12216,0.0,0.0
2013-06-28 00:00:00+05:30,69.41648496833639,71.39981311028886,67.76371151670934,70.37509155273438,1551,0.0,0.0
2013-07-01 00:00:00+05:30,69.48258521610114,72.06091245015463,69.48258521610114,71.3998031616211,206,0.0,0.0
2013-07-02 00:00:00+05:30,72.7220259036573,73.3831352300542,69.44953675553828,73.11869049072266,1105,0.0,0.0
2013-07-03 00:00:00+05:30,75.33339428340018,75.33339428340018,71.36673892749258,72.82118225097656,559,0.0,0.0
2013-07-04 00:00:00+05:30,75.36646869746374,75.36646869746374,70.17676111610422,74.90369415283203,717,0.0,0.0
2013-07-05 00:00:00+05:30,74.04424406352796,75.36646270751953,74.04424406352796,75.36646270751953,289,0.0,0.0
2013-07-08 00:00:00+05:30,76.68869095375359,76.68869095375359,72.1600925398264,74.44091796875,1111,0.0,0.0
2013-07-09 00:00:00+05:30,77.34979067350689,77.34979067350689,74.04424406352796,75.36646270751953,63,0.0,0.0
2013-07-10 00:00:00+05:30,75.3664691107118,75.3664691107118,74.04425035438352,74.67230224609375,562,0.0,0.0
2013-07-11 00:00:00+05:30,75.89534687344083,76.78784338692823,75.36645743529687,76.49034118652344,1811,0.0,0.0
2013-07-12 00:00:00+05:30,76.68869424582552,77.34980367897919,75.697030096095,77.01924896240234,2294,0.0,0.0
2013-07-15 00:00:00+05:30,74.24256667049208,79.16782829198921,74.24256667049208,78.6389389038086,1590,0.0,0.0
2013-07-16 00:00:00+05:30,77.01923201236212,79.8289464849161,77.01923201236212,78.57283782958984,804,0.0,0.0
2013-07-17 00:00:00+05:30,80.45699065950758,80.45699065950758,79.3331069946289,79.3331069946289,328,0.0,0.0
2013-07-18 00:00:00+05:30,79.33311820527807,80.6553368420327,79.0025635460894,79.7628402709961,676,0.0,0.0
2013-07-19 00:00:00+05:30,76.88702414115726,81.77922959630415,76.88702414115726,80.32479095458984,8423,0.0,0.0
2013-07-22 00:00:00+05:30,80.6553361553596,81.3495029512914,80.62227867217665,81.11811065673828,1643,0.0,0.0
2013-07-23 00:00:00+05:30,81.05200258092205,84.62199395987714,80.98589265691368,83.8617172241211,3855,0.0,0.0
2013-07-24 00:00:00+05:30,80.85367584228516,85.48144131058586,79.66367699003364,80.85367584228516,18809,0.0,0.0
2013-07-25 00:00:00+05:30,78.01090064663715,81.94449912779915,76.75479191558802,78.17617797851562,6955,0.0,0.0
2013-07-26 00:00:00+05:30,76.06063906755698,76.06063906755698,73.38314395959358,73.6806411743164,4678,0.0,0.0
2013-07-29 00:00:00+05:30,76.02757712477415,87.26643635191468,76.02757712477415,82.83700561523438,24207,0.0,0.0
2013-07-30 00:00:00+05:30,83.29977587581746,83.96088520816521,80.65533854642642,82.37422180175781,6040,0.0,0.0
2013-07-31 00:00:00+05:30,80.65534721895393,82.30812072753906,80.0603477470904,82.30812072753906,4415,0.0,0.0
2013-08-01 00:00:00+05:30,83.29977067185955,83.96087996290606,81.97755208976655,83.63032531738281,4458,0.0,0.0
2013-08-02 00:00:00+05:30,83.9608839817375,84.95254796577376,80.0272855292725,81.052001953125,29020,0.0,0.0
2013-08-05 00:00:00+05:30,79.36618216686414,85.21699405942879,76.09368774746666,76.92007446289062,17853,0.0,0.0
2013-08-06 00:00:00+05:30,76.68868132990188,77.34979065171139,70.07758811180689,70.44120025634766,4027,0.0,0.0
2013-08-07 00:00:00+05:30,72.3914713574355,75.36646333102875,70.87091788672008,74.63924407958984,4221,0.0,0.0
2013-08-08 00:00:00+05:30,73.41618141799344,76.32505797148443,73.41618141799344,75.69700622558594,2466,0.0,0.0
2013-08-12 00:00:00+05:30,76.65562216840176,77.34978895865311,74.80451913417103,76.2920150756836,1057,0.0,0.0
2013-08-13 00:00:00+05:30,78.01088716872424,79.00255098866565,78.01088716872424,78.6389389038086,2386,0.0,0.0
2013-08-14 00:00:00+05:30,78.01091464354482,79.30007604595578,77.87869477186439,78.24230194091797,2893,0.0,0.0
2013-08-16 00:00:00+05:30,76.06063009003014,77.68034592365875,76.0275726061341,77.41590118408203,1403,0.0,0.0
2013-08-19 00:00:00+05:30,76.85395929087764,77.9778431296288,74.70535397736923,76.02757263183594,1481,0.0,0.0
2013-08-20 00:00:00+05:30,73.4823021486043,77.34979067350689,73.4823021486043,75.36646270751953,4270,0.0,0.0
2013-08-21 00:00:00+05:30,78.40756337939929,78.40756337939929,72.65591438364719,73.41619110107422,4726,0.0,0.0
2013-08-22 00:00:00+05:30,74.67229003954297,76.02756606078053,74.0442382504993,75.82923126220703,856,0.0,0.0
2013-08-23 00:00:00+05:30,78.67202758789062,81.77924010532853,77.68036337459789,78.67202758789062,1659,0.0,0.0
2013-08-26 00:00:00+05:30,81.21728795652125,81.28339788707706,77.34979901456583,77.54813385009766,2172,0.0,0.0
2013-08-27 00:00:00+05:30,79.5975658353502,79.5975658353502,78.01090240478516,78.01090240478516,210,0.0,0.0
2013-08-28 00:00:00+05:30,79.33311670619538,79.33311670619538,73.54841027970197,74.7714614868164,13267,0.0,0.0
2013-08-29 00:00:00+05:30,75.36645571944041,77.31672602095075,73.54840525252409,76.6556167602539,1011,0.0,0.0
2013-08-30 00:00:00+05:30,77.94478162456888,77.94478162456888,75.39951201950934,76.09367370605469,2216,0.0,0.0
2013-09-02 00:00:00+05:30,77.34978497247575,79.26700287372861,77.34978497247575,78.11006164550781,3777,0.0,0.0
2013-09-03 00:00:00+05:30,78.67201531592836,79.33312468833113,77.34979657112284,77.68035125732422,4912,0.0,0.0
2013-09-04 00:00:00+05:30,79.23395247704495,79.23395247704495,76.68868255615234,76.68868255615234,285,0.0,0.0
2013-09-05 00:00:00+05:30,81.42126876279369,81.42126876279369,76.6886800991747,78.0359115600586,3662,5.0,0.0
2013-09-06 00:00:00+05:30,78.41590473797804,79.24496946378618,77.37957119518538,78.65771484375,567,0.0,0.0
2013-09-10 00:00:00+05:30,78.7613616088066,79.41770418045365,77.37958333496788,77.93229675292969,1160,0.0,0.0
2013-09-11 00:00:00+05:30,78.07046755874651,78.07046755874651,73.23424390466486,75.54872131347656,8871,0.0,0.0
2013-09-12 00:00:00+05:30,75.99779497022222,78.62317545034684,74.75419258046526,76.3086929321289,1460,0.0,0.0
2013-09-13 00:00:00+05:30,77.31047786784536,77.37956571158921,75.5141675751821,76.1359634399414,1687,0.0,0.0
2013-09-16 00:00:00+05:30,76.68868401540605,78.5886288896616,74.61601687985454,76.3086929321289,1319,0.0,0.0
2013-09-17 00:00:00+05:30,78.0704755264453,78.0704755264453,75.30691887064194,77.17231750488281,1589,0.0,0.0
2013-09-18 00:00:00+05:30,77.37956134855082,78.5540704391656,75.37598236656298,77.58683013916016,1920,0.0,0.0
2013-09-19 00:00:00+05:30,77.55229437952273,77.55229437952273,75.72143737781988,76.20506286621094,3680,0.0,0.0
2013-09-20 00:00:00+05:30,77.37956688459295,77.37956688459295,75.30689991446992,75.6177978515625,1501,0.0,0.0
2013-09-23 00:00:00+05:30,77.10320621154791,77.37956284735851,74.96145150837856,76.89594268798828,1354,0.0,0.0
2013-09-24 00:00:00+05:30,76.03233540324698,78.001367969118,76.03233540324698,76.96503448486328,4612,0.0,0.0
2013-09-25 00:00:00+05:30,77.37956191433226,78.55407101353478,76.86139520508449,77.8631820678711,626,0.0,0.0
2013-09-26 00:00:00+05:30,76.68868255615234,76.68868255615234,75.37599234106827,76.68868255615234,1820,0.0,0.0
2013-09-27 00:00:00+05:30,77.34503372442285,77.34503372442285,75.79053322755898,76.0323486328125,7612,0.0,0.0
2013-09-30 00:00:00+05:30,77.379573116821,80.83401834525051,77.31048526646543,79.59041595458984,27319,0.0,0.0
2013-10-01 00:00:00+05:30,77.37957357538143,88.43379837186448,76.75777237636622,85.98114013671875,35292,0.0,0.0
2013-10-03 00:00:00+05:30,85.9811376375353,89.60830504345171,83.59757259350195,83.73574829101562,9904,0.0,0.0
2013-10-04 00:00:00+05:30,82.76850490982771,86.32657906882912,82.76850490982771,84.80662536621094,7436,0.0,0.0
2013-10-07 00:00:00+05:30,84.39210330982878,86.36113616006519,84.35755674693858,85.39389038085938,2558,0.0,0.0
2013-10-08 00:00:00+05:30,85.01389845723273,89.81557517549673,85.01389845723273,89.33195495605469,6662,0.0,0.0
2013-10-09 00:00:00+05:30,89.6082983192796,89.81556712106173,87.8810758746438,89.50466918945312,3564,0.0,0.0
2013-10-10 00:00:00+05:30,88.43379604364965,93.5809172205767,87.77745357206419,93.13184356689453,5262,0.0,0.0
2013-10-11 00:00:00+05:30,94.47907975615648,100.83525705362901,93.96091295676257,97.93352508544922,16967,0.0,0.0
2013-10-14 00:00:00+05:30,99.76436273742738,104.66967862585365,98.7971223993206,101.31886291503906,30223,0.0,0.0
2013-10-15 00:00:00+05:30,102.04430522058084,102.04430522058084,96.72446192322917,97.31172180175781,7224,0.0,0.0
2013-10-17 00:00:00+05:30,99.83346239190529,99.83346239190529,96.30992420828028,98.3825912475586,6859,0.0,0.0
2013-10-18 00:00:00+05:30,99.55710933218919,116.55297244367273,98.14078477069984,112.71853637695312,44467,0.0,0.0
2013-10-21 00:00:00+05:30,113.99668909395527,118.14202324282637,109.85135494508417,113.37489318847656,20690,0.0,0.0
2013-10-22 00:00:00+05:30,113.92759090899621,114.96392440013491,110.54223905479489,112.47673034667969,4507,0.0,0.0
2013-10-23 00:00:00+05:30,113.92757872177538,113.92757872177538,111.23311614990236,111.23311614990234,2439,0.0,0.0
2013-10-24 00:00:00+05:30,111.23313850304423,115.240297153816,107.81323976929598,108.4350357055664,3894,0.0,0.0
2013-10-25 00:00:00+05:30,107.77868146897461,109.81680186268642,106.39690350142365,106.88052368164062,2995,0.0,0.0
2013-10-28 00:00:00+05:30,107.36415436734897,110.54224822054167,104.39333988012615,108.95320129394531,6115,0.0,0.0
2013-10-29 00:00:00+05:30,107.08781450209896,109.09138875012437,105.01514712463899,106.77691650390625,3696,0.0,0.0
2013-10-30 00:00:00+05:30,107.0186914636387,112.61489603563516,105.74055326335797,109.74771118164062,6709,0.0,0.0
2013-10-31 00:00:00+05:30,111.61313164476769,113.37490088607943,109.16047333173611,110.09317779541016,19567,0.0,0.0
2013-11-01 00:00:00+05:30,113.23671472189288,118.72929127983791,113.23671472189288,117.55477142333984,11310,0.0,0.0
2013-11-05 00:00:00+05:30,120.90555841322765,122.08006744367339,118.48744724496309,119.07470703125,2288,0.0,0.0
2013-11-06 00:00:00+05:30,118.83292646147864,122.9782611054837,116.06937003214192,120.4565200805664,4625,0.0,0.0
2013-11-07 00:00:00+05:30,120.90559644029794,121.94193012407192,115.37848346017003,116.4493637084961,3274,0.0,0.0
2013-11-08 00:00:00+05:30,116.65662706291684,118.03840524291168,115.37847802956927,116.03482055664062,1473,0.0,0.0
2013-11-11 00:00:00+05:30,115.55119938581102,119.76562701822954,112.61492077660505,115.93119049072266,4481,0.0,0.0
2013-11-12 00:00:00+05:30,115.37847843756549,117.03660804257034,113.30581116024395,115.86209869384766,700,0.0,0.0
2013-11-13 00:00:00+05:30,112.4421996989529,116.0693674311772,112.4421996989529,115.41302490234375,3153,0.0,0.0
2013-11-14 00:00:00+05:30,117.31296199844854,122.25281445541071,117.24386887706758,121.83828735351562,6791,0.0,0.0
2013-11-18 00:00:00+05:30,124.36003007065715,128.5053644063457,124.36003007065715,127.8490219116211,10093,0.0,0.0
2013-11-19 00:00:00+05:30,128.12535253402768,129.19623250546664,125.05089884218962,127.12356567382812,5556,0.0,0.0
2013-11-20 00:00:00+05:30,126.8817609141551,130.75074353957558,126.8817609141551,129.1962432861328,9879,0.0,0.0
2013-11-21 00:00:00+05:30,127.39994705800675,131.95981937905697,127.12359563218054,131.02711486816406,4215,0.0,0.0
2013-11-22 00:00:00+05:30,133.6524917099073,133.6870382726675,128.5053701225641,129.16171264648438,2576,0.0,0.0
2013-11-25 00:00:00+05:30,130.5434690445169,132.65068251582431,127.12357074433162,128.021728515625,4209,0.0,0.0
2013-11-26 00:00:00+05:30,131.35895183665767,131.35895183665767,125.32354053605447,128.5897674560547,3776,5.0,0.0
2013-11-27 00:00:00+05:30,128.90928694893563,129.90335035788644,126.74363719963715,127.66670227050781,5396,0.0,0.0
2013-11-28 00:00:00+05:30,127.56020065365003,127.80872194678284,124.15197673598617,124.36498260498047,3752,0.0,0.0
2013-11-29 00:00:00+05:30,124.25848328242867,126.38862871012745,124.22297869173771,124.5780029296875,5107,0.0,0.0
2013-12-02 00:00:00+05:30,120.70823742001674,127.70221903961544,120.70823742001674,125.28804779052734,6936,0.0,0.0
2013-12-03 00:00:00+05:30,125.67858916554371,129.19332720412464,125.64308457232963,127.09868621826172,4700,0.0,0.0
2013-12-04 00:00:00+05:30,128.1637249102126,129.22879741639164,127.80870074148625,128.7317657470703,1477,0.0,0.0
2013-12-05 00:00:00+05:30,127.80872781193689,133.8441399586117,127.80872781193689,130.8619384765625,6436,0.0,0.0
2013-12-06 00:00:00+05:30,132.10450851557158,136.18728686281634,132.10450851557158,134.9447021484375,24392,0.0,0.0
2013-12-09 00:00:00+05:30,136.64882538338188,137.74940267474096,134.9092088051587,135.15773010253906,2810,0.0,0.0
2013-12-10 00:00:00+05:30,136.6488314666616,136.6488314666616,132.7790693139791,135.29974365234375,1071,0.0,0.0
2013-12-11 00:00:00+05:30,134.41216584227513,136.8973352710328,134.41216584227513,134.9447021484375,1844,0.0,0.0
2013-12-12 00:00:00+05:30,135.08670405056347,135.08670405056347,132.06899844102392,133.5601043701172,2962,0.0,0.0
2013-12-13 00:00:00+05:30,131.53645532127985,134.19913660308714,131.42995240379872,131.8914794921875,3110,0.0,0.0
2013-12-16 00:00:00+05:30,131.5364876718822,131.8915119301059,128.73179819881105,130.0098876953125,1694,0.0,0.0
2013-12-17 00:00:00+05:30,133.66661357627098,133.66661357627098,129.29982017569833,129.69033813476562,6275,0.0,0.0
2013-12-18 00:00:00+05:30,131.35896980513738,135.61926071773644,130.2938970769876,133.41810607910156,1974,0.0,0.0
2013-12-19 00:00:00+05:30,133.489092582833,134.83818014216607,133.13406840043183,133.52459716796875,1064,0.0,0.0
2013-12-20 00:00:00+05:30,133.48910074469794,136.29378979025725,133.3115886426438,134.9447021484375,2257,0.0,0.0
2013-12-23 00:00:00+05:30,134.90920097774983,138.17542807205544,133.8441283384518,135.05120849609375,1489,0.0,0.0
2013-12-24 00:00:00+05:30,134.05714503320726,135.97427361704786,132.81456028735954,135.05120849609375,2432,0.0,0.0
2013-12-26 00:00:00+05:30,138.38845910986223,146.27000240837796,134.90922552229034,144.99191284179688,8246,0.0,0.0
2013-12-27 00:00:00+05:30,148.32911393966228,150.49476383625674,146.26997780915045,146.9800262451172,3583,0.0,0.0
2013-12-30 00:00:00+05:30,148.4001533515098,171.8317565122745,148.4001533515098,158.90887451171875,51242,0.0,0.0
2013-12-31 00:00:00+05:30,159.76090483613066,163.31114716582243,157.63075943831558,161.53602600097656,19280,0.0,0.0
2014-01-01 00:00:00+05:30,161.1810071465931,168.28149204291879,159.76091016732795,162.92062377929688,8176,0.0,0.0
2014-01-02 00:00:00+05:30,164.0566996304692,167.85545240885568,161.18100118689085,162.7786102294922,5010,0.0,0.0
2014-01-03 00:00:00+05:30,162.88508828448565,166.86136340581982,156.28164725132717,164.16317749023438,5063,0.0,0.0
2014-01-06 00:00:00+05:30,165.4413192866114,166.04486491393885,156.21068773843137,158.90887451171875,5051,0.0,0.0
2014-01-07 00:00:00+05:30,157.38223967843507,158.8023366241804,149.8202277761331,151.87936401367188,3476,0.0,0.0
2014-01-08 00:00:00+05:30,152.66040132590703,159.0508367302473,152.23436796515963,153.6544647216797,5377,0.0,0.0
2014-01-09 00:00:00+05:30,156.21066609313357,156.21066609313357,151.5953509585637,152.23439025878906,3079,0.0,0.0
2014-01-10 00:00:00+05:30,153.79651355217587,155.14560140450982,150.99181323448698,151.4178466796875,1645,0.0,0.0
2014-01-13 00:00:00+05:30,153.54795649436625,158.1277662090367,151.48882060233706,156.6721649169922,2177,0.0,0.0
2014-01-14 00:00:00+05:30,157.95028490388958,167.35842742440167,154.15153197176716,164.44723510742188,9423,0.0,0.0
2014-01-15 00:00:00+05:30,169.13356193234677,175.38199132037371,164.37623882860936,173.5713653564453,11180,0.0,0.0
2014-01-16 00:00:00+05:30,176.97956687274208,176.97956687274208,168.63649802317448,170.0565948486328,3572,0.0,0.0
2014-01-17 00:00:00+05:30,171.47669541300976,173.18080730692503,161.18099320394708,162.2815704345703,2731,0.0,0.0
2014-01-20 00:00:00+05:30,166.08033370210907,166.15134288328704,154.29353553671768,157.8082733154297,4539,0.0,0.0
2014-01-21 00:00:00+05:30,159.01534319330082,159.01534319330082,153.54797246770497,154.18701171875,3592,0.0,0.0
2014-01-22 00:00:00+05:30,156.56568646031872,156.56568646031872,154.7905652986371,155.60711669921875,2189,0.0,0.0
2014-01-23 00:00:00+05:30,157.52424333055168,157.98577046102832,152.69591199900427,154.71954345703125,7798,0.0,0.0
2014-01-24 00:00:00+05:30,156.92070200536872,156.92070200536872,148.4001209010048,150.10423278808594,3935,0.0,0.0
2014-01-27 00:00:00+05:30,150.53028203286368,155.5006215339488,143.42979703131348,151.630859375,3179,0.0,0.0
2014-01-28 00:00:00+05:30,149.1456821990003,159.05085611612176,148.40012914406003,157.4532470703125,1546,0.0,0.0
2014-01-29 00:00:00+05:30,156.21064057221284,163.27561964937863,156.21064057221284,157.6307373046875,4208,0.0,0.0
2014-01-30 00:00:00+05:30,157.95026514744183,159.05084233945436,152.09236582020748,155.5716094970703,1816,0.0,0.0
2014-01-31 00:00:00+05:30,159.2993672647501,159.33486101814543,156.21065230582064,157.5242462158203,913,0.0,0.0
2014-02-03 00:00:00+05:30,156.21065011260438,160.89697394977406,156.21065011260438,159.7253875732422,1678,0.0,0.0
2014-02-04 00:00:00+05:30,159.6898855280355,163.91468230001126,155.50060417847996,158.83782958984375,2519,0.0,0.0
2014-02-05 00:00:00+05:30,162.56558727908663,176.09201215376135,159.7608981233722,173.28732299804688,13352,0.0,0.0
2014-02-06 00:00:00+05:30,176.05650811219388,178.18665342712538,170.41162519452124,172.04473876953125,6524,0.0,0.0
2014-02-07 00:00:00+05:30,173.25183774164128,174.88495149380697,171.54772563863048,172.15126037597656,2512,0.0,0.0
2014-02-10 00:00:00+05:30,172.5417638807639,173.9618607028278,170.41161864766806,172.2222442626953,1585,0.0,0.0
2014-02-11 00:00:00+05:30,172.5417813299028,176.80207222693744,172.5417813299028,176.66006469726562,2128,0.0,0.0
2014-02-12 00:00:00+05:30,176.8020438866326,176.8020438866326,172.54175367249687,173.9263458251953,3060,0.0,0.0
2014-02-13 00:00:00+05:30,173.9973657061754,177.51210318228894,169.70157064226822,170.0565948486328,3134,0.0,0.0
2014-02-14 00:00:00+05:30,174.1038826507255,177.44110829232392,170.44713736457146,176.02101135253906,3314,0.0,0.0
2014-02-17 00:00:00+05:30,202.36380665655602,211.20391845703125,198.1035159901022,211.20391845703125,80991,0.0,0.0
2014-02-18 00:00:00+05:30,220.11503754295623,246.38683234647036,220.11503754295623,234.35150146484375,203972,0.0,0.0
2014-02-19 00:00:00+05:30,234.17403843896963,244.9667866942442,232.96696872330475,236.90773010253906,35885,0.0,0.0
2014-02-20 00:00:00+05:30,235.73610667423668,235.73610667423668,224.73035470601178,228.38710021972656,13157,0.0,0.0
2014-02-21 00:00:00+05:30,231.83083823225334,231.83083823225334,225.7954259046143,228.24510192871094,13089,0.0,0.0
2014-02-24 00:00:00+05:30,230.05570265886485,235.91360249508594,227.92555726387536,233.32192993164062,15812,0.0,0.0
2014-02-25 00:00:00+05:30,233.61212042916844,235.7886308679495,228.53359607201259,228.96890258789062,7323,7.0,0.0
2014-02-26 00:00:00+05:30,229.36797017160274,239.41619996175683,224.90612723680186,235.86123657226562,7972,0.0,0.0
2014-02-28 00:00:00+05:30,241.5563963425934,272.06380930284155,236.5141382206036,262.2332458496094,58863,0.0,0.0
2014-03-03 00:00:00+05:30,270.61283567014215,305.43700755262694,265.2803799225142,298.0731506347656,151273,0.0,0.0
2014-03-04 00:00:00+05:30,298.90745001210894,307.93997768546654,282.5473545048262,295.57012939453125,65435,0.0,0.0
2014-03-05 00:00:00+05:30,296.5495332678352,299.9594083170052,284.4336168750223,286.24737548828125,11472,0.0,0.0
2014-03-06 00:00:00+05:30,285.55814853339336,288.750359130839,276.4168010775117,278.62957763671875,13076,0.0,0.0
2014-03-07 00:00:00+05:30,275.9815207609489,278.0854764354777,261.58027218192524,265.0989685058594,14167,0.0,0.0
2014-03-10 00:00:00+05:30,266.00587513034577,284.0346429759723,262.0156055610792,276.4894104003906,17422,0.0,0.0
2014-03-11 00:00:00+05:30,276.12664943716993,279.64534600479254,265.5342934138505,270.90301513671875,15513,0.0,0.0
2014-03-12 00:00:00+05:30,269.45199162987717,269.45199162987717,262.6322632552387,263.5754089355469,4552,0.0,0.0
2014-03-13 00:00:00+05:30,264.62742687262204,279.31887414930634,263.35779562648884,265.64312744140625,14768,0.0,0.0
2014-03-14 00:00:00+05:30,264.5548722512333,266.87649253041496,258.35182558681856,261.5440368652344,6015,0.0,0.0
2014-03-18 00:00:00+05:30,260.99991361604174,272.0638432411832,260.99991361604174,263.86566162109375,8447,0.0,0.0
2014-03-19 00:00:00+05:30,263.1764498534563,279.3189061160046,259.9116834183342,276.1992492675781,14342,0.0,0.0
2014-03-20 00:00:00+05:30,261.18126291769113,288.96803842185705,261.18126291769113,277.3962707519531,19136,0.0,0.0
2014-03-21 00:00:00+05:30,276.162853075128,286.35618869738886,275.69128031323964,278.7384033203125,4890,0.0,0.0
2014-03-24 00:00:00+05:30,275.5825766656225,280.0806861872887,272.0638793972945,276.01788330078125,4129,0.0,0.0
2014-03-25 00:00:00+05:30,277.21490783099455,285.12289201080563,272.06382825458553,279.39141845703125,6029,0.0,0.0
2014-03-26 00:00:00+05:30,282.87380894834575,282.87380894834575,265.67938936012297,268.3637390136719,3322,0.0,0.0
2014-03-27 00:00:00+05:30,267.49313117750114,275.6913113156441,264.99013541589215,266.80389404296875,2730,0.0,0.0
2014-03-28 00:00:00+05:30,267.057826797536,270.5402345329069,261.18124437106536,265.28033447265625,1792,0.0,0.0
2014-03-31 00:00:00+05:30,265.75188355921466,271.3382685322987,259.113531952388,265.1352233886719,3889,0.0,0.0
2014-04-01 00:00:00+05:30,282.2208282888752,282.2208282888752,262.63223609401757,264.8087463378906,1484,0.0,0.0
2014-04-02 00:00:00+05:30,268.4362965938632,268.4362965938632,258.64199928570866,263.28521728515625,3271,0.0,0.0
2014-04-03 00:00:00+05:30,260.67340385958767,267.7107968052934,258.35180589794584,258.7508239746094,1922,0.0,0.0
2014-04-04 00:00:00+05:30,261.9067734548978,267.6745353553704,260.60087596150544,266.11468505859375,2588,0.0,0.0
2014-04-07 00:00:00+05:30,275.5461637952699,279.6815417513372,268.0734881377927,269.1617431640625,3477,0.0,0.0
2014-04-09 00:00:00+05:30,269.45192464782576,269.45192464782576,264.80870789639334,268.6901550292969,3418,0.0,0.0
2014-04-10 00:00:00+05:30,265.389158025473,270.5765255006835,262.99500545276715,266.9127197265625,2124,0.0,0.0
2014-04-11 00:00:00+05:30,263.756768918264,268.36372022815743,263.3577508792357,264.7724914550781,3354,0.0,0.0
2014-04-15 00:00:00+05:30,270.6127985862406,274.96581947502733,261.94302312649677,264.5548400878906,2982,0.0,0.0
2014-04-16 00:00:00+05:30,263.8656608880958,266.98531742568366,261.25384357211345,263.321533203125,1844,0.0,0.0
2014-04-17 00:00:00+05:30,264.0832923915378,266.98530659364263,262.77739485683514,263.90191650390625,801,0.0,0.0
2014-04-21 00:00:00+05:30,265.6793791576249,267.7107800142265,261.18124879436726,264.4460144042969,2653,0.0,0.0
2014-04-22 00:00:00+05:30,262.2695317821976,290.8906555175781,262.2695317821976,290.8906555175781,19051,0.0,0.0
2014-04-23 00:00:00+05:30,301.0839336393252,301.80943709387776,283.671850730063,284.8689270019531,12411,0.0,0.0
2014-04-25 00:00:00+05:30,279.53650742788733,285.7032875691152,272.06382976005557,277.32373046875,4654,0.0,0.0
2014-04-28 00:00:00+05:30,277.86782983977406,278.52077853660217,264.1195301859751,269.0892333984375,4717,0.0,0.0
2014-04-29 00:00:00+05:30,273.659953379661,293.1034400515911,262.6685566652369,271.8099060058594,19448,0.0,0.0
2014-04-30 00:00:00+05:30,275.65511619540354,276.30806504167276,261.18130975680185,264.9902038574219,4320,0.0,0.0
2014-05-02 00:00:00+05:30,264.9538650735838,273.4059757192082,262.37831457790594,265.0263977050781,3466,0.0,0.0
2014-05-05 00:00:00+05:30,265.02645255454087,269.81478067637045,262.63229956393235,266.04217529296875,3646,0.0,0.0
2014-05-06 00:00:00+05:30,268.25498508573236,282.43857314206525,265.8970981309558,276.01788330078125,11062,0.0,0.0
2014-05-07 00:00:00+05:30,282.2208060545823,287.9522781504489,268.4362422627132,269.8509826660156,12670,0.0,0.0
2014-05-08 00:00:00+05:30,275.5462859600286,279.24635911791205,270.0687420888842,271.6285705566406,2791,0.0,0.0
2014-05-09 00:00:00+05:30,269.5607900179681,273.51479255975664,266.25975827435195,268.0735168457031,4869,0.0,0.0
2014-05-12 00:00:00+05:30,274.6756367186662,274.6756367186662,262.7048286552907,262.9950256347656,2863,0.0,0.0
2014-05-13 00:00:00+05:30,264.80875582317384,269.8872799074539,261.9067420607281,267.23919677734375,3099,0.0,0.0
2014-05-14 00:00:00+05:30,268.40007466729617,284.4699755174942,266.3686512348785,275.83648681640625,9648,0.0,0.0
2014-05-15 00:00:00+05:30,278.66589060045686,278.66589060045686,269.27061169492464,270.72161865234375,2596,0.0,0.0
2014-05-16 00:00:00+05:30,275.0384068774402,275.0384068774402,240.79462963394198,261.94305419921875,6583,0.0,0.0
2014-05-19 00:00:00+05:30,262.55972217946544,275.6913404556045,248.15847273017556,265.1715393066406,9329,0.0,0.0
2014-05-20 00:00:00+05:30,266.5136920554847,266.9852648614935,253.92620299326825,263.53912353515625,2710,0.0,0.0
2014-05-21 00:00:00+05:30,270.61284541346873,275.6188158736918,264.8088165574158,272.82562255859375,3919,0.0,0.0
2014-05-22 00:00:00+05:30,274.2403667561589,279.3188920664581,273.5148631404018,277.7590637207031,11268,0.0,0.0
2014-05-23 00:00:00+05:30,268.3274776040718,268.3637439233281,236.695520139661,239.5975341796875,56789,0.0,0.0
2014-05-26 00:00:00+05:30,246.27215204015877,246.27215204015877,230.71009436584228,235.6435089111328,45934,0.0,0.0
2014-05-27 00:00:00+05:30,238.7269563426599,246.5986750160587,235.7886755497468,244.349609375,5937,0.0,0.0
2014-05-28 00:00:00+05:30,244.49467662976036,244.49467662976036,235.78863473196475,239.34359741210938,6164,0.0,0.0
2014-05-29 00:00:00+05:30,241.59266870185863,241.59266870185863,235.7886406249371,236.44158935546875,1892,0.0,0.0
2014-05-30 00:00:00+05:30,237.20337845273323,242.9711179999688,235.7886377698701,240.1053924560547,4044,0.0,0.0
2014-06-02 00:00:00+05:30,240.17792276634808,241.41128756205242,237.23964247270064,239.41615295410156,1975,0.0,0.0
2014-06-03 00:00:00+05:30,242.1005692430055,242.1005692430055,233.32197092612103,235.0994415283203,2500,0.0,0.0
2014-06-04 00:00:00+05:30,232.1248749289062,236.51416264943785,230.09345165859304,230.89151000976562,9773,0.0,0.0
2014-06-05 00:00:00+05:30,230.89150843064135,235.78865747041144,229.4405013077465,232.4876251220703,3767,0.0,0.0
2014-06-06 00:00:00+05:30,237.02200298400567,237.96514868045867,230.710113659713,233.3944854736328,5070,0.0,0.0
2014-06-09 00:00:00+05:30,235.78867883037765,244.71236458832803,231.4356570673553,235.0994415283203,22242,0.0,0.0
2014-06-10 00:00:00+05:30,238.90830544795048,261.9067763857101,234.37390834985993,253.7811279296875,34009,0.0,0.0
2014-06-11 00:00:00+05:30,258.7871036256762,261.7616502208833,250.29870394015754,252.76541137695312,18107,0.0,0.0
2014-06-12 00:00:00+05:30,253.05565907930685,261.1813086490793,253.05565907930685,256.102783203125,10248,0.0,0.0
2014-06-13 00:00:00+05:30,258.35182774633614,258.35182774633614,243.51527076636913,248.12222290039062,2804,0.0,0.0
2014-06-16 00:00:00+05:30,249.4644034698844,254.90568016848323,247.50553500214417,252.03993225097656,3014,0.0,0.0
2014-06-17 00:00:00+05:30,253.92623901367188,256.3566803009249,249.89970322269946,253.92623901367188,3111,0.0,0.0
2014-06-18 00:00:00+05:30,251.06047349434917,253.85366635492238,245.9094164353031,249.1378936767578,3649,0.0,0.0
2014-06-19 00:00:00+05:30,250.2987095358577,250.2987095358577,240.46814588714264,243.07994079589844,5736,0.0,0.0
2014-06-20 00:00:00+05:30,247.3966867780236,251.74970765974837,245.22017633716123,250.11732482910156,11945,0.0,0.0
2014-06-23 00:00:00+05:30,251.02423342480802,251.02423342480802,243.1162489964841,245.87315368652344,2043,0.0,0.0
2014-06-24 00:00:00+05:30,245.22020342514617,246.67121054600503,243.0436927438579,244.31332397460938,2217,0.0,0.0
2014-06-25 00:00:00+05:30,243.7692023777095,250.29873458425527,243.7692023777095,244.5672607421875,896,0.0,0.0
2014-06-26 00:00:00+05:30,243.7691963042873,246.67121054600503,243.7691963042873,244.31332397460938,1343,0.0,0.0
2014-06-27 00:00:00+05:30,246.59865482706533,257.5537629761448,245.22020249559702,251.02423095703125,4883,0.0,0.0
2014-06-30 00:00:00+05:30,253.1644256930967,264.08324324004815,252.1124368843866,262.1969299316406,5318,0.0,0.0
2014-07-01 00:00:00+05:30,264.0106712770788,271.8461209385133,259.9115816746026,264.1920471191406,8417,0.0,0.0
2014-07-02 00:00:00+05:30,264.7362365481129,265.20780941961954,257.5174896304692,259.6940002441406,3178,0.0,0.0
2014-07-03 00:00:00+05:30,261.1812952538434,262.45092655021625,257.5537772642067,258.20672607421875,257,0.0,0.0
2014-07-04 00:00:00+05:30,256.574284935911,260.89103922327524,252.54774973455372,255.3409423828125,2198,0.0,0.0
2014-07-07 00:00:00+05:30,261.1449871504981,262.63226043206026,255.55860148395922,256.9007873535156,5557,0.0,0.0
2014-07-08 00:00:00+05:30,255.95761134262065,255.95761134262065,243.76916209415623,244.74859619140625,3359,0.0,0.0
2014-07-09 00:00:00+05:30,246.6712151657782,248.8477258878292,242.31819372167624,244.42214965820312,2259,0.0,0.0
2014-07-10 00:00:00+05:30,240.86715445769195,250.51634184930165,238.32789228720424,246.88882446289062,3207,0.0,0.0
2014-07-11 00:00:00+05:30,250.22612142012622,250.3712309582178,236.58666618258223,237.02197265625,5305,0.0,0.0
2014-07-14 00:00:00+05:30,242.06422131131472,246.6711726402169,240.14164159974055,243.0436553955078,2308,0.0,0.0
2014-07-15 00:00:00+05:30,246.63492568730143,248.01337792039143,243.04367447684734,243.07994079589844,3790,0.0,0.0
2014-07-16 00:00:00+05:30,245.11134843107783,251.02419720296822,245.11134843107783,249.3192596435547,4289,0.0,0.0
2014-07-17 00:00:00+05:30,247.61435462481128,255.37725152455806,247.39671241441562,251.42324829101562,3543,0.0,0.0
2014-07-18 00:00:00+05:30,253.92621173950783,265.0626943110623,253.92621173950783,262.8136291503906,10286,0.0,0.0
2014-07-21 00:00:00+05:30,264.6636710492465,267.27548810801477,261.18126306462875,263.4303283691406,966,0.0,0.0
2014-07-22 00:00:00+05:30,263.5390949279641,266.07835668225965,261.181209013261,262.0155334472656,2055,0.0,0.0
2014-07-23 00:00:00+05:30,261.9067634189416,265.5342809178189,257.95276048892146,261.2538146972656,1964,0.0,0.0
2014-07-24 00:00:00+05:30,261.07245870738785,264.7362428040689,257.59002835885406,258.67828369140625,802,0.0,0.0
2014-07-25 00:00:00+05:30,258.4243509837088,261.1812553786845,248.8476960969133,251.27813720703125,6135,0.0,0.0
2014-07-28 00:00:00+05:30,264.15584335634486,268.4363098144531,251.89483795780689,253.92623901367188,4096,0.0,0.0
2014-07-30 00:00:00+05:30,253.92626005132723,261.18129605279375,253.2007564511806,257.8077087402344,1430,0.0,0.0
2014-07-31 00:00:00+05:30,256.1027458339359,265.46173693345617,256.1027458339359,257.5174865722656,2920,0.0,0.0
2014-08-01 00:00:00+05:30,253.92623290712294,259.2223997657988,252.69286806247274,253.67230224609375,2496,0.0,0.0
2014-08-04 00:00:00+05:30,253.20068346163174,275.72755489617333,253.20068346163174,274.8569641113281,18787,0.0,0.0
2014-08-05 00:00:00+05:30,275.61877742266137,282.1120426557532,271.7010629195008,274.63934326171875,4838,0.0,0.0
2014-08-06 00:00:00+05:30,272.5716812720089,279.17374559035227,270.7941887920793,274.3491516113281,3384,0.0,0.0
2014-08-07 00:00:00+05:30,277.1423570817052,277.1423570817052,262.70484081368625,265.3891906738281,2674,0.0,0.0
2014-08-08 00:00:00+05:30,263.3577190883715,271.301989718767,257.55369222141013,262.0155334472656,2110,0.0,0.0
2014-08-11 00:00:00+05:30,296.7309638072942,308.9194150780971,290.27398638239725,298.47216796875,33120,0.0,0.0
2014-08-12 00:00:00+05:30,299.63292993399864,325.13437220607074,297.85543759509585,306.2350158691406,26993,0.0,0.0
2014-08-13 00:00:00+05:30,304.45751521784507,308.33896306335237,297.4564114258223,300.7937316894531,7953,0.0,0.0
2014-08-14 00:00:00+05:30,303.26049953553735,337.72191993730297,298.9437443342291,327.2021179199219,21158,0.0,0.0
2014-08-18 00:00:00+05:30,333.0061248750172,358.3987487761623,333.0061248750172,351.39764404296875,23983,0.0,0.0
2014-08-19 00:00:00+05:30,355.4604643739506,357.2742232040236,340.98666005372377,345.52105712890625,8630,0.0,0.0
2014-08-20 00:00:00+05:30,347.37103058896116,373.6342633965751,336.92378571046,367.5400390625,30954,0.0,0.0
2014-08-21 00:00:00+05:30,370.07932595393294,394.1660279698164,370.07932595393294,379.36578369140625,40451,0.0,0.0
2014-08-22 00:00:00+05:30,384.73452623126525,386.6933946853531,370.0068129259476,376.3912353515625,6474,0.0,0.0
2014-08-25 00:00:00+05:30,373.6343576592411,386.6934225871369,373.6343576592411,379.58349609375,4677,0.0,0.0
2014-08-26 00:00:00+05:30,378.7128381380342,419.37730165274183,377.26183109535975,414.1174011230469,39244,0.0,0.0
2014-08-27 00:00:00+05:30,419.34104378914526,429.49809329268857,406.6084655891621,410.0183410644531,11718,0.0,0.0
2014-08-28 00:00:00+05:30,413.53701472781285,418.61553947008423,407.73298645093126,409.4742126464844,5898,0.0,0.0
2014-09-01 00:00:00+05:30,412.08602158518295,418.6155536173425,401.38484408803254,405.70159912109375,8863,0.0,0.0
2014-09-02 00:00:00+05:30,399.75242405958517,414.9879973903498,394.3836805067329,402.6907043457031,9269,0.0,0.0
2014-09-03 00:00:00+05:30,401.4210783177461,403.379946627035,395.58078398991154,398.3014221191406,2744,0.0,0.0
2014-09-04 00:00:00+05:30,398.3014158568359,399.0269193465569,391.77188444934677,395.8346862792969,4019,0.0,0.0
2014-09-05 00:00:00+05:30,401.3241311007103,404.2914074859281,387.22956827092565,393.38665771484375,5701,12.0,0.0
2014-09-08 00:00:00+05:30,398.1713764725414,460.6696316524419,386.9699268893937,435.2623291015625,27107,0.0,0.0
2014-09-09 00:00:00+05:30,440.9373570827821,443.9046339264696,419.86967338178033,423.7271423339844,5771,0.0,0.0
2014-09-10 00:00:00+05:30,422.9110922826033,439.7503965597825,422.9110922826033,428.9940185546875,10582,0.0,0.0
2014-09-11 00:00:00+05:30,429.4391328298349,440.64058411313727,427.91836731959,434.81732177734375,4994,0.0,0.0
2014-09-12 00:00:00+05:30,438.4151256901146,452.50968979859545,431.92420800857735,435.5962219238281,8676,0.0,0.0
2014-09-15 00:00:00+05:30,433.96420037217575,437.6362141999652,429.4762035946764,434.1867370605469,3152,0.0,0.0
2014-09-16 00:00:00+05:30,435.44780712891503,435.44780712891503,394.46230228415766,399.7663269042969,10322,0.0,0.0
2014-09-17 00:00:00+05:30,408.00054871774284,408.00054871774284,395.6863684490817,397.0587158203125,5387,0.0,0.0
2014-09-18 00:00:00+05:30,406.5168827656191,422.87398550762197,406.5168827656191,418.1634521484375,4159,0.0,0.0
2014-09-19 00:00:00+05:30,425.0623290405306,450.2841775350821,416.90231923346977,441.4565124511719,8893,0.0,0.0
2014-09-22 00:00:00+05:30,456.2186962820955,495.1641947452012,443.4964820066651,469.6085205078125,29947,0.0,0.0
2014-09-23 00:00:00+05:30,474.76424895509706,482.1453584434803,445.09148339540354,450.5809631347656,6495,0.0,0.0
2014-09-24 00:00:00+05:30,456.700960652539,456.700960652539,426.5459952269785,438.7860107421875,4726,0.0,0.0
2014-09-25 00:00:00+05:30,437.6733066696524,442.7918770110152,422.836923392715,436.74603271484375,5297,0.0,0.0
2014-09-26 00:00:00+05:30,433.8900105123614,441.1598286505499,430.2550788047448,433.5561828613281,1574,0.0,0.0
2014-09-29 00:00:00+05:30,434.7060459979186,457.3315313271618,434.7060459979186,440.1955261230469,4991,0.0,0.0
2014-09-30 00:00:00+05:30,442.49514750470723,450.0617123095691,438.4151419535322,440.1955261230469,4648,0.0,0.0
2014-10-01 00:00:00+05:30,439.6020773801474,444.3497387767307,424.7656921121431,426.99114990234375,10300,0.0,0.0
2014-10-07 00:00:00+05:30,441.01145286209504,454.2158237241719,438.41508602438716,443.9787292480469,7288,0.0,0.0
2014-10-08 00:00:00+05:30,447.2428116279409,447.2428116279409,438.78605467801776,441.3082580566406,1564,0.0,0.0
2014-10-09 00:00:00+05:30,439.15691257649667,445.83328455823397,435.4478170310871,438.3038024902344,2479,0.0,0.0
2014-10-10 00:00:00+05:30,434.1125733231028,459.7794976655685,434.0383642422695,452.0646057128906,8276,0.0,0.0
2014-10-13 00:00:00+05:30,456.10761797322823,465.8625607234041,445.09161852554536,461.1148986816406,3844,0.0,0.0
2014-10-14 00:00:00+05:30,456.25588176086245,472.53882196563785,456.25588176086245,461.9308166503906,2081,0.0,0.0
2014-10-16 00:00:00+05:30,457.33150349174446,463.63696623250655,441.41947375523534,444.7576599121094,3132,0.0,0.0
2014-10-17 00:00:00+05:30,442.12422728395853,452.0274951366302,434.0012982809659,436.4864196777344,5775,0.0,0.0
2014-10-20 00:00:00+05:30,445.0915020285899,449.83916282771446,437.6733103281134,446.5009765625,2555,0.0,0.0
2014-10-21 00:00:00+05:30,446.204245246769,449.5424316201862,440.86313799389137,443.051513671875,1707,0.0,0.0
2014-10-22 00:00:00+05:30,444.0528938396383,449.91328282317346,443.6078204917687,445.3139953613281,635,0.0,0.0
2014-10-27 00:00:00+05:30,456.14465763877,459.89083565380383,449.0973750310037,450.1358947753906,1295,0.0,0.0
2014-10-28 00:00:00+05:30,451.65652548468375,453.9932736806218,445.12852668324683,450.87762451171875,2598,0.0,0.0
2014-10-29 00:00:00+05:30,457.7765762867528,541.04577531629,451.02604017780527,537.410888671875,89730,0.0,0.0
2014-10-30 00:00:00+05:30,549.68798828125,556.3643606085526,514.0806692023026,528.546142578125,64804,0.0,0.0
2014-10-31 00:00:00+05:30,526.6916199857009,548.2043762949759,520.0152473379948,527.8414306640625,13568,0.0,0.0
2014-11-03 00:00:00+05:30,534.7774932897589,546.6466007982386,523.2792953909192,534.8145751953125,14535,0.0,0.0
2014-11-05 00:00:00+05:30,528.5461901696734,574.4648176440068,527.2109246393919,543.3084106445312,23704,0.0,0.0
2014-11-07 00:00:00+05:30,541.5280264630485,558.4414954944292,530.7716478552207,534.6661987304688,7034,0.0,0.0
2014-11-10 00:00:00+05:30,543.9759487828422,549.6879650322436,536.4465119206252,539.5992431640625,3989,0.0,0.0
2014-11-11 00:00:00+05:30,542.9744664567559,553.5453879923377,536.3351768579469,539.191162109375,5741,0.0,0.0
2014-11-12 00:00:00+05:30,544.4951898412558,545.9788279607143,531.8842658258588,540.3038940429688,4098,0.0,0.0
2014-11-13 00:00:00+05:30,543.6791777555271,543.7533415466958,517.7896758521059,520.8311157226562,4738,0.0,0.0
2014-11-14 00:00:00+05:30,523.6501321394867,533.3679444490899,518.5315621278357,523.056640625,2643,0.0,0.0
2014-11-17 00:00:00+05:30,529.1026171311872,547.9819274217738,524.0953368428794,533.1084594726562,6853,0.0,0.0
2014-11-18 00:00:00+05:30,532.514890291551,541.528011609293,526.6916277295863,529.4734497070312,4489,0.0,0.0
2014-11-19 00:00:00+05:30,535.1483306387298,557.8479775727606,528.175212808252,532.0697631835938,9384,0.0,0.0
2014-11-20 00:00:00+05:30,534.8515797321708,542.2697708518957,528.1752077244183,529.2508544921875,2497,0.0,0.0
2014-11-21 00:00:00+05:30,535.5934223059777,537.8930435430099,525.2821180870519,527.8043212890625,2173,0.0,0.0
2014-11-24 00:00:00+05:30,529.5474777143884,537.8187777169893,522.611488140164,525.0223999023438,2596,0.0,0.0
2014-11-25 00:00:00+05:30,528.0639013831077,528.0639013831077,511.92933616713117,514.8224487304688,2874,0.0,0.0
2014-11-26 00:00:00+05:30,521.8327403378911,530.6974890888387,519.681446485057,523.279296875,2750,0.0,0.0
2014-11-27 00:00:00+05:30,526.6917228222063,526.6917228222063,516.4917070633256,519.458984375,1803,0.0,0.0
2014-11-28 00:00:00+05:30,522.7600116422012,616.1179420563523,522.5003477498378,601.0590209960938,55645,0.0,0.0
2014-12-01 00:00:00+05:30,600.8734481440215,605.6952721106094,565.26613269845,573.8712158203125,9805,0.0,0.0
2014-12-02 00:00:00+05:30,573.4261749356587,581.586185187007,543.6421194074192,573.4632568359375,4843,0.0,0.0
2014-12-03 00:00:00+05:30,581.5861960318952,605.9920634404807,580.1025577767117,585.4436645507812,6576,0.0,0.0
2014-12-04 00:00:00+05:30,590.1542222201316,593.4553265293607,568.2705570543613,571.4974975585938,2818,0.0,0.0
2014-12-05 00:00:00+05:30,575.3179008759714,578.619005539911,561.5571630688623,565.1549682617188,1867,0.0,0.0
2014-12-08 00:00:00+05:30,572.1280819222947,572.2764548239087,548.8720671407152,561.0007934570312,1228,0.0,0.0
2014-12-09 00:00:00+05:30,564.6356596860082,574.5389271496867,554.8807198295232,560.4814453125,1267,0.0,0.0
2014-12-10 00:00:00+05:30,556.3644125122421,585.2953619628787,553.3600537400863,577.840087890625,3476,0.0,0.0
2014-12-11 00:00:00+05:30,567.5658437775306,598.6480859285048,567.5658437775306,580.0284423828125,4723,0.0,0.0
2014-12-12 00:00:00+05:30,580.5106290277361,592.7135644092187,551.208769460572,558.3302612304688,8642,0.0,0.0
2014-12-15 00:00:00+05:30,557.8479801562086,566.0079905042383,540.93451321752,551.65380859375,1464,0.0,0.0
2014-12-16 00:00:00+05:30,551.2828636298481,551.2828636298481,534.1468158332116,539.78466796875,4332,0.0,0.0
2014-12-17 00:00:00+05:30,554.8807394859616,555.5854767532854,526.7286929125141,542.7520141601562,4327,0.0,0.0
2014-12-18 00:00:00+05:30,545.7193100420985,582.328069280301,545.7193100420985,572.2764282226562,7870,0.0,0.0
2014-12-19 00:00:00+05:30,574.9098193133409,589.7462017472335,562.2988942445321,565.1177978515625,3605,0.0,0.0
2014-12-22 00:00:00+05:30,564.5244265878797,564.598590399081,551.9134998441294,560.3331298828125,1833,0.0,0.0
2014-12-23 00:00:00+05:30,563.2262076690573,578.6189555243526,559.9621851937412,565.006591796875,2174,0.0,0.0
2014-12-24 00:00:00+05:30,568.1222876608714,574.9099523053637,563.0408436126078,564.8212280273438,1832,0.0,0.0
2014-12-26 00:00:00+05:30,567.7513324972507,569.8655444798841,560.0735215379816,564.042236328125,3481,0.0,0.0
2014-12-29 00:00:00+05:30,567.0095317009723,569.8655630103009,550.8378809331384,556.1419067382812,3751,0.0,0.0
2014-12-30 00:00:00+05:30,559.1461943047045,564.7098380291294,552.6923585289619,553.7680053710938,547,0.0,0.0
2014-12-31 00:00:00+05:30,556.9207267272595,571.2007453612919,556.9207267272595,561.965087890625,8323,0.0,0.0
2015-01-01 00:00:00+05:30,564.5242528603706,567.8624383240652,560.8893216890878,561.742431640625,1692,0.0,0.0
2015-01-02 00:00:00+05:30,562.113540144136,637.9645589230709,561.1862660759339,625.4277954101562,34767,0.0,0.0
2015-01-05 00:00:00+05:30,634.2554239828506,663.7427375539831,617.2677459782203,650.8721923828125,17347,0.0,0.0
2015-01-06 00:00:00+05:30,650.2044708500175,680.2481457723514,634.9600967040944,662.8524780273438,14751,0.0,0.0
2015-01-07 00:00:00+05:30,665.4117233521278,708.4001486486244,649.2400762547201,690.670654296875,31132,0.0,0.0
2015-01-08 00:00:00+05:30,701.0191435339262,710.1435106324498,683.9573019452699,692.2656860351562,4962,0.0,0.0
2015-01-09 00:00:00+05:30,695.9376553203406,700.9820164967966,681.4350546820887,686.2940063476562,3527,0.0,0.0
2015-01-12 00:00:00+05:30,690.0030613983656,738.1100124400472,685.8117653274609,697.569580078125,15088,0.0,0.0
2015-01-13 00:00:00+05:30,701.0190477429974,712.0721704161123,681.7317511913382,692.3026733398438,7061,0.0,0.0
2015-01-14 00:00:00+05:30,695.7521947835793,710.6256595977602,695.7521947835793,706.545654296875,1581,0.0,0.0
2015-01-15 00:00:00+05:30,710.1064430267661,712.7769740879447,693.6009655053814,696.1231689453125,1880,0.0,0.0
2015-01-16 00:00:00+05:30,710.2176869165356,715.8554944615794,695.9005408056652,701.3158569335938,1541,0.0,0.0
2015-01-19 00:00:00+05:30,703.5413257075191,712.7769382412349,683.8459903328932,687.1470947265625,2199,0.0,0.0
2015-01-20 00:00:00+05:30,690.7448469789333,708.4001318364938,683.2153652875852,694.3426513671875,3244,0.0,0.0
2015-01-21 00:00:00+05:30,697.3101449167909,699.05340216826,682.4737588547315,683.9573974609375,2827,0.0,0.0
2015-01-22 00:00:00+05:30,689.1130231301559,736.2556289027227,689.1130231301559,718.8228759765625,9465,0.0,0.0
2015-01-23 00:00:00+05:30,730.1725905924651,755.913724516087,715.8554898508576,733.8446044921875,19299,0.0,0.0
2015-01-27 00:00:00+05:30,735.7733399382439,770.7501325936153,712.8882362102639,752.9464721679688,5197,0.0,0.0
2015-01-28 00:00:00+05:30,756.6925845737987,764.6671853937239,735.1427481854273,738.963134765625,4492,0.0,0.0
2015-01-29 00:00:00+05:30,738.4809901400989,765.594517260403,655.026332791268,685.8118286132812,20851,0.0,0.0
2015-01-30 00:00:00+05:30,673.5718408763288,681.4722335524939,648.1274510968733,664.7070922851562,13497,0.0,0.0
2015-02-02 00:00:00+05:30,670.5674187953114,670.6045006967989,603.0618772428681,611.4815063476562,16328,0.0,0.0
2015-02-03 00:00:00+05:30,611.259034904222,637.8903629095349,601.6524669871494,634.848876953125,9858,0.0,0.0
2015-02-04 00:00:00+05:30,634.292442401779,650.6866724534569,630.5462648249928,641.1171875,3812,0.0,0.0
2015-02-05 00:00:00+05:30,644.5295250404951,653.3571906894392,619.4189659105101,626.4662475585938,5765,0.0,0.0
2015-02-06 00:00:00+05:30,630.546324654095,630.546324654095,586.0371723255706,607.327392578125,18244,0.0,0.0
2015-02-09 00:00:00+05:30,620.9204054552223,630.8335126789926,600.7938215990406,609.7681884765625,4196,10.0,0.0
2015-02-10 00:00:00+05:30,608.2660755801561,623.323458389531,604.5486554259909,607.1395874023438,1984,0.0,0.0
2015-02-11 00:00:00+05:30,594.7858517597484,633.7999076429409,594.7858517597484,620.0942993164062,1341,0.0,0.0
2015-02-12 00:00:00+05:30,623.7365503554597,657.8691543459298,622.5725216355888,645.3275756835938,7554,0.0,0.0
2015-02-13 00:00:00+05:30,647.8433048301772,674.1280263595801,647.8433048301772,657.00537109375,5645,0.0,0.0
2015-02-16 00:00:00+05:30,668.3829591985334,692.9779501128615,668.3829591985334,684.90478515625,4736,0.0,0.0
2015-02-18 00:00:00+05:30,682.0886126940342,702.9286446260567,676.6439196667491,688.4720458984375,2979,0.0,0.0
2015-02-19 00:00:00+05:30,693.1657717522934,695.0432521741576,677.3949362086333,684.3416137695312,3002,0.0,0.0
2015-02-20 00:00:00+05:30,683.4028763590247,694.2922628504597,669.3217731373416,678.3336791992188,1008,0.0,0.0
2015-02-23 00:00:00+05:30,680.5865860840665,694.6676878651161,668.3829645404901,669.8849487304688,1048,0.0,0.0
2015-02-24 00:00:00+05:30,669.1339701719826,673.8276708606188,653.3631358581648,654.4896240234375,1497,0.0,0.0
2015-02-25 00:00:00+05:30,648.4817301310245,660.6853527304793,623.3234927721487,625.9519653320312,6723,0.0,0.0
2015-02-26 00:00:00+05:30,627.0783710960676,638.343252013961,627.0783710960676,632.8985595703125,2146,0.0,0.0
2015-02-27 00:00:00+05:30,656.5549483129362,656.5549483129362,628.2049920088889,632.33544921875,2779,0.0,0.0
2015-03-02 00:00:00+05:30,683.4029207841261,686.9701338321751,649.6082708552407,652.7999877929688,2725,0.0,0.0
2015-03-03 00:00:00+05:30,653.1752859404593,657.1179939038826,644.5388780205797,650.5468139648438,4774,0.0,0.0
2015-03-04 00:00:00+05:30,706.6836150604588,706.6836150604588,638.3433292257067,640.9718017578125,2179,0.0,0.0
2015-03-05 00:00:00+05:30,662.7505172016786,678.8968470825126,642.2859828178307,667.2564697265625,6879,0.0,0.0
2015-03-09 00:00:00+05:30,660.1221093081504,675.892944684113,652.612187700549,658.24462890625,3280,0.0,0.0
2015-03-10 00:00:00+05:30,656.1793888296991,660.1220976037831,648.1062232446699,649.9837036132812,749,0.0,0.0
2015-03-11 00:00:00+05:30,653.363060740243,685.6557177653355,653.363060740243,678.8967895507812,7639,0.0,0.0
2015-03-12 00:00:00+05:30,683.4028821113783,683.4028821113783,576.7619928148774,666.3178100585938,3349,0.0,0.0
2015-03-13 00:00:00+05:30,668.3830360537811,669.5095243167931,657.8691455990025,663.5015869140625,1440,0.0,0.0
2015-03-16 00:00:00+05:30,665.1913409229195,702.1777067602932,665.1913409229195,688.8475952148438,4649,0.0,0.0
2015-03-17 00:00:00+05:30,683.4028016375592,696.7329112299401,672.137920291885,693.7289428710938,3234,0.0,0.0
2015-03-18 00:00:00+05:30,696.9207635711314,704.430685592372,673.0767611536924,677.0194702148438,3355,0.0,0.0
2015-03-19 00:00:00+05:30,678.896935054536,687.9088412720741,672.8889975761773,677.7704467773438,506,0.0,0.0
2015-03-20 00:00:00+05:30,676.6439741137817,683.2151558823673,674.3909975074095,677.0194702148438,1828,0.0,0.0
2015-03-23 00:00:00+05:30,668.3830295909535,668.3830295909535,657.3058951117775,660.8731079101562,452,0.0,0.0
2015-03-24 00:00:00+05:30,663.3138764117398,681.5254376944849,658.6201750502074,664.6281127929688,3009,0.0,0.0
2015-03-25 00:00:00+05:30,666.5054776390818,682.8395555417861,664.6279974203802,667.2564697265625,2773,0.0,0.0
2015-03-26 00:00:00+05:30,665.3790100425895,677.3948838131103,658.6200810466715,663.3137817382812,762,0.0,0.0
2015-03-27 00:00:00+05:30,663.8771066776726,688.6598493477667,663.8771066776726,677.0194702148438,1705,0.0,0.0
2015-03-30 00:00:00+05:30,686.4067693342242,696.9206585800439,679.6478405333402,684.90478515625,3226,0.0,0.0
2015-03-31 00:00:00+05:30,690.9128034393246,734.658097787521,690.9128034393246,707.4346313476562,7177,0.0,0.0
2015-04-01 00:00:00+05:30,703.1164336894719,754.7471464437056,703.1164336894719,739.351806640625,7538,0.0,0.0
2015-04-06 00:00:00+05:30,735.9722744847413,750.9921168211646,724.7073927324238,736.7232666015625,5330,0.0,0.0
2015-04-07 00:00:00+05:30,738.9763348529139,766.7630466309198,738.0375945901434,758.6898803710938,4394,0.0,0.0
2015-04-08 00:00:00+05:30,763.0080033888786,775.5871215549847,753.4328537400517,762.6325073242188,3494,0.0,0.0
2015-04-09 00:00:00+05:30,777.2768419554313,777.2768419554313,759.2530311274793,763.1957397460938,2569,0.0,0.0
2015-04-10 00:00:00+05:30,766.0119500850055,788.5417133227998,759.2530211136672,769.5791625976562,2469,0.0,0.0
2015-04-13 00:00:00+05:30,772.7709350585938,787.039786143252,766.3875016786151,772.7709350585938,1704,0.0,0.0
2015-04-15 00:00:00+05:30,777.0891756739098,788.5418066756272,772.0199783452807,785.7255859375,2897,0.0,0.0
2015-04-16 00:00:00+05:30,786.8520024414063,792.4844434037642,769.7669315222538,774.4606323242188,1157,0.0,0.0
2015-04-17 00:00:00+05:30,769.7668931509496,774.8360897643827,728.462328152606,743.857666015625,1954,0.0,0.0
2015-04-20 00:00:00+05:30,765.26097413641,823.0873676678168,737.6620135873295,748.1759033203125,28094,0.0,0.0
2015-04-21 00:00:00+05:30,743.4822793872331,762.0693363719139,732.9683885676156,738.600830078125,2801,0.0,0.0
2015-04-22 00:00:00+05:30,735.9724116699344,750.0535164850479,714.3813842867603,730.1522216796875,2898,0.0,0.0
2015-04-23 00:00:00+05:30,735.2212804674297,748.551390506548,719.4504460549516,722.0789184570312,2535,0.0,0.0
2015-04-24 00:00:00+05:30,726.2094661818024,731.8419077499136,657.1181829463052,679.64794921875,4964,0.0,0.0
2015-04-27 00:00:00+05:30,690.3495398196181,690.3495398196181,612.8095996658236,649.6082153320312,4333,0.0,0.0
2015-04-28 00:00:00+05:30,649.6082087469727,681.1498789982707,648.1062244492917,673.4522094726562,1673,0.0,0.0
2015-04-29 00:00:00+05:30,675.8929663153567,696.9207474896123,668.3830444674082,677.7704467773438,3217,0.0,0.0
2015-04-30 00:00:00+05:30,685.4681048315382,686.7823411322287,673.2644820394128,678.3336791992188,1433,0.0,0.0
2015-05-04 00:00:00+05:30,684.9048592931937,693.9167653365251,645.8532664387573,681.337646484375,2091,0.0,0.0
2015-05-05 00:00:00+05:30,693.7290103405304,709.687593798973,688.6598132419664,696.3574829101562,2394,0.0,0.0
2015-05-06 00:00:00+05:30,694.6677108261424,698.6104194551557,664.6280260336606,671.762451171875,3531,0.0,0.0
2015-05-07 00:00:00+05:30,672.1378978310063,675.8928581540846,638.3432549233021,647.5429077148438,987,0.0,0.0
2015-05-08 00:00:00+05:30,658.8078600295047,672.1379706200133,649.7959542781749,661.8118286132812,5856,0.0,0.0
2015-05-11 00:00:00+05:30,669.1340324022262,705.557153133436,669.1340324022262,686.7823486328125,1054,0.0,0.0
2015-05-12 00:00:00+05:30,675.8929195804195,682.0886046765734,665.5667777534965,671.19921875,953,0.0,0.0
2015-05-13 00:00:00+05:30,675.8929581810263,707.6223776067467,675.8929581810263,686.9700927734375,990,0.0,0.0
2015-05-14 00:00:00+05:30,688.6598031204453,688.6598031204453,675.8929365413312,676.2684326171875,245,0.0,0.0
2015-05-15 00:00:00+05:30,682.6518541142945,690.9127676404299,675.8929248656381,676.8316650390625,534,0.0,0.0
2015-05-18 00:00:00+05:30,683.4028092897457,695.4186828596754,677.0193764557207,693.3534545898438,636,0.0,0.0
2015-05-19 00:00:00+05:30,690.9126579995507,694.1043740827008,676.2683136180385,679.0845336914062,1149,0.0,0.0
2015-05-20 00:00:00+05:30,669.6971372587491,687.9086938368536,669.6971372587491,678.8967895507812,862,0.0,0.0
2015-05-21 00:00:00+05:30,684.7170685120705,699.9246590109675,600.7936987218606,692.2269897460938,2374,0.0,0.0
2015-05-22 00:00:00+05:30,700.4879633825983,717.197539566209,694.6677739253856,695.2310180664062,1287,0.0,0.0
2015-05-25 00:00:00+05:30,698.4227383847268,698.4227383847268,676.6439648221923,680.39892578125,743,0.0,0.0
2015-05-26 00:00:00+05:30,678.1459244406435,678.1459244406435,618.2542993308525,634.58837890625,5494,0.0,0.0
2015-05-27 00:00:00+05:30,634.588360680219,637.216833180078,619.9440138952909,623.698974609375,1079,0.0,0.0
2015-05-28 00:00:00+05:30,627.8294663202195,633.0864116123745,625.5764897664388,630.8334350585938,210,0.0,0.0
2015-05-29 00:00:00+05:30,633.8373274768213,651.8611377368256,633.0863353826544,640.4085083007812,1986,0.0,0.0
2015-06-01 00:00:00+05:30,646.6041539874351,655.8038065848173,634.5882812071808,642.2859497070312,2952,0.0,0.0
2015-06-02 00:00:00+05:30,642.0983081232893,646.2287650761291,637.5923550838276,643.0370483398438,1017,0.0,0.0
2015-06-03 00:00:00+05:30,642.0982834576778,642.0982834576778,621.6337475229155,629.5191650390625,617,0.0,0.0
2015-06-04 00:00:00+05:30,631.5844389841888,633.4619194805746,625.0132572468384,630.2702026367188,305,0.0,0.0
2015-06-05 00:00:00+05:30,638.3433042351605,645.8532254614565,627.0784223957165,627.4539184570312,808,0.0,0.0
2015-06-08 00:00:00+05:30,629.70695911419,641.5350862531864,619.5685644236216,621.446044921875,577,0.0,0.0
2015-06-09 00:00:00+05:30,611.4953573586548,634.5883659417419,611.4953573586548,629.3314208984375,463,0.0,0.0
2015-06-10 00:00:00+05:30,631.0211933315808,636.8413828565076,622.5725311179773,633.274169921875,113,0.0,0.0
2015-06-11 00:00:00+05:30,627.8294405810192,630.0824170424344,619.5685268891636,620.3195190429688,726,0.0,0.0
2015-06-12 00:00:00+05:30,622.9479205927958,632.7108174797232,607.364835177123,614.874755859375,1486,0.0,0.0
2015-06-15 00:00:00+05:30,619.7563966989958,625.5765870345514,600.9815891649457,608.6792602539062,497,0.0,0.0
2015-06-16 00:00:00+05:30,612.0586002192487,630.2701597963245,608.3036394817073,623.51123046875,670,0.0,0.0
2015-06-17 00:00:00+05:30,626.1396717588333,628.2049000614861,619.5684907958471,625.01318359375,693,0.0,0.0
2015-06-18 00:00:00+05:30,629.3314337555474,647.7307417830067,629.3314337555474,634.58837890625,1908,0.0,0.0
2015-06-19 00:00:00+05:30,638.3433569045294,638.3433569045294,627.0784741356259,630.8334350585938,214,0.0,0.0
2015-06-22 00:00:00+05:30,630.6456159997422,645.8532060253387,630.6456159997422,637.216796875,341,0.0,0.0
2015-06-23 00:00:00+05:30,644.3512770432693,647.1674976597171,629.3314337555474,634.58837890625,1116,0.0,0.0
2015-06-24 00:00:00+05:30,639.8453291101539,643.41254191916,634.0251397901966,640.2208251953125,699,0.0,0.0
2015-06-25 00:00:00+05:30,638.3434548195231,652.424560440542,638.3434548195231,646.6043701171875,949,0.0,0.0
2015-06-26 00:00:00+05:30,648.1062622070312,651.8612231699921,643.9758051477744,648.1062622070312,1778,0.0,0.0
2015-06-29 00:00:00+05:30,646.4165273471596,648.8572519639221,618.0665721832266,645.2900390625,3002,0.0,0.0
2015-06-30 00:00:00+05:30,639.2820279162522,646.6042009232225,635.3393193740375,640.0330200195312,2019,0.0,0.0
2015-07-01 00:00:00+05:30,642.0982190904374,657.1180604726698,640.5962349522141,647.3551635742188,1388,0.0,0.0
2015-07-02 00:00:00+05:30,638.3432645783766,647.3551694900714,622.7601790019045,641.1594848632812,2297,0.0,0.0
2015-07-03 00:00:00+05:30,647.3552864162194,660.8731462253749,636.0904032419234,638.5311279296875,715,0.0,0.0
2015-07-06 00:00:00+05:30,638.3433521673752,653.7386918372941,629.3314460191299,648.6694946289062,3193,0.0,0.0
2015-07-07 00:00:00+05:30,650.359153548492,654.6773580899513,638.3432800418224,640.4085083007812,1592,0.0,0.0
2015-07-08 00:00:00+05:30,638.3433214313873,640.5962978599686,630.8334000027827,632.5231323242188,979,0.0,0.0
2015-07-09 00:00:00+05:30,632.3353908182048,637.9678319478206,623.3234850108195,626.3274536132812,1012,0.0,0.0
2015-07-10 00:00:00+05:30,627.0783739896414,634.5882946362238,623.6989096986791,623.8866577148438,2673,0.0,0.0
2015-07-13 00:00:00+05:30,634.5884710527116,634.5884710527116,625.9520599082072,627.2662963867188,1579,0.0,0.0
2015-07-14 00:00:00+05:30,630.6456322677149,630.8333802975653,623.5112071333972,624.6376953125,1212,0.0,0.0
2015-07-15 00:00:00+05:30,629.3314156805012,629.3314156805012,619.5685178238825,623.698974609375,1505,0.0,0.0
2015-07-16 00:00:00+05:30,630.8334211869674,668.3830295909535,628.2049485986884,660.8731079101562,2219,0.0,0.0
2015-07-17 00:00:00+05:30,671.3869988586677,705.1816464522248,660.8731084962277,684.3416137695312,7754,0.0,0.0
2015-07-20 00:00:00+05:30,689.4107778121014,694.6677227409518,633.0863678601323,662.3750610351562,18343,0.0,0.0
2015-07-21 00:00:00+05:30,664.6280085260754,665.3790006261048,630.8333640247495,637.216796875,3521,0.0,0.0
2015-07-22 00:00:00+05:30,631.7720940459415,636.8412906400694,620.6949607476619,622.9479370117188,4826,0.0,0.0
2015-07-23 00:00:00+05:30,627.2661526523588,653.3631281742618,621.8214599175733,634.2128295898438,3132,0.0,0.0
2015-07-24 00:00:00+05:30,634.4006364590009,637.4046051430328,619.568541081593,622.572509765625,2831,0.0,0.0
2015-07-27 00:00:00+05:30,623.8866262074054,623.8866262074054,606.0505655725262,613.5604858398438,2497,0.0,0.0
2015-07-28 00:00:00+05:30,625.3887189241158,626.8907032385538,604.5486865612887,605.4874267578125,2627,0.0,0.0
2015-07-29 00:00:00+05:30,607.9282422902006,618.8176302002784,602.2958002677467,606.989501953125,5759,0.0,0.0
2015-07-30 00:00:00+05:30,617.7844276814018,624.0342394881112,608.3150158530541,617.9738159179688,1344,7.0,0.0
2015-07-31 00:00:00+05:30,621.1934814453125,637.6702597641364,616.4587750318574,621.1934814453125,1117,0.0,0.0
2015-08-03 00:00:00+05:30,628.7690580225981,636.1552005716587,617.405761793274,620.4359741210938,1641,0.0,0.0
2015-08-04 00:00:00+05:30,618.7314911212834,637.8597067941483,617.0269966553846,624.0343627929688,563,0.0,0.0
2015-08-05 00:00:00+05:30,626.496321624532,626.496321624532,614.943638547417,619.6783447265625,1764,0.0,0.0
2015-08-06 00:00:00+05:30,619.4890364683647,619.6784247399845,612.671058690052,614.56494140625,1175,0.0,0.0
2015-08-07 00:00:00+05:30,617.4057884533124,622.5192719773122,612.8604697653126,615.7012939453125,1171,0.0,0.0
2015-08-10 00:00:00+05:30,622.7085982781106,622.7085982781106,609.2620318311076,612.6710205078125,3892,0.0,0.0
2015-08-11 00:00:00+05:30,611.5348014265004,619.4891097758076,609.0727536040957,612.1029663085938,2416,0.0,0.0
2015-08-12 00:00:00+05:30,616.26945901134,616.26945901134,599.4139022037158,603.5804443359375,1529,0.0,0.0
2015-08-13 00:00:00+05:30,603.9591643306322,618.1632839056706,598.4669047616173,612.8604125976562,3527,0.0,0.0
2015-08-14 00:00:00+05:30,605.4742856787229,628.769042368896,605.4742856787229,616.648193359375,785,0.0,0.0
2015-08-17 00:00:00+05:30,612.6710470324365,620.4359660211011,606.0424576518692,607.9363403320312,2223,0.0,0.0
2015-08-18 00:00:00+05:30,606.2317758716273,626.8750947001207,606.2317758716273,622.5191650390625,1227,0.0,0.0
2015-08-19 00:00:00+05:30,621.1934814453125,626.1175761153058,618.7314341103158,621.1934814453125,1312,0.0,0.0
2015-08-20 00:00:00+05:30,625.7388539511265,696.1912915025247,621.3829236724112,669.2981567382812,16574,0.0,0.0
2015-08-21 00:00:00+05:30,651.4955564853462,689.3732051182152,634.8293910868839,655.0939331054688,13048,0.0,0.0
2015-08-24 00:00:00+05:30,640.1323987115464,647.7079300572452,587.8612324262249,595.2473754882812,6110,0.0,0.0
2015-08-25 00:00:00+05:30,606.7999944705194,619.4890080877244,545.4381972768714,592.0277099609375,4434,0.0,0.0
2015-08-26 00:00:00+05:30,594.6791647333969,617.2163687471784,576.8766674451996,589.9444580078125,1219,0.0,0.0
2015-08-27 00:00:00+05:30,598.4668494106402,624.7918152549689,598.4668494106402,616.0799560546875,3998,0.0,0.0
2015-08-28 00:00:00+05:30,626.6858493847475,626.6858493847475,607.9364087413235,611.3453979492188,2703,0.0,0.0
2015-08-31 00:00:00+05:30,612.2923089454832,621.1935581012017,604.9061660290361,606.800048828125,2929,0.0,0.0
2015-09-01 00:00:00+05:30,606.0424262840837,613.0497918379934,581.6113409745066,597.33056640625,2851,0.0,0.0
2015-09-02 00:00:00+05:30,599.9820400705645,613.6179955267137,582.1795426694808,587.1036376953125,3246,0.0,0.0
2015-09-03 00:00:00+05:30,598.4669074613458,613.6179684097343,593.9215891768292,597.8987426757812,638,0.0,0.0
2015-09-04 00:00:00+05:30,595.0579872046387,596.9518700410634,570.8162868984027,595.2473754882812,1532,0.0,0.0
2015-09-07 00:00:00+05:30,585.3991350359755,594.6791601465426,555.0970122259606,571.5737915039062,2658,0.0,0.0
2015-09-08 00:00:00+05:30,571.1950340559703,587.1036490628342,563.6195031003208,575.5509643554688,3066,0.0,0.0
2015-09-09 00:00:00+05:30,581.8007664348925,601.6865348188976,581.8007664348925,599.2244873046875,1361,0.0,0.0
2015-09-10 00:00:00+05:30,585.399135641316,587.8611831221756,577.066051859945,586.724853515625,491,0.0,0.0
2015-09-11 00:00:00+05:30,587.1036641419554,603.7698326724367,576.4979205316491,600.5502319335938,861,0.0,0.0
2015-09-14 00:00:00+05:30,599.9820403859829,615.5118785525393,598.0881576827443,599.2244873046875,1733,0.0,0.0
2015-09-15 00:00:00+05:30,596.383636792,606.0424381500158,587.8611650055153,600.928955078125,2560,0.0,0.0
2015-09-16 00:00:00+05:30,602.2547301103114,611.7241441057565,592.5959278349574,606.800048828125,419,0.0,0.0
2015-09-18 00:00:00+05:30,606.0424843014129,611.155967762706,599.7926711820546,603.20166015625,658,0.0,0.0
2015-09-21 00:00:00+05:30,589.5657301448526,611.3453828806888,589.3763418601933,607.5576171875,470,0.0,0.0
2015-09-22 00:00:00+05:30,607.5575749518732,613.4286113681787,592.4065132323751,593.3534545898438,436,0.0,0.0
2015-09-23 00:00:00+05:30,604.3379008686626,604.3379008686626,593.163994208916,595.8154296875,263,0.0,0.0
2015-09-24 00:00:00+05:30,598.4668330323366,603.5803154664736,587.8610916874597,588.2398681640625,1421,0.0,0.0
2015-09-28 00:00:00+05:30,590.5126793335038,609.6408963356474,588.9975730363043,601.8759765625,1188,0.0,0.0
2015-09-29 00:00:00+05:30,596.1942487389513,607.5575444582452,594.4897543810572,603.9591674804688,326,0.0,0.0
2015-09-30 00:00:00+05:30,599.9819479000796,604.9060421694616,593.1639712193969,594.6790771484375,1400,0.0,0.0
2015-10-01 00:00:00+05:30,599.2244374460737,606.0424146104411,594.6791193364954,596.7623901367188,2388,0.0,0.0
2015-10-05 00:00:00+05:30,604.5273326837065,613.4285810032975,604.5273326837065,610.0195922851562,1725,0.0,0.0
2015-10-06 00:00:00+05:30,610.7772335391469,613.6180578811894,600.7396541972632,605.2849731445312,1171,0.0,0.0
2015-10-07 00:00:00+05:30,606.0424766718506,615.8906669177683,603.7698173843312,608.88330078125,1180,0.0,0.0
2015-10-08 00:00:00+05:30,618.1633223300405,618.1633223300405,606.0424728725887,608.6939086914062,310,0.0,0.0
2015-10-09 00:00:00+05:30,606.8000450744725,613.2392465515424,600.7396201548772,603.5804443359375,826,0.0,0.0
2015-10-12 00:00:00+05:30,603.7698173463026,606.0424766336789,598.656333949706,602.8228759765625,469,0.0,0.0
2015-10-13 00:00:00+05:30,597.1411320075042,598.4668497125637,591.8382611872663,595.057861328125,1059,0.0,0.0
2015-10-14 00:00:00+05:30,597.7092246465184,602.2545419442106,587.8610371681854,597.5198364257812,1490,0.0,0.0
2015-10-15 00:00:00+05:30,601.6865121488661,616.837573203921,600.3607943065488,604.1485595703125,930,0.0,0.0
2015-10-16 00:00:00+05:30,606.8000108372404,617.216365580077,596.9518208985586,610.966552734375,935,0.0,0.0
2015-10-19 00:00:00+05:30,602.2547112842611,626.1176338068451,602.2547112842611,624.0343627929688,3317,0.0,0.0
2015-10-20 00:00:00+05:30,613.6179523376757,641.4580261011444,613.6179523376757,633.3143310546875,1966,0.0,0.0
2015-10-21 00:00:00+05:30,641.0792796441906,648.4654220093673,613.6179811069948,616.648193359375,3557,0.0,0.0
2015-10-23 00:00:00+05:30,615.133098666673,622.7086294384301,608.1257327027978,617.2163696289062,1350,0.0,0.0
2015-10-26 00:00:00+05:30,628.5796055823752,652.2531369767099,619.6783577781054,632.3673706054688,4227,0.0,0.0
2015-10-27 00:00:00+05:30,628.769113337791,628.769113337791,593.5428919279028,601.8759765625,6204,0.0,0.0
2015-10-28 00:00:00+05:30,603.7697822634257,603.7697822634257,591.270156909164,592.0277099609375,1545,0.0,0.0
2015-10-29 00:00:00+05:30,598.4668564980318,598.4668564980318,588.6186677202161,589.376220703125,845,0.0,0.0
2015-10-30 00:00:00+05:30,585.5885309630448,589.3762963638408,560.7786675878317,565.8921508789062,5035,0.0,0.0
2015-11-02 00:00:00+05:30,573.0889393506129,584.0734596686352,565.3240198154592,582.7477416992188,1289,0.0,0.0
2015-11-03 00:00:00+05:30,586.91428796539,588.618782509336,575.740379288411,576.876708984375,1013,0.0,0.0
2015-11-04 00:00:00+05:30,580.6644859425978,587.1036876784258,579.3387679381627,580.47509765625,571,0.0,0.0
2015-11-05 00:00:00+05:30,584.1066116730976,611.6299598671179,574.5498935501739,578.9459838867188,2550,7.0,0.0
2015-11-06 00:00:00+05:30,584.1065732561566,592.5164846512059,573.4030496624574,587.9292602539062,1467,0.0,0.0
2015-11-09 00:00:00+05:30,569.5803949123475,591.7519807545732,569.5803949123475,587.7381591796875,586,0.0,0.0
2015-11-10 00:00:00+05:30,581.0485390090072,588.3116457466198,581.0485390090072,586.2091674804688,1417,0.0,0.0
2015-11-13 00:00:00+05:30,590.987399426297,607.0426845336091,590.987399426297,595.001220703125,859,0.0,0.0
2015-11-16 00:00:00+05:30,582.1952514648438,588.693819603322,579.5193704666468,582.1952514648438,1769,0.0,0.0
2015-11-17 00:00:00+05:30,585.6357087738056,598.44171154399,585.6357087738056,592.13427734375,300,0.0,0.0
2015-11-18 00:00:00+05:30,596.3391954361616,625.3916177779233,596.3391954361616,615.8348999023438,3477,0.0,0.0
2015-11-19 00:00:00+05:30,619.2753351692347,627.4941127656166,612.9679011999184,620.9955444335938,1128,0.0,0.0
2015-11-20 00:00:00+05:30,628.8320990070897,630.7434427730688,602.4555550365795,607.425048828125,1874,0.0,0.0
2015-11-23 00:00:00+05:30,604.366865678267,615.4526589133523,604.366865678267,609.7186279296875,2572,0.0,0.0
2015-11-24 00:00:00+05:30,630.7433326357886,630.7433326357886,600.1618377201141,602.0731811523438,1413,0.0,0.0
2015-11-26 00:00:00+05:30,606.2780853935759,607.8071600099531,592.5164138461807,597.1036376953125,660,0.0,0.0
2015-11-27 00:00:00+05:30,594.8101752948637,596.7215190458113,590.9874877929688,590.9874877929688,427,0.0,0.0
2015-11-30 00:00:00+05:30,611.6299660283521,709.1084918641207,573.40309315158,610.1008911132812,5303,0.0,0.0
2015-12-01 00:00:00+05:30,624.0536765870305,624.0536765870305,596.3391947784181,601.1175537109375,1260,0.0,0.0
2015-12-02 00:00:00+05:30,614.6880988179693,620.0398608723546,597.1037377821318,602.8377685546875,1587,0.0,0.0
2015-12-03 00:00:00+05:30,602.0732144319129,604.7490953849436,600.1618708940338,601.882080078125,516,0.0,0.0
2015-12-04 00:00:00+05:30,600.1619207138168,603.7934737372443,595.5746958421189,600.544189453125,638,0.0,0.0
2015-12-07 00:00:00+05:30,605.1313580702023,610.865388626774,588.69380380803,595.9569091796875,610,0.0,0.0
2015-12-08 00:00:00+05:30,596.5303678469476,600.5441896107367,585.0623056646929,592.13427734375,569,0.0,0.0
2015-12-09 00:00:00+05:30,585.8268377697617,598.6328404224776,577.7991943158205,579.9016723632812,472,0.0,0.0
2015-12-10 00:00:00+05:30,581.048434016884,587.35586767562,573.4030598850829,578.7548217773438,1279,0.0,0.0
2015-12-11 00:00:00+05:30,578.7549107212195,588.6938986199988,571.1095354144663,576.8435668945312,785,0.0,0.0
2015-12-14 00:00:00+05:30,577.2257247546488,583.3420238248967,574.7409782573606,578.181396484375,780,0.0,0.0
2015-12-15 00:00:00+05:30,581.048434983897,595.001242797655,581.048434983897,593.47216796875,1563,0.0,0.0
2015-12-16 00:00:00+05:30,596.3391619813113,607.8072227886444,592.5164750455338,603.4111328125,2258,0.0,0.0
2015-12-17 00:00:00+05:30,603.0289306066267,610.8654396889948,596.3392277314342,609.3363647460938,171,0.0,0.0
2015-12-18 00:00:00+05:30,605.8959626419731,614.1147406841199,599.0151252113387,610.2920532226562,984,0.0,0.0
2015-12-21 00:00:00+05:30,611.0565462282993,614.6880990523024,608.5717995592446,609.1452026367188,242,0.0,0.0
2015-12-22 00:00:00+05:30,613.5412377641392,622.3334174953387,610.4830882924176,615.0703125,1284,0.0,0.0
2015-12-23 00:00:00+05:30,615.0703339785347,616.0260057218202,600.1618547832812,607.2338256835938,2767,0.0,0.0
2015-12-24 00:00:00+05:30,603.9846188358302,613.9236062343945,603.9846188358302,612.39453125,461,0.0,0.0
2015-12-28 00:00:00+05:30,616.7906327063257,621.9512608696572,603.9846294862067,617.9374389648438,905,0.0,0.0
2015-12-29 00:00:00+05:30,616.4083363570113,623.0980392322037,604.940274285253,609.3363647460938,3274,0.0,0.0
2015-12-30 00:00:00+05:30,621.5689755140507,634.5661127634221,608.5718382646795,612.7767944335938,1105,0.0,0.0
2015-12-31 00:00:00+05:30,619.2753125487976,619.2753125487976,610.8654008969004,612.01220703125,434,0.0,0.0
2016-01-01 00:00:00+05:30,615.4526309004096,616.790571402367,604.7491068847503,609.5274658203125,508,0.0,0.0
2016-01-04 00:00:00+05:30,610.2920367431641,610.2920367431641,588.6938531691029,592.5165405273438,3447,0.0,0.0
2016-01-05 00:00:00+05:30,603.9846641036446,604.9403360405175,590.6052569874247,598.8240356445312,2053,0.0,0.0
2016-01-06 00:00:00+05:30,593.2809890791384,599.97069095342,589.0760336153044,592.3253173828125,1152,0.0,0.0
2016-01-07 00:00:00+05:30,582.3864356673103,591.7520199625836,580.283957560208,585.0623168945312,3350,0.0,0.0
2016-01-08 00:00:00+05:30,597.1037936652033,597.1037936652033,585.6357310467936,586.4002685546875,402,0.0,0.0
2016-01-11 00:00:00+05:30,588.1204725650978,593.2811006961532,578.7548881791082,582.5775756835938,1446,0.0,0.0
2016-01-12 00:00:00+05:30,577.9903510813707,577.9903510813707,573.4031260727884,574.1676635742188,1828,0.0,0.0
2016-01-13 00:00:00+05:30,577.2257003395586,582.3863274617996,552.9516394312394,562.890625,2966,0.0,0.0
2016-01-14 00:00:00+05:30,551.2314031849736,565.5664778170378,550.4668658712635,562.699462890625,1584,0.0,0.0
2016-01-15 00:00:00+05:30,559.6414126603963,564.0375029920865,542.8215887826248,547.4088134765625,1395,0.0,0.0
2016-01-18 00:00:00+05:30,553.5251399270752,553.5251399270752,485.86357240836503,491.0242004394531,5246,0.0,0.0
2016-01-19 00:00:00+05:30,505.35931274864504,527.3397669718274,495.42032475207566,517.9741821289062,1525,0.0,0.0
2016-01-20 00:00:00+05:30,499.0517922623151,509.1819129018795,469.0436990470016,477.6447448730469,3728,0.0,0.0
2016-01-21 00:00:00+05:30,489.49510022511924,497.90501213839735,472.1018733135668,475.924560546875,1485,0.0,0.0
2016-01-22 00:00:00+05:30,481.65858664163727,508.2262626508387,481.65858664163727,501.53656005859375,1250,0.0,0.0
2016-01-25 00:00:00+05:30,504.40358156247163,534.793945135201,503.83017847619374,526.384033203125,2918,0.0,0.0
2016-01-27 00:00:00+05:30,523.708157221974,541.8659217971885,478.02704423801356,488.15716552734375,4666,0.0,0.0
2016-01-28 00:00:00+05:30,488.157109110437,508.9907523731768,488.157109110437,502.6833190917969,3476,0.0,0.0
2016-01-29 00:00:00+05:30,506.12371756443974,506.12371756443974,500.00741886275466,501.91876220703125,1895,0.0,0.0
2016-02-01 00:00:00+05:30,511.0932950106534,523.7081631747159,508.4174138849432,519.3120727539062,3115,0.0,0.0
2016-02-02 00:00:00+05:30,523.7081631747159,523.7081631747159,512.2401012073864,515.1071166992188,3775,0.0,0.0
2016-02-03 00:00:00+05:30,500.9632007995468,518.165294684308,500.9632007995468,511.09332275390625,486,0.0,0.0
2016-02-04 00:00:00+05:30,518.5475211785356,521.2234022314288,505.55038463591103,509.7553405761719,685,0.0,0.0
2016-02-05 00:00:00+05:30,513.044030219184,522.3298950195312,513.044030219184,522.3298950195312,705,8.0,0.0
2016-02-08 00:00:00+05:30,521.5560729528356,526.1990053530093,513.044030219184,522.3298950195312,527,0.0,0.0
2016-02-09 00:00:00+05:30,520.3953741120828,520.3953741120828,511.4964197592367,515.75244140625,1035,0.0,0.0
2016-02-10 00:00:00+05:30,513.0440322755195,514.5916764151139,508.4010998567365,513.2374877929688,499,0.0,0.0
2016-02-11 00:00:00+05:30,503.7582853155421,510.72268557336065,491.3771293016424,499.3088073730469,1325,0.0,0.0
2016-02-12 00:00:00+05:30,502.9843518688421,502.9843518688421,475.90057907590443,485.96026611328125,1983,0.0,0.0
2016-02-15 00:00:00+05:30,503.758263585815,529.2943967629761,498.92187472650414,518.073974609375,1220,0.0,0.0
2016-02-16 00:00:00+05:30,532.1961805490572,532.1961805490572,502.0171168756101,504.7254943847656,417,0.0,0.0
2016-02-17 00:00:00+05:30,501.4367568466689,506.46660085824817,489.8294245122553,492.9247131347656,414,0.0,0.0
2016-02-18 00:00:00+05:30,498.34143651287195,506.0796575767364,496.4068812469058,500.66290283203125,126,0.0,0.0
2016-02-19 00:00:00+05:30,493.6985649862733,503.75825361452024,491.3770983797548,503.1778869628906,80,0.0,0.0
2016-02-22 00:00:00+05:30,495.24608445678035,502.7908490246766,480.54346632446965,487.894775390625,3175,0.0,0.0
2016-02-23 00:00:00+05:30,487.8949048042297,495.2462158203125,476.28757162094115,495.2462158203125,1901,0.0,0.0
2016-02-24 00:00:00+05:30,486.9275672461644,492.15086653724364,477.06133525190364,481.1239013671875,339,0.0,0.0
2016-02-25 00:00:00+05:30,483.6388239784846,493.6985115172371,472.03149220300094,487.5079345703125,536,0.0,0.0
2016-02-26 00:00:00+05:30,487.8948548953851,502.98438649008773,487.8948548953851,497.3741760253906,838,0.0,0.0
2016-02-29 00:00:00+05:30,495.2461668779251,502.790932701456,487.7014010543942,496.0199890136719,456,0.0,0.0
2016-03-01 00:00:00+05:30,496.0199371504653,502.98433564399755,491.3770048214438,495.6330261230469,364,0.0,0.0
2016-03-02 00:00:00+05:30,502.9843517485119,509.17492838541665,501.43670758928573,507.82073974609375,10201,0.0,0.0
2016-03-03 00:00:00+05:30,509.75534734510836,521.5561352722626,509.75534734510836,514.5917358398438,117,0.0,0.0
2016-03-04 00:00:00+05:30,517.6869706774742,522.3299031499179,506.85346157510554,515.5589599609375,468,0.0,0.0
2016-03-08 00:00:00+05:30,518.460864917652,518.460864917652,496.4069326039907,501.04986572265625,648,0.0,0.0
2016-03-09 00:00:00+05:30,502.9843365490097,511.3029236534741,499.5021372959781,509.7552795410156,2179,0.0,0.0
2016-03-10 00:00:00+05:30,518.4608345163633,518.4608345163633,502.98439169497937,503.56475830078125,502,0.0,0.0
2016-03-11 00:00:00+05:30,502.98440345247883,515.9459246183696,502.98440345247883,514.5917358398438,33,0.0,0.0
2016-03-14 00:00:00+05:30,512.2702083865646,548.6398455378766,510.7225642524662,544.1903686523438,6454,0.0,0.0
2016-03-15 00:00:00+05:30,556.5715688269265,556.5715688269265,537.8063821129148,542.255859375,507,0.0,0.0
2016-03-16 00:00:00+05:30,541.6754944982788,547.4791605107604,531.4223512095614,540.9016723632812,233,0.0,0.0
2016-03-17 00:00:00+05:30,541.6754760742188,547.0922308349609,532.7765218244281,541.6754760742188,2071,0.0,0.0
2016-03-18 00:00:00+05:30,541.6754743999377,543.2231186125089,537.999819395081,543.0296630859375,349,0.0,0.0
2016-03-21 00:00:00+05:30,541.6755014761335,545.544612200963,532.583091272784,535.4849243164062,390,0.0,0.0
2016-03-22 00:00:00+05:30,537.2259689001728,545.5445561031644,533.937225122246,537.8063354492188,554,0.0,0.0
2016-03-23 00:00:00+05:30,542.4492905033064,542.4492905033064,523.8775601579721,526.5859375,1106,0.0,0.0
2016-03-28 00:00:00+05:30,528.7139671282416,528.7139671282416,504.1451146491759,511.68988037109375,1175,0.0,0.0
2016-03-29 00:00:00+05:30,506.85345255305,526.0055486609706,502.98434222821754,515.9458618164062,177,0.0,0.0
2016-03-30 00:00:00+05:30,526.1990272243195,532.0026929657643,518.4608062357266,518.8477172851562,170,0.0,0.0
2016-03-31 00:00:00+05:30,518.460802358973,521.5560907312654,506.8534709628766,511.3029479980469,132,0.0,0.0
2016-04-01 00:00:00+05:30,514.5916442871094,514.5916442871094,510.72253417968744,510.7225341796875,30,0.0,0.0
2016-04-04 00:00:00+05:30,526.1990711300872,536.839125877203,522.3299603129542,532.3896484375,1494,0.0,0.0
2016-04-05 00:00:00+05:30,537.2259973108812,547.8660512727461,522.3299217642706,528.9074096679688,164,0.0,0.0
2016-04-06 00:00:00+05:30,526.3925757438861,542.4493871318841,526.3925757438861,540.5148315429688,1142,0.0,0.0
2016-04-07 00:00:00+05:30,534.7111879271384,549.9941777412644,530.0682543127205,548.446533203125,751,0.0,0.0
2016-04-08 00:00:00+05:30,534.7111427879473,549.4137646591065,519.2346987130429,531.2289428710938,574,0.0,0.0
2016-04-11 00:00:00+05:30,528.5204877863824,545.7380292991892,522.3299110626766,530.6484985351562,200,0.0,0.0
2016-04-12 00:00:00+05:30,532.3895818865741,545.5445570203993,518.4607846860532,522.3298950195312,591,0.0,0.0
2016-04-13 00:00:00+05:30,526.1990985244655,530.0682095430278,518.4608764873411,524.8449096679688,913,0.0,0.0
2016-04-18 00:00:00+05:30,525.0382674503571,533.1633990763391,523.1037123013139,526.3924560546875,4025,0.0,0.0
2016-04-20 00:00:00+05:30,529.6813003077651,549.4137665719696,522.7169004498106,536.2587890625,1380,0.0,0.0
2016-04-21 00:00:00+05:30,541.6755425987145,545.5446536172768,523.1038097096158,524.8449096679688,1848,0.0,0.0
2016-04-22 00:00:00+05:30,537.41945535411,542.6427545962126,533.937255859375,533.937255859375,282,0.0,0.0
2016-04-25 00:00:00+05:30,533.5503021373112,533.5503021373112,526.585903704772,533.1633911132812,116,0.0,0.0
2016-04-26 00:00:00+05:30,533.1633848869938,541.675427316249,533.1633848869938,538.5801391601562,1405,0.0,0.0
2016-04-27 00:00:00+05:30,533.3568867792941,544.3838517943176,527.1663099287546,528.9074096679688,1768,0.0,0.0
2016-04-28 00:00:00+05:30,539.3540274985579,539.3540274985579,530.2616174223627,534.5176391601562,241,0.0,0.0
2016-04-29 00:00:00+05:30,537.6129288465014,537.6129288465014,526.1990523434631,526.7794189453125,500,0.0,0.0
2016-05-02 00:00:00+05:30,526.7793441964183,532.969920404382,522.3298675469442,523.4906005859375,621,0.0,0.0
2016-05-03 00:00:00+05:30,520.7822686381922,524.4579235802895,507.04692648614486,511.3029479980469,449,0.0,0.0
2016-05-04 00:00:00+05:30,513.4309112548827,513.4309112548827,506.85342407226557,506.8534240722656,508,0.0,0.0
2016-05-05 00:00:00+05:30,506.85348131284735,517.3000797826542,496.21342731582195,513.4309692382812,586,0.0,0.0
2016-05-06 00:00:00+05:30,513.2375137110627,526.0055785074932,507.62730342172193,513.4309692382812,3728,0.0,0.0
2016-05-09 00:00:00+05:30,522.1365120672946,538.5802332698585,508.4011684745647,533.35693359375,2613,0.0,0.0
2016-05-10 00:00:00+05:30,540.9016129037906,546.8987337907782,531.6157483045838,539.5474243164062,2692,0.0,0.0
2016-05-11 00:00:00+05:30,541.6755318056894,555.6043311949785,540.3213429761752,552.1221313476562,986,0.0,0.0
2016-05-12 00:00:00+05:30,557.1519476617133,561.0210584093641,549.4137261664117,553.2828369140625,732,0.0,0.0
2016-05-13 00:00:00+05:30,559.4733860967273,575.7236504231882,547.8660544349694,568.5657958984375,1235,0.0,0.0
2016-05-16 00:00:00+05:30,570.5003570070593,575.723656308243,559.4733918156716,570.8872680664062,3800,0.0,0.0
2016-05-17 00:00:00+05:30,574.1761059186846,607.450462461142,545.5446828472677,554.2501831054688,24635,0.0,0.0
2016-05-18 00:00:00+05:30,544.77072315346,546.1249117408443,530.0681042047161,539.5474243164062,3093,0.0,0.0
2016-05-19 00:00:00+05:30,546.7052896541401,546.7052896541401,529.1008376518305,530.068115234375,1193,0.0,0.0
2016-05-20 00:00:00+05:30,526.9728570542632,532.7765228808519,501.4367274172724,505.6927490234375,3280,0.0,0.0
2016-05-23 00:00:00+05:30,509.0201758907709,514.5917045439338,501.43672863829937,508.2076721191406,2738,0.0,0.0
2016-05-24 00:00:00+05:30,508.20771012051733,514.5917430226783,502.98441047329464,513.6631469726562,2067,0.0,0.0
2016-05-25 00:00:00+05:30,510.02619374261985,521.5174817646863,508.4011860128047,519.8150634765625,1655,0.0,0.0
2016-05-26 00:00:00+05:30,516.1780468030078,521.5561200987618,509.2136475732023,512.6571655273438,10378,0.0,0.0
2016-05-27 00:00:00+05:30,517.1839678198245,517.1839678198245,500.66288531853286,502.0557556152344,1956,0.0,0.0
2016-05-30 00:00:00+05:30,499.8890915991878,518.4608225564332,496.79380310631353,517.5322265625,1286,0.0,0.0
2016-05-31 00:00:00+05:30,510.72253237301226,511.4189910820237,506.85342227927737,509.48443603515625,1640,0.0,0.0
2016-06-01 00:00:00+05:30,516.139383996756,516.139383996756,508.9041656469652,513.7792358398438,581,0.0,0.0
2016-06-02 00:00:00+05:30,510.7227006963099,514.5918120652213,505.07380754377186,512.0382080078125,1382,0.0,0.0
2016-06-03 00:00:00+05:30,510.72257513923586,511.109486181008,507.2403757632865,510.25830078125,4918,0.0,0.0
2016-06-06 00:00:00+05:30,507.1630407982252,514.5917143233834,502.82960854992086,506.5439453125,687,0.0,0.0
2016-06-07 00:00:00+05:30,505.73147451759326,518.3834954543938,503.5261002044781,510.8774108886719,2300,0.0,0.0
2016-06-08 00:00:00+05:30,512.8119152266731,530.3002757983039,508.63325699363077,525.2317504882812,2350,0.0,0.0
2016-06-09 00:00:00+05:30,525.4251619664038,530.0680941781835,519.2345856840309,528.4043579101562,562,0.0,0.0
2016-06-10 00:00:00+05:30,528.4043849223295,537.2646571254851,526.1990109011344,534.9818725585938,1688,0.0,0.0
2016-06-13 00:00:00+05:30,539.8957346726908,539.93441633492,521.5561398921335,531.0354614257812,1030,0.0,0.0
2016-06-14 00:00:00+05:30,532.3896945382883,539.3540946121904,527.5533055980785,536.8391723632812,2229,0.0,0.0
2016-06-15 00:00:00+05:30,539.3540363515236,553.7858382823401,539.2766730289813,550.1488647460938,1914,0.0,0.0
2016-06-16 00:00:00+05:30,543.5326269280824,561.0209863696731,543.5326269280824,559.5120239257812,1579,0.0,0.0
2016-06-17 00:00:00+05:30,560.2472247615906,568.7592682317253,556.3781140933476,566.5538940429688,1289,0.0,0.0
2016-06-20 00:00:00+05:30,563.3424481363904,575.7236008426847,563.3424481363904,573.2086791992188,1003,0.0,0.0
2016-06-21 00:00:00+05:30,571.467637045407,571.467637045407,551.1934880047666,557.3067016601562,338,0.0,0.0
2016-06-22 00:00:00+05:30,553.9792097900927,572.5122096116331,553.9792097900927,564.6192626953125,2035,0.0,0.0
2016-06-23 00:00:00+05:30,561.0597715845759,564.8902008859702,550.5744903155723,552.0060424804688,689,0.0,0.0
2016-06-24 00:00:00+05:30,536.4135076597685,557.035838997544,527.3597793315564,554.5983276367188,1121,0.0,0.0
2016-06-27 00:00:00+05:30,553.2055590500487,557.1520337301587,544.8095590924249,548.446533203125,1579,0.0,0.0
2016-06-28 00:00:00+05:30,543.6100129808572,549.4136785998699,526.972838206354,545.0415649414062,821,0.0,0.0
2016-06-29 00:00:00+05:30,550.187495678927,553.8631505375415,545.5445632259402,546.5118408203125,721,0.0,0.0
2016-06-30 00:00:00+05:30,550.7678833007812,555.4108159313463,547.9821426145834,550.7678833007812,234,0.0,0.0
2016-07-01 00:00:00+05:30,556.7650186670612,571.8545500972317,553.2828191062526,563.032958984375,544,0.0,0.0
2016-07-04 00:00:00+05:30,580.366543851909,619.0576467753696,564.8901026825247,568.8753051757812,12589,0.0,0.0
2016-07-05 00:00:00+05:30,566.3216238506885,576.4200389497086,564.8900720123852,565.7025756835938,1191,0.0,0.0
2016-07-07 00:00:00+05:30,571.1967800782576,579.5927306487865,566.4377554538207,576.2266235351562,1360,0.0,0.0
2016-07-08 00:00:00+05:30,568.759189399026,584.2356299268906,564.4258049433632,579.5540161132812,881,0.0,0.0
2016-07-11 00:00:00+05:30,581.0630619877496,595.8430459230494,573.2474300601564,577.9677734375,743,0.0,0.0
2016-07-12 00:00:00+05:30,577.0778757423366,580.2892565980469,573.6343576847287,578.5481567382812,229,0.0,0.0
2016-07-13 00:00:00+05:30,573.6342810570328,577.9289840246848,564.8901012643532,572.82177734375,810,0.0,0.0
2016-07-14 00:00:00+05:30,575.7236776447105,583.3845357958348,575.7236776447105,581.52734375,977,0.0,0.0
2016-07-15 00:00:00+05:30,572.7057420221934,583.1523408228197,570.3069123008581,571.7384643554688,512,0.0,0.0
2016-07-18 00:00:00+05:30,575.9558313567155,586.2863856585428,575.2981014047332,582.1077270507812,4210,0.0,0.0
2016-07-19 00:00:00+05:30,586.0541505841289,586.0541505841289,533.1634287570478,540.5921020507812,8470,0.0,0.0
2016-07-20 00:00:00+05:30,533.975959297123,540.127854768132,523.1424493161003,533.04736328125,3974,0.0,0.0
2016-07-21 00:00:00+05:30,534.517600227444,534.517600227444,530.0681232802013,532.9312744140625,225,0.0,0.0
2016-07-22 00:00:00+05:30,540.9016355479096,542.4492797125674,534.2080556436238,539.8569946289062,996,0.0,0.0
2016-07-25 00:00:00+05:30,541.6754928715595,553.2828248616644,539.2379342614956,539.66357421875,10706,0.0,0.0
2016-07-26 00:00:00+05:30,537.9611235938088,539.9730421251205,518.4607975819689,523.7227783203125,2108,0.0,0.0
2016-07-27 00:00:00+05:30,523.8775241065622,527.8627265277253,519.2345918397389,522.9876098632812,1299,0.0,0.0
2016-07-28 00:00:00+05:30,530.0681592081221,533.3569032616031,523.8775821662754,527.5919189453125,1043,0.0,0.0
2016-07-29 00:00:00+05:30,528.5204715530961,531.6157598198785,520.0857921339737,522.3298950195312,1122,0.0,0.0
2016-08-01 00:00:00+05:30,522.6007296320428,531.6544575318527,512.3863158274902,516.5262451171875,617,0.0,0.0
2016-08-02 00:00:00+05:30,521.7882617858089,521.7882617858089,505.6927706510953,507.9755554199219,1218,0.0,0.0
2016-08-03 00:00:00+05:30,508.47853331166317,516.9132139280817,501.0498593090313,502.5975036621094,48594,0.0,0.0
2016-08-04 00:00:00+05:30,509.21370333370766,509.5232511144041,491.7640216876377,509.0589294433594,257,0.0,0.0
2016-08-05 00:00:00+05:30,503.75821923011705,517.4161990583755,503.75821923011705,511.6512145996094,355,0.0,0.0
2016-08-08 00:00:00+05:30,506.85348932932715,520.0084653882562,502.9843787237598,504.76416015625,1392,0.0,0.0
2016-08-09 00:00:00+05:30,503.7582538284912,517.6096901454121,503.7582538284912,511.4577941894531,453,0.0,0.0
2016-08-10 00:00:00+05:30,506.07962106017817,506.8534431107289,502.98433285797523,504.10638427734375,1261,0.0,0.0
2016-08-11 00:00:00+05:30,501.8236804710055,505.3058802583911,496.1361063770854,504.57073974609375,1007,0.0,0.0
2016-08-12 00:00:00+05:30,502.32665923652,510.6839288718929,500.66292274946096,504.2998962402344,1160,0.0,0.0
2016-08-16 00:00:00+05:30,506.3118471970797,518.0739538783276,503.17787678772606,516.4102172851562,264,0.0,0.0
2016-08-17 00:00:00+05:30,516.5649934899883,522.3299782515774,512.038152570618,514.359619140625,618,0.0,0.0
2016-08-18 00:00:00+05:30,514.3595659914247,533.1634338193905,507.6273041879829,522.4072875976562,1289,0.0,0.0
2016-08-19 00:00:00+05:30,522.3685993586842,557.0745488951675,522.3685993586842,539.35400390625,4506,0.0,0.0
2016-08-22 00:00:00+05:30,533.2021537055824,544.1904379020398,522.3299617260958,524.6514282226562,1167,0.0,0.0
2016-08-23 00:00:00+05:30,522.3300342519408,525.4253233438042,517.3001894776629,520.318115234375,322,0.0,0.0
2016-08-24 00:00:00+05:30,520.0084760599801,524.2258161526685,512.2702546900399,517.1453247070312,571,0.0,0.0
2016-08-25 00:00:00+05:30,517.6870688631975,527.7467577947693,514.5917799611755,518.4995727539062,272,0.0,0.0
2016-08-26 00:00:00+05:30,516.5262581356138,518.1125840141544,503.75819332776723,506.9695739746094,2324,0.0,0.0
2016-08-29 00:00:00+05:30,503.3712243528173,508.9814340016381,501.4366693014998,504.9575500488281,703,0.0,0.0
2016-08-30 00:00:00+05:30,502.984354520126,505.42191297647963,494.7818593231693,503.21649169921875,2958,0.0,0.0
2016-08-31 00:00:00+05:30,502.9844183670847,507.5112592402453,499.8891296386718,499.8891296386719,1266,0.0,0.0
2016-09-01 00:00:00+05:30,499.115314859366,502.98442582726807,495.28488555507124,500.8564147949219,1345,0.0,0.0
2016-09-02 00:00:00+05:30,503.02306290038734,510.7226024900583,502.98438124020896,504.0290222167969,120,0.0,0.0
2016-09-06 00:00:00+05:30,509.5618507787533,513.044050214599,501.86231146897956,510.56781005859375,433,0.0,0.0
2016-09-07 00:00:00+05:30,510.7226235850164,518.4608451544864,510.7226235850164,517.841796875,1137,0.0,0.0
2016-09-08 00:00:00+05:30,515.5977710310653,526.19914561677,515.5977710310653,520.318115234375,335,0.0,0.0
2016-09-09 00:00:00+05:30,521.5561005661598,525.8121221583169,502.9843699822016,504.45465087890625,1735,0.0,0.0
2016-09-12 00:00:00+05:30,507.2017028294173,517.6869827957266,506.8534734397622,510.56781005859375,499,0.0,0.0
2016-09-14 00:00:00+05:30,517.686950774378,517.686950774378,503.75815389255615,507.3564453125,1592,0.0,0.0
2016-09-15 00:00:00+05:30,506.8535099146556,513.0440871349873,503.7582213044898,504.53204345703125,1058,0.0,0.0
2016-09-16 00:00:00+05:30,509.1750105572051,518.422195346983,503.75825512574545,504.4159851074219,3802,0.0,0.0
2016-09-19 00:00:00+05:30,503.60338049729245,506.8534425520934,499.15390371152984,502.21051025390625,913,0.0,0.0
2016-09-20 00:00:00+05:30,505.26718108209104,505.26718108209104,502.98439629897075,503.3713073730469,209,0.0,0.0
2016-09-21 00:00:00+05:30,505.30582077175734,513.4309526524671,500.66288826849467,503.21649169921875,634,0.0,0.0
2016-09-22 00:00:00+05:30,506.1957476682583,507.62729966694616,496.83247188192144,500.1212158203125,1092,0.0,0.0
2016-09-23 00:00:00+05:30,505.305872717569,505.305872717569,497.567651083303,499.11529541015625,744,0.0,0.0
2016-09-26 00:00:00+05:30,495.3234938856058,499.0765593070413,475.9005785944603,496.290771484375,3442,0.0,0.0
2016-09-27 00:00:00+05:30,490.29361929772546,502.94563782596657,490.29361929772546,499.5408020019531,738,0.0,0.0
2016-09-28 00:00:00+05:30,499.11522150083897,506.07961994038556,496.0199333054849,500.31463623046875,627,0.0,0.0
2016-09-29 00:00:00+05:30,497.95456332724444,502.75227019775855,482.86503110520675,489.481201171875,2427,0.0,0.0
2016-09-30 00:00:00+05:30,492.69256327603176,496.7938111494186,489.05558979195104,496.0199890136719,383,0.0,0.0
2016-10-03 00:00:00+05:30,495.2461547423184,503.3712869685596,489.05557780803946,497.83843994140625,1798,0.0,0.0
2016-10-04 00:00:00+05:30,506.853572607979,530.0682400556727,492.15094989110634,519.7377319335938,1941,0.0,0.0
2016-10-05 00:00:00+05:30,511.49641681115753,520.4340527723015,511.49641681115753,520.356689453125,186,0.0,0.0
2016-10-06 00:00:00+05:30,518.4607543945312,522.3298645019531,510.68385252468283,510.7225341796875,4335,0.0,0.0
2016-10-07 00:00:00+05:30,520.7436742163496,520.8210375464762,503.7582669818719,511.5738525390625,529,0.0,0.0
2016-10-10 00:00:00+05:30,519.079843169914,521.7108571409074,504.5319974740933,518.6929321289062,825,0.0,0.0
2016-10-13 00:00:00+05:30,522.3299234903388,522.3299234903388,500.66290444185074,513.4309692382812,1398,0.0,0.0
2016-10-14 00:00:00+05:30,518.4608054531168,525.1156566011201,516.3714763432799,523.99365234375,445,0.0,0.0
2016-10-17 00:00:00+05:30,514.5917417691755,524.7287932788015,514.5917417691755,518.80908203125,1392,0.0,0.0
2016-10-18 00:00:00+05:30,523.8776132324947,526.1990797608513,516.6810764406604,519.2346801757812,2823,0.0,0.0
2016-10-19 00:00:00+05:30,524.2645648319365,537.8064539604367,521.0145019950241,534.1307983398438,3908,0.0,0.0
2016-10-20 00:00:00+05:30,533.9372688574426,553.2828220769152,523.2198512659967,532.7378540039062,3059,0.0,0.0
2016-10-21 00:00:00+05:30,524.5740536195079,533.8599194060965,523.8775947933715,524.4966430664062,298,0.0,0.0
2016-10-24 00:00:00+05:30,530.0295084381746,548.5238300903409,526.199079224221,543.53271484375,2068,0.0,0.0
2016-10-25 00:00:00+05:30,545.5445715555047,549.4136819920685,524.690056856355,527.5145263671875,5233,0.0,0.0
2016-10-26 00:00:00+05:30,524.0709809405428,530.9192871592539,491.37699947913575,529.3716430664062,2936,0.0,0.0
2016-10-27 00:00:00+05:30,528.520539050257,529.294361215777,522.3299617260958,524.6514282226562,473,0.0,0.0
2016-10-28 00:00:00+05:30,524.6513966295114,545.5445938404212,524.6513966295114,538.1546020507812,4102,0.0,0.0
2016-11-01 00:00:00+05:30,542.4106374356102,542.4106374356102,513.0440778330329,522.8329467773438,1191,0.0,0.0
2016-11-02 00:00:00+05:30,518.4607486560782,530.068078849871,517.6869266431587,526.4697875976562,4280,0.0,0.0
2016-11-03 00:00:00+05:30,532.389605351095,540.9016484599061,526.1990285446869,527.1276245117188,253,0.0,0.0
2016-11-04 00:00:00+05:30,522.3299516291777,522.3299516291777,501.0498424887297,512.270263671875,742,0.0,0.0
2016-11-07 00:00:00+05:30,523.9162635558764,530.0681589341023,499.8890958707008,523.103759765625,1321,0.0,0.0
2016-11-08 00:00:00+05:30,530.0681256135664,530.0681256135664,511.57375898104,514.2047729492188,309,0.0,0.0
2016-11-09 00:00:00+05:30,499.115246699404,510.72257801799475,491.3770258203434,508.246337890625,1400,0.0,0.0
2016-11-10 00:00:00+05:30,508.5172207446397,512.2702391027221,499.2700370428627,503.0617370605469,3169,0.0,0.0
2016-11-11 00:00:00+05:30,503.79683973356083,504.57066178897844,497.60626329022,501.39801025390625,1394,0.0,0.0
2016-11-15 00:00:00+05:30,497.41280349896806,499.5021324766989,481.16254047493914,493.8532409667969,2027,0.0,0.0
2016-11-16 00:00:00+05:30,497.025942092599,505.07371109528435,487.5079393887,494.975341796875,753,0.0,0.0
2016-11-17 00:00:00+05:30,496.7938049008657,509.87141772264084,483.0197805038908,494.975341796875,1357,0.0,0.0
2016-11-18 00:00:00+05:30,488.2817853179659,502.2105842652296,488.2817853179659,496.52301025390625,2489,0.0,0.0
2016-11-21 00:00:00+05:30,491.76396504919074,495.2074829838044,484.4513364532931,488.3978576660156,549,0.0,0.0
2016-11-22 00:00:00+05:30,486.8114774693567,490.5258614347482,479.76971505981396,486.15374755859375,413,0.0,0.0
2016-11-23 00:00:00+05:30,495.2461735242428,501.43675069329583,487.5079520629265,488.7073669433594,233,0.0,0.0
2016-11-24 00:00:00+05:30,499.0765778377799,499.0765778377799,484.6060949768322,487.1596984863281,619,0.0,0.0
2016-11-25 00:00:00+05:30,497.9932037438999,499.927758996755,489.71329781560934,491.84130859375,331,0.0,0.0
2016-11-28 00:00:00+05:30,494.4722717285156,506.85342407226557,491.3769836425781,506.8534240722656,739,0.0,0.0
2016-11-29 00:00:00+05:30,502.9843381187868,514.1660763122668,502.9843381187868,508.4010925292969,159,0.0,0.0
2016-11-30 00:00:00+05:30,508.4784682762694,510.7225711933504,499.11524002986516,505.3058166503906,26,0.0,0.0
2016-12-01 00:00:00+05:30,509.9487734969684,514.4756139750201,505.30584080959085,512.6184692382812,116,0.0,0.0
2016-12-02 00:00:00+05:30,507.2403467894265,520.7822324779314,499.1152153763236,501.8622741699219,466,0.0,0.0
2016-12-05 00:00:00+05:30,497.7610757211539,510.72259615384615,497.7610757211539,502.984375,311,0.0,0.0
2016-12-06 00:00:00+05:30,510.7226179409091,518.4608394248622,499.11528571497934,515.5203247070312,1085,0.0,0.0
2016-12-07 00:00:00+05:30,516.7584284394139,516.7584284394139,503.7582256116365,514.5917358398438,78,0.0,0.0
2016-12-08 00:00:00+05:30,517.6869490575461,533.8598487199441,510.7225506397316,529.3716430664062,50698,0.0,0.0
2016-12-09 00:00:00+05:30,533.4342462950352,534.711071653498,526.1990285446869,527.1276245117188,518,0.0,0.0
2016-12-12 00:00:00+05:30,530.532431903109,549.1428918601257,530.532431903109,542.3719482421875,1274,0.0,0.0
2016-12-13 00:00:00+05:30,539.3154285805776,539.3541102471485,527.2050914310901,529.7974243164062,1812,0.0,0.0
2016-12-14 00:00:00+05:30,534.6338191732674,537.7291082181719,518.5382783554741,520.0472412109375,184,0.0,0.0
2016-12-15 00:00:00+05:30,524.4966690248109,529.2556943681137,518.4608654108754,520.2019653320312,1294,0.0,0.0
2016-12-16 00:00:00+05:30,530.8419718707687,546.0088664606492,530.8419718707687,542.10107421875,1329,0.0,0.0
2016-12-19 00:00:00+05:30,546.008839860162,550.9613200561784,533.9759159819716,540.01171875,203,0.0,0.0
2016-12-20 00:00:00+05:30,533.9371930177344,537.3807104477589,530.068082923403,532.6990966796875,399,0.0,0.0
2016-12-21 00:00:00+05:30,530.068115234375,533.9372255645529,530.068115234375,530.068115234375,114,0.0,0.0
2016-12-22 00:00:00+05:30,534.7111539323548,534.7111539323548,505.30590957717465,512.9280395507812,1979,0.0,0.0
2016-12-23 00:00:00+05:30,521.3626637570184,522.3299414263264,512.6571647332463,522.291259765625,299,0.0,0.0
2016-12-26 00:00:00+05:30,521.5948169341492,521.5948169341492,508.43984022846905,514.5917358398438,1682,0.0,0.0
2016-12-27 00:00:00+05:30,518.4608634235356,522.2138821248313,514.5917525024644,515.172119140625,80,0.0,0.0
2016-12-28 00:00:00+05:30,522.3299213567835,528.3657243352801,519.8923628316439,524.4192504882812,435,0.0,0.0
2016-12-29 00:00:00+05:30,526.972808748918,543.5326192816258,522.7167875328843,530.8419189453125,403,0.0,0.0
2016-12-30 00:00:00+05:30,522.4073896616046,524.6514931113054,520.0085595439488,520.0472412109375,231,0.0,0.0
2017-01-02 00:00:00+05:30,523.9163338565332,523.9163338565332,520.7823632562639,520.821044921875,418,0.0,0.0
2017-01-03 00:00:00+05:30,518.4607535120862,540.669454936957,518.4607535120862,529.4490356445312,435,0.0,0.0
2017-01-04 00:00:00+05:30,535.4461823510383,535.4461823510383,520.0084228515625,520.0084228515625,581,0.0,0.0
2017-01-05 00:00:00+05:30,520.318115234375,520.318115234375,520.279386336436,520.318115234375,8,0.0,0.0
2017-01-06 00:00:00+05:30,533.0473112964717,533.0473112964717,522.3298945740191,530.068115234375,237,0.0,0.0
2017-01-09 00:00:00+05:30,545.5446521264784,550.9614075376633,536.2587857073042,536.3748779296875,1993,0.0,0.0
2017-01-10 00:00:00+05:30,535.4849443378038,539.3540552072966,530.8420112944124,535.94921875,427,0.0,0.0
2017-01-11 00:00:00+05:30,538.1933537264438,538.1933537264438,533.9760131835938,533.9760131835938,154,0.0,0.0
2017-01-12 00:00:00+05:30,534.7111523007586,545.544663345926,533.9373300832467,541.017822265625,1880,0.0,0.0
2017-01-13 00:00:00+05:30,541.6754843441784,547.1696025075277,541.6754843441784,546.4345092773438,650,0.0,0.0
2017-01-16 00:00:00+05:30,553.2827954947627,599.7121209908266,552.5089734031616,575.6075439453125,11066,0.0,0.0
2017-01-17 00:00:00+05:30,581.6820999557087,591.973924757048,576.4974822797395,586.0928955078125,1718,0.0,0.0
2017-01-18 00:00:00+05:30,591.5869761243245,595.8429975352908,584.2356664144735,585.74462890625,764,0.0,0.0
2017-01-19 00:00:00+05:30,591.1614194447661,591.1614194447661,576.4974807893553,578.5093994140625,1293,0.0,0.0
2017-01-20 00:00:00+05:30,575.2593399761423,584.2356570062168,557.9257068893805,573.9051513671875,1645,0.0,0.0
2017-01-23 00:00:00+05:30,583.9262069299192,595.8430875735331,569.4944513937882,571.81591796875,1491,0.0,0.0
2017-01-24 00:00:00+05:30,570.4616678321769,577.2326112815507,567.9854276389066,569.9199829101562,662,0.0,0.0
2017-01-25 00:00:00+05:30,569.0688391860303,574.9498687494677,546.3184486367754,548.949462890625,2609,0.0,0.0
2017-01-27 00:00:00+05:30,551.5803914218817,551.5803914218817,520.782280841936,528.7913208007812,4030,0.0,0.0
2017-01-30 00:00:00+05:30,533.1635155560314,533.1635155560314,514.5917820678678,520.9371337890625,2505,0.0,0.0
2017-01-31 00:00:00+05:30,520.7822822888328,521.5561044021891,504.5320179083492,508.82672119140625,9222,0.0,0.0
2017-02-01 00:00:00+05:30,518.4609024806598,518.4609024806598,504.5321021155077,508.47857666015625,965,0.0,0.0
2017-02-02 00:00:00+05:30,519.3119970653553,530.9193286692331,513.8565606576033,530.8032836914062,643,0.0,0.0
2017-02-03 00:00:00+05:30,530.0681232802013,533.5503226302172,526.1216495756572,532.9312744140625,574,0.0,0.0
2017-02-06 00:00:00+05:30,537.8064147151612,544.0356738136321,530.0681929206984,535.13671875,1249,0.0,0.0
2017-02-07 00:00:00+05:30,530.0681378151338,549.4136902901387,529.5264528997632,530.377685546875,477,0.0,0.0
2017-02-08 00:00:00+05:30,529.294289316437,530.0681113768412,520.0084245915873,521.2465209960938,626,0.0,0.0
2017-02-09 00:00:00+05:30,532.1575012324842,545.8541627137733,518.4608397511948,524.4966430664062,457,0.0,0.0
2017-02-10 00:00:00+05:30,526.1989853259868,530.1454588237921,520.008409028034,524.4578857421875,430,0.0,0.0
2017-02-13 00:00:00+05:30,524.6513822556943,529.5264520252741,518.4608054739163,526.5859375,2813,0.0,0.0
2017-02-14 00:00:00+05:30,532.080109660431,533.9373017761433,524.3418878955595,525.6187133789062,474,0.0,0.0
2017-02-15 00:00:00+05:30,524.8061334705899,527.746647868951,522.3298934186831,523.68408203125,381,0.0,0.0
2017-02-16 00:00:00+05:30,533.2021048317346,533.2021048317346,518.46080337585,523.4519653320312,602,0.0,0.0
2017-02-17 00:00:00+05:30,528.4817488394359,532.6603593367561,520.0083884213226,522.0977172851562,693,0.0,0.0
2017-02-20 00:00:00+05:30,522.3686001246415,531.7318758901632,522.3299184656406,529.0234985351562,2383,0.0,0.0
2017-02-21 00:00:00+05:30,530.068134826465,530.068134826465,523.1037359747304,526.0442504882812,288,0.0,0.0
2017-02-22 00:00:00+05:30,539.8569769941353,539.8569769941353,524.2257619956245,525.1543579101562,712,0.0,0.0
2017-02-23 00:00:00+05:30,529.2943617603364,531.5384649347964,524.6514287624387,528.4431762695312,395,0.0,0.0
2017-02-27 00:00:00+05:30,527.9788803457619,536.452242925676,527.6693798023759,533.1248168945312,1496,0.0,0.0
2017-02-28 00:00:00+05:30,530.068159296852,537.9998361330457,523.4906711887888,524.9996337890625,1069,0.0,0.0
2017-03-01 00:00:00+05:30,532.3122113909899,533.163396760732,522.3298879731409,523.2584838867188,810,0.0,0.0
2017-03-02 00:00:00+05:30,529.0234506898604,529.0234506898604,522.1750973733584,522.6781005859375,1601,0.0,0.0
2017-03-03 00:00:00+05:30,524.148312782203,529.2942479740898,520.0083839745444,526.1602783203125,1623,0.0,0.0
2017-03-06 00:00:00+05:30,531.1128506258959,531.1128506258959,518.4608764873411,524.8449096679688,580,0.0,0.0
2017-03-07 00:00:00+05:30,524.7674305930947,533.7824289397136,523.4906053464517,529.758544921875,2023,0.0,0.0
2017-03-08 00:00:00+05:30,529.2943295979494,531.1515215763995,523.9549380826707,524.0323486328125,2005,0.0,0.0
2017-03-09 00:00:00+05:30,525.6573762897298,533.7051455302488,520.3953951234008,524.4966430664062,2755,0.0,0.0
2017-03-10 00:00:00+05:30,526.740691986208,527.7466512301661,523.4906298492776,523.5679931640625,378,0.0,0.0
2017-03-14 00:00:00+05:30,525.4252560075496,525.4252560075496,515.4042494108187,517.99658203125,4366,0.0,0.0
2017-03-15 00:00:00+05:30,526.0442071714842,526.7406658914492,522.2911892136749,523.37451171875,1138,0.0,0.0
2017-03-16 00:00:00+05:30,526.1990687206167,528.5205352002664,518.1126177037653,525.4639282226562,3081,0.0,0.0
2017-03-17 00:00:00+05:30,521.5560777710627,528.7526136117446,518.4607894756855,527.9014282226562,579,0.0,0.0
2017-03-20 00:00:00+05:30,530.0682230919032,536.8391675474567,515.4042825106609,519.1573486328125,6268,0.0,0.0
2017-03-21 00:00:00+05:30,519.1573153269011,527.9788597705563,519.1573153269011,526.972900390625,256,0.0,0.0
2017-03-22 00:00:00+05:30,526.1991598023452,527.7468043899992,516.526381129508,521.05322265625,2720,0.0,0.0
2017-03-23 00:00:00+05:30,531.5770999168916,532.3896036741028,522.6007352376631,528.4818115234375,632,0.0,0.0
2017-03-24 00:00:00+05:30,526.4311711685023,527.7466781995278,519.2346350027611,524.9609375,848,0.0,0.0
2017-03-27 00:00:00+05:30,525.1930612849628,526.1990205546587,522.3299101094038,524.2644653320312,108,0.0,0.0
2017-03-28 00:00:00+05:30,527.4758794923397,527.4758794923397,522.3299433802295,525.4252319335938,630,0.0,0.0
2017-03-29 00:00:00+05:30,525.6186674003361,525.6186674003361,523.258519414576,524.9609375,550,0.0,0.0
2017-03-30 00:00:00+05:30,523.9936239065961,530.0681081516686,523.8775317061016,523.9548950195312,627,0.0,0.0
2017-03-31 00:00:00+05:30,522.3299234062662,533.8598917187828,522.3299234062662,530.1455078125,1501,0.0,0.0
2017-04-03 00:00:00+05:30,532.2735615834371,537.8064089998227,526.1603947689914,528.3270874023438,6371,0.0,0.0
2017-04-05 00:00:00+05:30,531.4223319308758,537.8063643130087,529.2943211368315,530.8032836914062,3254,0.0,0.0
2017-04-06 00:00:00+05:30,535.6009415851062,535.7169865523999,527.0501702954348,529.6038208007812,785,0.0,0.0
2017-04-07 00:00:00+05:30,526.4311678194404,533.859888354843,523.2971977448211,530.2615966796875,5456,0.0,0.0
2017-04-10 00:00:00+05:30,530.0681609367992,530.8419830695536,523.8775838747637,526.2377319335938,763,0.0,0.0
2017-04-11 00:00:00+05:30,531.2288281856846,531.886558024729,526.585895965562,529.6038208007812,279,0.0,0.0
2017-04-12 00:00:00+05:30,529.3716446399545,530.6871515688553,526.4311303008732,528.0174560546875,332,0.0,0.0
2017-04-13 00:00:00+05:30,533.9372440428739,533.9372440428739,523.877556836269,526.7020263671875,975,0.0,0.0
2017-04-17 00:00:00+05:30,527.7467901627017,534.7111906193943,515.3656337952483,520.318115234375,1518,0.0,0.0
2017-04-18 00:00:00+05:30,532.3895896795618,532.3895896795618,521.5560805872451,525.8894653320312,1741,0.0,0.0
2017-04-19 00:00:00+05:30,526.1991154979701,531.6158710986845,517.6870709825617,520.9371337890625,1770,0.0,0.0
2017-04-20 00:00:00+05:30,523.103695860514,530.0680941781835,522.3298738252173,528.4043579101562,515,0.0,0.0
2017-04-21 00:00:00+05:30,519.3120124373122,526.1990482849483,519.3120124373122,523.103759765625,659,0.0,0.0
2017-04-24 00:00:00+05:30,521.943013223772,526.585945884028,521.5561021687506,522.4072875976562,492,0.0,0.0
2017-04-25 00:00:00+05:30,523.37453591743,524.651361219618,521.5560729528356,522.3298950195312,1528,0.0,0.0
2017-04-26 00:00:00+05:30,530.0682225513731,530.0682225513731,518.6156631014447,519.853759765625,461,0.0,0.0
2017-04-27 00:00:00+05:30,521.5560422051348,525.7347000110836,514.591644015452,523.606689453125,878,0.0,0.0
2017-04-28 00:00:00+05:30,530.0681458140901,564.8901407945777,520.7822804859601,521.7108764648438,1034,0.0,0.0
2017-05-02 00:00:00+05:30,526.1990243217582,526.2763876390762,521.6334550715313,523.4519653320312,1110,0.0,0.0
2017-05-03 00:00:00+05:30,525.4252485306779,525.4252485306779,515.868563712432,521.5174560546875,413,0.0,0.0
2017-05-04 00:00:00+05:30,521.7496230355005,523.8776341046107,520.1246152930509,520.8984375,72742,0.0,0.0
2017-05-05 00:00:00+05:30,522.4072159209784,528.4817469895715,521.5560306088594,524.1483154296875,212,0.0,0.0
2017-05-08 00:00:00+05:30,526.7407913741102,527.7467508078773,514.5917731484434,516.8358764648438,523,0.0,0.0
2017-05-09 00:00:00+05:30,520.8595909804327,522.3298717337486,504.5319649931912,505.9248352050781,1189,0.0,0.0
2017-05-10 00:00:00+05:30,506.07965376489966,519.2346294743849,487.4692416925515,498.88311767578125,18974,0.0,0.0
2017-05-11 00:00:00+05:30,502.98433188360366,509.3683637882802,472.5731348019419,496.4455261230469,19602,0.0,0.0
2017-05-12 00:00:00+05:30,492.88596115752415,501.0110926324755,492.88596115752415,497.1806640625,1401,0.0,0.0
2017-05-15 00:00:00+05:30,497.18070545963644,499.11526073379844,493.96932481238616,495.4396057128906,592,0.0,0.0
2017-05-16 00:00:00+05:30,497.5676401424125,498.9605105598816,491.37706297112277,493.1955261230469,839,0.0,0.0
2017-05-17 00:00:00+05:30,489.09427269614196,499.4635082336533,489.09427269614196,495.942626953125,331,0.0,0.0
2017-05-18 00:00:00+05:30,489.868029500273,495.2461020861849,480.31134626621815,490.37103271484375,2764,0.0,0.0
2017-05-19 00:00:00+05:30,489.05557979460684,489.05557979460684,476.67442587575607,479.76971435546875,685,0.0,0.0
2017-05-22 00:00:00+05:30,478.5315860069268,481.31732656112086,466.6147072610223,467.62066650390625,3664,0.0,0.0
2017-05-23 00:00:00+05:30,465.8409051650209,468.1236898108204,460.42415045379977,462.900390625,1120,0.0,0.0
2017-05-24 00:00:00+05:30,464.29328403717886,466.6147504573648,434.57849496665733,444.0191345214844,1387,0.0,0.0
2017-05-25 00:00:00+05:30,438.0607201011603,452.2990671994098,435.39107134680177,448.7007751464844,1433,0.0,0.0
2017-05-26 00:00:00+05:30,448.8168530507614,449.43590133303593,434.88805416297913,438.408935546875,1511,0.0,0.0
2017-05-29 00:00:00+05:30,446.49541236195256,451.0996639285679,440.3435163850705,446.2632751464844,1131,0.0,0.0
2017-05-30 00:00:00+05:30,444.9477365730032,452.6859580786207,442.626270121318,448.2364807128906,1525,0.0,0.0
2017-05-31 00:00:00+05:30,454.3496216010681,458.6056427454079,447.53994998584585,451.25433349609375,1684,0.0,0.0
2017-06-01 00:00:00+05:30,447.2691742447917,458.1026836555652,443.400063740944,449.47454833984375,2893,0.0,0.0
2017-06-02 00:00:00+05:30,452.685932332215,452.685932332215,442.54888162854087,444.17388916015625,1594,0.0,0.0
2017-06-05 00:00:00+05:30,454.5818340798762,454.5818340798762,443.4000945019495,445.60546875,1672,0.0,0.0
2017-06-06 00:00:00+05:30,444.94777991887406,448.8168910486034,433.9208131991454,447.037109375,3923,0.0,0.0
2017-06-07 00:00:00+05:30,448.15912100492875,452.995509484951,434.61723326086627,437.86724853515625,6999,0.0,0.0
2017-06-08 00:00:00+05:30,442.6262584433578,448.73947216365093,437.9833256624834,439.1053771972656,931,0.0,0.0
2017-06-09 00:00:00+05:30,438.0994328777854,446.4180210617396,437.209518505499,445.5281066894531,1373,0.0,0.0
2017-06-12 00:00:00+05:30,445.8763076713528,446.99835917300595,439.53095694543606,440.3047790527344,692,0.0,0.0
2017-06-13 00:00:00+05:30,444.87039604280903,444.87039604280903,439.53100403822947,440.88519287109375,322,0.0,0.0
2017-06-14 00:00:00+05:30,438.1767599513902,444.1351995107069,436.51302356009603,441.31072998046875,2925,0.0,0.0
2017-06-15 00:00:00+05:30,446.4567135256526,446.4567135256526,436.70652577777923,441.8911437988281,1636,0.0,0.0
2017-06-16 00:00:00+05:30,468.93621343944983,487.5079446647746,468.93621343944983,474.8946533203125,8302,0.0,0.0
2017-06-19 00:00:00+05:30,483.5615074217071,483.5615074217071,462.8230348597082,466.3439636230469,2520,0.0,0.0
2017-06-20 00:00:00+05:30,468.4331151142337,473.07604697850763,459.6502545631203,466.0729675292969,2317,0.0,0.0
2017-06-21 00:00:00+05:30,463.5194488050577,485.9602902330154,456.94196080031145,468.89752197265625,2510,0.0,0.0
2017-06-22 00:00:00+05:30,476.75175388261056,478.18335303665157,461.5848603475715,464.5640563964844,2043,0.0,0.0
2017-06-23 00:00:00+05:30,464.64147908865306,472.0314705337255,455.6651145894728,465.337890625,1789,0.0,0.0
2017-06-27 00:00:00+05:30,467.77546465126636,475.9005967916109,456.55504407650477,460.8110656738281,1367,0.0,0.0
2017-06-28 00:00:00+05:30,468.16238338881084,468.16238338881084,456.5550515692535,459.1860656738281,540,0.0,0.0
2017-06-29 00:00:00+05:30,467.46588845802034,468.16234720550756,458.1026604060504,460.0758972167969,736,0.0,0.0
2017-06-30 00:00:00+05:30,462.7455908365302,465.80219741270776,458.48956951612735,462.7069091796875,365,0.0,0.0
2017-07-03 00:00:00+05:30,465.8022302056684,470.4064812225002,461.2366608484026,465.8409118652344,1381,0.0,0.0
2017-07-04 00:00:00+05:30,478.99588089227234,478.99588089227234,462.74561675860883,462.900390625,1287,0.0,0.0
2017-07-05 00:00:00+05:30,465.06708600157197,467.38855232104737,460.42415336262115,460.888427734375,1536,0.0,0.0
2017-07-06 00:00:00+05:30,463.44209606164617,470.483858605875,458.9152082286234,462.66827392578125,3186,0.0,0.0
2017-07-07 00:00:00+05:30,464.29322890896594,464.29322890896594,459.68897827621544,460.38543701171875,950,0.0,0.0
2017-07-10 00:00:00+05:30,479.6923734314804,479.7697367549436,460.5402750690855,463.4421081542969,3610,0.0,0.0
2017-07-11 00:00:00+05:30,475.9005950696257,475.9005950696257,457.36754618954285,459.5729675292969,1271,0.0,0.0
2017-07-12 00:00:00+05:30,464.2933116455346,465.14449715807484,459.6503785290792,463.3647155761719,1146,0.0,0.0
2017-07-13 00:00:00+05:30,463.59677620847066,467.3885231860606,457.5222919433085,462.7069091796875,972,0.0,0.0
2017-07-14 00:00:00+05:30,462.74562595855673,465.1444556290766,461.9718038415692,462.51348876953125,411,0.0,0.0
2017-07-17 00:00:00+05:30,464.98972391304056,470.251704805033,458.1026882549049,469.1683349609375,912,0.0,0.0
2017-07-18 00:00:00+05:30,466.6147485081954,467.7754817134397,457.3288828662413,458.7991638183594,2420,0.0,0.0
2017-07-19 00:00:00+05:30,461.23665716353065,464.6028116652385,441.8524228405039,444.17388916015625,14590,0.0,0.0
2017-07-20 00:00:00+05:30,448.8167772481353,457.32881957525507,448.8167772481353,455.084716796875,2875,0.0,0.0
2017-07-21 00:00:00+05:30,455.8198751616009,468.93616852940943,455.8198751616009,462.04913330078125,3078,0.0,0.0
2017-07-24 00:00:00+05:30,462.12653025824386,464.2932225172546,454.0400805199986,454.8912658691406,900,0.0,0.0
2017-07-25 00:00:00+05:30,459.2633987151499,465.84088631258675,453.49841484544385,455.3169250488281,558,0.0,0.0
2017-07-26 00:00:00+05:30,460.3468149650747,460.3468149650747,445.8376496828971,448.3138427734375,1802,0.0,0.0
2017-07-27 00:00:00+05:30,456.4002737251405,456.55504759412446,443.24529777751314,443.9804382324219,1325,0.0,0.0
2017-07-28 00:00:00+05:30,446.10848305523575,449.86150170484115,444.1739276213449,448.9329528808594,1596,0.0,0.0
2017-07-31 00:00:00+05:30,448.81686299509647,448.81686299509647,436.43570815385243,446.30194091796875,2602,0.0,0.0
2017-08-01 00:00:00+05:30,452.6859423438377,455.00740871483174,449.0102872564305,452.7633056640625,1698,0.0,0.0
2017-08-02 00:00:00+05:30,448.81682644846137,455.00740336499183,441.0786053027982,443.9804382324219,1301,0.0,0.0
2017-08-03 00:00:00+05:30,443.59357708030274,449.43592525648353,441.89115879066065,445.7215881347656,650,0.0,0.0
2017-08-04 00:00:00+05:30,446.5340773474131,447.9656767116529,442.6262848035234,445.6828918457031,889,0.0,0.0
2017-08-07 00:00:00+05:30,439.1440607327702,462.2813614150616,435.81663500500696,444.8316345214844,1814,0.0,0.0
2017-08-08 00:00:00+05:30,441.968519199863,459.99856500577494,437.59640536464417,445.25726318359375,888,0.0,0.0
2017-08-09 00:00:00+05:30,443.40009387478,447.96566347174127,441.5816307065285,442.3941345214844,1880,0.0,0.0
2017-08-10 00:00:00+05:30,435.8166207049359,447.2304967988071,435.66184683725345,436.4356689453125,1763,0.0,0.0
2017-08-11 00:00:00+05:30,433.3403747008266,438.67976606696,428.6974421147463,436.70648193359375,962,0.0,0.0
2017-08-14 00:00:00+05:30,440.38216655379506,440.38216655379506,429.4712931338873,434.19158935546875,1088,0.0,0.0
2017-08-16 00:00:00+05:30,434.4237868603734,442.62628300289964,432.56659475283374,442.5489196777344,1145,0.0,0.0
2017-08-17 00:00:00+05:30,444.5607759967767,448.35252300446825,439.9178436103874,445.218505859375,1431,0.0,0.0
2017-08-18 00:00:00+05:30,440.88517076530013,451.912136422879,432.876130390359,446.95965576171875,3726,0.0,0.0
2017-08-21 00:00:00+05:30,446.49536698202127,446.49536698202127,437.20950146419756,438.5636901855469,280,0.0,0.0
2017-08-22 00:00:00+05:30,436.9386938511713,442.54890441249773,435.66186841748583,438.7184753417969,158,0.0,0.0
2017-08-23 00:00:00+05:30,441.03990680343924,444.1738768017014,434.2302819013302,435.04278564453125,482,0.0,0.0
2017-08-24 00:00:00+05:30,437.9833253033393,441.0399321609795,437.2095031738281,437.2095031738281,2288,0.0,0.0
2017-08-28 00:00:00+05:30,437.3256041245566,441.2333965106074,437.2095119106682,438.09942626953125,1295,0.0,0.0
2017-08-29 00:00:00+05:30,443.7483261450533,444.48346664154576,438.3315710366866,443.55487060546875,907,0.0,0.0
2017-08-30 00:00:00+05:30,444.1738895499082,456.5550432655851,444.1738895499082,454.4270324707031,735,0.0,0.0
2017-08-31 00:00:00+05:30,459.3021094454237,497.5676226892948,448.0430070561457,456.671142578125,2712,0.0,0.0
2017-09-01 00:00:00+05:30,456.40021882541475,459.5729174517095,454.69780093207953,456.55499267578125,1355,0.0,0.0
2017-09-04 00:00:00+05:30,458.3348622370069,468.1624132504852,448.81685898393624,463.7516174316406,2320,0.0,0.0
2017-09-05 00:00:00+05:30,465.8409176051945,475.90060519467545,465.06709548292673,470.7546691894531,1136,0.0,0.0
2017-09-06 00:00:00+05:30,466.84689156580816,472.031509393745,465.0671100748209,468.2010803222656,897,0.0,0.0
2017-09-07 00:00:00+05:30,466.614722217979,516.9131582779602,457.8705420105451,463.7902526855469,3149,0.0,0.0
2017-09-08 00:00:00+05:30,464.2932977787804,466.80821980841546,461.1980091269219,463.945068359375,425,0.0,0.0
2017-09-11 00:00:00+05:30,456.90327971694137,463.44208607009807,456.90327971694137,459.263427734375,610,0.0,0.0
2017-09-12 00:00:00+05:30,461.0045035970099,463.44206203817373,456.5550266424437,459.61163330078125,978,0.0,0.0
2017-09-13 00:00:00+05:30,458.876562573132,463.51949575262404,448.81687401756585,449.04901123046875,2072,0.0,0.0
2017-09-14 00:00:00+05:30,453.49839083266187,454.85257938395915,451.3703802520518,452.492431640625,155,0.0,0.0
2017-09-15 00:00:00+05:30,449.2423962638323,456.55502431977004,448.8168035685875,453.3049621582031,883,0.0,0.0
2017-09-18 00:00:00+05:30,465.5314010297321,466.61477096557616,449.66804646125064,464.2933044433594,905,0.0,0.0
2017-09-19 00:00:00+05:30,469.12961831729615,469.12961831729615,458.10265409293083,459.03125,1696,0.0,0.0
2017-09-20 00:00:00+05:30,463.5194084487594,463.5194084487594,459.03124999999994,459.03125,92,0.0,0.0
2017-09-21 00:00:00+05:30,461.3914250862209,464.29325794839843,449.9001858441391,455.97467041015625,1466,0.0,0.0
2017-09-22 00:00:00+05:30,450.1710515586639,452.8020658531266,444.9477518628823,448.89422607421875,693,0.0,0.0
2017-09-25 00:00:00+05:30,445.0251048734453,445.0251048734453,437.24820161938766,442.2780456542969,573,0.0,0.0
2017-09-26 00:00:00+05:30,443.6322242559163,446.4566939644064,441.85244277661747,444.63818359375,203,0.0,0.0
2017-09-27 00:00:00+05:30,442.81975058792545,445.99240269169377,441.07865065114464,443.32275390625,168,0.0,0.0
2017-09-28 00:00:00+05:30,441.8911726803158,460.6563616595031,441.8911726803158,447.037109375,733,0.0,0.0
2017-09-29 00:00:00+05:30,447.3465446168338,453.9627614670252,441.07860439390396,451.7186584472656,579,0.0,0.0
2017-10-03 00:00:00+05:30,451.3317031664559,457.9865537937874,447.926867310866,452.2989807128906,262,0.0,0.0
2017-10-04 00:00:00+05:30,452.6859039124212,455.0073700863311,448.6620197649075,453.07281494140625,357,0.0,0.0
2017-10-05 00:00:00+05:30,452.68591915574973,452.68591915574973,443.86432850570213,445.373291015625,462,0.0,0.0
2017-10-06 00:00:00+05:30,443.05187396428335,448.1978102866574,441.0786368769579,443.9031066894531,463,0.0,0.0
2017-10-09 00:00:00+05:30,449.08768673581574,449.93891947859805,442.1620159556665,448.0043640136719,587,0.0,0.0
2017-10-10 00:00:00+05:30,452.68594315620777,463.28731571550946,449.977565718521,453.9627685546875,512,0.0,0.0
2017-10-11 00:00:00+05:30,455.974697196127,460.42417451284786,444.94773167207984,446.5340576171875,803,0.0,0.0
2017-10-12 00:00:00+05:30,452.22170592261125,453.1889836583883,446.4954028346681,449.2424621582031,691,0.0,0.0
2017-10-13 00:00:00+05:30,449.5520265750803,451.09967100964093,447.2692415880313,449.8228454589844,877,0.0,0.0
2017-10-16 00:00:00+05:30,453.1502754650833,469.7100899501999,448.8168899029917,449.0103454589844,2646,0.0,0.0
2017-10-17 00:00:00+05:30,451.9121493569084,451.9121493569084,446.92098689139846,448.9329528808594,1253,0.0,0.0
2017-10-18 00:00:00+05:30,447.46261238513534,452.68591136239377,447.46261238513534,451.44781494140625,872,0.0,0.0
2017-10-19 00:00:00+05:30,457.8705573659186,461.97180515151115,456.5550503172388,459.263427734375,286,0.0,0.0
2017-10-23 00:00:00+05:30,457.5223308531176,475.90060629964876,455.5877755429564,460.4241638183594,26184,0.0,0.0
2017-10-24 00:00:00+05:30,461.97182669476723,461.97182669476723,444.01914324648726,444.9090576171875,16294,0.0,0.0
2017-10-25 00:00:00+05:30,445.2960043800384,450.20975656762454,444.9477749361903,449.8228454589844,607,0.0,0.0
2017-10-26 00:00:00+05:30,448.8168825139653,453.1889968995642,447.2692380915034,448.0430603027344,366,0.0,0.0
2017-10-27 00:00:00+05:30,449.1263993071067,460.42418391954453,444.94774076258506,453.8080139160156,819,0.0,0.0
2017-10-30 00:00:00+05:30,452.4537700360982,464.2932381631894,448.5072491735007,459.99853515625,765,0.0,0.0
2017-10-31 00:00:00+05:30,459.65034310910556,467.3885643735686,453.4597660975351,454.5818176269531,853,0.0,0.0
2017-11-01 00:00:00+05:30,457.63837471751833,479.76966623560156,451.912072712244,453.459716796875,1145,0.0,0.0
2017-11-02 00:00:00+05:30,452.68593685047045,461.19798010748787,449.9775594505104,458.1026916503906,3101,0.0,0.0
2017-11-03 00:00:00+05:30,456.55504702414396,458.0253279321259,451.9121143425425,456.2068176269531,911,0.0,0.0
2017-11-06 00:00:00+05:30,451.91208483616373,458.37348017070497,451.91208483616373,454.2335510253906,2879,0.0,0.0
2017-11-07 00:00:00+05:30,453.4210802311288,467.3885600378446,451.37043272292715,456.671142578125,3806,0.0,0.0
2017-11-08 00:00:00+05:30,461.97180181934567,467.3885566145474,452.6859364561427,456.2068176269531,4477,0.0,0.0
2017-11-09 00:00:00+05:30,458.99259381563536,459.6503237032043,452.6859248592164,457.328857421875,867,0.0,0.0
2017-11-10 00:00:00+05:30,455.78118896484375,458.87647717513136,452.6859007545562,455.78118896484375,1341,0.0,0.0
2017-11-13 00:00:00+05:30,452.0282032472959,461.9717984422276,450.36446682307616,453.15020751953125,3384,0.0,0.0
2017-11-14 00:00:00+05:30,452.7246093570172,455.31694172563704,449.6680026213608,450.13232421875,1062,0.0,0.0
2017-11-15 00:00:00+05:30,457.4062573905524,457.4062573905524,446.5727472096055,446.804931640625,1623,0.0,0.0
2017-11-16 00:00:00+05:30,448.19778025789225,451.0609315409861,446.49536215196997,447.1144104003906,844,0.0,0.0
2017-11-17 00:00:00+05:30,448.5460191157822,453.26631524367684,439.5309723575048,440.9625244140625,1484,0.0,0.0
2017-11-20 00:00:00+05:30,446.6888787870723,454.504464357032,446.6888787870723,449.0103454589844,566,0.0,0.0
2017-11-21 00:00:00+05:30,449.9775687659768,454.2335904825939,448.8168355705357,449.3585205078125,396,0.0,0.0
2017-11-22 00:00:00+05:30,448.8168065029619,461.1592781278637,448.8168065029619,454.4656982421875,1857,0.0,0.0
2017-11-23 00:00:00+05:30,452.7633076561739,458.1800625456598,452.68594433560867,456.4776916503906,789,0.0,0.0
2017-11-24 00:00:00+05:30,456.55499295297295,461.35269893515857,455.162122759525,455.2781677246094,2097,0.0,0.0
2017-11-27 00:00:00+05:30,460.42417130380306,461.97181557709314,457.9092493597067,461.3914489746094,1576,0.0,0.0
2017-11-28 00:00:00+05:30,463.5193819132839,463.5193819132839,458.8764498740857,459.5341796875,634,0.0,0.0
2017-11-29 00:00:00+05:30,458.8765062505937,462.93907228400957,458.10268414899065,462.900390625,649,0.0,0.0
2017-11-30 00:00:00+05:30,462.4360888063983,462.7069548917573,456.55505947479713,458.87652587890625,1097,0.0,0.0
2017-12-01 00:00:00+05:30,458.10270339600635,458.8765255301212,456.59374078841137,456.98065185546875,1088,0.0,0.0
2017-12-04 00:00:00+05:30,463.51943335558246,464.2932554479958,456.9806272286194,459.3020935058594,991,0.0,0.0
2017-12-05 00:00:00+05:30,457.01926879578167,463.5193926939801,456.55499447320244,457.7930908203125,3962,0.0,0.0
2017-12-06 00:00:00+05:30,458.1027412774522,458.1027412774522,442.2393862163242,445.1799011230469,15267,0.0,0.0
2017-12-07 00:00:00+05:30,450.36449883541684,453.3436952706219,444.9477436947847,447.3078918457031,2844,0.0,0.0
2017-12-08 00:00:00+05:30,451.9121834590517,451.9121834590517,446.4954278353987,448.81689453125,1087,0.0,0.0
2017-12-11 00:00:00+05:30,448.0429656065585,459.6502963217543,447.2691435588788,450.7513427734375,1203,0.0,0.0
2017-12-12 00:00:00+05:30,451.3317419741847,464.2932622109058,451.29306031507105,457.05804443359375,1069,0.0,0.0
2017-12-13 00:00:00+05:30,455.66512853226646,462.9390752256974,455.39430968712566,455.703857421875,514,0.0,0.0
2017-12-14 00:00:00+05:30,458.1800633642763,458.7217483002636,448.85551616250086,457.09674072265625,286,0.0,0.0
2017-12-15 00:00:00+05:30,457.1354260758244,460.4241701483123,455.78123734009404,458.87652587890625,397,0.0,0.0
2017-12-18 00:00:00+05:30,478.995820135243,480.543464142142,453.4983756755125,458.29608154296875,1418,0.0,0.0
2017-12-19 00:00:00+05:30,452.76328785701253,468.16236640444,452.76328785701253,463.7902526855469,1888,0.0,0.0
2017-12-20 00:00:00+05:30,467.3885693107951,504.1064390446099,467.3885693107951,481.97509765625,9739,0.0,0.0
2017-12-21 00:00:00+05:30,492.15088917581795,503.7582214677005,487.6627301356946,501.93975830078125,3016,0.0,0.0
2017-12-22 00:00:00+05:30,500.43074814080785,510.6452090338714,488.4751875692795,502.0557556152344,1605,0.0,0.0
2017-12-26 00:00:00+05:30,507.97555501209683,519.6215688134455,507.97555501209683,516.3328247070312,10122,0.0,0.0
2017-12-27 00:00:00+05:30,511.4963754140333,511.4963754140333,502.98433285797523,504.10638427734375,1686,0.0,0.0
2017-12-28 00:00:00+05:30,494.08541820496913,504.5320167104775,465.84091113452064,503.7195129394531,975,0.0,0.0
2017-12-29 00:00:00+05:30,506.0022964019565,506.0409780613691,495.24615018547445,495.4396057128906,849,0.0,0.0
2018-01-01 00:00:00+05:30,502.9843359812315,503.75815803658725,490.64186475223744,494.356201171875,1271,0.0,0.0
2018-01-02 00:00:00+05:30,489.5972628210037,495.2461548284449,489.0555778930893,492.65386962890625,722,0.0,0.0
2018-01-03 00:00:00+05:30,497.9931718789412,503.9129294660331,495.2461130417328,502.1331481933594,2954,0.0,0.0
2018-01-04 00:00:00+05:30,500.430844616299,522.3300042367453,495.2462262392844,519.041259765625,5355,0.0,0.0
2018-01-05 00:00:00+05:30,518.2674092580085,522.2912940727126,500.35340675358765,510.02618408203125,2475,0.0,0.0
2018-01-08 00:00:00+05:30,507.279117607582,511.5351395720319,504.4933766684487,506.46661376953125,981,0.0,0.0
2018-01-09 00:00:00+05:30,521.3626675453728,521.3626675453728,501.51411073480574,503.56475830078125,1588,0.0,0.0
2018-01-10 00:00:00+05:30,506.8535279282238,510.72263882843924,500.4308132799377,505.0350646972656,953,0.0,0.0
2018-01-11 00:00:00+05:30,502.98439473724,511.41907501805287,502.98439473724,509.2136535644531,2576,0.0,0.0
2018-01-12 00:00:00+05:30,506.19569361988005,510.7225335478239,503.91290921325583,504.9575500488281,1585,0.0,0.0
2018-01-15 00:00:00+05:30,516.0619840795891,527.7079973896605,516.0619840795891,522.4072875976562,2003,0.0,0.0
2018-01-16 00:00:00+05:30,522.2913097731799,532.389680161568,501.63024733246573,504.88031005859375,8277,0.0,0.0
2018-01-17 00:00:00+05:30,499.11522729966305,509.5231434235323,483.67746779990574,506.5052185058594,790,0.0,0.0
2018-01-18 00:00:00+05:30,508.4398183759365,508.4398183759365,495.24616057542767,497.567626953125,1306,0.0,0.0
2018-01-19 00:00:00+05:30,498.34139931681466,506.3891675146919,487.50789063601434,504.1837463378906,1530,0.0,0.0
2018-01-22 00:00:00+05:30,503.75819935136195,508.94281699352206,493.9306489962861,495.1687927246094,3270,0.0,0.0
2018-01-23 00:00:00+05:30,487.507975718878,487.507975718878,471.4124837443898,477.4869689941406,7001,0.0,0.0
2018-01-24 00:00:00+05:30,484.7222071493994,484.7222071493994,464.2932837713193,477.9512634277344,2151,0.0,0.0
2018-01-25 00:00:00+05:30,475.12679271398434,480.3887738061138,471.2576820241311,472.2636413574219,621,0.0,0.0
2018-01-29 00:00:00+05:30,469.903434081161,470.9868038299719,460.42411408528744,460.5788879394531,2165,0.0,0.0
2018-01-30 00:00:00+05:30,456.55504200556504,462.90039271340794,448.81682095462327,451.912109375,3043,0.0,0.0
2018-01-31 00:00:00+05:30,453.53712152060785,457.75446148237467,450.7900624656288,451.7186584472656,1294,0.0,0.0
2018-02-01 00:00:00+05:30,454.2336058628765,456.55507233236307,448.04302861091224,453.18896484375,2090,0.0,0.0
2018-02-02 00:00:00+05:30,453.7693335421838,453.7693335421838,441.0786312253129,441.5816345214844,1961,0.0,0.0
2018-02-05 00:00:00+05:30,444.9477639096875,452.18298256981456,433.7273420371823,445.1799011230469,2225,0.0,0.0
2018-02-06 00:00:00+05:30,444.4834885271926,447.26922954223255,433.3404300063153,442.66497802734375,4537,0.0,0.0
2018-02-07 00:00:00+05:30,453.03418555424594,453.03418555424594,439.41488742441265,445.1025085449219,818,0.0,0.0
2018-02-08 00:00:00+05:30,453.3436791670012,462.90041087814313,444.0191318807812,447.3465576171875,1046,0.0,0.0
2018-02-09 00:00:00+05:30,440.1887141318413,447.1918424212982,440.1887141318413,444.9090576171875,35053,0.0,0.0
2018-02-12 00:00:00+05:30,447.1918389046458,452.9955050235138,444.94773577987456,447.617431640625,289,0.0,0.0
2018-02-14 00:00:00+05:30,447.2691999822001,455.3556508466345,441.8524449651146,442.58758544921875,1391,0.0,0.0
2018-02-15 00:00:00+05:30,441.27206299796933,444.17389594184027,437.2094968765501,438.75714111328125,320,0.0,0.0
2018-02-16 00:00:00+05:30,443.3613686822306,444.2899646211596,441.07858410788265,443.593505859375,418,0.0,0.0
2018-02-19 00:00:00+05:30,448.81686250358894,451.9121512105102,441.07864073628565,442.51019287109375,2179,0.0,0.0
2018-02-20 00:00:00+05:30,442.6262693323274,451.3317685106293,442.6262693323274,447.617431640625,351,0.0,0.0
2018-02-21 00:00:00+05:30,449.0876544239968,460.1533486714851,438.75714787671336,449.3585205078125,909,0.0,0.0
2018-02-22 00:00:00+05:30,448.85551813613887,451.6025772581514,445.72154794819903,447.3852844238281,633,0.0,0.0
2018-02-23 00:00:00+05:30,449.5907121269624,450.79012712804484,447.34660878530326,449.0103454589844,419,0.0,0.0
2018-02-26 00:00:00+05:30,449.5906677246094,455.2782416169351,448.81684557706274,449.5906677246094,269,0.0,0.0
2018-02-27 00:00:00+05:30,452.6086020001071,455.74257231397297,447.2692101836271,447.3078918457031,736,0.0,0.0
2018-02-28 00:00:00+05:30,445.7214876250272,464.29321627607,442.6648811718067,456.43890380859375,505,0.0,0.0
2018-03-01 00:00:00+05:30,460.4241437468232,460.8110547919886,450.67400430079607,459.9598693847656,603,0.0,0.0
2018-03-07 00:00:00+05:30,441.11729330590157,448.8168329026296,438.75714526860514,439.84051513671875,766,0.0,0.0
2018-03-08 00:00:00+05:30,438.7958198899115,441.07860457016113,434.191568869819,435.0041198730469,1718,0.0,0.0
2018-03-09 00:00:00+05:30,435.31362477987125,437.7511833534843,417.8639453950915,424.5575256347656,1285,0.0,0.0
2018-03-12 00:00:00+05:30,423.47417779836394,428.6974773874712,423.47417779836394,425.5635070800781,1792,0.0,0.0
2018-03-13 00:00:00+05:30,426.37599523930163,432.95348336912747,426.37599523930163,430.09033203125,1428,0.0,0.0
2018-03-14 00:00:00+05:30,427.9623015759666,427.9623015759666,425.60215362466397,425.7569274902344,541,0.0,0.0
2018-03-15 00:00:00+05:30,425.60211181640625,427.149755859375,422.58418704047796,425.60211181640625,1540,0.0,0.0
2018-03-16 00:00:00+05:30,432.33444728739835,432.33444728739835,421.1140260439775,423.7837219238281,5249,0.0,0.0
2018-03-19 00:00:00+05:30,421.73302914252025,421.73302914252025,417.86391878341453,417.9800109863281,1298,0.0,0.0
2018-03-20 00:00:00+05:30,415.58116880610794,420.1854199626351,410.2030955133697,415.8907165527344,1397,0.0,0.0
2018-03-21 00:00:00+05:30,422.8938143382627,422.8938143382627,409.545381955216,411.9829406738281,504,0.0,0.0
2018-03-22 00:00:00+05:30,413.22100030937446,419.48894041069025,406.2566014277558,407.76556396484375,762,0.0,0.0
2018-03-23 00:00:00+05:30,407.7655803919813,409.11976911796165,396.1969301153926,403.8577880859375,176618,0.0,0.0
2018-03-26 00:00:00+05:30,398.71183646180674,404.5541838624837,387.60748461945667,392.0182800292969,4707,0.0,0.0
2018-03-27 00:00:00+05:30,394.64928607574524,394.64928607574524,386.91106478014234,390.083740234375,1692,0.0,0.0
2018-03-28 00:00:00+05:30,394.4945057494978,394.4945057494978,383.1193348001754,383.622314453125,1482,0.0,0.0
2018-04-02 00:00:00+05:30,386.75628700019445,390.0063493575784,385.7503276880017,388.65216064453125,561,0.0,0.0
2018-04-03 00:00:00+05:30,394.64930640375513,403.08398694256647,394.64930640375513,402.3488464355469,429,0.0,0.0
2018-04-04 00:00:00+05:30,410.08703191124914,410.08703191124914,398.5183820540937,403.2386779785156,854,0.0,0.0
2018-04-05 00:00:00+05:30,409.4293012003165,410.125760062377,397.744605041626,398.09283447265625,1308,0.0,0.0
2018-04-06 00:00:00+05:30,406.0244982714024,406.0244982714024,393.8754808692463,395.15228271484375,1655,0.0,0.0
2018-04-09 00:00:00+05:30,400.83985213971215,408.113798850605,393.48854211012286,394.06890869140625,1258,0.0,0.0
2018-04-10 00:00:00+05:30,397.7445497999005,397.7445497999005,391.59265480731415,394.6492614746094,1502,0.0,0.0
2018-04-11 00:00:00+05:30,393.7593808140701,396.6225084186438,393.1403089641687,394.88140869140625,873,0.0,0.0
2018-04-12 00:00:00+05:30,396.2742735670149,398.13146547595323,391.55397770812897,394.455810546875,295,0.0,0.0
2018-04-13 00:00:00+05:30,402.0006105289098,402.0006105289098,393.10165572413126,399.4083251953125,700,0.0,0.0
2018-04-16 00:00:00+05:30,400.8398609045196,402.3875051551162,394.99751330458827,400.1434020996094,2814,0.0,0.0
2018-04-17 00:00:00+05:30,429.4713152994406,429.4713152994406,399.9112982057318,401.3041687011719,153,0.0,0.0
2018-04-18 00:00:00+05:30,399.3308891463168,404.2446878673631,395.42309694934596,397.9380187988281,702,0.0,0.0
2018-04-19 00:00:00+05:30,403.74171020390327,405.1345806397046,400.8398771166687,402.0006103515625,1062,0.0,0.0
2018-04-20 00:00:00+05:30,407.3400171709986,407.8042915899635,399.9887064117867,403.9351806640625,1103,0.0,0.0
2018-04-23 00:00:00+05:30,412.4471857357556,437.20949332214246,411.1316786991581,417.0901184082031,4335,0.0,0.0
2018-04-24 00:00:00+05:30,424.634918971174,457.9092725306464,424.0545523393227,443.7870178222656,5554,0.0,0.0
2018-04-25 00:00:00+05:30,444.8703273404142,483.60011253312655,444.8703273404142,451.44781494140625,9837,0.0,0.0
2018-04-26 00:00:00+05:30,452.6858949803884,540.12778580566,452.6858949803884,523.6453857421875,63114,0.0,0.0
2018-04-27 00:00:00+05:30,528.5204151675038,529.1781449618843,498.5348132820853,500.1598205566406,8280,0.0,0.0
2018-04-30 00:00:00+05:30,506.0410243007296,554.3275000177648,502.1719133988666,511.4190979003906,11909,0.0,0.0
2018-05-02 00:00:00+05:30,516.9131477228293,516.9131477228293,499.92774367718397,502.7135314941406,3483,0.0,0.0
2018-05-03 00:00:00+05:30,494.74315604889694,499.11526994129963,489.8294044540196,497.6449890136719,1663,0.0,0.0
2018-05-04 00:00:00+05:30,493.31155836738134,499.1152237599388,488.2817150271649,490.52581787109375,1314,0.0,0.0
2018-05-07 00:00:00+05:30,492.15089353340164,500.7790295055716,480.54356113874593,492.1895751953125,1114,0.0,0.0
2018-05-08 00:00:00+05:30,493.7758359049965,495.24611670610784,487.12098510389825,487.81744384765625,409,0.0,0.0
2018-05-09 00:00:00+05:30,482.8650026748841,491.3770459912683,478.37684382686143,488.1269836425781,739,0.0,0.0
2018-05-10 00:00:00+05:30,489.8293656527358,499.6569152943663,483.6774708086574,487.70135498046875,1937,0.0,0.0
2018-05-11 00:00:00+05:30,484.72216179164695,512.0380713180426,484.72216179164695,495.323486328125,5323,0.0,0.0
2018-05-14 00:00:00+05:30,501.86232066021483,501.86232066021483,486.7727894951966,490.2936706542969,2150,0.0,0.0
2018-05-15 00:00:00+05:30,493.85328464114764,496.1747509927384,479.847075981671,481.1239013671875,957,0.0,0.0
2018-05-16 00:00:00+05:30,483.6388405381428,489.82941769703103,483.097155590669,488.08831787109375,838,0.0,0.0
2018-05-17 00:00:00+05:30,483.63882173445415,511.5350995260267,483.63882173445415,501.0885009765625,3923,0.0,0.0
2018-05-18 00:00:00+05:30,499.1153517615595,499.1153517615595,481.3948033262524,484.02581787109375,800,0.0,0.0
2018-05-21 00:00:00+05:30,483.4453680428701,483.4453680428701,456.5550494522503,461.2366638183594,890,0.0,0.0
2018-05-22 00:00:00+05:30,459.65032289351586,473.34698337530216,456.55503452386256,459.3020935058594,969,0.0,0.0
2018-05-23 00:00:00+05:30,457.4062676830449,469.2844663797927,456.59376384726227,465.57012939453125,1176,0.0,0.0
2018-05-24 00:00:00+05:30,452.95674490169534,458.52827343773873,448.8168155811482,454.07879638671875,1474,0.0,0.0
2018-05-25 00:00:00+05:30,451.1383290337799,451.9121512105102,437.20952985263403,442.51019287109375,907,0.0,0.0
2018-05-28 00:00:00+05:30,441.0786133858967,454.50440842751857,441.0786133858967,451.3317565917969,372,0.0,0.0
2018-05-29 00:00:00+05:30,451.3704015392777,453.15018284456414,443.5548175667651,452.8793640136719,167,0.0,0.0
2018-05-30 00:00:00+05:30,439.29879292674445,466.42124668482734,439.29879292674445,459.45684814453125,800,0.0,0.0
2018-05-31 00:00:00+05:30,464.2932694015455,464.2932694015455,458.1026924761916,458.72174072265625,172,0.0,0.0
2018-06-01 00:00:00+05:30,461.73961585961905,461.73961585961905,453.84662168853134,455.0073547363281,592,0.0,0.0
2018-06-04 00:00:00+05:30,445.6054457808697,448.15909654322144,433.3403841571351,443.9804382324219,854,0.0,0.0
2018-06-05 00:00:00+05:30,434.1915723636645,437.98331964139413,418.71512997350925,426.53076171875,994,0.0,0.0
2018-06-06 00:00:00+05:30,424.1318922100192,438.48633056161754,408.5780862286829,417.2449035644531,1324,0.0,0.0
2018-06-07 00:00:00+05:30,433.34041466346156,442.62628069196427,433.34041466346156,440.1113586425781,426,0.0,0.0
2018-06-08 00:00:00+05:30,440.22742811630644,462.86172539141074,439.9178803725393,458.99261474609375,514,0.0,0.0
2018-06-11 00:00:00+05:30,472.0314724621762,472.0314724621762,450.1709985325755,457.5223083496094,451,0.0,0.0
2018-06-12 00:00:00+05:30,464.2932896566191,464.2932896566191,459.26344568533904,459.7664489746094,7,0.0,0.0
2018-06-13 00:00:00+05:30,456.5550143567629,461.1592650493121,444.94768348328586,455.66510009765625,901,0.0,0.0
2018-06-14 00:00:00+05:30,457.4062414103205,461.19798873332354,448.93292688482245,451.3317565917969,518,0.0,0.0
2018-06-15 00:00:00+05:30,452.68591893479277,454.65915580202795,449.86144943733245,452.41510009765625,270,0.0,0.0
2018-06-18 00:00:00+05:30,452.4151397134372,459.3408101842634,441.0786263031524,446.95965576171875,447,0.0,0.0
2018-06-19 00:00:00+05:30,445.5281081690788,445.5281081690788,442.23936399240733,442.2780456542969,29,0.0,0.0
2018-06-20 00:00:00+05:30,489.7907448028347,489.7907448028347,437.9446601691304,440.3821716308594,217,0.0,0.0
2018-06-21 00:00:00+05:30,437.7125005821337,439.37618980006647,436.3969935335296,437.4803161621094,560,0.0,0.0
2018-06-22 00:00:00+05:30,442.3941499217034,443.0905615457558,438.91195011036814,443.0518798828125,194,0.0,0.0
2018-06-25 00:00:00+05:30,437.2868573513522,437.6737684080178,431.2897359730349,431.8314208984375,680,0.0,0.0
2018-06-26 00:00:00+05:30,430.39984025701176,432.3730770687049,426.4533194032751,426.60809326171875,197,0.0,0.0
2018-06-27 00:00:00+05:30,429.0070466417817,437.8285913849983,429.0070466417817,432.33447265625,27,0.0,0.0
2018-06-28 00:00:00+05:30,434.11422649708004,434.11422649708004,433.34040434646136,433.49517822265625,82,0.0,0.0
2018-06-29 00:00:00+05:30,434.8880385924437,434.96540191357445,430.70938018357725,433.2630310058594,219,0.0,0.0
2018-07-02 00:00:00+05:30,435.73920431149367,441.7750544576802,432.2957337610996,436.70648193359375,177,0.0,0.0
2018-07-03 00:00:00+05:30,441.5428785939948,441.5428785939948,424.13188105905255,427.34326171875,1122,0.0,0.0
2018-07-04 00:00:00+05:30,434.11422973137263,436.8226072787163,425.6021860111496,428.89093017578125,213,0.0,0.0
2018-07-05 00:00:00+05:30,439.1053835393647,444.9477312602764,413.9948456073876,419.64373779296875,867,0.0,0.0
2018-07-06 00:00:00+05:30,428.0396797762115,428.27181694184776,409.7774513171233,416.2001647949219,1123,0.0,0.0
2018-07-09 00:00:00+05:30,421.7330703862899,431.3671655687084,421.7330703862899,427.1885070800781,391,0.0,0.0
2018-07-10 00:00:00+05:30,437.75118406864254,439.22141776292585,430.4385555662109,430.9415588378906,73,0.0,0.0
2018-07-11 00:00:00+05:30,429.81947337982956,432.2569845346274,417.9025947440943,420.8431091308594,528,0.0,0.0
2018-07-12 00:00:00+05:30,448.04296525209105,448.04296525209105,422.7389748669134,423.74493408203125,614,0.0,0.0
2018-07-13 00:00:00+05:30,421.15266767088434,421.15266767088434,416.3162796636395,419.1020202636719,499,0.0,0.0
2018-07-16 00:00:00+05:30,421.73303471111655,430.6706703125937,417.8639243009228,420.9978942871094,209,0.0,0.0
2018-07-17 00:00:00+05:30,421.38482991907887,437.4803207187065,417.631811494315,424.4414367675781,356,0.0,0.0
2018-07-18 00:00:00+05:30,417.78655122859436,421.73302486269216,415.54244835094624,416.8966369628906,587,0.0,0.0
2018-07-19 00:00:00+05:30,417.090065917519,426.8015227557999,416.31624390282974,418.6763916015625,846,0.0,0.0
2018-07-20 00:00:00+05:30,427.9236249584926,427.9236249584926,424.247969952068,424.2866516113281,335,0.0,0.0
2018-07-23 00:00:00+05:30,424.84045106801733,424.84045106801733,418.4322624617424,419.1442565917969,669,12.0,0.0
2018-07-24 00:00:00+05:30,426.58092901450067,428.6774123498797,421.75496605096583,426.5413818359375,372,0.0,0.0
2018-07-25 00:00:00+05:30,426.42269201309483,435.1251959317294,423.37683495643404,426.5413818359375,426,0.0,0.0
2018-07-26 00:00:00+05:30,427.25341255428293,429.6268229174625,425.631591796875,425.631591796875,647,0.0,0.0
2018-07-27 00:00:00+05:30,428.91480020598294,435.04610990238837,420.8847430306677,424.4844055175781,1287,0.0,0.0
2018-07-30 00:00:00+05:30,429.03346756675813,429.58727297203563,423.2581787109375,423.2581787109375,1889,0.0,0.0
2018-07-31 00:00:00+05:30,422.4670416472961,423.25817842940717,416.6126101448116,419.9353942871094,1150,0.0,0.0
2018-08-01 00:00:00+05:30,420.9243098985554,423.25817303346093,419.3024891733351,421.4385681152344,576,0.0,0.0
2018-08-02 00:00:00+05:30,429.5872678243405,429.5872678243405,416.335726873958,418.90692138671875,592,0.0,0.0
2018-08-03 00:00:00+05:30,422.58576240483507,424.840483083992,418.51138836393255,420.1332092285156,278,0.0,0.0
2018-08-06 00:00:00+05:30,424.91951962755064,430.2992880372188,424.91951962755064,426.22491455078125,524,0.0,0.0
2018-08-07 00:00:00+05:30,428.20277888178015,428.20277888178015,425.156921617068,425.3547058105469,75311,0.0,0.0
2018-08-08 00:00:00+05:30,431.0904752634003,431.0904752634003,419.30251725587135,422.58575439453125,1152,0.0,0.0
2018-08-09 00:00:00+05:30,419.3025017054697,424.0888696618458,416.9290913184576,423.1394958496094,675,0.0,0.0
2018-08-10 00:00:00+05:30,421.3198550020875,427.21383328540014,421.3198550020875,424.4448547363281,381,0.0,0.0
2018-08-13 00:00:00+05:30,425.63158528008717,425.63158528008717,415.42590155980974,416.9686279296875,156,0.0,0.0
2018-08-14 00:00:00+05:30,418.51138464553475,420.0936583114914,412.2613843501419,413.4480895996094,233,0.0,0.0
2018-08-16 00:00:00+05:30,416.7312944774231,425.6315831587159,412.18225804031783,415.1885681152344,409,0.0,0.0
2018-08-17 00:00:00+05:30,414.1205508293722,414.1205508293722,410.2835085326273,410.4812927246094,995,0.0,0.0
2018-08-20 00:00:00+05:30,417.72021867292256,418.5113554507122,413.9623189784219,417.9575500488281,87,0.0,0.0
2018-08-21 00:00:00+05:30,418.9069251546568,426.42272456725215,410.59998896178826,416.0192565917969,1132,0.0,0.0
2018-08-23 00:00:00+05:30,416.92908485155726,420.52874755859375,412.81516392044824,420.52874755859375,36,0.0,0.0
2018-08-24 00:00:00+05:30,417.1664269490044,417.64113800353704,410.7977853364156,412.4987487792969,163,0.0,0.0
2018-08-27 00:00:00+05:30,415.10949745789617,415.9401814581554,407.94971892284815,409.0572814941406,520,0.0,0.0
2018-08-28 00:00:00+05:30,415.0303577951256,417.4433637336323,411.94495315947444,414.9512634277344,341,0.0,0.0
2018-08-29 00:00:00+05:30,414.239177833685,414.5161046650343,409.1363844893672,410.3230895996094,64,0.0,0.0
2018-08-30 00:00:00+05:30,411.9844703857368,414.3974278616258,409.413275899412,412.2218017578125,100,0.0,0.0
2018-08-31 00:00:00+05:30,412.6174003588323,413.7645584095604,404.54781925075935,408.7012634277344,575,0.0,0.0
2018-09-03 00:00:00+05:30,411.3515896905175,411.39113687316984,401.89749525301977,405.25982666015625,624,0.0,0.0
2018-09-04 00:00:00+05:30,407.0003320622384,411.39113159782204,399.52407972480796,400.7107849121094,977,0.0,0.0
2018-09-05 00:00:00+05:30,406.6047684525702,412.26136760632886,396.7946528072084,401.7392578125,430,0.0,0.0
2018-09-06 00:00:00+05:30,410.6000010066667,411.98449041275853,401.50192776663454,402.92596435546875,397,0.0,0.0
2018-09-07 00:00:00+05:30,409.57153705404505,438.2897936598875,407.43545800513004,433.97808837890625,4457,0.0,0.0
2018-09-10 00:00:00+05:30,433.9780414816259,443.4321350167555,423.732811220329,429.31036376953125,2595,0.0,0.0
2018-09-11 00:00:00+05:30,430.9717460395451,433.4638461254482,428.7961199695887,429.46856689453125,539,0.0,0.0
2018-09-12 00:00:00+05:30,428.7961046128896,435.12519840791384,419.97491082121326,428.51922607421875,1065,0.0,0.0
2018-09-14 00:00:00+05:30,431.52554828174374,435.04611646310576,429.5872535942833,429.8245849609375,40,0.0,0.0
2018-09-17 00:00:00+05:30,427.21388140626965,437.4986600327169,402.45130867848627,433.6220703125,112078,0.0,0.0
2018-09-18 00:00:00+05:30,435.12526959604565,494.8956492440338,435.12526959604565,459.0571594238281,8617,0.0,0.0
2018-09-19 00:00:00+05:30,468.35301595830776,478.598247839828,447.2296523716748,454.3498840332031,2292,0.0,0.0
2018-09-21 00:00:00+05:30,457.2770778534152,470.7264036726333,439.080931156826,444.14422607421875,1255,0.0,0.0
2018-09-24 00:00:00+05:30,444.4211032706399,448.7328085450276,422.50660396372575,433.3847351074219,1246,0.0,0.0
2018-09-25 00:00:00+05:30,432.1584477400638,439.0808942713692,422.5461169560178,432.55401611328125,1185,0.0,0.0
2018-09-26 00:00:00+05:30,431.92113403384747,434.2549971886878,420.09362953361466,421.4781188964844,170,0.0,0.0
2018-09-27 00:00:00+05:30,428.9148268535892,428.9148268535892,414.47658054245437,417.79931640625,875,0.0,0.0
2018-09-28 00:00:00+05:30,417.9971682210135,419.3421106291061,401.1064144614193,407.94976806640625,1603,0.0,0.0
2018-10-01 00:00:00+05:30,407.43541096459745,407.43541096459745,379.7456257534112,399.08892822265625,2227,0.0,0.0
2018-10-03 00:00:00+05:30,409.80887090745273,411.3515973569107,402.21395264106974,408.8594970703125,122,0.0,0.0
2018-10-04 00:00:00+05:30,413.56674752761336,417.9575469544064,406.6443007732057,412.2613525390625,269,0.0,0.0
2018-10-05 00:00:00+05:30,411.3911386804205,419.856312153007,399.52408660310067,406.84210205078125,998,0.0,0.0
2018-10-08 00:00:00+05:30,421.43855903754036,421.43855903754036,393.98610398215584,396.4781799316406,383,0.0,0.0
2018-10-09 00:00:00+05:30,395.5684012315707,403.47976925620213,391.612717219255,393.669677734375,284,0.0,0.0
2018-10-10 00:00:00+05:30,398.97027050261045,403.9544467278182,398.81205763196203,400.47344970703125,210,0.0,0.0
2018-10-11 00:00:00+05:30,394.6981093198714,394.77722782149687,375.7899463230682,377.7282409667969,1932,0.0,0.0
2018-10-12 00:00:00+05:30,399.5240660348881,399.5240660348881,374.998826337697,389.04150390625,10550,0.0,0.0
2018-10-15 00:00:00+05:30,402.0952513465763,402.411701216412,392.522491886688,395.84527587890625,179,0.0,0.0
2018-10-16 00:00:00+05:30,430.3784243468795,430.3784243468795,407.4354568725054,408.8199462890625,146,0.0,0.0
2018-10-17 00:00:00+05:30,405.3785306460291,405.3785306460291,391.6522776854511,393.551025390625,851,0.0,0.0
2018-10-19 00:00:00+05:30,394.5795135922585,413.685488302117,389.35800542578,392.9181213378906,388,0.0,0.0
2018-10-22 00:00:00+05:30,389.0019611044255,405.9718545498129,389.0019611044255,392.7994079589844,244,0.0,0.0
2018-10-23 00:00:00+05:30,385.3627373345755,394.302573452788,383.74089242010336,386.98455810546875,255,0.0,0.0
2018-10-24 00:00:00+05:30,384.9671520835619,387.5778937330379,382.91019167970745,387.06365966796875,152,0.0,0.0
2018-10-25 00:00:00+05:30,390.1095835502347,399.32632297644795,386.4703492303018,397.94183349609375,145,0.0,0.0
2018-10-26 00:00:00+05:30,387.65703452179457,398.7329497938458,384.09691889863524,394.85638427734375,392,0.0,0.0
2018-10-29 00:00:00+05:30,403.47974912314436,417.4433323047195,392.4433816220507,408.3056640625,1124,0.0,0.0
2018-10-30 00:00:00+05:30,405.14114772617506,415.2281422189953,405.14114772617506,415.1490478515625,77,0.0,0.0
2018-10-31 00:00:00+05:30,411.351596897735,430.29933328736274,411.11426551050465,418.0367126464844,309,0.0,0.0
2018-11-01 00:00:00+05:30,411.70759886175244,415.3468087281266,411.70759886175244,415.2281188964844,6,0.0,0.0
2018-11-02 00:00:00+05:30,422.1901667069825,422.22971388899555,415.3863613502183,419.9749450683594,72,0.0,0.0
2018-11-05 00:00:00+05:30,423.2581963141883,423.2581963141883,413.9227915482417,418.0367126464844,340,0.0,0.0
2018-11-06 00:00:00+05:30,430.37840882490633,439.08091341511584,422.42749383400997,422.467041015625,42,0.0,0.0
2018-11-07 00:00:00+05:30,423.2581787109375,423.2581787109375,423.2581787109375,423.2581787109375,5,0.0,0.0
2018-11-09 00:00:00+05:30,409.80886663392533,418.1553503027251,408.14749865162423,408.2265930175781,71,0.0,0.0
2018-11-12 00:00:00+05:30,407.5936699481056,410.99554837151663,400.31520207119814,408.3056640625,666,0.0,0.0
2018-11-13 00:00:00+05:30,410.95599897558117,410.95599897558117,397.9417896371729,398.0604553222656,26,0.0,0.0
2018-11-14 00:00:00+05:30,399.40543565697385,399.40543565697385,390.8611433597033,392.6016540527344,707,0.0,0.0
2018-11-15 00:00:00+05:30,395.56838490413094,398.1000322249486,388.5668196626122,394.3421325683594,153,0.0,0.0
2018-11-16 00:00:00+05:30,399.6427625023653,405.49717018132037,389.7140050015174,391.7709655761719,186,0.0,0.0
2018-11-19 00:00:00+05:30,389.71399616932183,391.01936707286745,376.34378895245055,383.8595886230469,433,0.0,0.0
2018-11-20 00:00:00+05:30,386.07473660886166,387.53834443496737,381.4861530852858,385.2835998535156,85,0.0,0.0
2018-11-21 00:00:00+05:30,386.74721119084865,391.3753660803569,382.98931156883754,388.2503662109375,87,0.0,0.0
2018-11-22 00:00:00+05:30,389.2392837326631,414.67434973859264,378.99405309080527,408.0683288574219,1012,0.0,0.0
2018-11-26 00:00:00+05:30,398.7329720374381,399.52410888671875,398.7329720374381,399.52410888671875,7,0.0,0.0
2018-11-27 00:00:00+05:30,400.3152341215021,432.75184400091234,397.1902340000782,410.2835388183594,481,0.0,0.0
2018-11-28 00:00:00+05:30,406.6443048095703,408.9386207858101,394.6190160994046,395.5683898925781,1891,0.0,0.0
2018-11-29 00:00:00+05:30,395.5683837406139,409.0177087877948,395.5683837406139,401.818359375,381,0.0,0.0
2018-11-30 00:00:00+05:30,402.09527632857566,403.47976572075476,395.6475162737147,399.3658447265625,295,0.0,0.0
2018-12-03 00:00:00+05:30,392.68074930510977,407.00032998760355,391.6127098132669,398.93072509765625,1237,0.0,0.0
2018-12-04 00:00:00+05:30,399.5240432728892,404.2708635890027,396.35949639548016,398.693359375,70,0.0,0.0
2018-12-05 00:00:00+05:30,403.7962192206958,403.7962192206958,397.15067490753256,402.5303955078125,213,0.0,0.0
2018-12-06 00:00:00+05:30,397.9418016093322,399.36583816044305,395.5683912617616,396.7550964355469,97,0.0,0.0
2018-12-07 00:00:00+05:30,396.0431111588543,399.1285400390625,396.0431111588543,399.1285400390625,12,0.0,0.0
2018-12-10 00:00:00+05:30,389.0810449927087,403.4797435371519,379.8247594800618,398.21868896484375,42,0.0,0.0
2018-12-11 00:00:00+05:30,393.5905774561819,398.0604957684255,382.03997477649045,394.77728271484375,162,0.0,0.0
2018-12-12 00:00:00+05:30,394.1047806489331,397.54623045773064,380.53678975157897,394.3816833496094,917,0.0,0.0
2018-12-13 00:00:00+05:30,392.4038768441477,393.15546650763224,382.2773348410858,386.5494689941406,193,0.0,0.0
2018-12-14 00:00:00+05:30,387.657074423921,391.6127588568181,387.657074423921,391.5732116699219,35,0.0,0.0
2018-12-17 00:00:00+05:30,390.8215637207031,394.77724756403006,386.19340879529494,390.8215637207031,254,0.0,0.0
2018-12-18 00:00:00+05:30,383.7408796489923,393.7092077541968,382.2772959431005,387.498779296875,287,0.0,0.0
2018-12-19 00:00:00+05:30,384.69026465765745,390.74245628062516,384.49248045989003,385.6000671386719,340,0.0,0.0
2018-12-20 00:00:00+05:30,386.8659058653019,390.0304531525436,383.70135857806014,383.74090576171875,58,0.0,0.0
2018-12-21 00:00:00+05:30,384.4924891836712,384.88805758818114,376.8975709883643,378.20294189453125,1199,0.0,0.0
2018-12-24 00:00:00+05:30,386.54947238007605,386.54947238007605,377.05583011520434,386.3912353515625,86,0.0,0.0
2018-12-26 00:00:00+05:30,376.9766857097733,377.0558042185961,371.0431597017496,374.8406066894531,939,0.0,0.0
2018-12-27 00:00:00+05:30,375.7900186488747,375.7900186488747,371.0431973606784,372.5068054199219,1098,0.0,0.0
2018-12-28 00:00:00+05:30,380.3785745962708,390.3864747156466,372.62544339329037,387.261474609375,779,0.0,0.0
2018-12-31 00:00:00+05:30,383.068409946346,387.89432462934167,381.32789950280295,382.6332702636719,200,0.0,0.0
2019-01-01 00:00:00+05:30,378.63804793178724,385.79782575885866,378.63804793178724,381.48614501953125,55,0.0,0.0
2019-01-02 00:00:00+05:30,381.2488098144531,381.2488098144531,377.3722444174964,381.2488098144531,20,0.0,0.0
2019-01-03 00:00:00+05:30,375.9877760200469,383.4244573451204,370.21248685591894,376.06689453125,341,0.0,0.0
2019-01-04 00:00:00+05:30,376.976666225379,380.9323500262749,371.83427728421435,375.86907958984375,378,0.0,0.0
2019-01-07 00:00:00+05:30,376.58112666820233,377.6095948777214,371.8343057438132,374.2868347167969,316,0.0,0.0
2019-01-08 00:00:00+05:30,373.41656494140625,373.4561121234812,372.2298597562111,373.41656494140625,90,0.0,0.0
2019-01-09 00:00:00+05:30,375.31528433188356,375.31528433188356,367.95772192103175,372.9814453125,261,0.0,0.0
2019-01-10 00:00:00+05:30,375.7899524872945,382.9101831660011,371.8738159565749,382.8706359863281,182,0.0,0.0
2019-01-14 00:00:00+05:30,383.0288322989374,387.6569868688419,358.4640471762097,380.4180908203125,1381,0.0,0.0
2019-01-15 00:00:00+05:30,393.31362218169033,400.1569500968953,382.5937291015349,390.5050964355469,469,0.0,0.0
2019-01-16 00:00:00+05:30,392.40386384874614,395.726648159736,385.8769850649716,390.386474609375,76,0.0,0.0
2019-01-17 00:00:00+05:30,399.1680388174021,399.1680388174021,395.6474947549152,398.4164733886719,108,0.0,0.0
2019-01-18 00:00:00+05:30,385.9560654106532,391.7709253080932,379.74563714119114,383.6617736816406,511,0.0,0.0
2019-01-21 00:00:00+05:30,385.323162569899,385.323162569899,367.91815325052465,372.2298583984375,848,0.0,0.0
2019-01-22 00:00:00+05:30,371.83433515798225,375.2362140988035,356.09071600873295,356.802734375,913,0.0,0.0
2019-01-23 00:00:00+05:30,358.3849472215961,371.0431352029329,356.05108415510614,368.392822265625,118,0.0,0.0
2019-01-24 00:00:00+05:30,371.8342940481085,378.32162543148587,365.544746863693,375.78997802734375,90,0.0,0.0
2019-01-25 00:00:00+05:30,371.8343123842717,377.2140332038887,364.31851245310025,368.036865234375,288,0.0,0.0
2019-01-28 00:00:00+05:30,361.5890744893814,364.71407459070326,361.5495273057514,362.3011169433594,378,0.0,0.0
2019-01-29 00:00:00+05:30,363.13181197381545,369.38178822264433,356.01158036648576,356.6840515136719,429,0.0,0.0
2019-01-30 00:00:00+05:30,363.9624826058126,365.82165895244754,356.0115672610803,357.00048828125,1030,0.0,0.0
2019-01-31 00:00:00+05:30,356.4466618567802,371.3595947912397,356.4466618567802,365.109619140625,140,0.0,0.0
2019-02-01 00:00:00+05:30,365.10965871429613,370.8849481004486,356.01158487851194,370.2915954589844,196,0.0,0.0
2019-02-04 00:00:00+05:30,367.72040465453335,367.72040465453335,359.21568336827335,361.27264404296875,32,0.0,0.0
2019-02-05 00:00:00+05:30,363.13180182239705,368.511522562334,358.97833350089905,363.0922546386719,99,0.0,0.0
2019-02-06 00:00:00+05:30,357.43561531923854,359.1761260279073,349.6429367456119,355.1017761230469,951,0.0,0.0
2019-02-07 00:00:00+05:30,359.9672538681481,359.9672538681481,354.864411710827,356.0511169433594,301,0.0,0.0
2019-02-08 00:00:00+05:30,363.9229382758432,371.75518798828125,359.96725416414927,371.75518798828125,3,0.0,0.0
2019-02-11 00:00:00+05:30,361.6681947530081,361.6681947530081,354.4292976323141,357.43560791015625,80,0.0,0.0
2019-02-12 00:00:00+05:30,348.13974062884,351.85809326171875,344.3027464477633,351.85809326171875,132,0.0,0.0
2019-02-14 00:00:00+05:30,345.4103374398329,351.6207662515934,336.27269276207187,340.5052795410156,757,0.0,0.0
2019-02-15 00:00:00+05:30,340.50526190521396,352.37231348748384,338.2109700946908,339.99102783203125,1015,0.0,0.0
2019-02-18 00:00:00+05:30,344.14453062962934,346.873962426538,340.18884636951867,340.2283935546875,367,0.0,0.0
2019-02-19 00:00:00+05:30,371.04315622503105,375.43395577239465,344.1445052407005,348.1001892089844,130,0.0,0.0
2019-02-20 00:00:00+05:30,348.1001984509684,352.2141195446389,338.2109882677022,341.0986328125,106,0.0,0.0
2019-02-21 00:00:00+05:30,348.13970607574265,354.5479183750607,341.4150439152337,345.3707275390625,99,0.0,0.0
2019-02-22 00:00:00+05:30,341.77112129188373,348.0606689453125,341.77112129188373,348.0606689453125,156,0.0,0.0
2019-02-25 00:00:00+05:30,347.3090524153276,353.3216968758349,344.54007363752885,348.1001892089844,29,0.0,0.0
2019-02-26 00:00:00+05:30,348.1002146739142,348.1002146739142,336.2331619009398,340.0306091308594,1114,0.0,0.0
2019-02-27 00:00:00+05:30,350.4735947664336,354.429278680276,336.5891538862784,343.94671630859375,474,0.0,0.0
2019-02-28 00:00:00+05:30,351.54164799345654,356.0115661621094,351.54164799345654,356.0115661621094,8,0.0,0.0
2019-03-01 00:00:00+05:30,349.68246279629795,351.77897047077266,347.9419521928215,348.1001892089844,178,0.0,0.0
2019-03-05 00:00:00+05:30,348.9704406920991,387.65702464987044,348.9704406920991,383.02886962890625,896,0.0,0.0
2019-03-06 00:00:00+05:30,379.3105247405921,383.5035398614294,368.986175658898,380.3785400390625,523,0.0,0.0
2019-03-07 00:00:00+05:30,376.304172227211,385.6000285930412,375.1570384809778,382.0003662109375,169,0.0,0.0
2019-03-11 00:00:00+05:30,383.820027953513,389.990909708962,383.7804807694751,387.1032409667969,70,0.0,0.0
2019-03-12 00:00:00+05:30,391.5336121233008,395.6079619668477,381.4466175463394,390.426025390625,1360,0.0,0.0
2019-03-13 00:00:00+05:30,387.65701630790136,400.31520459550626,383.78045097353794,387.498779296875,195,0.0,0.0
2019-03-14 00:00:00+05:30,388.52729650348107,393.7488043357675,387.65704117417005,388.80419921875,116,0.0,0.0
2019-03-15 00:00:00+05:30,396.6759893099861,396.6759893099861,388.4481713643851,391.73138427734375,167,0.0,0.0
2019-03-18 00:00:00+05:30,391.01934860715244,397.66489264702574,382.1190599438637,391.4149169921875,316,0.0,0.0
2019-03-19 00:00:00+05:30,388.4481763122747,391.4544865529827,380.9323765669252,384.096923828125,150,0.0,0.0
2019-03-20 00:00:00+05:30,386.8263542331602,389.9513301572265,379.19186467562196,379.78521728515625,1555,0.0,0.0
2019-03-22 00:00:00+05:30,380.5368302871711,384.88808302434245,376.0273405203065,379.7061462402344,654,0.0,0.0
2019-03-25 00:00:00+05:30,384.4529113769531,384.4529113769531,382.07950113894805,384.4529113769531,199,0.0,0.0
2019-03-26 00:00:00+05:30,379.82477598306497,394.73770923556634,378.91497350741184,383.6222229003906,309,0.0,0.0
2019-03-27 00:00:00+05:30,382.3168780721467,386.0747780635439,364.71408337560194,367.0874938964844,177,0.0,0.0
2019-03-28 00:00:00+05:30,374.7614913166151,381.3674639203811,372.34850972246653,374.4845886230469,187,0.0,0.0
2019-04-01 00:00:00+05:30,383.7013407248718,383.7013407248718,383.02886962890625,383.02886962890625,50,0.0,0.0
2019-04-02 00:00:00+05:30,393.2345079926948,393.2345079926948,377.2535602888552,382.8706359863281,182,0.0,0.0
2019-04-03 00:00:00+05:30,386.86589955689993,386.86589955689993,381.32794189453125,381.32794189453125,7,0.0,0.0
2019-04-04 00:00:00+05:30,379.7061067308344,388.2899214679487,377.84693047150614,383.5826721191406,141,0.0,0.0
2019-04-05 00:00:00+05:30,385.36277256747684,385.36277256747684,378.28208795364543,378.75677490234375,152,0.0,0.0
2019-04-08 00:00:00+05:30,379.7852134640722,390.0304447430506,376.93714028182615,379.5478820800781,306,0.0,0.0
2019-04-09 00:00:00+05:30,378.16337599534995,388.4481540035917,376.42286544421626,388.2899169921875,310,0.0,0.0
2019-04-10 00:00:00+05:30,386.8659432534295,393.78839111328125,380.9719637038943,393.78839111328125,61,0.0,0.0
2019-04-11 00:00:00+05:30,392.3247492502942,394.7772782525229,390.821594101696,393.94659423828125,282,0.0,0.0
2019-04-12 00:00:00+05:30,394.7377155592592,400.9481201171875,394.3816943422408,400.9481201171875,35,0.0,0.0
2019-04-15 00:00:00+05:30,395.5683934919104,398.7329406398457,395.5683934919104,395.6079406738281,231,0.0,0.0
2019-04-16 00:00:00+05:30,395.5683843326955,399.5240681760224,390.8215637207031,390.8215637207031,109,0.0,0.0
2019-04-18 00:00:00+05:30,394.7772658061673,394.7772658061673,387.6570345591623,391.73138427734375,251,0.0,0.0
2019-04-22 00:00:00+05:30,387.6570249535146,395.4892743024311,386.9054353497447,395.01458740234375,27,0.0,0.0
2019-04-23 00:00:00+05:30,395.37058300370416,395.56836718729784,388.48768375721437,390.9006652832031,307,0.0,0.0
2019-04-24 00:00:00+05:30,388.0921751535775,402.41175707959115,388.0526279681996,390.1095886230469,42,0.0,0.0
2019-04-25 00:00:00+05:30,387.6570278837318,387.6570278837318,376.5811128013395,377.1349182128906,609,0.0,0.0
2019-04-30 00:00:00+05:30,395.48926158485625,395.48926158485625,374.2076875647519,375.86907958984375,69,0.0,0.0
2019-05-02 00:00:00+05:30,359.2156656753451,386.54945746079363,358.54321868906845,376.06689453125,709,0.0,0.0
2019-05-03 00:00:00+05:30,376.0668725453593,376.0668725453593,370.29155957529196,371.79473876953125,7,0.0,0.0
2019-05-06 00:00:00+05:30,381.32794015085045,394.6981473315731,362.4593225159151,364.63494873046875,291,0.0,0.0
2019-05-07 00:00:00+05:30,369.5399903467376,370.01467723777574,365.50518798828125,365.50518798828125,45,0.0,0.0
2019-05-08 00:00:00+05:30,360.7584016528607,360.7584016528607,356.8818359375,356.8818359375,24,0.0,0.0
2019-05-09 00:00:00+05:30,355.2204293484158,356.0115661621094,352.05588209364146,356.0115661621094,222,0.0,0.0
2019-05-10 00:00:00+05:30,377.33274615445316,379.7457039911308,356.01159749168517,356.802734375,349,0.0,0.0
2019-05-13 00:00:00+05:30,358.4245094852934,375.75042432874176,352.84700482872813,358.4640808105469,438,0.0,0.0
2019-05-14 00:00:00+05:30,362.34063906462296,363.92291259765625,353.4798976222053,363.92291259765625,289,0.0,0.0
2019-05-15 00:00:00+05:30,370.6080627441406,370.6080627441406,370.6080627441406,370.6080627441406,5,0.0,0.0
2019-05-16 00:00:00+05:30,369.46088006411793,375.67130867977875,365.50519612338866,369.50042724609375,115,0.0,0.0
2019-05-17 00:00:00+05:30,367.91814465498237,367.91814465498237,363.88336644916257,367.83905029296875,255,0.0,0.0
2019-05-20 00:00:00+05:30,378.2425199881826,422.38796920743704,378.2425199881826,412.0240478515625,2660,0.0,0.0
2019-05-21 00:00:00+05:30,411.3911386804205,414.5556859010391,403.47977062887395,406.84210205078125,991,0.0,0.0
2019-05-22 00:00:00+05:30,410.5999916557776,420.05408589950304,408.66169687395956,418.3926696777344,1301,0.0,0.0
2019-05-23 00:00:00+05:30,423.29772128578065,425.592037245322,416.1379431382665,419.302490234375,421,0.0,0.0
2019-05-24 00:00:00+05:30,431.8024306113645,435.046120274574,426.6600417111315,432.9891357421875,127,0.0,0.0
2019-05-27 00:00:00+05:30,437.41956701781896,458.54288147846745,433.5429772856203,441.2565612792969,1908,0.0,0.0
2019-05-28 00:00:00+05:30,450.94799423396165,453.9543045380894,444.2233311620517,450.7106628417969,191,0.0,0.0
2019-05-29 00:00:00+05:30,450.90844640116387,450.90844640116387,441.8499200304838,450.1173095703125,126,0.0,0.0
2019-05-30 00:00:00+05:30,445.41003243893437,446.9923060888063,443.8277587890625,443.8277587890625,88,0.0,0.0
2019-05-31 00:00:00+05:30,445.4099750668746,445.4099750668746,414.6347372260782,427.9258728027344,583,0.0,0.0
2019-06-03 00:00:00+05:30,441.37521447235224,441.37521447235224,435.12521479946145,436.1141357421875,473,0.0,0.0
2019-06-04 00:00:00+05:30,439.0808991195368,443.78817247023136,432.83089943882896,433.5824890136719,184,0.0,0.0
2019-06-06 00:00:00+05:30,432.7913755359377,433.50341796875,426.4622811541683,433.50341796875,52,0.0,0.0
2019-06-10 00:00:00+05:30,427.21384481796724,436.70748581392206,419.42116714864966,428.0840759277344,227,0.0,0.0
2019-06-11 00:00:00+05:30,425.94804340283446,431.1695266120821,423.25815915130994,429.42901611328125,48,0.0,0.0
2019-06-12 00:00:00+05:30,427.21386198865054,428.79613555157147,422.862609690618,425.7898254394531,115,0.0,0.0
2019-06-13 00:00:00+05:30,421.715456849422,432.15847214964595,421.67590966729756,430.3388671875,138,0.0,0.0
2019-06-14 00:00:00+05:30,435.9163493711016,444.61885362351927,416.2170249757669,437.26129150390625,417,0.0,0.0
2019-06-17 00:00:00+05:30,442.20588769602693,442.20588769602693,424.0492899699213,427.41162109375,185,0.0,0.0
2019-06-18 00:00:00+05:30,423.25820461521255,423.25820461521255,415.74240472017607,415.7819519042969,45,0.0,0.0
2019-06-19 00:00:00+05:30,415.742335986697,415.742335986697,413.84358859121187,415.3072204589844,100,0.0,0.0
2019-06-20 00:00:00+05:30,421.67590964988426,431.16955114293984,416.29618912791767,427.2138671875,211,0.0,0.0
2019-06-21 00:00:00+05:30,416.17745513850065,437.26126769889265,416.17745513850065,436.9447937011719,233,0.0,0.0
2019-06-24 00:00:00+05:30,424.04933135300126,440.6236572265625,418.6300635041185,440.6236572265625,237,0.0,0.0
2019-06-25 00:00:00+05:30,439.8720479865469,446.83404196631267,435.9163641017758,443.8672790527344,120,0.0,0.0
2019-06-26 00:00:00+05:30,446.95274417069123,466.77071132458303,442.8783703417236,464.12042236328125,1016,0.0,0.0
2019-06-27 00:00:00+05:30,464.12042308806724,465.94002807084416,454.1520704346296,455.3387756347656,185,0.0,0.0
2019-06-28 00:00:00+05:30,454.1520349855648,454.1520349855648,450.98748803221235,451.1852722167969,128,0.0,0.0
2019-07-01 00:00:00+05:30,447.82296415862135,448.33722237990656,447.78341697709715,447.981201171875,6,0.0,0.0
2019-07-02 00:00:00+05:30,446.24071557101394,446.24071557101394,443.03662109375,443.03662109375,234,0.0,0.0
2019-07-03 00:00:00+05:30,458.8197727272371,467.12670869108393,439.19959077482054,460.876708984375,1202,0.0,0.0
2019-07-04 00:00:00+05:30,461.232746048788,462.4194512273012,452.6884784209246,457.395751953125,264,0.0,0.0
2019-07-05 00:00:00+05:30,458.8593408834716,462.81502485660496,452.5302465264582,458.8197937011719,347,0.0,0.0
2019-07-08 00:00:00+05:30,473.06023937355087,473.06023937355087,438.44800582546117,442.04766845703125,1137,0.0,0.0
2019-07-09 00:00:00+05:30,443.82780224243396,450.0778030862039,435.12529631611176,449.64263916015625,152,0.0,0.0
2019-07-10 00:00:00+05:30,448.574557400126,451.46222598220317,441.45432633028275,451.145751953125,75,0.0,0.0
2019-07-11 00:00:00+05:30,457.07927761412503,457.07927761412503,450.9479675292969,450.9479675292969,182,0.0,0.0
2019-07-12 00:00:00+05:30,450.94801040946174,468.5903527382241,449.3657366887268,459.29449462890625,336,0.0,0.0
2019-07-15 00:00:00+05:30,460.3229045301424,463.40835720926617,453.1631265089669,461.6678466796875,211,0.0,0.0
2019-07-16 00:00:00+05:30,467.82568691903975,470.3053283691406,461.91585461692546,470.3053283691406,95,25.0,0.0
2019-07-17 00:00:00+05:30,471.3798000704134,471.3798000704134,458.7336395561202,464.97406005859375,384,0.0,0.0
2019-07-18 00:00:00+05:30,452.493208400153,466.58582600467366,446.33542257311564,454.3942565917969,1280,0.0,0.0
2019-07-19 00:00:00+05:30,447.16201155223234,447.16201155223234,425.1345096577623,427.9034729003906,365,0.0,0.0
2019-07-22 00:00:00+05:30,417.4062996615958,436.12761229113767,411.661787032012,422.4482421875,630,0.0,0.0
2019-07-23 00:00:00+05:30,432.986696197513,433.93724558149347,419.8859442959975,428.9366455078125,673,0.0,0.0
2019-07-24 00:00:00+05:30,420.13386805431634,425.6717435454676,359.0520442680718,370.0451354980469,2508,0.0,0.0
2019-07-25 00:00:00+05:30,376.0789101602227,411.3724795110985,376.0789101602227,398.9742736816406,1323,0.0,0.0
2019-07-26 00:00:00+05:30,386.86534382515,413.1908728998776,382.31933496598623,399.2635498046875,729,0.0,0.0
2019-07-29 00:00:00+05:30,394.7175755483272,396.6599663669101,388.4771547479144,390.1302490234375,116,0.0,0.0
2019-07-30 00:00:00+05:30,390.95676912006576,392.60986328125,390.95676912006576,392.60986328125,43,0.0,0.0
2019-07-31 00:00:00+05:30,395.91607560488086,408.31428256536776,381.0795445191449,394.80023193359375,929,0.0,0.0
2019-08-01 00:00:00+05:30,397.5691570143117,397.5691570143117,385.4189044961215,385.99749755859375,120,0.0,0.0
2019-08-02 00:00:00+05:30,384.3444045127984,397.5691582164646,374.8804300539259,384.6750183105469,473,0.0,0.0
2019-08-05 00:00:00+05:30,384.3030663711812,386.49341103952463,372.77272477245816,376.94677734375,440,0.0,0.0
2019-08-06 00:00:00+05:30,401.6606054435292,405.00811137644337,378.59991933068,397.6105041503906,251,0.0,0.0
2019-08-07 00:00:00+05:30,396.7426259522326,403.3550030514365,389.34501898281155,392.5685729980469,139,0.0,0.0
2019-08-08 00:00:00+05:30,392.19662122273826,392.19662122273826,392.1553039550781,392.1553039550781,30,0.0,0.0
2019-08-09 00:00:00+05:30,399.6355421454085,404.34687093256963,393.9736891921969,398.3957214355469,208,0.0,0.0
2019-08-13 00:00:00+05:30,392.60986623774306,396.70128440716985,376.078924501417,383.9311218261719,1829,0.0,0.0
2019-08-14 00:00:00+05:30,398.72630696602,398.7676494546132,377.6906988818997,380.99688720703125,169,0.0,0.0
2019-08-16 00:00:00+05:30,377.73201867504963,393.2297765528553,377.73201867504963,383.9311218261719,402,0.0,0.0
2019-08-19 00:00:00+05:30,387.65061660664963,395.626791626314,381.1622163797972,387.7332763671875,232,0.0,0.0
2019-08-20 00:00:00+05:30,387.237321666961,388.4771423339844,386.8240481112866,388.4771423339844,522,0.0,0.0
2019-08-21 00:00:00+05:30,385.58424931960116,388.93175522079173,367.31755207762325,370.9956970214844,383,0.0,0.0
2019-08-22 00:00:00+05:30,371.3675856015445,371.3675856015445,358.26683482230055,360.0025634765625,502,0.0,0.0
2019-08-23 00:00:00+05:30,373.5992796733425,414.76131411403804,373.5992796733425,397.0732116699219,768,0.0,0.0
2019-08-26 00:00:00+05:30,413.19090331962644,416.1251607520037,396.7839378206229,402.156494140625,717,0.0,0.0
2019-08-27 00:00:00+05:30,398.93294597897574,400.87533667575286,390.00624754062443,397.982421875,601,0.0,0.0
2019-08-28 00:00:00+05:30,400.87532952541324,406.5784992717565,391.3700382067694,395.4614562988281,145,0.0,0.0
2019-08-29 00:00:00+05:30,396.4946463066215,405.83461826665683,378.682541510898,383.68316650390625,1345,0.0,0.0
2019-08-30 00:00:00+05:30,396.7426042496019,396.7426042496019,381.1621865170401,389.3036804199219,893,0.0,0.0
2019-09-03 00:00:00+05:30,388.1051677335387,403.35497130813246,386.9066896131561,386.9893493652344,202,0.0,0.0
2019-09-04 00:00:00+05:30,386.90671589001937,391.78333890325456,382.8566400052721,388.1051940917969,163,0.0,0.0
2019-09-05 00:00:00+05:30,390.4195266350114,396.65994713282544,379.7983913849525,396.2466735839844,341,0.0,0.0
2019-09-06 00:00:00+05:30,396.2466735068841,397.56915390776135,388.55979558962196,392.2379150390625,192,0.0,0.0
2019-09-09 00:00:00+05:30,392.11395480396277,402.2804996731899,392.11395480396277,395.91607666015625,34,0.0,0.0
2019-09-11 00:00:00+05:30,396.2053674041373,408.3142776791306,391.8246525293253,396.0813903808594,409,0.0,0.0
2019-09-12 00:00:00+05:30,399.05693439542966,399.05693439542966,394.51092529296875,394.51092529296875,312,0.0,0.0
2019-09-13 00:00:00+05:30,400.62738820471606,400.62738820471606,392.19659772143933,394.6762390136719,195,0.0,0.0
2019-09-16 00:00:00+05:30,394.5935839912723,411.3311629145679,394.5935839912723,397.4038391113281,282,0.0,0.0
2019-09-17 00:00:00+05:30,395.0895327772948,401.66059262760814,395.0895327772948,395.2548522949219,273,0.0,0.0
2019-09-18 00:00:00+05:30,398.3957167004856,436.1276133681933,391.24608907010236,429.1432800292969,593,0.0,0.0
2019-09-19 00:00:00+05:30,413.2735515455312,415.54655607903163,402.90039549142466,407.19842529296875,153,0.0,0.0
2019-09-20 00:00:00+05:30,397.6104915055031,421.53904129206285,397.6104915055031,412.6949768066406,133,0.0,0.0
2019-09-23 00:00:00+05:30,419.8859422745243,429.7218733063914,405.0080939262144,409.9673767089844,585,0.0,0.0
2019-09-24 00:00:00+05:30,408.31424164873516,413.1082044367067,405.00805345724746,405.6692810058594,448,0.0,0.0
2019-09-25 00:00:00+05:30,406.6611766060489,406.6611766060489,398.0237492490186,398.271728515625,195,0.0,0.0
2019-09-26 00:00:00+05:30,400.87530886540645,403.3549499511719,399.63548832252377,403.3549499511719,53,0.0,0.0
2019-09-27 00:00:00+05:30,398.5196698626405,398.5196698626405,392.60986328125,392.60986328125,55,0.0,0.0
2019-09-30 00:00:00+05:30,397.5691663883277,397.5691663883277,392.60988364751694,396.329345703125,19,0.0,0.0
2019-10-01 00:00:00+05:30,384.75765125758517,403.35495985757586,384.75765125758517,402.0738220214844,106,0.0,0.0
2019-10-03 00:00:00+05:30,402.0738276020688,408.89284085004317,390.9567595505338,400.33807373046875,180,0.0,0.0
2019-10-04 00:00:00+05:30,400.0901000835527,417.40627133041113,394.30427057996286,414.22406005859375,237,0.0,0.0
2019-10-07 00:00:00+05:30,386.45211692024515,410.2980076762138,386.41079965168075,404.0575866699219,54,0.0,0.0
2019-10-09 00:00:00+05:30,397.6104903936601,419.8446285711669,392.6098903016105,408.4382629394531,192,0.0,0.0
2019-10-10 00:00:00+05:30,408.4382470404835,414.430713553928,408.31427001953125,408.31427001953125,67,0.0,0.0
2019-10-11 00:00:00+05:30,416.8690411149012,421.53902725434637,409.8433906606621,410.7939147949219,53,0.0,0.0
2019-10-14 00:00:00+05:30,406.6611500235499,406.6611500235499,397.40381294145817,397.8584289550781,62,0.0,0.0
2019-10-15 00:00:00+05:30,396.99057003701756,405.0080871582031,396.99057003701756,405.0080871582031,28,0.0,0.0
2019-10-16 00:00:00+05:30,404.09888131641054,404.09888131641054,396.49466295835794,396.5359802246094,9,0.0,0.0
2019-10-17 00:00:00+05:30,402.1151428222656,402.1151428222656,402.1151428222656,402.1151428222656,1,0.0,0.0
2019-10-18 00:00:00+05:30,396.8665628268116,400.9992980957031,396.7425858135877,400.9992980957031,748,0.0,0.0
2019-10-22 00:00:00+05:30,404.2228403170817,404.30550007011544,403.76824951171875,403.76824951171875,60,0.0,0.0
2019-10-23 00:00:00+05:30,402.487159441431,439.7230998154383,400.8753823505405,429.55657958984375,415,0.0,0.0
2019-10-24 00:00:00+05:30,437.98735032758907,438.48325843296533,428.1927364347198,428.97796630859375,243,0.0,0.0
2019-10-25 00:00:00+05:30,422.7788434536905,422.7788434536905,416.1664666254803,416.786376953125,57,0.0,0.0
2019-10-27 00:00:00+05:30,437.9459540352197,438.23527578483885,427.69680042155477,434.3504943847656,123,0.0,0.0
2019-10-29 00:00:00+05:30,437.98730806773204,452.9477897014937,433.11066022551586,444.76495361328125,455,0.0,0.0
2019-10-30 00:00:00+05:30,444.76498475975825,445.67421686013734,436.1276077209687,438.0286560058594,657,0.0,0.0
2019-10-31 00:00:00+05:30,505.8468292797759,505.8468292797759,475.34722086441667,488.61334228515625,10150,0.0,0.0
2019-11-01 00:00:00+05:30,492.41541609932443,493.90319073306074,481.9595755025687,485.80303955078125,3471,0.0,0.0
2019-11-04 00:00:00+05:30,487.66273349689465,489.48114699961906,486.2162762365225,487.1254577636719,4297,0.0,0.0
2019-11-05 00:00:00+05:30,487.6627457737418,490.14238685394724,485.18310469353634,488.0760192871094,2354,0.0,0.0
2019-11-06 00:00:00+05:30,472.27341666710447,481.16802780297115,441.88718800874904,472.0928039550781,2756,50.0,0.0
2019-11-07 00:00:00+05:30,454.21325996820707,466.6747658190337,452.04604515384136,460.263427734375,1305,0.0,0.0
2019-11-08 00:00:00+05:30,459.9021999085281,464.10121131420874,458.81860628579705,459.7667541503906,277,0.0,0.0
2019-11-11 00:00:00+05:30,464.2366122426146,464.2366122426146,458.9088955698853,461.57275390625,440,0.0,0.0
2019-11-13 00:00:00+05:30,462.0694510620673,462.0694510620673,459.6313171386719,459.6313171386719,283,0.0,0.0
2019-11-14 00:00:00+05:30,457.0125839859418,462.3403283519083,457.0125839859418,460.35369873046875,276,0.0,0.0
2019-11-15 00:00:00+05:30,465.99748129163436,469.56437555205287,459.8118956982545,463.2433166503906,190,0.0,0.0
2019-11-18 00:00:00+05:30,469.5643786480301,469.5643786480301,441.6162570112155,447.98248291015625,476,0.0,0.0
2019-11-19 00:00:00+05:30,456.0192861684425,456.0192861684425,438.8621249066595,439.3136291503906,444,0.0,0.0
2019-11-20 00:00:00+05:30,438.9072265625,445.45403753358374,437.959078755257,438.9072265625,414,0.0,0.0
2019-11-21 00:00:00+05:30,434.79855887821304,437.05607995234703,415.20326493167755,416.4674987792969,3055,0.0,0.0
2019-11-22 00:00:00+05:30,419.4474441818657,428.6129748564446,419.4023047803565,427.1230163574219,180,0.0,0.0
2019-11-25 00:00:00+05:30,428.6129492722202,443.0610842696708,428.6129492722202,430.5995788574219,335,0.0,0.0
2019-11-26 00:00:00+05:30,433.44402453142493,433.44402453142493,428.9289826092226,432.04437255859375,255,0.0,0.0
2019-11-27 00:00:00+05:30,436.3788094304735,436.3788094304735,434.9339904785156,434.9339904785156,34,0.0,0.0
2019-11-28 00:00:00+05:30,440.352067557193,451.5042274876645,428.92901611328125,428.92901611328125,555,0.0,0.0
2019-11-29 00:00:00+05:30,430.3286848938749,434.75344854105697,426.0393945663008,427.6196594238281,126,0.0,0.0
2019-12-02 00:00:00+05:30,426.22001159349924,427.07788069073405,414.5260405065992,415.92572021484375,467,0.0,0.0
2019-12-03 00:00:00+05:30,412.9005837926637,419.22164248385815,411.77182331209326,416.286865234375,66,0.0,0.0
2019-12-04 00:00:00+05:30,411.63639850428405,417.1447554411821,411.63639850428405,412.4039611816406,123,0.0,0.0
2019-12-05 00:00:00+05:30,419.35711669921875,419.4474230553209,417.09959558481984,419.35711669921875,190,0.0,0.0
2019-12-06 00:00:00+05:30,421.25341997216924,421.25341997216924,413.1263443456965,420.2149658203125,66,0.0,0.0
2019-12-09 00:00:00+05:30,437.95911668432564,437.95911668432564,411.2752268867149,414.48089599609375,301,0.0,0.0
2019-12-10 00:00:00+05:30,419.898917511398,419.94405690958376,409.4240142727059,413.9390563964844,183,0.0,0.0
2019-12-11 00:00:00+05:30,407.79864501953125,410.86886841484096,407.79864501953125,407.79864501953125,211,0.0,0.0
2019-12-12 00:00:00+05:30,411.320342652694,417.4607889952584,411.320342652694,415.3838806152344,570,0.0,0.0
2019-12-13 00:00:00+05:30,414.6163071995187,420.39555552954926,414.6163071995187,416.5577697753906,588,0.0,0.0
2019-12-16 00:00:00+05:30,423.4658348482268,425.76849543356354,413.57788103620805,423.1949157714844,459,0.0,0.0
2019-12-17 00:00:00+05:30,420.39554759436453,421.61461444008324,416.7835140115707,419.7634582519531,145,0.0,0.0
2019-12-18 00:00:00+05:30,419.3119812011719,419.3119812011719,419.3119812011719,419.3119812011719,25,0.0,0.0
2019-12-19 00:00:00+05:30,420.80192074868387,421.795235515196,418.0928955078125,418.0928955078125,51,0.0,0.0
2019-12-20 00:00:00+05:30,436.1530832398771,436.1530832398771,408.15982116858066,415.7450866699219,764,0.0,0.0
2019-12-23 00:00:00+05:30,418.0929250603023,421.97585049029345,414.5711975097656,414.5711975097656,24,0.0,0.0
2019-12-24 00:00:00+05:30,422.96916936916836,433.44407331924316,415.8354078406489,420.5762023925781,347,0.0,0.0
2019-12-26 00:00:00+05:30,423.3754983268132,424.3688130888389,411.9524474575918,417.0995788574219,542,0.0,0.0
2019-12-27 00:00:00+05:30,422.51765915038146,433.4440671889629,422.51765915038146,425.2266845703125,436,0.0,0.0
2019-12-30 00:00:00+05:30,424.45909394362525,430.0126177353839,418.0025892955687,423.6915588378906,180,0.0,0.0
2020-01-01 00:00:00+05:30,429.78690242963836,429.78690242963836,427.1230163574219,427.1230163574219,20,0.0,0.0
2020-01-02 00:00:00+05:30,433.3537538841988,433.3537538841988,429.83202640626195,429.9223327636719,61,0.0,0.0
2020-01-03 00:00:00+05:30,428.9290189743042,433.4440612792969,425.31698513031006,433.4440612792969,85,0.0,0.0
2020-01-06 00:00:00+05:30,431.5025730357224,433.3537292480469,429.42563716389304,433.3537292480469,872,0.0,0.0
2020-01-07 00:00:00+05:30,433.4440525361242,433.71494404590703,432.63135044914515,433.5794982910156,268,0.0,0.0
2020-01-08 00:00:00+05:30,432.5410461425781,432.5410461425781,432.5410461425781,432.5410461425781,1,0.0,0.0
2020-01-09 00:00:00+05:30,437.95909682494863,453.17479466946526,429.87716020069365,432.5410461425781,126,0.0,0.0
2020-01-10 00:00:00+05:30,437.05609130859375,437.05609130859375,437.05609130859375,437.05609130859375,135,0.0,0.0
2020-01-13 00:00:00+05:30,436.74001754387314,437.95908442441555,431.1413818651906,434.2567443847656,95,0.0,0.0
2020-01-14 00:00:00+05:30,433.89555881317074,433.89555881317074,429.8320208013929,432.5410461425781,437,0.0,0.0
2020-01-15 00:00:00+05:30,434.8888491788377,436.1530554221587,433.0376654318058,433.940673828125,294,0.0,0.0
2020-01-16 00:00:00+05:30,437.05607103662817,447.89217197142057,437.05607103662817,444.0092468261719,219,0.0,0.0
2020-01-17 00:00:00+05:30,440.035998321404,450.60120800920095,439.9457195242199,449.38214111328125,503,0.0,0.0
2020-01-20 00:00:00+05:30,447.89220978128213,447.89220978128213,439.3136291503906,439.3136291503906,55,0.0,0.0
2020-01-21 00:00:00+05:30,431.63803304883754,433.940693541004,424.4139655501122,430.5995788574219,340,0.0,0.0
2020-01-22 00:00:00+05:30,437.68821882852956,438.4557539861268,429.74172771444114,437.9139709472656,346,0.0,0.0
2020-01-23 00:00:00+05:30,433.4440508540373,441.52598740863874,433.4440508540373,436.153076171875,175,0.0,0.0
2020-01-24 00:00:00+05:30,440.7132818863082,440.7132818863082,435.2500915527344,435.2500915527344,33,0.0,0.0
2020-01-27 00:00:00+05:30,435.2500608776055,440.66811142794916,435.2500608776055,437.2818298339844,67,0.0,0.0
2020-01-29 00:00:00+05:30,434.93401821903365,442.7450358680376,430.7350344014888,433.9858703613281,248,0.0,0.0
2020-01-30 00:00:00+05:30,420.0343631039781,420.0343631039781,350.3672686720748,353.0762939453125,11828,0.0,0.0
2020-01-31 00:00:00+05:30,353.9792933944483,361.11305425490235,323.9091246470023,329.372314453125,9817,0.0,0.0
2020-02-03 00:00:00+05:30,356.64319601704415,356.64319601704415,341.33719186663865,343.8204650878906,946,0.0,0.0
2020-02-04 00:00:00+05:30,346.39405442722403,347.25189593870846,342.465962073197,343.6398620605469,427,0.0,0.0
2020-02-05 00:00:00+05:30,343.6398431384869,349.328812717915,328.5144521065443,337.90576171875,710,0.0,0.0
2020-02-06 00:00:00+05:30,338.0863554565828,338.94422450025394,329.59808160619593,334.20343017578125,1098,0.0,0.0
2020-02-07 00:00:00+05:30,330.50107845590134,331.404086866983,325.9860364004928,327.79205322265625,309,0.0,0.0
2020-02-10 00:00:00+05:30,327.7920705214119,327.7920705214119,317.4977796033401,320.38739013671875,908,0.0,0.0
2020-02-11 00:00:00+05:30,322.64494463472954,322.64494463472954,299.12158287612834,304.1784362792969,2315,0.0,0.0
2020-02-12 00:00:00+05:30,302.5078275546602,307.7001260873148,302.5078275546602,307.33892822265625,636,0.0,0.0
2020-02-13 00:00:00+05:30,305.48772511632325,309.5061234459672,305.48772511632325,306.6164855957031,157,0.0,0.0
2020-02-14 00:00:00+05:30,313.2084765476244,313.2084765476244,297.99277913193737,302.37237548828125,229,0.0,0.0
2020-02-17 00:00:00+05:30,302.50781639925935,308.82887524939315,302.23692490016265,302.4626770019531,796,0.0,0.0
2020-02-18 00:00:00+05:30,302.4627063086256,310.0931115539032,302.4627063086256,307.02288818359375,1100,0.0,0.0
2020-02-19 00:00:00+05:30,307.02288901664616,316.00783458592156,307.02288901664616,314.11151123046875,852,0.0,0.0
2020-02-20 00:00:00+05:30,316.549604979984,325.08304595947266,316.549604979984,317.8589782714844,655,0.0,0.0
2020-02-24 00:00:00+05:30,318.7620212843842,327.7921068731769,314.29211789487806,321.8322448730469,1326,0.0,0.0
2020-02-25 00:00:00+05:30,317.1817224077183,323.9091464754328,308.2419441417744,313.7954406738281,239,0.0,0.0
2020-02-26 00:00:00+05:30,318.3104881795776,318.3104881795776,311.6733703613281,311.6733703613281,180,0.0,0.0
2020-02-27 00:00:00+05:30,307.0228584350692,310.54458571147495,300.2502953813545,302.4626770019531,401,0.0,0.0
2020-02-28 00:00:00+05:30,300.52118159706635,300.52118159706635,287.1566684290791,289.3238830566406,582,0.0,0.0
2020-03-02 00:00:00+05:30,291.2653659928158,298.17340271624636,289.86571391131207,290.00115966796875,335,0.0,0.0
2020-03-03 00:00:00+05:30,295.2386325776959,295.2386325776959,280.8356363465179,286.84063720703125,280,0.0,0.0
2020-03-04 00:00:00+05:30,279.9326422275641,279.9326422275641,272.70857404104635,272.934326171875,427,0.0,0.0
2020-03-05 00:00:00+05:30,279.93266013387296,279.93266013387296,275.4176172284879,276.68182373046875,327,0.0,0.0
2020-03-06 00:00:00+05:30,276.3205546559778,276.68175248387183,270.90250456468414,271.2637023925781,603,0.0,0.0
2020-03-09 00:00:00+05:30,266.38746669286024,269.0513523828401,253.74534962947024,265.1232604980469,4156,0.0,0.0
2020-03-11 00:00:00+05:30,261.8724567810216,266.3874991393151,257.80891865855745,262.5497131347656,348,0.0,0.0
2020-03-12 00:00:00+05:30,257.3574067224522,257.3574067224522,216.72202671364397,219.56649780273438,4060,0.0,0.0
2020-03-13 00:00:00+05:30,210.4009656159774,224.66850166243765,189.6317715852157,207.6919403076172,1986,0.0,0.0
2020-03-16 00:00:00+05:30,199.06820833961456,225.7521105640481,179.1117300330419,185.61338806152344,1119,0.0,0.0
2020-03-17 00:00:00+05:30,189.6317805943967,192.38595921117374,167.50807285838377,171.02980041503906,6675,0.0,0.0
2020-03-18 00:00:00+05:30,174.4612286766999,174.4612286766999,153.96293974759286,154.41444396972656,3535,0.0,0.0
2020-03-19 00:00:00+05:30,148.49974263644606,166.96626340315584,140.86932369221432,162.90272521972656,2221,0.0,0.0
2020-03-20 00:00:00+05:30,172.429471452729,179.15688206618944,172.429471452729,172.47462463378906,667,0.0,0.0
2020-03-23 00:00:00+05:30,164.43784581746613,188.54816890557228,158.02648025007952,177.441162109375,600,0.0,0.0
2020-03-24 00:00:00+05:30,180.6016875476372,185.11672973632812,159.87764665730887,185.11672973632812,885,0.0,0.0
2020-03-25 00:00:00+05:30,189.63177428737995,199.5648672262427,175.22879228179204,179.24717712402344,758,0.0,0.0
2020-03-26 00:00:00+05:30,197.17190627516558,197.17190627516558,187.05820031942335,196.9010009765625,548,0.0,0.0
2020-03-27 00:00:00+05:30,200.46786499023438,216.54141728125035,191.43778098166527,200.46786499023438,1192,0.0,0.0
2020-03-30 00:00:00+05:30,200.46786922473086,200.46786922473086,180.42108505802076,188.728759765625,1048,0.0,0.0
2020-03-31 00:00:00+05:30,181.14349365234375,196.81068139324614,181.14349365234375,181.14349365234375,995,0.0,0.0
2020-04-01 00:00:00+05:30,195.9528423371862,196.85585082721934,192.20536261507522,192.7923126220703,95,0.0,0.0
2020-04-03 00:00:00+05:30,188.72877963084096,198.66187329562206,178.79568596605986,191.43780517578125,372,0.0,0.0
2020-04-07 00:00:00+05:30,198.61669554529345,202.5899407870067,186.01973107532447,195.14012145996094,798,0.0,0.0
2020-04-08 00:00:00+05:30,195.14012214568686,204.07989985803042,188.7739101244411,203.98959350585938,458,0.0,0.0
2020-04-09 00:00:00+05:30,205.88594312344202,216.5865996262528,198.6618749436721,214.19361877441406,322,0.0,0.0
2020-04-13 00:00:00+05:30,216.54142818488717,235.59489813508966,214.1936007129118,234.78219604492188,1803,0.0,0.0
2020-04-15 00:00:00+05:30,246.5212860107422,246.5212860107422,242.23199623583,246.5212860107422,2536,0.0,0.0
2020-04-16 00:00:00+05:30,245.61831456600262,257.8089294433594,245.61831456600262,257.8089294433594,171,0.0,0.0
2020-04-17 00:00:00+05:30,262.7303388702474,270.08985276739804,259.7955611919405,262.82061767578125,700,0.0,0.0
2020-04-20 00:00:00+05:30,265.4844799557248,275.86907696079567,264.5814715205012,267.2904968261719,1466,0.0,0.0
2020-04-21 00:00:00+05:30,253.92599487304685,257.35741606418327,253.92599487304685,253.92599487304688,89,0.0,0.0
2020-04-22 00:00:00+05:30,242.0062655681468,257.3574092795591,242.0062655681468,243.857421875,236,0.0,0.0
2020-04-23 00:00:00+05:30,241.10325505642805,248.32732262366184,240.3356923658833,247.69520568847656,392,0.0,0.0
2020-04-24 00:00:00+05:30,248.327323742563,255.6868370983164,242.18687730579927,246.70191955566406,423,0.0,0.0
2020-04-27 00:00:00+05:30,241.10325618370746,248.10157167218586,241.10325618370746,243.902587890625,175,0.0,0.0
2020-04-28 00:00:00+05:30,248.3273281168357,251.03635351447392,244.7152942533181,250.67515563964844,45,0.0,0.0
2020-04-29 00:00:00+05:30,253.74538323516416,260.56308624565406,247.42432386631666,251.0814971923828,632,0.0,0.0
2020-04-30 00:00:00+05:30,251.08148547156802,252.79722355198206,239.56812787291165,249.501220703125,77,0.0,0.0
2020-05-04 00:00:00+05:30,249.50122365405994,249.50122365405994,237.03971807000354,237.53636169433594,1287,0.0,0.0
2020-05-05 00:00:00+05:30,234.78219985961914,241.41931755948463,226.47452477419574,231.170166015625,357,0.0,0.0
2020-05-06 00:00:00+05:30,230.2671601993995,238.1684843238887,230.2671601993995,234.9176483154297,8,0.0,0.0
2020-05-07 00:00:00+05:30,238.16847624066128,238.39422835084198,223.22368379093444,224.6685028076172,843,0.0,0.0
2020-05-08 00:00:00+05:30,227.5581331446103,228.41598843046376,223.0430908203125,223.0430908203125,297,0.0,0.0
2020-05-11 00:00:00+05:30,231.17016503514057,234.10494252093827,223.04308892062392,224.84910583496094,335,0.0,0.0
2020-05-12 00:00:00+05:30,223.0430983586258,225.88756960754336,223.0430983586258,224.44276428222656,19,0.0,0.0
2020-05-13 00:00:00+05:30,221.28221614359234,234.3306850607701,217.67018246250146,221.19190979003906,614,0.0,0.0
2020-05-14 00:00:00+05:30,219.4310578101903,225.52636497158448,212.20699006335278,214.14845275878906,261,0.0,0.0
2020-05-15 00:00:00+05:30,215.36751794815063,216.72203063964844,215.36751794815063,216.72203063964844,10,0.0,0.0
2020-05-18 00:00:00+05:30,221.237060546875,221.237060546875,221.237060546875,221.237060546875,3,0.0,0.0
2020-05-19 00:00:00+05:30,226.4293686230757,229.77049712914862,212.74879613005714,220.83071899414062,341,0.0,0.0
2020-05-20 00:00:00+05:30,212.20699919858978,216.72204173473,211.30399069136175,212.74880981445312,237,0.0,0.0
2020-05-21 00:00:00+05:30,214.01299917428435,214.01299917428435,208.59494856227715,209.7237091064453,929,0.0,0.0
2020-05-22 00:00:00+05:30,203.40264549662814,207.78224182128906,201.41602973921653,207.78224182128906,78,0.0,0.0
2020-05-26 00:00:00+05:30,204.93775381871313,209.49794899880348,197.75883978766365,200.46786499023438,521,0.0,0.0
2020-05-27 00:00:00+05:30,200.467867001676,203.7187027889048,197.62339602196195,199.42941284179688,522,0.0,0.0
2020-05-28 00:00:00+05:30,200.96451906998755,205.16350255356912,200.46786170190012,204.8474578857422,363,0.0,0.0
2020-05-29 00:00:00+05:30,202.27388883143752,215.05145263671875,200.3324262135547,215.05145263671875,1905,0.0,0.0
2020-06-01 00:00:00+05:30,212.52304335524215,218.88924187881483,212.52304335524215,215.50296020507812,541,0.0,0.0
2020-06-02 00:00:00+05:30,216.7220440874337,219.16016432765403,211.48459193289077,211.93609619140625,738,0.0,0.0
2020-06-03 00:00:00+05:30,217.57990330074495,219.88257781597747,209.81403818315857,214.91603088378906,656,0.0,0.0
2020-06-04 00:00:00+05:30,215.63841247558594,222.72702027320742,215.63841247558594,215.63841247558594,643,0.0,0.0
2020-06-05 00:00:00+05:30,219.11499628372994,232.9761815914943,218.30229418505328,232.4795379638672,695,0.0,0.0
2020-06-08 00:00:00+05:30,232.97616744822963,240.20023465592666,212.2069742261006,228.37081909179688,2653,0.0,0.0
2020-06-09 00:00:00+05:30,225.75211612737434,228.0999436466253,220.33406534031735,225.84242248535156,3281,0.0,0.0
2020-06-10 00:00:00+05:30,230.4477569749153,231.17016650099404,222.54643292458837,227.10662841796875,960,0.0,0.0
2020-06-11 00:00:00+05:30,224.89425417445827,227.87418477475734,216.72202505716461,222.14007568359375,1603,0.0,0.0
2020-06-12 00:00:00+05:30,224.8491165545239,227.5581420551808,212.2973039130067,225.93272399902344,540,0.0,0.0
2020-06-15 00:00:00+05:30,227.0163098316505,237.94271715563642,227.0163098316505,228.82232666015625,1560,0.0,0.0
2020-06-16 00:00:00+05:30,230.2671721680688,231.07987432301775,216.72204439347655,221.05648803710938,1331,0.0,0.0
2020-06-17 00:00:00+05:30,219.79224971392526,226.6551193984729,213.29059167419427,221.5982666015625,1677,0.0,0.0
2020-06-18 00:00:00+05:30,222.14008851895983,227.60329263870557,221.05648108682567,222.18524169921875,645,0.0,0.0
2020-06-22 00:00:00+05:30,230.26715106337983,233.15678908016855,221.46281881683882,231.0347137451172,2279,0.0,0.0
2020-06-23 00:00:00+05:30,238.39422542442477,254.10656658859946,223.76549162005267,249.3206329345703,4308,0.0,0.0
2020-06-24 00:00:00+05:30,252.84237328820691,274.24368519315425,251.48786057416297,267.6065673828125,2068,0.0,0.0
2020-06-25 00:00:00+05:30,270.0446688983842,279.57142468449666,254.60324628086582,258.53131103515625,2607,0.0,0.0
2020-06-26 00:00:00+05:30,258.2604229581368,258.98281871258945,244.89590859734182,250.90090942382812,1875,0.0,0.0
2020-06-29 00:00:00+05:30,245.61826894650875,266.2068481145621,245.61826894650875,264.1750793457031,346,0.0,0.0
2020-06-30 00:00:00+05:30,267.2904987447096,267.2904987447096,248.3273214689025,252.57147216796875,1303,0.0,0.0
2020-07-01 00:00:00+05:30,253.56477805387624,260.06645033531214,241.10327166502896,253.0229949951172,3616,0.0,0.0
2020-07-02 00:00:00+05:30,256.09322861012214,264.89756191481644,253.97115302002803,259.1634521484375,429,0.0,0.0
2020-07-06 00:00:00+05:30,269.0965064199347,289.8656998684532,269.0965064199347,274.5145568847656,2746,0.0,0.0
2020-07-07 00:00:00+05:30,272.573125203384,278.35237417596505,271.4443645619568,274.0179443359375,471,0.0,0.0
2020-07-08 00:00:00+05:30,273.16006245543633,276.6366505800318,267.33564679490416,268.14837646484375,548,0.0,0.0
2020-07-09 00:00:00+05:30,269.05138135114044,269.9995292099288,266.29718901692866,269.7286376953125,398,0.0,0.0
2020-07-10 00:00:00+05:30,268.32897793937167,268.6450364349394,259.16344691370625,261.2855224609375,1043,0.0,0.0
2020-07-13 00:00:00+05:30,260.969470368557,266.34238225213966,251.93938488867613,260.6534118652344,1032,0.0,0.0
2020-07-14 00:00:00+05:30,259.07311798360337,259.16342433984727,245.16679340860117,249.23033142089844,544,0.0,0.0
2020-07-15 00:00:00+05:30,247.42433418852846,262.5045874778168,247.42433418852846,258.757080078125,2648,0.0,0.0
2020-07-16 00:00:00+05:30,259.61492548169747,267.42594294553373,254.2420142617197,257.6282958984375,1081,0.0,0.0
2020-07-17 00:00:00+05:30,253.06812822883794,263.85909066075646,250.13335064902088,260.4728088378906,829,0.0,0.0
2020-07-20 00:00:00+05:30,272.6634580957702,272.6634580957702,259.16346848772804,261.4209899902344,542,0.0,0.0
2020-07-21 00:00:00+05:30,264.8523561118702,271.805531904574,256.09319105351,270.4510192871094,1966,0.0,0.0
2020-07-22 00:00:00+05:30,268.0580621065963,271.39917681473895,258.53130648804284,270.2704162597656,803,0.0,0.0
2020-07-23 00:00:00+05:30,270.90252661435983,272.70854345845555,261.2854924310761,267.33563232421875,817,0.0,0.0
2020-07-24 00:00:00+05:30,261.87247170241784,264.5814972717532,255.09990777907947,257.7637939453125,925,0.0,0.0
2020-07-27 00:00:00+05:30,258.6216139095241,270.90253430975935,256.4543991465722,269.2771301269531,1405,0.0,0.0
2020-07-28 00:00:00+05:30,270.04467004257174,279.0747546794426,264.7620925761073,265.61993408203125,1955,0.0,0.0
2020-07-29 00:00:00+05:30,261.69183107292787,292.1683654785156,261.69183107292787,292.1683654785156,5039,0.0,0.0
2020-07-30 00:00:00+05:30,314.2469454339005,321.3807067871094,304.6299108049928,321.3807067871094,17055,0.0,0.0
2020-07-31 00:00:00+05:30,322.82552182194365,346.7552458171367,289.8657133002627,327.0245056152344,10712,0.0,0.0
2020-08-03 00:00:00+05:30,334.06800401933594,343.368980502329,321.2452723568798,338.9442443847656,2957,0.0,0.0
2020-08-04 00:00:00+05:30,346.032831795171,346.032831795171,326.4375383849715,332.89404296875,1577,0.0,0.0
2020-08-05 00:00:00+05:30,336.00947286851806,339.53120055422954,331.04292605190034,334.29376220703125,958,0.0,0.0
2020-08-06 00:00:00+05:30,334.1130942651345,337.7251277166495,323.7736374871216,332.12646484375,662,0.0,0.0
2020-08-07 00:00:00+05:30,330.32048392622994,344.497727783355,330.32048392622994,343.1883544921875,670,0.0,0.0
2020-08-10 00:00:00+05:30,347.6582329238086,359.7585399348257,342.1498761893341,352.2184143066406,3220,0.0,0.0
2020-08-11 00:00:00+05:30,357.5913238051409,361.2033573789302,340.4341643296417,352.7602233886719,2174,0.0,0.0
2020-08-12 00:00:00+05:30,370.368896484375,370.368896484375,370.368896484375,370.368896484375,45,0.0,0.0
2020-08-13 00:00:00+05:30,388.880615234375,388.880615234375,388.880615234375,388.880615234375,323,0.0,0.0
2020-08-14 00:00:00+05:30,408.29526190273134,408.29526190273134,386.487613520518,398.5879211425781,17783,0.0,0.0
2020-08-17 00:00:00+05:30,407.30191858260275,407.30191858260275,391.00262835439156,392.9892578125,1623,0.0,0.0
2020-08-18 00:00:00+05:30,390.09963796365827,405.45078112426523,380.16654533032437,396.73675537109375,1474,0.0,0.0
2020-08-19 00:00:00+05:30,401.4323905470443,401.4323905470443,394.47924210110364,395.5628356933594,842,0.0,0.0
2020-08-20 00:00:00+05:30,401.7936465194513,402.15484441100045,385.17826793186015,401.1615295410156,4180,0.0,0.0
2020-08-21 00:00:00+05:30,383.86890795751697,395.9692160022745,381.1147155761719,381.1147155761719,1924,0.0,0.0
2020-08-24 00:00:00+05:30,366.07961984420774,373.9809437757881,362.0612487792969,362.0612487792969,5286,0.0,0.0
2020-08-25 00:00:00+05:30,345.0395317990333,355.7853267659718,344.0462169995818,345.85223388671875,3904,0.0,0.0
2020-08-26 00:00:00+05:30,350.63816049000076,350.63816049000076,339.5311678828428,349.01275634765625,1754,0.0,0.0
2020-08-27 00:00:00+05:30,349.01276412929195,359.66825276141594,342.14989443307593,353.4375,1532,0.0,0.0
2020-08-28 00:00:00+05:30,353.43749757635635,369.3304516171281,350.4124137936386,358.53948974609375,1102,0.0,0.0
2020-08-31 00:00:00+05:30,373.8455162043066,376.4642353231968,344.0462359271517,345.03955078125,3522,0.0,0.0
2020-09-01 00:00:00+05:30,343.1432043402919,353.07629709751086,343.1432043402919,349.9609069824219,148,0.0,0.0
2020-09-02 00:00:00+05:30,343.5495682347313,354.97261936330966,334.11311911767984,350.0060729980469,2315,0.0,0.0
2020-09-03 00:00:00+05:30,354.88232704176744,354.88232704176744,342.9626042707471,347.7485656738281,460,0.0,0.0
2020-09-04 00:00:00+05:30,341.3371870606112,354.56625506876225,337.27364911941345,343.9107666015625,2163,0.0,0.0
2020-09-07 00:00:00+05:30,343.1432161458333,343.1432161458333,337.3639674906929,338.628173828125,351,0.0,0.0
2020-09-08 00:00:00+05:30,338.6281499198182,338.6281499198182,331.9007263183594,331.9007263183594,254,0.0,0.0
2020-09-09 00:00:00+05:30,329.5980807476655,329.9141392133332,315.3305584123256,317.4526062011719,1150,0.0,0.0
2020-09-10 00:00:00+05:30,328.28870174783896,333.3004150390625,326.3020997482513,333.3004150390625,715,0.0,0.0
2020-09-11 00:00:00+05:30,337.54453377037623,349.9608994496422,331.358948187173,347.0712890625,433,0.0,0.0
2020-09-14 00:00:00+05:30,360.2100589517516,360.2100589517516,343.1883444526778,347.4324951171875,957,0.0,0.0
2020-09-15 00:00:00+05:30,349.4642714374279,363.46090246399154,346.1682960943117,355.9207763671875,1842,0.0,0.0
2020-09-16 00:00:00+05:30,373.7100524902344,373.7100524902344,364.8154137474885,373.7100524902344,1133,0.0,0.0
2020-09-17 00:00:00+05:30,391.86052051387327,392.357164128959,383.7785840156676,386.9842529296875,2105,0.0,0.0
2020-09-18 00:00:00+05:30,397.27857320244084,397.27857320244084,386.8036698132447,391.5444641113281,1083,0.0,0.0
2020-09-21 00:00:00+05:30,392.8087023049203,392.8087023049203,371.99436714836787,375.8321533203125,2752,0.0,0.0
2020-09-22 00:00:00+05:30,372.4909807455062,381.83712359210136,357.0495309412573,373.80035400390625,1982,0.0,0.0
2020-09-23 00:00:00+05:30,376.5545378844686,376.5545378844686,361.6548978962342,365.8538818359375,519,0.0,0.0
2020-09-24 00:00:00+05:30,363.55122577996883,365.9893321831063,356.5529099402261,358.1783142089844,700,0.0,0.0
2020-09-25 00:00:00+05:30,358.13313091204094,368.06622314453125,358.13313091204094,368.06622314453125,304,0.0,0.0
2020-09-28 00:00:00+05:30,371.9491576561987,385.5845901253178,368.3371240250481,381.6113586425781,956,0.0,0.0
2020-09-29 00:00:00+05:30,373.48426791269287,377.6381119325488,365.8086967559958,374.74847412109375,302,0.0,0.0
2020-09-30 00:00:00+05:30,374.7485106567324,378.3605444943877,362.10639222493904,364.4993591308594,643,0.0,0.0
2020-10-01 00:00:00+05:30,382.42407612226856,382.42407612226856,361.2033776833705,363.0997009277344,352,0.0,0.0
2020-10-05 00:00:00+05:30,380.1214226803859,380.1214226803859,363.91240978240967,375.6515197753906,1547,0.0,0.0
2020-10-06 00:00:00+05:30,370.45924966251147,388.29366814108454,370.45924966251147,383.77862548828125,1044,0.0,0.0
2020-10-07 00:00:00+05:30,401.8387476681344,401.8387476681344,365.7184107990886,367.2986755371094,2775,0.0,0.0
2020-10-08 00:00:00+05:30,366.66657863514513,370.1883337182334,352.1733036983059,358.3589172363281,2365,0.0,0.0
2020-10-09 00:00:00+05:30,381.0695497901707,381.0695497901707,365.3572089359408,369.3755798339844,579,0.0,0.0
2020-10-12 00:00:00+05:30,370.2334540953546,370.2334540953546,338.9893570918792,345.44586181640625,622,0.0,0.0
2020-10-13 00:00:00+05:30,351.6766693592596,351.6766693592596,345.5361950594056,347.0261535644531,262,0.0,0.0
2020-10-14 00:00:00+05:30,344.2268256769774,358.855545756758,344.2268256769774,353.5278015136719,551,0.0,0.0
2020-10-15 00:00:00+05:30,353.12147577334133,353.12147577334133,343.6850531389601,344.2720031738281,428,0.0,0.0
2020-10-16 00:00:00+05:30,347.70340286562293,348.0194613439355,341.42751048830405,342.1047668457031,475,0.0,0.0
2020-10-19 00:00:00+05:30,344.04622715436926,347.658261035255,341.3823411441634,341.60809326171875,483,0.0,0.0
2020-10-20 00:00:00+05:30,346.9358713901846,346.9358713901846,334.65495046743234,336.9576110839844,427,0.0,0.0
2020-10-21 00:00:00+05:30,339.80208381212464,346.2586165626458,335.0612892389525,339.9826965332031,239,0.0,0.0
2020-10-22 00:00:00+05:30,334.9258539811315,337.273681640625,334.3840433585356,337.273681640625,481,0.0,0.0
2020-10-23 00:00:00+05:30,337.2736665302268,344.9492385931637,335.2870368555905,338.0412292480469,770,0.0,0.0
2020-10-26 00:00:00+05:30,340.43419648349914,340.43419648349914,335.0612850119668,336.00946044921875,1867,0.0,0.0
2020-10-27 00:00:00+05:30,329.82380985807146,337.2284895760885,326.07633060324264,331.5395202636719,4421,0.0,0.0
2020-10-28 00:00:00+05:30,333.7067398076071,334.8806672502616,322.37399552576153,329.4174499511719,2730,0.0,0.0
2020-10-29 00:00:00+05:30,325.9860640371312,326.43756828094996,320.16164826881663,323.27703857421875,1879,0.0,0.0
2020-10-30 00:00:00+05:30,317.85895549737273,335.64823192752175,317.85895549737273,328.3789978027344,2131,0.0,0.0
2020-11-02 00:00:00+05:30,333.8873874051041,333.8873874051041,324.1800461891342,325.8054504394531,424,0.0,0.0
2020-11-03 00:00:00+05:30,327.7469276217705,327.79206702117284,319.61985157992325,325.5345458984375,189,0.0,0.0
2020-11-04 00:00:00+05:30,316.05298302035925,333.6165098141153,316.05298302035925,325.5797119140625,3235,0.0,0.0
2020-11-05 00:00:00+05:30,324.1348858259372,328.6499279599793,320.5228521187035,323.1415710449219,3617,0.0,0.0
2020-11-06 00:00:00+05:30,351.27028850081575,352.1732969545454,320.56800107400926,336.64154052734375,1373,0.0,0.0
2020-11-09 00:00:00+05:30,334.15828609205545,339.5311977172836,329.6884105290271,339.395751953125,3737,0.0,0.0
2020-11-10 00:00:00+05:30,341.7887024010481,344.54286718334095,329.0562775926797,343.1883544921875,4223,0.0,0.0
2020-11-11 00:00:00+05:30,335.2870345935534,336.4609621416028,327.1148189459077,329.462646484375,1187,0.0,0.0
2020-11-12 00:00:00+05:30,327.43086812093793,338.89905885370507,326.25694060623744,335.6933898925781,175,0.0,0.0
2020-11-13 00:00:00+05:30,338.89907470212876,338.89907470212876,324.1800473630168,334.42919921875,1097,0.0,0.0
2020-11-14 00:00:00+05:30,320.56800086381713,345.85223755166754,320.56800086381713,338.6733093261719,675,0.0,0.0
2020-11-17 00:00:00+05:30,343.14320205778887,343.14320205778887,339.53116835191736,342.9174499511719,235,0.0,0.0
2020-11-18 00:00:00+05:30,343.143235076732,361.20340534392847,329.8689989072895,350.9994201660156,5107,0.0,0.0
2020-11-19 00:00:00+05:30,348.2903648856395,353.7084155031545,336.82214672218066,339.305419921875,2591,0.0,0.0
2020-11-20 00:00:00+05:30,361.15823728213246,361.15823728213246,334.5194882518965,338.2669677734375,3617,0.0,0.0
2020-11-23 00:00:00+05:30,348.56127436915307,348.56127436915307,335.19675984644556,339.0345458984375,4370,0.0,0.0
2020-11-24 00:00:00+05:30,347.4325063476562,347.65825846354164,336.82215690104164,338.628173828125,548,0.0,0.0
2020-11-25 00:00:00+05:30,338.4927122785564,342.73683532462405,327.29541336454906,329.7786865234375,904,0.0,0.0
2020-11-26 00:00:00+05:30,330.72681293992395,333.2100859381077,324.4508937941901,328.06292724609375,510,0.0,0.0
2020-11-27 00:00:00+05:30,330.18499755859375,333.21008104163553,320.56796414574694,330.18499755859375,642,0.0,0.0
2020-12-01 00:00:00+05:30,334.97098590152285,343.1432011155652,313.298783725803,329.7335205078125,3740,0.0,0.0
2020-12-02 00:00:00+05:30,342.60141908081795,342.64658604035685,323.2770427096977,330.8171691894531,2167,0.0,0.0
2020-12-03 00:00:00+05:30,333.97767826353964,343.09806905232773,323.8188332764904,332.1716613769531,624,0.0,0.0
2020-12-04 00:00:00+05:30,336.37068280078944,341.56298193127145,336.37068280078944,337.09307861328125,1766,0.0,0.0
2020-12-07 00:00:00+05:30,342.51107137153724,343.59469246280275,332.53283968311985,335.51275634765625,694,0.0,0.0
2020-12-08 00:00:00+05:30,340.65994591416313,343.6398628474173,336.28034931533745,337.5445556640625,782,0.0,0.0
2020-12-09 00:00:00+05:30,341.6080878225583,341.6080878225583,332.3071117504223,334.1131286621094,1630,0.0,0.0
2020-12-10 00:00:00+05:30,347.65828960618506,347.65828960618506,336.37068280078944,337.09307861328125,1584,0.0,0.0
2020-12-11 00:00:00+05:30,343.1432108889728,346.2586010635172,334.47432426025154,337.183349609375,892,0.0,0.0
2020-12-14 00:00:00+05:30,337.63486468789097,341.3372049622352,335.0612850119668,336.00946044921875,591,0.0,0.0
2020-12-15 00:00:00+05:30,336.8221441013034,341.0662947417178,335.9191356720774,336.32550048828125,831,0.0,0.0
2020-12-16 00:00:00+05:30,345.8522579432607,345.8522579432607,331.67501337005314,335.33221435546875,933,0.0,0.0
2020-12-17 00:00:00+05:30,338.357267728465,338.357267728465,331.9459024021313,333.3004150390625,1406,0.0,0.0
2020-12-18 00:00:00+05:30,333.2101343926463,335.28704290645817,329.59810041549025,329.8238525390625,861,0.0,0.0
2020-12-21 00:00:00+05:30,334.113116543731,334.113116543731,321.47099862045474,321.651611328125,626,0.0,0.0
2020-12-22 00:00:00+05:30,320.2971134106723,328.4693289920967,308.8288948874146,319.34893798828125,1676,0.0,0.0
2020-12-23 00:00:00+05:30,332.3071340316655,334.1131510644463,320.34227118949275,322.59979248046875,1287,0.0,0.0
2020-12-24 00:00:00+05:30,328.33385893520557,334.11310716931104,327.3405441861493,327.8823547363281,381,0.0,0.0
2020-12-28 00:00:00+05:30,335.01614228746655,337.36396982041447,322.5094694695214,335.5579528808594,1621,0.0,0.0
2020-12-29 00:00:00+05:30,337.7251494568129,337.7251494568129,330.04957787824895,331.8104553222656,1224,0.0,0.0
2020-12-30 00:00:00+05:30,333.66157974273796,335.46759641252277,324.9926942162455,326.7084045410156,1500,0.0,0.0
2020-12-31 00:00:00+05:30,328.4241748276075,331.5847043115666,325.2636453436483,329.7335205078125,875,0.0,0.0
2021-01-01 00:00:00+05:30,333.8422174942605,333.8422174942605,322.41913915424084,330.9074401855469,558,0.0,0.0
2021-01-04 00:00:00+05:30,330.5462078393037,342.2401774315876,323.00610988130717,336.0997314453125,3972,0.0,0.0
2021-01-05 00:00:00+05:30,333.16494990006083,335.60305597008573,330.23017269081765,332.5779724121094,1505,0.0,0.0
2021-01-06 00:00:00+05:30,336.1900030150346,336.1900030150346,328.19840103686363,329.5980529785156,1691,0.0,0.0
2021-01-07 00:00:00+05:30,333.30041385542603,333.30041385542603,328.64992599667005,329.7786865234375,3740,0.0,0.0
2021-01-08 00:00:00+05:30,329.0562735620046,343.1432108889728,327.5211757320798,337.183349609375,3425,0.0,0.0
2021-01-11 00:00:00+05:30,344.67837697710513,344.67837697710513,321.832243967184,325.8957824707031,3432,0.0,0.0
2021-01-12 00:00:00+05:30,329.282007086351,332.4877034364297,308.8288723665813,310.09307861328125,5082,0.0,0.0
2021-01-13 00:00:00+05:30,318.6265409748594,318.6265409748594,314.24694442749023,317.8589782714844,1087,0.0,0.0
2021-01-14 00:00:00+05:30,321.06465705472044,340.61481287633956,312.44093701282395,334.42919921875,5092,0.0,0.0
2021-01-15 00:00:00+05:30,339.53117356743536,339.7117862785554,317.1365752700823,323.05126953125,1645,0.0,0.0
2021-01-18 00:00:00+05:30,320.2519434380749,333.2101202943826,317.67836382671396,320.43255615234375,1766,0.0,0.0
2021-01-19 00:00:00+05:30,325.08304444821465,327.114813476016,313.61482602379465,326.4826965332031,2095,0.0,0.0
2021-01-20 00:00:00+05:30,337.2736588530453,337.2736588530453,321.7419023620614,324.450927734375,4666,0.0,0.0
2021-01-21 00:00:00+05:30,324.18003178677975,326.8890571220453,317.9944184263972,320.4776916503906,2143,0.0,0.0
2021-01-22 00:00:00+05:30,319.66500733383253,324.3154955730666,315.05965849631013,318.175048828125,560,0.0,0.0
2021-01-25 00:00:00+05:30,308.1064762898645,330.7268256271107,307.47435938848105,318.22015380859375,927,0.0,0.0
2021-01-27 00:00:00+05:30,320.5680095362448,326.88906887921297,320.5680095362448,324.8572998046875,295,0.0,0.0
2021-01-28 00:00:00+05:30,317.7686545956916,326.8439056687109,310.589754256577,323.728515625,4194,0.0,0.0
2021-01-29 00:00:00+05:30,352.1732827491132,352.1732827491132,335.964270635429,336.8672790527344,7231,0.0,0.0
2021-02-01 00:00:00+05:30,343.14318608990885,379.263521467794,335.82881266436135,372.1297607421875,6259,0.0,0.0
2021-02-02 00:00:00+05:30,372.2200649866106,440.8487018163789,372.0394522876913,431.5476989746094,36293,0.0,0.0
2021-02-03 00:00:00+05:30,445.09286202254265,445.09286202254265,410.86884708460406,415.2484436035156,4846,0.0,0.0
2021-02-04 00:00:00+05:30,419.898934272949,419.898934272949,394.56955797050426,400.98089599609375,4647,0.0,0.0
2021-02-05 00:00:00+05:30,405.4507964284758,415.33875003703344,397.775224558449,401.56787109375,1671,0.0,0.0
2021-02-08 00:00:00+05:30,446.0861735470868,446.0861735470868,392.8086750870096,407.16650390625,1754,0.0,0.0
2021-02-09 00:00:00+05:30,404.86384230898085,434.0310040941315,400.6196915893789,422.92401123046875,1410,0.0,0.0
2021-02-10 00:00:00+05:30,421.84040501935976,449.69822207937773,418.0929253468913,437.3721618652344,1565,0.0,0.0
2021-02-11 00:00:00+05:30,434.43736230976725,443.3771402783962,425.76847584778784,435.7015686035156,1449,0.0,0.0
2021-02-12 00:00:00+05:30,437.95909728298506,448.3888338344038,437.1463951913057,442.1580810546875,1621,0.0,0.0
2021-02-15 00:00:00+05:30,415.5193297251765,448.79519637648855,415.5193297251765,445.2283020019531,2532,0.0,0.0
2021-02-16 00:00:00+05:30,446.08616939532715,446.5376736153629,420.71162671779155,432.08953857421875,3152,0.0,0.0
2021-02-17 00:00:00+05:30,426.9423528815362,433.1279658227287,424.4139404296875,424.4139404296875,522,0.0,0.0
2021-02-18 00:00:00+05:30,428.0260043209546,437.0560888002997,422.15644940938034,428.4775085449219,1332,0.0,0.0
2021-02-19 00:00:00+05:30,422.6079532417217,426.7166306529639,411.4106540092364,413.2618103027344,1149,0.0,0.0
2021-02-22 00:00:00+05:30,418.7701708409795,418.7701708409795,413.57787222677865,417.28021240234375,758,0.0,0.0
2021-02-23 00:00:00+05:30,420.3955647970857,429.3353703264235,415.2935726641401,428.0711364746094,732,0.0,0.0
2021-02-24 00:00:00+05:30,425.63303566859724,427.0326877340004,408.7016273405075,417.3705139160156,4723,0.0,0.0
2021-02-25 00:00:00+05:30,416.2868826838167,441.7517312159439,416.2868826838167,435.7918701171875,671,0.0,0.0
2021-02-26 00:00:00+05:30,428.5678171822486,442.4741418429287,417.7768551489452,425.40728759765625,1613,0.0,0.0
2021-03-01 00:00:00+05:30,431.638005324069,441.25503905250423,428.567782345842,431.5476989746094,422,0.0,0.0
2021-03-02 00:00:00+05:30,435.0243134093826,447.89218360364043,429.87715430862727,439.2232971191406,839,0.0,0.0
2021-03-03 00:00:00+05:30,446.4022258020896,479.8135103730135,441.6162645572049,465.6363220214844,2340,0.0,0.0
2021-03-04 00:00:00+05:30,466.8553592262826,493.0426037476795,466.8553592262826,478.8202209472656,1543,0.0,0.0
2021-03-05 00:00:00+05:30,470.1061430421614,473.7181765810647,442.47410851565434,456.38043212890625,2590,0.0,0.0
2021-03-08 00:00:00+05:30,455.11627529964693,475.7951916004388,452.54269561231894,455.5677795410156,1919,0.0,0.0
2021-03-09 00:00:00+05:30,467.21655588268976,467.21655588268976,442.7449958190021,455.9740905761719,1637,0.0,0.0
2021-03-10 00:00:00+05:30,456.0193009936773,456.0193009936773,442.47417324138985,446.176513671875,2023,0.0,0.0
2021-03-12 00:00:00+05:30,436.514250934504,451.5041957447557,429.5611028546122,432.4958801269531,3228,0.0,0.0
2021-03-15 00:00:00+05:30,432.9474153276614,434.7082652825894,421.0276926833328,428.432373046875,1384,0.0,0.0
2021-03-16 00:00:00+05:30,426.4909039037777,433.1731888557879,407.75347751222205,429.0644836425781,7808,0.0,0.0
2021-03-17 00:00:00+05:30,431.9992576833492,431.9992576833492,413.577889931549,417.4608154296875,216,0.0,0.0
2021-03-18 00:00:00+05:30,425.27184785724813,425.27184785724813,410.3270412183993,411.59124755859375,532,0.0,0.0
2021-03-19 00:00:00+05:30,417.23503688622833,438.95240630949445,411.2752032539402,415.3838806152344,2469,0.0,0.0
2021-03-22 00:00:00+05:30,412.22334457422517,417.9574535644945,411.1397234449539,412.4490966796875,430,0.0,0.0
2021-03-23 00:00:00+05:30,416.24172544528346,420.2600962177436,408.1597893889767,412.719970703125,454,0.0,0.0
2021-03-24 00:00:00+05:30,410.8688347391107,415.3838768791009,408.74675942178925,413.3972473144531,5261,0.0,0.0
2021-03-25 00:00:00+05:30,407.0310265005451,412.58452251531634,392.67319879774215,395.5176696777344,2724,0.0,0.0
2021-03-26 00:00:00+05:30,400.0327115690327,411.1848705520653,395.5176696777344,395.5176696777344,309,0.0,0.0
2021-03-30 00:00:00+05:30,397.4139927836054,398.54275325643,393.5310402225116,395.5176696777344,1759,0.0,0.0
2021-03-31 00:00:00+05:30,401.8387743058068,429.29022663449734,383.7334652730586,421.6146545410156,1500,0.0,0.0
2021-04-01 00:00:00+05:30,427.57447954703696,493.0425888757808,427.12297534476977,485.6379089355469,12412,0.0,0.0
2021-04-05 00:00:00+05:30,486.72155841383113,486.72155841383113,446.6731278268811,449.6982116699219,4423,0.0,0.0
2021-04-06 00:00:00+05:30,454.21328180692524,533.6780309103237,452.13637325113956,519.0944213867188,10663,0.0,0.0
2021-04-07 00:00:00+05:30,531.8719745166799,537.3803039893388,501.1245479636831,506.5877380371094,4606,0.0,0.0
2021-04-08 00:00:00+05:30,517.1981439827098,545.1462694645409,515.3469874891076,521.3971557617188,1640,0.0,0.0
2021-04-09 00:00:00+05:30,527.2214348371823,561.6712275094696,527.2214348371823,558.7364501953125,3462,0.0,0.0
2021-04-12 00:00:00+05:30,548.3969782138075,553.3635243043768,510.1997347584807,525.0090942382812,3644,0.0,0.0
2021-04-13 00:00:00+05:30,533.6780082291014,548.4873692514457,510.1997879009175,539.7733154296875,1660,0.0,0.0
2021-04-15 00:00:00+05:30,530.8334526261125,538.1929929482698,516.7014045884877,526.4990234375,843,0.0,0.0
2021-04-16 00:00:00+05:30,535.9355234938299,578.286642510214,535.9355234938299,565.2381591796875,5273,0.0,0.0
2021-04-19 00:00:00+05:30,541.8050422177882,558.9622018880182,523.7448741438619,547.5391235351562,3341,0.0,0.0
2021-04-20 00:00:00+05:30,559.865217435836,568.5792706888042,553.3635458232067,559.6394653320312,861,0.0,0.0
2021-04-22 00:00:00+05:30,559.639525658329,566.1863373743805,557.2465310539419,563.7030639648438,1164,0.0,0.0
2021-04-23 00:00:00+05:30,561.1746487856249,576.0291497776125,558.059258407385,560.72314453125,1180,0.0,0.0
2021-04-26 00:00:00+05:30,572.1461916385229,572.50741710236,537.2900838736659,554.8084716796875,8503,0.0,0.0
2021-04-27 00:00:00+05:30,554.4471936805774,564.4705655267434,548.5324992987312,552.05419921875,1117,0.0,0.0
2021-04-28 00:00:00+05:30,553.5441797674433,559.8652389165005,553.5441797674433,553.7247924804688,62,0.0,0.0
2021-04-29 00:00:00+05:30,553.5442426752335,554.4021118231508,535.9355759017146,553.634521484375,1037,0.0,0.0
2021-04-30 00:00:00+05:30,541.8953164326069,552.8217510941506,525.7314992121954,544.6495361328125,2162,0.0,0.0
2021-05-03 00:00:00+05:30,533.181377639917,563.4773016663953,521.8937714366638,557.2465209960938,2021,0.0,0.0
2021-05-04 00:00:00+05:30,559.8652461177613,573.4103730399652,554.8986995796199,566.7280883789062,956,0.0,0.0
2021-05-05 00:00:00+05:30,566.9538012466662,573.4103333453991,559.8652073608621,567.9471435546875,1804,0.0,0.0
2021-05-06 00:00:00+05:30,564.4705834512433,595.9856017089271,562.4388143545084,578.1511840820312,1752,0.0,0.0
2021-05-07 00:00:00+05:30,576.4806165810238,611.3367207082397,576.4806165810238,584.65283203125,3378,0.0,0.0
2021-05-10 00:00:00+05:30,595.9856305052041,597.7916475673411,579.7766163494714,588.8067016601562,529,0.0,0.0
2021-05-11 00:00:00+05:30,574.4036343720275,586.0524650453817,567.0892882103232,573.320068359375,1506,0.0,0.0
2021-05-12 00:00:00+05:30,573.3200963854428,573.4103751858236,555.5308186046568,557.6077270507812,918,0.0,0.0
2021-05-14 00:00:00+05:30,546.3201078100292,586.0524792871222,546.3201078100292,548.6679077148438,1082,0.0,0.0
2021-05-17 00:00:00+05:30,465.0944953548655,567.4053426419151,465.0944953548655,559.6846313476562,1603,0.0,0.0
2021-05-18 00:00:00+05:30,566.4120590085196,566.4120590085196,548.5776418456368,558.1043701171875,603,0.0,0.0
2021-05-19 00:00:00+05:30,555.1244358183745,563.0257596303481,543.7916909739674,558.375244140625,286,0.0,0.0
2021-05-20 00:00:00+05:30,564.3802531186774,584.8334155378019,559.8652110937279,569.9337768554688,479,0.0,0.0
2021-05-21 00:00:00+05:30,568.8953802026558,568.8953802026558,560.3619384765625,560.3619384765625,436,0.0,0.0
2021-05-24 00:00:00+05:30,560.3167164553075,584.69794344047,555.3953096148804,582.0340576171875,2619,0.0,0.0
2021-05-25 00:00:00+05:30,577.9253296191755,577.9253296191755,564.0641738376922,573.2296752929688,959,0.0,0.0
2021-05-26 00:00:00+05:30,575.2163463112098,607.3182836576456,575.2163463112098,589.3484497070312,1878,0.0,0.0
2021-05-27 00:00:00+05:30,582.4404129938395,582.4404129938395,485.1863981267001,506.091064453125,20966,0.0,0.0
2021-05-28 00:00:00+05:30,509.38704992562475,513.8118134229999,496.6546526935851,502.9305725097656,6282,0.0,0.0
2021-05-31 00:00:00+05:30,505.6847286838101,516.5208300127489,496.6546442430278,505.54925537109375,1135,0.0,0.0
2021-06-01 00:00:00+05:30,508.3937239726189,508.3937239726189,487.6245309861709,489.2950744628906,1994,0.0,0.0
2021-06-02 00:00:00+05:30,488.8887522769431,495.43556294220645,483.290089374632,486.4957580566406,3718,0.0,0.0
2021-06-03 00:00:00+05:30,492.1395637749189,498.9121265791609,485.3670009706769,486.947265625,1902,0.0,0.0
2021-06-04 00:00:00+05:30,491.2365529264697,496.65460314257047,488.97903200309435,491.5977783203125,1178,0.0,0.0
2021-06-07 00:00:00+05:30,495.7516311908521,503.11117198778607,485.276755383015,487.89544677734375,4942,0.0,0.0
2021-06-08 00:00:00+05:30,489.38540627935083,501.6211588981903,488.52753728878656,495.480712890625,5128,0.0,0.0
2021-06-09 00:00:00+05:30,503.8787352897217,516.5659934975301,492.00415165031893,506.67803955078125,12016,0.0,0.0
2021-06-10 00:00:00+05:30,502.1629179420404,516.2950205686396,501.12449141582164,504.5107727050781,4295,0.0,0.0
2021-06-11 00:00:00+05:30,505.9104953283301,512.9539503714283,500.62791782482225,509.92889404296875,3232,0.0,0.0
2021-06-14 00:00:00+05:30,510.19980668061555,511.28342791254784,496.564400264992,499.4088439941406,2854,0.0,0.0
2021-06-15 00:00:00+05:30,500.4923851733227,505.6846832603711,498.46061635665154,501.30511474609375,1683,0.0,0.0
2021-06-16 00:00:00+05:30,500.5376024819144,501.21485885955957,497.06104178944184,497.96405029296875,894,0.0,0.0
2021-06-17 00:00:00+05:30,499.36365405388545,503.42719192593336,492.1395867258003,494.6679992675781,982,0.0,0.0
2021-06-18 00:00:00+05:30,493.44893240025283,496.15795749702585,479.99408570684426,493.5843505859375,1873,0.0,0.0
2021-06-21 00:00:00+05:30,488.5727066178389,495.3904093332373,483.1997953638222,491.9138488769531,1567,0.0,0.0
2021-06-22 00:00:00+05:30,488.52757418789906,501.16969255875046,488.52757418789906,494.35198974609375,4607,0.0,0.0
2021-06-23 00:00:00+05:30,495.30010931808107,523.7448740282352,489.9271982942224,505.4589538574219,10253,0.0,0.0
2021-06-24 00:00:00+05:30,510.15462511709416,515.211450294508,502.6144716342988,506.1813659667969,3114,0.0,0.0
2021-06-25 00:00:00+05:30,510.24489641212733,522.8418748871229,507.08436694389775,515.4371948242188,1741,0.0,0.0
2021-06-28 00:00:00+05:30,510.15464979162624,519.5910993935471,502.93058198005247,511.91552734375,3336,0.0,0.0
2021-06-29 00:00:00+05:30,507.1295307527533,521.0358831284567,507.1295307527533,519.1395874023438,3338,0.0,0.0
2021-06-30 00:00:00+05:30,522.8418916257376,559.865238010289,517.4238409353155,534.49072265625,10094,0.0,0.0
2021-07-01 00:00:00+05:30,541.8050175234824,550.8351011488737,522.8869813052362,529.7498779296875,2269,0.0,0.0
2021-07-02 00:00:00+05:30,533.4070765755774,549.0291109800838,524.6478840122184,538.4187622070312,1829,0.0,0.0
2021-07-05 00:00:00+05:30,542.6177888101294,559.7297545035394,535.438860753005,551.331787109375,2759,0.0,0.0
2021-07-06 00:00:00+05:30,558.9622448738579,562.2130533310577,534.6261554996737,536.7030639648438,1723,0.0,0.0
2021-07-07 00:00:00+05:30,536.3419044603729,544.3335075627145,532.729870494973,539.0960693359375,996,0.0,0.0
2021-07-08 00:00:00+05:30,538.5090727960041,552.0541996889892,532.7298517241547,547.9906616210938,7390,0.0,0.0
2021-07-09 00:00:00+05:30,551.0609705265044,600.3652155688808,543.7466232792652,567.3151245117188,27445,0.0,0.0
2021-07-12 00:00:00+05:30,586.8652123587384,617.6577783872003,564.7415053843431,593.2765502929688,18358,0.0,0.0
2021-07-13 00:00:00+05:30,599.4620894586068,599.868454251602,578.2865870948582,581.8986206054688,2681,0.0,0.0
2021-07-14 00:00:00+05:30,595.9855523863307,595.9855523863307,575.2163588940798,584.0206909179688,2844,0.0,0.0
2021-07-15 00:00:00+05:30,591.4705261685158,599.9588275214661,577.0223911781399,592.8701782226562,4703,0.0,0.0
2021-07-16 00:00:00+05:30,592.3734889614307,605.0156061039002,569.0758841076453,572.8685302734375,3398,0.0,0.0
2021-07-19 00:00:00+05:30,577.2481867078252,586.7297760084622,558.4204814283809,566.276611328125,2644,0.0,0.0
2021-07-20 00:00:00+05:30,572.1010305157304,574.1327996633308,541.8051060267858,553.0927124023438,3176,0.0,0.0
2021-07-22 00:00:00+05:30,559.8200307993063,618.5607122295909,550.6544741121381,573.6360473632812,2341,0.0,0.0
2021-07-23 00:00:00+05:30,577.9253824782987,582.2598118238341,566.7732506593916,572.4170532226562,1783,0.0,0.0
2021-07-26 00:00:00+05:30,565.2832203676026,615.3550438018094,565.0574682827912,610.7045288085938,9910,0.0,0.0
2021-07-27 00:00:00+05:30,618.5607465550254,641.135956283311,589.1226951154442,615.2196044921875,8166,0.0,0.0
2021-07-28 00:00:00+05:30,619.8701418442465,626.2814795895773,586.9554738637576,593.5474243164062,6373,0.0,0.0
2021-07-29 00:00:00+05:30,634.9051935939957,676.0372709281413,632.5573937645992,642.4002075195312,26921,0.0,0.0
2021-07-30 00:00:00+05:30,648.3148766170966,678.1592925149772,642.4001827586926,662.0857543945312,18584,0.0,0.0
2021-08-02 00:00:00+05:30,659.1961399062276,686.1057795259231,659.1961399062276,674.9085083007812,8443,0.0,0.0
2021-08-03 00:00:00+05:30,681.7714583478742,681.7714583478742,646.1026204607999,648.3150024414062,5376,0.0,0.0
2021-08-04 00:00:00+05:30,654.7263390657981,656.532356168312,632.9638550266129,635.1310424804688,4023,0.0,0.0
2021-08-05 00:00:00+05:30,637.5239610805136,641.1359948543409,616.6192935683837,618.1544189453125,2274,0.0,0.0
2021-08-06 00:00:00+05:30,618.8767636397081,633.0088666604704,617.2513595985813,625.6041870117188,1205,0.0,0.0
2021-08-09 00:00:00+05:30,624.5206287579933,633.6410472712246,607.2731892217411,609.35009765625,2498,0.0,0.0
2021-08-10 00:00:00+05:30,609.5306324044059,641.497149838828,609.214601530002,613.1878051757812,4861,0.0,0.0
2021-08-11 00:00:00+05:30,617.7932375464086,632.1058990721524,578.0608667475875,623.391845703125,10603,0.0,0.0
2021-08-12 00:00:00+05:30,633.6411114400556,639.0140233430881,622.8501482294814,635.1310424804688,1677,0.0,0.0
2021-08-13 00:00:00+05:30,637.4788370196195,645.2446877740958,615.5808817389102,631.0674438476562,3674,0.0,0.0
2021-08-16 00:00:00+05:30,628.4487321705512,656.6226064018828,607.2731733194814,635.9888305664062,1971,0.0,0.0
2021-08-17 00:00:00+05:30,628.4487137743404,644.748004546907,623.030663315963,624.159423828125,1507,0.0,0.0
2021-08-18 00:00:00+05:30,627.5908528626253,721.4134498906383,627.003875342621,699.109130859375,19781,0.0,0.0
2021-08-20 00:00:00+05:30,678.3399340243757,726.9217758467327,677.0757001941905,704.2562866210938,14350,0.0,0.0
2021-08-23 00:00:00+05:30,691.7496307262423,706.0171535973726,639.5557519338662,689.266357421875,10319,0.0,0.0
2021-08-24 00:00:00+05:30,683.7580929590739,697.3935001750292,664.2982695054752,683.6226196289062,5552,0.0,0.0
2021-08-25 00:00:00+05:30,681.7713794992582,713.3766752376343,673.0121865144273,689.1309204101562,2981,0.0,0.0
2021-08-26 00:00:00+05:30,693.3750036080082,693.3750036080082,670.3934830679356,675.13427734375,1107,0.0,0.0
2021-08-27 00:00:00+05:30,672.2445867681307,685.1124559391528,661.9502693852105,664.2529296875,1063,0.0,0.0
2021-08-30 00:00:00+05:30,669.6710435083045,675.4503196260761,657.3901506521169,658.6995239257812,903,0.0,0.0
2021-08-31 00:00:00+05:30,661.2730621980232,662.2212100263737,640.2329768042365,642.1292724609375,2164,0.0,0.0
2021-09-01 00:00:00+05:30,642.4002480362763,655.7647623782145,635.62768450672,643.7547607421875,3139,0.0,0.0
2021-09-02 00:00:00+05:30,642.4002148526331,649.2630568286397,629.2162587936325,635.1761474609375,3252,0.0,0.0
2021-09-03 00:00:00+05:30,642.4002692086923,658.2931967690827,630.1193205345135,638.3367309570312,855,0.0,0.0
2021-09-06 00:00:00+05:30,638.246348609733,645.6510287739692,623.1660967747574,625.8751220703125,2448,0.0,0.0
2021-09-07 00:00:00+05:30,628.0875467705503,644.7480645023832,624.2497606723217,633.7764892578125,1626,0.0,0.0
2021-09-08 00:00:00+05:30,635.5373231704256,648.7212793416348,627.5457205964499,633.5055541992188,1398,0.0,0.0
2021-09-09 00:00:00+05:30,632.1059383750879,651.5657601691539,627.8166480789713,647.6376953125,2325,0.0,0.0
2021-09-13 00:00:00+05:30,653.5072251553948,657.9771279982,622.6243251958687,627.771484375,4053,0.0,0.0
2021-09-14 00:00:00+05:30,617.657725472363,634.3633803279752,616.9804691944328,620.54736328125,1501,0.0,0.0
2021-09-15 00:00:00+05:30,622.2179602345765,629.803253245871,610.4337110081374,624.20458984375,1174,0.0,0.0
2021-09-16 00:00:00+05:30,629.5774071603212,659.1960688184272,621.7212238102563,651.7011108398438,2881,0.0,0.0
2021-09-17 00:00:00+05:30,662.717903898891,662.808182695116,619.0574135636465,628.0423583984375,5089,0.0,0.0
2021-09-20 00:00:00+05:30,629.3968645621037,629.3968645621037,606.0089245932473,623.0758056640625,1436,0.0,0.0
2021-09-21 00:00:00+05:30,621.0891755798874,627.0490641762013,609.5306789139053,615.9420166015625,3652,0.0,0.0
2021-09-22 00:00:00+05:30,624.2496680557439,654.1844172267735,609.5757822101914,652.6492919921875,9611,0.0,0.0
2021-09-23 00:00:00+05:30,652.8750830610361,657.0740942305615,633.099176756237,634.769775390625,2028,0.0,0.0
2021-09-24 00:00:00+05:30,639.375110433384,643.4386483848759,611.0206786854624,617.2514038085938,4817,0.0,0.0
2021-09-27 00:00:00+05:30,625.4688088090916,627.7714692741586,607.9504232847488,610.794921875,670,0.0,0.0
2021-09-28 00:00:00+05:30,617.0708334137893,618.5608194776149,603.1193962491701,609.9822387695312,3531,0.0,0.0
2021-09-29 00:00:00+05:30,600.0942331079566,620.2313098045969,593.7280347846485,618.42529296875,7430,0.0,0.0
2021-09-30 00:00:00+05:30,617.8383927487764,619.1477660248283,595.7598251148004,600.816650390625,7985,0.0,0.0
2021-10-01 00:00:00+05:30,605.7380926070438,614.768177634326,604.6544713807168,607.40869140625,1721,0.0,0.0
2021-10-04 00:00:00+05:30,609.5306695362256,622.1727871266065,606.4604189324581,612.05908203125,1965,0.0,0.0
2021-10-05 00:00:00+05:30,610.4788414557398,614.1360145944199,607.6795373533578,612.6912231445312,1105,0.0,0.0
2021-10-06 00:00:00+05:30,610.4788193479823,617.3868556716369,601.9002395261869,602.4420776367188,2779,0.0,0.0
2021-10-07 00:00:00+05:30,605.7831852084278,608.4922105073226,594.9470840128484,601.0875854492188,606,0.0,0.0
2021-10-08 00:00:00+05:30,606.5508476657792,616.7999725541594,603.5257359859993,608.4471435546875,355,0.0,0.0
2021-10-11 00:00:00+05:30,617.4320533452401,639.3300091677221,613.4136545527009,630.8869018554688,1364,0.0,0.0
2021-10-12 00:00:00+05:30,635.9887907648908,637.1175512394542,612.2848207990617,621.947021484375,2320,0.0,0.0
2021-10-13 00:00:00+05:30,627.5908216368724,628.2680779192144,607.724637354842,614.4069213867188,7353,0.0,0.0
2021-10-14 00:00:00+05:30,622.7598309691051,629.9387044161348,622.6243576486739,625.6494140625,2980,0.0,0.0
2021-10-18 00:00:00+05:30,617.6577836822752,631.564135945788,609.7113202953802,617.5675048828125,5370,0.0,0.0
2021-10-19 00:00:00+05:30,616.7547928736863,672.7413187275201,594.4504723572513,625.8300170898438,16111,0.0,0.0
2021-10-20 00:00:00+05:30,654.6811778712117,665.6075589316455,628.7648222896705,632.0156860351562,10242,0.0,0.0
2021-10-21 00:00:00+05:30,636.6209508195708,646.8249351784492,624.9721198861295,642.0390014648438,3065,0.0,0.0
2021-10-22 00:00:00+05:30,641.1359846880299,642.038993117168,620.9537683428983,625.9654541015625,3367,0.0,0.0
2021-10-25 00:00:00+05:30,632.5122516618129,641.135970952274,606.3701471752845,631.7898559570312,6281,0.0,0.0
2021-10-26 00:00:00+05:30,631.293176218133,650.166074596268,626.6878552358472,646.6895141601562,2345,0.0,0.0
2021-10-27 00:00:00+05:30,655.1325953001842,667.3232087206563,642.8517030856641,658.74462890625,3314,0.0,0.0
2021-10-28 00:00:00+05:30,659.1961514439071,659.1961514439071,628.5390043365802,635.0858154296875,5988,0.0,0.0
2021-10-29 00:00:00+05:30,633.821654155702,639.2397048647169,625.8751356902706,634.81494140625,779,0.0,0.0
2021-11-01 00:00:00+05:30,649.2630945249285,649.2630945249285,632.1962122750385,634.5440673828125,1404,0.0,0.0
2021-11-02 00:00:00+05:30,633.0992093986398,640.6845025104071,632.1962009384418,636.214599609375,2404,0.0,0.0
2021-11-03 00:00:00+05:30,640.6845148120824,673.9152157623696,638.9687766586578,646.147705078125,4358,0.0,0.0
2021-11-04 00:00:00+05:30,667.1426943291735,667.1426943291735,641.406951093469,650.572509765625,1247,0.0,0.0
2021-11-08 00:00:00+05:30,650.1661455066545,653.7781796483582,642.9420772232472,650.0758666992188,1487,0.0,0.0
2021-11-09 00:00:00+05:30,651.2948237029641,658.1576656570577,649.2179153575353,655.990478515625,2776,0.0,0.0
2021-11-10 00:00:00+05:30,651.9720521318103,657.4352418226057,650.1660353669023,653.3717041015625,3728,0.0,0.0
2021-11-11 00:00:00+05:30,650.1660640143195,656.0807581569533,650.1660640143195,651.4302978515625,1416,0.0,0.0
2021-11-12 00:00:00+05:30,650.8884626972118,651.6560529287741,643.5289770915343,650.3466796875,399,0.0,0.0
2021-11-15 00:00:00+05:30,646.5540801630434,654.1845129422105,645.9671025972366,649.037353515625,1597,0.0,0.0
2021-11-16 00:00:00+05:30,649.4888237218697,658.1576827431686,639.6912041449194,645.0189208984375,2406,0.0,0.0
2021-11-17 00:00:00+05:30,646.4185508680837,647.8633973990858,640.9553609885292,642.4002075195312,1722,0.0,0.0
2021-11-18 00:00:00+05:30,644.2062679425143,645.6510594560309,633.0089408093394,635.537353515625,2445,0.0,0.0
2021-11-22 00:00:00+05:30,637.8852004393525,643.4386694187772,621.9470790180482,627.09423828125,3548,0.0,0.0
2021-11-23 00:00:00+05:30,626.7781197166377,647.7279259981475,623.7982029658573,634.679443359375,4309,0.0,0.0
2021-11-24 00:00:00+05:30,648.3600832624036,656.5322989155693,636.89186463847,647.7279663085938,3029,0.0,0.0
2021-11-25 00:00:00+05:30,645.1092801188788,652.6042394793703,640.2330122810698,644.6577758789062,837,0.0,0.0
2021-11-26 00:00:00+05:30,632.2865339100289,643.1226354162325,627.5908789009549,628.1778564453125,1777,0.0,0.0
2021-11-29 00:00:00+05:30,627.6359634796523,628.1778015767927,609.0340128982383,613.8199462890625,4065,0.0,0.0
2021-11-30 00:00:00+05:30,620.7280472261773,622.7146217772546,610.5692018911819,612.7363891601562,1184,0.0,0.0
2021-12-01 00:00:00+05:30,619.2831837537188,619.7798273779794,612.2397288694239,619.6444091796875,178,0.0,0.0
2021-12-02 00:00:00+05:30,619.6444111833598,628.4938829955901,613.5491041284456,623.1209716796875,1130,0.0,0.0
2021-12-03 00:00:00+05:30,626.7781558373168,628.4938939732916,616.7096444843451,625.5139770507812,1318,0.0,0.0
2021-12-06 00:00:00+05:30,624.2045277627079,648.3600013506318,624.1593883678378,633.3248901367188,2239,0.0,0.0
2021-12-07 00:00:00+05:30,634.8149169302701,641.1359758470722,628.3132453070788,638.246337890625,2563,0.0,0.0
2021-12-08 00:00:00+05:30,641.1360500531866,641.1360500531866,628.7648222896705,632.0156860351562,1956,0.0,0.0
2021-12-09 00:00:00+05:30,640.2329776918467,640.2329776918467,630.8416679616871,637.569091796875,930,0.0,0.0
2021-12-10 00:00:00+05:30,636.5758564144404,650.166123387189,632.1059532931005,637.2531127929688,2180,0.0,0.0
2021-12-13 00:00:00+05:30,646.5540900561007,655.6293145149804,631.2029454597966,633.1895751953125,5439,0.0,0.0
2021-12-14 00:00:00+05:30,636.621009789841,640.6394087470287,631.1578192395204,634.99560546875,5787,0.0,0.0
2021-12-15 00:00:00+05:30,650.1660894175186,660.9570515079868,632.4219511810605,636.304931640625,6842,0.0,0.0
2021-12-16 00:00:00+05:30,624.2496382203525,624.2496382203525,611.11087823734,613.0523681640625,3236,0.0,0.0
2021-12-17 00:00:00+05:30,614.0457456401058,614.0457456401058,564.4705597180572,573.9521484375,12999,0.0,0.0
2021-12-20 00:00:00+05:30,585.465465990936,585.465465990936,546.3200744388197,551.7832641601562,4033,0.0,0.0
2021-12-21 00:00:00+05:30,559.9103154947235,560.9939365360334,534.626081735353,542.5274047851562,10827,0.0,0.0
2021-12-22 00:00:00+05:30,548.2163917062549,554.2214197669416,542.166279362718,545.3719482421875,9109,0.0,0.0
2021-12-23 00:00:00+05:30,550.9706438150091,586.8200362289452,550.83517049747,584.8786010742188,1419,0.0,0.0
2021-12-24 00:00:00+05:30,595.9856150449486,595.9856150449486,560.6780044421798,564.7866821289062,4026,0.0,0.0
2021-12-27 00:00:00+05:30,572.1913359502723,579.6862951874652,560.6327835049124,564.7415161132812,2172,0.0,0.0
2021-12-28 00:00:00+05:30,571.7849585008582,574.4036499226768,565.1026739605405,567.4053344726562,455,0.0,0.0
2021-12-29 00:00:00+05:30,574.223074338661,581.5374204692667,565.1477956568318,579.3701782226562,15564,0.0,0.0
2021-12-30 00:00:00+05:30,577.0224345816196,582.6662377367606,559.8652729899909,566.276611328125,1706,0.0,0.0
2021-12-31 00:00:00+05:30,569.933847126377,569.933847126377,558.9171322041251,566.6829833984375,507,0.0,0.0
2022-01-03 00:00:00+05:30,578.783325030323,586.0525326323708,567.9472227320357,582.3502197265625,293,0.0,0.0
2022-01-04 00:00:00+05:30,586.9555131770757,595.9404585941467,582.5307495700968,586.865234375,8095,0.0,0.0
2022-01-05 00:00:00+05:30,588.76151182001,611.6979485903913,588.76151182001,598.830078125,1388,0.0,0.0
2022-01-06 00:00:00+05:30,603.796635767771,603.9320539691706,593.3217044421691,602.6226806640625,611,0.0,0.0
2022-01-07 00:00:00+05:30,602.6226013672199,642.9419463104599,602.6226013672199,618.2446899414062,6507,0.0,0.0
2022-01-10 00:00:00+05:30,626.6878336727033,657.1192279735218,614.045715990545,653.5974731445312,8680,0.0,0.0
2022-01-11 00:00:00+05:30,656.4871729860923,656.4871729860923,641.2263074414103,649.5339965820312,4331,0.0,0.0
2022-01-12 00:00:00+05:30,652.9202563065581,652.9202563065581,637.4336942789688,643.348388671875,529,0.0,0.0
2022-01-13 00:00:00+05:30,641.5875268761916,645.5607862456684,631.2029293264715,641.0005493164062,908,0.0,0.0
2022-01-14 00:00:00+05:30,628.4939332647616,655.5841890089324,627.590924739956,646.5992431640625,2792,0.0,0.0
2022-01-17 00:00:00+05:30,662.8082535847735,668.1360258981146,643.845074667498,644.6126098632812,5982,0.0,0.0
2022-01-18 00:00:00+05:30,650.3015408196993,653.6878224213115,626.2363441914715,631.0222778320312,1532,0.0,0.0
2022-01-19 00:00:00+05:30,625.9654851666237,639.9621165128807,625.9654851666237,636.0339965820312,1401,0.0,0.0
2022-01-20 00:00:00+05:30,636.8919168040156,644.7481021813801,634.4989772250241,639.7815551757812,1266,0.0,0.0
2022-01-21 00:00:00+05:30,642.6711212412121,644.3868042173193,636.6209536374914,637.3884887695312,565,0.0,0.0
2022-01-24 00:00:00+05:30,644.1159320262357,649.2630913394621,626.7330189409997,628.493896484375,1491,0.0,0.0
2022-01-25 00:00:00+05:30,626.5524288595777,641.6326819091854,619.6444468686684,640.8200073242188,4996,0.0,0.0
2022-01-27 00:00:00+05:30,640.8199927275676,640.8199927275676,618.5608115504848,620.773193359375,858,0.0,0.0
2022-01-28 00:00:00+05:30,635.7179447642544,639.329978541324,611.3818561681954,617.6577758789062,397,0.0,0.0
2022-01-31 00:00:00+05:30,632.1059325777009,636.8918664727365,604.1126698492599,615.806640625,6526,0.0,0.0
2022-02-01 00:00:00+05:30,622.1276858831694,622.3082985971602,607.2731857804321,614.4972534179688,9413,0.0,0.0
2022-02-02 00:00:00+05:30,615.5356836502784,624.791519535913,592.2832178888062,598.55908203125,3322,0.0,0.0
2022-02-03 00:00:00+05:30,598.5591145861166,615.8517480322465,598.4688357894008,615.2647705078125,1224,0.0,0.0
2022-02-04 00:00:00+05:30,617.386817574999,618.289825921572,612.1945195822043,615.7614135742188,1555,0.0,0.0
2022-02-07 00:00:00+05:30,614.0908847112706,621.134339590325,593.2765509851484,596.3468017578125,3913,0.0,0.0
2022-02-08 00:00:00+05:30,595.9855629241475,599.5975966388393,587.9036264644725,594.540771484375,834,0.0,0.0
2022-02-09 00:00:00+05:30,591.4705306578251,591.4705306578251,585.8718672835079,586.729736328125,2459,0.0,0.0
2022-02-10 00:00:00+05:30,588.8067055492369,595.9856344417017,586.5040448028564,593.8635864257812,1031,0.0,0.0
2022-02-11 00:00:00+05:30,592.5089947804353,595.9855551393107,578.1962783037671,579.3701782226562,1696,0.0,0.0
2022-02-15 00:00:00+05:30,576.4805762740443,577.6996155503217,567.992275390625,575.6678466796875,594,0.0,0.0
2022-02-16 00:00:00+05:30,579.7314147801654,607.7698156401726,573.4103557405064,574.1327514648438,2175,0.0,0.0
2022-02-17 00:00:00+05:30,573.455533733411,577.9254368067664,569.7983603516711,572.0107421875,224,0.0,0.0
2022-02-18 00:00:00+05:30,567.6763119439048,571.8752683729164,563.1160749558308,565.3735961914062,515,0.0,0.0
2022-02-21 00:00:00+05:30,563.1160019289836,566.8183693443501,550.8351100461879,554.4471435546875,1009,0.0,0.0
2022-02-22 00:00:00+05:30,558.8267146715698,558.9621879748557,545.3719228605542,549.796630859375,469,0.0,0.0
2022-02-23 00:00:00+05:30,558.9622764246707,567.4053840790014,550.3836954456167,564.1094360351562,2457,0.0,0.0
2022-02-24 00:00:00+05:30,533.6779402318156,550.5190681752504,511.64451422351965,527.6729125976562,1816,0.0,0.0
2022-02-25 00:00:00+05:30,554.7632563740134,574.584304202343,547.4037700826714,568.2632446289062,31623,0.0,0.0
2022-02-28 00:00:00+05:30,555.3953469074067,576.435433176899,548.39703128435,575.8485107421875,668,0.0,0.0
2022-03-02 00:00:00+05:30,560.0458603607709,567.6762929041455,552.0090629855692,558.1043701171875,1376,0.0,0.0
2022-03-03 00:00:00+05:30,556.6144739997324,567.0893507898719,553.0024399182681,561.1295166015625,8351,0.0,0.0
2022-03-04 00:00:00+05:30,554.537428573227,558.0591833296629,545.4170659079554,555.8468017578125,229,0.0,0.0
2022-03-07 00:00:00+05:30,544.2883597915184,562.0324984197944,535.1228016991519,553.9505615234375,2569,0.0,0.0
2022-03-08 00:00:00+05:30,551.5575773333605,555.6662549596555,542.8435784319244,546.1395263671875,123,0.0,0.0
2022-03-09 00:00:00+05:30,556.4337972927733,564.3802603352416,546.3652314022887,555.0792846679688,229,0.0,0.0
2022-03-10 00:00:00+05:30,584.2464794511554,584.2464794511554,558.0592338497898,564.154541015625,810,0.0,0.0
2022-03-11 00:00:00+05:30,564.9220870719043,564.9220870719043,549.3903851973162,552.2799682617188,1155,0.0,0.0
2022-03-14 00:00:00+05:30,560.587673689967,561.6261555257317,552.0542322214595,560.1361694335938,1338,0.0,0.0
2022-03-15 00:00:00+05:30,568.4889790875103,601.4036492949488,556.524116695381,560.000732421875,285,0.0,0.0
2022-03-16 00:00:00+05:30,562.5743424386782,563.4773510140211,554.3117919281821,558.01416015625,1517,0.0,0.0
2022-03-17 00:00:00+05:30,559.1427999856755,586.955447069938,555.7565185602721,574.1778564453125,1467,0.0,0.0
2022-03-21 00:00:00+05:30,600.4554644451428,600.4554644451428,582.4404353067878,584.3367309570312,3043,0.0,0.0
2022-03-22 00:00:00+05:30,578.2866186492942,580.8150312216338,558.8719374703925,560.0458374023438,1690,0.0,0.0
2022-03-23 00:00:00+05:30,565.28325889804,567.631058694005,553.2281187935224,555.2598876953125,1571,0.0,0.0
2022-03-24 00:00:00+05:30,558.1495148255226,562.5742783870315,550.8351682441239,555.0341796875,828,0.0,0.0
2022-03-25 00:00:00+05:30,556.52412089878,558.962254842795,545.3719881027072,554.35693359375,1251,0.0,0.0
2022-03-28 00:00:00+05:30,554.4471964408324,554.4471964408324,542.8435597340633,546.0040893554688,172,0.0,0.0
2022-03-29 00:00:00+05:30,546.5910384293514,555.3502319729536,542.7081128711302,546.0492553710938,1024,0.0,0.0
2022-03-30 00:00:00+05:30,546.1846427190585,550.7448795153505,541.9856864666353,544.5140991210938,1026,0.0,0.0
2022-03-31 00:00:00+05:30,547.4940148956086,547.4940148956086,530.1562415475713,532.9104614257812,1822,0.0,0.0
2022-04-01 00:00:00+05:30,530.0659877554359,566.9087234111254,530.0659877554359,563.8836669921875,1378,0.0,0.0
2022-04-04 00:00:00+05:30,565.5993736502563,569.5726332489519,559.4589266374907,565.012451171875,2854,0.0,0.0
2022-04-05 00:00:00+05:30,561.6261542305579,571.6043872503425,558.4656244432337,564.6963500976562,1295,0.0,0.0
2022-04-06 00:00:00+05:30,561.5357268646695,573.9069524251133,553.0926207410917,571.3785400390625,3086,0.0,0.0
2022-04-07 00:00:00+05:30,569.1210954698656,577.022419683053,562.0325009361402,564.0642700195312,252,0.0,0.0
2022-04-08 00:00:00+05:30,570.8367887539196,582.2598120777939,566.1862733936574,568.353515625,1091,0.0,0.0
2022-04-11 00:00:00+05:30,578.5123977190306,578.5123977190306,562.4839973940568,564.154541015625,1384,0.0,0.0
2022-04-12 00:00:00+05:30,563.1612984022745,570.9722892094563,559.8652951829133,563.4321899414062,2612,0.0,0.0
2022-04-13 00:00:00+05:30,561.3100592292649,566.4120792792411,554.2666039814878,557.2465209960938,1126,0.0,0.0
2022-04-18 00:00:00+05:30,557.6528899258196,562.3034057617188,552.6412037579306,562.3034057617188,483,0.0,0.0
2022-04-19 00:00:00+05:30,559.2782557364885,567.3601923043122,558.3752472957319,560.8585205078125,495,0.0,0.0
2022-04-20 00:00:00+05:30,564.0642595662107,567.3602073934725,516.5208418498365,534.3101196289062,2946,0.0,0.0
2022-04-21 00:00:00+05:30,549.796659332112,555.0792917049762,531.9171034810757,551.9187622070312,1684,0.0,0.0
2022-04-22 00:00:00+05:30,552.6411556577522,552.686295055914,535.4388561983203,537.244873046875,393,0.0,0.0
2022-04-25 00:00:00+05:30,540.2248192666399,540.676323503386,514.7148298904885,516.9723510742188,1321,0.0,0.0
2022-04-26 00:00:00+05:30,523.7449316849714,529.3887348281285,516.7014763853645,520.7650146484375,2865,0.0,0.0
2022-04-27 00:00:00+05:30,518.3720279752818,524.8285609156275,511.1028204390865,517.1078491210938,1168,0.0,0.0
2022-04-28 00:00:00+05:30,521.5776425815676,521.5776425815676,486.495787427559,495.1195068359375,6630,0.0,0.0
2022-04-29 00:00:00+05:30,504.28512075482996,522.7064615571506,500.2667218039293,515.527587890625,2895,0.0,0.0
2022-05-04 00:00:00+05:30,523.6546749194931,523.6546749194931,498.46071458201277,508.21319580078125,3031,0.0,0.0
2022-05-05 00:00:00+05:30,509.6128068741173,519.1847297041581,508.52924080471826,510.92218017578125,1395,0.0,0.0
2022-05-06 00:00:00+05:30,497.7834596894985,522.2549691764262,496.6546990099305,521.893798828125,1125,0.0,0.0
2022-05-09 00:00:00+05:30,526.4539634114263,526.4539634114263,504.42053363420723,518.5977783203125,1234,0.0,0.0
2022-05-10 00:00:00+05:30,511.23825729512055,519.3653333654926,506.5426023202976,508.5743713378906,697,0.0,0.0
2022-05-11 00:00:00+05:30,505.36864688620636,507.53583386461156,474.98239375662416,484.55426025390625,2170,0.0,0.0
2022-05-12 00:00:00+05:30,501.1697197439406,501.1697197439406,456.5611051557362,466.4941711425781,3248,0.0,0.0
2022-05-13 00:00:00+05:30,475.7499881773407,479.09113052397066,469.69987554847836,478.0527038574219,172,0.0,0.0
2022-05-16 00:00:00+05:30,485.8185602225791,489.1597026077573,465.04936526882574,479.9490051269531,1565,0.0,0.0
2022-05-17 00:00:00+05:30,489.25001078205213,530.9690159125176,475.65974342163037,518.4171752929688,2059,0.0,0.0
2022-05-18 00:00:00+05:30,521.1261813929409,531.8720045496423,506.5877666423588,518.7783813476562,4312,0.0,0.0
2022-05-19 00:00:00+05:30,492.18471334996207,519.5458566219335,492.18471334996207,513.7214965820312,1078,0.0,0.0
2022-05-20 00:00:00+05:30,524.7833568769538,552.6411441391729,524.7381623644737,546.5458374023438,1240,0.0,0.0
2022-05-23 00:00:00+05:30,549.0291314258047,553.4990342260901,546.3201061062696,552.3251342773438,1449,0.0,0.0
2022-05-24 00:00:00+05:30,553.6796218019427,555.3501652937147,541.8050393109412,548.6227416992188,1218,0.0,0.0
2022-05-25 00:00:00+05:30,544.6946686548855,544.6946686548855,523.8351418998963,532.0525512695312,340,0.0,0.0
2022-05-26 00:00:00+05:30,527.5826684167815,555.5759293854084,525.5960388733753,546.45556640625,347,0.0,0.0
2022-05-27 00:00:00+05:30,575.3970566173568,575.3970566173568,544.1077884478307,547.1780395507812,174,0.0,0.0
2022-05-30 00:00:00+05:30,551.8736530260486,562.6194208382802,548.1261457986183,550.3836669921875,840,0.0,0.0
2022-05-31 00:00:00+05:30,560.8134015298604,592.2832799053044,558.6913536629162,589.9354248046875,1708,0.0,0.0
2022-06-01 00:00:00+05:30,587.4972365750843,619.2380035343981,574.3133361252311,610.659423828125,7025,0.0,0.0
2022-06-02 00:00:00+05:30,616.0774502224392,621.9921439248654,600.5456954927907,613.5941772460938,1283,0.0,0.0
2022-06-03 00:00:00+05:30,616.7547774092164,646.4185832370395,616.7547774092164,644.3416748046875,3209,0.0,0.0
2022-06-06 00:00:00+05:30,643.8450559003479,663.7112427584232,641.1360304197012,656.5774536132812,5011,0.0,0.0
2022-06-07 00:00:00+05:30,647.4571001919104,666.3751394562752,641.8132970172946,643.7999267578125,1265,0.0,0.0
2022-06-08 00:00:00+05:30,643.4838134341495,659.2413222527823,630.2999118232077,637.1176147460938,1974,0.0,0.0
2022-06-09 00:00:00+05:30,638.743029394067,672.1995378332894,632.1059390798342,655.6744384765625,3000,0.0,0.0
2022-06-10 00:00:00+05:30,658.2480523955054,667.3232767326186,639.4654867527416,656.5774536132812,1945,0.0,0.0
2022-06-13 00:00:00+05:30,660.4604007255209,663.711209091292,648.7664303041935,655.6292724609375,1107,0.0,0.0
2022-06-14 00:00:00+05:30,656.9837862501466,660.9570454730805,647.7279496450332,654.635986328125,704,0.0,0.0
2022-06-15 00:00:00+05:30,672.6509427501068,672.6509427501068,650.1660127626301,655.3131713867188,2501,0.0,0.0
2022-06-16 00:00:00+05:30,659.1961883604922,665.7881392210445,626.6878831810707,634.0474243164062,3666,0.0,0.0
2022-06-17 00:00:00+05:30,637.1132163943648,648.9517754696699,614.520872955906,641.7354125976562,1238,30.0,0.0
2022-06-20 00:00:00+05:30,660.3186924287509,660.3186924287509,613.153071540983,621.6428833007812,1380,0.0,0.0
2022-06-21 00:00:00+05:30,624.6614585515492,659.3753420092381,620.2278789285753,652.0175170898438,593,0.0,0.0
2022-06-22 00:00:00+05:30,645.3671883468626,649.8007104763959,638.1979797077353,647.631103515625,128,0.0,0.0
2022-06-23 00:00:00+05:30,647.631062454235,650.6968274974222,634.1888618802604,641.6410522460938,1335,0.0,0.0
2022-06-24 00:00:00+05:30,643.0088632382776,658.6206705531996,643.0088632382776,650.885498046875,136,0.0,0.0
2022-06-27 00:00:00+05:30,655.8850637393595,664.1862008827927,648.9045869125887,658.6678466796875,684,0.0,0.0
2022-06-28 00:00:00+05:30,649.9893648616236,665.1295166015625,643.2447160875561,665.1295166015625,216,0.0,0.0
2022-06-29 00:00:00+05:30,662.3938966985705,690.5045912195136,659.8469420191938,688.806640625,1809,0.0,0.0
2022-06-30 00:00:00+05:30,696.2116570937621,698.0511276614267,664.0918836130329,668.0066528320312,718,0.0,0.0
2022-07-01 00:00:00+05:30,688.6651473134223,688.6651473134223,667.1576379445683,670.0347290039062,182,0.0,0.0
2022-07-04 00:00:00+05:30,674.4683288723077,691.5894710199221,666.9218300877224,685.8823852539062,884,0.0,0.0
2022-07-05 00:00:00+05:30,691.8253126627541,719.7473356827446,679.6565601040858,683.4298095703125,1476,0.0,0.0
2022-07-06 00:00:00+05:30,680.1281570216371,715.313693713123,677.3453742677403,709.135009765625,845,0.0,0.0
2022-07-07 00:00:00+05:30,707.9559231237353,720.9264680177411,703.2865154468498,706.5409545898438,1310,0.0,0.0
2022-07-08 00:00:00+05:30,710.2199027560039,728.1899917971813,702.7677120411848,708.3804321289062,1528,0.0,0.0
2022-07-11 00:00:00+05:30,705.0316740058619,722.3414326126571,705.0316740058619,720.4076538085938,311,0.0,0.0
2022-07-12 00:00:00+05:30,723.9450735460489,740.9718499255389,722.5772591253505,733.09521484375,1246,0.0,0.0
2022-07-13 00:00:00+05:30,735.8307695631452,735.8307695631452,694.8438374175691,700.2678833007812,3849,0.0,0.0
2022-07-14 00:00:00+05:30,700.4094257914478,702.5318785968764,688.9010035091914,698.4756469726562,93,0.0,0.0
2022-07-15 00:00:00+05:30,687.6746911448573,716.6815454009676,687.6746911448573,697.9096069335938,204,0.0,0.0
2022-07-18 00:00:00+05:30,694.2779148086669,707.4842881881796,682.580818213868,702.8148803710938,1476,0.0,0.0
2022-07-19 00:00:00+05:30,704.4184578617981,723.5676859779498,694.7495068164905,710.5499877929688,944,0.0,0.0
2022-07-20 00:00:00+05:30,703.758169376157,715.1722833915418,697.0606747005571,707.7200927734375,743,0.0,0.0
2022-07-21 00:00:00+05:30,706.7296285760727,713.2384492868435,698.6643194479343,706.5409545898438,269,0.0,0.0
2022-07-22 00:00:00+05:30,701.3998932358658,723.1904432806209,701.3998932358658,716.1156005859375,1086,0.0,0.0
2022-07-25 00:00:00+05:30,718.4267013028847,730.265317991184,716.917424491937,721.4453125,390,0.0,0.0
2022-07-26 00:00:00+05:30,729.5105368460352,735.4534503365018,715.4552182623672,721.7282104492188,213,0.0,0.0
2022-07-27 00:00:00+05:30,716.0683795134516,726.3976612272195,707.9559163600652,710.078369140625,403,0.0,0.0
2022-07-28 00:00:00+05:30,713.5686012019911,724.746828932419,669.0914032049685,676.3549194335938,1257,0.0,0.0
2022-07-29 00:00:00+05:30,683.3826271706577,684.1844196189445,661.2619415757965,664.2333984375,2405,0.0,0.0
2022-08-01 00:00:00+05:30,665.0352275597477,665.0352275597477,632.0192942766397,634.6134033203125,4483,0.0,0.0
2022-08-02 00:00:00+05:30,630.4156768593431,646.0746975289927,621.3599006848914,632.3966674804688,1488,0.0,0.0
2022-08-03 00:00:00+05:30,635.6982475313151,640.9807739257812,624.5671151836867,640.9807739257812,561,0.0,0.0
2022-08-04 00:00:00+05:30,639.61289929394,645.838795075466,626.6423550514454,632.1607666015625,806,0.0,0.0
2022-08-05 00:00:00+05:30,630.7458256175985,657.6302275823693,630.7458256175985,650.6025390625,229,0.0,0.0
2022-08-08 00:00:00+05:30,650.46103025083,650.46103025083,632.0192850165113,643.9522094726562,959,0.0,0.0
2022-08-10 00:00:00+05:30,636.8773331453515,658.4319965347781,631.1702475736678,646.2632446289062,729,0.0,0.0
2022-08-11 00:00:00+05:30,649.4704914889913,649.4704914889913,632.2078886333022,645.980224609375,1137,0.0,0.0
2022-08-12 00:00:00+05:30,637.7734907848314,651.3572123786448,630.5100313630151,639.0469970703125,695,0.0,0.0
2022-08-16 00:00:00+05:30,639.2356483936527,660.0356745665994,632.0192857575281,656.2152709960938,442,0.0,0.0
2022-08-17 00:00:00+05:30,659.9412955113435,671.6383916545144,654.753077598282,664.0447387695312,3330,0.0,0.0
2022-08-18 00:00:00+05:30,672.5816647998189,672.5816647998189,646.1689206001065,657.6301879882812,626,0.0,0.0
2022-08-19 00:00:00+05:30,655.6492539258079,674.468347299056,654.2342853650406,659.988525390625,1513,0.0,0.0
2022-08-22 00:00:00+05:30,668.8556057009927,682.3921723765083,645.1784889071986,653.7154541015625,673,0.0,0.0
2022-08-23 00:00:00+05:30,653.7154870342008,660.1299997786556,653.4325048319138,655.6021118164062,59,0.0,0.0
2022-08-24 00:00:00+05:30,652.8192900101599,671.638382611003,652.8192900101599,668.7612915039062,270,0.0,0.0
2022-08-25 00:00:00+05:30,664.6106841649844,680.5526854180389,661.3562451428858,676.9208984375,991,0.0,0.0
2022-08-26 00:00:00+05:30,668.6669090907336,678.5716883631728,657.9603373834682,660.8845825195312,760,0.0,0.0
2022-08-29 00:00:00+05:30,618.8600544560758,688.618014113127,618.8600544560758,669.421630859375,709,0.0,0.0
2022-08-30 00:00:00+05:30,672.2515529144245,679.1848754882812,665.3653268666627,679.1848754882812,194,0.0,0.0
2022-09-01 00:00:00+05:30,667.9122737075224,675.8832742913186,661.7335895538869,665.8369750976562,196,0.0,0.0
2022-09-02 00:00:00+05:30,672.6760097161692,673.6665337378954,658.4320163467768,659.8469848632812,176,0.0,0.0
2022-09-05 00:00:00+05:30,660.3658160408513,663.8089292367539,650.8855381952254,655.3662719726562,660,0.0,0.0
2022-09-06 00:00:00+05:30,657.9603812900632,671.6384107218996,656.1209106445312,656.1209106445312,156,0.0,0.0
2022-09-07 00:00:00+05:30,658.0074573135886,663.0070007907215,655.083212329382,656.7340087890625,254,0.0,0.0
2022-09-08 00:00:00+05:30,660.1770928676343,663.9031879831572,657.3000018557241,660.9789428710938,129,0.0,0.0
2022-09-09 00:00:00+05:30,660.3186270409528,663.3372379938974,652.8664366485475,660.790283203125,500,0.0,0.0
2022-09-12 00:00:00+05:30,643.3389798149609,667.8650992800474,643.3389798149609,660.7431030273438,468,0.0,0.0
2022-09-13 00:00:00+05:30,658.9036406155025,668.8555738513453,658.9036406155025,664.8464965820312,414,0.0,0.0
2022-09-14 00:00:00+05:30,662.7712616558875,687.6747317621348,653.71548574919,670.5535888671875,2736,0.0,0.0
2022-09-15 00:00:00+05:30,670.5535256402463,677.7227336676767,666.9217963141656,671.732666015625,563,0.0,0.0
2022-09-16 00:00:00+05:30,662.3467925653608,678.8547587647018,653.8569813771282,661.6864624023438,916,0.0,0.0
2022-09-19 00:00:00+05:30,653.8097813103587,665.1295297623647,650.8855359903444,661.9223022460938,236,0.0,0.0
2022-09-20 00:00:00+05:30,656.6397017096576,660.0828148062577,642.3957083001951,647.9140625,1312,0.0,0.0
2022-09-21 00:00:00+05:30,652.4891785360887,666.9218462973528,648.9046030413305,661.9223022460938,253,0.0,0.0
2022-09-22 00:00:00+05:30,668.8084076421083,675.1286114437546,642.3013555597204,645.7915649414062,243,0.0,0.0
2022-09-23 00:00:00+05:30,643.3390555370631,660.3186787037305,632.9626191574331,653.9984741210938,682,0.0,0.0
2022-09-26 00:00:00+05:30,633.9530260515321,638.8111074752907,614.3792956304229,629.0477905273438,1109,0.0,0.0
2022-09-27 00:00:00+05:30,614.0963081761257,630.0383090989554,601.8332482586301,605.7008056640625,3178,0.0,0.0
2022-09-28 00:00:00+05:30,603.7198758233642,613.8133290123288,596.8808616050526,610.6531982421875,650,0.0,0.0
2022-09-29 00:00:00+05:30,612.7757472335827,612.7757472335827,594.2868461608887,603.719970703125,656,0.0,0.0
2022-09-30 00:00:00+05:30,597.1638673241839,603.7198996242089,594.1924679883508,596.1734008789062,498,0.0,0.0
2022-10-03 00:00:00+05:30,597.0695294916162,597.1166835913912,584.8536237388033,585.7969360351562,366,0.0,0.0
2022-10-04 00:00:00+05:30,587.8250635921878,613.3416489594448,586.4100951883634,595.9846801757812,759,0.0,0.0
2022-10-06 00:00:00+05:30,609.8985839301025,628.2460205188571,601.5031386214517,617.2564086914062,392,0.0,0.0
2022-10-07 00:00:00+05:30,616.1716165109469,622.1144725884855,603.7198824209714,611.738037109375,195,0.0,0.0
2022-10-10 00:00:00+05:30,602.4936145915995,632.8210723572744,602.4936145915995,629.4251708984375,416,0.0,0.0
2022-10-11 00:00:00+05:30,617.1149582514004,625.9349057990953,606.0310380065943,622.869140625,598,0.0,0.0
2022-10-12 00:00:00+05:30,612.3040770465532,626.6895916454883,605.6065818043508,624.567138671875,504,0.0,0.0
2022-10-13 00:00:00+05:30,615.5584162857549,622.5861042809383,605.6064832550945,620.0863037109375,312,0.0,0.0
2022-10-14 00:00:00+05:30,614.5208361912237,617.7752752834145,608.3421518713925,614.2378540039062,529,0.0,0.0
2022-10-17 00:00:00+05:30,608.7194195299836,614.19061938959,594.2867527636241,610.6531982421875,1612,0.0,0.0
2022-10-18 00:00:00+05:30,603.7198776648496,620.4636711469607,603.7198776648496,608.7194213867188,418,0.0,0.0
2022-10-19 00:00:00+05:30,608.6723062187411,614.2378722270391,604.6632286496908,604.8047485351562,206,0.0,0.0
2022-10-20 00:00:00+05:30,600.9371102242337,629.472308297561,597.3053807722602,605.0877075195312,672,0.0,0.0
2022-10-21 00:00:00+05:30,605.5593529147661,610.3230685966522,602.5407419878078,607.1157836914062,390,0.0,0.0
2022-10-24 00:00:00+05:30,621.8314671225191,642.0183153898917,621.8314671225191,630.840087890625,123,0.0,0.0
2022-10-25 00:00:00+05:30,619.2374288219116,620.6052433000066,607.0215218782381,611.9267578125,545,0.0,0.0
2022-10-27 00:00:00+05:30,611.3606980079951,632.0192610639014,611.3606980079951,627.349853515625,169,0.0,0.0
2022-10-28 00:00:00+05:30,617.8695697570736,632.9625668809106,613.2473163578126,615.935791015625,368,0.0,0.0
2022-10-31 00:00:00+05:30,618.2941475706559,658.0547321951681,611.0777844065746,628.764892578125,578,0.0,0.0
2022-11-01 00:00:00+05:30,636.7358322207041,663.148577853563,636.1226561669977,654.4700927734375,516,0.0,0.0
2022-11-02 00:00:00+05:30,654.8474452994229,669.7517689238108,645.3671676909672,662.1109619140625,207,0.0,0.0
2022-11-03 00:00:00+05:30,657.5358244511883,682.7222742709414,652.8664170706656,666.7802734375,2031,0.0,0.0
2022-11-04 00:00:00+05:30,691.0234301840055,705.1259609173965,665.0351872197518,693.0515747070312,1857,0.0,0.0
2022-11-07 00:00:00+05:30,725.4071552422257,762.054814892453,701.4942115812962,722.48291015625,7635,0.0,0.0
2022-11-09 00:00:00+05:30,749.9333669758763,856.1503214570884,725.4072442823257,797.6177978515625,18717,0.0,0.0
2022-11-10 00:00:00+05:30,814.0785264726276,881.7611849597782,788.7977679882887,834.3597412109375,12977,0.0,0.0
2022-11-11 00:00:00+05:30,844.1702100516831,850.867704428965,809.0318264707751,815.9651489257812,2155,0.0,0.0
2022-11-14 00:00:00+05:30,806.6263017734894,867.8472913335146,803.7492108553066,829.0299682617188,4470,0.0,0.0
2022-11-15 00:00:00+05:30,837.6614019694815,839.9253747346218,817.8046876833344,829.3131103515625,2239,0.0,0.0
2022-11-16 00:00:00+05:30,828.2282368514667,852.7543577605079,795.636806927765,807.947021484375,2636,0.0,0.0
2022-11-17 00:00:00+05:30,805.5887378395742,813.701200928247,799.0798596676926,802.99462890625,1443,0.0,0.0
2022-11-18 00:00:00+05:30,835.3502836773755,867.847407348005,830.067757271432,847.1888427734375,2712,0.0,0.0
2022-11-21 00:00:00+05:30,838.6518432352333,869.6868429497408,791.4390710707859,842.2836303710938,5527,0.0,0.0
2022-11-22 00:00:00+05:30,845.1135355436319,862.1874656070777,825.3982849083075,827.7094116210938,847,0.0,0.0
2022-11-23 00:00:00+05:30,836.0105668520009,856.5276103826424,825.8699591299596,844.7362060546875,7820,0.0,0.0
2022-11-24 00:00:00+05:30,835.3973967310601,850.4432402754511,827.8508979075629,834.3126220703125,6621,0.0,0.0
2022-11-25 00:00:00+05:30,830.1148618675209,860.725358913929,830.1148618675209,844.4060668945312,4257,0.0,0.0
2022-11-28 00:00:00+05:30,872.516733850344,872.516733850344,825.7284086648232,836.2935180664062,5556,0.0,0.0
2022-11-29 00:00:00+05:30,841.1045208400128,847.6604959313867,812.1919728753944,840.7271728515625,4874,0.0,0.0
2022-11-30 00:00:00+05:30,849.4998915178138,939.0202530053068,849.4998915178138,906.5231323242188,27081,0.0,0.0
2022-12-01 00:00:00+05:30,904.6365350570572,951.707843905024,904.6365350570572,945.2932739257812,7324,0.0,0.0
2022-12-02 00:00:00+05:30,952.7455057814723,953.4058359638893,907.5136655513577,923.3141479492188,7621,0.0,0.0
2022-12-05 00:00:00+05:30,930.7663296449584,967.319626511348,913.220684967856,933.4075927734375,6640,0.0,0.0
2022-12-06 00:00:00+05:30,933.4075891141887,933.4075891141887,910.0606079817215,915.4375,2499,0.0,0.0
2022-12-07 00:00:00+05:30,916.7109195871313,919.9653586719446,896.1467221105844,900.4387817382812,1342,0.0,0.0
2022-12-08 00:00:00+05:30,899.2596329607251,933.3132426297138,897.5616822812267,931.615234375,4124,0.0,0.0
2022-12-09 00:00:00+05:30,928.3136387023552,934.822516793872,898.9766483396165,907.089111328125,5760,0.0,0.0
2022-12-12 00:00:00+05:30,891.1000193887209,940.6239169262515,891.1000193887209,902.0424194335938,5517,0.0,0.0
2022-12-13 00:00:00+05:30,904.3535262648212,947.9345666537972,904.3535262648212,936.8506469726562,4392,0.0,0.0
2022-12-14 00:00:00+05:30,947.0384589611933,967.7912733853934,938.7844757796069,943.5010375976562,7188,0.0,0.0
2022-12-15 00:00:00+05:30,945.5291113474492,951.6134875222771,905.5798563400353,914.8714599609375,6016,0.0,0.0
2022-12-16 00:00:00+05:30,915.0600995137024,930.8134266868867,903.3158496786679,909.9662475585938,1306,0.0,0.0
2022-12-19 00:00:00+05:30,914.0696399040759,937.1807917901954,914.0696399040759,926.7572021484375,4331,0.0,0.0
2022-12-20 00:00:00+05:30,901.8066202771465,931.4738056496337,901.8066202771465,917.7957763671875,868,0.0,0.0
2022-12-21 00:00:00+05:30,922.3236085498512,942.3689950818731,854.5466422940184,868.9793090820312,15042,0.0,0.0
2022-12-22 00:00:00+05:30,867.8473686266736,880.2047374759449,744.2734498330929,756.0177001953125,12789,0.0,0.0
2022-12-23 00:00:00+05:30,753.6122426950283,786.7224824140214,738.4248796524581,762.4321899414062,15409,0.0,0.0
2022-12-26 00:00:00+05:30,754.6499195460705,791.4391031239413,754.6499195460705,783.1851196289062,5148,0.0,0.0
2022-12-27 00:00:00+05:30,784.8829926334729,796.5800882570824,774.365094967489,779.9306030273438,2103,0.0,0.0
2022-12-28 00:00:00+05:30,782.4776161047441,784.552914847552,769.7900531290509,774.2236328125,895,0.0,0.0
2022-12-29 00:00:00+05:30,771.4408197315001,780.3079787529261,768.5637286110556,772.6671142578125,886,0.0,0.0
2022-12-30 00:00:00+05:30,773.6576030552749,791.8635188638757,769.6956798946725,776.5818481445312,3669,0.0,0.0
2023-01-02 00:00:00+05:30,778.2798851229664,843.7457887986853,778.2798851229664,832.9920043945312,3130,0.0,0.0
2023-01-03 00:00:00+05:30,835.3030798737017,837.6613607316173,812.286235670359,818.7008056640625,2107,0.0,0.0
2023-01-04 00:00:00+05:30,821.2004823564898,826.3415457256472,805.9660237926337,811.0598754882812,6217,0.0,0.0
2023-01-05 00:00:00+05:30,811.2485613041702,832.1429513492404,801.9097466962813,825.4925537109375,4825,0.0,0.0
2023-01-06 00:00:00+05:30,802.8059782051365,847.1888135455474,802.8059782051365,846.056884765625,6555,0.0,0.0
2023-01-09 00:00:00+05:30,837.6613552432723,924.4460902459537,837.6613552432723,906.9948120117188,7413,0.0,0.0
2023-01-10 00:00:00+05:30,908.0324294505558,929.1154946552971,890.7226711560838,896.66552734375,2117,0.0,0.0
2023-01-11 00:00:00+05:30,899.7313407799468,915.0130129231923,885.9590029969635,888.0343017578125,1742,0.0,0.0
2023-01-12 00:00:00+05:30,892.420630584779,892.420630584779,855.5842951054794,865.4890747070312,1392,0.0,0.0
2023-01-13 00:00:00+05:30,869.1680081287454,883.883657518389,863.4609224442545,877.846435546875,1164,0.0,0.0
2023-01-16 00:00:00+05:30,886.8551681865464,886.8551681865464,870.3472013299405,884.4968872070312,647,0.0,0.0
2023-01-17 00:00:00+05:30,874.544848221276,896.9013622157252,859.8291987332724,867.4228515625,2468,0.0,0.0
2023-01-18 00:00:00+05:30,871.4790192553369,884.8269109311311,864.8286792543191,867.8472900390625,950,0.0,0.0
2023-01-19 00:00:00+05:30,864.6400333633022,869.9697709020313,841.5288819541402,851.7638549804688,2068,0.0,0.0
2023-01-20 00:00:00+05:30,854.7825368789945,860.3008912765031,829.1244286065813,843.1797485351562,6255,0.0,0.0
2023-01-23 00:00:00+05:30,853.4146673654833,853.4146673654833,828.4640449880062,839.6422729492188,777,0.0,0.0
2023-01-24 00:00:00+05:30,840.491313201624,890.062366230627,824.7379852663032,852.6128540039062,7256,0.0,0.0
2023-01-25 00:00:00+05:30,853.7447934379462,884.5911174461803,846.198294968664,880.4877319335938,2858,0.0,0.0
2023-01-27 00:00:00+05:30,888.6002754012553,951.9437257064963,864.0741531502653,883.3177490234375,17419,0.0,0.0
2023-01-30 00:00:00+05:30,888.8831883989192,939.0202612808857,851.1506955658953,910.6265258789062,4332,0.0,0.0
2023-01-31 00:00:00+05:30,923.5499393493658,941.2841999105708,909.0701178916645,930.6719360351562,1857,0.0,0.0
2023-02-01 00:00:00+05:30,936.3789555108368,970.6683337759468,924.9648424052731,936.1431274414062,4800,0.0,0.0
2023-02-02 00:00:00+05:30,943.2651638941754,992.2702503290603,940.8125173222595,990.1005859375,4995,0.0,0.0
2023-02-03 00:00:00+05:30,1000.9016047247887,1012.7401055051679,949.2080424167285,974.1115112304688,4278,0.0,0.0
2023-02-06 00:00:00+05:30,977.3187812295537,989.8647660727472,947.3214032081959,958.9241333007812,2980,0.0,0.0
2023-02-07 00:00:00+05:30,990.3835622241987,990.3835622241987,899.9670477936012,914.4940795898438,7013,0.0,0.0
2023-02-08 00:00:00+05:30,915.0601205769859,981.5164862035526,915.0601205769859,977.9790649414062,7461,0.0,0.0
2023-02-09 00:00:00+05:30,1009.3441542293687,1041.275252340091,982.1296175870079,1033.0684814453125,8830,0.0,0.0
2023-02-10 00:00:00+05:30,1028.1632200109204,1042.312904850653,1010.1459776784138,1018.06982421875,6349,0.0,0.0
2023-02-13 00:00:00+05:30,1020.6640254957259,1060.566186415855,1018.9660171010836,1051.7933349609375,3168,0.0,0.0
2023-02-14 00:00:00+05:30,1038.6812377664826,1066.7447810492888,1038.6812377664826,1057.5474853515625,1864,0.0,0.0
2023-02-15 00:00:00+05:30,1075.3288872023672,1075.3288872023672,1019.7206692019889,1032.7855224609375,3335,0.0,0.0
2023-02-16 00:00:00+05:30,1042.0770319459364,1059.7641372348062,1018.8715728370241,1032.4080810546875,1490,0.0,0.0
2023-02-17 00:00:00+05:30,1021.4186745019601,1050.2840098301283,1018.7773538207693,1021.7015991210938,3473,0.0,0.0
2023-02-20 00:00:00+05:30,1027.125645418687,1034.76645254375,1013.8721757830398,1017.079345703125,1913,0.0,0.0
2023-02-21 00:00:00+05:30,999.6280875747187,1088.1580469609316,999.6280875747187,1079.71533203125,4098,0.0,0.0
2023-02-22 00:00:00+05:30,1083.8659369179722,1102.4963566343604,1028.2577175461943,1036.7003173828125,7714,0.0,0.0
2023-02-23 00:00:00+05:30,1052.2648416017466,1068.7728063960367,1028.2575902896488,1044.85986328125,1262,0.0,0.0
2023-02-24 00:00:00+05:30,1056.3682328487362,1061.603662058549,1020.1922299709292,1021.7487182617188,2149,0.0,0.0
2023-02-27 00:00:00+05:30,1020.3337670994634,1036.558692516197,988.5912853369466,997.3641357421875,3171,0.0,0.0
2023-02-28 00:00:00+05:30,985.8085991497287,1017.3151389352172,976.328264147831,996.798095703125,4136,0.0,0.0
2023-03-01 00:00:00+05:30,991.4684536098066,992.2230343706883,972.177647699807,982.129638671875,1734,0.0,0.0
2023-03-02 00:00:00+05:30,985.8557142743346,1036.7474846635837,982.5070245210095,992.4118041992188,3343,0.0,0.0
2023-03-03 00:00:00+05:30,1001.8920109411341,1015.8058679235986,971.6117079280267,980.9976196289062,1516,0.0,0.0
2023-03-06 00:00:00+05:30,986.0444287619878,1022.4562618232533,981.0448273317592,998.73193359375,961,0.0,0.0
2023-03-08 00:00:00+05:30,985.4312883796767,1027.2671688754158,971.0457747659485,1022.456298828125,2917,0.0,0.0
2023-03-09 00:00:00+05:30,1002.4579607609771,1023.7296997296058,1002.4579607609771,1015.3814086914062,603,0.0,0.0
2023-03-10 00:00:00+05:30,988.0254075633874,1010.0517285555003,985.2897786376093,998.166015625,3980,0.0,0.0
2023-03-13 00:00:00+05:30,997.8830130072962,1011.5139464646642,953.8303693827859,967.0367431640625,1186,0.0,0.0
2023-03-14 00:00:00+05:30,965.9047108446873,1028.210481243529,931.6152717186371,1022.456298828125,6949,0.0,0.0
2023-03-15 00:00:00+05:30,1031.5119426481835,1034.4361875853692,996.2320415613624,1005.9953002929688,2828,0.0,0.0
2023-03-16 00:00:00+05:30,1023.7769454422111,1026.3710544197293,980.24305720759,1002.3165893554688,623,0.0,0.0
2023-03-17 00:00:00+05:30,1012.2213848397183,1014.0607979013186,985.3840788189522,987.9310913085938,1213,0.0,0.0
2023-03-20 00:00:00+05:30,985.8085797262637,1003.3069540592933,971.9418196213261,982.129638671875,508,0.0,0.0
2023-03-21 00:00:00+05:30,1177.8670166094169,1177.8670166094169,990.4779908367407,1009.34423828125,1012,0.0,0.0
2023-03-22 00:00:00+05:30,1009.3442376466721,1067.829604687881,1006.8444368317591,1063.7733154296875,4579,0.0,0.0
2023-03-23 00:00:00+05:30,1059.9056986691144,1083.8658546034007,1028.399044182324,1050.755615234375,2855,0.0,0.0
2023-03-24 00:00:00+05:30,1062.9244029222211,1066.2259961499608,1044.293983994261,1063.3016357421875,3167,0.0,0.0
2023-03-27 00:00:00+05:30,1060.5189763771518,1060.5189763771518,1005.1465839998465,1007.6934814453125,2258,0.0,0.0
2023-03-28 00:00:00+05:30,1014.3909385530951,1020.7582970788649,967.8384959169992,979.4412841796875,690,0.0,0.0
2023-03-29 00:00:00+05:30,978.1205847609359,1006.2312232987791,977.7904484732425,982.601318359375,155,0.0,0.0
2023-03-31 00:00:00+05:30,995.1944802369294,1019.7678118043725,986.4688414291649,1007.5990600585938,844,0.0,0.0
2023-04-03 00:00:00+05:30,1002.4579217760706,1036.5115874721037,1002.4579217760706,1021.6544189453125,1970,0.0,0.0
2023-04-05 00:00:00+05:30,1018.7302542732076,1065.943089380737,1009.3443412720253,1045.2374267578125,3822,0.0,0.0
2023-04-06 00:00:00+05:30,1050.9914973186226,1059.2454805345494,862.7063142136108,896.2882690429688,8629,0.0,0.0
2023-04-10 00:00:00+05:30,914.9658216299595,943.3595002179552,838.0387113192679,849.3584594726562,14257,0.0,0.0
2023-04-11 00:00:00+05:30,865.300392845807,875.346692237436,842.0477783475537,856.763427734375,5649,0.0,0.0
2023-04-12 00:00:00+05:30,854.6881478821713,887.6569262102302,851.2922464336642,886.0532836914062,7638,0.0,0.0
2023-04-13 00:00:00+05:30,889.024664727442,891.4300995126719,853.6976085280085,857.8482055664062,2610,0.0,0.0
2023-04-17 00:00:00+05:30,857.612451941872,857.612451941872,828.7942133906297,845.3965454101562,2380,0.0,0.0
2023-04-18 00:00:00+05:30,849.4527424927877,882.044171569778,845.6794932201934,875.7711791992188,3759,0.0,0.0
2023-04-19 00:00:00+05:30,874.6392130933428,909.2587874836272,870.9602719375496,886.241943359375,1631,0.0,0.0
2023-04-20 00:00:00+05:30,885.3457514471987,885.3457514471987,856.5747261738,859.4046630859375,1692,0.0,0.0
2023-04-21 00:00:00+05:30,864.6400550062908,889.4963693422322,861.6215016231765,878.3652954101562,1579,0.0,0.0
2023-04-24 00:00:00+05:30,881.3838331739435,881.3838331739435,868.5076546969872,877.374755859375,224,0.0,0.0
2023-04-25 00:00:00+05:30,877.7993219123395,877.7993219123395,787.0526596254789,799.50439453125,8348,0.0,0.0
2023-04-26 00:00:00+05:30,792.4295418466942,834.8314442296743,792.3823877434196,824.54931640625,1483,0.0,0.0
2023-04-27 00:00:00+05:30,829.0772510554303,842.3307781156016,817.8046569087987,820.1157836914062,869,0.0,0.0
2023-04-28 00:00:00+05:30,827.8508811330217,830.5865099311949,796.1084556450055,799.9760131835938,1815,0.0,0.0
2023-05-02 00:00:00+05:30,799.9760175986962,802.994628598633,767.3374336983712,776.5347290039062,3398,0.0,0.0
2023-05-03 00:00:00+05:30,763.4226739535842,820.5874369546624,763.4226739535842,809.7864990234375,10833,0.0,0.0
2023-05-04 00:00:00+05:30,818.7951209416244,823.9361847713358,811.2486221311025,815.9180297851562,1952,0.0,0.0
2023-05-05 00:00:00+05:30,810.3053021172126,818.1819371461235,798.7497259228752,802.5701293945312,1900,0.0,0.0
2023-05-08 00:00:00+05:30,811.2485844245239,822.9928341675728,798.466714173343,811.0127563476562,1789,0.0,0.0
2023-05-09 00:00:00+05:30,808.93753657942,815.3048952752833,792.4295695901446,800.0704345703125,1402,0.0,0.0
2023-05-10 00:00:00+05:30,806.2490603681536,806.5320425522516,789.5524206037832,795.0236206054688,1411,0.0,0.0
2023-05-11 00:00:00+05:30,799.2213617520619,830.1148401791849,793.1841398843092,827.3792114257812,3364,0.0,0.0
2023-05-12 00:00:00+05:30,825.4926480795863,861.3857305192874,822.9457506910172,850.3961181640625,1832,0.0,0.0
2023-05-15 00:00:00+05:30,854.7352360001895,862.0459061883416,840.1138956238854,851.1978149414062,3057,0.0,0.0
2023-05-16 00:00:00+05:30,862.5176085675218,1021.4186401367188,858.4142229494431,1021.4186401367188,60005,0.0,0.0
2023-05-17 00:00:00+05:30,1036.4644448983186,1063.6789831745496,978.1676955892569,992.4118041992188,16235,0.0,0.0
2023-05-19 00:00:00+05:30,977.5074278951705,980.1015368714906,933.8320773725334,944.3499755859375,2494,0.0,0.0
2023-05-22 00:00:00+05:30,971.5644813429342,1001.0429914466743,940.4823863497227,963.9708862304688,3766,0.0,0.0
2023-05-23 00:00:00+05:30,964.0651693979588,983.8747276732594,959.5844359785457,966.1876220703125,1320,0.0,0.0
2023-05-24 00:00:00+05:30,964.772697809513,966.8951505790768,937.7939878575881,941.0955810546875,951,0.0,0.0
2023-05-25 00:00:00+05:30,946.3309389719212,953.735917716692,934.8225170551897,942.0388793945312,1186,0.0,0.0
2023-05-26 00:00:00+05:30,945.4348028220127,1014.0607762870178,944.8688384420786,993.4965209960938,5167,0.0,0.0
2023-05-30 00:00:00+05:30,973.0739888997942,1067.027884445466,968.2159068268825,1042.5960693359375,5085,0.0,0.0
2023-05-31 00:00:00+05:30,1018.8715758849119,1038.1151695268532,989.1101423867325,1003.2598266601562,6677,0.0,0.0
2023-06-01 00:00:00+05:30,1005.4767071831568,1032.832766701347,1004.0617385873883,1022.4091186523438,2878,0.0,0.0
2023-06-02 00:00:00+05:30,1023.3523414049832,1063.1129784931768,1018.2584318763498,1032.0308837890625,5626,0.0,0.0
2023-06-05 00:00:00+05:30,1024.4843953962484,1056.5098027313709,1024.4843953962484,1039.577392578125,2472,0.0,0.0
2023-06-06 00:00:00+05:30,1040.6621834943105,1110.2786839971263,1040.6621834943105,1105.3262939453125,9815,0.0,0.0
2023-06-07 00:00:00+05:30,1113.1085112358062,1207.1096047274577,1088.629603171766,1173.5277099609375,24183,0.0,0.0
2023-06-08 00:00:00+05:30,1197.959494258649,1197.959494258649,1090.421884434368,1107.212890625,6319,0.0,0.0
2023-06-09 00:00:00+05:30,1125.7960778842632,1178.6687811542783,1122.8247361025403,1145.0396728515625,5850,0.0,0.0
2023-06-12 00:00:00+05:30,1125.4188695382722,1147.0206306995533,1108.061898893251,1114.09912109375,4914,0.0,0.0
2023-06-13 00:00:00+05:30,1125.654666053108,1151.4070239517089,1116.362947345206,1121.362548828125,1839,0.0,0.0
2023-06-14 00:00:00+05:30,1130.135475085679,1143.9549097256654,1114.004740808208,1131.173095703125,1645,0.0,0.0
2023-06-15 00:00:00+05:30,1137.1630738835158,1144.1907050530651,1089.9974548920802,1102.0718994140625,13118,0.0,0.0
2023-06-16 00:00:00+05:30,1108.7693561324784,1128.107259253628,1093.5348386923156,1108.25048828125,2567,0.0,0.0
2023-06-19 00:00:00+05:30,1116.1271679788829,1172.1128501543533,1100.7983417211626,1136.5028076171875,6213,0.0,0.0
2023-06-20 00:00:00+05:30,1108.4391626040126,1135.653699390352,1099.9964484407235,1109.005126953125,3367,0.0,0.0
2023-06-21 00:00:00+05:30,1103.6755083493538,1124.4283811559228,1073.6781279596828,1081.0360107421875,4966,0.0,0.0
2023-06-22 00:00:00+05:30,1081.035834192552,1093.6290296497896,1061.8865495336852,1068.678466796875,2265,0.0,0.0
2023-06-23 00:00:00+05:30,1075.3289316761025,1076.508072184169,1001.7977756532548,1011.985595703125,1242,0.0,0.0
2023-06-26 00:00:00+05:30,995.2888998123672,1055.9910303079278,995.2888998123672,1041.464111328125,2741,0.0,0.0
2023-06-27 00:00:00+05:30,1020.098061466855,1042.07717149216,1009.3442769810807,1018.022705078125,3508,0.0,0.0
2023-06-28 00:00:00+05:30,989.3931350045682,1055.8966556619007,989.3931350045682,1019.2017822265625,1562,0.0,0.0
2023-06-30 00:00:00+05:30,1023.5411117593047,1027.9274220678792,982.2711964334331,992.4118041992188,10244,0.0,0.0
2023-07-07 00:00:00+05:30,1014.5324266012377,1018.6830239474986,988.6385488025508,992.8362426757812,2293,0.0,0.0
2023-07-10 00:00:00+05:30,1006.6085944958161,1076.5080172146463,1004.4861416896748,1057.0758056640625,3686,0.0,0.0
2023-07-14 00:00:00+05:30,1077.640077753818,1097.5439457904945,1075.328893350117,1088.2994384765625,1053,0.0,0.0
2023-07-17 00:00:00+05:30,1088.5352771951664,1094.3366713748014,1064.528023132417,1085.5167236328125,1479,0.0,0.0
2023-07-19 00:00:00+05:30,1075.3760785900463,1148.2469575997666,1051.840481526692,1101.3643798828125,7491,0.0,0.0
2023-07-20 00:00:00+05:30,1131.9747529483675,1147.2092695285496,1109.995530435116,1138.247802734375,3296,0.0,0.0
2023-07-21 00:00:00+05:30,1140.5118647561794,1140.5118647561794,1098.5815609022297,1109.146728515625,1899,0.0,0.0
2023-07-24 00:00:00+05:30,1113.225145590228,1143.7414824762839,1106.555608957121,1110.2022705078125,3011,20.0,0.0
2023-07-26 00:00:00+05:30,1117.5913828214009,1127.955492178599,1094.9440104166665,1096.86328125,2227,0.0,0.0
2023-07-28 00:00:00+05:30,1017.4534367614236,1155.4010260417392,1017.4534367614236,1057.80615234375,1645,0.0,0.0
2023-08-03 00:00:00+05:30,1355.005133583713,1521.0220515086296,1329.5747964449251,1475.199462890625,63250,0.0,0.0
2023-08-04 00:00:00+05:30,1468.1941444665786,1473.0403501303942,1375.7813250340969,1457.97412109375,19070,0.0,0.0
2023-08-07 00:00:00+05:30,1460.9969841746895,1460.9969841746895,1402.9870664840382,1422.515625,1458,0.0,0.0
2023-08-08 00:00:00+05:30,1459.5574136674054,1496.0715874669486,1430.2885339895722,1455.7188720703125,2268,0.0,0.0
2023-08-09 00:00:00+05:30,1448.7136451399128,1458.6938770047707,1371.8468709007902,1387.10498046875,4692,0.0,0.0
2023-08-10 00:00:00+05:30,1512.961166451349,1512.961166451349,1327.3676544252733,1346.512451171875,1960,0.0,0.0
2023-08-11 00:00:00+05:30,1343.4895763094635,1395.3098885385427,1343.4895763094635,1368.104248046875,1282,0.0,0.0
2023-08-14 00:00:00+05:30,1371.5109293027951,1458.6458744494764,1368.1042937633997,1443.5316162109375,6000,0.0,0.0
2023-08-16 00:00:00+05:30,1477.3107102180852,1487.4349108231445,1395.9816078359809,1419.49267578125,8828,0.0,0.0
2023-08-17 00:00:00+05:30,1431.392089279653,1439.548989895113,1410.663988791317,1420.59619140625,3936,0.0,0.0
2023-08-18 00:00:00+05:30,1429.1370850636556,1434.3191398901695,1414.1187669355454,1425.5384521484375,392,0.0,0.0
2023-08-21 00:00:00+05:30,1485.4676422184086,1587.2850567835599,1447.9939483268104,1550.1470947265625,6431,0.0,0.0
2023-08-22 00:00:00+05:30,1546.9323408017149,1553.649788931747,1491.5614223585055,1506.2437744140625,3257,0.0,0.0
2023-08-23 00:00:00+05:30,1504.900239938569,1532.1539096782255,1488.6344661981475,1505.2362060546875,2913,0.0,0.0
2023-08-24 00:00:00+05:30,1507.5872252855,1550.7708186259504,1466.3229027601808,1508.35498046875,1023,0.0,0.0
2023-08-25 00:00:00+05:30,1535.4647824807753,1580.8554699806652,1367.5285750284297,1433.215576171875,5967,0.0,0.0
2023-08-28 00:00:00+05:30,1429.9048807760896,1464.7876067270079,1420.2604974329422,1431.056396484375,390,0.0,0.0
2023-08-29 00:00:00+05:30,1445.4508392389275,1472.6085682541081,1421.0281648621797,1453.031982421875,1877,0.0,0.0
2023-08-30 00:00:00+05:30,1540.2148851035647,1540.2148851035647,1481.5811829995614,1515.5042724609375,2949,0.0,0.0
2023-08-31 00:00:00+05:30,1513.0572057706274,1513.0572057706274,1444.2513891069207,1469.2978515625,2184,0.0,0.0
2023-09-01 00:00:00+05:30,1406.873535471162,1474.5757431579552,1406.873535471162,1438.54150390625,555,0.0,0.0
2023-09-04 00:00:00+05:30,1343.5376254056,1453.6557905700079,1343.5376254056,1429.56884765625,1395,0.0,0.0
2023-09-05 00:00:00+05:30,1403.9946961652365,1471.0252091189654,1403.9946961652365,1458.1180419921875,1094,0.0,0.0
2023-09-06 00:00:00+05:30,1457.6863066265419,1457.6863066265419,1437.5339613736405,1445.0191650390625,366,0.0,0.0
2023-09-07 00:00:00+05:30,1429.1850256149858,1455.3830013374418,1429.1850256149858,1446.0745849609375,2054,0.0,0.0
2023-09-08 00:00:00+05:30,1461.5247736942476,1473.0403989630138,1433.215528241864,1436.9581298828125,487,0.0,0.0
2023-09-11 00:00:00+05:30,1433.4074570681653,1444.251384754419,1412.1035964558987,1421.699951171875,1453,0.0,0.0
2023-09-12 00:00:00+05:30,1451.8803289014093,1451.8803289014093,1362.5863253815019,1373.6700439453125,2183,0.0,0.0
2023-09-13 00:00:00+05:30,1389.6001644241153,1467.762425205343,1389.5521357942705,1456.6785888671875,2414,0.0,0.0
2023-09-14 00:00:00+05:30,1391.5193574982875,1487.4348687932759,1391.5193574982875,1451.4005126953125,359,0.0,0.0
2023-09-15 00:00:00+05:30,1454.279486611518,1454.279486611518,1423.8590898968685,1433.4554443359375,1255,0.0,0.0
2023-09-18 00:00:00+05:30,1439.4530268813373,1444.779049937993,1394.9259231545439,1403.754638671875,1219,0.0,0.0
2023-09-20 00:00:00+05:30,1416.4699686225774,1516.2240279050818,1416.4219399923422,1461.812744140625,5843,0.0,0.0
2023-09-21 00:00:00+05:30,1461.52474678745,1472.080736422816,1434.6069263600693,1451.064697265625,722,0.0,0.0
2023-09-22 00:00:00+05:30,1478.2224192619324,1497.03125,1432.4957682291665,1484.7958984375,3275,0.0,0.0
2023-09-25 00:00:00+05:30,1477.8385741874117,1569.003940776895,1477.8385741874117,1524.0450439453125,3782,0.0,0.0
2023-09-26 00:00:00+05:30,1534.6009725695367,1552.6900764218728,1463.4439842665984,1476.5909423828125,2713,0.0,0.0
2023-09-27 00:00:00+05:30,1495.6398255030313,1512.1455078125,1461.044921875,1474.0,1054,0.0,0.0
2023-09-28 00:00:00+05:30,1484.5079950057109,1490.6017737557145,1452.8880541584704,1462.1485595703125,409,0.0,0.0
2023-09-29 00:00:00+05:30,1459.60546875,1505.7159973780313,1459.5574401219685,1464.6435546875,1535,0.0,0.0
2023-10-03 00:00:00+05:30,1463.7798453610187,1504.2285012146233,1444.3472283596816,1493.24072265625,966,0.0,0.0
2023-10-04 00:00:00+05:30,1534.5529781829678,1650.045077663475,1475.919277392652,1609.404541015625,6274,0.0,0.0
2023-10-05 00:00:00+05:30,1616.074063457208,1712.757331277315,1609.4045270537958,1690.541748046875,4518,0.0,0.0
2023-10-06 00:00:00+05:30,1727.1997465598013,1727.1997465598013,1635.6505062204083,1669.3817138671875,6470,0.0,0.0
2023-10-09 00:00:00+05:30,1631.380234791471,1651.2926700102491,1587.3809736523122,1626.8699951171875,2606,0.0,0.0
2023-10-10 00:00:00+05:30,1646.2064393997782,1675.619286754329,1604.7982671303234,1632.7236328125,2610,0.0,0.0
2023-10-11 00:00:00+05:30,1670.9170726994917,1695.4838320816139,1602.5910806683144,1649.565185546875,3896,0.0,0.0
2023-10-12 00:00:00+05:30,1675.6673727217876,1703.4487706213629,1661.1288730215103,1676.5789794921875,1590,0.0,0.0
2023-10-13 00:00:00+05:30,1674.4678357997507,1744.8090404562467,1660.2651849978613,1688.1905517578125,6133,0.0,0.0
2023-10-16 00:00:00+05:30,1669.813668150985,1723.8410722934163,1635.0268839942655,1644.76708984375,2551,0.0,0.0
2023-10-17 00:00:00+05:30,1656.6666682855157,1677.4427996155327,1605.374199330674,1626.91796875,1654,0.0,0.0
2023-10-18 00:00:00+05:30,1637.5218447053105,1709.1106210113835,1601.4874891344828,1676.2911376953125,5370,0.0,0.0
2023-10-19 00:00:00+05:30,1661.1769348780313,1672.788499991099,1651.052734375,1654.6513671875,516,0.0,0.0
2023-10-20 00:00:00+05:30,1672.5965026219685,1676.1951354344685,1631.6201171875,1638.09765625,2118,0.0,0.0
2023-10-23 00:00:00+05:30,1646.20649224753,1646.20649224753,1491.2734045112045,1516.0799560546875,15257,0.0,0.0
2023-10-25 00:00:00+05:30,1497.0793895574607,1563.4380898225602,1444.251409098356,1454.3756103515625,3203,0.0,0.0
2023-10-26 00:00:00+05:30,1481.197232417697,1505.811903731954,1408.9846689324806,1495.9276123046875,4152,0.0,0.0
2023-10-27 00:00:00+05:30,1508.7387137861483,1567.0845923741144,1442.0920827864056,1481.4371337890625,3339,0.0,0.0
2023-10-30 00:00:00+05:30,1482.636787423017,1482.636787423017,1420.1645423330162,1448.137939453125,1699,0.0,0.0
2023-10-31 00:00:00+05:30,1482.348703931062,1485.1796985483277,1405.8658120701737,1422.75537109375,5486,0.0,0.0
2023-11-01 00:00:00+05:30,1415.5103014481017,1486.4752953196894,1415.5103014481017,1428.3214111328125,5388,0.0,0.0
2023-11-02 00:00:00+05:30,1436.6223607732977,1471.3130901096051,1434.6550611566504,1455.9110107421875,1000,0.0,0.0
2023-11-03 00:00:00+05:30,1488.970281831589,1488.970281831589,1452.3601674351657,1471.025146484375,966,0.0,0.0
2023-11-06 00:00:00+05:30,1388.7088425464203,1487.762452795255,1388.7088425464203,1475.8701171875,768,30.0,0.0
2023-11-07 00:00:00+05:30,1496.5225694720673,1496.5225694720673,1452.623813562377,1466.8162841796875,757,0.0,0.0
2023-11-08 00:00:00+05:30,1497.501484821642,1502.6401384026246,1448.6109142579724,1460.4053955078125,1504,0.0,0.0
2023-11-09 00:00:00+05:30,1467.2078752901984,1468.8717723862517,1444.7446670867957,1451.8897705078125,1312,0.0,0.0
2023-11-10 00:00:00+05:30,1439.8017470999152,1520.4541598208145,1439.8017470999152,1461.0904541015625,1795,0.0,0.0
2023-11-13 00:00:00+05:30,1485.6581007105765,1604.091828073246,1477.6320611942372,1586.375732421875,12711,0.0,0.0
2023-11-15 00:00:00+05:30,1608.59426233422,1615.9841832847212,1584.124483665463,1609.0347900390625,5919,0.0,0.0
2023-11-16 00:00:00+05:30,1606.1962312002504,1617.5991716678056,1597.044558105828,1601.8895263671875,490,0.0,0.0
2023-11-17 00:00:00+05:30,1608.6432476809293,1712.8845046800284,1608.5942603311164,1688.659423828125,5283,0.0,0.0
2023-11-20 00:00:00+05:30,1698.1535681176267,1801.122463342408,1692.182966314564,1776.212158203125,11919,0.0,0.0
2023-11-21 00:00:00+05:30,1830.2903840008491,1844.2381572851914,1766.3264090106768,1783.699951171875,4241,0.0,0.0
2023-11-22 00:00:00+05:30,1782.2807919255306,1786.1959564442395,1721.2042015374038,1730.3070068359375,1787,0.0,0.0
2023-11-23 00:00:00+05:30,1750.372147222173,1833.1288618705512,1750.372147222173,1794.858154296875,1699,0.0,0.0
2023-11-24 00:00:00+05:30,1790.3067879579658,1792.019672393341,1743.226959659061,1751.7913818359375,635,0.0,0.0
2023-11-28 00:00:00+05:30,1751.7914406987802,1787.272619480918,1698.4473236332217,1736.2286376953125,7728,0.0,0.0
2023-11-29 00:00:00+05:30,1770.975686743826,1786.2937916479236,1723.1127771425813,1733.928466796875,1097,0.0,0.0
2023-11-30 00:00:00+05:30,1733.390076868524,1748.9528794892674,1713.8632419218577,1740.9757080078125,1459,0.0,0.0
2023-12-01 00:00:00+05:30,1751.0572683531361,1757.076857481584,1728.6429283890734,1738.675537109375,532,0.0,0.0
2023-12-04 00:00:00+05:30,1738.6756227369274,1773.7163934441303,1704.9563156576683,1712.444091796875,989,0.0,0.0
2023-12-05 00:00:00+05:30,1711.0737368803145,1733.6348007258086,1692.2808755056753,1702.4603271484375,1131,0.0,0.0
2023-12-06 00:00:00+05:30,1705.7882387896984,1747.191151307986,1657.0933801583471,1671.3348388671875,1888,0.0,0.0
2023-12-07 00:00:00+05:30,1669.0345706025364,1688.855090789318,1622.8846648638162,1633.6513671875,2791,0.0,0.0
2023-12-08 00:00:00+05:30,1662.7703851927845,1682.541917819066,1626.6529693433329,1635.706787109375,2979,0.0,0.0
2023-12-11 00:00:00+05:30,1663.8958838333358,1683.5206931947976,1618.0395446620585,1652.150390625,2942,0.0,0.0
2023-12-12 00:00:00+05:30,1649.3119689707355,1678.5777268874804,1629.9808450021471,1643.7327880859375,2425,0.0,0.0
2023-12-13 00:00:00+05:30,1652.1993845438394,1659.2956200520994,1633.5533662089115,1644.320068359375,888,0.0,0.0
2023-12-14 00:00:00+05:30,1683.4717669496017,1780.7636297861693,1639.5730083863884,1732.1666259765625,10775,0.0,0.0
2023-12-15 00:00:00+05:30,1744.6461351272692,1752.5744385620103,1707.3053505314676,1726.636474609375,805,0.0,0.0
2023-12-18 00:00:00+05:30,1727.5663351600451,1727.5663351600451,1703.0475696928586,1712.6397705078125,1069,0.0,0.0
2023-12-19 00:00:00+05:30,1715.0867460816432,1720.2743868285131,1669.9155118377266,1697.468505859375,2370,0.0,0.0
2023-12-20 00:00:00+05:30,1695.2662300393797,1715.3804354689298,1623.3740696353836,1657.7296142578125,3631,0.0,0.0
2023-12-21 00:00:00+05:30,1619.8993326152768,1700.8942992460406,1619.8993326152768,1687.582763671875,1652,0.0,0.0
2023-12-22 00:00:00+05:30,1698.202590571428,1702.0687676969085,1665.0705351069792,1690.91064453125,359,0.0,0.0
2023-12-26 00:00:00+05:30,1689.5892102063842,1693.651217314734,1650.7802372712051,1663.6512451171875,1887,0.0,0.0
2023-12-27 00:00:00+05:30,1671.775275795786,1695.8535140684735,1660.1766246228622,1664.72802734375,611,0.0,0.0
2023-12-28 00:00:00+05:30,1678.577773936837,1678.577773936837,1658.9040964326202,1661.35107421875,212,0.0,0.0
2023-12-29 00:00:00+05:30,1668.5452268277486,1671.922127986513,1657.1424055070165,1662.5257568359375,218,0.0,0.0
2024-01-01 00:00:00+05:30,1649.2630912258996,1686.0656146471945,1649.2630912258996,1667.3707275390625,1267,0.0,0.0
2024-01-02 00:00:00+05:30,1675.641393215593,1727.6152967492192,1659.0509316912157,1714.54833984375,1831,0.0,0.0
2024-01-03 00:00:00+05:30,1750.6168618887564,1750.959414875961,1704.3199952727332,1726.783203125,684,0.0,0.0
2024-01-04 00:00:00+05:30,1722.8192502125034,1732.1666339174553,1701.139002549565,1715.576171875,1957,0.0,0.0
2024-01-05 00:00:00+05:30,1748.6592611824692,1750.6657112184735,1683.8632196487647,1722.4276123046875,527,0.0,0.0
2024-01-08 00:00:00+05:30,1712.9333873495677,1733.0474724722283,1687.6315421987458,1704.124267578125,1178,0.0,0.0
2024-01-09 00:00:00+05:30,1727.0769797865435,1791.1877999486396,1691.4489581208052,1701.4815673828125,1792,0.0,0.0
2024-01-10 00:00:00+05:30,1693.944859033432,1727.8110075554732,1677.7458183645097,1715.3314208984375,702,0.0,0.0
2024-01-11 00:00:00+05:30,1724.5809036497546,1724.5809036497546,1684.254758758374,1695.364013671875,529,0.0,0.0
2024-01-12 00:00:00+05:30,1695.1683555033576,1725.6087352753045,1644.1733623220055,1651.807861328125,3399,0.0,0.0
2024-01-15 00:00:00+05:30,1710.4864902860866,1710.4864902860866,1642.264676706178,1673.0477294921875,2061,0.0,0.0
2024-01-16 00:00:00+05:30,1711.8078535464138,1734.417905048921,1631.0085969153963,1634.385498046875,3030,0.0,0.0
2024-01-17 00:00:00+05:30,1647.403301681027,1669.621931679261,1634.581161971411,1652.5909423828125,427,0.0,0.0
2024-01-19 00:00:00+05:30,1643.5859664055602,1680.5843177573415,1636.3918757208626,1673.5859375,573,0.0,0.0
2024-01-23 00:00:00+05:30,1663.0150434206184,1707.1095101815665,1432.5097425345855,1468.676025390625,2584,0.0,0.0
2024-01-24 00:00:00+05:30,1484.0920205695866,1519.4263557450831,1443.7168872812138,1490.845703125,3401,0.0,0.0
2024-01-25 00:00:00+05:30,1502.5422024780976,1542.3790721692683,1477.974569621061,1488.3497314453125,2544,0.0,0.0
2024-01-29 00:00:00+05:30,1517.0772049640996,1517.0772049640996,1404.9567570856418,1423.4559326171875,7064,0.0,0.0
2024-01-30 00:00:00+05:30,1432.2160580010539,1468.1866304470054,1432.2160580010539,1459.9158935546875,2206,0.0,0.0
2024-01-31 00:00:00+05:30,1461.2373246006873,1477.4362463653345,1439.8017746240207,1447.28955078125,902,0.0,0.0
2024-02-01 00:00:00+05:30,1458.3987902768522,1501.465600191068,1424.4836535731395,1490.7967529296875,4242,0.0,0.0
2024-02-02 00:00:00+05:30,1491.8244653796883,1535.2828137203103,1481.8897119088672,1516.5389404296875,1221,0.0,0.0
2024-02-05 00:00:00+05:30,1514.1898861399734,1514.1898861399734,1446.849008246319,1454.9730224609375,3700,0.0,0.0
2024-02-06 00:00:00+05:30,1456.3922502997975,1493.7331567339352,1456.3922502997975,1481.8408203125,661,0.0,0.0
2024-02-07 00:00:00+05:30,1456.1474397172244,1497.550350131027,1456.1474397172244,1466.0333251953125,586,0.0,0.0
2024-02-08 00:00:00+05:30,1483.0153732618667,1502.0039446799585,1458.3987529648832,1473.3253173828125,416,0.0,0.0
2024-02-09 00:00:00+05:30,1487.762461422993,1487.762461422993,1412.2487046985786,1456.9305419921875,3763,0.0,0.0
2024-02-12 00:00:00+05:30,1486.0006064028848,1486.0006064028848,1402.1672439245644,1427.0284423828125,3060,0.0,0.0
2024-02-13 00:00:00+05:30,1463.2437901218034,1463.2437901218034,1400.9926965282882,1428.4967041015625,631,0.0,0.0
2024-02-14 00:00:00+05:30,1393.749573795233,1479.1490993990342,1389.8833966463928,1454.6793212890625,1210,0.0,0.0
2024-02-15 00:00:00+05:30,1461.3351592162805,1501.7592807366343,1461.3351592162805,1497.8441162109375,346,0.0,0.0
2024-02-16 00:00:00+05:30,1502.4444032203016,1504.1083003694425,1481.9876444528254,1487.8115234375,703,0.0,0.0
2024-02-19 00:00:00+05:30,1497.5014070543937,1497.5014070543937,1458.3987501042016,1467.697265625,593,0.0,0.0
2024-02-20 00:00:00+05:30,1458.4477906531051,1477.142677591129,1446.6533095855311,1468.72509765625,356,0.0,0.0
2024-02-21 00:00:00+05:30,1471.2209169653652,1502.4443777676845,1460.894742279283,1490.503173828125,3308,0.0,0.0
2024-02-22 00:00:00+05:30,1542.3300424786546,1542.3300424786546,1473.0805736508808,1501.073974609375,354,0.0,0.0
2024-02-23 00:00:00+05:30,1492.3627841603611,1503.618882125507,1484.8261402718856,1496.1312255859375,568,0.0,0.0
2024-02-26 00:00:00+05:30,1503.5700244753152,1517.8603511362546,1464.5162343302409,1473.2763671875,1120,0.0,0.0
2024-02-27 00:00:00+05:30,1502.3464645112067,1502.3464645112067,1456.6368490236457,1467.1099853515625,1456,0.0,0.0
2024-02-28 00:00:00+05:30,1480.813163380612,1491.8734317514095,1452.330364645514,1463.5374755859375,990,0.0,0.0
2024-02-29 00:00:00+05:30,1453.4557828421216,1468.1866365547546,1411.025212941956,1451.302490234375,864,0.0,0.0
2024-03-01 00:00:00+05:30,1517.1262446089534,1602.2810725321656,1517.1262446089534,1586.8651123046875,13697,0.0,0.0
2024-03-04 00:00:00+05:30,1618.9204802578022,1703.0965149024037,1608.3494885796667,1672.0198974609375,8837,0.0,0.0
2024-03-05 00:00:00+05:30,1671.1880373341269,1680.4865532809815,1615.8373498789974,1622.7867431640625,2164,0.0,0.0
2024-03-06 00:00:00+05:30,1621.856872172152,1637.8600829530208,1554.8096810171778,1605.5111083984375,2394,0.0,0.0
2024-03-07 00:00:00+05:30,1607.3218393827317,1607.3218393827317,1567.0445614553053,1578.3006591796875,1281,0.0,0.0
2024-03-11 00:00:00+05:30,1567.876503815357,1574.2876333299696,1504.401924707536,1530.437744140625,2086,0.0,0.0
2024-03-12 00:00:00+05:30,1532.9825978818221,1557.207677999585,1487.7624961211995,1534.79345703125,1447,0.0,0.0
2024-03-13 00:00:00+05:30,1526.963152662079,1530.9271850562993,1468.1866974163102,1487.517822265625,2074,0.0,0.0
2024-03-14 00:00:00+05:30,1457.762467862759,1509.2468546601,1457.762467862759,1483.5535888671875,1569,0.0,0.0
2024-03-15 00:00:00+05:30,1463.3417388538248,1484.7771691938003,1450.470611491147,1474.9892578125,925,0.0,0.0
2024-03-18 00:00:00+05:30,1464.1736007292204,1521.8732871129707,1464.1736007292204,1509.834228515625,1066,0.0,0.0
2024-03-19 00:00:00+05:30,1501.857082608571,1508.4639225110138,1483.0153539979012,1497.599365234375,403,0.0,0.0
2024-03-20 00:00:00+05:30,1505.5765004946245,1569.6873208774155,1495.8375763358822,1566.94677734375,2079,0.0,0.0
2024-03-21 00:00:00+05:30,1570.323541408227,1590.5845896930375,1566.0658238459139,1569.002197265625,2477,0.0,0.0
2024-03-22 00:00:00+05:30,1628.7574193220237,1628.7574193220237,1551.4329204482942,1579.6710205078125,874,0.0,0.0
2024-03-26 00:00:00+05:30,1578.0069431604788,1587.843841380427,1543.5535446798788,1560.1929931640625,934,0.0,0.0
2024-03-27 00:00:00+05:30,1553.3415360988129,1559.3611254941407,1494.3203826813503,1518.7901611328125,934,0.0,0.0
2024-03-28 00:00:00+05:30,1512.3301591075588,1530.8293354591838,1494.3203783235356,1498.77392578125,1895,0.0,0.0
2024-04-01 00:00:00+05:30,1507.3383333702138,1528.1376447884716,1481.7429215404193,1506.4573974609375,494,0.0,0.0
2024-04-02 00:00:00+05:30,1518.839163416084,1524.711910302178,1506.0658911462926,1511.106689453125,200,0.0,0.0
2024-04-03 00:00:00+05:30,1526.9141412504007,1564.9891395663096,1518.741259326514,1551.53076171875,283,0.0,0.0
2024-04-04 00:00:00+05:30,1563.8144782738846,1613.0477179429538,1563.8144782738846,1591.318603515625,430,0.0,0.0
2024-04-05 00:00:00+05:30,1597.7786666137135,1597.7786666137135,1563.7656748013935,1567.925537109375,572,0.0,0.0
2024-04-08 00:00:00+05:30,1566.5551423893812,1588.4310993943343,1566.5551423893812,1578.6431884765625,758,0.0,0.0
2024-04-09 00:00:00+05:30,1604.2386399339348,1605.2174310504288,1580.551942707311,1594.548583984375,515,0.0,0.0
2024-04-10 00:00:00+05:30,1590.584524365172,1590.584524365172,1575.8046831745858,1582.85205078125,892,0.0,0.0
2024-04-12 00:00:00+05:30,1585.6416547528352,1595.331710983704,1575.658032867298,1585.8863525390625,387,0.0,0.0
2024-04-15 00:00:00+05:30,1287.306016932389,1593.8144761758351,1287.306016932389,1576.734619140625,450,0.0,0.0
2024-04-16 00:00:00+05:30,1545.3154217188373,1596.9955196166272,1545.3154217188373,1580.209228515625,240,0.0,0.0
2024-04-18 00:00:00+05:30,1548.6432008862441,1635.3151989192688,1548.6432008862441,1581.481689453125,939,0.0,0.0
2024-04-19 00:00:00+05:30,1575.8537307695942,1595.4295535120737,1543.7004658113399,1592.786865234375,1975,0.0,0.0
2024-04-22 00:00:00+05:30,1616.6692733863672,1619.9971871488387,1573.2599103514224,1581.677490234375,1458,0.0,0.0
2024-04-23 00:00:00+05:30,1595.5273345543415,1602.7214251814853,1582.7051951503795,1588.1864013671875,309,0.0,0.0
2024-04-24 00:00:00+05:30,1596.0657531122038,1676.4734669818495,1582.7052305167688,1611.13916015625,1837,0.0,0.0
2024-04-25 00:00:00+05:30,1623.178179613456,1654.1569414969288,1620.8780444490615,1647.01171875,523,0.0,0.0
2024-04-26 00:00:00+05:30,1646.669266008699,1654.1570421965673,1624.7933077197051,1645.788330078125,1155,0.0,0.0
2024-04-29 00:00:00+05:30,1696.9791093520562,1696.9791093520562,1595.429530349734,1599.5404052734375,578,0.0,0.0
2024-04-30 00:00:00+05:30,1597.436127854618,1624.4507394227742,1581.9711800498392,1602.476806640625,761,0.0,0.0
2024-05-02 00:00:00+05:30,1599.5893270171052,1633.3576193726751,1593.8634230791665,1615.7393798828125,873,0.0,0.0
2024-05-03 00:00:00+05:30,1644.3690694392808,1644.3690694392808,1600.7638775732223,1619.1162109375,1019,0.0,0.0
2024-05-06 00:00:00+05:30,1600.372457169364,1624.303852090669,1580.943357990441,1609.572998046875,681,0.0,0.0
2024-05-07 00:00:00+05:30,1603.2598195310395,1615.5925634773191,1574.8748776712105,1594.744384765625,415,0.0,0.0
2024-05-08 00:00:00+05:30,1585.7394194600745,1604.4343053645027,1571.9384890008544,1575.3642578125,534,0.0,0.0
2024-05-09 00:00:00+05:30,1575.5599780813159,1581.6774224260457,1572.9172899169266,1573.945068359375,177,0.0,0.0
2024-05-10 00:00:00+05:30,1566.065772033694,1602.2320556640625,1566.065772033694,1602.2320556640625,338,0.0,0.0
2024-05-13 00:00:00+05:30,1602.2321126398288,1602.2321126398288,1547.3709408011985,1599.3447265625,734,0.0,0.0
2024-05-14 00:00:00+05:30,1590.3399058289453,1603.113058627693,1577.8113313359743,1586.816162109375,499,0.0,0.0
2024-05-15 00:00:00+05:30,1589.4099632706407,1599.1978746366344,1574.4833984375,1574.4833984375,92,0.0,0.0
2024-05-16 00:00:00+05:30,1601.302234891118,1615.4947057993827,1587.2076191962983,1615.3968505859375,1115,0.0,0.0
2024-05-17 00:00:00+05:30,1614.4669498511591,1634.5811549698194,1609.7198368602387,1623.0313720703125,477,0.0,0.0
2024-05-21 00:00:00+05:30,1663.9448554917358,1663.9448554917358,1580.7966000642562,1597.7296142578125,818,0.0,0.0
2024-05-22 00:00:00+05:30,1566.7020414495523,1602.0853645895968,1566.0658033206855,1575.755859375,3297,0.0,0.0
2024-05-23 00:00:00+05:30,1585.6905632453013,1600.1765997807533,1551.237044969088,1562.052734375,1015,0.0,0.0
2024-05-24 00:00:00+05:30,1575.8536551789891,1586.5713698238528,1506.751028109022,1518.8880615234375,2968,0.0,0.0
2024-05-27 00:00:00+05:30,1544.4834105510392,1612.1668408571793,1499.0675978581914,1601.2532958984375,2730,0.0,0.0
2024-05-28 00:00:00+05:30,1601.253253574349,1601.253253574349,1556.2778502847545,1570.959716796875,3036,0.0,0.0
2024-05-29 00:00:00+05:30,1556.277823167516,1644.2711654931913,1556.277823167516,1623.716552734375,2113,0.0,0.0
2024-05-30 00:00:00+05:30,1618.6758150551866,1641.4816959487262,1591.7590592492804,1622.5419921875,1797,0.0,0.0
2024-05-31 00:00:00+05:30,1629.051020978623,1717.7784623158796,1611.9221759127952,1703.8306884765625,3313,0.0,0.0
2024-06-03 00:00:00+05:30,1759.5727925068652,1843.944660843502,1683.5207683790236,1734.8094482421875,11815,0.0,0.0
2024-06-04 00:00:00+05:30,1734.4178869350928,1817.9088183368629,1531.0250417920422,1740.780029296875,8939,0.0,0.0
2024-06-05 00:00:00+05:30,1740.780037715897,1928.6100808630397,1679.948144635461,1906.5872802734375,9581,0.0,0.0
2024-06-06 00:00:00+05:30,1914.5643600894243,2012.1007966586396,1913.7812794246033,1934.238037109375,5751,0.0,0.0
2024-06-07 00:00:00+05:30,2030.9916153875736,2045.4287847017742,1930.1271406236208,1944.906982421875,3439,0.0,0.0
2024-06-10 00:00:00+05:30,1977.1580658175294,2040.3880678638932,1942.9982317742163,2010.3389892578125,4075,0.0,0.0
2024-06-11 00:00:00+05:30,2040.7795309930411,2040.7795309930411,1968.299999138138,2008.72412109375,2699,0.0,0.0
2024-06-12 00:00:00+05:30,2005.5919971616647,2042.3456516006024,1978.1368583855985,1992.03564453125,2836,0.0,0.0
2024-06-13 00:00:00+05:30,2030.9916061159856,2030.9916061159856,2004.7599558926506,2014.0584716796875,2498,0.0,0.0
2024-06-14 00:00:00+05:30,2038.9198416983563,2073.0305682511685,1997.5169302600095,2007.109130859375,1736,0.0,0.0
2024-06-18 00:00:00+05:30,1970.1108522157149,2064.417235073288,1961.203757266448,1990.27392578125,4438,0.0,0.0
2024-06-19 00:00:00+05:30,2016.3097585831717,2034.1237096286031,1965.8041594003662,1993.69970703125,1896,0.0,0.0
2024-06-20 00:00:00+05:30,1986.4565661334657,2007.2558773087976,1958.5610193806676,1969.376708984375,1084,0.0,0.0
2024-06-21 00:00:00+05:30,1999.7680534296906,2015.2328809733065,1955.9182842569558,1980.3880615234375,1603,0.0,0.0
2024-06-24 00:00:00+05:30,1982.052052988433,1982.6882911239318,1945.0048323387198,1950.38818359375,998,0.0,0.0
2024-06-25 00:00:00+05:30,1959.4419845440418,1971.236345956695,1880.2577583317718,1888.773193359375,1503,0.0,0.0
2024-06-26 00:00:00+05:30,1888.969045584198,1982.1499143493545,1888.969045584198,1935.36376953125,2895,0.0,0.0
2024-06-27 00:00:00+05:30,1937.1744315524268,1962.4761576184726,1925.6736361150117,1944.2216796875,776,0.0,0.0
2024-06-28 00:00:00+05:30,1944.2707050237577,1948.234737371688,1908.5936970043583,1919.4583740234375,1215,0.0,0.0
2024-07-01 00:00:00+05:30,1908.6427567214175,2082.4761618417347,1908.6427567214175,2065.1513671875,3220,0.0,0.0
2024-07-02 00:00:00+05:30,2056.831603346346,2097.8920827862976,2035.8855685625535,2061.138427734375,3668,0.0,0.0
2024-07-03 00:00:00+05:30,2067.206841844695,2082.1334063987347,2026.391300004217,2038.8218994140625,619,0.0,0.0
2024-07-04 00:00:00+05:30,2065.8365702055753,2076.603272195922,2042.2965966977836,2047.9736328125,379,0.0,0.0
2024-07-05 00:00:00+05:30,2059.6211511988076,2069.55578517756,2030.7468140428782,2047.9736328125,687,0.0,0.0
2024-07-08 00:00:00+05:30,2048.511855657612,2063.2916972715257,2007.6473260745543,2024.8741455078125,2040,0.0,0.0
2024-07-09 00:00:00+05:30,2032.5578372053583,2055.461454975727,2002.5577444967903,2049.6376953125,1311,0.0,0.0
2024-07-10 00:00:00+05:30,2070.4368441831953,2070.4368441831953,1948.0389703666212,2014.645751953125,1490,0.0,0.0
2024-07-11 00:00:00+05:30,2016.3586484709729,2046.5054620705969,2007.7452390192702,2027.61474609375,1273,0.0,0.0
2024-07-12 00:00:00+05:30,2047.728982311144,2076.4073707409634,2007.940980205269,2015.526611328125,1170,0.0,0.0
2024-07-15 00:00:00+05:30,1957.5823432534262,2114.1889307137003,1957.5823432534262,2049.784423828125,3706,0.0,0.0
2024-07-16 00:00:00+05:30,2035.9345564054536,2035.9345564054536,2009.4582083038001,2018.12060546875,936,0.0,0.0
2024-07-18 00:00:00+05:30,2039.8496671726878,2070.1432043324407,2006.2280968505877,2049.001220703125,1455,0.0,0.0
2024-07-19 00:00:00+05:30,2056.6358711612165,2059.670219244268,1986.994977961993,2016.8970947265625,1855,0.0,0.0
2024-07-22 00:00:00+05:30,2021.2526455631833,2028.4956042496817,1977.2070452631037,2015.673583984375,1197,0.0,0.0
2024-07-23 00:00:00+05:30,2023.2101666054705,2023.2101666054705,1940.5023196546501,1985.8692626953125,1526,0.0,0.0
2024-07-24 00:00:00+05:30,1969.27879517588,2063.8301153096486,1969.27879517588,2002.4598388671875,1665,0.0,0.0
2024-07-25 00:00:00+05:30,2002.459769225027,2078.707620618007,2002.459769225027,2058.397705078125,2937,0.0,0.0
2024-07-26 00:00:00+05:30,2099.604859159533,2123.976661673857,2011.5624095942082,2031.2362060546875,1916,0.0,0.0
2024-07-29 00:00:00+05:30,2058.4957915770897,2141.5460784238717,2050.56748756753,2059.033935546875,5561,0.0,0.0
2024-07-30 00:00:00+05:30,2076.113920945012,2098.2344566740667,2042.0029551445853,2091.872314453125,3560,0.0,0.0
2024-07-31 00:00:00+05:30,2133.7645811240723,2133.7645811240723,2066.7663786514945,2076.75,1642,0.0,0.0
2024-08-01 00:00:00+05:30,2070.60009765625,2094.85009765625,2050.550048828125,2066.449951171875,1905,45.0,0.0
2024-08-02 00:00:00+05:30,2022.6500244140625,2046.199951171875,2021.9000244140625,2034.8499755859375,447,0.0,0.0
2024-08-05 00:00:00+05:30,1992.6500244140625,2034.0,1910.0,1930.75,2451,0.0,0.0
2024-08-06 00:00:00+05:30,1969.4000244140625,1980.0,1902.0,1910.9000244140625,1895,0.0,0.0
2024-08-07 00:00:00+05:30,1925.0,1945.0,1910.0,1919.199951171875,385,0.0,0.0
2024-08-08 00:00:00+05:30,1919.199951171875,2029.800048828125,1888.0,1965.199951171875,2751,0.0,0.0
2024-08-09 00:00:00+05:30,1974.1500244140625,2210.14990234375,1947.75,2197.75,9523,0.0,0.0
2024-08-12 00:00:00+05:30,2200.0,2237.10009765625,2143.5,2155.10009765625,5429,0.0,0.0
2024-08-13 00:00:00+05:30,2150.0,2181.10009765625,2105.300048828125,2123.050048828125,1690,0.0,0.0
2024-08-14 00:00:00+05:30,2120.199951171875,2129.39990234375,2071.39990234375,2117.800048828125,1335,0.0,0.0
2024-08-16 00:00:00+05:30,2130.0,2295.0,2130.0,2253.5,4267,0.0,0.0
2024-08-19 00:00:00+05:30,2254.25,2340.0,2254.25,2292.300048828125,5933,0.0,0.0
2024-08-20 00:00:00+05:30,2278.10009765625,2319.75,2266.60009765625,2281.199951171875,2427,0.0,0.0
2024-08-21 00:00:00+05:30,2281.199951171875,2300.75,2267.89990234375,2274.949951171875,640,0.0,0.0
2024-08-22 00:00:00+05:30,2287.89990234375,2350.39990234375,2271.449951171875,2336.35009765625,649,0.0,0.0
2024-08-23 00:00:00+05:30,2322.39990234375,2428.199951171875,2293.0,2398.949951171875,3301,0.0,0.0
2024-08-26 00:00:00+05:30,2398.449951171875,2424.75,2351.35009765625,2404.35009765625,2010,0.0,0.0
2024-08-28 00:00:00+05:30,2469.949951171875,2469.949951171875,2426.35009765625,2431.699951171875,501,0.0,0.0
2024-08-29 00:00:00+05:30,2431.699951171875,2431.699951171875,2340.949951171875,2374.949951171875,2139,0.0,0.0
2024-08-30 00:00:00+05:30,2364.0,2425.0,2364.0,2392.949951171875,1174,0.0,0.0
2024-09-02 00:00:00+05:30,2350.0,2410.64990234375,2331.050048828125,2343.25,1354,0.0,0.0
2024-09-03 00:00:00+05:30,2345.0,2415.0,2326.199951171875,2394.10009765625,739,0.0,0.0
2024-09-04 00:00:00+05:30,2379.64990234375,2419.949951171875,2348.14990234375,2414.14990234375,896,0.0,0.0
2024-09-05 00:00:00+05:30,2443.85009765625,2450.0,2385.39990234375,2430.800048828125,1410,0.0,0.0
2024-09-06 00:00:00+05:30,2430.0,2457.25,2357.39990234375,2424.60009765625,884,0.0,0.0
2024-09-09 00:00:00+05:30,2452.699951171875,2452.699951171875,2303.300048828125,2324.10009765625,1028,0.0,0.0
2024-09-10 00:00:00+05:30,2313.85009765625,2329.699951171875,2299.10009765625,2322.0,501,0.0,0.0
2024-09-11 00:00:00+05:30,2323.25,2343.949951171875,2279.64990234375,2303.25,766,0.0,0.0
2024-09-12 00:00:00+05:30,2286.60009765625,2292.10009765625,2212.14990234375,2231.0,3762,0.0,0.0
2024-09-13 00:00:00+05:30,2245.0,2245.0,2165.75,2188.550048828125,4098,0.0,0.0
2024-09-16 00:00:00+05:30,2100.5,2193.0,2066.39990234375,2102.199951171875,3943,0.0,0.0
2024-09-17 00:00:00+05:30,2102.199951171875,2137.0,2072.39990234375,2085.300048828125,2142,0.0,0.0
2024-09-18 00:00:00+05:30,2072.39990234375,2120.0,2050.550048828125,2061.800048828125,2491,0.0,0.0
2024-09-19 00:00:00+05:30,2044.0,2046.9000244140625,1996.699951171875,2017.4000244140625,1595,0.0,0.0
2024-09-20 00:00:00+05:30,2040.25,2054.75,2016.3499755859375,2044.699951171875,1089,0.0,0.0
2024-09-23 00:00:00+05:30,2079.949951171875,2158.60009765625,2015.4000244140625,2136.10009765625,3441,0.0,0.0
2024-09-24 00:00:00+05:30,2107.0,2151.050048828125,2102.14990234375,2118.199951171875,1938,0.0,0.0
2024-09-25 00:00:00+05:30,2122.89990234375,2125.300048828125,2079.25,2109.60009765625,805,0.0,0.0
2024-09-26 00:00:00+05:30,2115.64990234375,2148.75,2096.449951171875,2131.800048828125,509,0.0,0.0
2024-09-27 00:00:00+05:30,2148.85009765625,2148.85009765625,2100.699951171875,2130.35009765625,543,0.0,0.0
2024-09-30 00:00:00+05:30,2130.0,2155.85009765625,2100.699951171875,2131.800048828125,668,0.0,0.0
2024-10-01 00:00:00+05:30,2148.85009765625,2168.800048828125,2070.35009765625,2081.25,569,0.0,0.0
2024-10-03 00:00:00+05:30,2080.0,2080.0,2038.9000244140625,2042.25,385,0.0,0.0
2024-10-04 00:00:00+05:30,2040.0,2040.0,2000.0,2018.6500244140625,211,0.0,0.0
2024-10-07 00:00:00+05:30,2027.050048828125,2027.050048828125,1960.0999755859375,1981.050048828125,597,0.0,0.0
2024-10-08 00:00:00+05:30,2039.6500244140625,2039.6500244140625,1949.5999755859375,1997.25,1300,0.0,0.0
2024-10-09 00:00:00+05:30,1975.0,2049.25,1975.0,2025.050048828125,517,0.0,0.0
2024-10-10 00:00:00+05:30,2027.9000244140625,2080.0,2027.9000244140625,2066.5,320,0.0,0.0
2024-10-11 00:00:00+05:30,2031.0999755859375,2108.64990234375,2016.0999755859375,2095.10009765625,553,0.0,0.0
2024-10-14 00:00:00+05:30,2090.0,2110.0,2051.0,2082.75,1319,0.0,0.0
2024-10-15 00:00:00+05:30,2060.14990234375,2103.550048828125,2057.0,2066.550048828125,628,0.0,0.0
2024-10-16 00:00:00+05:30,2065.10009765625,2097.10009765625,2052.050048828125,2088.050048828125,254,0.0,0.0
2024-10-17 00:00:00+05:30,2063.050048828125,2232.0,2042.5,2194.75,3344,0.0,0.0
2024-10-18 00:00:00+05:30,2155.050048828125,2200.0,2130.5,2179.949951171875,731,0.0,0.0
2024-10-21 00:00:00+05:30,2160.199951171875,2208.0,2147.89990234375,2191.75,1481,0.0,0.0
2024-10-22 00:00:00+05:30,2269.949951171875,2269.949951171875,2049.10009765625,2074.449951171875,804,0.0,0.0
2024-10-23 00:00:00+05:30,2086.300048828125,2184.800048828125,2054.89990234375,2128.5,827,0.0,0.0
2024-10-24 00:00:00+05:30,2096.10009765625,2143.89990234375,2066.25,2075.5,703,0.0,0.0
2024-10-25 00:00:00+05:30,1971.0999755859375,2073.89990234375,1971.0999755859375,2043.5,354,0.0,0.0
2024-10-28 00:00:00+05:30,2084.39990234375,2124.550048828125,2003.949951171875,2096.699951171875,1660,0.0,0.0
2024-10-29 00:00:00+05:30,2050.0,2238.949951171875,2040.0,2224.949951171875,1268,0.0,0.0
2024-10-31 00:00:00+05:30,2161.449951171875,2172.64990234375,2130.550048828125,2141.14990234375,840,0.0,0.0
2024-11-01 00:00:00+05:30,2168.199951171875,2177.0,2125.0,2154.85009765625,113,0.0,0.0
2024-11-04 00:00:00+05:30,2243.10009765625,2243.10009765625,2090.550048828125,2119.550048828125,552,0.0,0.0
2024-11-06 00:00:00+05:30,2089.25,2119.14990234375,2050.050048828125,2112.699951171875,1194,0.0,0.0
2024-11-07 00:00:00+05:30,2113.699951171875,2141.14990234375,2100.64990234375,2105.0,599,0.0,0.0
2024-11-08 00:00:00+05:30,2106.39990234375,2117.550048828125,2068.60009765625,2111.0,141,0.0,0.0
2024-11-11 00:00:00+05:30,2082.64990234375,2144.449951171875,2055.949951171875,2118.64990234375,392,0.0,0.0
2024-11-12 00:00:00+05:30,2102.35009765625,2122.199951171875,2063.0,2098.949951171875,583,0.0,0.0
2024-11-13 00:00:00+05:30,2076.800048828125,2111.64990234375,2046.550048828125,2074.449951171875,751,0.0,0.0
2024-11-14 00:00:00+05:30,2067.60009765625,2104.949951171875,2029.699951171875,2057.25,790,0.0,0.0
2024-11-18 00:00:00+05:30,2057.550048828125,2088.199951171875,2020.0,2031.1500244140625,336,0.0,0.0
2024-11-19 00:00:00+05:30,2061.39990234375,2120.0,2061.39990234375,2115.699951171875,550,0.0,0.0
2024-11-21 00:00:00+05:30,2077.14990234375,2077.199951171875,2015.0,2063.89990234375,587,0.0,0.0
2024-11-22 00:00:00+05:30,2056.949951171875,2070.0,2032.9000244140625,2045.8499755859375,485,0.0,0.0
2024-11-25 00:00:00+05:30,2074.199951171875,2112.10009765625,2053.89990234375,2072.10009765625,210,0.0,0.0
2024-11-26 00:00:00+05:30,2074.89990234375,2105.0,2054.199951171875,2066.60009765625,294,0.0,0.0
2024-11-27 00:00:00+05:30,2072.35009765625,2121.39990234375,2060.199951171875,2111.35009765625,700,0.0,0.0
2024-11-28 00:00:00+05:30,2125.10009765625,2153.550048828125,2072.199951171875,2094.10009765625,515,0.0,0.0
2024-11-29 00:00:00+05:30,2097.89990234375,2105.199951171875,2080.89990234375,2089.300048828125,132,0.0,0.0
2024-12-02 00:00:00+05:30,2107.699951171875,2135.0,2090.35009765625,2098.050048828125,107,0.0,0.0
2024-12-03 00:00:00+05:30,2111.949951171875,2159.300048828125,2082.199951171875,2101.39990234375,703,0.0,0.0
2024-12-04 00:00:00+05:30,2119.85009765625,2230.14990234375,2119.85009765625,2172.39990234375,3875,0.0,0.0
2024-12-05 00:00:00+05:30,2166.699951171875,2286.35009765625,2143.300048828125,2248.39990234375,1836,0.0,0.0
2024-12-06 00:00:00+05:30,2249.0,2270.0,2175.0,2186.449951171875,681,0.0,0.0
2024-12-09 00:00:00+05:30,2224.949951171875,2268.75,2190.0,2214.10009765625,2615,0.0,0.0
2024-12-10 00:00:00+05:30,2214.10009765625,2214.10009765625,2110.0,2135.050048828125,3019,0.0,0.0
2024-12-11 00:00:00+05:30,2121.550048828125,2134.35009765625,2089.300048828125,2110.85009765625,1959,0.0,0.0
2024-12-12 00:00:00+05:30,2113.949951171875,2119.949951171875,2056.199951171875,2064.199951171875,1010,0.0,0.0
2024-12-13 00:00:00+05:30,2093.949951171875,2093.949951171875,2030.0,2057.10009765625,878,0.0,0.0
2024-12-16 00:00:00+05:30,2078.050048828125,2088.550048828125,2043.050048828125,2077.800048828125,228,0.0,0.0
2024-12-17 00:00:00+05:30,2077.800048828125,2105.550048828125,2077.800048828125,2094.39990234375,1011,0.0,0.0
2024-12-18 00:00:00+05:30,2085.10009765625,2145.25,2085.10009765625,2105.300048828125,1286,0.0,0.0
2024-12-19 00:00:00+05:30,2150.75,2150.75,2066.25,2097.050048828125,997,0.0,0.0
2024-12-20 00:00:00+05:30,2100.0,2104.5,2014.8499755859375,2033.25,635,0.0,0.0
2024-12-23 00:00:00+05:30,2035.0,2063.60009765625,1985.5,1990.050048828125,920,0.0,0.0
2024-12-24 00:00:00+05:30,2045.0,2045.0,2002.75,2020.6500244140625,557,0.0,0.0
2024-12-26 00:00:00+05:30,2022.449951171875,2023.800048828125,1996.050048828125,2008.5,119,0.0,0.0
2024-12-27 00:00:00+05:30,1931.9000244140625,2043.300048828125,1931.9000244140625,2038.0,384,0.0,0.0
2024-12-30 00:00:00+05:30,2040.0,2040.0,1987.050048828125,2009.75,513,0.0,0.0
2024-12-31 00:00:00+05:30,2000.949951171875,2006.550048828125,1970.800048828125,1983.3499755859375,774,0.0,0.0
2025-01-01 00:00:00+05:30,1986.3499755859375,2097.64990234375,1986.3499755859375,2094.550048828125,541,0.0,0.0
2025-01-02 00:00:00+05:30,2081.75,2104.949951171875,2042.75,2084.10009765625,1517,0.0,0.0
2025-01-03 00:00:00+05:30,2067.64990234375,2098.14990234375,2040.5,2056.550048828125,510,0.0,0.0
2025-01-06 00:00:00+05:30,2056.550048828125,2056.550048828125,1968.5,1981.25,815,0.0,0.0
2025-01-07 00:00:00+05:30,1994.4000244140625,2022.0,1965.199951171875,2003.050048828125,627,0.0,0.0
2025-01-08 00:00:00+05:30,2026.300048828125,2038.3499755859375,1940.75,1967.699951171875,2301,0.0,0.0
2025-01-09 00:00:00+05:30,1974.0,1990.0,1910.949951171875,1931.0,1805,0.0,0.0
2025-01-10 00:00:00+05:30,1912.6500244140625,1967.75,1874.050048828125,1907.949951171875,597,0.0,0.0
